# Temperatura_=_-1.7
# Concentracion g/m^3_=_4090.0
# C_Vs_to_Am_M_A/Vsm_=_65563218390.804596
# pendiente_HvsI_1/m_=_3716.3
# ordenada_HvsI_A/m_=_1297.0
# frecuencia_Hz_=_135066.0788946092

Tiempo_(s)	Campo_(V.s)	Magnetizacion_(V.s)	Campo_(kA/m)	Magnetizacion_(A/m)
0.000000e+00	-5.455812e-06	-2.360484e-09	-3.840011e+01	-1.562563e+02
1.000000e-08	-5.456037e-06	-2.360820e-09	-3.840169e+01	-1.561794e+02
2.000000e-08	-5.456025e-06	-2.362082e-09	-3.840161e+01	-1.560981e+02
3.000000e-08	-5.455763e-06	-2.361762e-09	-3.839976e+01	-1.560132e+02
4.000000e-08	-5.455114e-06	-2.359648e-09	-3.839520e+01	-1.559259e+02
5.000000e-08	-5.453909e-06	-2.358583e-09	-3.838672e+01	-1.558374e+02
6.000000e-08	-5.452139e-06	-2.358332e-09	-3.837425e+01	-1.557488e+02
7.000000e-08	-5.449786e-06	-2.368687e-09	-3.835769e+01	-1.556613e+02
8.000000e-08	-5.446825e-06	-2.379123e-09	-3.833686e+01	-1.555760e+02
9.000000e-08	-5.443312e-06	-2.344420e-09	-3.831213e+01	-1.554942e+02
1.000000e-07	-5.439284e-06	-2.318596e-09	-3.828378e+01	-1.554169e+02
1.100000e-07	-5.434987e-06	-2.404904e-09	-3.825354e+01	-1.553450e+02
1.200000e-07	-5.430621e-06	-2.419220e-09	-3.822281e+01	-1.552795e+02
1.300000e-07	-5.425969e-06	-2.336904e-09	-3.819006e+01	-1.552212e+02
1.400000e-07	-5.420786e-06	-2.291999e-09	-3.815359e+01	-1.551706e+02
1.500000e-07	-5.415243e-06	-2.376235e-09	-3.811457e+01	-1.551283e+02
1.600000e-07	-5.409483e-06	-2.441155e-09	-3.807403e+01	-1.550947e+02
1.700000e-07	-5.403265e-06	-2.292110e-09	-3.803026e+01	-1.550698e+02
1.800000e-07	-5.396529e-06	-2.286638e-09	-3.798285e+01	-1.550537e+02
1.900000e-07	-5.389401e-06	-2.388449e-09	-3.793268e+01	-1.550461e+02
2.000000e-07	-5.381954e-06	-2.438176e-09	-3.788027e+01	-1.550468e+02
2.100000e-07	-5.374316e-06	-2.313832e-09	-3.782651e+01	-1.550552e+02
2.200000e-07	-5.366469e-06	-2.338564e-09	-3.777128e+01	-1.550707e+02
2.300000e-07	-5.358353e-06	-2.442311e-09	-3.771416e+01	-1.550923e+02
2.400000e-07	-5.349964e-06	-2.423653e-09	-3.765511e+01	-1.551193e+02
2.500000e-07	-5.341028e-06	-2.351563e-09	-3.759221e+01	-1.551505e+02
2.600000e-07	-5.331397e-06	-2.422785e-09	-3.752443e+01	-1.551848e+02
2.700000e-07	-5.321145e-06	-2.493620e-09	-3.745227e+01	-1.552209e+02
2.800000e-07	-5.310327e-06	-2.408378e-09	-3.737613e+01	-1.552575e+02
2.900000e-07	-5.299041e-06	-2.390923e-09	-3.729670e+01	-1.552934e+02
3.000000e-07	-5.287356e-06	-2.486944e-09	-3.721445e+01	-1.553271e+02
3.100000e-07	-5.275254e-06	-2.484315e-09	-3.712927e+01	-1.553574e+02
3.200000e-07	-5.262682e-06	-2.375056e-09	-3.704079e+01	-1.553830e+02
3.300000e-07	-5.249714e-06	-2.428225e-09	-3.694951e+01	-1.554027e+02
3.400000e-07	-5.236432e-06	-2.482144e-09	-3.685603e+01	-1.554153e+02
3.500000e-07	-5.222833e-06	-2.421279e-09	-3.676032e+01	-1.554197e+02
3.600000e-07	-5.208842e-06	-2.386447e-09	-3.666184e+01	-1.554150e+02
3.700000e-07	-5.194323e-06	-2.467099e-09	-3.655965e+01	-1.554003e+02
3.800000e-07	-5.179200e-06	-2.433284e-09	-3.645321e+01	-1.553749e+02
3.900000e-07	-5.163604e-06	-2.394966e-09	-3.634344e+01	-1.553383e+02
4.000000e-07	-5.147519e-06	-2.438196e-09	-3.623023e+01	-1.552900e+02
4.100000e-07	-5.130929e-06	-2.453403e-09	-3.611346e+01	-1.552298e+02
4.200000e-07	-5.114005e-06	-2.377621e-09	-3.599434e+01	-1.551576e+02
4.300000e-07	-5.096839e-06	-2.415222e-09	-3.587352e+01	-1.550733e+02
4.400000e-07	-5.079384e-06	-2.458373e-09	-3.575066e+01	-1.549772e+02
4.500000e-07	-5.061599e-06	-2.420533e-09	-3.562549e+01	-1.548696e+02
4.600000e-07	-5.043481e-06	-2.391188e-09	-3.549797e+01	-1.547508e+02
4.700000e-07	-5.025012e-06	-2.438842e-09	-3.536797e+01	-1.546214e+02
4.800000e-07	-5.006095e-06	-2.431926e-09	-3.523482e+01	-1.544822e+02
4.900000e-07	-4.986824e-06	-2.404845e-09	-3.509919e+01	-1.543337e+02
5.000000e-07	-4.967335e-06	-2.407803e-09	-3.496202e+01	-1.541769e+02
5.100000e-07	-4.947569e-06	-2.412664e-09	-3.482290e+01	-1.540125e+02
5.200000e-07	-4.927571e-06	-2.408172e-09	-3.468214e+01	-1.538415e+02
5.300000e-07	-4.907377e-06	-2.416496e-09	-3.454001e+01	-1.536649e+02
5.400000e-07	-4.886866e-06	-2.407837e-09	-3.439565e+01	-1.534834e+02
5.500000e-07	-4.865931e-06	-2.392337e-09	-3.424830e+01	-1.532982e+02
5.600000e-07	-4.844551e-06	-2.402411e-09	-3.409782e+01	-1.531100e+02
5.700000e-07	-4.822836e-06	-2.402348e-09	-3.394498e+01	-1.529197e+02
5.800000e-07	-4.800896e-06	-2.392131e-09	-3.379056e+01	-1.527282e+02
5.900000e-07	-4.778622e-06	-2.385366e-09	-3.363378e+01	-1.525361e+02
6.000000e-07	-4.755968e-06	-2.387193e-09	-3.347434e+01	-1.523442e+02
6.100000e-07	-4.732914e-06	-2.384008e-09	-3.331207e+01	-1.521531e+02
6.200000e-07	-4.709489e-06	-2.383289e-09	-3.314720e+01	-1.519632e+02
6.300000e-07	-4.685887e-06	-2.360070e-09	-3.298108e+01	-1.517750e+02
6.400000e-07	-4.662091e-06	-2.358859e-09	-3.281359e+01	-1.515888e+02
6.500000e-07	-4.638099e-06	-2.370993e-09	-3.264473e+01	-1.514049e+02
6.600000e-07	-4.613863e-06	-2.374711e-09	-3.247415e+01	-1.512234e+02
6.700000e-07	-4.589213e-06	-2.358307e-09	-3.230065e+01	-1.510443e+02
6.800000e-07	-4.564055e-06	-2.364240e-09	-3.212358e+01	-1.508676e+02
6.900000e-07	-4.538328e-06	-2.362495e-09	-3.194251e+01	-1.506932e+02
7.000000e-07	-4.512094e-06	-2.357849e-09	-3.175786e+01	-1.505209e+02
7.100000e-07	-4.485433e-06	-2.343747e-09	-3.157021e+01	-1.503505e+02
7.200000e-07	-4.458377e-06	-2.335482e-09	-3.137978e+01	-1.501815e+02
7.300000e-07	-4.430907e-06	-2.329251e-09	-3.118643e+01	-1.500138e+02
7.400000e-07	-4.403166e-06	-2.339710e-09	-3.099118e+01	-1.498467e+02
7.500000e-07	-4.375308e-06	-2.334662e-09	-3.079511e+01	-1.496799e+02
7.600000e-07	-4.347297e-06	-2.326949e-09	-3.059795e+01	-1.495130e+02
7.700000e-07	-4.319067e-06	-2.324255e-09	-3.039926e+01	-1.493453e+02
7.800000e-07	-4.290552e-06	-2.324035e-09	-3.019856e+01	-1.491764e+02
7.900000e-07	-4.261690e-06	-2.312537e-09	-2.999542e+01	-1.490059e+02
8.000000e-07	-4.232530e-06	-2.303706e-09	-2.979018e+01	-1.488331e+02
8.100000e-07	-4.203041e-06	-2.299279e-09	-2.958263e+01	-1.486577e+02
8.200000e-07	-4.173241e-06	-2.302337e-09	-2.937288e+01	-1.484792e+02
8.300000e-07	-4.143173e-06	-2.307723e-09	-2.916125e+01	-1.482972e+02
8.400000e-07	-4.112776e-06	-2.304831e-09	-2.894730e+01	-1.481112e+02
8.500000e-07	-4.082048e-06	-2.297888e-09	-2.873103e+01	-1.479209e+02
8.600000e-07	-4.051101e-06	-2.291949e-09	-2.851321e+01	-1.477260e+02
8.700000e-07	-4.019993e-06	-2.285544e-09	-2.829426e+01	-1.475262e+02
8.800000e-07	-3.988628e-06	-2.271427e-09	-2.807350e+01	-1.473212e+02
8.900000e-07	-3.956965e-06	-2.262131e-09	-2.785064e+01	-1.471110e+02
9.000000e-07	-3.925105e-06	-2.263403e-09	-2.762641e+01	-1.468953e+02
9.100000e-07	-3.893149e-06	-2.272269e-09	-2.740149e+01	-1.466740e+02
9.200000e-07	-3.861049e-06	-2.269297e-09	-2.717555e+01	-1.464471e+02
9.300000e-07	-3.828713e-06	-2.261705e-09	-2.694796e+01	-1.462146e+02
9.400000e-07	-3.796030e-06	-2.250465e-09	-2.671793e+01	-1.459765e+02
9.500000e-07	-3.762931e-06	-2.245864e-09	-2.648496e+01	-1.457328e+02
9.600000e-07	-3.729383e-06	-2.236855e-09	-2.624883e+01	-1.454836e+02
9.700000e-07	-3.695359e-06	-2.230034e-09	-2.600936e+01	-1.452291e+02
9.800000e-07	-3.660763e-06	-2.225361e-09	-2.576586e+01	-1.449695e+02
9.900000e-07	-3.625716e-06	-2.229073e-09	-2.551919e+01	-1.447048e+02
1.000000e-06	-3.590480e-06	-2.227672e-09	-2.527118e+01	-1.444352e+02
1.010000e-06	-3.554991e-06	-2.223316e-09	-2.502140e+01	-1.441610e+02
1.020000e-06	-3.519268e-06	-2.212116e-09	-2.476997e+01	-1.438825e+02
1.030000e-06	-3.483445e-06	-2.201175e-09	-2.451783e+01	-1.435997e+02
1.040000e-06	-3.447483e-06	-2.191600e-09	-2.426471e+01	-1.433129e+02
1.050000e-06	-3.411366e-06	-2.188676e-09	-2.401051e+01	-1.430224e+02
1.060000e-06	-3.375041e-06	-2.184727e-09	-2.375484e+01	-1.427283e+02
1.070000e-06	-3.338484e-06	-2.183835e-09	-2.349754e+01	-1.424308e+02
1.080000e-06	-3.301735e-06	-2.183379e-09	-2.323888e+01	-1.421302e+02
1.090000e-06	-3.264774e-06	-2.181548e-09	-2.297874e+01	-1.418266e+02
1.100000e-06	-3.227555e-06	-2.174009e-09	-2.271678e+01	-1.415201e+02
1.110000e-06	-3.190049e-06	-2.163862e-09	-2.245280e+01	-1.412108e+02
1.120000e-06	-3.152299e-06	-2.154024e-09	-2.218710e+01	-1.408989e+02
1.130000e-06	-3.114347e-06	-2.146126e-09	-2.191998e+01	-1.405843e+02
1.140000e-06	-3.076182e-06	-2.140930e-09	-2.165136e+01	-1.402672e+02
1.150000e-06	-3.037785e-06	-2.136961e-09	-2.138110e+01	-1.399475e+02
1.160000e-06	-2.999234e-06	-2.133451e-09	-2.110976e+01	-1.396251e+02
1.170000e-06	-2.960555e-06	-2.128153e-09	-2.083753e+01	-1.393001e+02
1.180000e-06	-2.921634e-06	-2.120621e-09	-2.056359e+01	-1.389721e+02
1.190000e-06	-2.882437e-06	-2.109383e-09	-2.028770e+01	-1.386412e+02
1.200000e-06	-2.843035e-06	-2.101212e-09	-2.001038e+01	-1.383070e+02
1.210000e-06	-2.803469e-06	-2.092430e-09	-1.973189e+01	-1.379694e+02
1.220000e-06	-2.763800e-06	-2.085881e-09	-1.945269e+01	-1.376281e+02
1.230000e-06	-2.724052e-06	-2.082579e-09	-1.917293e+01	-1.372828e+02
1.240000e-06	-2.684175e-06	-2.082162e-09	-1.889226e+01	-1.369332e+02
1.250000e-06	-2.644180e-06	-2.077241e-09	-1.861076e+01	-1.365790e+02
1.260000e-06	-2.604062e-06	-2.070934e-09	-1.832839e+01	-1.362197e+02
1.270000e-06	-2.563771e-06	-2.061135e-09	-1.804481e+01	-1.358549e+02
1.280000e-06	-2.523232e-06	-2.052352e-09	-1.775948e+01	-1.354844e+02
1.290000e-06	-2.482517e-06	-2.044201e-09	-1.747291e+01	-1.351076e+02
1.300000e-06	-2.441692e-06	-2.037831e-09	-1.718557e+01	-1.347241e+02
1.310000e-06	-2.400680e-06	-2.030910e-09	-1.689691e+01	-1.343336e+02
1.320000e-06	-2.359446e-06	-2.025602e-09	-1.660669e+01	-1.339357e+02
1.330000e-06	-2.317933e-06	-2.018937e-09	-1.631451e+01	-1.335298e+02
1.340000e-06	-2.276029e-06	-2.010995e-09	-1.601957e+01	-1.331157e+02
1.350000e-06	-2.233671e-06	-2.000807e-09	-1.572144e+01	-1.326930e+02
1.360000e-06	-2.191049e-06	-1.989506e-09	-1.542145e+01	-1.322613e+02
1.370000e-06	-2.148177e-06	-1.979238e-09	-1.511970e+01	-1.318203e+02
1.380000e-06	-2.105039e-06	-1.972575e-09	-1.481607e+01	-1.313697e+02
1.390000e-06	-2.061773e-06	-1.967432e-09	-1.451155e+01	-1.309092e+02
1.400000e-06	-2.018293e-06	-1.963129e-09	-1.420552e+01	-1.304385e+02
1.410000e-06	-1.974710e-06	-1.956791e-09	-1.389877e+01	-1.299575e+02
1.420000e-06	-1.931101e-06	-1.946483e-09	-1.359184e+01	-1.294660e+02
1.430000e-06	-1.887388e-06	-1.932098e-09	-1.328417e+01	-1.289637e+02
1.440000e-06	-1.843582e-06	-1.916636e-09	-1.297584e+01	-1.284504e+02
1.450000e-06	-1.799672e-06	-1.905625e-09	-1.266679e+01	-1.279261e+02
1.460000e-06	-1.755742e-06	-1.899992e-09	-1.235759e+01	-1.273906e+02
1.470000e-06	-1.711776e-06	-1.896267e-09	-1.204814e+01	-1.268438e+02
1.480000e-06	-1.667693e-06	-1.888204e-09	-1.173787e+01	-1.262855e+02
1.490000e-06	-1.623507e-06	-1.877942e-09	-1.142687e+01	-1.257155e+02
1.500000e-06	-1.579198e-06	-1.866563e-09	-1.111500e+01	-1.251337e+02
1.510000e-06	-1.534795e-06	-1.854232e-09	-1.080248e+01	-1.245400e+02
1.520000e-06	-1.490335e-06	-1.841593e-09	-1.048955e+01	-1.239341e+02
1.530000e-06	-1.445848e-06	-1.831377e-09	-1.017643e+01	-1.233158e+02
1.540000e-06	-1.401219e-06	-1.826062e-09	-9.862319e+00	-1.226848e+02
1.550000e-06	-1.356407e-06	-1.822461e-09	-9.546917e+00	-1.220407e+02
1.560000e-06	-1.311462e-06	-1.815096e-09	-9.230577e+00	-1.213831e+02
1.570000e-06	-1.266400e-06	-1.802123e-09	-8.913411e+00	-1.207116e+02
1.580000e-06	-1.221297e-06	-1.786234e-09	-8.595960e+00	-1.200258e+02
1.590000e-06	-1.176155e-06	-1.775063e-09	-8.278234e+00	-1.193249e+02
1.600000e-06	-1.130926e-06	-1.762047e-09	-7.959895e+00	-1.186084e+02
1.610000e-06	-1.085607e-06	-1.744735e-09	-7.640918e+00	-1.178755e+02
1.620000e-06	-1.040153e-06	-1.727988e-09	-7.320996e+00	-1.171255e+02
1.630000e-06	-9.945442e-07	-1.717497e-09	-6.999986e+00	-1.163574e+02
1.640000e-06	-9.488877e-07	-1.708291e-09	-6.678638e+00	-1.155704e+02
1.650000e-06	-9.032088e-07	-1.697579e-09	-6.357132e+00	-1.147634e+02
1.660000e-06	-8.574887e-07	-1.685975e-09	-6.035336e+00	-1.139353e+02
1.670000e-06	-8.116884e-07	-1.674075e-09	-5.712976e+00	-1.130852e+02
1.680000e-06	-7.658451e-07	-1.659317e-09	-5.390313e+00	-1.122117e+02
1.690000e-06	-7.199799e-07	-1.639975e-09	-5.067496e+00	-1.113136e+02
1.700000e-06	-6.740263e-07	-1.618808e-09	-4.744057e+00	-1.103898e+02
1.710000e-06	-6.280285e-07	-1.601797e-09	-4.420307e+00	-1.094388e+02
1.720000e-06	-5.820425e-07	-1.589668e-09	-4.096640e+00	-1.084594e+02
1.730000e-06	-5.360385e-07	-1.580127e-09	-3.772846e+00	-1.074503e+02
1.740000e-06	-4.900223e-07	-1.569916e-09	-3.448966e+00	-1.064099e+02
1.750000e-06	-4.439280e-07	-1.559473e-09	-3.124537e+00	-1.053370e+02
1.760000e-06	-3.977819e-07	-1.549060e-09	-2.799742e+00	-1.042302e+02
1.770000e-06	-3.516685e-07	-1.532713e-09	-2.475179e+00	-1.030881e+02
1.780000e-06	-3.055456e-07	-1.507543e-09	-2.150548e+00	-1.019093e+02
1.790000e-06	-2.594000e-07	-1.478783e-09	-1.825757e+00	-1.006925e+02
1.800000e-06	-2.132373e-07	-1.455732e-09	-1.500846e+00	-9.943611e+01
1.810000e-06	-1.670786e-07	-1.438457e-09	-1.175964e+00	-9.813895e+01
1.820000e-06	-1.208983e-07	-1.423745e-09	-8.509290e-01	-9.679961e+01
1.830000e-06	-7.464002e-08	-1.408036e-09	-5.253453e-01	-9.541671e+01
1.840000e-06	-2.836103e-08	-1.392298e-09	-1.996159e-01	-9.398893e+01
1.850000e-06	1.785061e-08	-1.373746e-09	1.256395e-01	-9.251489e+01
1.860000e-06	6.402288e-08	-1.349270e-09	4.506178e-01	-9.099326e+01
1.870000e-06	1.101997e-07	-1.318978e-09	7.756279e-01	-8.942268e+01
1.880000e-06	1.563797e-07	-1.290669e-09	1.100660e+00	-8.780179e+01
1.890000e-06	2.025713e-07	-1.266419e-09	1.425775e+00	-8.612923e+01
1.900000e-06	2.487939e-07	-1.242326e-09	1.751107e+00	-8.440362e+01
1.910000e-06	2.950501e-07	-1.216365e-09	2.076676e+00	-8.262357e+01
1.920000e-06	3.411968e-07	-1.192089e-09	2.401475e+00	-8.078770e+01
1.930000e-06	3.872605e-07	-1.169593e-09	2.725689e+00	-7.889459e+01
1.940000e-06	4.333757e-07	-1.143787e-09	3.050266e+00	-7.694284e+01
1.950000e-06	4.794839e-07	-1.113385e-09	3.374793e+00	-7.493105e+01
1.960000e-06	5.255263e-07	-1.081949e-09	3.698857e+00	-7.285780e+01
1.970000e-06	5.715306e-07	-1.050571e-09	4.022653e+00	-7.072171e+01
1.980000e-06	6.174451e-07	-1.016508e-09	4.345817e+00	-6.852144e+01
1.990000e-06	6.633125e-07	-9.785768e-10	4.668649e+00	-6.625566e+01
2.000000e-06	7.091841e-07	-9.425208e-10	4.991511e+00	-6.392311e+01
2.010000e-06	7.550096e-07	-9.109572e-10	5.314049e+00	-6.152262e+01
2.020000e-06	8.007452e-07	-8.781200e-10	5.635954e+00	-5.905310e+01
2.030000e-06	8.463695e-07	-8.418330e-10	5.957075e+00	-5.651359e+01
2.040000e-06	8.919811e-07	-8.054482e-10	6.278107e+00	-5.390328e+01
2.050000e-06	9.375082e-07	-7.696699e-10	6.598545e+00	-5.122152e+01
2.060000e-06	9.829963e-07	-7.290251e-10	6.918707e+00	-4.846786e+01
2.070000e-06	1.028512e-06	-6.813253e-10	7.239064e+00	-4.564207e+01
2.080000e-06	1.073955e-06	-6.323612e-10	7.558912e+00	-4.274418e+01
2.090000e-06	1.119364e-06	-5.869221e-10	7.878515e+00	-3.977450e+01
2.100000e-06	1.164684e-06	-5.425405e-10	8.197496e+00	-3.673365e+01
2.110000e-06	1.209870e-06	-4.992025e-10	8.515529e+00	-3.362257e+01
2.120000e-06	1.254969e-06	-4.584562e-10	8.832958e+00	-3.044256e+01
2.130000e-06	1.299875e-06	-4.194396e-10	9.149022e+00	-2.719530e+01
2.140000e-06	1.344677e-06	-3.749763e-10	9.464358e+00	-2.388285e+01
2.150000e-06	1.389432e-06	-3.205225e-10	9.779360e+00	-2.050769e+01
2.160000e-06	1.434060e-06	-2.593190e-10	1.009347e+01	-1.707271e+01
2.170000e-06	1.478591e-06	-1.998710e-10	1.040689e+01	-1.358121e+01
2.180000e-06	1.522924e-06	-1.456403e-10	1.071893e+01	-1.003692e+01
2.190000e-06	1.567142e-06	-9.528059e-11	1.103015e+01	-6.443995e+00
2.200000e-06	1.611348e-06	-4.747092e-11	1.134129e+01	-2.806976e+00
2.210000e-06	1.655464e-06	-3.182117e-13	1.165179e+01	8.691958e-01
2.220000e-06	1.699479e-06	5.074981e-11	1.196159e+01	4.579214e+00
2.230000e-06	1.743443e-06	1.076351e-10	1.227103e+01	8.317430e+00
2.240000e-06	1.787379e-06	1.692454e-10	1.258026e+01	1.207789e+01
2.250000e-06	1.831268e-06	2.325486e-10	1.288917e+01	1.585437e+01
2.260000e-06	1.875093e-06	2.926415e-10	1.319763e+01	1.964041e+01
2.270000e-06	1.918800e-06	3.482669e-10	1.350525e+01	2.342937e+01
2.280000e-06	1.962355e-06	4.024623e-10	1.381181e+01	2.721448e+01
2.290000e-06	2.005839e-06	4.562157e-10	1.411787e+01	3.098888e+01
2.300000e-06	2.049332e-06	5.112487e-10	1.442399e+01	3.474571e+01
2.310000e-06	2.092731e-06	5.687004e-10	1.472945e+01	3.847811e+01
2.320000e-06	2.135897e-06	6.242983e-10	1.503327e+01	4.217933e+01
2.330000e-06	2.178769e-06	6.779710e-10	1.533501e+01	4.584275e+01
2.340000e-06	2.221363e-06	7.306545e-10	1.563481e+01	4.946196e+01
2.350000e-06	2.263640e-06	7.817582e-10	1.593237e+01	5.303082e+01
2.360000e-06	2.305614e-06	8.315985e-10	1.622780e+01	5.654347e+01
2.370000e-06	2.347340e-06	8.820894e-10	1.652149e+01	5.999445e+01
2.380000e-06	2.388756e-06	9.326114e-10	1.681298e+01	6.337865e+01
2.390000e-06	2.429802e-06	9.823729e-10	1.710188e+01	6.669145e+01
2.400000e-06	2.470587e-06	1.029450e-09	1.738894e+01	6.992867e+01
2.410000e-06	2.511202e-06	1.072661e-09	1.767481e+01	7.308666e+01
2.420000e-06	2.551577e-06	1.113681e-09	1.795898e+01	7.616229e+01
2.430000e-06	2.591731e-06	1.154845e-09	1.824160e+01	7.915295e+01
2.440000e-06	2.631777e-06	1.195165e-09	1.852346e+01	8.205662e+01
2.450000e-06	2.671730e-06	1.232969e-09	1.880467e+01	8.487179e+01
2.460000e-06	2.711588e-06	1.269551e-09	1.908520e+01	8.759752e+01
2.470000e-06	2.751380e-06	1.306753e-09	1.936528e+01	9.023339e+01
2.480000e-06	2.791075e-06	1.343290e-09	1.964466e+01	9.277950e+01
2.490000e-06	2.830599e-06	1.377469e-09	1.992284e+01	9.523645e+01
2.500000e-06	2.869921e-06	1.410914e-09	2.019961e+01	9.760526e+01
2.510000e-06	2.909049e-06	1.444549e-09	2.047501e+01	9.988742e+01
2.520000e-06	2.947882e-06	1.477344e-09	2.074833e+01	1.020847e+02
2.530000e-06	2.986465e-06	1.507993e-09	2.101989e+01	1.041994e+02
2.540000e-06	3.024869e-06	1.536232e-09	2.129019e+01	1.062340e+02
2.550000e-06	3.063056e-06	1.566367e-09	2.155897e+01	1.081911e+02
2.560000e-06	3.101123e-06	1.597300e-09	2.182690e+01	1.100736e+02
2.570000e-06	3.139104e-06	1.621619e-09	2.209422e+01	1.118846e+02
2.580000e-06	3.176897e-06	1.641821e-09	2.236023e+01	1.136273e+02
2.590000e-06	3.214448e-06	1.663849e-09	2.262453e+01	1.153047e+02
2.600000e-06	3.251743e-06	1.687059e-09	2.288702e+01	1.169202e+02
2.610000e-06	3.288820e-06	1.709042e-09	2.314799e+01	1.184767e+02
2.620000e-06	3.325607e-06	1.729020e-09	2.340690e+01	1.199775e+02
2.630000e-06	3.362071e-06	1.750058e-09	2.366355e+01	1.214253e+02
2.640000e-06	3.398351e-06	1.773059e-09	2.391891e+01	1.228229e+02
2.650000e-06	3.434431e-06	1.793185e-09	2.417285e+01	1.241730e+02
2.660000e-06	3.470298e-06	1.809265e-09	2.442529e+01	1.254780e+02
2.670000e-06	3.506068e-06	1.825435e-09	2.467706e+01	1.267400e+02
2.680000e-06	3.541740e-06	1.844194e-09	2.492813e+01	1.279609e+02
2.690000e-06	3.577244e-06	1.862430e-09	2.517802e+01	1.291426e+02
2.700000e-06	3.612576e-06	1.879273e-09	2.542671e+01	1.302866e+02
2.710000e-06	3.647645e-06	1.898120e-09	2.567353e+01	1.313941e+02
2.720000e-06	3.682288e-06	1.922672e-09	2.591736e+01	1.324662e+02
2.730000e-06	3.716425e-06	1.945574e-09	2.615763e+01	1.335038e+02
2.740000e-06	3.750089e-06	1.958166e-09	2.639457e+01	1.345078e+02
2.750000e-06	3.783313e-06	1.964393e-09	2.662842e+01	1.354785e+02
2.760000e-06	3.816107e-06	1.972080e-09	2.685924e+01	1.364165e+02
2.770000e-06	3.848573e-06	1.982203e-09	2.708774e+01	1.373222e+02
2.780000e-06	3.880767e-06	1.991454e-09	2.731434e+01	1.381958e+02
2.790000e-06	3.912758e-06	2.003764e-09	2.753950e+01	1.390374e+02
2.800000e-06	3.944639e-06	2.023666e-09	2.776389e+01	1.398474e+02
2.810000e-06	3.976389e-06	2.046515e-09	2.798736e+01	1.406260e+02
2.820000e-06	4.007912e-06	2.062248e-09	2.820923e+01	1.413733e+02
2.830000e-06	4.039212e-06	2.066609e-09	2.842953e+01	1.420896e+02
2.840000e-06	4.070217e-06	2.067106e-09	2.864776e+01	1.427753e+02
2.850000e-06	4.100902e-06	2.071007e-09	2.886373e+01	1.434308e+02
2.860000e-06	4.131298e-06	2.078760e-09	2.907767e+01	1.440567e+02
2.870000e-06	4.161388e-06	2.088125e-09	2.928945e+01	1.446535e+02
2.880000e-06	4.191215e-06	2.101191e-09	2.949939e+01	1.452220e+02
2.890000e-06	4.220747e-06	2.117341e-09	2.970724e+01	1.457631e+02
2.900000e-06	4.250004e-06	2.128843e-09	2.991317e+01	1.462777e+02
2.910000e-06	4.278940e-06	2.131366e-09	3.011683e+01	1.467668e+02
2.920000e-06	4.307549e-06	2.128784e-09	3.031819e+01	1.472317e+02
2.930000e-06	4.335918e-06	2.129830e-09	3.051786e+01	1.476735e+02
2.940000e-06	4.364021e-06	2.136487e-09	3.071567e+01	1.480935e+02
2.950000e-06	4.391921e-06	2.145294e-09	3.091204e+01	1.484932e+02
2.960000e-06	4.419651e-06	2.157038e-09	3.110721e+01	1.488738e+02
2.970000e-06	4.447194e-06	2.173240e-09	3.130106e+01	1.492367e+02
2.980000e-06	4.474490e-06	2.187314e-09	3.149319e+01	1.495834e+02
2.990000e-06	4.501391e-06	2.191647e-09	3.168253e+01	1.499152e+02
3.000000e-06	4.527842e-06	2.188597e-09	3.186870e+01	1.502333e+02
3.010000e-06	4.553735e-06	2.188443e-09	3.205095e+01	1.505391e+02
3.020000e-06	4.578997e-06	2.194052e-09	3.222875e+01	1.508336e+02
3.030000e-06	4.603759e-06	2.200326e-09	3.240303e+01	1.511180e+02
3.040000e-06	4.628123e-06	2.206082e-09	3.257452e+01	1.513931e+02
3.050000e-06	4.652177e-06	2.212537e-09	3.274382e+01	1.516597e+02
3.060000e-06	4.676068e-06	2.217619e-09	3.291197e+01	1.519186e+02
3.070000e-06	4.699753e-06	2.219673e-09	3.307868e+01	1.521703e+02
3.080000e-06	4.723100e-06	2.219646e-09	3.324300e+01	1.524153e+02
3.090000e-06	4.746104e-06	2.223092e-09	3.340491e+01	1.526537e+02
3.100000e-06	4.768728e-06	2.233053e-09	3.356415e+01	1.528858e+02
3.110000e-06	4.791034e-06	2.243172e-09	3.372115e+01	1.531116e+02
3.120000e-06	4.813086e-06	2.248088e-09	3.387635e+01	1.533310e+02
3.130000e-06	4.834822e-06	2.250447e-09	3.402934e+01	1.535440e+02
3.140000e-06	4.856153e-06	2.253270e-09	3.417948e+01	1.537501e+02
3.150000e-06	4.877153e-06	2.254533e-09	3.432728e+01	1.539492e+02
3.160000e-06	4.897920e-06	2.251075e-09	3.447345e+01	1.541408e+02
3.170000e-06	4.918351e-06	2.247835e-09	3.461725e+01	1.543247e+02
3.180000e-06	4.938483e-06	2.252973e-09	3.475895e+01	1.545004e+02
3.190000e-06	4.958359e-06	2.264298e-09	3.489884e+01	1.546676e+02
3.200000e-06	4.977992e-06	2.273563e-09	3.503703e+01	1.548259e+02
3.210000e-06	4.997412e-06	2.277810e-09	3.517371e+01	1.549751e+02
3.220000e-06	5.016452e-06	2.281489e-09	3.530773e+01	1.551149e+02
3.230000e-06	5.034997e-06	2.283956e-09	3.543825e+01	1.552452e+02
3.240000e-06	5.053072e-06	2.280386e-09	3.556547e+01	1.553660e+02
3.250000e-06	5.070695e-06	2.274266e-09	3.568951e+01	1.554772e+02
3.260000e-06	5.087997e-06	2.275765e-09	3.581129e+01	1.555790e+02
3.270000e-06	5.105119e-06	2.285353e-09	3.593180e+01	1.556717e+02
3.280000e-06	5.122013e-06	2.294139e-09	3.605070e+01	1.557555e+02
3.290000e-06	5.138573e-06	2.297520e-09	3.616726e+01	1.558310e+02
3.300000e-06	5.154723e-06	2.299505e-09	3.628093e+01	1.558987e+02
3.310000e-06	5.170422e-06	2.302200e-09	3.639143e+01	1.559592e+02
3.320000e-06	5.185656e-06	2.302755e-09	3.649865e+01	1.560132e+02
3.330000e-06	5.200428e-06	2.301215e-09	3.660262e+01	1.560614e+02
3.340000e-06	5.214796e-06	2.301039e-09	3.670375e+01	1.561046e+02
3.350000e-06	5.228833e-06	2.307750e-09	3.680254e+01	1.561437e+02
3.360000e-06	5.242419e-06	2.316170e-09	3.689817e+01	1.561794e+02
3.370000e-06	5.255545e-06	2.317012e-09	3.699055e+01	1.562126e+02
3.380000e-06	5.268370e-06	2.314158e-09	3.708082e+01	1.562441e+02
3.390000e-06	5.280878e-06	2.314634e-09	3.716886e+01	1.562746e+02
3.400000e-06	5.293055e-06	2.319219e-09	3.725457e+01	1.563047e+02
3.410000e-06	5.304882e-06	2.321561e-09	3.733781e+01	1.563351e+02
3.420000e-06	5.316366e-06	2.322207e-09	3.741863e+01	1.563663e+02
3.430000e-06	5.327299e-06	2.327337e-09	3.749558e+01	1.563985e+02
3.440000e-06	5.337489e-06	2.334150e-09	3.756731e+01	1.564321e+02
3.450000e-06	5.346998e-06	2.334884e-09	3.763424e+01	1.564673e+02
3.460000e-06	5.355906e-06	2.331177e-09	3.769694e+01	1.565041e+02
3.470000e-06	5.364414e-06	2.328875e-09	3.775682e+01	1.565423e+02
3.480000e-06	5.372647e-06	2.330327e-09	3.781476e+01	1.565817e+02
3.490000e-06	5.380577e-06	2.331787e-09	3.787058e+01	1.566220e+02
3.500000e-06	5.388173e-06	2.330877e-09	3.792404e+01	1.566627e+02
3.510000e-06	5.395477e-06	2.333832e-09	3.797545e+01	1.567033e+02
3.520000e-06	5.402461e-06	2.340218e-09	3.802460e+01	1.567431e+02
3.530000e-06	5.409036e-06	2.341543e-09	3.807088e+01	1.567814e+02
3.540000e-06	5.415237e-06	2.336463e-09	3.811453e+01	1.568174e+02
3.550000e-06	5.421140e-06	2.332557e-09	3.815607e+01	1.568504e+02
3.560000e-06	5.426687e-06	2.334519e-09	3.819512e+01	1.568796e+02
3.570000e-06	5.431794e-06	2.337204e-09	3.823106e+01	1.569041e+02
3.580000e-06	5.436465e-06	2.336807e-09	3.826394e+01	1.569233e+02
3.590000e-06	5.440821e-06	2.336628e-09	3.829460e+01	1.569363e+02
3.600000e-06	5.444944e-06	2.341242e-09	3.832361e+01	1.569426e+02
3.610000e-06	5.448804e-06	2.346899e-09	3.835078e+01	1.569415e+02
3.620000e-06	5.452371e-06	2.345830e-09	3.837589e+01	1.569328e+02
3.630000e-06	5.455625e-06	2.342127e-09	3.839880e+01	1.569160e+02
3.640000e-06	5.458453e-06	2.343089e-09	3.841870e+01	1.568909e+02
3.650000e-06	5.460753e-06	2.347903e-09	3.843488e+01	1.568575e+02
3.660000e-06	5.462434e-06	2.349224e-09	3.844672e+01	1.568159e+02
3.670000e-06	5.463476e-06	2.345869e-09	3.845405e+01	1.567664e+02
3.680000e-06	5.464074e-06	2.345466e-09	3.845826e+01	1.567092e+02
3.690000e-06	5.464321e-06	2.347347e-09	3.846000e+01	1.566451e+02
3.700000e-06	5.464234e-06	2.343452e-09	3.845939e+01	1.565745e+02
3.710000e-06	5.463917e-06	2.337577e-09	3.845716e+01	1.564984e+02
3.720000e-06	5.463306e-06	2.336399e-09	3.845285e+01	1.564176e+02
3.730000e-06	5.462334e-06	2.342410e-09	3.844602e+01	1.563331e+02
3.740000e-06	5.460990e-06	2.349400e-09	3.843656e+01	1.562460e+02
3.750000e-06	5.459282e-06	2.349685e-09	3.842453e+01	1.561575e+02
3.760000e-06	5.457336e-06	2.341384e-09	3.841084e+01	1.560687e+02
3.770000e-06	5.455184e-06	2.310958e-09	3.839569e+01	1.559808e+02
3.780000e-06	5.452637e-06	2.309183e-09	3.837776e+01	1.558949e+02
3.790000e-06	5.449522e-06	2.370690e-09	3.835584e+01	1.558123e+02
3.800000e-06	5.445917e-06	2.319095e-09	3.833046e+01	1.557340e+02
3.810000e-06	5.442031e-06	2.237048e-09	3.830312e+01	1.556611e+02
3.820000e-06	5.437990e-06	2.312563e-09	3.827467e+01	1.555943e+02
3.830000e-06	5.433698e-06	2.381370e-09	3.824446e+01	1.555346e+02
3.840000e-06	5.428867e-06	2.367912e-09	3.821046e+01	1.554826e+02
3.850000e-06	5.423364e-06	2.221936e-09	3.817173e+01	1.554388e+02
3.860000e-06	5.417517e-06	2.283219e-09	3.813057e+01	1.554035e+02
3.870000e-06	5.411336e-06	2.418758e-09	3.808707e+01	1.553770e+02
3.880000e-06	5.404545e-06	2.316328e-09	3.803927e+01	1.553593e+02
3.890000e-06	5.397173e-06	2.200192e-09	3.798738e+01	1.553502e+02
3.900000e-06	5.389422e-06	2.294095e-09	3.793283e+01	1.553494e+02
3.910000e-06	5.381375e-06	2.453973e-09	3.787619e+01	1.553565e+02
3.920000e-06	5.372937e-06	2.284550e-09	3.781681e+01	1.553707e+02
3.930000e-06	5.364163e-06	2.193644e-09	3.775505e+01	1.553913e+02
3.940000e-06	5.355081e-06	2.356169e-09	3.769113e+01	1.554173e+02
3.950000e-06	5.345660e-06	2.456068e-09	3.762482e+01	1.554477e+02
3.960000e-06	5.335865e-06	2.247332e-09	3.755588e+01	1.554814e+02
3.970000e-06	5.325710e-06	2.209594e-09	3.748440e+01	1.555172e+02
3.980000e-06	5.315185e-06	2.410585e-09	3.741032e+01	1.555537e+02
3.990000e-06	5.304250e-06	2.401815e-09	3.733336e+01	1.555896e+02
4.000000e-06	5.292966e-06	2.230962e-09	3.725394e+01	1.556237e+02
4.010000e-06	5.281331e-06	2.324313e-09	3.717205e+01	1.556545e+02
4.020000e-06	5.269290e-06	2.499587e-09	3.708730e+01	1.556809e+02
4.030000e-06	5.256813e-06	2.380612e-09	3.699948e+01	1.557015e+02
4.040000e-06	5.243886e-06	2.276456e-09	3.690850e+01	1.557152e+02
4.050000e-06	5.230501e-06	2.429999e-09	3.681428e+01	1.557209e+02
4.060000e-06	5.216494e-06	2.468069e-09	3.671570e+01	1.557176e+02
4.070000e-06	5.201778e-06	2.322731e-09	3.661212e+01	1.557045e+02
4.080000e-06	5.186532e-06	2.369783e-09	3.650481e+01	1.556808e+02
4.090000e-06	5.170875e-06	2.454163e-09	3.639462e+01	1.556460e+02
4.100000e-06	5.154917e-06	2.368676e-09	3.628230e+01	1.555996e+02
4.110000e-06	5.138784e-06	2.342958e-09	3.616874e+01	1.555412e+02
4.120000e-06	5.122364e-06	2.452336e-09	3.605317e+01	1.554709e+02
4.130000e-06	5.105512e-06	2.394448e-09	3.593457e+01	1.553885e+02
4.140000e-06	5.088331e-06	2.331821e-09	3.581364e+01	1.552942e+02
4.150000e-06	5.070805e-06	2.408226e-09	3.569028e+01	1.551883e+02
4.160000e-06	5.052902e-06	2.433305e-09	3.556428e+01	1.550712e+02
4.170000e-06	5.034662e-06	2.333383e-09	3.543589e+01	1.549434e+02
4.180000e-06	5.016101e-06	2.355872e-09	3.530525e+01	1.548056e+02
4.190000e-06	4.997157e-06	2.404395e-09	3.517192e+01	1.546585e+02
4.200000e-06	4.977809e-06	2.381839e-09	3.503574e+01	1.545029e+02
4.210000e-06	4.958179e-06	2.358009e-09	3.489757e+01	1.543396e+02
4.220000e-06	4.938316e-06	2.371286e-09	3.475777e+01	1.541695e+02
4.230000e-06	4.918276e-06	2.365643e-09	3.461673e+01	1.539936e+02
4.240000e-06	4.898039e-06	2.376370e-09	3.447429e+01	1.538128e+02
4.250000e-06	4.877514e-06	2.369789e-09	3.432982e+01	1.536280e+02
4.260000e-06	4.856631e-06	2.350537e-09	3.418284e+01	1.534401e+02
4.270000e-06	4.835210e-06	2.363942e-09	3.403208e+01	1.532500e+02
4.280000e-06	4.813197e-06	2.374052e-09	3.387714e+01	1.530584e+02
4.290000e-06	4.790545e-06	2.357360e-09	3.371770e+01	1.528663e+02
4.300000e-06	4.767298e-06	2.356789e-09	3.355408e+01	1.526742e+02
4.310000e-06	4.743710e-06	2.354679e-09	3.338806e+01	1.524827e+02
4.320000e-06	4.719863e-06	2.347048e-09	3.322022e+01	1.522925e+02
4.330000e-06	4.695831e-06	2.366659e-09	3.305107e+01	1.521039e+02
4.340000e-06	4.671642e-06	2.353177e-09	3.288082e+01	1.519172e+02
4.350000e-06	4.647209e-06	2.324893e-09	3.270885e+01	1.517327e+02
4.360000e-06	4.622461e-06	2.346703e-09	3.253466e+01	1.515507e+02
4.370000e-06	4.597319e-06	2.363524e-09	3.235770e+01	1.513711e+02
4.380000e-06	4.571814e-06	2.325802e-09	3.217819e+01	1.511938e+02
4.390000e-06	4.545988e-06	2.320447e-09	3.199642e+01	1.510190e+02
4.400000e-06	4.519875e-06	2.335469e-09	3.181263e+01	1.508462e+02
4.410000e-06	4.493478e-06	2.336262e-09	3.162683e+01	1.506753e+02
4.420000e-06	4.466698e-06	2.329982e-09	3.143834e+01	1.505061e+02
4.430000e-06	4.439565e-06	2.330162e-09	3.124737e+01	1.503380e+02
4.440000e-06	4.412086e-06	2.325377e-09	3.105396e+01	1.501707e+02
4.450000e-06	4.384407e-06	2.338163e-09	3.085915e+01	1.500038e+02
4.460000e-06	4.356600e-06	2.329968e-09	3.066343e+01	1.498367e+02
4.470000e-06	4.328562e-06	2.314117e-09	3.046609e+01	1.496691e+02
4.480000e-06	4.300324e-06	2.317099e-09	3.026734e+01	1.495003e+02
4.490000e-06	4.271876e-06	2.329345e-09	3.006711e+01	1.493300e+02
4.500000e-06	4.243190e-06	2.321736e-09	2.986521e+01	1.491575e+02
4.510000e-06	4.214118e-06	2.317618e-09	2.966059e+01	1.489824e+02
4.520000e-06	4.184390e-06	2.313380e-09	2.945135e+01	1.488043e+02
4.530000e-06	4.154053e-06	2.310956e-09	2.923783e+01	1.486228e+02
4.540000e-06	4.123293e-06	2.308801e-09	2.902133e+01	1.484373e+02
4.550000e-06	4.092170e-06	2.303778e-09	2.880227e+01	1.482476e+02
4.560000e-06	4.060688e-06	2.297182e-09	2.858069e+01	1.480534e+02
4.570000e-06	4.028922e-06	2.299884e-09	2.835711e+01	1.478543e+02
4.580000e-06	3.996983e-06	2.303839e-09	2.813231e+01	1.476501e+02
4.590000e-06	3.964891e-06	2.301682e-09	2.790643e+01	1.474406e+02
4.600000e-06	3.932669e-06	2.295160e-09	2.767964e+01	1.472257e+02
4.610000e-06	3.900169e-06	2.292605e-09	2.745089e+01	1.470052e+02
4.620000e-06	3.867301e-06	2.299025e-09	2.721956e+01	1.467791e+02
4.630000e-06	3.834176e-06	2.298211e-09	2.698641e+01	1.465474e+02
4.640000e-06	3.800809e-06	2.289288e-09	2.675156e+01	1.463101e+02
4.650000e-06	3.767217e-06	2.285091e-09	2.651513e+01	1.460672e+02
4.660000e-06	3.733410e-06	2.290924e-09	2.627718e+01	1.458188e+02
4.670000e-06	3.699321e-06	2.290159e-09	2.603725e+01	1.455651e+02
4.680000e-06	3.665014e-06	2.284991e-09	2.579578e+01	1.453061e+02
4.690000e-06	3.630564e-06	2.278822e-09	2.555331e+01	1.450421e+02
4.700000e-06	3.595767e-06	2.279547e-09	2.530840e+01	1.447732e+02
4.710000e-06	3.560559e-06	2.276826e-09	2.506059e+01	1.444997e+02
4.720000e-06	3.525114e-06	2.270874e-09	2.481111e+01	1.442217e+02
4.730000e-06	3.489483e-06	2.264702e-09	2.456033e+01	1.439394e+02
4.740000e-06	3.453716e-06	2.264984e-09	2.430858e+01	1.436532e+02
4.750000e-06	3.417797e-06	2.263638e-09	2.405578e+01	1.433631e+02
4.760000e-06	3.381781e-06	2.262152e-09	2.380228e+01	1.430695e+02
4.770000e-06	3.345662e-06	2.256415e-09	2.354806e+01	1.427724e+02
4.780000e-06	3.309305e-06	2.252725e-09	2.329217e+01	1.424722e+02
4.790000e-06	3.272748e-06	2.250577e-09	2.303486e+01	1.421689e+02
4.800000e-06	3.236013e-06	2.249681e-09	2.277631e+01	1.418627e+02
4.810000e-06	3.198900e-06	2.245121e-09	2.251510e+01	1.415538e+02
4.820000e-06	3.161334e-06	2.243495e-09	2.225069e+01	1.412422e+02
4.830000e-06	3.123277e-06	2.243464e-09	2.198283e+01	1.409280e+02
4.840000e-06	3.084750e-06	2.241227e-09	2.171166e+01	1.406111e+02
4.850000e-06	3.045912e-06	2.233452e-09	2.143831e+01	1.402917e+02
4.860000e-06	3.006743e-06	2.225974e-09	2.116262e+01	1.399697e+02
4.870000e-06	2.967210e-06	2.224060e-09	2.088437e+01	1.396449e+02
4.880000e-06	2.927471e-06	2.223861e-09	2.060467e+01	1.393173e+02
4.890000e-06	2.887654e-06	2.219763e-09	2.032442e+01	1.389868e+02
4.900000e-06	2.847729e-06	2.213132e-09	2.004342e+01	1.386530e+02
4.910000e-06	2.807676e-06	2.206191e-09	1.976150e+01	1.383159e+02
4.920000e-06	2.767528e-06	2.199645e-09	1.947893e+01	1.379751e+02
4.930000e-06	2.727275e-06	2.194515e-09	1.919561e+01	1.376304e+02
4.940000e-06	2.686900e-06	2.188453e-09	1.891144e+01	1.372814e+02
4.950000e-06	2.646399e-06	2.183342e-09	1.862638e+01	1.369278e+02
4.960000e-06	2.605731e-06	2.178710e-09	1.834014e+01	1.365692e+02
4.970000e-06	2.564919e-06	2.175745e-09	1.805289e+01	1.362053e+02
4.980000e-06	2.523987e-06	2.172398e-09	1.776479e+01	1.358356e+02
4.990000e-06	2.482855e-06	2.169009e-09	1.747529e+01	1.354597e+02
5.000000e-06	2.441452e-06	2.162062e-09	1.718388e+01	1.350773e+02
5.010000e-06	2.399802e-06	2.154093e-09	1.689073e+01	1.346879e+02
5.020000e-06	2.358017e-06	2.145800e-09	1.659663e+01	1.342910e+02
5.030000e-06	2.316115e-06	2.139994e-09	1.630171e+01	1.338864e+02
5.040000e-06	2.274088e-06	2.135043e-09	1.600591e+01	1.334736e+02
5.050000e-06	2.231977e-06	2.134646e-09	1.570952e+01	1.330522e+02
5.060000e-06	2.189695e-06	2.135530e-09	1.541192e+01	1.326218e+02
5.070000e-06	2.147221e-06	2.135795e-09	1.511297e+01	1.321823e+02
5.080000e-06	2.104606e-06	2.132223e-09	1.481303e+01	1.317332e+02
5.090000e-06	2.061810e-06	2.124675e-09	1.451181e+01	1.312742e+02
5.100000e-06	2.018736e-06	2.114493e-09	1.420864e+01	1.308051e+02
5.110000e-06	1.975463e-06	2.104592e-09	1.390407e+01	1.303258e+02
5.120000e-06	1.932124e-06	2.094027e-09	1.359903e+01	1.298358e+02
5.130000e-06	1.888672e-06	2.085994e-09	1.329320e+01	1.293352e+02
5.140000e-06	1.845109e-06	2.081774e-09	1.298659e+01	1.288237e+02
5.150000e-06	1.801473e-06	2.079562e-09	1.267946e+01	1.283011e+02
5.160000e-06	1.757719e-06	2.074144e-09	1.237150e+01	1.277673e+02
5.170000e-06	1.713866e-06	2.063420e-09	1.206285e+01	1.272222e+02
5.180000e-06	1.669982e-06	2.052733e-09	1.175397e+01	1.266657e+02
5.190000e-06	1.626094e-06	2.042249e-09	1.144508e+01	1.260976e+02
5.200000e-06	1.582131e-06	2.031870e-09	1.113565e+01	1.255177e+02
5.210000e-06	1.538044e-06	2.022937e-09	1.082535e+01	1.249258e+02
5.220000e-06	1.493901e-06	2.016321e-09	1.051465e+01	1.243218e+02
5.230000e-06	1.449758e-06	2.012956e-09	1.020396e+01	1.237055e+02
5.240000e-06	1.405555e-06	2.007674e-09	9.892839e+00	1.230764e+02
5.250000e-06	1.361263e-06	1.997103e-09	9.581095e+00	1.224344e+02
5.260000e-06	1.316923e-06	1.986179e-09	9.269013e+00	1.217790e+02
5.270000e-06	1.272470e-06	1.977458e-09	8.956137e+00	1.211097e+02
5.280000e-06	1.228017e-06	1.969056e-09	8.643257e+00	1.204262e+02
5.290000e-06	1.183577e-06	1.957272e-09	8.330471e+00	1.197277e+02
5.300000e-06	1.138955e-06	1.947890e-09	8.016408e+00	1.190137e+02
5.310000e-06	1.094219e-06	1.941597e-09	7.701533e+00	1.182835e+02
5.320000e-06	1.049371e-06	1.930544e-09	7.385875e+00	1.175363e+02
5.330000e-06	1.004306e-06	1.912716e-09	7.068690e+00	1.167711e+02
5.340000e-06	9.591736e-07	1.895842e-09	6.751034e+00	1.159872e+02
5.350000e-06	9.140451e-07	1.883002e-09	6.433402e+00	1.151834e+02
5.360000e-06	8.688922e-07	1.872180e-09	6.115598e+00	1.143589e+02
5.370000e-06	8.236844e-07	1.861881e-09	5.797409e+00	1.135123e+02
5.380000e-06	7.783104e-07	1.854301e-09	5.478049e+00	1.126427e+02
5.390000e-06	7.329264e-07	1.847453e-09	5.158619e+00	1.117487e+02
5.400000e-06	6.874905e-07	1.837588e-09	4.838823e+00	1.108291e+02
5.410000e-06	6.419107e-07	1.821728e-09	4.518015e+00	1.098826e+02
5.420000e-06	5.962567e-07	1.799986e-09	4.196685e+00	1.089079e+02
5.430000e-06	5.504845e-07	1.776925e-09	3.874522e+00	1.079037e+02
5.440000e-06	5.047034e-07	1.758210e-09	3.552297e+00	1.068685e+02
5.450000e-06	4.589475e-07	1.742992e-09	3.230250e+00	1.058010e+02
5.460000e-06	4.131463e-07	1.728941e-09	2.907883e+00	1.046998e+02
5.470000e-06	3.672706e-07	1.717205e-09	2.584992e+00	1.035635e+02
5.480000e-06	3.213660e-07	1.706591e-09	2.261898e+00	1.023908e+02
5.490000e-06	2.754565e-07	1.691309e-09	1.938769e+00	1.011803e+02
5.500000e-06	2.295232e-07	1.668000e-09	1.615473e+00	9.993046e+01
5.510000e-06	1.835282e-07	1.638707e-09	1.291742e+00	9.864006e+01
5.520000e-06	1.375983e-07	1.611229e-09	9.684700e-01	9.730771e+01
5.530000e-06	9.180666e-08	1.589061e-09	6.461707e-01	9.593203e+01
5.540000e-06	4.600859e-08	1.568527e-09	3.238262e-01	9.451169e+01
5.550000e-06	1.220711e-10	1.550218e-09	8.591834e-04	9.304533e+01
5.560000e-06	-4.584566e-08	1.533409e-09	-3.226795e-01	9.153159e+01
5.570000e-06	-9.184095e-08	1.511776e-09	-6.464121e-01	8.996913e+01
5.580000e-06	-1.377074e-07	1.483423e-09	-9.692378e-01	8.835659e+01
5.590000e-06	-1.834369e-07	1.449804e-09	-1.291100e+00	8.669260e+01
5.600000e-06	-2.292638e-07	1.413662e-09	-1.613647e+00	8.497579e+01
5.610000e-06	-2.752096e-07	1.381014e-09	-1.937032e+00	8.320478e+01
5.620000e-06	-3.210773e-07	1.352924e-09	-2.259866e+00	8.137818e+01
5.630000e-06	-3.668586e-07	1.327835e-09	-2.582092e+00	7.949458e+01
5.640000e-06	-4.126437e-07	1.300828e-09	-2.904345e+00	7.755257e+01
5.650000e-06	-4.583464e-07	1.268833e-09	-3.226019e+00	7.555075e+01
5.660000e-06	-5.039846e-07	1.230000e-09	-3.547238e+00	7.348770e+01
5.670000e-06	-5.496758e-07	1.187006e-09	-3.868830e+00	7.136206e+01
5.680000e-06	-5.953537e-07	1.144410e-09	-4.190329e+00	6.917244e+01
5.690000e-06	-6.409510e-07	1.104849e-09	-4.511260e+00	6.691753e+01
5.700000e-06	-6.863804e-07	1.068163e-09	-4.831010e+00	6.459606e+01
5.710000e-06	-7.316552e-07	1.034521e-09	-5.149671e+00	6.220684e+01
5.720000e-06	-7.769411e-07	9.994614e-10	-5.468411e+00	5.974877e+01
5.730000e-06	-8.221763e-07	9.583379e-10	-5.786794e+00	5.722086e+01
5.740000e-06	-8.673578e-07	9.141294e-10	-6.104799e+00	5.462226e+01
5.750000e-06	-9.125325e-07	8.712469e-10	-6.422756e+00	5.195231e+01
5.760000e-06	-9.576088e-07	8.287877e-10	-6.740020e+00	4.921052e+01
5.770000e-06	-1.002580e-06	7.827596e-10	-7.056543e+00	4.639663e+01
5.780000e-06	-1.047379e-06	7.355556e-10	-7.371856e+00	4.351061e+01
5.790000e-06	-1.092038e-06	6.914891e-10	-7.686188e+00	4.055273e+01
5.800000e-06	-1.136697e-06	6.491421e-10	-8.000510e+00	3.752355e+01
5.810000e-06	-1.181325e-06	6.024306e-10	-8.314624e+00	3.442396e+01
5.820000e-06	-1.225862e-06	5.492738e-10	-8.628091e+00	3.125521e+01
5.830000e-06	-1.270237e-06	4.937121e-10	-8.940416e+00	2.801889e+01
5.840000e-06	-1.314528e-06	4.404341e-10	-9.252157e+00	2.471701e+01
5.850000e-06	-1.358793e-06	3.892613e-10	-9.563708e+00	2.135198e+01
5.860000e-06	-1.403009e-06	3.368949e-10	-9.874919e+00	1.792662e+01
5.870000e-06	-1.447210e-06	2.839516e-10	-1.018602e+01	1.444416e+01
5.880000e-06	-1.491363e-06	2.332568e-10	-1.049679e+01	1.090826e+01
5.890000e-06	-1.535462e-06	1.811148e-10	-1.080718e+01	7.323002e+00
5.900000e-06	-1.579546e-06	1.199534e-10	-1.111745e+01	3.692867e+00
5.910000e-06	-1.623593e-06	5.320163e-11	-1.142748e+01	2.272949e-02
5.920000e-06	-1.667534e-06	-9.236742e-12	-1.173675e+01	-3.682163e+00
5.930000e-06	-1.711395e-06	-6.673344e-11	-1.204546e+01	-7.416218e+00
5.940000e-06	-1.755187e-06	-1.223560e-10	-1.235368e+01	-1.117353e+01
5.950000e-06	-1.798900e-06	-1.799681e-10	-1.266135e+01	-1.494791e+01
5.960000e-06	-1.842515e-06	-2.385965e-10	-1.296833e+01	-1.873294e+01
5.970000e-06	-1.886042e-06	-2.965706e-10	-1.327469e+01	-2.252202e+01
5.980000e-06	-1.929498e-06	-3.571094e-10	-1.358055e+01	-2.630838e+01
5.990000e-06	-1.972839e-06	-4.186020e-10	-1.388560e+01	-3.008518e+01
6.000000e-06	-2.016024e-06	-4.764160e-10	-1.418955e+01	-3.384554e+01
6.010000e-06	-2.059035e-06	-5.300894e-10	-1.449229e+01	-3.758262e+01
6.020000e-06	-2.101844e-06	-5.848056e-10	-1.479359e+01	-4.128963e+01
6.030000e-06	-2.144397e-06	-6.447330e-10	-1.509309e+01	-4.495993e+01
6.040000e-06	-2.186785e-06	-7.072140e-10	-1.539144e+01	-4.858708e+01
6.050000e-06	-2.229073e-06	-7.671029e-10	-1.568907e+01	-5.216488e+01
6.060000e-06	-2.271198e-06	-8.218691e-10	-1.598557e+01	-5.568742e+01
6.070000e-06	-2.313177e-06	-8.751858e-10	-1.628104e+01	-5.914917e+01
6.080000e-06	-2.354986e-06	-9.284368e-10	-1.657530e+01	-6.254497e+01
6.090000e-06	-2.396623e-06	-9.803104e-10	-1.686835e+01	-6.587011e+01
6.100000e-06	-2.438113e-06	-1.030277e-09	-1.716038e+01	-6.912032e+01
6.110000e-06	-2.479436e-06	-1.079678e-09	-1.745123e+01	-7.229188e+01
6.120000e-06	-2.520514e-06	-1.131023e-09	-1.774035e+01	-7.538156e+01
6.130000e-06	-2.561264e-06	-1.182121e-09	-1.802716e+01	-7.838668e+01
6.140000e-06	-2.601807e-06	-1.229390e-09	-1.831252e+01	-8.130509e+01
6.150000e-06	-2.642273e-06	-1.272524e-09	-1.859734e+01	-8.413523e+01
6.160000e-06	-2.682627e-06	-1.314388e-09	-1.888137e+01	-8.687604e+01
6.170000e-06	-2.722872e-06	-1.355141e-09	-1.916462e+01	-8.952703e+01
6.180000e-06	-2.763032e-06	-1.395991e-09	-1.944729e+01	-9.208820e+01
6.190000e-06	-2.803085e-06	-1.437066e-09	-1.972920e+01	-9.456008e+01
6.200000e-06	-2.843037e-06	-1.478221e-09	-2.001039e+01	-9.694363e+01
6.210000e-06	-2.882859e-06	-1.518219e-09	-2.029067e+01	-9.924024e+01
6.220000e-06	-2.922503e-06	-1.554803e-09	-2.056970e+01	-1.014517e+02
6.230000e-06	-2.961926e-06	-1.588009e-09	-2.084718e+01	-1.035801e+02
6.240000e-06	-3.001088e-06	-1.617981e-09	-2.112282e+01	-1.056280e+02
6.250000e-06	-3.039909e-06	-1.647537e-09	-2.139605e+01	-1.075979e+02
6.260000e-06	-3.078370e-06	-1.679404e-09	-2.166676e+01	-1.094928e+02
6.270000e-06	-3.116441e-06	-1.713760e-09	-2.193471e+01	-1.113156e+02
6.280000e-06	-3.154197e-06	-1.747600e-09	-2.220046e+01	-1.130696e+02
6.290000e-06	-3.191692e-06	-1.779159e-09	-2.246436e+01	-1.147578e+02
6.300000e-06	-3.228774e-06	-1.807279e-09	-2.272536e+01	-1.163835e+02
6.310000e-06	-3.265446e-06	-1.833174e-09	-2.298347e+01	-1.179498e+02
6.320000e-06	-3.301876e-06	-1.857670e-09	-2.323988e+01	-1.194598e+02
6.330000e-06	-3.338165e-06	-1.879520e-09	-2.349529e+01	-1.209164e+02
6.340000e-06	-3.374290e-06	-1.898244e-09	-2.374955e+01	-1.223223e+02
6.350000e-06	-3.410231e-06	-1.917802e-09	-2.400252e+01	-1.236803e+02
6.360000e-06	-3.446039e-06	-1.940340e-09	-2.425455e+01	-1.249928e+02
6.370000e-06	-3.481669e-06	-1.962968e-09	-2.450533e+01	-1.262619e+02
6.380000e-06	-3.517067e-06	-1.984467e-09	-2.475447e+01	-1.274897e+02
6.390000e-06	-3.552357e-06	-2.004752e-09	-2.500286e+01	-1.286780e+02
6.400000e-06	-3.587441e-06	-2.023689e-09	-2.524979e+01	-1.298282e+02
6.410000e-06	-3.622175e-06	-2.040314e-09	-2.549427e+01	-1.309418e+02
6.420000e-06	-3.656588e-06	-2.055308e-09	-2.573648e+01	-1.320199e+02
6.430000e-06	-3.690758e-06	-2.070111e-09	-2.597698e+01	-1.330634e+02
6.440000e-06	-3.724713e-06	-2.086482e-09	-2.621596e+01	-1.340730e+02
6.450000e-06	-3.758392e-06	-2.103063e-09	-2.645301e+01	-1.350494e+02
6.460000e-06	-3.791745e-06	-2.119397e-09	-2.668776e+01	-1.359930e+02
6.470000e-06	-3.824681e-06	-2.135281e-09	-2.691958e+01	-1.369042e+02
6.480000e-06	-3.857350e-06	-2.149262e-09	-2.714952e+01	-1.377832e+02
6.490000e-06	-3.889833e-06	-2.164013e-09	-2.737815e+01	-1.386303e+02
6.500000e-06	-3.922100e-06	-2.175419e-09	-2.760525e+01	-1.394457e+02
6.510000e-06	-3.954246e-06	-2.182587e-09	-2.783151e+01	-1.402296e+02
6.520000e-06	-3.986254e-06	-2.190478e-09	-2.805680e+01	-1.409822e+02
6.530000e-06	-4.018074e-06	-2.201904e-09	-2.828076e+01	-1.417038e+02
6.540000e-06	-4.049647e-06	-2.215278e-09	-2.850298e+01	-1.423947e+02
6.550000e-06	-4.080912e-06	-2.225983e-09	-2.872303e+01	-1.430554e+02
6.560000e-06	-4.111851e-06	-2.234478e-09	-2.894079e+01	-1.436863e+02
6.570000e-06	-4.142291e-06	-2.245160e-09	-2.915504e+01	-1.442880e+02
6.580000e-06	-4.172124e-06	-2.254952e-09	-2.936502e+01	-1.448613e+02
6.590000e-06	-4.201441e-06	-2.260360e-09	-2.957136e+01	-1.454071e+02
6.600000e-06	-4.230311e-06	-2.265524e-09	-2.977456e+01	-1.459261e+02
6.610000e-06	-4.258887e-06	-2.274194e-09	-2.997569e+01	-1.464196e+02
6.620000e-06	-4.287278e-06	-2.284568e-09	-3.017552e+01	-1.468885e+02
6.630000e-06	-4.315461e-06	-2.289872e-09	-3.037388e+01	-1.473342e+02
6.640000e-06	-4.343448e-06	-2.295446e-09	-3.057087e+01	-1.477579e+02
6.650000e-06	-4.371204e-06	-2.305736e-09	-3.076622e+01	-1.481610e+02
6.660000e-06	-4.398717e-06	-2.316655e-09	-3.095987e+01	-1.485448e+02
6.670000e-06	-4.425974e-06	-2.319828e-09	-3.115171e+01	-1.489107e+02
6.680000e-06	-4.452859e-06	-2.316276e-09	-3.134094e+01	-1.492602e+02
6.690000e-06	-4.479393e-06	-2.316870e-09	-3.152769e+01	-1.495945e+02
6.700000e-06	-4.505606e-06	-2.324562e-09	-3.171220e+01	-1.499149e+02
6.710000e-06	-4.531467e-06	-2.333378e-09	-3.189421e+01	-1.502228e+02
6.720000e-06	-4.557027e-06	-2.337625e-09	-3.207412e+01	-1.505193e+02
6.730000e-06	-4.582289e-06	-2.340297e-09	-3.225192e+01	-1.508054e+02
6.740000e-06	-4.607194e-06	-2.347856e-09	-3.242721e+01	-1.510821e+02
6.750000e-06	-4.631792e-06	-2.354369e-09	-3.260034e+01	-1.513502e+02
6.760000e-06	-4.656103e-06	-2.352771e-09	-3.277145e+01	-1.516105e+02
6.770000e-06	-4.680173e-06	-2.345920e-09	-3.294086e+01	-1.518635e+02
6.780000e-06	-4.704107e-06	-2.345435e-09	-3.310932e+01	-1.521097e+02
6.790000e-06	-4.727819e-06	-2.353126e-09	-3.327622e+01	-1.523493e+02
6.800000e-06	-4.751223e-06	-2.360614e-09	-3.344094e+01	-1.525826e+02
6.810000e-06	-4.774302e-06	-2.364930e-09	-3.360338e+01	-1.528096e+02
6.820000e-06	-4.796891e-06	-2.368089e-09	-3.376237e+01	-1.530302e+02
6.830000e-06	-4.818829e-06	-2.372225e-09	-3.391677e+01	-1.532444e+02
6.840000e-06	-4.840085e-06	-2.372917e-09	-3.406638e+01	-1.534518e+02
6.850000e-06	-4.860866e-06	-2.368334e-09	-3.421265e+01	-1.536522e+02
6.860000e-06	-4.881344e-06	-2.362372e-09	-3.435678e+01	-1.538453e+02
6.870000e-06	-4.901570e-06	-2.364558e-09	-3.449914e+01	-1.540306e+02
6.880000e-06	-4.921643e-06	-2.373041e-09	-3.464042e+01	-1.542078e+02
6.890000e-06	-4.941479e-06	-2.378331e-09	-3.478004e+01	-1.543766e+02
6.900000e-06	-4.960926e-06	-2.377906e-09	-3.491691e+01	-1.545365e+02
6.910000e-06	-4.980007e-06	-2.377693e-09	-3.505121e+01	-1.546874e+02
6.920000e-06	-4.998758e-06	-2.378386e-09	-3.518319e+01	-1.548289e+02
6.930000e-06	-5.017148e-06	-2.377112e-09	-3.531263e+01	-1.549609e+02
6.940000e-06	-5.035253e-06	-2.374879e-09	-3.544005e+01	-1.550834e+02
6.950000e-06	-5.053074e-06	-2.375834e-09	-3.556548e+01	-1.551963e+02
6.960000e-06	-5.070573e-06	-2.381201e-09	-3.568865e+01	-1.552998e+02
6.970000e-06	-5.087706e-06	-2.387023e-09	-3.580924e+01	-1.553941e+02
6.980000e-06	-5.104435e-06	-2.388782e-09	-3.592699e+01	-1.554796e+02
6.990000e-06	-5.120839e-06	-2.388621e-09	-3.604244e+01	-1.555566e+02
7.000000e-06	-5.137029e-06	-2.390490e-09	-3.615639e+01	-1.556256e+02
7.010000e-06	-5.153040e-06	-2.391718e-09	-3.626908e+01	-1.556874e+02
7.020000e-06	-5.168727e-06	-2.389553e-09	-3.637949e+01	-1.557425e+02
7.030000e-06	-5.183943e-06	-2.387237e-09	-3.648659e+01	-1.557918e+02
7.040000e-06	-5.198658e-06	-2.387424e-09	-3.659016e+01	-1.558359e+02
7.050000e-06	-5.212760e-06	-2.390218e-09	-3.668942e+01	-1.558758e+02
7.060000e-06	-5.226253e-06	-2.392924e-09	-3.678439e+01	-1.559121e+02
7.070000e-06	-5.239224e-06	-2.392530e-09	-3.687568e+01	-1.559459e+02
7.080000e-06	-5.251739e-06	-2.391108e-09	-3.696376e+01	-1.559777e+02
7.090000e-06	-5.263859e-06	-2.391522e-09	-3.704907e+01	-1.560084e+02
7.100000e-06	-5.275570e-06	-2.393209e-09	-3.713150e+01	-1.560387e+02
7.110000e-06	-5.286842e-06	-2.392969e-09	-3.721083e+01	-1.560692e+02
7.120000e-06	-5.297688e-06	-2.390993e-09	-3.728717e+01	-1.561003e+02
7.130000e-06	-5.308229e-06	-2.389458e-09	-3.736136e+01	-1.561324e+02
7.140000e-06	-5.318514e-06	-2.388934e-09	-3.743376e+01	-1.561660e+02
7.150000e-06	-5.328516e-06	-2.388641e-09	-3.750415e+01	-1.562010e+02
7.160000e-06	-5.338173e-06	-2.389518e-09	-3.757212e+01	-1.562376e+02
7.170000e-06	-5.347418e-06	-2.390285e-09	-3.763719e+01	-1.562757e+02
7.180000e-06	-5.356249e-06	-2.390922e-09	-3.769935e+01	-1.563151e+02
7.190000e-06	-5.364707e-06	-2.389670e-09	-3.775888e+01	-1.563554e+02
7.200000e-06	-5.372920e-06	-2.387185e-09	-3.781668e+01	-1.563962e+02
7.210000e-06	-5.380948e-06	-2.384872e-09	-3.787319e+01	-1.564370e+02
7.220000e-06	-5.388672e-06	-2.382157e-09	-3.792755e+01	-1.564771e+02
7.230000e-06	-5.396098e-06	-2.380772e-09	-3.797982e+01	-1.565159e+02
7.240000e-06	-5.403061e-06	-2.380987e-09	-3.802883e+01	-1.565525e+02
7.250000e-06	-5.409293e-06	-2.381886e-09	-3.807269e+01	-1.565862e+02
7.260000e-06	-5.414891e-06	-2.383843e-09	-3.811209e+01	-1.566162e+02
7.270000e-06	-5.419884e-06	-2.385192e-09	-3.814723e+01	-1.566417e+02
7.280000e-06	-5.424423e-06	-2.384440e-09	-3.817918e+01	-1.566619e+02
7.290000e-06	-5.428747e-06	-2.381108e-09	-3.820962e+01	-1.566761e+02
7.300000e-06	-5.432855e-06	-2.375879e-09	-3.823853e+01	-1.566837e+02
7.310000e-06	-5.436698e-06	-2.372521e-09	-3.826558e+01	-1.566840e+02
7.320000e-06	-5.440224e-06	-2.372834e-09	-3.829039e+01	-1.566767e+02
7.330000e-06	-5.443359e-06	-2.375244e-09	-3.831246e+01	-1.566614e+02
7.340000e-06	-5.446091e-06	-2.375798e-09	-3.833169e+01	-1.566378e+02
7.350000e-06	-5.448474e-06	-2.372287e-09	-3.834846e+01	-1.566060e+02
7.360000e-06	-5.450594e-06	-2.367474e-09	-3.836338e+01	-1.565659e+02
7.370000e-06	-5.452437e-06	-2.364957e-09	-3.837635e+01	-1.565178e+02
7.380000e-06	-5.453817e-06	-2.362844e-09	-3.838607e+01	-1.564620e+02
7.390000e-06	-5.454749e-06	-2.360438e-09	-3.839263e+01	-1.563991e+02
7.400000e-06	-5.455383e-06	-2.359985e-09	-3.839709e+01	-1.563297e+02
