# Temperatura_=_15.18
# Concentracion g/m^3_=_4090.0
# C_Vs_to_Am_M_A/Vsm_=_65563218390.804596
# pendiente_HvsI_1/m_=_3716.3
# ordenada_HvsI_A/m_=_1297.0
# frecuencia_Hz_=_135080.74703833958

Tiempo_(s)	Campo_(V.s)	Magnetizacion_(V.s)	Campo_(kA/m)	Magnetizacion_(A/m)
0.000000e+00	-5.389948e-06	-2.394693e-09	-3.838414e+01	-1.560924e+02
1.000000e-08	-5.390003e-06	-2.394789e-09	-3.838453e+01	-1.560141e+02
2.000000e-08	-5.389800e-06	-2.392797e-09	-3.838309e+01	-1.559354e+02
3.000000e-08	-5.389304e-06	-2.388640e-09	-3.837955e+01	-1.558576e+02
4.000000e-08	-5.388452e-06	-2.385926e-09	-3.837349e+01	-1.557817e+02
5.000000e-08	-5.387179e-06	-2.392224e-09	-3.836443e+01	-1.557087e+02
6.000000e-08	-5.385236e-06	-2.416666e-09	-3.835059e+01	-1.556396e+02
7.000000e-08	-5.382629e-06	-2.412257e-09	-3.833202e+01	-1.555753e+02
8.000000e-08	-5.379627e-06	-2.305169e-09	-3.831064e+01	-1.555165e+02
9.000000e-08	-5.376206e-06	-2.258391e-09	-3.828628e+01	-1.554639e+02
1.000000e-07	-5.372323e-06	-2.460536e-09	-3.825863e+01	-1.554181e+02
1.100000e-07	-5.368064e-06	-2.574739e-09	-3.822830e+01	-1.553793e+02
1.200000e-07	-5.363457e-06	-2.350245e-09	-3.819549e+01	-1.553479e+02
1.300000e-07	-5.358606e-06	-2.202203e-09	-3.816094e+01	-1.553239e+02
1.400000e-07	-5.353478e-06	-2.434593e-09	-3.812442e+01	-1.553072e+02
1.500000e-07	-5.347831e-06	-2.628218e-09	-3.808421e+01	-1.552976e+02
1.600000e-07	-5.341712e-06	-2.319894e-09	-3.804063e+01	-1.552946e+02
1.700000e-07	-5.335343e-06	-2.146035e-09	-3.799528e+01	-1.552976e+02
1.800000e-07	-5.328683e-06	-2.416729e-09	-3.794785e+01	-1.553060e+02
1.900000e-07	-5.321666e-06	-2.613394e-09	-3.789788e+01	-1.553188e+02
2.000000e-07	-5.314258e-06	-2.378631e-09	-3.784512e+01	-1.553352e+02
2.100000e-07	-5.306587e-06	-2.296998e-09	-3.779049e+01	-1.553541e+02
2.200000e-07	-5.298755e-06	-2.514657e-09	-3.773472e+01	-1.553743e+02
2.300000e-07	-5.290572e-06	-2.511139e-09	-3.767644e+01	-1.553946e+02
2.400000e-07	-5.281976e-06	-2.299857e-09	-3.761523e+01	-1.554137e+02
2.500000e-07	-5.272908e-06	-2.356837e-09	-3.755065e+01	-1.554304e+02
2.600000e-07	-5.263172e-06	-2.540579e-09	-3.748132e+01	-1.554435e+02
2.700000e-07	-5.252714e-06	-2.398335e-09	-3.740684e+01	-1.554515e+02
2.800000e-07	-5.241745e-06	-2.304250e-09	-3.732873e+01	-1.554533e+02
2.900000e-07	-5.230401e-06	-2.521936e-09	-3.724794e+01	-1.554479e+02
3.000000e-07	-5.218749e-06	-2.575587e-09	-3.716497e+01	-1.554339e+02
3.100000e-07	-5.206731e-06	-2.318380e-09	-3.707938e+01	-1.554106e+02
3.200000e-07	-5.194261e-06	-2.347022e-09	-3.699057e+01	-1.553771e+02
3.300000e-07	-5.181315e-06	-2.541530e-09	-3.689838e+01	-1.553325e+02
3.400000e-07	-5.167981e-06	-2.463527e-09	-3.680342e+01	-1.552763e+02
3.500000e-07	-5.154347e-06	-2.321090e-09	-3.670633e+01	-1.552079e+02
3.600000e-07	-5.140408e-06	-2.440273e-09	-3.660707e+01	-1.551272e+02
3.700000e-07	-5.126016e-06	-2.468053e-09	-3.650457e+01	-1.550338e+02
3.800000e-07	-5.111113e-06	-2.381961e-09	-3.639844e+01	-1.549277e+02
3.900000e-07	-5.095746e-06	-2.417612e-09	-3.628901e+01	-1.548091e+02
4.000000e-07	-5.079847e-06	-2.452026e-09	-3.617578e+01	-1.546782e+02
4.100000e-07	-5.063458e-06	-2.344806e-09	-3.605907e+01	-1.545353e+02
4.200000e-07	-5.046595e-06	-2.381083e-09	-3.593898e+01	-1.543809e+02
4.300000e-07	-5.029375e-06	-2.480437e-09	-3.581635e+01	-1.542156e+02
4.400000e-07	-5.011920e-06	-2.398417e-09	-3.569204e+01	-1.540400e+02
4.500000e-07	-4.994224e-06	-2.317926e-09	-3.556602e+01	-1.538550e+02
4.600000e-07	-4.976243e-06	-2.408275e-09	-3.543797e+01	-1.536613e+02
4.700000e-07	-4.957827e-06	-2.440395e-09	-3.530683e+01	-1.534597e+02
4.800000e-07	-4.938999e-06	-2.370867e-09	-3.517274e+01	-1.532511e+02
4.900000e-07	-4.919750e-06	-2.360831e-09	-3.503566e+01	-1.530363e+02
5.000000e-07	-4.900133e-06	-2.385103e-09	-3.489596e+01	-1.528163e+02
5.100000e-07	-4.880325e-06	-2.399086e-09	-3.475490e+01	-1.525918e+02
5.200000e-07	-4.860331e-06	-2.404987e-09	-3.461251e+01	-1.523636e+02
5.300000e-07	-4.840094e-06	-2.363904e-09	-3.446840e+01	-1.521324e+02
5.400000e-07	-4.819546e-06	-2.320215e-09	-3.432207e+01	-1.518989e+02
5.500000e-07	-4.798668e-06	-2.366285e-09	-3.417338e+01	-1.516637e+02
5.600000e-07	-4.777397e-06	-2.389352e-09	-3.402190e+01	-1.514273e+02
5.700000e-07	-4.755760e-06	-2.344635e-09	-3.386782e+01	-1.511901e+02
5.800000e-07	-4.733765e-06	-2.326932e-09	-3.371118e+01	-1.509524e+02
5.900000e-07	-4.711455e-06	-2.360429e-09	-3.355230e+01	-1.507144e+02
6.000000e-07	-4.688933e-06	-2.363931e-09	-3.339191e+01	-1.504762e+02
6.100000e-07	-4.666145e-06	-2.348349e-09	-3.322963e+01	-1.502378e+02
6.200000e-07	-4.643025e-06	-2.313796e-09	-3.306499e+01	-1.499993e+02
6.300000e-07	-4.619541e-06	-2.301064e-09	-3.289775e+01	-1.497604e+02
6.400000e-07	-4.595781e-06	-2.327938e-09	-3.272854e+01	-1.495209e+02
6.500000e-07	-4.571802e-06	-2.340123e-09	-3.255777e+01	-1.492806e+02
6.600000e-07	-4.547600e-06	-2.293520e-09	-3.238542e+01	-1.490391e+02
6.700000e-07	-4.523204e-06	-2.280421e-09	-3.221168e+01	-1.487960e+02
6.800000e-07	-4.498485e-06	-2.308572e-09	-3.203565e+01	-1.485508e+02
6.900000e-07	-4.473290e-06	-2.316647e-09	-3.185623e+01	-1.483032e+02
7.000000e-07	-4.447547e-06	-2.286210e-09	-3.167290e+01	-1.480527e+02
7.100000e-07	-4.421317e-06	-2.268579e-09	-3.148611e+01	-1.477988e+02
7.200000e-07	-4.394557e-06	-2.274999e-09	-3.129553e+01	-1.475411e+02
7.300000e-07	-4.367362e-06	-2.290487e-09	-3.110187e+01	-1.472791e+02
7.400000e-07	-4.339896e-06	-2.274542e-09	-3.090627e+01	-1.470124e+02
7.500000e-07	-4.312111e-06	-2.243894e-09	-3.070840e+01	-1.467407e+02
7.600000e-07	-4.284168e-06	-2.243072e-09	-3.050941e+01	-1.464637e+02
7.700000e-07	-4.256096e-06	-2.261042e-09	-3.030949e+01	-1.461811e+02
7.800000e-07	-4.227822e-06	-2.253228e-09	-3.010814e+01	-1.458927e+02
7.900000e-07	-4.199232e-06	-2.229653e-09	-2.990454e+01	-1.455984e+02
8.000000e-07	-4.170229e-06	-2.225805e-09	-2.969800e+01	-1.452980e+02
8.100000e-07	-4.140858e-06	-2.236054e-09	-2.948884e+01	-1.449916e+02
8.200000e-07	-4.111217e-06	-2.236301e-09	-2.927775e+01	-1.446793e+02
8.300000e-07	-4.081351e-06	-2.214160e-09	-2.906506e+01	-1.443610e+02
8.400000e-07	-4.051266e-06	-2.196797e-09	-2.885081e+01	-1.440370e+02
8.500000e-07	-4.021018e-06	-2.200524e-09	-2.863540e+01	-1.437075e+02
8.600000e-07	-3.990396e-06	-2.205706e-09	-2.841733e+01	-1.433727e+02
8.700000e-07	-3.959324e-06	-2.187753e-09	-2.819605e+01	-1.430330e+02
8.800000e-07	-3.928068e-06	-2.168487e-09	-2.797346e+01	-1.426886e+02
8.900000e-07	-3.896689e-06	-2.170135e-09	-2.775000e+01	-1.423400e+02
9.000000e-07	-3.865054e-06	-2.183164e-09	-2.752471e+01	-1.419874e+02
9.100000e-07	-3.833163e-06	-2.173203e-09	-2.729761e+01	-1.416314e+02
9.200000e-07	-3.801124e-06	-2.151908e-09	-2.706944e+01	-1.412722e+02
9.300000e-07	-3.768935e-06	-2.138332e-09	-2.684021e+01	-1.409104e+02
9.400000e-07	-3.736553e-06	-2.139528e-09	-2.660961e+01	-1.405461e+02
9.500000e-07	-3.703954e-06	-2.132529e-09	-2.637745e+01	-1.401799e+02
9.600000e-07	-3.671008e-06	-2.118303e-09	-2.614283e+01	-1.398121e+02
9.700000e-07	-3.637632e-06	-2.111454e-09	-2.590515e+01	-1.394429e+02
9.800000e-07	-3.603882e-06	-2.117878e-09	-2.566480e+01	-1.390726e+02
9.900000e-07	-3.569728e-06	-2.114784e-09	-2.542157e+01	-1.387015e+02
1.000000e-06	-3.535085e-06	-2.100741e-09	-2.517486e+01	-1.383298e+02
1.010000e-06	-3.499950e-06	-2.085432e-09	-2.492465e+01	-1.379575e+02
1.020000e-06	-3.464423e-06	-2.078989e-09	-2.467165e+01	-1.375849e+02
1.030000e-06	-3.428730e-06	-2.073665e-09	-2.441747e+01	-1.372118e+02
1.040000e-06	-3.392948e-06	-2.068037e-09	-2.416265e+01	-1.368384e+02
1.050000e-06	-3.357002e-06	-2.062665e-09	-2.390666e+01	-1.364645e+02
1.060000e-06	-3.320904e-06	-2.062214e-09	-2.364959e+01	-1.360900e+02
1.070000e-06	-3.284685e-06	-2.059159e-09	-2.339166e+01	-1.357148e+02
1.080000e-06	-3.248358e-06	-2.046954e-09	-2.313296e+01	-1.353386e+02
1.090000e-06	-3.211776e-06	-2.030074e-09	-2.287244e+01	-1.349612e+02
1.100000e-06	-3.174890e-06	-2.022774e-09	-2.260976e+01	-1.345821e+02
1.110000e-06	-3.137736e-06	-2.025052e-09	-2.234517e+01	-1.342012e+02
1.120000e-06	-3.100361e-06	-2.022929e-09	-2.207901e+01	-1.338179e+02
1.130000e-06	-3.062762e-06	-2.012775e-09	-2.181125e+01	-1.334318e+02
1.140000e-06	-3.024937e-06	-2.003973e-09	-2.154188e+01	-1.330424e+02
1.150000e-06	-2.986986e-06	-1.999534e-09	-2.127162e+01	-1.326493e+02
1.160000e-06	-2.948791e-06	-1.989707e-09	-2.099961e+01	-1.322518e+02
1.170000e-06	-2.910386e-06	-1.976122e-09	-2.072612e+01	-1.318493e+02
1.180000e-06	-2.871910e-06	-1.964234e-09	-2.045211e+01	-1.314414e+02
1.190000e-06	-2.833181e-06	-1.963012e-09	-2.017630e+01	-1.310273e+02
1.200000e-06	-2.794043e-06	-1.960352e-09	-1.989759e+01	-1.306065e+02
1.210000e-06	-2.754683e-06	-1.952393e-09	-1.961729e+01	-1.301783e+02
1.220000e-06	-2.715249e-06	-1.944130e-09	-1.933646e+01	-1.297420e+02
1.230000e-06	-2.675622e-06	-1.940505e-09	-1.905426e+01	-1.292972e+02
1.240000e-06	-2.635850e-06	-1.932094e-09	-1.877103e+01	-1.288430e+02
1.250000e-06	-2.596006e-06	-1.921847e-09	-1.848728e+01	-1.283789e+02
1.260000e-06	-2.556065e-06	-1.907588e-09	-1.820284e+01	-1.279043e+02
1.270000e-06	-2.516038e-06	-1.897083e-09	-1.791779e+01	-1.274187e+02
1.280000e-06	-2.475900e-06	-1.893785e-09	-1.763195e+01	-1.269214e+02
1.290000e-06	-2.435686e-06	-1.892065e-09	-1.734557e+01	-1.264119e+02
1.300000e-06	-2.395393e-06	-1.883145e-09	-1.705863e+01	-1.258898e+02
1.310000e-06	-2.354956e-06	-1.872097e-09	-1.677066e+01	-1.253546e+02
1.320000e-06	-2.314323e-06	-1.862715e-09	-1.648130e+01	-1.248058e+02
1.330000e-06	-2.273415e-06	-1.853312e-09	-1.618997e+01	-1.242432e+02
1.340000e-06	-2.232215e-06	-1.840458e-09	-1.589656e+01	-1.236663e+02
1.350000e-06	-2.190783e-06	-1.827753e-09	-1.560151e+01	-1.230750e+02
1.360000e-06	-2.149125e-06	-1.819468e-09	-1.530485e+01	-1.224690e+02
1.370000e-06	-2.107066e-06	-1.814091e-09	-1.500532e+01	-1.218481e+02
1.380000e-06	-2.064523e-06	-1.805678e-09	-1.470236e+01	-1.212123e+02
1.390000e-06	-2.021742e-06	-1.793389e-09	-1.439770e+01	-1.205615e+02
1.400000e-06	-1.978852e-06	-1.782064e-09	-1.409226e+01	-1.198956e+02
1.410000e-06	-1.935847e-06	-1.771302e-09	-1.378600e+01	-1.192146e+02
1.420000e-06	-1.892667e-06	-1.759181e-09	-1.347850e+01	-1.185188e+02
1.430000e-06	-1.849254e-06	-1.743107e-09	-1.316934e+01	-1.178081e+02
1.440000e-06	-1.805679e-06	-1.726255e-09	-1.285902e+01	-1.170827e+02
1.450000e-06	-1.762016e-06	-1.713406e-09	-1.254808e+01	-1.163427e+02
1.460000e-06	-1.718300e-06	-1.705350e-09	-1.223675e+01	-1.155883e+02
1.470000e-06	-1.674469e-06	-1.695105e-09	-1.192462e+01	-1.148197e+02
1.480000e-06	-1.630566e-06	-1.683738e-09	-1.161197e+01	-1.140370e+02
1.490000e-06	-1.586627e-06	-1.673725e-09	-1.129905e+01	-1.132403e+02
1.500000e-06	-1.542600e-06	-1.665399e-09	-1.098552e+01	-1.124298e+02
1.510000e-06	-1.498506e-06	-1.653547e-09	-1.067151e+01	-1.116056e+02
1.520000e-06	-1.454343e-06	-1.636315e-09	-1.035701e+01	-1.107676e+02
1.530000e-06	-1.410103e-06	-1.619196e-09	-1.004195e+01	-1.099158e+02
1.540000e-06	-1.365818e-06	-1.606537e-09	-9.726578e+00	-1.090500e+02
1.550000e-06	-1.321489e-06	-1.594243e-09	-9.410890e+00	-1.081701e+02
1.560000e-06	-1.277128e-06	-1.581091e-09	-9.094979e+00	-1.072758e+02
1.570000e-06	-1.232705e-06	-1.567725e-09	-8.778621e+00	-1.063666e+02
1.580000e-06	-1.188228e-06	-1.560089e-09	-8.461882e+00	-1.054420e+02
1.590000e-06	-1.143723e-06	-1.553185e-09	-8.144948e+00	-1.045015e+02
1.600000e-06	-1.099077e-06	-1.538754e-09	-7.827002e+00	-1.035441e+02
1.610000e-06	-1.054300e-06	-1.516193e-09	-7.508123e+00	-1.025692e+02
1.620000e-06	-1.009415e-06	-1.495535e-09	-7.188479e+00	-1.015756e+02
1.630000e-06	-9.643213e-07	-1.478873e-09	-6.867348e+00	-1.005623e+02
1.640000e-06	-9.191850e-07	-1.460946e-09	-6.545913e+00	-9.952796e+01
1.650000e-06	-8.741594e-07	-1.441686e-09	-6.225266e+00	-9.847128e+01
1.660000e-06	-8.290367e-07	-1.427920e-09	-5.903928e+00	-9.739079e+01
1.670000e-06	-7.837094e-07	-1.421990e-09	-5.581132e+00	-9.628492e+01
1.680000e-06	-7.383260e-07	-1.411632e-09	-5.257938e+00	-9.515204e+01
1.690000e-06	-6.929211e-07	-1.388091e-09	-4.934590e+00	-9.399042e+01
1.700000e-06	-6.474831e-07	-1.360085e-09	-4.611006e+00	-9.279829e+01
1.710000e-06	-6.020680e-07	-1.337950e-09	-4.287586e+00	-9.157382e+01
1.720000e-06	-5.565631e-07	-1.320143e-09	-3.963526e+00	-9.031517e+01
1.730000e-06	-5.109628e-07	-1.299448e-09	-3.638787e+00	-8.902048e+01
1.740000e-06	-4.653243e-07	-1.277439e-09	-3.313775e+00	-8.768789e+01
1.750000e-06	-4.196345e-07	-1.262762e-09	-2.988398e+00	-8.631561e+01
1.760000e-06	-3.739140e-07	-1.251443e-09	-2.662803e+00	-8.490184e+01
1.770000e-06	-3.281098e-07	-1.230946e-09	-2.336612e+00	-8.344489e+01
1.780000e-06	-2.822551e-07	-1.199569e-09	-2.010060e+00	-8.194314e+01
1.790000e-06	-2.364461e-07	-1.169140e-09	-1.683834e+00	-8.039507e+01
1.800000e-06	-1.907585e-07	-1.145274e-09	-1.358473e+00	-7.879927e+01
1.810000e-06	-1.450229e-07	-1.124069e-09	-1.032771e+00	-7.715448e+01
1.820000e-06	-9.916138e-08	-1.099333e-09	-7.061709e-01	-7.545958e+01
1.830000e-06	-5.340034e-08	-1.074445e-09	-3.802868e-01	-7.371359e+01
1.840000e-06	-7.618346e-09	-1.049695e-09	-5.425353e-02	-7.191572e+01
1.850000e-06	3.823564e-08	-1.022132e-09	2.722925e-01	-7.006534e+01
1.860000e-06	8.400801e-08	-9.889677e-10	5.982572e-01	-6.816202e+01
1.870000e-06	1.297218e-07	-9.561958e-10	9.238048e-01	-6.620549e+01
1.880000e-06	1.754405e-07	-9.294602e-10	1.249387e+00	-6.419567e+01
1.890000e-06	2.212050e-07	-9.040866e-10	1.575296e+00	-6.213268e+01
1.900000e-06	2.669806e-07	-8.715846e-10	1.901284e+00	-6.001680e+01
1.910000e-06	3.126785e-07	-8.357732e-10	2.226719e+00	-5.784851e+01
1.920000e-06	3.582987e-07	-8.035821e-10	2.551600e+00	-5.562844e+01
1.930000e-06	4.039540e-07	-7.724525e-10	2.876731e+00	-5.335739e+01
1.940000e-06	4.496305e-07	-7.356276e-10	3.202013e+00	-5.103633e+01
1.950000e-06	4.952359e-07	-6.953552e-10	3.526788e+00	-4.866634e+01
1.960000e-06	5.407503e-07	-6.590752e-10	3.850916e+00	-4.624865e+01
1.970000e-06	5.862059e-07	-6.266354e-10	4.174625e+00	-4.378463e+01
1.980000e-06	6.316342e-07	-5.915317e-10	4.498140e+00	-4.127572e+01
1.990000e-06	6.769482e-07	-5.515055e-10	4.820840e+00	-3.872349e+01
2.000000e-06	7.221838e-07	-5.132260e-10	5.142982e+00	-3.612958e+01
2.010000e-06	7.674476e-07	-4.767700e-10	5.465325e+00	-3.349572e+01
2.020000e-06	8.127082e-07	-4.369598e-10	5.787646e+00	-3.082368e+01
2.030000e-06	8.580035e-07	-3.925975e-10	6.110213e+00	-2.811530e+01
2.040000e-06	9.032405e-07	-3.487473e-10	6.432365e+00	-2.537246e+01
2.050000e-06	9.483350e-07	-3.086027e-10	6.753503e+00	-2.259711e+01
2.060000e-06	9.932316e-07	-2.686890e-10	7.073231e+00	-1.979118e+01
2.070000e-06	1.037971e-06	-2.248809e-10	7.391837e+00	-1.695667e+01
2.080000e-06	1.082714e-06	-1.806548e-10	7.710470e+00	-1.409559e+01
2.090000e-06	1.127342e-06	-1.379973e-10	8.028286e+00	-1.120999e+01
2.100000e-06	1.171861e-06	-9.555942e-11	8.345324e+00	-8.301907e+00
2.110000e-06	1.216357e-06	-5.227031e-11	8.662204e+00	-5.373438e+00
2.120000e-06	1.260805e-06	-1.175838e-11	8.978733e+00	-2.426684e+00
2.130000e-06	1.305184e-06	2.517602e-11	9.294775e+00	5.362208e-01
2.140000e-06	1.349457e-06	6.603991e-11	9.610067e+00	3.513117e+00
2.150000e-06	1.393699e-06	1.169109e-10	9.925135e+00	6.501813e+00
2.160000e-06	1.437929e-06	1.705571e-10	1.024011e+01	9.500082e+00
2.170000e-06	1.482096e-06	2.182738e-10	1.055464e+01	1.250566e+01
2.180000e-06	1.526210e-06	2.602538e-10	1.086880e+01	1.551625e+01
2.190000e-06	1.570249e-06	3.008848e-10	1.118242e+01	1.852949e+01
2.200000e-06	1.614222e-06	3.404842e-10	1.149557e+01	2.154301e+01
2.210000e-06	1.658116e-06	3.790573e-10	1.180816e+01	2.455438e+01
2.220000e-06	1.701971e-06	4.209825e-10	1.212047e+01	2.756111e+01
2.230000e-06	1.745853e-06	4.681857e-10	1.243297e+01	3.056070e+01
2.240000e-06	1.789621e-06	5.182200e-10	1.274466e+01	3.355059e+01
2.250000e-06	1.833197e-06	5.654798e-10	1.305499e+01	3.652821e+01
2.260000e-06	1.876602e-06	6.087925e-10	1.336409e+01	3.949095e+01
2.270000e-06	1.919801e-06	6.504548e-10	1.367173e+01	4.243618e+01
2.280000e-06	1.962727e-06	6.905935e-10	1.397743e+01	4.536128e+01
2.290000e-06	2.005585e-06	7.292556e-10	1.428264e+01	4.826362e+01
2.300000e-06	2.048263e-06	7.687754e-10	1.458657e+01	5.114059e+01
2.310000e-06	2.090466e-06	8.091523e-10	1.488711e+01	5.398961e+01
2.320000e-06	2.132375e-06	8.506638e-10	1.518556e+01	5.680815e+01
2.330000e-06	2.174126e-06	8.930093e-10	1.548289e+01	5.959372e+01
2.340000e-06	2.215697e-06	9.338806e-10	1.577893e+01	6.234393e+01
2.350000e-06	2.256993e-06	9.726700e-10	1.607302e+01	6.505645e+01
2.360000e-06	2.298082e-06	1.011615e-09	1.636563e+01	6.772908e+01
2.370000e-06	2.338956e-06	1.049080e-09	1.665672e+01	7.035972e+01
2.380000e-06	2.379590e-06	1.084942e-09	1.694609e+01	7.294642e+01
2.390000e-06	2.420051e-06	1.120654e-09	1.723423e+01	7.548735e+01
2.400000e-06	2.460318e-06	1.156291e-09	1.752098e+01	7.798088e+01
2.410000e-06	2.500479e-06	1.190094e-09	1.780699e+01	8.042550e+01
2.420000e-06	2.540580e-06	1.221646e-09	1.809257e+01	8.281991e+01
2.430000e-06	2.580563e-06	1.254413e-09	1.837730e+01	8.516298e+01
2.440000e-06	2.620402e-06	1.287032e-09	1.866101e+01	8.745377e+01
2.450000e-06	2.660071e-06	1.318294e-09	1.894351e+01	8.969153e+01
2.460000e-06	2.699597e-06	1.349735e-09	1.922499e+01	9.187571e+01
2.470000e-06	2.738981e-06	1.380700e-09	1.950547e+01	9.400593e+01
2.480000e-06	2.778153e-06	1.411428e-09	1.978442e+01	9.608202e+01
2.490000e-06	2.817095e-06	1.441014e-09	2.006175e+01	9.810396e+01
2.500000e-06	2.855818e-06	1.467686e-09	2.033751e+01	1.000719e+02
2.510000e-06	2.894357e-06	1.493551e-09	2.061197e+01	1.019863e+02
2.520000e-06	2.932742e-06	1.521585e-09	2.088532e+01	1.038474e+02
2.530000e-06	2.970919e-06	1.551225e-09	2.115720e+01	1.056560e+02
2.540000e-06	3.008828e-06	1.579646e-09	2.142716e+01	1.074128e+02
2.550000e-06	3.046562e-06	1.607192e-09	2.169588e+01	1.091186e+02
2.560000e-06	3.084160e-06	1.632766e-09	2.196363e+01	1.107744e+02
2.570000e-06	3.121542e-06	1.655370e-09	2.222984e+01	1.123811e+02
2.580000e-06	3.158713e-06	1.675205e-09	2.249456e+01	1.139399e+02
2.590000e-06	3.195664e-06	1.693666e-09	2.275770e+01	1.154518e+02
2.600000e-06	3.232386e-06	1.713607e-09	2.301922e+01	1.169181e+02
2.610000e-06	3.268840e-06	1.734836e-09	2.327882e+01	1.183399e+02
2.620000e-06	3.305117e-06	1.755523e-09	2.353716e+01	1.197183e+02
2.630000e-06	3.341305e-06	1.775347e-09	2.379488e+01	1.210545e+02
2.640000e-06	3.377321e-06	1.795051e-09	2.405136e+01	1.223496e+02
2.650000e-06	3.413202e-06	1.814363e-09	2.430688e+01	1.236049e+02
2.660000e-06	3.448909e-06	1.831758e-09	2.456117e+01	1.248212e+02
2.670000e-06	3.484349e-06	1.847269e-09	2.481355e+01	1.259997e+02
2.680000e-06	3.519511e-06	1.863140e-09	2.506396e+01	1.271414e+02
2.690000e-06	3.554314e-06	1.879010e-09	2.531180e+01	1.282472e+02
2.700000e-06	3.588742e-06	1.894398e-09	2.555698e+01	1.293180e+02
2.710000e-06	3.622775e-06	1.910173e-09	2.579935e+01	1.303546e+02
2.720000e-06	3.656398e-06	1.926192e-09	2.603879e+01	1.313580e+02
2.730000e-06	3.689649e-06	1.941590e-09	2.627558e+01	1.323287e+02
2.740000e-06	3.722503e-06	1.954137e-09	2.650955e+01	1.332677e+02
2.750000e-06	3.754997e-06	1.964034e-09	2.674096e+01	1.341755e+02
2.760000e-06	3.787284e-06	1.975719e-09	2.697088e+01	1.350530e+02
2.770000e-06	3.819404e-06	1.989783e-09	2.719962e+01	1.359006e+02
2.780000e-06	3.851339e-06	2.001221e-09	2.742705e+01	1.367192e+02
2.790000e-06	3.883037e-06	2.009715e-09	2.765278e+01	1.375093e+02
2.800000e-06	3.914536e-06	2.020061e-09	2.787710e+01	1.382716e+02
2.810000e-06	3.945858e-06	2.032111e-09	2.810015e+01	1.390068e+02
2.820000e-06	3.976918e-06	2.041452e-09	2.832135e+01	1.397155e+02
2.830000e-06	4.007716e-06	2.048893e-09	2.854067e+01	1.403985e+02
2.840000e-06	4.038214e-06	2.060598e-09	2.875786e+01	1.410564e+02
2.850000e-06	4.068399e-06	2.077260e-09	2.897282e+01	1.416899e+02
2.860000e-06	4.098308e-06	2.091707e-09	2.918582e+01	1.422999e+02
2.870000e-06	4.127892e-06	2.098907e-09	2.939650e+01	1.428870e+02
2.880000e-06	4.157224e-06	2.102704e-09	2.960538e+01	1.434521e+02
2.890000e-06	4.186296e-06	2.106481e-09	2.981242e+01	1.439959e+02
2.900000e-06	4.215062e-06	2.111222e-09	3.001727e+01	1.445193e+02
2.910000e-06	4.243598e-06	2.115887e-09	3.022049e+01	1.450230e+02
2.920000e-06	4.271908e-06	2.121787e-09	3.042210e+01	1.455079e+02
2.930000e-06	4.300016e-06	2.132388e-09	3.062227e+01	1.459747e+02
2.940000e-06	4.327923e-06	2.146073e-09	3.082100e+01	1.464243e+02
2.950000e-06	4.355617e-06	2.159033e-09	3.101822e+01	1.468574e+02
2.960000e-06	4.383085e-06	2.166839e-09	3.121384e+01	1.472748e+02
2.970000e-06	4.410144e-06	2.169314e-09	3.140654e+01	1.476771e+02
2.980000e-06	4.436707e-06	2.170423e-09	3.159570e+01	1.480651e+02
2.990000e-06	4.462738e-06	2.171259e-09	3.178108e+01	1.484393e+02
3.000000e-06	4.488234e-06	2.174061e-09	3.196265e+01	1.488004e+02
3.010000e-06	4.513261e-06	2.180720e-09	3.214088e+01	1.491489e+02
3.020000e-06	4.537863e-06	2.188911e-09	3.231608e+01	1.494852e+02
3.030000e-06	4.562168e-06	2.198376e-09	3.248916e+01	1.498099e+02
3.040000e-06	4.586191e-06	2.206599e-09	3.266024e+01	1.501232e+02
3.050000e-06	4.609963e-06	2.208807e-09	3.282953e+01	1.504255e+02
3.060000e-06	4.633465e-06	2.207098e-09	3.299690e+01	1.507171e+02
3.070000e-06	4.656698e-06	2.206685e-09	3.316236e+01	1.509982e+02
3.080000e-06	4.679660e-06	2.210006e-09	3.332588e+01	1.512691e+02
3.090000e-06	4.702285e-06	2.217710e-09	3.348700e+01	1.515298e+02
3.100000e-06	4.724610e-06	2.228032e-09	3.364599e+01	1.517805e+02
3.110000e-06	4.746628e-06	2.236488e-09	3.380279e+01	1.520215e+02
3.120000e-06	4.768278e-06	2.240323e-09	3.395696e+01	1.522526e+02
3.130000e-06	4.789537e-06	2.242490e-09	3.410836e+01	1.524742e+02
3.140000e-06	4.810536e-06	2.246256e-09	3.425790e+01	1.526863e+02
3.150000e-06	4.831281e-06	2.249803e-09	3.440564e+01	1.528890e+02
3.160000e-06	4.851674e-06	2.249522e-09	3.455086e+01	1.530825e+02
3.170000e-06	4.871829e-06	2.248109e-09	3.469439e+01	1.532670e+02
3.180000e-06	4.891736e-06	2.252758e-09	3.483616e+01	1.534427e+02
3.190000e-06	4.911320e-06	2.262059e-09	3.497563e+01	1.536099e+02
3.200000e-06	4.930638e-06	2.266790e-09	3.511320e+01	1.537689e+02
3.210000e-06	4.949706e-06	2.266603e-09	3.524899e+01	1.539199e+02
3.220000e-06	4.968294e-06	2.267971e-09	3.538136e+01	1.540635e+02
3.230000e-06	4.986374e-06	2.272638e-09	3.551012e+01	1.542000e+02
3.240000e-06	5.004189e-06	2.276034e-09	3.563698e+01	1.543299e+02
3.250000e-06	5.021652e-06	2.274503e-09	3.576135e+01	1.544537e+02
3.260000e-06	5.038735e-06	2.274277e-09	3.588300e+01	1.545720e+02
3.270000e-06	5.055569e-06	2.280066e-09	3.600289e+01	1.546853e+02
3.280000e-06	5.072057e-06	2.286556e-09	3.612031e+01	1.547941e+02
3.290000e-06	5.088027e-06	2.287733e-09	3.623404e+01	1.548991e+02
3.300000e-06	5.103561e-06	2.286939e-09	3.634466e+01	1.550007e+02
3.310000e-06	5.118744e-06	2.291320e-09	3.645278e+01	1.550997e+02
3.320000e-06	5.133475e-06	2.297602e-09	3.655769e+01	1.551964e+02
3.330000e-06	5.147787e-06	2.298585e-09	3.665961e+01	1.552913e+02
3.340000e-06	5.161785e-06	2.297638e-09	3.675930e+01	1.553849e+02
3.350000e-06	5.175420e-06	2.300917e-09	3.685640e+01	1.554776e+02
3.360000e-06	5.188674e-06	2.305584e-09	3.695079e+01	1.555696e+02
3.370000e-06	5.201571e-06	2.306509e-09	3.704263e+01	1.556612e+02
3.380000e-06	5.214133e-06	2.304822e-09	3.713209e+01	1.557525e+02
3.390000e-06	5.226337e-06	2.309632e-09	3.721900e+01	1.558435e+02
3.400000e-06	5.238172e-06	2.319726e-09	3.730328e+01	1.559343e+02
3.410000e-06	5.249580e-06	2.325327e-09	3.738452e+01	1.560246e+02
3.420000e-06	5.260367e-06	2.324445e-09	3.746135e+01	1.561143e+02
3.430000e-06	5.270568e-06	2.325708e-09	3.753399e+01	1.562030e+02
3.440000e-06	5.280300e-06	2.328327e-09	3.760329e+01	1.562903e+02
3.450000e-06	5.289428e-06	2.326987e-09	3.766830e+01	1.563758e+02
3.460000e-06	5.297989e-06	2.323901e-09	3.772926e+01	1.564588e+02
3.470000e-06	5.306273e-06	2.325546e-09	3.778826e+01	1.565389e+02
3.480000e-06	5.314338e-06	2.333901e-09	3.784569e+01	1.566153e+02
3.490000e-06	5.322084e-06	2.339254e-09	3.790086e+01	1.566875e+02
3.500000e-06	5.329472e-06	2.337639e-09	3.795347e+01	1.567546e+02
3.510000e-06	5.336592e-06	2.336181e-09	3.800418e+01	1.568160e+02
3.520000e-06	5.343302e-06	2.338003e-09	3.805196e+01	1.568710e+02
3.530000e-06	5.349566e-06	2.337797e-09	3.809657e+01	1.569191e+02
3.540000e-06	5.355573e-06	2.334787e-09	3.813934e+01	1.569596e+02
3.550000e-06	5.361249e-06	2.335296e-09	3.817977e+01	1.569920e+02
3.560000e-06	5.366530e-06	2.342110e-09	3.821737e+01	1.570160e+02
3.570000e-06	5.371394e-06	2.349722e-09	3.825201e+01	1.570310e+02
3.580000e-06	5.375862e-06	2.349033e-09	3.828383e+01	1.570370e+02
3.590000e-06	5.380034e-06	2.342774e-09	3.831354e+01	1.570338e+02
3.600000e-06	5.383965e-06	2.340248e-09	3.834153e+01	1.570214e+02
3.610000e-06	5.387650e-06	2.342000e-09	3.836778e+01	1.569999e+02
3.620000e-06	5.391015e-06	2.341457e-09	3.839174e+01	1.569697e+02
3.630000e-06	5.393875e-06	2.336353e-09	3.841211e+01	1.569310e+02
3.640000e-06	5.396205e-06	2.338351e-09	3.842871e+01	1.568845e+02
3.650000e-06	5.398011e-06	2.348006e-09	3.844156e+01	1.568307e+02
3.660000e-06	5.399291e-06	2.354842e-09	3.845068e+01	1.567704e+02
3.670000e-06	5.400116e-06	2.352678e-09	3.845655e+01	1.567046e+02
3.680000e-06	5.400521e-06	2.348568e-09	3.845944e+01	1.566340e+02
3.690000e-06	5.400600e-06	2.345592e-09	3.846000e+01	1.565597e+02
3.700000e-06	5.400407e-06	2.341781e-09	3.845863e+01	1.564828e+02
3.710000e-06	5.399910e-06	2.336492e-09	3.845509e+01	1.564044e+02
3.720000e-06	5.399090e-06	2.335306e-09	3.844925e+01	1.563256e+02
3.730000e-06	5.397974e-06	2.343968e-09	3.844130e+01	1.562475e+02
3.740000e-06	5.396511e-06	2.351819e-09	3.843088e+01	1.561712e+02
3.750000e-06	5.394699e-06	2.332957e-09	3.841798e+01	1.560977e+02
3.760000e-06	5.392584e-06	2.288441e-09	3.840291e+01	1.560281e+02
3.770000e-06	5.390074e-06	2.342527e-09	3.838504e+01	1.559632e+02
3.780000e-06	5.387172e-06	2.495130e-09	3.836437e+01	1.559037e+02
3.790000e-06	5.383922e-06	2.387678e-09	3.834123e+01	1.558504e+02
3.800000e-06	5.380323e-06	2.128117e-09	3.831560e+01	1.558038e+02
3.810000e-06	5.376409e-06	2.233003e-09	3.828773e+01	1.557643e+02
3.820000e-06	5.372180e-06	2.484664e-09	3.825761e+01	1.557321e+02
3.830000e-06	5.367568e-06	2.429178e-09	3.822477e+01	1.557073e+02
3.840000e-06	5.362568e-06	2.106019e-09	3.818916e+01	1.556899e+02
3.850000e-06	5.357082e-06	2.218535e-09	3.815009e+01	1.556795e+02
3.860000e-06	5.350939e-06	2.624648e-09	3.810634e+01	1.556757e+02
3.870000e-06	5.344225e-06	2.482450e-09	3.805853e+01	1.556781e+02
3.880000e-06	5.337176e-06	2.082911e-09	3.800833e+01	1.556859e+02
3.890000e-06	5.329762e-06	2.207542e-09	3.795554e+01	1.556983e+02
3.900000e-06	5.321916e-06	2.593676e-09	3.789966e+01	1.557142e+02
3.910000e-06	5.313771e-06	2.336370e-09	3.784165e+01	1.557328e+02
3.920000e-06	5.305382e-06	2.017631e-09	3.778191e+01	1.557527e+02
3.930000e-06	5.296697e-06	2.354474e-09	3.772006e+01	1.557729e+02
3.940000e-06	5.287592e-06	2.674459e-09	3.765522e+01	1.557920e+02
3.950000e-06	5.278116e-06	2.290610e-09	3.758774e+01	1.558088e+02
3.960000e-06	5.268288e-06	2.080396e-09	3.751775e+01	1.558220e+02
3.970000e-06	5.258006e-06	2.482115e-09	3.744453e+01	1.558303e+02
3.980000e-06	5.247369e-06	2.550784e-09	3.736878e+01	1.558325e+02
3.990000e-06	5.236421e-06	2.129095e-09	3.729081e+01	1.558275e+02
4.000000e-06	5.225055e-06	2.198008e-09	3.720987e+01	1.558142e+02
4.010000e-06	5.213200e-06	2.609911e-09	3.712545e+01	1.557915e+02
4.020000e-06	5.201031e-06	2.423770e-09	3.703879e+01	1.557586e+02
4.030000e-06	5.188500e-06	2.112067e-09	3.694955e+01	1.557148e+02
4.040000e-06	5.175415e-06	2.379497e-09	3.685636e+01	1.556594e+02
4.050000e-06	5.161756e-06	2.568268e-09	3.675909e+01	1.555919e+02
4.060000e-06	5.147500e-06	2.268813e-09	3.665756e+01	1.555120e+02
4.070000e-06	5.132741e-06	2.242528e-09	3.655247e+01	1.554195e+02
4.080000e-06	5.117485e-06	2.477041e-09	3.644382e+01	1.553144e+02
4.090000e-06	5.101819e-06	2.397626e-09	3.633226e+01	1.551966e+02
4.100000e-06	5.085921e-06	2.277125e-09	3.621904e+01	1.550665e+02
4.110000e-06	5.069760e-06	2.422005e-09	3.610394e+01	1.549244e+02
4.120000e-06	5.053308e-06	2.384133e-09	3.598679e+01	1.547708e+02
4.130000e-06	5.036580e-06	2.252000e-09	3.586766e+01	1.546062e+02
4.140000e-06	5.019408e-06	2.368316e-09	3.574537e+01	1.544313e+02
4.150000e-06	5.001813e-06	2.449464e-09	3.562007e+01	1.542469e+02
4.160000e-06	4.983981e-06	2.294517e-09	3.549308e+01	1.540536e+02
4.170000e-06	4.965864e-06	2.299678e-09	3.536406e+01	1.538525e+02
4.180000e-06	4.947377e-06	2.409931e-09	3.523241e+01	1.536443e+02
4.190000e-06	4.928590e-06	2.365955e-09	3.509861e+01	1.534298e+02
4.200000e-06	4.909454e-06	2.302915e-09	3.496234e+01	1.532100e+02
4.210000e-06	4.889888e-06	2.318663e-09	3.482300e+01	1.529857e+02
4.220000e-06	4.870042e-06	2.317360e-09	3.468167e+01	1.527576e+02
4.230000e-06	4.850039e-06	2.343487e-09	3.453922e+01	1.525265e+02
4.240000e-06	4.829831e-06	2.354955e-09	3.439531e+01	1.522930e+02
4.250000e-06	4.809405e-06	2.302100e-09	3.424985e+01	1.520577e+02
4.260000e-06	4.788571e-06	2.318360e-09	3.410148e+01	1.518212e+02
4.270000e-06	4.767067e-06	2.364586e-09	3.394834e+01	1.515839e+02
4.280000e-06	4.744937e-06	2.319502e-09	3.379074e+01	1.513460e+02
4.290000e-06	4.722368e-06	2.286285e-09	3.363002e+01	1.511078e+02
4.300000e-06	4.699296e-06	2.316302e-09	3.346571e+01	1.508695e+02
4.310000e-06	4.675758e-06	2.315847e-09	3.329809e+01	1.506310e+02
4.320000e-06	4.651973e-06	2.325364e-09	3.312871e+01	1.503923e+02
4.330000e-06	4.627991e-06	2.331106e-09	3.295792e+01	1.501533e+02
4.340000e-06	4.603812e-06	2.295167e-09	3.278573e+01	1.499137e+02
4.350000e-06	4.579438e-06	2.304998e-09	3.261216e+01	1.496733e+02
4.360000e-06	4.554842e-06	2.349517e-09	3.243699e+01	1.494317e+02
4.370000e-06	4.529925e-06	2.302848e-09	3.225955e+01	1.491885e+02
4.380000e-06	4.504591e-06	2.260484e-09	3.207914e+01	1.489434e+02
4.390000e-06	4.478878e-06	2.296565e-09	3.189602e+01	1.486959e+02
4.400000e-06	4.452910e-06	2.323108e-09	3.171109e+01	1.484454e+02
4.410000e-06	4.426613e-06	2.298344e-09	3.152382e+01	1.481916e+02
4.420000e-06	4.399995e-06	2.281386e-09	3.133426e+01	1.479341e+02
4.430000e-06	4.373097e-06	2.280830e-09	3.114271e+01	1.476723e+02
4.440000e-06	4.345893e-06	2.300740e-09	3.094898e+01	1.474058e+02
4.450000e-06	4.318402e-06	2.299746e-09	3.075321e+01	1.471344e+02
4.460000e-06	4.290639e-06	2.269266e-09	3.055549e+01	1.468577e+02
4.470000e-06	4.262719e-06	2.262161e-09	3.035666e+01	1.465754e+02
4.480000e-06	4.234631e-06	2.287966e-09	3.015663e+01	1.462873e+02
4.490000e-06	4.206346e-06	2.284735e-09	2.995520e+01	1.459933e+02
4.500000e-06	4.177784e-06	2.262269e-09	2.975180e+01	1.456932e+02
4.510000e-06	4.148849e-06	2.253510e-09	2.954574e+01	1.453872e+02
4.520000e-06	4.119488e-06	2.258761e-09	2.933665e+01	1.450751e+02
4.530000e-06	4.089568e-06	2.263257e-09	2.912358e+01	1.447572e+02
4.540000e-06	4.059164e-06	2.255784e-09	2.890706e+01	1.444335e+02
4.550000e-06	4.028288e-06	2.242557e-09	2.868717e+01	1.441042e+02
4.560000e-06	3.996978e-06	2.244381e-09	2.846421e+01	1.437697e+02
4.570000e-06	3.965361e-06	2.255140e-09	2.823905e+01	1.434302e+02
4.580000e-06	3.933506e-06	2.247038e-09	2.801219e+01	1.430860e+02
4.590000e-06	3.901521e-06	2.227274e-09	2.778441e+01	1.427376e+02
4.600000e-06	3.869387e-06	2.222386e-09	2.755557e+01	1.423852e+02
4.610000e-06	3.837082e-06	2.238350e-09	2.732552e+01	1.420292e+02
4.620000e-06	3.804641e-06	2.242052e-09	2.709449e+01	1.416701e+02
4.630000e-06	3.772015e-06	2.224562e-09	2.686214e+01	1.413083e+02
4.640000e-06	3.738967e-06	2.213559e-09	2.662680e+01	1.409441e+02
4.650000e-06	3.705593e-06	2.223789e-09	2.638912e+01	1.405779e+02
4.660000e-06	3.672100e-06	2.223197e-09	2.615061e+01	1.402100e+02
4.670000e-06	3.638300e-06	2.204869e-09	2.590990e+01	1.398407e+02
4.680000e-06	3.604168e-06	2.190046e-09	2.566684e+01	1.394703e+02
4.690000e-06	3.569825e-06	2.194766e-09	2.542226e+01	1.390991e+02
4.700000e-06	3.535301e-06	2.198733e-09	2.517641e+01	1.387273e+02
4.710000e-06	3.500609e-06	2.189397e-09	2.492935e+01	1.383549e+02
4.720000e-06	3.465613e-06	2.177783e-09	2.468013e+01	1.379821e+02
4.730000e-06	3.430280e-06	2.180206e-09	2.442851e+01	1.376089e+02
4.740000e-06	3.394775e-06	2.182764e-09	2.417566e+01	1.372353e+02
4.750000e-06	3.359059e-06	2.173536e-09	2.392131e+01	1.368613e+02
4.760000e-06	3.323136e-06	2.155803e-09	2.366548e+01	1.364867e+02
4.770000e-06	3.287155e-06	2.148782e-09	2.340925e+01	1.361113e+02
4.780000e-06	3.251091e-06	2.152436e-09	2.315242e+01	1.357351e+02
4.790000e-06	3.214886e-06	2.152836e-09	2.289459e+01	1.353575e+02
4.800000e-06	3.178500e-06	2.143444e-09	2.263547e+01	1.349785e+02
4.810000e-06	3.141881e-06	2.137447e-09	2.237469e+01	1.345976e+02
4.820000e-06	3.104943e-06	2.139323e-09	2.211164e+01	1.342143e+02
4.830000e-06	3.067645e-06	2.137345e-09	2.184602e+01	1.338283e+02
4.840000e-06	3.030002e-06	2.125894e-09	2.157795e+01	1.334390e+02
4.850000e-06	2.991895e-06	2.114067e-09	2.130657e+01	1.330460e+02
4.860000e-06	2.953277e-06	2.111795e-09	2.103156e+01	1.326487e+02
4.870000e-06	2.914339e-06	2.113847e-09	2.075426e+01	1.322466e+02
4.880000e-06	2.875139e-06	2.107354e-09	2.047511e+01	1.318389e+02
4.890000e-06	2.835668e-06	2.095498e-09	2.019402e+01	1.314252e+02
4.900000e-06	2.795973e-06	2.089542e-09	1.991133e+01	1.310048e+02
4.910000e-06	2.756118e-06	2.086429e-09	1.962750e+01	1.305770e+02
4.920000e-06	2.716203e-06	2.078669e-09	1.934325e+01	1.301413e+02
4.930000e-06	2.676234e-06	2.066485e-09	1.905862e+01	1.296970e+02
4.940000e-06	2.636187e-06	2.060079e-09	1.877343e+01	1.292435e+02
4.950000e-06	2.595991e-06	2.058572e-09	1.848717e+01	1.287801e+02
4.960000e-06	2.555677e-06	2.055694e-09	1.820008e+01	1.283062e+02
4.970000e-06	2.515250e-06	2.047701e-09	1.791218e+01	1.278213e+02
4.980000e-06	2.474717e-06	2.040110e-09	1.762352e+01	1.273248e+02
4.990000e-06	2.434068e-06	2.032673e-09	1.733405e+01	1.268162e+02
5.000000e-06	2.393146e-06	2.023266e-09	1.704262e+01	1.262950e+02
5.010000e-06	2.352013e-06	2.009987e-09	1.674970e+01	1.257607e+02
5.020000e-06	2.310795e-06	1.998705e-09	1.645616e+01	1.252129e+02
5.030000e-06	2.269371e-06	1.992263e-09	1.616117e+01	1.246513e+02
5.040000e-06	2.227669e-06	1.990400e-09	1.586419e+01	1.240755e+02
5.050000e-06	2.185816e-06	1.987397e-09	1.556614e+01	1.234852e+02
5.060000e-06	2.143937e-06	1.983100e-09	1.526790e+01	1.228802e+02
5.070000e-06	2.101935e-06	1.976453e-09	1.496879e+01	1.222604e+02
5.080000e-06	2.059698e-06	1.965461e-09	1.466800e+01	1.216257e+02
5.090000e-06	2.017327e-06	1.950510e-09	1.436626e+01	1.209759e+02
5.100000e-06	1.974817e-06	1.937623e-09	1.406352e+01	1.203111e+02
5.110000e-06	1.932152e-06	1.927314e-09	1.375969e+01	1.196312e+02
5.120000e-06	1.889438e-06	1.917569e-09	1.345551e+01	1.189365e+02
5.130000e-06	1.846581e-06	1.906443e-09	1.315030e+01	1.182268e+02
5.140000e-06	1.803489e-06	1.897454e-09	1.284342e+01	1.175024e+02
5.150000e-06	1.760205e-06	1.891266e-09	1.253518e+01	1.167635e+02
5.160000e-06	1.716764e-06	1.880311e-09	1.222581e+01	1.160101e+02
5.170000e-06	1.673276e-06	1.864993e-09	1.191612e+01	1.152425e+02
5.180000e-06	1.629723e-06	1.847641e-09	1.160596e+01	1.144608e+02
5.190000e-06	1.586045e-06	1.836573e-09	1.129491e+01	1.136651e+02
5.200000e-06	1.542283e-06	1.828554e-09	1.098326e+01	1.128556e+02
5.210000e-06	1.498472e-06	1.816731e-09	1.067127e+01	1.120323e+02
5.220000e-06	1.454617e-06	1.803189e-09	1.035896e+01	1.111953e+02
5.230000e-06	1.410717e-06	1.790633e-09	1.004633e+01	1.103444e+02
5.240000e-06	1.366793e-06	1.778376e-09	9.733520e+00	1.094797e+02
5.250000e-06	1.322812e-06	1.765469e-09	9.420313e+00	1.086008e+02
5.260000e-06	1.278791e-06	1.754754e-09	9.106819e+00	1.077075e+02
5.270000e-06	1.234712e-06	1.746552e-09	8.792917e+00	1.067994e+02
5.280000e-06	1.190588e-06	1.737007e-09	8.478693e+00	1.058760e+02
5.290000e-06	1.146514e-06	1.724358e-09	8.164823e+00	1.049366e+02
5.300000e-06	1.102406e-06	1.708097e-09	7.850706e+00	1.039805e+02
5.310000e-06	1.058102e-06	1.688623e-09	7.535201e+00	1.030069e+02
5.320000e-06	1.013650e-06	1.668107e-09	7.218639e+00	1.020148e+02
5.330000e-06	9.691928e-07	1.649902e-09	6.902040e+00	1.010029e+02
5.340000e-06	9.247243e-07	1.634800e-09	6.585361e+00	9.997024e+01
5.350000e-06	8.802060e-07	1.619774e-09	6.268326e+00	9.891530e+01
5.360000e-06	8.356030e-07	1.606410e-09	5.950690e+00	9.783668e+01
5.370000e-06	7.909370e-07	1.594724e-09	5.632603e+00	9.673282e+01
5.380000e-06	7.462811e-07	1.581458e-09	5.314589e+00	9.560207e+01
5.390000e-06	7.015246e-07	1.566587e-09	4.995860e+00	9.444274e+01
5.400000e-06	6.566710e-07	1.548390e-09	4.676437e+00	9.325305e+01
5.410000e-06	6.118306e-07	1.526256e-09	4.357109e+00	9.203117e+01
5.420000e-06	5.669479e-07	1.501501e-09	4.037480e+00	9.077526e+01
5.430000e-06	5.220069e-07	1.476224e-09	3.717437e+00	8.948346e+01
5.440000e-06	4.769249e-07	1.452663e-09	3.396388e+00	8.815394e+01
5.450000e-06	4.317321e-07	1.432002e-09	3.074551e+00	8.678485e+01
5.460000e-06	3.866203e-07	1.412663e-09	2.753290e+00	8.537443e+01
5.470000e-06	3.415175e-07	1.394925e-09	2.432093e+00	8.392097e+01
5.480000e-06	2.962874e-07	1.375936e-09	2.109990e+00	8.242284e+01
5.490000e-06	2.510844e-07	1.352215e-09	1.788080e+00	8.087850e+01
5.500000e-06	2.058702e-07	1.321576e-09	1.466091e+00	7.928656e+01
5.510000e-06	1.605888e-07	1.288902e-09	1.143622e+00	7.764572e+01
5.520000e-06	1.153508e-07	1.259126e-09	8.214629e-01	7.595486e+01
5.530000e-06	7.011897e-08	1.230747e-09	4.993474e-01	7.421298e+01
5.540000e-06	2.489825e-08	1.204005e-09	1.773112e-01	7.241929e+01
5.550000e-06	-2.045764e-08	1.179645e-09	-1.456877e-01	7.057313e+01
5.560000e-06	-6.589376e-08	1.155105e-09	-4.692579e-01	6.867406e+01
5.570000e-06	-1.111517e-07	1.126273e-09	-7.915589e-01	6.672179e+01
5.580000e-06	-1.563001e-07	1.090006e-09	-1.113080e+00	6.471624e+01
5.590000e-06	-2.015139e-07	1.050530e-09	-1.435068e+00	6.265749e+01
5.600000e-06	-2.467322e-07	1.013428e-09	-1.757087e+00	6.054583e+01
5.610000e-06	-2.918679e-07	9.785147e-10	-2.078517e+00	5.838171e+01
5.620000e-06	-3.370062e-07	9.428779e-10	-2.399967e+00	5.616575e+01
5.630000e-06	-3.821706e-07	9.053336e-10	-2.721601e+00	5.389875e+01
5.640000e-06	-4.273272e-07	8.695549e-10	-3.043181e+00	5.158163e+01
5.650000e-06	-4.724481e-07	8.340434e-10	-3.364507e+00	4.921550e+01
5.660000e-06	-5.174966e-07	7.916268e-10	-3.685316e+00	4.680156e+01
5.670000e-06	-5.624274e-07	7.450683e-10	-4.005288e+00	4.434117e+01
5.680000e-06	-6.072611e-07	7.021322e-10	-4.324568e+00	4.183577e+01
5.690000e-06	-6.520564e-07	6.613061e-10	-4.643575e+00	3.928692e+01
5.700000e-06	-6.968681e-07	6.223446e-10	-4.962698e+00	3.669624e+01
5.710000e-06	-7.416316e-07	5.814307e-10	-5.281478e+00	3.406546e+01
5.720000e-06	-7.862544e-07	5.402125e-10	-5.599256e+00	3.139636e+01
5.730000e-06	-8.308313e-07	5.006008e-10	-5.916708e+00	2.869076e+01
5.740000e-06	-8.754171e-07	4.586401e-10	-6.234222e+00	2.595055e+01
5.750000e-06	-9.199676e-07	4.139985e-10	-6.551486e+00	2.317765e+01
5.760000e-06	-9.644867e-07	3.670295e-10	-6.868526e+00	2.037402e+01
5.770000e-06	-1.008901e-06	3.203453e-10	-7.184819e+00	1.754164e+01
5.780000e-06	-1.053221e-06	2.748925e-10	-7.500441e+00	1.468253e+01
5.790000e-06	-1.097529e-06	2.314784e-10	-7.815977e+00	1.179871e+01
5.800000e-06	-1.141803e-06	1.895190e-10	-8.131269e+00	8.892252e+00
5.810000e-06	-1.185976e-06	1.460194e-10	-8.445846e+00	5.965227e+00
5.820000e-06	-1.230065e-06	9.963122e-11	-8.759821e+00	3.019741e+00
5.830000e-06	-1.274142e-06	4.851971e-11	-9.073715e+00	5.792444e-02
5.840000e-06	-1.318178e-06	-3.424109e-12	-9.387311e+00	-2.918064e+00
5.850000e-06	-1.362150e-06	-5.033956e-11	-9.700456e+00	-5.906036e+00
5.860000e-06	-1.406085e-06	-9.331579e-11	-1.001334e+01	-8.903768e+00
5.870000e-06	-1.449962e-06	-1.377062e-10	-1.032580e+01	-1.190900e+01
5.880000e-06	-1.493824e-06	-1.838855e-10	-1.063816e+01	-1.491943e+01
5.890000e-06	-1.537654e-06	-2.307344e-10	-1.095030e+01	-1.793272e+01
5.900000e-06	-1.581385e-06	-2.812789e-10	-1.126172e+01	-2.094649e+01
5.910000e-06	-1.625042e-06	-3.345936e-10	-1.157262e+01	-2.395830e+01
5.920000e-06	-1.668580e-06	-3.871448e-10	-1.188268e+01	-2.696569e+01
5.930000e-06	-1.712008e-06	-4.330656e-10	-1.219195e+01	-2.996615e+01
5.940000e-06	-1.755310e-06	-4.732480e-10	-1.250032e+01	-3.295712e+01
5.950000e-06	-1.798417e-06	-5.138483e-10	-1.280730e+01	-3.593604e+01
5.960000e-06	-1.841392e-06	-5.583097e-10	-1.311335e+01	-3.890029e+01
5.970000e-06	-1.884233e-06	-6.070711e-10	-1.341844e+01	-4.184726e+01
5.980000e-06	-1.926912e-06	-6.556121e-10	-1.372237e+01	-4.477431e+01
5.990000e-06	-1.969554e-06	-7.025733e-10	-1.402604e+01	-4.767882e+01
6.000000e-06	-2.012093e-06	-7.479408e-10	-1.432898e+01	-5.055818e+01
6.010000e-06	-2.054442e-06	-7.918541e-10	-1.463057e+01	-5.340980e+01
6.020000e-06	-2.096649e-06	-8.348057e-10	-1.493114e+01	-5.623115e+01
6.030000e-06	-2.138734e-06	-8.779160e-10	-1.523085e+01	-5.901974e+01
6.040000e-06	-2.180716e-06	-9.231229e-10	-1.552982e+01	-6.177315e+01
6.050000e-06	-2.222471e-06	-9.688628e-10	-1.582718e+01	-6.448908e+01
6.060000e-06	-2.264042e-06	-1.012731e-09	-1.612322e+01	-6.716529e+01
6.070000e-06	-2.305498e-06	-1.054990e-09	-1.641844e+01	-6.979968e+01
6.080000e-06	-2.346754e-06	-1.097673e-09	-1.671225e+01	-7.239029e+01
6.090000e-06	-2.387765e-06	-1.140241e-09	-1.700430e+01	-7.493528e+01
6.100000e-06	-2.428602e-06	-1.180894e-09	-1.729512e+01	-7.743299e+01
6.110000e-06	-2.469306e-06	-1.218851e-09	-1.758499e+01	-7.988191e+01
6.120000e-06	-2.509821e-06	-1.256311e-09	-1.787352e+01	-8.228073e+01
6.130000e-06	-2.550180e-06	-1.294197e-09	-1.816093e+01	-8.462829e+01
6.140000e-06	-2.590434e-06	-1.330748e-09	-1.844760e+01	-8.692364e+01
6.150000e-06	-2.630614e-06	-1.364813e-09	-1.873374e+01	-8.916602e+01
6.160000e-06	-2.670664e-06	-1.398033e-09	-1.901895e+01	-9.135486e+01
6.170000e-06	-2.710556e-06	-1.433095e-09	-1.930304e+01	-9.348976e+01
6.180000e-06	-2.750300e-06	-1.467801e-09	-1.958607e+01	-9.557054e+01
6.190000e-06	-2.789904e-06	-1.499184e-09	-1.986811e+01	-9.759716e+01
6.200000e-06	-2.829358e-06	-1.529563e-09	-2.014908e+01	-9.956980e+01
6.210000e-06	-2.868574e-06	-1.563753e-09	-2.042835e+01	-1.014887e+02
6.220000e-06	-2.907519e-06	-1.598582e-09	-2.070570e+01	-1.033545e+02
6.230000e-06	-2.946199e-06	-1.627021e-09	-2.098115e+01	-1.051676e+02
6.240000e-06	-2.984521e-06	-1.651628e-09	-2.125406e+01	-1.069289e+02
6.250000e-06	-3.022515e-06	-1.676843e-09	-2.152463e+01	-1.086390e+02
6.260000e-06	-3.060135e-06	-1.703612e-09	-2.179254e+01	-1.102991e+02
6.270000e-06	-3.097331e-06	-1.730478e-09	-2.205743e+01	-1.119101e+02
6.280000e-06	-3.134252e-06	-1.757179e-09	-2.232036e+01	-1.134730e+02
6.290000e-06	-3.170895e-06	-1.785823e-09	-2.258131e+01	-1.149890e+02
6.300000e-06	-3.207263e-06	-1.812491e-09	-2.284030e+01	-1.164592e+02
6.310000e-06	-3.243481e-06	-1.833428e-09	-2.309822e+01	-1.178848e+02
6.320000e-06	-3.279496e-06	-1.848596e-09	-2.335471e+01	-1.192669e+02
6.330000e-06	-3.315296e-06	-1.863785e-09	-2.360965e+01	-1.206068e+02
6.340000e-06	-3.350988e-06	-1.882747e-09	-2.386383e+01	-1.219055e+02
6.350000e-06	-3.386557e-06	-1.908611e-09	-2.411713e+01	-1.231642e+02
6.360000e-06	-3.421923e-06	-1.936955e-09	-2.436899e+01	-1.243839e+02
6.370000e-06	-3.457108e-06	-1.961326e-09	-2.461956e+01	-1.255657e+02
6.380000e-06	-3.492073e-06	-1.979815e-09	-2.486856e+01	-1.267106e+02
6.390000e-06	-3.526722e-06	-1.991105e-09	-2.511531e+01	-1.278195e+02
6.400000e-06	-3.561085e-06	-1.998327e-09	-2.536002e+01	-1.288934e+02
6.410000e-06	-3.595245e-06	-2.007626e-09	-2.560329e+01	-1.299330e+02
6.420000e-06	-3.629251e-06	-2.022254e-09	-2.584546e+01	-1.309393e+02
6.430000e-06	-3.662958e-06	-2.044533e-09	-2.608550e+01	-1.319129e+02
6.440000e-06	-3.696276e-06	-2.068407e-09	-2.632277e+01	-1.328547e+02
6.450000e-06	-3.729311e-06	-2.088877e-09	-2.655803e+01	-1.337652e+02
6.460000e-06	-3.762106e-06	-2.104739e-09	-2.679158e+01	-1.346453e+02
6.470000e-06	-3.794692e-06	-2.115431e-09	-2.702364e+01	-1.354956e+02
6.480000e-06	-3.827063e-06	-2.121743e-09	-2.725416e+01	-1.363168e+02
6.490000e-06	-3.859202e-06	-2.124337e-09	-2.748304e+01	-1.371094e+02
6.500000e-06	-3.891207e-06	-2.130271e-09	-2.771096e+01	-1.378742e+02
6.510000e-06	-3.922969e-06	-2.145546e-09	-2.793715e+01	-1.386118e+02
6.520000e-06	-3.954467e-06	-2.168248e-09	-2.816146e+01	-1.393228e+02
6.530000e-06	-3.985672e-06	-2.190269e-09	-2.838369e+01	-1.400081e+02
6.540000e-06	-4.016506e-06	-2.205441e-09	-2.860327e+01	-1.406682e+02
6.550000e-06	-4.047021e-06	-2.212189e-09	-2.882058e+01	-1.413040e+02
6.560000e-06	-4.077176e-06	-2.214447e-09	-2.903533e+01	-1.419160e+02
6.570000e-06	-4.106921e-06	-2.214791e-09	-2.924715e+01	-1.425052e+02
6.580000e-06	-4.136151e-06	-2.214354e-09	-2.945532e+01	-1.430723e+02
6.590000e-06	-4.164914e-06	-2.217564e-09	-2.966015e+01	-1.436180e+02
6.600000e-06	-4.193369e-06	-2.231558e-09	-2.986279e+01	-1.441433e+02
6.610000e-06	-4.221574e-06	-2.250262e-09	-3.006365e+01	-1.446488e+02
6.620000e-06	-4.249573e-06	-2.266530e-09	-3.026304e+01	-1.451354e+02
6.630000e-06	-4.277402e-06	-2.278994e-09	-3.046123e+01	-1.456038e+02
6.640000e-06	-4.305049e-06	-2.285644e-09	-3.065811e+01	-1.460550e+02
6.650000e-06	-4.332416e-06	-2.285209e-09	-3.085300e+01	-1.464896e+02
6.660000e-06	-4.359448e-06	-2.282341e-09	-3.104551e+01	-1.469084e+02
6.670000e-06	-4.386192e-06	-2.280468e-09	-3.123596e+01	-1.473122e+02
6.680000e-06	-4.412584e-06	-2.285111e-09	-3.142391e+01	-1.477015e+02
6.690000e-06	-4.438614e-06	-2.298859e-09	-3.160928e+01	-1.480770e+02
6.700000e-06	-4.464312e-06	-2.315937e-09	-3.179229e+01	-1.484394e+02
6.710000e-06	-4.489703e-06	-2.327560e-09	-3.197311e+01	-1.487890e+02
6.720000e-06	-4.514762e-06	-2.330681e-09	-3.215157e+01	-1.491266e+02
6.730000e-06	-4.539474e-06	-2.328015e-09	-3.232755e+01	-1.494523e+02
6.740000e-06	-4.563956e-06	-2.327427e-09	-3.250190e+01	-1.497667e+02
6.750000e-06	-4.588238e-06	-2.330313e-09	-3.267482e+01	-1.500701e+02
6.760000e-06	-4.612308e-06	-2.331828e-09	-3.284624e+01	-1.503628e+02
6.770000e-06	-4.636146e-06	-2.335168e-09	-3.301600e+01	-1.506450e+02
6.780000e-06	-4.659729e-06	-2.344628e-09	-3.318394e+01	-1.509168e+02
6.790000e-06	-4.682956e-06	-2.355387e-09	-3.334935e+01	-1.511786e+02
6.800000e-06	-4.705706e-06	-2.359923e-09	-3.351136e+01	-1.514303e+02
6.810000e-06	-4.727953e-06	-2.360721e-09	-3.366979e+01	-1.516722e+02
6.820000e-06	-4.749711e-06	-2.362012e-09	-3.382474e+01	-1.519044e+02
6.830000e-06	-4.771054e-06	-2.365475e-09	-3.397674e+01	-1.521269e+02
6.840000e-06	-4.791929e-06	-2.369055e-09	-3.412539e+01	-1.523400e+02
6.850000e-06	-4.812385e-06	-2.371331e-09	-3.427107e+01	-1.525436e+02
6.860000e-06	-4.832581e-06	-2.373938e-09	-3.441490e+01	-1.527381e+02
6.870000e-06	-4.852562e-06	-2.378789e-09	-3.455718e+01	-1.529235e+02
6.880000e-06	-4.872286e-06	-2.381268e-09	-3.469765e+01	-1.531001e+02
6.890000e-06	-4.891697e-06	-2.380568e-09	-3.483588e+01	-1.532682e+02
6.900000e-06	-4.910797e-06	-2.382175e-09	-3.497191e+01	-1.534280e+02
6.910000e-06	-4.929476e-06	-2.386887e-09	-3.510492e+01	-1.535799e+02
6.920000e-06	-4.947778e-06	-2.390114e-09	-3.523526e+01	-1.537242e+02
6.930000e-06	-4.965849e-06	-2.392014e-09	-3.536395e+01	-1.538615e+02
6.940000e-06	-4.983614e-06	-2.394454e-09	-3.549047e+01	-1.539921e+02
6.950000e-06	-5.000940e-06	-2.397289e-09	-3.561385e+01	-1.541166e+02
6.960000e-06	-5.017963e-06	-2.398066e-09	-3.573508e+01	-1.542355e+02
6.970000e-06	-5.034724e-06	-2.394974e-09	-3.585444e+01	-1.543493e+02
6.980000e-06	-5.051208e-06	-2.393111e-09	-3.597183e+01	-1.544586e+02
6.990000e-06	-5.067440e-06	-2.397829e-09	-3.608743e+01	-1.545641e+02
7.000000e-06	-5.083333e-06	-2.405150e-09	-3.620061e+01	-1.546662e+02
7.010000e-06	-5.098922e-06	-2.406577e-09	-3.631162e+01	-1.547655e+02
7.020000e-06	-5.114154e-06	-2.404636e-09	-3.642009e+01	-1.548625e+02
7.030000e-06	-5.128879e-06	-2.404291e-09	-3.652496e+01	-1.549578e+02
7.040000e-06	-5.143010e-06	-2.406980e-09	-3.662559e+01	-1.550517e+02
7.050000e-06	-5.156512e-06	-2.410364e-09	-3.672174e+01	-1.551446e+02
7.060000e-06	-5.169481e-06	-2.409981e-09	-3.681410e+01	-1.552368e+02
7.070000e-06	-5.182012e-06	-2.408519e-09	-3.690334e+01	-1.553286e+02
7.080000e-06	-5.194138e-06	-2.409396e-09	-3.698969e+01	-1.554201e+02
7.090000e-06	-5.205930e-06	-2.412878e-09	-3.707367e+01	-1.555113e+02
7.100000e-06	-5.217412e-06	-2.415610e-09	-3.715544e+01	-1.556023e+02
7.110000e-06	-5.228548e-06	-2.415687e-09	-3.723474e+01	-1.556928e+02
7.120000e-06	-5.239313e-06	-2.416203e-09	-3.731141e+01	-1.557828e+02
7.130000e-06	-5.249640e-06	-2.416632e-09	-3.738495e+01	-1.558717e+02
7.140000e-06	-5.259557e-06	-2.415926e-09	-3.745558e+01	-1.559594e+02
7.150000e-06	-5.269157e-06	-2.414379e-09	-3.752394e+01	-1.560452e+02
7.160000e-06	-5.278374e-06	-2.413538e-09	-3.758958e+01	-1.561286e+02
7.170000e-06	-5.287207e-06	-2.414979e-09	-3.765248e+01	-1.562092e+02
7.180000e-06	-5.295699e-06	-2.417737e-09	-3.771296e+01	-1.562861e+02
7.190000e-06	-5.303972e-06	-2.417955e-09	-3.777187e+01	-1.563588e+02
7.200000e-06	-5.312043e-06	-2.416362e-09	-3.782935e+01	-1.564265e+02
7.210000e-06	-5.319870e-06	-2.416691e-09	-3.788509e+01	-1.564886e+02
7.220000e-06	-5.327413e-06	-2.417429e-09	-3.793881e+01	-1.565444e+02
7.230000e-06	-5.334538e-06	-2.415485e-09	-3.798954e+01	-1.565932e+02
7.240000e-06	-5.341068e-06	-2.410435e-09	-3.803605e+01	-1.566346e+02
7.250000e-06	-5.346914e-06	-2.407457e-09	-3.807768e+01	-1.566679e+02
7.260000e-06	-5.352190e-06	-2.408860e-09	-3.811525e+01	-1.566927e+02
7.270000e-06	-5.357023e-06	-2.412986e-09	-3.814967e+01	-1.567087e+02
7.280000e-06	-5.361468e-06	-2.416367e-09	-3.818133e+01	-1.567156e+02
7.290000e-06	-5.365565e-06	-2.415574e-09	-3.821050e+01	-1.567133e+02
7.300000e-06	-5.369417e-06	-2.411030e-09	-3.823794e+01	-1.567018e+02
7.310000e-06	-5.372980e-06	-2.405830e-09	-3.826331e+01	-1.566813e+02
7.320000e-06	-5.376225e-06	-2.400943e-09	-3.828641e+01	-1.566519e+02
7.330000e-06	-5.379130e-06	-2.397520e-09	-3.830711e+01	-1.566141e+02
7.340000e-06	-5.381639e-06	-2.397110e-09	-3.832497e+01	-1.565684e+02
7.350000e-06	-5.383887e-06	-2.398485e-09	-3.834098e+01	-1.565154e+02
7.360000e-06	-5.385897e-06	-2.402060e-09	-3.835529e+01	-1.564558e+02
7.370000e-06	-5.387431e-06	-2.403269e-09	-3.836622e+01	-1.563905e+02
7.380000e-06	-5.388464e-06	-2.400441e-09	-3.837357e+01	-1.563205e+02
7.390000e-06	-5.389211e-06	-2.396952e-09	-3.837889e+01	-1.562466e+02
7.400000e-06	-5.389694e-06	-2.394502e-09	-3.838234e+01	-1.561701e+02
