# Temperatura_=_-1.5
# Concentracion g/m^3_=_4090.0
# C_Vs_to_Am_M_A/Vsm_=_65563218390.804596
# pendiente_HvsI_1/m_=_3716.3
# ordenada_HvsI_A/m_=_1297.0
# frecuencia_Hz_=_135065.36173166768

Tiempo_(s)	Campo_(V.s)	Magnetizacion_(V.s)	Campo_(kA/m)	Magnetizacion_(A/m)
0.000000e+00	-5.434219e-06	-2.455159e-09	-3.840392e+01	-1.582056e+02
1.000000e-08	-5.434483e-06	-2.452026e-09	-3.840579e+01	-1.580915e+02
2.000000e-08	-5.434502e-06	-2.449152e-09	-3.840592e+01	-1.579793e+02
3.000000e-08	-5.434230e-06	-2.443283e-09	-3.840400e+01	-1.578706e+02
4.000000e-08	-5.433586e-06	-2.437186e-09	-3.839944e+01	-1.577669e+02
5.000000e-08	-5.432429e-06	-2.438535e-09	-3.839127e+01	-1.576700e+02
6.000000e-08	-5.430718e-06	-2.453222e-09	-3.837918e+01	-1.575810e+02
7.000000e-08	-5.428495e-06	-2.469679e-09	-3.836347e+01	-1.575014e+02
8.000000e-08	-5.425627e-06	-2.456687e-09	-3.834320e+01	-1.574324e+02
9.000000e-08	-5.422173e-06	-2.396975e-09	-3.831879e+01	-1.573749e+02
1.000000e-07	-5.418306e-06	-2.390977e-09	-3.829146e+01	-1.573298e+02
1.100000e-07	-5.414120e-06	-2.454514e-09	-3.826188e+01	-1.572976e+02
1.200000e-07	-5.409764e-06	-2.472701e-09	-3.823109e+01	-1.572788e+02
1.300000e-07	-5.405181e-06	-2.411190e-09	-3.819870e+01	-1.572735e+02
1.400000e-07	-5.400170e-06	-2.407337e-09	-3.816329e+01	-1.572817e+02
1.500000e-07	-5.394755e-06	-2.457732e-09	-3.812503e+01	-1.573030e+02
1.600000e-07	-5.389098e-06	-2.491316e-09	-3.808504e+01	-1.573371e+02
1.700000e-07	-5.383068e-06	-2.385949e-09	-3.804243e+01	-1.573831e+02
1.800000e-07	-5.376466e-06	-2.391952e-09	-3.799578e+01	-1.574401e+02
1.900000e-07	-5.369445e-06	-2.420835e-09	-3.794616e+01	-1.575069e+02
2.000000e-07	-5.362262e-06	-2.444977e-09	-3.789540e+01	-1.575823e+02
2.100000e-07	-5.354829e-06	-2.403182e-09	-3.784287e+01	-1.576648e+02
2.200000e-07	-5.347066e-06	-2.446780e-09	-3.778801e+01	-1.577528e+02
2.300000e-07	-5.338991e-06	-2.480946e-09	-3.773094e+01	-1.578447e+02
2.400000e-07	-5.330632e-06	-2.443658e-09	-3.767186e+01	-1.579387e+02
2.500000e-07	-5.321755e-06	-2.420177e-09	-3.760913e+01	-1.580329e+02
2.600000e-07	-5.312122e-06	-2.460206e-09	-3.754105e+01	-1.581257e+02
2.700000e-07	-5.301924e-06	-2.485318e-09	-3.746899e+01	-1.582151e+02
2.800000e-07	-5.291268e-06	-2.431271e-09	-3.739368e+01	-1.582994e+02
2.900000e-07	-5.280122e-06	-2.453956e-09	-3.731491e+01	-1.583771e+02
3.000000e-07	-5.268508e-06	-2.488243e-09	-3.723283e+01	-1.584464e+02
3.100000e-07	-5.256500e-06	-2.472693e-09	-3.714797e+01	-1.585060e+02
3.200000e-07	-5.244089e-06	-2.407230e-09	-3.706026e+01	-1.585545e+02
3.300000e-07	-5.231274e-06	-2.444818e-09	-3.696969e+01	-1.585908e+02
3.400000e-07	-5.218128e-06	-2.438293e-09	-3.687679e+01	-1.586140e+02
3.500000e-07	-5.204651e-06	-2.437544e-09	-3.678155e+01	-1.586232e+02
3.600000e-07	-5.190675e-06	-2.450037e-09	-3.668278e+01	-1.586180e+02
3.700000e-07	-5.176296e-06	-2.489882e-09	-3.658116e+01	-1.585979e+02
3.800000e-07	-5.161460e-06	-2.432094e-09	-3.647631e+01	-1.585628e+02
3.900000e-07	-5.146032e-06	-2.429052e-09	-3.636728e+01	-1.585127e+02
4.000000e-07	-5.130120e-06	-2.439997e-09	-3.625484e+01	-1.584479e+02
4.100000e-07	-5.113875e-06	-2.423861e-09	-3.614003e+01	-1.583687e+02
4.200000e-07	-5.097200e-06	-2.379629e-09	-3.602219e+01	-1.582758e+02
4.300000e-07	-5.080054e-06	-2.423051e-09	-3.590102e+01	-1.581698e+02
4.400000e-07	-5.062676e-06	-2.444874e-09	-3.577821e+01	-1.580517e+02
4.500000e-07	-5.045012e-06	-2.430795e-09	-3.565337e+01	-1.579224e+02
4.600000e-07	-5.026913e-06	-2.419937e-09	-3.552547e+01	-1.577830e+02
4.700000e-07	-5.008398e-06	-2.425114e-09	-3.539462e+01	-1.576347e+02
4.800000e-07	-4.989598e-06	-2.403688e-09	-3.526175e+01	-1.574787e+02
4.900000e-07	-4.970506e-06	-2.395205e-09	-3.512684e+01	-1.573161e+02
5.000000e-07	-4.951085e-06	-2.395668e-09	-3.498958e+01	-1.571483e+02
5.100000e-07	-4.931374e-06	-2.385004e-09	-3.485028e+01	-1.569764e+02
5.200000e-07	-4.911384e-06	-2.396884e-09	-3.470901e+01	-1.568015e+02
5.300000e-07	-4.891179e-06	-2.413788e-09	-3.456623e+01	-1.566248e+02
5.400000e-07	-4.870694e-06	-2.404821e-09	-3.442146e+01	-1.564472e+02
5.500000e-07	-4.849857e-06	-2.381907e-09	-3.427420e+01	-1.562698e+02
5.600000e-07	-4.828680e-06	-2.386533e-09	-3.412454e+01	-1.560932e+02
5.700000e-07	-4.807162e-06	-2.377411e-09	-3.397247e+01	-1.559183e+02
5.800000e-07	-4.785366e-06	-2.372640e-09	-3.381844e+01	-1.557454e+02
5.900000e-07	-4.763289e-06	-2.365639e-09	-3.366242e+01	-1.555752e+02
6.000000e-07	-4.740930e-06	-2.372496e-09	-3.350441e+01	-1.554078e+02
6.100000e-07	-4.718203e-06	-2.370878e-09	-3.334380e+01	-1.552435e+02
6.200000e-07	-4.695066e-06	-2.373995e-09	-3.318028e+01	-1.550822e+02
6.300000e-07	-4.671632e-06	-2.350362e-09	-3.301468e+01	-1.549238e+02
6.400000e-07	-4.647974e-06	-2.345603e-09	-3.284748e+01	-1.547681e+02
6.500000e-07	-4.624044e-06	-2.347564e-09	-3.267837e+01	-1.546149e+02
6.600000e-07	-4.599828e-06	-2.353080e-09	-3.250723e+01	-1.544636e+02
6.700000e-07	-4.575244e-06	-2.339766e-09	-3.233350e+01	-1.543137e+02
6.800000e-07	-4.550243e-06	-2.343953e-09	-3.215681e+01	-1.541647e+02
6.900000e-07	-4.524813e-06	-2.342149e-09	-3.197710e+01	-1.540159e+02
7.000000e-07	-4.498834e-06	-2.343757e-09	-3.179350e+01	-1.538667e+02
7.100000e-07	-4.472296e-06	-2.332178e-09	-3.160595e+01	-1.537162e+02
7.200000e-07	-4.445321e-06	-2.322639e-09	-3.141532e+01	-1.535638e+02
7.300000e-07	-4.418023e-06	-2.313644e-09	-3.122241e+01	-1.534088e+02
7.400000e-07	-4.390508e-06	-2.320213e-09	-3.102796e+01	-1.532504e+02
7.500000e-07	-4.362774e-06	-2.317782e-09	-3.083196e+01	-1.530881e+02
7.600000e-07	-4.334828e-06	-2.313652e-09	-3.063446e+01	-1.529211e+02
7.700000e-07	-4.306650e-06	-2.310283e-09	-3.043533e+01	-1.527489e+02
7.800000e-07	-4.278183e-06	-2.307500e-09	-3.023415e+01	-1.525709e+02
7.900000e-07	-4.249498e-06	-2.298826e-09	-3.003143e+01	-1.523868e+02
8.000000e-07	-4.220523e-06	-2.289443e-09	-2.982667e+01	-1.521962e+02
8.100000e-07	-4.191160e-06	-2.284744e-09	-2.961915e+01	-1.519987e+02
8.200000e-07	-4.161502e-06	-2.285663e-09	-2.940956e+01	-1.517942e+02
8.300000e-07	-4.131625e-06	-2.290726e-09	-2.919841e+01	-1.515825e+02
8.400000e-07	-4.101498e-06	-2.286324e-09	-2.898551e+01	-1.513636e+02
8.500000e-07	-4.071091e-06	-2.281500e-09	-2.877062e+01	-1.511376e+02
8.600000e-07	-4.040395e-06	-2.276029e-09	-2.855369e+01	-1.509045e+02
8.700000e-07	-4.009422e-06	-2.273185e-09	-2.833480e+01	-1.506646e+02
8.800000e-07	-3.978211e-06	-2.263247e-09	-2.811423e+01	-1.504181e+02
8.900000e-07	-3.946809e-06	-2.255797e-09	-2.789231e+01	-1.501653e+02
9.000000e-07	-3.915159e-06	-2.250209e-09	-2.766864e+01	-1.499066e+02
9.100000e-07	-3.883305e-06	-2.252462e-09	-2.744352e+01	-1.496424e+02
9.200000e-07	-3.851306e-06	-2.244847e-09	-2.721739e+01	-1.493730e+02
9.300000e-07	-3.819076e-06	-2.238126e-09	-2.698961e+01	-1.490990e+02
9.400000e-07	-3.786528e-06	-2.230074e-09	-2.675960e+01	-1.488209e+02
9.500000e-07	-3.753697e-06	-2.230676e-09	-2.652758e+01	-1.485391e+02
9.600000e-07	-3.720419e-06	-2.225860e-09	-2.629240e+01	-1.482540e+02
9.700000e-07	-3.686604e-06	-2.221092e-09	-2.605343e+01	-1.479663e+02
9.800000e-07	-3.652330e-06	-2.213693e-09	-2.581122e+01	-1.476762e+02
9.900000e-07	-3.617634e-06	-2.212592e-09	-2.556601e+01	-1.473842e+02
1.000000e-06	-3.582623e-06	-2.203725e-09	-2.531859e+01	-1.470907e+02
1.010000e-06	-3.547378e-06	-2.194708e-09	-2.506951e+01	-1.467960e+02
1.020000e-06	-3.511881e-06	-2.184135e-09	-2.481865e+01	-1.465005e+02
1.030000e-06	-3.476140e-06	-2.178941e-09	-2.456607e+01	-1.462043e+02
1.040000e-06	-3.440249e-06	-2.175288e-09	-2.431242e+01	-1.459077e+02
1.050000e-06	-3.404258e-06	-2.174610e-09	-2.405808e+01	-1.456108e+02
1.060000e-06	-3.368171e-06	-2.171758e-09	-2.380305e+01	-1.453137e+02
1.070000e-06	-3.331895e-06	-2.169065e-09	-2.354668e+01	-1.450164e+02
1.080000e-06	-3.295343e-06	-2.165059e-09	-2.328837e+01	-1.447189e+02
1.090000e-06	-3.258516e-06	-2.155710e-09	-2.302811e+01	-1.444210e+02
1.100000e-06	-3.221418e-06	-2.143593e-09	-2.276594e+01	-1.441227e+02
1.110000e-06	-3.184094e-06	-2.135622e-09	-2.250216e+01	-1.438236e+02
1.120000e-06	-3.146584e-06	-2.131601e-09	-2.223708e+01	-1.435236e+02
1.130000e-06	-3.108866e-06	-2.128536e-09	-2.197053e+01	-1.432224e+02
1.140000e-06	-3.070889e-06	-2.127710e-09	-2.170214e+01	-1.429195e+02
1.150000e-06	-3.032778e-06	-2.125880e-09	-2.143280e+01	-1.426146e+02
1.160000e-06	-2.994518e-06	-2.120314e-09	-2.116242e+01	-1.423072e+02
1.170000e-06	-2.956011e-06	-2.108581e-09	-2.089029e+01	-1.419970e+02
1.180000e-06	-2.917273e-06	-2.097834e-09	-2.061652e+01	-1.416833e+02
1.190000e-06	-2.878289e-06	-2.087734e-09	-2.034102e+01	-1.413656e+02
1.200000e-06	-2.839121e-06	-2.083038e-09	-2.006422e+01	-1.410436e+02
1.210000e-06	-2.799694e-06	-2.078278e-09	-1.978559e+01	-1.407165e+02
1.220000e-06	-2.760049e-06	-2.077617e-09	-1.950542e+01	-1.403838e+02
1.230000e-06	-2.720367e-06	-2.077276e-09	-1.922498e+01	-1.400450e+02
1.240000e-06	-2.680592e-06	-2.075138e-09	-1.894389e+01	-1.396996e+02
1.250000e-06	-2.640690e-06	-2.063449e-09	-1.866190e+01	-1.393469e+02
1.260000e-06	-2.600733e-06	-2.052489e-09	-1.837952e+01	-1.389866e+02
1.270000e-06	-2.560653e-06	-2.042768e-09	-1.809627e+01	-1.386181e+02
1.280000e-06	-2.520374e-06	-2.036492e-09	-1.781162e+01	-1.382409e+02
1.290000e-06	-2.479904e-06	-2.030910e-09	-1.752562e+01	-1.378545e+02
1.300000e-06	-2.439258e-06	-2.029346e-09	-1.723837e+01	-1.374587e+02
1.310000e-06	-2.398407e-06	-2.025611e-09	-1.694967e+01	-1.370530e+02
1.320000e-06	-2.357214e-06	-2.019449e-09	-1.665856e+01	-1.366370e+02
1.330000e-06	-2.315828e-06	-2.009612e-09	-1.636608e+01	-1.362105e+02
1.340000e-06	-2.274244e-06	-1.999898e-09	-1.607221e+01	-1.357732e+02
1.350000e-06	-2.232275e-06	-1.990919e-09	-1.577561e+01	-1.353250e+02
1.360000e-06	-2.190063e-06	-1.982500e-09	-1.547729e+01	-1.348655e+02
1.370000e-06	-2.147575e-06	-1.974362e-09	-1.517703e+01	-1.343948e+02
1.380000e-06	-2.104697e-06	-1.967907e-09	-1.487401e+01	-1.339127e+02
1.390000e-06	-2.061566e-06	-1.962301e-09	-1.456920e+01	-1.334191e+02
1.400000e-06	-2.018308e-06	-1.955107e-09	-1.426349e+01	-1.329140e+02
1.410000e-06	-1.974913e-06	-1.946421e-09	-1.395682e+01	-1.323974e+02
1.420000e-06	-1.931429e-06	-1.937506e-09	-1.364951e+01	-1.318693e+02
1.430000e-06	-1.887820e-06	-1.928654e-09	-1.334133e+01	-1.313297e+02
1.440000e-06	-1.844101e-06	-1.917133e-09	-1.303236e+01	-1.307786e+02
1.450000e-06	-1.800317e-06	-1.903706e-09	-1.272294e+01	-1.302161e+02
1.460000e-06	-1.756447e-06	-1.893586e-09	-1.241290e+01	-1.296422e+02
1.470000e-06	-1.712517e-06	-1.889166e-09	-1.210245e+01	-1.290568e+02
1.480000e-06	-1.668485e-06	-1.882956e-09	-1.179127e+01	-1.284599e+02
1.490000e-06	-1.624385e-06	-1.873622e-09	-1.147962e+01	-1.278516e+02
1.500000e-06	-1.580222e-06	-1.863222e-09	-1.116751e+01	-1.272316e+02
1.510000e-06	-1.535984e-06	-1.854267e-09	-1.085488e+01	-1.265998e+02
1.520000e-06	-1.491670e-06	-1.840945e-09	-1.054172e+01	-1.259561e+02
1.530000e-06	-1.447204e-06	-1.822964e-09	-1.022747e+01	-1.253002e+02
1.540000e-06	-1.402723e-06	-1.808030e-09	-9.913121e+00	-1.246317e+02
1.550000e-06	-1.358278e-06	-1.800617e-09	-9.599022e+00	-1.239503e+02
1.560000e-06	-1.313715e-06	-1.794395e-09	-9.284094e+00	-1.232555e+02
1.570000e-06	-1.269001e-06	-1.786114e-09	-8.968095e+00	-1.225467e+02
1.580000e-06	-1.224090e-06	-1.772923e-09	-8.650707e+00	-1.218234e+02
1.590000e-06	-1.179088e-06	-1.759653e-09	-8.332682e+00	-1.210849e+02
1.600000e-06	-1.134129e-06	-1.746449e-09	-8.014953e+00	-1.203303e+02
1.610000e-06	-1.089076e-06	-1.731937e-09	-7.696559e+00	-1.195588e+02
1.620000e-06	-1.043871e-06	-1.714063e-09	-7.377092e+00	-1.187696e+02
1.630000e-06	-9.985517e-07	-1.700471e-09	-7.056818e+00	-1.179616e+02
1.640000e-06	-9.531590e-07	-1.691770e-09	-6.736026e+00	-1.171337e+02
1.650000e-06	-9.077041e-07	-1.684371e-09	-6.414794e+00	-1.162850e+02
1.660000e-06	-8.620851e-07	-1.673673e-09	-6.092402e+00	-1.154141e+02
1.670000e-06	-8.164179e-07	-1.661504e-09	-5.769669e+00	-1.145200e+02
1.680000e-06	-7.707828e-07	-1.649455e-09	-5.447164e+00	-1.136014e+02
1.690000e-06	-7.250473e-07	-1.631356e-09	-5.123948e+00	-1.126570e+02
1.700000e-06	-6.791522e-07	-1.606118e-09	-4.799605e+00	-1.116857e+02
1.710000e-06	-6.332310e-07	-1.581443e-09	-4.475078e+00	-1.106860e+02
1.720000e-06	-5.874226e-07	-1.565605e-09	-4.151347e+00	-1.096567e+02
1.730000e-06	-5.415635e-07	-1.556232e-09	-3.827259e+00	-1.085965e+02
1.740000e-06	-4.956721e-07	-1.544942e-09	-3.502941e+00	-1.075042e+02
1.750000e-06	-4.498435e-07	-1.530255e-09	-3.179069e+00	-1.063785e+02
1.760000e-06	-4.039524e-07	-1.518331e-09	-2.854753e+00	-1.052181e+02
1.770000e-06	-3.580101e-07	-1.505216e-09	-2.530077e+00	-1.040219e+02
1.780000e-06	-3.120444e-07	-1.482633e-09	-2.205235e+00	-1.027886e+02
1.790000e-06	-2.660518e-07	-1.451411e-09	-1.880203e+00	-1.015170e+02
1.800000e-06	-2.200775e-07	-1.424507e-09	-1.555300e+00	-1.002061e+02
1.810000e-06	-1.740375e-07	-1.407292e-09	-1.229932e+00	-9.885476e+01
1.820000e-06	-1.279546e-07	-1.393741e-09	-9.042620e-01	-9.746179e+01
1.830000e-06	-8.190643e-08	-1.374234e-09	-5.788372e-01	-9.602616e+01
1.840000e-06	-3.579071e-08	-1.353485e-09	-2.529349e-01	-9.454681e+01
1.850000e-06	1.032190e-08	-1.336363e-09	7.294539e-02	-9.302268e+01
1.860000e-06	5.638426e-08	-1.318062e-09	3.984706e-01	-9.145272e+01
1.870000e-06	1.024363e-07	-1.289705e-09	7.239229e-01	-8.983589e+01
1.880000e-06	1.484628e-07	-1.258458e-09	1.049195e+00	-8.817113e+01
1.890000e-06	1.944814e-07	-1.233363e-09	1.374410e+00	-8.645737e+01
1.900000e-06	2.404651e-07	-1.210200e-09	1.699380e+00	-8.469356e+01
1.910000e-06	2.864368e-07	-1.181602e-09	2.024265e+00	-8.287858e+01
1.920000e-06	3.324535e-07	-1.150827e-09	2.349467e+00	-8.101132e+01
1.930000e-06	3.784695e-07	-1.125313e-09	2.674664e+00	-7.909068e+01
1.940000e-06	4.244130e-07	-1.103837e-09	2.999350e+00	-7.711549e+01
1.950000e-06	4.703640e-07	-1.076797e-09	3.324088e+00	-7.508460e+01
1.960000e-06	5.163327e-07	-1.043500e-09	3.648951e+00	-7.299685e+01
1.970000e-06	5.622076e-07	-1.011457e-09	3.973151e+00	-7.085109e+01
1.980000e-06	6.079631e-07	-9.810311e-10	4.296508e+00	-6.864616e+01
1.990000e-06	6.536527e-07	-9.446970e-10	4.619399e+00	-6.638095e+01
2.000000e-06	6.993365e-07	-9.025506e-10	4.942249e+00	-6.405437e+01
2.010000e-06	7.449947e-07	-8.648323e-10	5.264918e+00	-6.166541e+01
2.020000e-06	7.906461e-07	-8.340141e-10	5.587538e+00	-5.921311e+01
2.030000e-06	8.362100e-07	-8.030796e-10	5.909541e+00	-5.669664e+01
2.040000e-06	8.816756e-07	-7.674331e-10	6.230849e+00	-5.411526e+01
2.050000e-06	9.271272e-07	-7.306342e-10	6.552058e+00	-5.146841e+01
2.060000e-06	9.725483e-07	-6.937485e-10	6.873051e+00	-4.875568e+01
2.070000e-06	1.017886e-06	-6.532696e-10	7.193452e+00	-4.597687e+01
2.080000e-06	1.063142e-06	-6.064262e-10	7.513282e+00	-4.313198e+01
2.090000e-06	1.108294e-06	-5.608153e-10	7.832375e+00	-4.022129e+01
2.100000e-06	1.153315e-06	-5.201950e-10	8.150536e+00	-3.724532e+01
2.110000e-06	1.198218e-06	-4.808996e-10	8.467873e+00	-3.420492e+01
2.120000e-06	1.243012e-06	-4.361726e-10	8.784436e+00	-3.110123e+01
2.130000e-06	1.287668e-06	-3.905385e-10	9.100021e+00	-2.793572e+01
2.140000e-06	1.332197e-06	-3.469397e-10	9.414707e+00	-2.471023e+01
2.150000e-06	1.376660e-06	-2.998709e-10	9.728934e+00	-2.142695e+01
2.160000e-06	1.421039e-06	-2.449088e-10	1.004256e+01	-1.808843e+01
2.170000e-06	1.465382e-06	-1.878402e-10	1.035594e+01	-1.469761e+01
2.180000e-06	1.509704e-06	-1.375578e-10	1.066916e+01	-1.125778e+01
2.190000e-06	1.553909e-06	-9.129405e-11	1.098156e+01	-7.772619e+00
2.200000e-06	1.597966e-06	-4.155294e-11	1.129291e+01	-4.246138e+00
2.210000e-06	1.641959e-06	1.243659e-11	1.160381e+01	-6.827018e-01
2.220000e-06	1.685893e-06	6.661666e-11	1.191430e+01	2.913009e+00
2.230000e-06	1.729817e-06	1.207492e-10	1.222471e+01	6.536016e+00
2.240000e-06	1.773698e-06	1.765722e-10	1.253482e+01	1.018108e+01
2.250000e-06	1.817513e-06	2.336476e-10	1.284447e+01	1.384272e+01
2.260000e-06	1.861243e-06	2.879616e-10	1.315350e+01	1.751527e+01
2.270000e-06	1.904855e-06	3.386023e-10	1.346172e+01	2.119289e+01
2.280000e-06	1.948404e-06	3.914280e-10	1.376948e+01	2.486966e+01
2.290000e-06	1.991865e-06	4.491753e-10	1.407662e+01	2.853957e+01
2.300000e-06	2.035127e-06	5.090122e-10	1.438235e+01	3.219658e+01
2.310000e-06	2.078193e-06	5.671457e-10	1.468670e+01	3.583470e+01
2.320000e-06	2.121190e-06	6.213509e-10	1.499057e+01	3.944802e+01
2.330000e-06	2.163927e-06	6.735986e-10	1.529259e+01	4.303073e+01
2.340000e-06	2.206237e-06	7.223545e-10	1.559159e+01	4.657721e+01
2.350000e-06	2.248213e-06	7.678734e-10	1.588824e+01	5.008205e+01
2.360000e-06	2.289927e-06	8.152571e-10	1.618304e+01	5.354009e+01
2.370000e-06	2.331365e-06	8.684235e-10	1.647588e+01	5.694648e+01
2.380000e-06	2.372483e-06	9.237555e-10	1.676646e+01	6.029668e+01
2.390000e-06	2.413301e-06	9.751811e-10	1.705493e+01	6.358653e+01
2.400000e-06	2.453869e-06	1.020842e-09	1.734162e+01	6.681226e+01
2.410000e-06	2.494306e-06	1.063999e-09	1.762740e+01	6.997049e+01
2.420000e-06	2.534595e-06	1.104533e-09	1.791212e+01	7.305827e+01
2.430000e-06	2.574709e-06	1.141535e-09	1.819561e+01	7.607310e+01
2.440000e-06	2.614721e-06	1.179340e-09	1.847837e+01	7.901289e+01
2.450000e-06	2.654647e-06	1.220945e-09	1.876053e+01	8.187602e+01
2.460000e-06	2.694491e-06	1.264472e-09	1.904211e+01	8.466127e+01
2.470000e-06	2.734222e-06	1.306476e-09	1.932290e+01	8.736787e+01
2.480000e-06	2.773800e-06	1.344867e-09	1.960259e+01	8.999542e+01
2.490000e-06	2.813248e-06	1.381473e-09	1.988137e+01	9.254393e+01
2.500000e-06	2.852534e-06	1.416830e-09	2.015901e+01	9.501376e+01
2.510000e-06	2.891527e-06	1.447902e-09	2.043458e+01	9.740558e+01
2.520000e-06	2.930269e-06	1.476993e-09	2.070837e+01	9.972039e+01
2.530000e-06	2.968797e-06	1.507555e-09	2.098065e+01	1.019594e+02
2.540000e-06	3.007102e-06	1.540381e-09	2.125135e+01	1.041242e+02
2.550000e-06	3.045337e-06	1.572124e-09	2.152156e+01	1.062163e+02
2.560000e-06	3.083409e-06	1.601609e-09	2.179062e+01	1.082376e+02
2.570000e-06	3.121221e-06	1.630511e-09	2.205784e+01	1.101901e+02
2.580000e-06	3.158831e-06	1.658143e-09	2.232363e+01	1.120757e+02
2.590000e-06	3.196205e-06	1.685139e-09	2.258775e+01	1.138966e+02
2.600000e-06	3.233347e-06	1.708622e-09	2.285024e+01	1.156549e+02
2.610000e-06	3.270235e-06	1.730295e-09	2.311093e+01	1.173526e+02
2.620000e-06	3.306858e-06	1.753432e-09	2.336974e+01	1.189919e+02
2.630000e-06	3.343211e-06	1.776679e-09	2.362665e+01	1.205748e+02
2.640000e-06	3.379363e-06	1.799352e-09	2.388214e+01	1.221031e+02
2.650000e-06	3.415400e-06	1.819310e-09	2.413682e+01	1.235787e+02
2.660000e-06	3.451340e-06	1.838983e-09	2.439081e+01	1.250034e+02
2.670000e-06	3.487157e-06	1.860057e-09	2.464393e+01	1.263789e+02
2.680000e-06	3.522758e-06	1.880464e-09	2.489552e+01	1.277066e+02
2.690000e-06	3.558153e-06	1.896596e-09	2.514566e+01	1.289880e+02
2.700000e-06	3.593380e-06	1.909458e-09	2.539461e+01	1.302244e+02
2.710000e-06	3.628228e-06	1.926418e-09	2.564088e+01	1.314170e+02
2.720000e-06	3.662525e-06	1.946147e-09	2.588326e+01	1.325669e+02
2.730000e-06	3.696403e-06	1.963309e-09	2.612268e+01	1.336753e+02
2.740000e-06	3.729856e-06	1.978047e-09	2.635909e+01	1.347430e+02
2.750000e-06	3.762826e-06	1.992952e-09	2.659210e+01	1.357710e+02
2.760000e-06	3.795451e-06	2.008468e-09	2.682265e+01	1.367602e+02
2.770000e-06	3.827755e-06	2.022958e-09	2.705095e+01	1.377114e+02
2.780000e-06	3.859848e-06	2.035384e-09	2.727775e+01	1.386254e+02
2.790000e-06	3.891849e-06	2.046434e-09	2.750391e+01	1.395032e+02
2.800000e-06	3.923720e-06	2.058068e-09	2.772914e+01	1.403456e+02
2.810000e-06	3.955412e-06	2.068934e-09	2.795311e+01	1.411534e+02
2.820000e-06	3.986839e-06	2.079115e-09	2.817521e+01	1.419276e+02
2.830000e-06	4.017944e-06	2.087692e-09	2.839503e+01	1.426691e+02
2.840000e-06	4.048763e-06	2.098542e-09	2.861283e+01	1.433791e+02
2.850000e-06	4.079269e-06	2.114064e-09	2.882841e+01	1.440584e+02
2.860000e-06	4.109448e-06	2.129398e-09	2.904169e+01	1.447083e+02
2.870000e-06	4.139386e-06	2.141847e-09	2.925327e+01	1.453300e+02
2.880000e-06	4.169159e-06	2.149057e-09	2.946368e+01	1.459245e+02
2.890000e-06	4.198671e-06	2.153575e-09	2.967223e+01	1.464932e+02
2.900000e-06	4.227834e-06	2.155832e-09	2.987833e+01	1.470374e+02
2.910000e-06	4.256738e-06	2.159775e-09	3.008259e+01	1.475583e+02
2.920000e-06	4.285352e-06	2.165908e-09	3.028481e+01	1.480572e+02
2.930000e-06	4.313669e-06	2.173064e-09	3.048493e+01	1.485354e+02
2.940000e-06	4.341833e-06	2.184861e-09	3.068397e+01	1.489942e+02
2.950000e-06	4.369836e-06	2.200288e-09	3.088187e+01	1.494347e+02
2.960000e-06	4.397637e-06	2.212473e-09	3.107834e+01	1.498583e+02
2.970000e-06	4.425227e-06	2.217705e-09	3.127332e+01	1.502661e+02
2.980000e-06	4.452446e-06	2.219721e-09	3.146568e+01	1.506590e+02
2.990000e-06	4.479248e-06	2.219711e-09	3.165509e+01	1.510381e+02
3.000000e-06	4.505624e-06	2.220724e-09	3.184149e+01	1.514043e+02
3.010000e-06	4.531373e-06	2.223403e-09	3.202346e+01	1.517583e+02
3.020000e-06	4.556488e-06	2.230393e-09	3.220095e+01	1.521009e+02
3.030000e-06	4.581194e-06	2.241740e-09	3.237555e+01	1.524326e+02
3.040000e-06	4.605531e-06	2.254328e-09	3.254754e+01	1.527540e+02
3.050000e-06	4.629558e-06	2.262452e-09	3.271734e+01	1.530653e+02
3.060000e-06	4.653375e-06	2.264157e-09	3.288565e+01	1.533670e+02
3.070000e-06	4.676990e-06	2.265540e-09	3.305254e+01	1.536591e+02
3.080000e-06	4.700352e-06	2.268199e-09	3.321764e+01	1.539418e+02
3.090000e-06	4.723329e-06	2.269222e-09	3.338002e+01	1.542151e+02
3.100000e-06	4.745924e-06	2.271482e-09	3.353970e+01	1.544791e+02
3.110000e-06	4.768202e-06	2.278677e-09	3.369714e+01	1.547336e+02
3.120000e-06	4.790216e-06	2.287466e-09	3.385272e+01	1.549786e+02
3.130000e-06	4.811871e-06	2.294345e-09	3.400575e+01	1.552139e+02
3.140000e-06	4.833126e-06	2.298927e-09	3.415596e+01	1.554394e+02
3.150000e-06	4.854122e-06	2.301363e-09	3.430434e+01	1.556551e+02
3.160000e-06	4.874839e-06	2.302035e-09	3.445075e+01	1.558608e+02
3.170000e-06	4.895239e-06	2.300685e-09	3.459492e+01	1.560566e+02
3.180000e-06	4.915367e-06	2.298223e-09	3.473716e+01	1.562424e+02
3.190000e-06	4.935289e-06	2.299980e-09	3.487796e+01	1.564183e+02
3.200000e-06	4.955062e-06	2.309124e-09	3.501769e+01	1.565845e+02
3.210000e-06	4.974494e-06	2.319067e-09	3.515502e+01	1.567412e+02
3.220000e-06	4.993477e-06	2.324815e-09	3.528917e+01	1.568887e+02
3.230000e-06	5.012078e-06	2.326831e-09	3.542063e+01	1.570273e+02
3.240000e-06	5.030216e-06	2.326233e-09	3.554881e+01	1.571576e+02
3.250000e-06	5.047995e-06	2.325279e-09	3.567445e+01	1.572800e+02
3.260000e-06	5.065419e-06	2.324794e-09	3.579759e+01	1.573951e+02
3.270000e-06	5.082509e-06	2.326172e-09	3.591836e+01	1.575036e+02
3.280000e-06	5.099395e-06	2.328995e-09	3.603770e+01	1.576062e+02
3.290000e-06	5.115909e-06	2.332145e-09	3.615441e+01	1.577035e+02
3.300000e-06	5.131844e-06	2.333596e-09	3.626702e+01	1.577962e+02
3.310000e-06	5.147274e-06	2.334340e-09	3.637606e+01	1.578852e+02
3.320000e-06	5.162294e-06	2.336751e-09	3.648221e+01	1.579711e+02
3.330000e-06	5.176980e-06	2.340598e-09	3.658600e+01	1.580545e+02
3.340000e-06	5.191324e-06	2.343288e-09	3.668737e+01	1.581361e+02
3.350000e-06	5.205307e-06	2.346470e-09	3.678619e+01	1.582164e+02
3.360000e-06	5.218969e-06	2.349271e-09	3.688273e+01	1.582959e+02
3.370000e-06	5.232195e-06	2.350537e-09	3.697621e+01	1.583750e+02
3.380000e-06	5.244980e-06	2.350243e-09	3.706655e+01	1.584539e+02
3.390000e-06	5.257423e-06	2.349295e-09	3.715449e+01	1.585327e+02
3.400000e-06	5.269594e-06	2.351482e-09	3.724050e+01	1.586115e+02
3.410000e-06	5.281423e-06	2.357325e-09	3.732410e+01	1.586902e+02
3.420000e-06	5.292788e-06	2.362633e-09	3.740442e+01	1.587686e+02
3.430000e-06	5.303652e-06	2.366638e-09	3.748120e+01	1.588462e+02
3.440000e-06	5.313929e-06	2.370023e-09	3.755382e+01	1.589227e+02
3.450000e-06	5.323531e-06	2.371357e-09	3.762168e+01	1.589975e+02
3.460000e-06	5.332551e-06	2.371248e-09	3.768542e+01	1.590698e+02
3.470000e-06	5.341110e-06	2.369681e-09	3.774591e+01	1.591390e+02
3.480000e-06	5.349332e-06	2.369170e-09	3.780402e+01	1.592042e+02
3.490000e-06	5.357258e-06	2.371107e-09	3.786003e+01	1.592645e+02
3.500000e-06	5.364917e-06	2.373218e-09	3.791416e+01	1.593191e+02
3.510000e-06	5.372317e-06	2.376484e-09	3.796645e+01	1.593671e+02
3.520000e-06	5.379410e-06	2.379748e-09	3.801658e+01	1.594075e+02
3.530000e-06	5.386119e-06	2.379400e-09	3.806399e+01	1.594396e+02
3.540000e-06	5.392454e-06	2.377900e-09	3.810876e+01	1.594625e+02
3.550000e-06	5.398481e-06	2.376090e-09	3.815136e+01	1.594757e+02
3.560000e-06	5.404109e-06	2.375339e-09	3.819113e+01	1.594784e+02
3.570000e-06	5.409286e-06	2.374012e-09	3.822772e+01	1.594704e+02
3.580000e-06	5.414057e-06	2.373848e-09	3.826143e+01	1.594512e+02
3.590000e-06	5.418478e-06	2.374488e-09	3.829268e+01	1.594208e+02
3.600000e-06	5.422643e-06	2.377220e-09	3.832211e+01	1.593791e+02
3.610000e-06	5.426581e-06	2.380808e-09	3.834994e+01	1.593264e+02
3.620000e-06	5.430249e-06	2.382493e-09	3.837587e+01	1.592631e+02
3.630000e-06	5.433584e-06	2.383690e-09	3.839943e+01	1.591897e+02
3.640000e-06	5.436411e-06	2.383788e-09	3.841941e+01	1.591070e+02
3.650000e-06	5.438573e-06	2.384892e-09	3.843469e+01	1.590159e+02
3.660000e-06	5.440183e-06	2.384577e-09	3.844607e+01	1.589174e+02
3.670000e-06	5.441321e-06	2.381345e-09	3.845411e+01	1.588129e+02
3.680000e-06	5.441912e-06	2.379392e-09	3.845828e+01	1.587036e+02
3.690000e-06	5.442155e-06	2.379550e-09	3.846000e+01	1.585910e+02
3.700000e-06	5.442142e-06	2.381341e-09	3.845991e+01	1.584766e+02
3.710000e-06	5.441850e-06	2.384027e-09	3.845785e+01	1.583622e+02
3.720000e-06	5.441280e-06	2.385290e-09	3.845382e+01	1.582492e+02
3.730000e-06	5.440359e-06	2.387077e-09	3.844731e+01	1.581393e+02
3.740000e-06	5.439114e-06	2.389545e-09	3.843852e+01	1.580341e+02
3.750000e-06	5.437560e-06	2.384101e-09	3.842753e+01	1.579351e+02
3.760000e-06	5.435702e-06	2.358645e-09	3.841440e+01	1.578439e+02
3.770000e-06	5.433495e-06	2.336560e-09	3.839880e+01	1.577617e+02
3.780000e-06	5.430878e-06	2.378309e-09	3.838031e+01	1.576898e+02
3.790000e-06	5.427796e-06	2.438541e-09	3.835853e+01	1.576292e+02
3.800000e-06	5.424268e-06	2.405010e-09	3.833359e+01	1.575807e+02
3.810000e-06	5.420396e-06	2.345169e-09	3.830623e+01	1.575451e+02
3.820000e-06	5.416298e-06	2.387238e-09	3.827727e+01	1.575228e+02
3.830000e-06	5.412017e-06	2.400259e-09	3.824701e+01	1.575139e+02
3.840000e-06	5.407259e-06	2.368610e-09	3.821339e+01	1.575186e+02
3.850000e-06	5.401858e-06	2.281544e-09	3.817522e+01	1.575366e+02
3.860000e-06	5.396025e-06	2.343052e-09	3.813400e+01	1.575674e+02
3.870000e-06	5.389899e-06	2.437064e-09	3.809070e+01	1.576103e+02
3.880000e-06	5.383220e-06	2.381359e-09	3.804351e+01	1.576644e+02
3.890000e-06	5.375853e-06	2.349077e-09	3.799145e+01	1.577288e+02
3.900000e-06	5.368145e-06	2.377887e-09	3.793697e+01	1.578020e+02
3.910000e-06	5.360285e-06	2.432415e-09	3.788143e+01	1.578828e+02
3.920000e-06	5.352072e-06	2.302584e-09	3.782338e+01	1.579694e+02
3.930000e-06	5.343445e-06	2.288593e-09	3.776242e+01	1.580603e+02
3.940000e-06	5.334525e-06	2.376810e-09	3.769938e+01	1.581538e+02
3.950000e-06	5.325285e-06	2.430121e-09	3.763408e+01	1.582480e+02
3.960000e-06	5.315585e-06	2.340600e-09	3.756552e+01	1.583411e+02
3.970000e-06	5.305481e-06	2.361573e-09	3.749412e+01	1.584313e+02
3.980000e-06	5.295105e-06	2.438539e-09	3.742079e+01	1.585170e+02
3.990000e-06	5.284326e-06	2.398017e-09	3.734462e+01	1.585963e+02
4.000000e-06	5.273077e-06	2.329169e-09	3.726512e+01	1.586677e+02
4.010000e-06	5.261459e-06	2.393516e-09	3.718301e+01	1.587297e+02
4.020000e-06	5.249451e-06	2.458226e-09	3.709816e+01	1.587809e+02
4.030000e-06	5.237057e-06	2.386209e-09	3.701057e+01	1.588202e+02
4.040000e-06	5.224304e-06	2.378966e-09	3.692044e+01	1.588466e+02
4.050000e-06	5.211094e-06	2.435862e-09	3.682708e+01	1.588593e+02
4.060000e-06	5.197289e-06	2.422833e-09	3.672952e+01	1.588575e+02
4.070000e-06	5.182866e-06	2.367961e-09	3.662759e+01	1.588410e+02
4.080000e-06	5.167933e-06	2.421828e-09	3.652206e+01	1.588095e+02
4.090000e-06	5.152525e-06	2.418335e-09	3.641317e+01	1.587630e+02
4.100000e-06	5.136710e-06	2.378784e-09	3.630141e+01	1.587017e+02
4.110000e-06	5.120610e-06	2.404143e-09	3.618763e+01	1.586259e+02
4.120000e-06	5.104300e-06	2.450492e-09	3.607236e+01	1.585362e+02
4.130000e-06	5.087647e-06	2.381116e-09	3.595468e+01	1.584332e+02
4.140000e-06	5.070577e-06	2.374981e-09	3.583404e+01	1.583179e+02
4.150000e-06	5.053136e-06	2.416006e-09	3.571078e+01	1.581912e+02
4.160000e-06	5.035340e-06	2.412313e-09	3.558502e+01	1.580540e+02
4.170000e-06	5.017255e-06	2.369004e-09	3.545721e+01	1.579077e+02
4.180000e-06	4.998890e-06	2.401471e-09	3.532743e+01	1.577533e+02
4.190000e-06	4.980114e-06	2.403570e-09	3.519474e+01	1.575921e+02
4.200000e-06	4.960971e-06	2.390135e-09	3.505945e+01	1.574253e+02
4.210000e-06	4.941545e-06	2.390345e-09	3.492216e+01	1.572542e+02
4.220000e-06	4.921857e-06	2.382281e-09	3.478303e+01	1.570798e+02
4.230000e-06	4.901940e-06	2.364392e-09	3.464227e+01	1.569032e+02
4.240000e-06	4.881749e-06	2.386099e-09	3.449958e+01	1.567257e+02
4.250000e-06	4.861193e-06	2.390900e-09	3.435431e+01	1.565480e+02
4.260000e-06	4.840325e-06	2.372631e-09	3.420684e+01	1.563710e+02
4.270000e-06	4.819107e-06	2.380375e-09	3.405689e+01	1.561954e+02
4.280000e-06	4.797351e-06	2.387132e-09	3.390314e+01	1.560218e+02
4.290000e-06	4.775058e-06	2.379246e-09	3.374559e+01	1.558508e+02
4.300000e-06	4.752277e-06	2.374591e-09	3.358460e+01	1.556825e+02
4.310000e-06	4.728995e-06	2.374895e-09	3.342006e+01	1.555172e+02
4.320000e-06	4.705250e-06	2.371990e-09	3.325225e+01	1.553550e+02
4.330000e-06	4.681238e-06	2.390458e-09	3.308256e+01	1.551958e+02
4.340000e-06	4.657015e-06	2.378736e-09	3.291138e+01	1.550393e+02
4.350000e-06	4.632564e-06	2.361730e-09	3.273858e+01	1.548853e+02
4.360000e-06	4.607861e-06	2.365972e-09	3.256400e+01	1.547334e+02
4.370000e-06	4.582898e-06	2.377189e-09	3.238759e+01	1.545831e+02
4.380000e-06	4.557624e-06	2.361682e-09	3.220897e+01	1.544338e+02
4.390000e-06	4.531961e-06	2.365778e-09	3.202761e+01	1.542849e+02
4.400000e-06	4.505982e-06	2.369617e-09	3.184402e+01	1.541356e+02
4.410000e-06	4.479706e-06	2.373392e-09	3.165832e+01	1.539854e+02
4.420000e-06	4.453080e-06	2.371214e-09	3.147016e+01	1.538334e+02
4.430000e-06	4.426167e-06	2.367086e-09	3.127996e+01	1.536789e+02
4.440000e-06	4.399010e-06	2.353974e-09	3.108804e+01	1.535213e+02
4.450000e-06	4.371523e-06	2.359493e-09	3.089379e+01	1.533599e+02
4.460000e-06	4.343733e-06	2.356948e-09	3.069740e+01	1.531939e+02
4.470000e-06	4.315772e-06	2.350470e-09	3.049979e+01	1.530229e+02
4.480000e-06	4.287651e-06	2.350056e-09	3.030106e+01	1.528463e+02
4.490000e-06	4.259311e-06	2.358035e-09	3.010078e+01	1.526636e+02
4.500000e-06	4.230732e-06	2.355121e-09	2.989881e+01	1.524745e+02
4.510000e-06	4.201871e-06	2.350634e-09	2.969485e+01	1.522785e+02
4.520000e-06	4.172557e-06	2.342872e-09	2.948769e+01	1.520757e+02
4.530000e-06	4.142696e-06	2.340523e-09	2.927666e+01	1.518656e+02
4.540000e-06	4.112321e-06	2.340209e-09	2.906200e+01	1.516484e+02
4.550000e-06	4.081431e-06	2.335729e-09	2.884370e+01	1.514240e+02
4.560000e-06	4.050111e-06	2.329216e-09	2.862235e+01	1.511925e+02
4.570000e-06	4.018446e-06	2.327418e-09	2.839858e+01	1.509542e+02
4.580000e-06	3.986532e-06	2.329648e-09	2.817304e+01	1.507091e+02
4.590000e-06	3.954462e-06	2.326073e-09	2.794639e+01	1.504577e+02
4.600000e-06	3.922249e-06	2.317660e-09	2.771875e+01	1.502003e+02
4.610000e-06	3.889932e-06	2.312770e-09	2.749036e+01	1.499372e+02
4.620000e-06	3.857417e-06	2.319967e-09	2.726057e+01	1.496690e+02
4.630000e-06	3.824582e-06	2.320875e-09	2.702853e+01	1.493959e+02
4.640000e-06	3.791383e-06	2.315054e-09	2.679391e+01	1.491186e+02
4.650000e-06	3.757901e-06	2.306316e-09	2.655729e+01	1.488375e+02
4.660000e-06	3.724226e-06	2.306034e-09	2.631930e+01	1.485531e+02
4.670000e-06	3.690264e-06	2.303535e-09	2.607930e+01	1.482658e+02
4.680000e-06	3.656044e-06	2.298286e-09	2.583746e+01	1.479761e+02
4.690000e-06	3.621597e-06	2.289783e-09	2.559402e+01	1.476844e+02
4.700000e-06	3.586936e-06	2.290663e-09	2.534907e+01	1.473911e+02
4.710000e-06	3.551970e-06	2.291172e-09	2.510196e+01	1.470965e+02
4.720000e-06	3.516733e-06	2.288493e-09	2.485294e+01	1.468010e+02
4.730000e-06	3.481314e-06	2.280407e-09	2.460263e+01	1.465049e+02
4.740000e-06	3.445652e-06	2.274708e-09	2.435061e+01	1.462082e+02
4.750000e-06	3.409793e-06	2.269167e-09	2.409719e+01	1.459112e+02
4.760000e-06	3.373808e-06	2.266663e-09	2.384288e+01	1.456140e+02
4.770000e-06	3.337679e-06	2.261777e-09	2.358756e+01	1.453166e+02
4.780000e-06	3.301460e-06	2.261218e-09	2.333160e+01	1.450190e+02
4.790000e-06	3.265130e-06	2.262934e-09	2.307485e+01	1.447210e+02
4.800000e-06	3.228502e-06	2.264894e-09	2.281600e+01	1.444227e+02
4.810000e-06	3.191648e-06	2.259290e-09	2.255555e+01	1.441237e+02
4.820000e-06	3.154526e-06	2.250623e-09	2.229321e+01	1.438238e+02
4.830000e-06	3.116942e-06	2.242350e-09	2.202760e+01	1.435227e+02
4.840000e-06	3.078866e-06	2.237790e-09	2.175852e+01	1.432201e+02
4.850000e-06	3.040412e-06	2.234276e-09	2.148676e+01	1.429156e+02
4.860000e-06	3.001703e-06	2.228931e-09	2.121320e+01	1.426088e+02
4.870000e-06	2.962674e-06	2.226192e-09	2.093738e+01	1.422991e+02
4.880000e-06	2.923287e-06	2.227608e-09	2.065903e+01	1.419862e+02
4.890000e-06	2.883600e-06	2.227931e-09	2.037855e+01	1.416694e+02
4.900000e-06	2.843763e-06	2.221703e-09	2.009702e+01	1.413483e+02
4.910000e-06	2.803860e-06	2.212834e-09	1.981503e+01	1.410224e+02
4.920000e-06	2.763879e-06	2.205517e-09	1.953248e+01	1.406910e+02
4.930000e-06	2.723817e-06	2.203523e-09	1.924936e+01	1.403537e+02
4.940000e-06	2.683630e-06	2.201260e-09	1.896536e+01	1.400098e+02
4.950000e-06	2.643329e-06	2.196911e-09	1.868055e+01	1.396588e+02
4.960000e-06	2.602910e-06	2.191544e-09	1.839490e+01	1.393003e+02
4.970000e-06	2.562329e-06	2.188457e-09	1.810812e+01	1.389337e+02
4.980000e-06	2.521536e-06	2.181855e-09	1.781983e+01	1.385586e+02
4.990000e-06	2.480560e-06	2.174173e-09	1.753025e+01	1.381744e+02
5.000000e-06	2.439399e-06	2.164196e-09	1.723937e+01	1.377808e+02
5.010000e-06	2.398057e-06	2.158743e-09	1.694720e+01	1.373774e+02
5.020000e-06	2.356560e-06	2.155500e-09	1.665393e+01	1.369639e+02
5.030000e-06	2.314901e-06	2.152364e-09	1.635953e+01	1.365399e+02
5.040000e-06	2.273068e-06	2.146620e-09	1.606389e+01	1.361052e+02
5.050000e-06	2.231056e-06	2.141708e-09	1.576700e+01	1.356596e+02
5.060000e-06	2.188877e-06	2.136833e-09	1.546891e+01	1.352028e+02
5.070000e-06	2.146542e-06	2.132060e-09	1.516973e+01	1.347348e+02
5.080000e-06	2.104088e-06	2.124792e-09	1.486971e+01	1.342553e+02
5.090000e-06	2.061524e-06	2.117053e-09	1.456890e+01	1.337645e+02
5.100000e-06	2.018775e-06	2.109223e-09	1.426679e+01	1.332621e+02
5.110000e-06	1.975861e-06	2.102267e-09	1.396352e+01	1.327482e+02
5.120000e-06	1.932891e-06	2.094296e-09	1.365985e+01	1.322228e+02
5.130000e-06	1.889726e-06	2.084431e-09	1.335480e+01	1.316859e+02
5.140000e-06	1.846352e-06	2.074632e-09	1.304827e+01	1.311376e+02
5.150000e-06	1.802887e-06	2.068690e-09	1.274110e+01	1.305778e+02
5.160000e-06	1.759306e-06	2.064558e-09	1.243311e+01	1.300065e+02
5.170000e-06	1.715652e-06	2.056770e-09	1.212460e+01	1.294238e+02
5.180000e-06	1.671865e-06	2.046473e-09	1.181516e+01	1.288297e+02
5.190000e-06	1.627972e-06	2.035937e-09	1.150497e+01	1.282241e+02
5.200000e-06	1.584009e-06	2.028175e-09	1.119427e+01	1.276068e+02
5.210000e-06	1.539959e-06	2.021282e-09	1.088297e+01	1.269779e+02
5.220000e-06	1.495891e-06	2.011035e-09	1.057154e+01	1.263370e+02
5.230000e-06	1.451797e-06	1.999895e-09	1.025992e+01	1.256840e+02
5.240000e-06	1.407705e-06	1.990842e-09	9.948325e+00	1.250186e+02
5.250000e-06	1.363585e-06	1.983595e-09	9.636532e+00	1.243403e+02
5.260000e-06	1.319405e-06	1.976674e-09	9.324307e+00	1.236487e+02
5.270000e-06	1.275169e-06	1.968163e-09	9.011685e+00	1.229434e+02
5.280000e-06	1.230857e-06	1.958587e-09	8.698531e+00	1.222236e+02
5.290000e-06	1.186460e-06	1.946208e-09	8.384775e+00	1.214888e+02
5.300000e-06	1.141970e-06	1.933980e-09	8.070364e+00	1.207381e+02
5.310000e-06	1.097347e-06	1.921649e-09	7.755007e+00	1.199708e+02
5.320000e-06	1.052593e-06	1.907722e-09	7.438733e+00	1.191859e+02
5.330000e-06	1.007837e-06	1.891961e-09	7.122439e+00	1.183825e+02
5.340000e-06	9.630220e-07	1.879451e-09	6.805728e+00	1.175596e+02
5.350000e-06	9.181584e-07	1.868709e-09	6.488675e+00	1.167160e+02
5.360000e-06	8.733130e-07	1.856748e-09	6.171750e+00	1.158507e+02
5.370000e-06	8.283343e-07	1.842405e-09	5.853884e+00	1.149623e+02
5.380000e-06	7.830662e-07	1.830106e-09	5.533971e+00	1.140498e+02
5.390000e-06	7.377634e-07	1.819077e-09	5.213814e+00	1.131118e+02
5.400000e-06	6.925886e-07	1.807267e-09	4.894561e+00	1.121472e+02
5.410000e-06	6.472707e-07	1.793920e-09	4.574297e+00	1.111545e+02
5.420000e-06	6.018404e-07	1.777055e-09	4.253238e+00	1.101326e+02
5.430000e-06	5.564933e-07	1.757955e-09	3.932768e+00	1.090801e+02
5.440000e-06	5.111538e-07	1.739665e-09	3.612351e+00	1.079958e+02
5.450000e-06	4.656674e-07	1.721714e-09	3.290897e+00	1.068784e+02
5.460000e-06	4.200821e-07	1.704616e-09	2.968743e+00	1.057267e+02
5.470000e-06	3.743852e-07	1.689078e-09	2.645801e+00	1.045394e+02
5.480000e-06	3.287049e-07	1.674428e-09	2.322975e+00	1.033153e+02
5.490000e-06	2.830531e-07	1.658240e-09	2.000351e+00	1.020533e+02
5.500000e-06	2.373049e-07	1.639039e-09	1.677047e+00	1.007521e+02
5.510000e-06	1.915885e-07	1.614434e-09	1.353966e+00	9.941083e+01
5.520000e-06	1.459520e-07	1.587295e-09	1.031450e+00	9.802820e+01
5.530000e-06	1.003060e-07	1.560906e-09	7.088678e-01	9.660318e+01
5.540000e-06	5.457160e-08	1.536884e-09	3.856605e-01	9.513470e+01
5.550000e-06	8.811297e-09	1.517120e-09	6.226991e-02	9.362171e+01
5.560000e-06	-3.687819e-08	1.498033e-09	-2.606202e-01	9.206315e+01
5.570000e-06	-8.255931e-08	1.472895e-09	-5.834511e-01	9.045798e+01
5.580000e-06	-1.282999e-07	1.443541e-09	-9.067023e-01	8.880515e+01
5.590000e-06	-1.740333e-07	1.414550e-09	-1.229903e+00	8.710359e+01
5.600000e-06	-2.197422e-07	1.385650e-09	-1.552930e+00	8.535223e+01
5.610000e-06	-2.654099e-07	1.355894e-09	-1.875666e+00	8.354999e+01
5.620000e-06	-3.110760e-07	1.322739e-09	-2.198391e+00	8.169576e+01
5.630000e-06	-3.567039e-07	1.293226e-09	-2.520846e+00	7.978841e+01
5.640000e-06	-4.022626e-07	1.266160e-09	-2.842812e+00	7.782681e+01
5.650000e-06	-4.478184e-07	1.236083e-09	-3.164756e+00	7.580980e+01
5.660000e-06	-4.933363e-07	1.199299e-09	-3.486434e+00	7.373622e+01
5.670000e-06	-5.387505e-07	1.161084e-09	-3.807379e+00	7.160492e+01
5.680000e-06	-5.840547e-07	1.126157e-09	-4.127546e+00	6.941473e+01
5.690000e-06	-6.293466e-07	1.092015e-09	-4.447626e+00	6.716454e+01
5.700000e-06	-6.745876e-07	1.054570e-09	-4.767347e+00	6.485325e+01
5.710000e-06	-7.197236e-07	1.016977e-09	-5.086326e+00	6.247982e+01
5.720000e-06	-7.648142e-07	9.777275e-10	-5.404983e+00	6.004328e+01
5.730000e-06	-8.098754e-07	9.354991e-10	-5.723433e+00	5.754277e+01
5.740000e-06	-8.548585e-07	8.914276e-10	-6.041331e+00	5.497752e+01
5.750000e-06	-8.997815e-07	8.474965e-10	-6.358805e+00	5.234693e+01
5.760000e-06	-9.446227e-07	8.075783e-10	-6.675700e+00	4.965055e+01
5.770000e-06	-9.894101e-07	7.704198e-10	-6.992214e+00	4.688811e+01
5.780000e-06	-1.034147e-06	7.282896e-10	-7.308374e+00	4.405957e+01
5.790000e-06	-1.078819e-06	6.807724e-10	-7.624071e+00	4.116513e+01
5.800000e-06	-1.123332e-06	6.335408e-10	-7.938647e+00	3.820527e+01
5.810000e-06	-1.167713e-06	5.843401e-10	-8.252290e+00	3.518072e+01
5.820000e-06	-1.212095e-06	5.307404e-10	-8.565941e+00	3.209257e+01
5.830000e-06	-1.256456e-06	4.749065e-10	-8.879443e+00	2.894220e+01
5.840000e-06	-1.300760e-06	4.238894e-10	-9.192544e+00	2.573136e+01
5.850000e-06	-1.344967e-06	3.799374e-10	-9.504954e+00	2.246215e+01
5.860000e-06	-1.389098e-06	3.371850e-10	-9.816833e+00	1.913703e+01
5.870000e-06	-1.433197e-06	2.858064e-10	-1.012848e+01	1.575883e+01
5.880000e-06	-1.477276e-06	2.294804e-10	-1.043999e+01	1.233077e+01
5.890000e-06	-1.521309e-06	1.736956e-10	-1.075117e+01	8.856424e+00
5.900000e-06	-1.565261e-06	1.152933e-10	-1.106179e+01	5.339721e+00
5.910000e-06	-1.609144e-06	5.148527e-11	-1.137191e+01	1.784942e+00
5.920000e-06	-1.653003e-06	-1.108933e-11	-1.168186e+01	-1.803310e+00
5.930000e-06	-1.696814e-06	-6.648970e-11	-1.199148e+01	-5.420130e+00
5.940000e-06	-1.740508e-06	-1.157110e-10	-1.230026e+01	-9.060339e+00
5.950000e-06	-1.784049e-06	-1.675797e-10	-1.260797e+01	-1.271851e+01
5.960000e-06	-1.827479e-06	-2.245416e-10	-1.291489e+01	-1.638903e+01
5.970000e-06	-1.870813e-06	-2.842622e-10	-1.322114e+01	-2.006610e+01
5.980000e-06	-1.914007e-06	-3.450598e-10	-1.352639e+01	-2.374380e+01
5.990000e-06	-1.957025e-06	-4.048750e-10	-1.383040e+01	-2.741614e+01
6.000000e-06	-1.999876e-06	-4.639418e-10	-1.413323e+01	-3.107709e+01
6.010000e-06	-2.042574e-06	-5.204651e-10	-1.443498e+01	-3.472065e+01
6.020000e-06	-2.085115e-06	-5.742024e-10	-1.473562e+01	-3.834087e+01
6.030000e-06	-2.127549e-06	-6.270050e-10	-1.503550e+01	-4.193193e+01
6.040000e-06	-2.169867e-06	-6.813529e-10	-1.533457e+01	-4.548814e+01
6.050000e-06	-2.212048e-06	-7.379568e-10	-1.563266e+01	-4.900403e+01
6.060000e-06	-2.254117e-06	-7.943566e-10	-1.592997e+01	-5.247439e+01
6.070000e-06	-2.296006e-06	-8.489656e-10	-1.622600e+01	-5.589429e+01
6.080000e-06	-2.337779e-06	-9.051842e-10	-1.652121e+01	-5.925910e+01
6.090000e-06	-2.379416e-06	-9.628161e-10	-1.681546e+01	-6.256456e+01
6.100000e-06	-2.420799e-06	-1.017123e-09	-1.710792e+01	-6.580681e+01
6.110000e-06	-2.461942e-06	-1.065758e-09	-1.739868e+01	-6.898236e+01
6.120000e-06	-2.502881e-06	-1.111560e-09	-1.768800e+01	-7.208816e+01
6.130000e-06	-2.543658e-06	-1.156027e-09	-1.797617e+01	-7.512159e+01
6.140000e-06	-2.584273e-06	-1.200065e-09	-1.826319e+01	-7.808047e+01
6.150000e-06	-2.624754e-06	-1.246186e-09	-1.854928e+01	-8.096305e+01
6.160000e-06	-2.665080e-06	-1.293894e-09	-1.883426e+01	-8.376801e+01
6.170000e-06	-2.705281e-06	-1.340021e-09	-1.911836e+01	-8.649448e+01
6.180000e-06	-2.745421e-06	-1.386364e-09	-1.940204e+01	-8.914196e+01
6.190000e-06	-2.785443e-06	-1.428787e-09	-1.968488e+01	-9.171037e+01
6.200000e-06	-2.825344e-06	-1.467465e-09	-1.996686e+01	-9.419997e+01
6.210000e-06	-2.865094e-06	-1.505722e-09	-2.024777e+01	-9.661137e+01
6.220000e-06	-2.904614e-06	-1.542205e-09	-2.052707e+01	-9.894548e+01
6.230000e-06	-2.943905e-06	-1.578626e-09	-2.080474e+01	-1.012035e+02
6.240000e-06	-2.982946e-06	-1.613598e-09	-2.108064e+01	-1.033868e+02
6.250000e-06	-3.021706e-06	-1.649171e-09	-2.135456e+01	-1.054971e+02
6.260000e-06	-3.060183e-06	-1.684624e-09	-2.162648e+01	-1.075361e+02
6.270000e-06	-3.098174e-06	-1.719221e-09	-2.189496e+01	-1.095057e+02
6.280000e-06	-3.135701e-06	-1.752927e-09	-2.216017e+01	-1.114080e+02
6.290000e-06	-3.172952e-06	-1.785583e-09	-2.242343e+01	-1.132451e+02
6.300000e-06	-3.209875e-06	-1.817086e-09	-2.268436e+01	-1.150190e+02
6.310000e-06	-3.246474e-06	-1.844809e-09	-2.294301e+01	-1.167318e+02
6.320000e-06	-3.282832e-06	-1.870908e-09	-2.319995e+01	-1.183857e+02
6.330000e-06	-3.318984e-06	-1.896420e-09	-2.345544e+01	-1.199826e+02
6.340000e-06	-3.355024e-06	-1.918907e-09	-2.371014e+01	-1.215245e+02
6.350000e-06	-3.391015e-06	-1.940117e-09	-2.396449e+01	-1.230133e+02
6.360000e-06	-3.426898e-06	-1.962665e-09	-2.421807e+01	-1.244507e+02
6.370000e-06	-3.462597e-06	-1.987571e-09	-2.447036e+01	-1.258385e+02
6.380000e-06	-3.497974e-06	-2.010769e-09	-2.472037e+01	-1.271782e+02
6.390000e-06	-3.533075e-06	-2.031667e-09	-2.496843e+01	-1.284712e+02
6.400000e-06	-3.567993e-06	-2.052579e-09	-2.521520e+01	-1.297188e+02
6.410000e-06	-3.602618e-06	-2.074278e-09	-2.545990e+01	-1.309225e+02
6.420000e-06	-3.636948e-06	-2.092303e-09	-2.570251e+01	-1.320831e+02
6.430000e-06	-3.671063e-06	-2.108083e-09	-2.594360e+01	-1.332019e+02
6.440000e-06	-3.704887e-06	-2.125244e-09	-2.618264e+01	-1.342799e+02
6.450000e-06	-3.738416e-06	-2.141824e-09	-2.641958e+01	-1.353179e+02
6.460000e-06	-3.771733e-06	-2.158455e-09	-2.665504e+01	-1.363168e+02
6.470000e-06	-3.804757e-06	-2.174436e-09	-2.688843e+01	-1.372776e+02
6.480000e-06	-3.837435e-06	-2.189377e-09	-2.711936e+01	-1.382010e+02
6.490000e-06	-3.869890e-06	-2.201702e-09	-2.734872e+01	-1.390879e+02
6.500000e-06	-3.902177e-06	-2.211042e-09	-2.757689e+01	-1.399392e+02
6.510000e-06	-3.934304e-06	-2.220236e-09	-2.780394e+01	-1.407557e+02
6.520000e-06	-3.966277e-06	-2.232319e-09	-2.802989e+01	-1.415384e+02
6.530000e-06	-3.998029e-06	-2.245362e-09	-2.825428e+01	-1.422882e+02
6.540000e-06	-4.029503e-06	-2.258807e-09	-2.847672e+01	-1.430061e+02
6.550000e-06	-4.060588e-06	-2.272909e-09	-2.869639e+01	-1.436931e+02
6.560000e-06	-4.091182e-06	-2.285626e-09	-2.891261e+01	-1.443505e+02
6.570000e-06	-4.121360e-06	-2.295185e-09	-2.912588e+01	-1.449792e+02
6.580000e-06	-4.151119e-06	-2.302353e-09	-2.933618e+01	-1.455806e+02
6.590000e-06	-4.180392e-06	-2.308082e-09	-2.954306e+01	-1.461558e+02
6.600000e-06	-4.209209e-06	-2.316099e-09	-2.974671e+01	-1.467061e+02
6.610000e-06	-4.237742e-06	-2.326856e-09	-2.994835e+01	-1.472328e+02
6.620000e-06	-4.266117e-06	-2.336173e-09	-3.014888e+01	-1.477373e+02
6.630000e-06	-4.294216e-06	-2.344399e-09	-3.034746e+01	-1.482207e+02
6.640000e-06	-4.322120e-06	-2.354655e-09	-3.054465e+01	-1.486843e+02
6.650000e-06	-4.349851e-06	-2.362905e-09	-3.074063e+01	-1.491295e+02
6.660000e-06	-4.377227e-06	-2.366830e-09	-3.093410e+01	-1.495574e+02
6.670000e-06	-4.404345e-06	-2.369666e-09	-3.112574e+01	-1.499692e+02
6.680000e-06	-4.431202e-06	-2.373113e-09	-3.131555e+01	-1.503659e+02
6.690000e-06	-4.457690e-06	-2.379259e-09	-3.150273e+01	-1.507485e+02
6.700000e-06	-4.483854e-06	-2.386265e-09	-3.168764e+01	-1.511180e+02
6.710000e-06	-4.509699e-06	-2.394077e-09	-3.187029e+01	-1.514751e+02
6.720000e-06	-4.535219e-06	-2.401048e-09	-3.205064e+01	-1.518207e+02
6.730000e-06	-4.560400e-06	-2.405087e-09	-3.222859e+01	-1.521552e+02
6.740000e-06	-4.585226e-06	-2.407927e-09	-3.240404e+01	-1.524793e+02
6.750000e-06	-4.609810e-06	-2.411426e-09	-3.257778e+01	-1.527932e+02
6.760000e-06	-4.634182e-06	-2.413977e-09	-3.275001e+01	-1.530974e+02
6.770000e-06	-4.658314e-06	-2.417140e-09	-3.292056e+01	-1.533921e+02
6.780000e-06	-4.682215e-06	-2.423850e-09	-3.308946e+01	-1.536773e+02
6.790000e-06	-4.705828e-06	-2.430117e-09	-3.325634e+01	-1.539531e+02
6.800000e-06	-4.729080e-06	-2.433659e-09	-3.342067e+01	-1.542196e+02
6.810000e-06	-4.751851e-06	-2.436006e-09	-3.358159e+01	-1.544766e+02
6.820000e-06	-4.774078e-06	-2.439226e-09	-3.373866e+01	-1.547242e+02
6.830000e-06	-4.795803e-06	-2.441699e-09	-3.389220e+01	-1.549621e+02
6.840000e-06	-4.817116e-06	-2.443362e-09	-3.404282e+01	-1.551902e+02
6.850000e-06	-4.838054e-06	-2.444954e-09	-3.419079e+01	-1.554085e+02
6.860000e-06	-4.858631e-06	-2.447000e-09	-3.433621e+01	-1.556169e+02
6.870000e-06	-4.878885e-06	-2.449197e-09	-3.447934e+01	-1.558153e+02
6.880000e-06	-4.898868e-06	-2.452012e-09	-3.462057e+01	-1.560037e+02
6.890000e-06	-4.918550e-06	-2.453776e-09	-3.475966e+01	-1.561823e+02
6.900000e-06	-4.937969e-06	-2.455900e-09	-3.489690e+01	-1.563510e+02
6.910000e-06	-4.957087e-06	-2.459079e-09	-3.503200e+01	-1.565102e+02
6.920000e-06	-4.975865e-06	-2.463886e-09	-3.516471e+01	-1.566601e+02
6.930000e-06	-4.994353e-06	-2.467634e-09	-3.529536e+01	-1.568011e+02
6.940000e-06	-5.012528e-06	-2.469332e-09	-3.542381e+01	-1.569336e+02
6.950000e-06	-5.030333e-06	-2.468534e-09	-3.554964e+01	-1.570581e+02
6.960000e-06	-5.047787e-06	-2.466219e-09	-3.567299e+01	-1.571751e+02
6.970000e-06	-5.064902e-06	-2.465018e-09	-3.579393e+01	-1.572854e+02
6.980000e-06	-5.081654e-06	-2.464845e-09	-3.591233e+01	-1.573895e+02
6.990000e-06	-5.098083e-06	-2.468568e-09	-3.602843e+01	-1.574882e+02
7.000000e-06	-5.114279e-06	-2.476080e-09	-3.614289e+01	-1.575822e+02
7.010000e-06	-5.130374e-06	-2.483081e-09	-3.625663e+01	-1.576722e+02
7.020000e-06	-5.146176e-06	-2.481378e-09	-3.636830e+01	-1.577589e+02
7.030000e-06	-5.161415e-06	-2.476172e-09	-3.647600e+01	-1.578430e+02
7.040000e-06	-5.176075e-06	-2.473317e-09	-3.657960e+01	-1.579252e+02
7.050000e-06	-5.190168e-06	-2.472608e-09	-3.667920e+01	-1.580059e+02
7.060000e-06	-5.203685e-06	-2.472674e-09	-3.677472e+01	-1.580857e+02
7.070000e-06	-5.216702e-06	-2.475495e-09	-3.686672e+01	-1.581650e+02
7.080000e-06	-5.229305e-06	-2.481767e-09	-3.695578e+01	-1.582441e+02
7.090000e-06	-5.241455e-06	-2.487554e-09	-3.704165e+01	-1.583231e+02
7.100000e-06	-5.253166e-06	-2.487370e-09	-3.712441e+01	-1.584021e+02
7.110000e-06	-5.264502e-06	-2.482595e-09	-3.720452e+01	-1.584810e+02
7.120000e-06	-5.275468e-06	-2.477546e-09	-3.728201e+01	-1.585596e+02
7.130000e-06	-5.286077e-06	-2.476267e-09	-3.735699e+01	-1.586376e+02
7.140000e-06	-5.296379e-06	-2.478022e-09	-3.742980e+01	-1.587146e+02
7.150000e-06	-5.306275e-06	-2.480892e-09	-3.749973e+01	-1.587900e+02
7.160000e-06	-5.315784e-06	-2.485080e-09	-3.756693e+01	-1.588632e+02
7.170000e-06	-5.324966e-06	-2.491458e-09	-3.763182e+01	-1.589334e+02
7.180000e-06	-5.333718e-06	-2.494141e-09	-3.769367e+01	-1.589998e+02
7.190000e-06	-5.342243e-06	-2.489388e-09	-3.775392e+01	-1.590616e+02
7.200000e-06	-5.350589e-06	-2.482182e-09	-3.781290e+01	-1.591179e+02
7.210000e-06	-5.358658e-06	-2.478589e-09	-3.786992e+01	-1.591677e+02
7.220000e-06	-5.366470e-06	-2.480037e-09	-3.792513e+01	-1.592103e+02
7.230000e-06	-5.373869e-06	-2.481283e-09	-3.797742e+01	-1.592447e+02
7.240000e-06	-5.380770e-06	-2.481014e-09	-3.802619e+01	-1.592701e+02
7.250000e-06	-5.387128e-06	-2.480247e-09	-3.807113e+01	-1.592859e+02
7.260000e-06	-5.392878e-06	-2.480586e-09	-3.811176e+01	-1.592915e+02
7.270000e-06	-5.398054e-06	-2.478247e-09	-3.814834e+01	-1.592863e+02
7.280000e-06	-5.402777e-06	-2.473586e-09	-3.818172e+01	-1.592701e+02
7.290000e-06	-5.407207e-06	-2.470717e-09	-3.821303e+01	-1.592427e+02
7.300000e-06	-5.411357e-06	-2.470072e-09	-3.824235e+01	-1.592039e+02
7.310000e-06	-5.415188e-06	-2.471131e-09	-3.826943e+01	-1.591541e+02
7.320000e-06	-5.418688e-06	-2.471773e-09	-3.829416e+01	-1.590936e+02
7.330000e-06	-5.421828e-06	-2.469694e-09	-3.831635e+01	-1.590228e+02
7.340000e-06	-5.424572e-06	-2.464798e-09	-3.833575e+01	-1.589425e+02
7.350000e-06	-5.426961e-06	-2.457539e-09	-3.835262e+01	-1.588535e+02
7.360000e-06	-5.429063e-06	-2.451680e-09	-3.836748e+01	-1.587569e+02
7.370000e-06	-5.430875e-06	-2.450725e-09	-3.838029e+01	-1.586539e+02
7.380000e-06	-5.432210e-06	-2.452747e-09	-3.838972e+01	-1.585459e+02
7.390000e-06	-5.433098e-06	-2.454897e-09	-3.839600e+01	-1.584341e+02
7.400000e-06	-5.433742e-06	-2.456547e-09	-3.840055e+01	-1.583202e+02
