# Temperatura_=_16.51
# Concentracion g/m^3_=_4090.0
# C_Vs_to_Am_M_A/Vsm_=_65563218390.804596
# pendiente_HvsI_1/m_=_3716.3
# ordenada_HvsI_A/m_=_1297.0
# frecuencia_Hz_=_135082.62894930603

Tiempo_(s)	Campo_(V.s)	Magnetizacion_(V.s)	Campo_(kA/m)	Magnetizacion_(A/m)
0.000000e+00	-5.410849e-06	-2.357788e-09	-3.839774e+01	-1.539740e+02
1.000000e-08	-5.411135e-06	-2.356767e-09	-3.839976e+01	-1.538441e+02
2.000000e-08	-5.411233e-06	-2.359328e-09	-3.840046e+01	-1.537128e+02
3.000000e-08	-5.411123e-06	-2.359615e-09	-3.839968e+01	-1.535821e+02
4.000000e-08	-5.410676e-06	-2.356649e-09	-3.839651e+01	-1.534540e+02
5.000000e-08	-5.409718e-06	-2.353779e-09	-3.838971e+01	-1.533308e+02
6.000000e-08	-5.408161e-06	-2.351133e-09	-3.837866e+01	-1.532144e+02
7.000000e-08	-5.406003e-06	-2.341832e-09	-3.836334e+01	-1.531069e+02
8.000000e-08	-5.403196e-06	-2.321132e-09	-3.834343e+01	-1.530102e+02
9.000000e-08	-5.399757e-06	-2.304105e-09	-3.831902e+01	-1.529260e+02
1.000000e-07	-5.395899e-06	-2.374099e-09	-3.829164e+01	-1.528559e+02
1.100000e-07	-5.391690e-06	-2.474393e-09	-3.826177e+01	-1.528014e+02
1.200000e-07	-5.387236e-06	-2.394463e-09	-3.823017e+01	-1.527636e+02
1.300000e-07	-5.382724e-06	-2.248848e-09	-3.819815e+01	-1.527433e+02
1.400000e-07	-5.377977e-06	-2.324859e-09	-3.816446e+01	-1.527411e+02
1.500000e-07	-5.372643e-06	-2.455071e-09	-3.812661e+01	-1.527574e+02
1.600000e-07	-5.366809e-06	-2.381958e-09	-3.808521e+01	-1.527922e+02
1.700000e-07	-5.360650e-06	-2.157820e-09	-3.804150e+01	-1.528451e+02
1.800000e-07	-5.354247e-06	-2.302803e-09	-3.799606e+01	-1.529155e+02
1.900000e-07	-5.347373e-06	-2.507702e-09	-3.794728e+01	-1.530025e+02
2.000000e-07	-5.340009e-06	-2.444173e-09	-3.789502e+01	-1.531048e+02
2.100000e-07	-5.332468e-06	-2.264876e-09	-3.784151e+01	-1.532209e+02
2.200000e-07	-5.324757e-06	-2.363155e-09	-3.778679e+01	-1.533492e+02
2.300000e-07	-5.316805e-06	-2.475247e-09	-3.773036e+01	-1.534875e+02
2.400000e-07	-5.308532e-06	-2.362217e-09	-3.767165e+01	-1.536337e+02
2.500000e-07	-5.299856e-06	-2.314199e-09	-3.761008e+01	-1.537856e+02
2.600000e-07	-5.290587e-06	-2.445501e-09	-3.754431e+01	-1.539406e+02
2.700000e-07	-5.280542e-06	-2.480540e-09	-3.747302e+01	-1.540962e+02
2.800000e-07	-5.269847e-06	-2.350562e-09	-3.739712e+01	-1.542499e+02
2.900000e-07	-5.258716e-06	-2.400885e-09	-3.731813e+01	-1.543991e+02
3.000000e-07	-5.247244e-06	-2.494182e-09	-3.723672e+01	-1.545413e+02
3.100000e-07	-5.235439e-06	-2.401996e-09	-3.715295e+01	-1.546741e+02
3.200000e-07	-5.223137e-06	-2.302491e-09	-3.706565e+01	-1.547951e+02
3.300000e-07	-5.210368e-06	-2.463125e-09	-3.697504e+01	-1.549023e+02
3.400000e-07	-5.197210e-06	-2.496353e-09	-3.688166e+01	-1.549938e+02
3.500000e-07	-5.183715e-06	-2.372462e-09	-3.678589e+01	-1.550676e+02
3.600000e-07	-5.169887e-06	-2.354124e-09	-3.668776e+01	-1.551226e+02
3.700000e-07	-5.155773e-06	-2.462444e-09	-3.658761e+01	-1.551572e+02
3.800000e-07	-5.141216e-06	-2.392337e-09	-3.648430e+01	-1.551708e+02
3.900000e-07	-5.125997e-06	-2.343411e-09	-3.637630e+01	-1.551626e+02
4.000000e-07	-5.110150e-06	-2.392821e-09	-3.626385e+01	-1.551322e+02
4.100000e-07	-5.093745e-06	-2.405159e-09	-3.614743e+01	-1.550795e+02
4.200000e-07	-5.077019e-06	-2.356792e-09	-3.602873e+01	-1.550048e+02
4.300000e-07	-5.060042e-06	-2.413711e-09	-3.590826e+01	-1.549085e+02
4.400000e-07	-5.042713e-06	-2.415074e-09	-3.578528e+01	-1.547913e+02
4.500000e-07	-5.025076e-06	-2.339669e-09	-3.566012e+01	-1.546541e+02
4.600000e-07	-5.007149e-06	-2.342003e-09	-3.553290e+01	-1.544981e+02
4.700000e-07	-4.988872e-06	-2.396181e-09	-3.540320e+01	-1.543246e+02
4.800000e-07	-4.970251e-06	-2.360829e-09	-3.527106e+01	-1.541349e+02
4.900000e-07	-4.951271e-06	-2.327661e-09	-3.513637e+01	-1.539305e+02
5.000000e-07	-4.931856e-06	-2.363300e-09	-3.499860e+01	-1.537132e+02
5.100000e-07	-4.912129e-06	-2.378847e-09	-3.485860e+01	-1.534846e+02
5.200000e-07	-4.892282e-06	-2.369589e-09	-3.471776e+01	-1.532463e+02
5.300000e-07	-4.872308e-06	-2.351337e-09	-3.457602e+01	-1.529999e+02
5.400000e-07	-4.852066e-06	-2.331729e-09	-3.443237e+01	-1.527470e+02
5.500000e-07	-4.831364e-06	-2.328721e-09	-3.428546e+01	-1.524891e+02
5.600000e-07	-4.810234e-06	-2.350538e-09	-3.413551e+01	-1.522276e+02
5.700000e-07	-4.788776e-06	-2.325232e-09	-3.398324e+01	-1.519638e+02
5.800000e-07	-4.767068e-06	-2.310059e-09	-3.382918e+01	-1.516988e+02
5.900000e-07	-4.745157e-06	-2.327380e-09	-3.367369e+01	-1.514335e+02
6.000000e-07	-4.722864e-06	-2.343649e-09	-3.351550e+01	-1.511687e+02
6.100000e-07	-4.700105e-06	-2.320884e-09	-3.335399e+01	-1.509052e+02
6.200000e-07	-4.676979e-06	-2.311235e-09	-3.318987e+01	-1.506433e+02
6.300000e-07	-4.653520e-06	-2.294446e-09	-3.302340e+01	-1.503833e+02
6.400000e-07	-4.629836e-06	-2.302616e-09	-3.285533e+01	-1.501253e+02
6.500000e-07	-4.606015e-06	-2.308892e-09	-3.268628e+01	-1.498694e+02
6.600000e-07	-4.581983e-06	-2.292647e-09	-3.251574e+01	-1.496154e+02
6.700000e-07	-4.557674e-06	-2.266221e-09	-3.234324e+01	-1.493629e+02
6.800000e-07	-4.533027e-06	-2.289515e-09	-3.216833e+01	-1.491116e+02
6.900000e-07	-4.507952e-06	-2.299993e-09	-3.199038e+01	-1.488611e+02
7.000000e-07	-4.482376e-06	-2.283783e-09	-3.180889e+01	-1.486108e+02
7.100000e-07	-4.456266e-06	-2.264559e-09	-3.162360e+01	-1.483600e+02
7.200000e-07	-4.429600e-06	-2.269496e-09	-3.143437e+01	-1.481083e+02
7.300000e-07	-4.402507e-06	-2.267899e-09	-3.124210e+01	-1.478549e+02
7.400000e-07	-4.375097e-06	-2.259584e-09	-3.104759e+01	-1.475993e+02
7.500000e-07	-4.347414e-06	-2.241453e-09	-3.085114e+01	-1.473409e+02
7.600000e-07	-4.319552e-06	-2.238802e-09	-3.065342e+01	-1.470791e+02
7.700000e-07	-4.291579e-06	-2.250406e-09	-3.045491e+01	-1.468136e+02
7.800000e-07	-4.263404e-06	-2.247939e-09	-3.025496e+01	-1.465438e+02
7.900000e-07	-4.234835e-06	-2.227799e-09	-3.005223e+01	-1.462695e+02
8.000000e-07	-4.205897e-06	-2.216488e-09	-2.984687e+01	-1.459905e+02
8.100000e-07	-4.176652e-06	-2.221421e-09	-2.963933e+01	-1.457065e+02
8.200000e-07	-4.147123e-06	-2.220660e-09	-2.942979e+01	-1.454176e+02
8.300000e-07	-4.117354e-06	-2.213135e-09	-2.921853e+01	-1.451236e+02
8.400000e-07	-4.087285e-06	-2.203093e-09	-2.900515e+01	-1.448247e+02
8.500000e-07	-4.056921e-06	-2.202698e-09	-2.878968e+01	-1.445211e+02
8.600000e-07	-4.026391e-06	-2.199755e-09	-2.857302e+01	-1.442129e+02
8.700000e-07	-3.995639e-06	-2.186258e-09	-2.835479e+01	-1.439003e+02
8.800000e-07	-3.964577e-06	-2.164973e-09	-2.813436e+01	-1.435838e+02
8.900000e-07	-3.933296e-06	-2.163617e-09	-2.791238e+01	-1.432636e+02
9.000000e-07	-3.901804e-06	-2.173678e-09	-2.768889e+01	-1.429400e+02
9.100000e-07	-3.870061e-06	-2.179569e-09	-2.746363e+01	-1.426133e+02
9.200000e-07	-3.838096e-06	-2.165908e-09	-2.723680e+01	-1.422838e+02
9.300000e-07	-3.805921e-06	-2.157243e-09	-2.700847e+01	-1.419519e+02
9.400000e-07	-3.773501e-06	-2.147533e-09	-2.677840e+01	-1.416177e+02
9.500000e-07	-3.740788e-06	-2.135918e-09	-2.654625e+01	-1.412815e+02
9.600000e-07	-3.707696e-06	-2.116093e-09	-2.631142e+01	-1.409433e+02
9.700000e-07	-3.674206e-06	-2.110391e-09	-2.607376e+01	-1.406034e+02
9.800000e-07	-3.640229e-06	-2.116744e-09	-2.583265e+01	-1.402616e+02
9.900000e-07	-3.605759e-06	-2.125163e-09	-2.558803e+01	-1.399179e+02
1.000000e-06	-3.570978e-06	-2.115977e-09	-2.534121e+01	-1.395723e+02
1.010000e-06	-3.535847e-06	-2.104257e-09	-2.509191e+01	-1.392245e+02
1.020000e-06	-3.500409e-06	-2.094290e-09	-2.484042e+01	-1.388743e+02
1.030000e-06	-3.464823e-06	-2.083755e-09	-2.458789e+01	-1.385215e+02
1.040000e-06	-3.429075e-06	-2.067554e-09	-2.433421e+01	-1.381657e+02
1.050000e-06	-3.393176e-06	-2.059446e-09	-2.407945e+01	-1.378065e+02
1.060000e-06	-3.357158e-06	-2.061748e-09	-2.382385e+01	-1.374436e+02
1.070000e-06	-3.320931e-06	-2.067192e-09	-2.356677e+01	-1.370766e+02
1.080000e-06	-3.284437e-06	-2.064764e-09	-2.330779e+01	-1.367050e+02
1.090000e-06	-3.247746e-06	-2.052484e-09	-2.304742e+01	-1.363284e+02
1.100000e-06	-3.210924e-06	-2.038005e-09	-2.278611e+01	-1.359465e+02
1.110000e-06	-3.173893e-06	-2.028846e-09	-2.252332e+01	-1.355588e+02
1.120000e-06	-3.136508e-06	-2.018848e-09	-2.225802e+01	-1.351650e+02
1.130000e-06	-3.098838e-06	-2.005184e-09	-2.199070e+01	-1.347648e+02
1.140000e-06	-3.060970e-06	-1.997596e-09	-2.172197e+01	-1.343579e+02
1.150000e-06	-3.022892e-06	-1.996954e-09	-2.145175e+01	-1.339441e+02
1.160000e-06	-2.984641e-06	-1.996962e-09	-2.118031e+01	-1.335232e+02
1.170000e-06	-2.946279e-06	-1.987521e-09	-2.090808e+01	-1.330950e+02
1.180000e-06	-2.907698e-06	-1.978158e-09	-2.063429e+01	-1.326595e+02
1.190000e-06	-2.868773e-06	-1.970860e-09	-2.035806e+01	-1.322166e+02
1.200000e-06	-2.829620e-06	-1.967776e-09	-2.008021e+01	-1.317662e+02
1.210000e-06	-2.790304e-06	-1.957326e-09	-1.980121e+01	-1.313084e+02
1.220000e-06	-2.750870e-06	-1.945756e-09	-1.952137e+01	-1.308432e+02
1.230000e-06	-2.711332e-06	-1.937274e-09	-1.924079e+01	-1.303706e+02
1.240000e-06	-2.671650e-06	-1.933530e-09	-1.895919e+01	-1.298906e+02
1.250000e-06	-2.631836e-06	-1.924558e-09	-1.867665e+01	-1.294034e+02
1.260000e-06	-2.591912e-06	-1.915140e-09	-1.839334e+01	-1.289089e+02
1.270000e-06	-2.551926e-06	-1.903658e-09	-1.810957e+01	-1.284071e+02
1.280000e-06	-2.511886e-06	-1.896724e-09	-1.782544e+01	-1.278980e+02
1.290000e-06	-2.471764e-06	-1.891452e-09	-1.754071e+01	-1.273815e+02
1.300000e-06	-2.431413e-06	-1.884373e-09	-1.725436e+01	-1.268575e+02
1.310000e-06	-2.390775e-06	-1.873266e-09	-1.696597e+01	-1.263257e+02
1.320000e-06	-2.349957e-06	-1.862298e-09	-1.667632e+01	-1.257861e+02
1.330000e-06	-2.309046e-06	-1.851664e-09	-1.638599e+01	-1.252381e+02
1.340000e-06	-2.267851e-06	-1.840238e-09	-1.609366e+01	-1.246816e+02
1.350000e-06	-2.226254e-06	-1.828649e-09	-1.579847e+01	-1.241160e+02
1.360000e-06	-2.184280e-06	-1.821120e-09	-1.550060e+01	-1.235409e+02
1.370000e-06	-2.141935e-06	-1.816590e-09	-1.520010e+01	-1.229558e+02
1.380000e-06	-2.099355e-06	-1.811371e-09	-1.489793e+01	-1.223600e+02
1.390000e-06	-2.056624e-06	-1.801243e-09	-1.459470e+01	-1.217530e+02
1.400000e-06	-2.013640e-06	-1.785646e-09	-1.428966e+01	-1.211342e+02
1.410000e-06	-1.970427e-06	-1.773025e-09	-1.398300e+01	-1.205027e+02
1.420000e-06	-1.927175e-06	-1.764212e-09	-1.367607e+01	-1.198580e+02
1.430000e-06	-1.883745e-06	-1.753784e-09	-1.336787e+01	-1.191994e+02
1.440000e-06	-1.840096e-06	-1.738075e-09	-1.305812e+01	-1.185261e+02
1.450000e-06	-1.796425e-06	-1.723886e-09	-1.274821e+01	-1.178376e+02
1.460000e-06	-1.752731e-06	-1.715319e-09	-1.243814e+01	-1.171332e+02
1.470000e-06	-1.708967e-06	-1.710133e-09	-1.212757e+01	-1.164122e+02
1.480000e-06	-1.665105e-06	-1.697836e-09	-1.181631e+01	-1.156741e+02
1.490000e-06	-1.621155e-06	-1.683276e-09	-1.150442e+01	-1.149185e+02
1.500000e-06	-1.577114e-06	-1.672003e-09	-1.119189e+01	-1.141447e+02
1.510000e-06	-1.532950e-06	-1.661007e-09	-1.087848e+01	-1.133525e+02
1.520000e-06	-1.488683e-06	-1.643791e-09	-1.056434e+01	-1.125414e+02
1.530000e-06	-1.444369e-06	-1.622923e-09	-1.024987e+01	-1.117111e+02
1.540000e-06	-1.400041e-06	-1.605987e-09	-9.935297e+00	-1.108613e+02
1.550000e-06	-1.355675e-06	-1.593566e-09	-9.620460e+00	-1.099918e+02
1.560000e-06	-1.311176e-06	-1.581465e-09	-9.304675e+00	-1.091023e+02
1.570000e-06	-1.266631e-06	-1.568290e-09	-8.988566e+00	-1.081926e+02
1.580000e-06	-1.222033e-06	-1.553418e-09	-8.672074e+00	-1.072626e+02
1.590000e-06	-1.177252e-06	-1.540889e-09	-8.354292e+00	-1.063118e+02
1.600000e-06	-1.132364e-06	-1.528358e-09	-8.035747e+00	-1.053402e+02
1.610000e-06	-1.087434e-06	-1.511524e-09	-7.716901e+00	-1.043474e+02
1.620000e-06	-1.042384e-06	-1.491439e-09	-7.397211e+00	-1.033331e+02
1.630000e-06	-9.971481e-07	-1.476269e-09	-7.076196e+00	-1.022967e+02
1.640000e-06	-9.519269e-07	-1.462784e-09	-6.755287e+00	-1.012379e+02
1.650000e-06	-9.067409e-07	-1.447433e-09	-6.434627e+00	-1.001559e+02
1.660000e-06	-8.614097e-07	-1.430724e-09	-6.112937e+00	-9.905006e+01
1.670000e-06	-8.159461e-07	-1.415072e-09	-5.790308e+00	-9.791953e+01
1.680000e-06	-7.704304e-07	-1.400248e-09	-5.467309e+00	-9.676334e+01
1.690000e-06	-7.248604e-07	-1.381120e-09	-5.143924e+00	-9.558038e+01
1.700000e-06	-6.792171e-07	-1.357301e-09	-4.820019e+00	-9.436945e+01
1.710000e-06	-6.335633e-07	-1.335210e-09	-4.496041e+00	-9.312920e+01
1.720000e-06	-5.879212e-07	-1.318312e-09	-4.172144e+00	-9.185815e+01
1.730000e-06	-5.422368e-07	-1.301962e-09	-3.847948e+00	-9.055473e+01
1.740000e-06	-4.964926e-07	-1.280938e-09	-3.523327e+00	-8.921726e+01
1.750000e-06	-4.507389e-07	-1.257418e-09	-3.198639e+00	-8.784400e+01
1.760000e-06	-4.049705e-07	-1.236973e-09	-2.873846e+00	-8.643310e+01
1.770000e-06	-3.591181e-07	-1.217165e-09	-2.548458e+00	-8.498272e+01
1.780000e-06	-3.132372e-07	-1.191676e-09	-2.222867e+00	-8.349095e+01
1.790000e-06	-2.673447e-07	-1.162416e-09	-1.897194e+00	-8.195591e+01
1.800000e-06	-2.214286e-07	-1.138259e-09	-1.571353e+00	-8.037575e+01
1.810000e-06	-1.755116e-07	-1.116572e-09	-1.245507e+00	-7.874867e+01
1.820000e-06	-1.295389e-07	-1.092514e-09	-9.192646e-01	-7.707294e+01
1.830000e-06	-8.355948e-08	-1.064749e-09	-5.929743e-01	-7.534697e+01
1.840000e-06	-3.759352e-08	-1.037046e-09	-2.667800e-01	-7.356928e+01
1.850000e-06	8.286108e-09	-1.009244e-09	5.880182e-02	-7.173856e+01
1.860000e-06	5.414457e-08	-9.816595e-10	3.842334e-01	-6.985370e+01
1.870000e-06	1.000521e-07	-9.527139e-10	7.100133e-01	-6.791378e+01
1.880000e-06	1.459498e-07	-9.227871e-10	1.035723e+00	-6.591811e+01
1.890000e-06	1.918530e-07	-8.939049e-10	1.361473e+00	-6.386623e+01
1.900000e-06	2.375890e-07	-8.649190e-10	1.686035e+00	-6.175796e+01
1.910000e-06	2.832470e-07	-8.308407e-10	2.010044e+00	-5.959335e+01
1.920000e-06	3.290246e-07	-7.944655e-10	2.334902e+00	-5.737273e+01
1.930000e-06	3.748354e-07	-7.608956e-10	2.659995e+00	-5.509670e+01
1.940000e-06	4.206230e-07	-7.287632e-10	2.984924e+00	-5.276612e+01
1.950000e-06	4.664452e-07	-6.946836e-10	3.310098e+00	-5.038210e+01
1.960000e-06	5.122297e-07	-6.582275e-10	3.635005e+00	-4.794600e+01
1.970000e-06	5.579153e-07	-6.206595e-10	3.959209e+00	-4.545942e+01
1.980000e-06	6.036153e-07	-5.822315e-10	4.283517e+00	-4.292417e+01
1.990000e-06	6.491373e-07	-5.406333e-10	4.606560e+00	-4.034225e+01
2.000000e-06	6.945895e-07	-4.976764e-10	4.929108e+00	-3.771585e+01
2.010000e-06	7.401006e-07	-4.588788e-10	5.252075e+00	-3.504729e+01
2.020000e-06	7.855552e-07	-4.228695e-10	5.574641e+00	-3.233904e+01
2.030000e-06	8.309927e-07	-3.868937e-10	5.897085e+00	-2.959366e+01
2.040000e-06	8.762640e-07	-3.491100e-10	6.218350e+00	-2.681379e+01
2.050000e-06	9.213958e-07	-3.089220e-10	6.538624e+00	-2.400211e+01
2.060000e-06	9.665377e-07	-2.671258e-10	6.858971e+00	-2.116135e+01
2.070000e-06	1.011680e-06	-2.235704e-10	7.179319e+00	-1.829424e+01
2.080000e-06	1.056715e-06	-1.784709e-10	7.498906e+00	-1.540348e+01
2.090000e-06	1.101691e-06	-1.341618e-10	7.818080e+00	-1.249175e+01
2.100000e-06	1.146582e-06	-8.883101e-11	8.136646e+00	-9.561686e+00
2.110000e-06	1.191331e-06	-4.539876e-11	8.454204e+00	-6.615845e+00
2.120000e-06	1.235945e-06	-4.634488e-12	8.770802e+00	-3.656728e+00
2.130000e-06	1.280411e-06	3.556208e-11	9.086355e+00	-6.867503e-01
2.140000e-06	1.324835e-06	7.759748e-11	9.401603e+00	2.291752e+00
2.150000e-06	1.369196e-06	1.233335e-10	9.716412e+00	5.276527e+00
2.160000e-06	1.413401e-06	1.718663e-10	1.003011e+01	8.265404e+00
2.170000e-06	1.457532e-06	2.196095e-10	1.034328e+01	1.125629e+01
2.180000e-06	1.501629e-06	2.651991e-10	1.065621e+01	1.424715e+01
2.190000e-06	1.545683e-06	3.081623e-10	1.096884e+01	1.723602e+01
2.200000e-06	1.589659e-06	3.477038e-10	1.128091e+01	2.022099e+01
2.210000e-06	1.633595e-06	3.866215e-10	1.159270e+01	2.320017e+01
2.220000e-06	1.677487e-06	4.297679e-10	1.190418e+01	2.617170e+01
2.230000e-06	1.721296e-06	4.750020e-10	1.221506e+01	2.913373e+01
2.240000e-06	1.765083e-06	5.187272e-10	1.252579e+01	3.208443e+01
2.250000e-06	1.808803e-06	5.618081e-10	1.283605e+01	3.502191e+01
2.260000e-06	1.852449e-06	6.046387e-10	1.314578e+01	3.794431e+01
2.270000e-06	1.895992e-06	6.467628e-10	1.345478e+01	4.084970e+01
2.280000e-06	1.939376e-06	6.884697e-10	1.376266e+01	4.373613e+01
2.290000e-06	1.982628e-06	7.288684e-10	1.406959e+01	4.660158e+01
2.300000e-06	2.025696e-06	7.688236e-10	1.437522e+01	4.944401e+01
2.310000e-06	2.068473e-06	8.120096e-10	1.467878e+01	5.226133e+01
2.320000e-06	2.111051e-06	8.543171e-10	1.498093e+01	5.505140e+01
2.330000e-06	2.153360e-06	8.932972e-10	1.528118e+01	5.781204e+01
2.340000e-06	2.195428e-06	9.287563e-10	1.557971e+01	6.054105e+01
2.350000e-06	2.237233e-06	9.634790e-10	1.587638e+01	6.323622e+01
2.360000e-06	2.278666e-06	1.001602e-09	1.617040e+01	6.589534e+01
2.370000e-06	2.319826e-06	1.042676e-09	1.646249e+01	6.851620e+01
2.380000e-06	2.360716e-06	1.082336e-09	1.675266e+01	7.109664e+01
2.390000e-06	2.401384e-06	1.120350e-09	1.704127e+01	7.363455e+01
2.400000e-06	2.441882e-06	1.157792e-09	1.732865e+01	7.612789e+01
2.410000e-06	2.482164e-06	1.193594e-09	1.761451e+01	7.857472e+01
2.420000e-06	2.522296e-06	1.225233e-09	1.789931e+01	8.097323e+01
2.430000e-06	2.562351e-06	1.253069e-09	1.818356e+01	8.332172e+01
2.440000e-06	2.602288e-06	1.281730e-09	1.846697e+01	8.561867e+01
2.450000e-06	2.642158e-06	1.314308e-09	1.874990e+01	8.786273e+01
2.460000e-06	2.681937e-06	1.348712e-09	1.903219e+01	9.005275e+01
2.470000e-06	2.721538e-06	1.382194e-09	1.931322e+01	9.218777e+01
2.480000e-06	2.760968e-06	1.415459e-09	1.959303e+01	9.426706e+01
2.490000e-06	2.800258e-06	1.447773e-09	1.987185e+01	9.629011e+01
2.500000e-06	2.839419e-06	1.476950e-09	2.014975e+01	9.825664e+01
2.510000e-06	2.878420e-06	1.499355e-09	2.042652e+01	1.001666e+02
2.520000e-06	2.917104e-06	1.518915e-09	2.070104e+01	1.020202e+02
2.530000e-06	2.955479e-06	1.541380e-09	2.097336e+01	1.038178e+02
2.540000e-06	2.993618e-06	1.567210e-09	2.124402e+01	1.055600e+02
2.550000e-06	3.031533e-06	1.592863e-09	2.151307e+01	1.072477e+02
2.560000e-06	3.069312e-06	1.619656e-09	2.178117e+01	1.088819e+02
2.570000e-06	3.106911e-06	1.647455e-09	2.204799e+01	1.104637e+02
2.580000e-06	3.144274e-06	1.672753e-09	2.231314e+01	1.119945e+02
2.590000e-06	3.181469e-06	1.694844e-09	2.257708e+01	1.134757e+02
2.600000e-06	3.218494e-06	1.712983e-09	2.283983e+01	1.149089e+02
2.610000e-06	3.255289e-06	1.728543e-09	2.310094e+01	1.162957e+02
2.620000e-06	3.291827e-06	1.742681e-09	2.336023e+01	1.176378e+02
2.630000e-06	3.328155e-06	1.757536e-09	2.361803e+01	1.189368e+02
2.640000e-06	3.364266e-06	1.774845e-09	2.387429e+01	1.201946e+02
2.650000e-06	3.400180e-06	1.794228e-09	2.412915e+01	1.214128e+02
2.660000e-06	3.436004e-06	1.813686e-09	2.438338e+01	1.225930e+02
2.670000e-06	3.471740e-06	1.832319e-09	2.463698e+01	1.237369e+02
2.680000e-06	3.507286e-06	1.849649e-09	2.488922e+01	1.248459e+02
2.690000e-06	3.542567e-06	1.864330e-09	2.513959e+01	1.259215e+02
2.700000e-06	3.577589e-06	1.874365e-09	2.538812e+01	1.269649e+02
2.710000e-06	3.612288e-06	1.885275e-09	2.563437e+01	1.279775e+02
2.720000e-06	3.646439e-06	1.900796e-09	2.587672e+01	1.289602e+02
2.730000e-06	3.680008e-06	1.919150e-09	2.611494e+01	1.299140e+02
2.740000e-06	3.713250e-06	1.936024e-09	2.635084e+01	1.308398e+02
2.750000e-06	3.746059e-06	1.950426e-09	2.658366e+01	1.317384e+02
2.760000e-06	3.778432e-06	1.965096e-09	2.681339e+01	1.326102e+02
2.770000e-06	3.810649e-06	1.979327e-09	2.704202e+01	1.334559e+02
2.780000e-06	3.842706e-06	1.988990e-09	2.726951e+01	1.342759e+02
2.790000e-06	3.874599e-06	1.994103e-09	2.749584e+01	1.350705e+02
2.800000e-06	3.906338e-06	2.001058e-09	2.772107e+01	1.358401e+02
2.810000e-06	3.937864e-06	2.013977e-09	2.794479e+01	1.365849e+02
2.820000e-06	3.969161e-06	2.029958e-09	2.816689e+01	1.373051e+02
2.830000e-06	4.000203e-06	2.041701e-09	2.838718e+01	1.380009e+02
2.840000e-06	4.030979e-06	2.050613e-09	2.860558e+01	1.386726e+02
2.850000e-06	4.061436e-06	2.062331e-09	2.882171e+01	1.393204e+02
2.860000e-06	4.091524e-06	2.075726e-09	2.903523e+01	1.399446e+02
2.870000e-06	4.121363e-06	2.084901e-09	2.924698e+01	1.405454e+02
2.880000e-06	4.151083e-06	2.089083e-09	2.945789e+01	1.411233e+02
2.890000e-06	4.180584e-06	2.093191e-09	2.966724e+01	1.416785e+02
2.900000e-06	4.209709e-06	2.100180e-09	2.987392e+01	1.422117e+02
2.910000e-06	4.238513e-06	2.107360e-09	3.007833e+01	1.427234e+02
2.920000e-06	4.267044e-06	2.111544e-09	3.028080e+01	1.432141e+02
2.930000e-06	4.295277e-06	2.116144e-09	3.048115e+01	1.436846e+02
2.940000e-06	4.323273e-06	2.125843e-09	3.067982e+01	1.441356e+02
2.950000e-06	4.351086e-06	2.137700e-09	3.087720e+01	1.445678e+02
2.960000e-06	4.378760e-06	2.146278e-09	3.107358e+01	1.449821e+02
2.970000e-06	4.406291e-06	2.151417e-09	3.126895e+01	1.453795e+02
2.980000e-06	4.433566e-06	2.153594e-09	3.146251e+01	1.457607e+02
2.990000e-06	4.460378e-06	2.154027e-09	3.165278e+01	1.461267e+02
3.000000e-06	4.486492e-06	2.156378e-09	3.183810e+01	1.464784e+02
3.010000e-06	4.511985e-06	2.161960e-09	3.201901e+01	1.468166e+02
3.020000e-06	4.536989e-06	2.169141e-09	3.219645e+01	1.471423e+02
3.030000e-06	4.561565e-06	2.178107e-09	3.237085e+01	1.474563e+02
3.040000e-06	4.585812e-06	2.189769e-09	3.254291e+01	1.477593e+02
3.050000e-06	4.609767e-06	2.198863e-09	3.271291e+01	1.480521e+02
3.060000e-06	4.633530e-06	2.201235e-09	3.288154e+01	1.483353e+02
3.070000e-06	4.657097e-06	2.201910e-09	3.304879e+01	1.486095e+02
3.080000e-06	4.680364e-06	2.204129e-09	3.321390e+01	1.488752e+02
3.090000e-06	4.703249e-06	2.207548e-09	3.337630e+01	1.491328e+02
3.100000e-06	4.725706e-06	2.214134e-09	3.353566e+01	1.493826e+02
3.110000e-06	4.747822e-06	2.221987e-09	3.369261e+01	1.496251e+02
3.120000e-06	4.769635e-06	2.227706e-09	3.384740e+01	1.498602e+02
3.130000e-06	4.791137e-06	2.230510e-09	3.399999e+01	1.500883e+02
3.140000e-06	4.812406e-06	2.232001e-09	3.415093e+01	1.503093e+02
3.150000e-06	4.833395e-06	2.234199e-09	3.429987e+01	1.505232e+02
3.160000e-06	4.853989e-06	2.237607e-09	3.444602e+01	1.507302e+02
3.170000e-06	4.874262e-06	2.238684e-09	3.458988e+01	1.509302e+02
3.180000e-06	4.894288e-06	2.238687e-09	3.473199e+01	1.511231e+02
3.190000e-06	4.914107e-06	2.242974e-09	3.487264e+01	1.513089e+02
3.200000e-06	4.933762e-06	2.252313e-09	3.501212e+01	1.514877e+02
3.210000e-06	4.953185e-06	2.259676e-09	3.514995e+01	1.516593e+02
3.220000e-06	4.972253e-06	2.262014e-09	3.528527e+01	1.518240e+02
3.230000e-06	4.990908e-06	2.265268e-09	3.541765e+01	1.519817e+02
3.240000e-06	5.009189e-06	2.268943e-09	3.554738e+01	1.521326e+02
3.250000e-06	5.026974e-06	2.270742e-09	3.567359e+01	1.522769e+02
3.260000e-06	5.044389e-06	2.270551e-09	3.579717e+01	1.524150e+02
3.270000e-06	5.061592e-06	2.272349e-09	3.591925e+01	1.525470e+02
3.280000e-06	5.078433e-06	2.277902e-09	3.603877e+01	1.526734e+02
3.290000e-06	5.094860e-06	2.283268e-09	3.615534e+01	1.527946e+02
3.300000e-06	5.110977e-06	2.285664e-09	3.626971e+01	1.529111e+02
3.310000e-06	5.126762e-06	2.286323e-09	3.638173e+01	1.530234e+02
3.320000e-06	5.141984e-06	2.289683e-09	3.648975e+01	1.531321e+02
3.330000e-06	5.156598e-06	2.293324e-09	3.659346e+01	1.532376e+02
3.340000e-06	5.170818e-06	2.294809e-09	3.669437e+01	1.533406e+02
3.350000e-06	5.184702e-06	2.297009e-09	3.679290e+01	1.534415e+02
3.360000e-06	5.198168e-06	2.300388e-09	3.688846e+01	1.535409e+02
3.370000e-06	5.211304e-06	2.302961e-09	3.698167e+01	1.536391e+02
3.380000e-06	5.223978e-06	2.304520e-09	3.707162e+01	1.537366e+02
3.390000e-06	5.236211e-06	2.305689e-09	3.715842e+01	1.538337e+02
3.400000e-06	5.248192e-06	2.308845e-09	3.724345e+01	1.539304e+02
3.410000e-06	5.259938e-06	2.314711e-09	3.732681e+01	1.540271e+02
3.420000e-06	5.271362e-06	2.319745e-09	3.740787e+01	1.541235e+02
3.430000e-06	5.282218e-06	2.322942e-09	3.748491e+01	1.542196e+02
3.440000e-06	5.292388e-06	2.325961e-09	3.755708e+01	1.543150e+02
3.450000e-06	5.301889e-06	2.329340e-09	3.762451e+01	1.544095e+02
3.460000e-06	5.310793e-06	2.331302e-09	3.768769e+01	1.545024e+02
3.470000e-06	5.319229e-06	2.330073e-09	3.774756e+01	1.545931e+02
3.480000e-06	5.327347e-06	2.329108e-09	3.780517e+01	1.546809e+02
3.490000e-06	5.335255e-06	2.332026e-09	3.786129e+01	1.547649e+02
3.500000e-06	5.342927e-06	2.334815e-09	3.791573e+01	1.548442e+02
3.510000e-06	5.350300e-06	2.334803e-09	3.796805e+01	1.549178e+02
3.520000e-06	5.357339e-06	2.336373e-09	3.801801e+01	1.549848e+02
3.530000e-06	5.363959e-06	2.339776e-09	3.806498e+01	1.550440e+02
3.540000e-06	5.370161e-06	2.343052e-09	3.810900e+01	1.550945e+02
3.550000e-06	5.376013e-06	2.344779e-09	3.815052e+01	1.551354e+02
3.560000e-06	5.381521e-06	2.344679e-09	3.818961e+01	1.551656e+02
3.570000e-06	5.386696e-06	2.345143e-09	3.822633e+01	1.551843e+02
3.580000e-06	5.391444e-06	2.345148e-09	3.826003e+01	1.551909e+02
3.590000e-06	5.395810e-06	2.341869e-09	3.829101e+01	1.551849e+02
3.600000e-06	5.399919e-06	2.338548e-09	3.832017e+01	1.551658e+02
3.610000e-06	5.403770e-06	2.340007e-09	3.834750e+01	1.551334e+02
3.620000e-06	5.407418e-06	2.344401e-09	3.837339e+01	1.550877e+02
3.630000e-06	5.410765e-06	2.347981e-09	3.839714e+01	1.550289e+02
3.640000e-06	5.413644e-06	2.351538e-09	3.841757e+01	1.549575e+02
3.650000e-06	5.415992e-06	2.356935e-09	3.843423e+01	1.548741e+02
3.660000e-06	5.417751e-06	2.360068e-09	3.844671e+01	1.547796e+02
3.670000e-06	5.418812e-06	2.357932e-09	3.845424e+01	1.546751e+02
3.680000e-06	5.419377e-06	2.352632e-09	3.845826e+01	1.545619e+02
3.690000e-06	5.419623e-06	2.348864e-09	3.846000e+01	1.544414e+02
3.700000e-06	5.419611e-06	2.347285e-09	3.845991e+01	1.543155e+02
3.710000e-06	5.419331e-06	2.347458e-09	3.845792e+01	1.541858e+02
3.720000e-06	5.418689e-06	2.350295e-09	3.845337e+01	1.540543e+02
3.730000e-06	5.417694e-06	2.358376e-09	3.844631e+01	1.539231e+02
3.740000e-06	5.416348e-06	2.368564e-09	3.843676e+01	1.537943e+02
3.750000e-06	5.414675e-06	2.371819e-09	3.842488e+01	1.536699e+02
3.760000e-06	5.412639e-06	2.369510e-09	3.841044e+01	1.535520e+02
3.770000e-06	5.410379e-06	2.371601e-09	3.839440e+01	1.534426e+02
3.780000e-06	5.407886e-06	2.386301e-09	3.837671e+01	1.533437e+02
3.790000e-06	5.404980e-06	2.358156e-09	3.835609e+01	1.532571e+02
3.800000e-06	5.401573e-06	2.220805e-09	3.833191e+01	1.531844e+02
3.810000e-06	5.397724e-06	2.193405e-09	3.830460e+01	1.531270e+02
3.820000e-06	5.393583e-06	2.386721e-09	3.827521e+01	1.530860e+02
3.830000e-06	5.389332e-06	2.410010e-09	3.824504e+01	1.530625e+02
3.840000e-06	5.384840e-06	2.278848e-09	3.821316e+01	1.530571e+02
3.850000e-06	5.379685e-06	2.225312e-09	3.817658e+01	1.530701e+02
3.860000e-06	5.373881e-06	2.430823e-09	3.813539e+01	1.531016e+02
3.870000e-06	5.367620e-06	2.479962e-09	3.809096e+01	1.531512e+02
3.880000e-06	5.360959e-06	2.186474e-09	3.804369e+01	1.532186e+02
3.890000e-06	5.353867e-06	2.148821e-09	3.799336e+01	1.533026e+02
3.900000e-06	5.346243e-06	2.400865e-09	3.793927e+01	1.534022e+02
3.910000e-06	5.338280e-06	2.475136e-09	3.788275e+01	1.535160e+02
3.920000e-06	5.330068e-06	2.193398e-09	3.782447e+01	1.536421e+02
3.930000e-06	5.321581e-06	2.243024e-09	3.776425e+01	1.537786e+02
3.940000e-06	5.312769e-06	2.501210e-09	3.770171e+01	1.539235e+02
3.950000e-06	5.303589e-06	2.423704e-09	3.763657e+01	1.540743e+02
3.960000e-06	5.294030e-06	2.144940e-09	3.756873e+01	1.542288e+02
3.970000e-06	5.284039e-06	2.284092e-09	3.749784e+01	1.543842e+02
3.980000e-06	5.273668e-06	2.510634e-09	3.742424e+01	1.545382e+02
3.990000e-06	5.262946e-06	2.334739e-09	3.734815e+01	1.546881e+02
4.000000e-06	5.251832e-06	2.190087e-09	3.726928e+01	1.548314e+02
4.010000e-06	5.240271e-06	2.416527e-09	3.718724e+01	1.549657e+02
4.020000e-06	5.228299e-06	2.494668e-09	3.710228e+01	1.550886e+02
4.030000e-06	5.215981e-06	2.240183e-09	3.701487e+01	1.551980e+02
4.040000e-06	5.203245e-06	2.250203e-09	3.692448e+01	1.552920e+02
4.050000e-06	5.189978e-06	2.480699e-09	3.683034e+01	1.553687e+02
4.060000e-06	5.176180e-06	2.414041e-09	3.673242e+01	1.554266e+02
4.070000e-06	5.161820e-06	2.237497e-09	3.663052e+01	1.554645e+02
4.080000e-06	5.146839e-06	2.383652e-09	3.652420e+01	1.554814e+02
4.090000e-06	5.131289e-06	2.461022e-09	3.641385e+01	1.554766e+02
4.100000e-06	5.115444e-06	2.317274e-09	3.630141e+01	1.554497e+02
4.110000e-06	5.099408e-06	2.303120e-09	3.618761e+01	1.554005e+02
4.120000e-06	5.083149e-06	2.414488e-09	3.607223e+01	1.553292e+02
4.130000e-06	5.066734e-06	2.337441e-09	3.595575e+01	1.552362e+02
4.140000e-06	5.049957e-06	2.315300e-09	3.583669e+01	1.551222e+02
4.150000e-06	5.032693e-06	2.403739e-09	3.571418e+01	1.549881e+02
4.160000e-06	5.015075e-06	2.383258e-09	3.558915e+01	1.548349e+02
4.170000e-06	4.997120e-06	2.290763e-09	3.546173e+01	1.546639e+02
4.180000e-06	4.978823e-06	2.353123e-09	3.533189e+01	1.544766e+02
4.190000e-06	4.960167e-06	2.380265e-09	3.519950e+01	1.542744e+02
4.200000e-06	4.941153e-06	2.321860e-09	3.506457e+01	1.540589e+02
4.210000e-06	4.921791e-06	2.315937e-09	3.492716e+01	1.538318e+02
4.220000e-06	4.902157e-06	2.350444e-09	3.478784e+01	1.535947e+02
4.230000e-06	4.882262e-06	2.342374e-09	3.464665e+01	1.533493e+02
4.240000e-06	4.862154e-06	2.336551e-09	3.450396e+01	1.530972e+02
4.250000e-06	4.841843e-06	2.317985e-09	3.435982e+01	1.528398e+02
4.260000e-06	4.821273e-06	2.303662e-09	3.421385e+01	1.525786e+02
4.270000e-06	4.800318e-06	2.332861e-09	3.406514e+01	1.523149e+02
4.280000e-06	4.778830e-06	2.329224e-09	3.391266e+01	1.520497e+02
4.290000e-06	4.756703e-06	2.300903e-09	3.375563e+01	1.517842e+02
4.300000e-06	4.733945e-06	2.318774e-09	3.359413e+01	1.515191e+02
4.310000e-06	4.710657e-06	2.333198e-09	3.342887e+01	1.512551e+02
4.320000e-06	4.686947e-06	2.306208e-09	3.326061e+01	1.509926e+02
4.330000e-06	4.663050e-06	2.310817e-09	3.309103e+01	1.507320e+02
4.340000e-06	4.638969e-06	2.301256e-09	3.292014e+01	1.504735e+02
4.350000e-06	4.614719e-06	2.284989e-09	3.274805e+01	1.502170e+02
4.360000e-06	4.590226e-06	2.308168e-09	3.257424e+01	1.499625e+02
4.370000e-06	4.565371e-06	2.318005e-09	3.239786e+01	1.497095e+02
4.380000e-06	4.540187e-06	2.273623e-09	3.221914e+01	1.494579e+02
4.390000e-06	4.514576e-06	2.281443e-09	3.203739e+01	1.492071e+02
4.400000e-06	4.488688e-06	2.304180e-09	3.185368e+01	1.489565e+02
4.410000e-06	4.462561e-06	2.286823e-09	3.166827e+01	1.487056e+02
4.420000e-06	4.436091e-06	2.263589e-09	3.148043e+01	1.484539e+02
4.430000e-06	4.409319e-06	2.272376e-09	3.129044e+01	1.482006e+02
4.440000e-06	4.382204e-06	2.274331e-09	3.109802e+01	1.479451e+02
4.450000e-06	4.354771e-06	2.276321e-09	3.090335e+01	1.476870e+02
4.460000e-06	4.327072e-06	2.258746e-09	3.070678e+01	1.474256e+02
4.470000e-06	4.299192e-06	2.243486e-09	3.050893e+01	1.471605e+02
4.480000e-06	4.271132e-06	2.248742e-09	3.030981e+01	1.468912e+02
4.490000e-06	4.242865e-06	2.255314e-09	3.010922e+01	1.466175e+02
4.500000e-06	4.214408e-06	2.240732e-09	2.990727e+01	1.463390e+02
4.510000e-06	4.185651e-06	2.238053e-09	2.970319e+01	1.460556e+02
4.520000e-06	4.156493e-06	2.243640e-09	2.949628e+01	1.457673e+02
4.530000e-06	4.126810e-06	2.244582e-09	2.928564e+01	1.454739e+02
4.540000e-06	4.096534e-06	2.237907e-09	2.907079e+01	1.451756e+02
4.550000e-06	4.065719e-06	2.227525e-09	2.885211e+01	1.448725e+02
4.560000e-06	4.034458e-06	2.218480e-09	2.863027e+01	1.445648e+02
4.570000e-06	4.002949e-06	2.217511e-09	2.840667e+01	1.442528e+02
4.580000e-06	3.971249e-06	2.214517e-09	2.818171e+01	1.439366e+02
4.590000e-06	3.939356e-06	2.204092e-09	2.795538e+01	1.436168e+02
4.600000e-06	3.907292e-06	2.204129e-09	2.772784e+01	1.432935e+02
4.610000e-06	3.875099e-06	2.214534e-09	2.749939e+01	1.429670e+02
4.620000e-06	3.842675e-06	2.224166e-09	2.726929e+01	1.426378e+02
4.630000e-06	3.809931e-06	2.215119e-09	2.703693e+01	1.423060e+02
4.640000e-06	3.776827e-06	2.203879e-09	2.680201e+01	1.419720e+02
4.650000e-06	3.743397e-06	2.201266e-09	2.656477e+01	1.416359e+02
4.660000e-06	3.709774e-06	2.199964e-09	2.632617e+01	1.412978e+02
4.670000e-06	3.675864e-06	2.181571e-09	2.608552e+01	1.409579e+02
4.680000e-06	3.641820e-06	2.166828e-09	2.584393e+01	1.406162e+02
4.690000e-06	3.607684e-06	2.166613e-09	2.560169e+01	1.402726e+02
4.700000e-06	3.573258e-06	2.177051e-09	2.535739e+01	1.399271e+02
4.710000e-06	3.538564e-06	2.176294e-09	2.511119e+01	1.395794e+02
4.720000e-06	3.503512e-06	2.171328e-09	2.486244e+01	1.392295e+02
4.730000e-06	3.468133e-06	2.167847e-09	2.461138e+01	1.388769e+02
4.740000e-06	3.432590e-06	2.166388e-09	2.435915e+01	1.385214e+02
4.750000e-06	3.396853e-06	2.153367e-09	2.410555e+01	1.381626e+02
4.760000e-06	3.360948e-06	2.136990e-09	2.385075e+01	1.378001e+02
4.770000e-06	3.325000e-06	2.127288e-09	2.359565e+01	1.374335e+02
4.780000e-06	3.288951e-06	2.131683e-09	2.333983e+01	1.370625e+02
4.790000e-06	3.252694e-06	2.137405e-09	2.308253e+01	1.366865e+02
4.800000e-06	3.216285e-06	2.138273e-09	2.282416e+01	1.363053e+02
4.810000e-06	3.179752e-06	2.133798e-09	2.256490e+01	1.359184e+02
4.820000e-06	3.143010e-06	2.130064e-09	2.230416e+01	1.355254e+02
4.830000e-06	3.105821e-06	2.120307e-09	2.204026e+01	1.351260e+02
4.840000e-06	3.068085e-06	2.105066e-09	2.177247e+01	1.347201e+02
4.850000e-06	3.029993e-06	2.092698e-09	2.150215e+01	1.343072e+02
4.860000e-06	2.991536e-06	2.086839e-09	2.122924e+01	1.338872e+02
4.870000e-06	2.952753e-06	2.085850e-09	2.095402e+01	1.334600e+02
4.880000e-06	2.913614e-06	2.083042e-09	2.067627e+01	1.330255e+02
4.890000e-06	2.874128e-06	2.077835e-09	2.039606e+01	1.325836e+02
4.900000e-06	2.834511e-06	2.072749e-09	2.011492e+01	1.321342e+02
4.910000e-06	2.794691e-06	2.068277e-09	1.983234e+01	1.316774e+02
4.920000e-06	2.754721e-06	2.058682e-09	1.954869e+01	1.312132e+02
4.930000e-06	2.714695e-06	2.047631e-09	1.926466e+01	1.307416e+02
4.940000e-06	2.674603e-06	2.038614e-09	1.898014e+01	1.302627e+02
4.950000e-06	2.634375e-06	2.033480e-09	1.869467e+01	1.297764e+02
4.960000e-06	2.593965e-06	2.026840e-09	1.840790e+01	1.292829e+02
4.970000e-06	2.553441e-06	2.020108e-09	1.812033e+01	1.287821e+02
4.980000e-06	2.512819e-06	2.014998e-09	1.783206e+01	1.282740e+02
4.990000e-06	2.471997e-06	2.014879e-09	1.754237e+01	1.277585e+02
5.000000e-06	2.431016e-06	2.010289e-09	1.725155e+01	1.272355e+02
5.010000e-06	2.389851e-06	1.997769e-09	1.695942e+01	1.267048e+02
5.020000e-06	2.348478e-06	1.982690e-09	1.666582e+01	1.261662e+02
5.030000e-06	2.306901e-06	1.974681e-09	1.637077e+01	1.256195e+02
5.040000e-06	2.265089e-06	1.970611e-09	1.607406e+01	1.250641e+02
5.050000e-06	2.223148e-06	1.967859e-09	1.577643e+01	1.244999e+02
5.060000e-06	2.181114e-06	1.962490e-09	1.547813e+01	1.239262e+02
5.070000e-06	2.139048e-06	1.959659e-09	1.517962e+01	1.233425e+02
5.080000e-06	2.096818e-06	1.957873e-09	1.487993e+01	1.227484e+02
5.090000e-06	2.054411e-06	1.951258e-09	1.457899e+01	1.221431e+02
5.100000e-06	2.011864e-06	1.938195e-09	1.427706e+01	1.215260e+02
5.110000e-06	1.969155e-06	1.925445e-09	1.397398e+01	1.208964e+02
5.120000e-06	1.926344e-06	1.914997e-09	1.367018e+01	1.202538e+02
5.130000e-06	1.883386e-06	1.902914e-09	1.336533e+01	1.195973e+02
5.140000e-06	1.840191e-06	1.888850e-09	1.305879e+01	1.189263e+02
5.150000e-06	1.796853e-06	1.879058e-09	1.275125e+01	1.182401e+02
5.160000e-06	1.753403e-06	1.872477e-09	1.244291e+01	1.175382e+02
5.170000e-06	1.709747e-06	1.861361e-09	1.213311e+01	1.168197e+02
5.180000e-06	1.665977e-06	1.847222e-09	1.182250e+01	1.160843e+02
5.190000e-06	1.622206e-06	1.834388e-09	1.151188e+01	1.153314e+02
5.200000e-06	1.578367e-06	1.826974e-09	1.120078e+01	1.145605e+02
5.210000e-06	1.534442e-06	1.819001e-09	1.088907e+01	1.137711e+02
5.220000e-06	1.490491e-06	1.808142e-09	1.057717e+01	1.129629e+02
5.230000e-06	1.446472e-06	1.797369e-09	1.026479e+01	1.121356e+02
5.240000e-06	1.402415e-06	1.784780e-09	9.952146e+00	1.112889e+02
5.250000e-06	1.358377e-06	1.769492e-09	9.639634e+00	1.104224e+02
5.260000e-06	1.314279e-06	1.752499e-09	9.326697e+00	1.095361e+02
5.270000e-06	1.270106e-06	1.738195e-09	9.013226e+00	1.086295e+02
5.280000e-06	1.225934e-06	1.730988e-09	8.699764e+00	1.077027e+02
5.290000e-06	1.181733e-06	1.724815e-09	8.386093e+00	1.067552e+02
5.300000e-06	1.137430e-06	1.714984e-09	8.071696e+00	1.057868e+02
5.310000e-06	1.092999e-06	1.700456e-09	7.756395e+00	1.047974e+02
5.320000e-06	1.048447e-06	1.681611e-09	7.440238e+00	1.037864e+02
5.330000e-06	1.003886e-06	1.660520e-09	7.124011e+00	1.027535e+02
5.340000e-06	9.593710e-07	1.638097e-09	6.808113e+00	1.016982e+02
5.350000e-06	9.148114e-07	1.614871e-09	6.491899e+00	1.006199e+02
5.360000e-06	8.701873e-07	1.594407e-09	6.175227e+00	9.951788e+01
5.370000e-06	8.254185e-07	1.580844e-09	5.857528e+00	9.839130e+01
5.380000e-06	7.805437e-07	1.573389e-09	5.539077e+00	9.723923e+01
5.390000e-06	7.356011e-07	1.565265e-09	5.220145e+00	9.606058e+01
5.400000e-06	6.906068e-07	1.553398e-09	4.900846e+00	9.485418e+01
5.410000e-06	6.456259e-07	1.534228e-09	4.581642e+00	9.361867e+01
5.420000e-06	6.005810e-07	1.507241e-09	4.261984e+00	9.235263e+01
5.430000e-06	5.554065e-07	1.476197e-09	3.941406e+00	9.105449e+01
5.440000e-06	5.102169e-07	1.447578e-09	3.620721e+00	8.972259e+01
5.450000e-06	4.649616e-07	1.425946e-09	3.299570e+00	8.835518e+01
5.460000e-06	4.196252e-07	1.409929e-09	2.977842e+00	8.695046e+01
5.470000e-06	3.743010e-07	1.394768e-09	2.656203e+00	8.550656e+01
5.480000e-06	3.289185e-07	1.380672e-09	2.334148e+00	8.402159e+01
5.490000e-06	2.834913e-07	1.363732e-09	2.011777e+00	8.249366e+01
5.500000e-06	2.380881e-07	1.336927e-09	1.689577e+00	8.092092e+01
5.510000e-06	1.927121e-07	1.299599e-09	1.367569e+00	7.930154e+01
5.520000e-06	1.472040e-07	1.260660e-09	1.044624e+00	7.763381e+01
5.530000e-06	1.017032e-07	1.227375e-09	7.217297e-01	7.591609e+01
5.540000e-06	5.627439e-08	1.199561e-09	3.993475e-01	7.414688e+01
5.550000e-06	1.083878e-08	1.175397e-09	7.691668e-02	7.232485e+01
5.560000e-06	-3.459202e-08	1.152981e-09	-2.454800e-01	7.044886e+01
5.570000e-06	-8.001865e-08	1.127582e-09	-5.678471e-01	6.851794e+01
5.580000e-06	-1.254680e-07	1.098490e-09	-8.903755e-01	6.653136e+01
5.590000e-06	-1.709847e-07	1.062872e-09	-1.213382e+00	6.448864e+01
5.600000e-06	-2.165065e-07	1.021971e-09	-1.536425e+00	6.238954e+01
5.610000e-06	-2.619585e-07	9.825006e-10	-1.858971e+00	6.023407e+01
5.620000e-06	-3.073597e-07	9.473188e-10	-2.181158e+00	5.802253e+01
5.630000e-06	-3.527616e-07	9.134444e-10	-2.503350e+00	5.575545e+01
5.640000e-06	-3.980792e-07	8.774224e-10	-2.824943e+00	5.343366e+01
5.650000e-06	-4.434082e-07	8.431606e-10	-3.146617e+00	5.105823e+01
5.660000e-06	-4.887484e-07	8.074384e-10	-3.468371e+00	4.863047e+01
5.670000e-06	-5.339326e-07	7.676267e-10	-3.789017e+00	4.615196e+01
5.680000e-06	-5.790168e-07	7.237161e-10	-4.108955e+00	4.362445e+01
5.690000e-06	-6.240893e-07	6.793834e-10	-4.428809e+00	4.104993e+01
5.700000e-06	-6.691128e-07	6.372362e-10	-4.748315e+00	3.843056e+01
5.710000e-06	-7.140886e-07	5.972228e-10	-5.067483e+00	3.576863e+01
5.720000e-06	-7.590245e-07	5.543005e-10	-5.386368e+00	3.306658e+01
5.730000e-06	-8.039431e-07	5.104719e-10	-5.705130e+00	3.032698e+01
5.740000e-06	-8.488220e-07	4.688568e-10	-6.023610e+00	2.755244e+01
5.750000e-06	-8.936093e-07	4.281252e-10	-6.341440e+00	2.474564e+01
5.760000e-06	-9.383433e-07	3.848795e-10	-6.658892e+00	2.190931e+01
5.770000e-06	-9.829343e-07	3.369612e-10	-6.975328e+00	1.904617e+01
5.780000e-06	-1.027432e-06	2.893171e-10	-7.291102e+00	1.615894e+01
5.790000e-06	-1.071930e-06	2.437739e-10	-7.606881e+00	1.325029e+01
5.800000e-06	-1.116339e-06	1.979192e-10	-7.922026e+00	1.032287e+01
5.810000e-06	-1.160631e-06	1.512137e-10	-8.236343e+00	7.379249e+00
5.820000e-06	-1.204877e-06	1.064282e-10	-8.550331e+00	4.421944e+00
5.830000e-06	-1.249096e-06	6.238432e-11	-8.864127e+00	1.453381e+00
5.840000e-06	-1.293250e-06	1.606680e-11	-9.177465e+00	-1.524090e+00
5.850000e-06	-1.337363e-06	-3.147407e-11	-9.490511e+00	-4.508203e+00
5.860000e-06	-1.381423e-06	-7.651232e-11	-9.803178e+00	-7.496775e+00
5.870000e-06	-1.425405e-06	-1.206810e-10	-1.011529e+01	-1.048770e+01
5.880000e-06	-1.469372e-06	-1.682589e-10	-1.042730e+01	-1.347893e+01
5.890000e-06	-1.513328e-06	-2.178330e-10	-1.073923e+01	-1.646850e+01
5.900000e-06	-1.557201e-06	-2.678592e-10	-1.105057e+01	-1.945448e+01
5.910000e-06	-1.601061e-06	-3.196760e-10	-1.136182e+01	-2.243498e+01
5.920000e-06	-1.644881e-06	-3.712329e-10	-1.167279e+01	-2.540815e+01
5.930000e-06	-1.688567e-06	-4.213319e-10	-1.198280e+01	-2.837212e+01
5.940000e-06	-1.732055e-06	-4.664374e-10	-1.229141e+01	-3.132507e+01
5.950000e-06	-1.775308e-06	-5.099857e-10	-1.259836e+01	-3.426512e+01
5.960000e-06	-1.818471e-06	-5.571829e-10	-1.290466e+01	-3.719039e+01
5.970000e-06	-1.861606e-06	-6.035486e-10	-1.321077e+01	-4.009898e+01
5.980000e-06	-1.904649e-06	-6.479599e-10	-1.351622e+01	-4.298894e+01
5.990000e-06	-1.947512e-06	-6.922983e-10	-1.382039e+01	-4.585826e+01
6.000000e-06	-1.990217e-06	-7.374103e-10	-1.412345e+01	-4.870490e+01
6.010000e-06	-2.032804e-06	-7.833062e-10	-1.442566e+01	-5.152678e+01
6.020000e-06	-2.075252e-06	-8.280809e-10	-1.472689e+01	-5.432177e+01
6.030000e-06	-2.117583e-06	-8.718864e-10	-1.502729e+01	-5.708770e+01
6.040000e-06	-2.159770e-06	-9.154793e-10	-1.532666e+01	-5.982237e+01
6.050000e-06	-2.201844e-06	-9.597097e-10	-1.562524e+01	-6.252357e+01
6.060000e-06	-2.243794e-06	-1.002031e-09	-1.592294e+01	-6.518908e+01
6.070000e-06	-2.285539e-06	-1.041117e-09	-1.621918e+01	-6.781670e+01
6.080000e-06	-2.327110e-06	-1.081270e-09	-1.651418e+01	-7.040425e+01
6.090000e-06	-2.368509e-06	-1.124051e-09	-1.680797e+01	-7.294962e+01
6.100000e-06	-2.409605e-06	-1.167861e-09	-1.709961e+01	-7.545076e+01
6.110000e-06	-2.450502e-06	-1.209146e-09	-1.738983e+01	-7.790570e+01
6.120000e-06	-2.491267e-06	-1.250482e-09	-1.767911e+01	-8.031262e+01
6.130000e-06	-2.531831e-06	-1.293113e-09	-1.796697e+01	-8.266978e+01
6.140000e-06	-2.572188e-06	-1.331917e-09	-1.825336e+01	-8.497566e+01
6.150000e-06	-2.612337e-06	-1.364999e-09	-1.853828e+01	-8.722885e+01
6.160000e-06	-2.652426e-06	-1.396433e-09	-1.882277e+01	-8.942818e+01
6.170000e-06	-2.692467e-06	-1.429295e-09	-1.910692e+01	-9.157265e+01
6.180000e-06	-2.732418e-06	-1.464637e-09	-1.939042e+01	-9.366150e+01
6.190000e-06	-2.772320e-06	-1.500089e-09	-1.967359e+01	-9.569418e+01
6.200000e-06	-2.812150e-06	-1.534440e-09	-1.995624e+01	-9.767037e+01
6.210000e-06	-2.851843e-06	-1.571123e-09	-2.023792e+01	-9.958999e+01
6.220000e-06	-2.891332e-06	-1.608454e-09	-2.051815e+01	-1.014532e+02
6.230000e-06	-2.930525e-06	-1.638953e-09	-2.079628e+01	-1.032603e+02
6.240000e-06	-2.969355e-06	-1.660684e-09	-2.107183e+01	-1.050120e+02
6.250000e-06	-3.007807e-06	-1.681432e-09	-2.134471e+01	-1.067089e+02
6.260000e-06	-3.045905e-06	-1.708506e-09	-2.161507e+01	-1.083522e+02
6.270000e-06	-3.083627e-06	-1.740335e-09	-2.188276e+01	-1.099428e+02
6.280000e-06	-3.120856e-06	-1.771259e-09	-2.214695e+01	-1.114823e+02
6.290000e-06	-3.157663e-06	-1.800657e-09	-2.240815e+01	-1.129719e+02
6.300000e-06	-3.194275e-06	-1.829921e-09	-2.266796e+01	-1.144132e+02
6.310000e-06	-3.230652e-06	-1.854142e-09	-2.292611e+01	-1.158078e+02
6.320000e-06	-3.266770e-06	-1.868871e-09	-2.318242e+01	-1.171575e+02
6.330000e-06	-3.302796e-06	-1.879755e-09	-2.343808e+01	-1.184638e+02
6.340000e-06	-3.338750e-06	-1.894602e-09	-2.369322e+01	-1.197286e+02
6.350000e-06	-3.374599e-06	-1.915253e-09	-2.394762e+01	-1.209535e+02
6.360000e-06	-3.410283e-06	-1.938431e-09	-2.420085e+01	-1.221401e+02
6.370000e-06	-3.445713e-06	-1.959535e-09	-2.445228e+01	-1.232902e+02
6.380000e-06	-3.480897e-06	-1.980124e-09	-2.470196e+01	-1.244051e+02
6.390000e-06	-3.515795e-06	-2.001828e-09	-2.494961e+01	-1.254864e+02
6.400000e-06	-3.550412e-06	-2.018991e-09	-2.519526e+01	-1.265354e+02
6.410000e-06	-3.584820e-06	-2.028917e-09	-2.543944e+01	-1.275532e+02
6.420000e-06	-3.619039e-06	-2.038827e-09	-2.568228e+01	-1.285410e+02
6.430000e-06	-3.652992e-06	-2.054666e-09	-2.592322e+01	-1.294999e+02
6.440000e-06	-3.686727e-06	-2.073733e-09	-2.616261e+01	-1.304305e+02
6.450000e-06	-3.720238e-06	-2.090836e-09	-2.640042e+01	-1.313338e+02
6.460000e-06	-3.753422e-06	-2.106581e-09	-2.663592e+01	-1.322103e+02
6.470000e-06	-3.786293e-06	-2.121612e-09	-2.686918e+01	-1.330605e+02
6.480000e-06	-3.818838e-06	-2.132995e-09	-2.710014e+01	-1.338850e+02
6.490000e-06	-3.851169e-06	-2.141651e-09	-2.732956e+01	-1.346841e+02
6.500000e-06	-3.883353e-06	-2.148789e-09	-2.755796e+01	-1.354580e+02
6.510000e-06	-3.915386e-06	-2.159053e-09	-2.778528e+01	-1.362072e+02
6.520000e-06	-3.947303e-06	-2.172972e-09	-2.801178e+01	-1.369317e+02
6.530000e-06	-3.978962e-06	-2.186473e-09	-2.823645e+01	-1.376318e+02
6.540000e-06	-4.010234e-06	-2.198176e-09	-2.845836e+01	-1.383077e+02
6.550000e-06	-4.041147e-06	-2.208624e-09	-2.867773e+01	-1.389597e+02
6.560000e-06	-4.071727e-06	-2.217773e-09	-2.889474e+01	-1.395881e+02
6.570000e-06	-4.101849e-06	-2.223207e-09	-2.910850e+01	-1.401930e+02
6.580000e-06	-4.131370e-06	-2.228515e-09	-2.931800e+01	-1.407749e+02
6.590000e-06	-4.160460e-06	-2.235439e-09	-2.952443e+01	-1.413341e+02
6.600000e-06	-4.189224e-06	-2.245737e-09	-2.972855e+01	-1.418712e+02
6.610000e-06	-4.217687e-06	-2.257418e-09	-2.993054e+01	-1.423866e+02
6.620000e-06	-4.245942e-06	-2.268548e-09	-3.013105e+01	-1.428810e+02
6.630000e-06	-4.274011e-06	-2.277164e-09	-3.033024e+01	-1.433550e+02
6.640000e-06	-4.301837e-06	-2.284452e-09	-3.052770e+01	-1.438094e+02
6.650000e-06	-4.329414e-06	-2.289152e-09	-3.072340e+01	-1.442450e+02
6.660000e-06	-4.356731e-06	-2.291815e-09	-3.091725e+01	-1.446625e+02
6.670000e-06	-4.383746e-06	-2.297425e-09	-3.110897e+01	-1.450628e+02
6.680000e-06	-4.410445e-06	-2.306140e-09	-3.129843e+01	-1.454469e+02
6.690000e-06	-4.436849e-06	-2.314903e-09	-3.148581e+01	-1.458156e+02
6.700000e-06	-4.462962e-06	-2.324190e-09	-3.167111e+01	-1.461698e+02
6.710000e-06	-4.488709e-06	-2.333791e-09	-3.185383e+01	-1.465105e+02
6.720000e-06	-4.514055e-06	-2.337419e-09	-3.203369e+01	-1.468384e+02
6.730000e-06	-4.539025e-06	-2.333897e-09	-3.221089e+01	-1.471545e+02
6.740000e-06	-4.563680e-06	-2.330242e-09	-3.238585e+01	-1.474595e+02
6.750000e-06	-4.588143e-06	-2.334796e-09	-3.255945e+01	-1.477542e+02
6.760000e-06	-4.612464e-06	-2.344867e-09	-3.273204e+01	-1.480392e+02
6.770000e-06	-4.636591e-06	-2.353182e-09	-3.290326e+01	-1.483151e+02
6.780000e-06	-4.660518e-06	-2.357179e-09	-3.307306e+01	-1.485824e+02
6.790000e-06	-4.684196e-06	-2.361919e-09	-3.324109e+01	-1.488415e+02
6.800000e-06	-4.707482e-06	-2.366617e-09	-3.340634e+01	-1.490929e+02
6.810000e-06	-4.730318e-06	-2.365096e-09	-3.356839e+01	-1.493368e+02
6.820000e-06	-4.752708e-06	-2.360388e-09	-3.372728e+01	-1.495734e+02
6.830000e-06	-4.774436e-06	-2.359285e-09	-3.388147e+01	-1.498028e+02
6.840000e-06	-4.795526e-06	-2.368771e-09	-3.403114e+01	-1.500252e+02
6.850000e-06	-4.816226e-06	-2.382340e-09	-3.417803e+01	-1.502406e+02
6.860000e-06	-4.836629e-06	-2.388647e-09	-3.432282e+01	-1.504490e+02
6.870000e-06	-4.856749e-06	-2.389525e-09	-3.446560e+01	-1.506504e+02
6.880000e-06	-4.876665e-06	-2.390316e-09	-3.460693e+01	-1.508447e+02
6.890000e-06	-4.896382e-06	-2.388396e-09	-3.474686e+01	-1.510319e+02
6.900000e-06	-4.915735e-06	-2.381071e-09	-3.488419e+01	-1.512121e+02
6.910000e-06	-4.934692e-06	-2.376087e-09	-3.501872e+01	-1.513852e+02
6.920000e-06	-4.953352e-06	-2.379737e-09	-3.515114e+01	-1.515512e+02
6.930000e-06	-4.971689e-06	-2.391407e-09	-3.528127e+01	-1.517103e+02
6.940000e-06	-4.989751e-06	-2.401770e-09	-3.540944e+01	-1.518625e+02
6.950000e-06	-5.007617e-06	-2.404699e-09	-3.553623e+01	-1.520082e+02
6.960000e-06	-5.025144e-06	-2.404200e-09	-3.566061e+01	-1.521475e+02
6.970000e-06	-5.042189e-06	-2.402479e-09	-3.578157e+01	-1.522807e+02
6.980000e-06	-5.058845e-06	-2.398212e-09	-3.589976e+01	-1.524082e+02
6.990000e-06	-5.075197e-06	-2.391342e-09	-3.601580e+01	-1.525305e+02
7.000000e-06	-5.091357e-06	-2.388576e-09	-3.613048e+01	-1.526480e+02
7.010000e-06	-5.107384e-06	-2.394171e-09	-3.624421e+01	-1.527612e+02
7.020000e-06	-5.123103e-06	-2.400392e-09	-3.635577e+01	-1.528707e+02
7.030000e-06	-5.138354e-06	-2.404576e-09	-3.646399e+01	-1.529769e+02
7.040000e-06	-5.153014e-06	-2.407719e-09	-3.656802e+01	-1.530805e+02
7.050000e-06	-5.166965e-06	-2.413684e-09	-3.666703e+01	-1.531820e+02
7.060000e-06	-5.180193e-06	-2.417789e-09	-3.676090e+01	-1.532818e+02
7.070000e-06	-5.192954e-06	-2.415130e-09	-3.685146e+01	-1.533804e+02
7.080000e-06	-5.205453e-06	-2.409272e-09	-3.694016e+01	-1.534783e+02
7.090000e-06	-5.217651e-06	-2.407226e-09	-3.702672e+01	-1.535756e+02
7.100000e-06	-5.229492e-06	-2.408037e-09	-3.711075e+01	-1.536726e+02
7.110000e-06	-5.240915e-06	-2.407649e-09	-3.719181e+01	-1.537695e+02
7.120000e-06	-5.251898e-06	-2.408435e-09	-3.726975e+01	-1.538662e+02
7.130000e-06	-5.262506e-06	-2.411945e-09	-3.734503e+01	-1.539626e+02
7.140000e-06	-5.272801e-06	-2.416598e-09	-3.741809e+01	-1.540584e+02
7.150000e-06	-5.282785e-06	-2.417982e-09	-3.748893e+01	-1.541533e+02
7.160000e-06	-5.292379e-06	-2.415530e-09	-3.755702e+01	-1.542467e+02
7.170000e-06	-5.301605e-06	-2.413820e-09	-3.762249e+01	-1.543381e+02
7.180000e-06	-5.310499e-06	-2.413519e-09	-3.768561e+01	-1.544267e+02
7.190000e-06	-5.318994e-06	-2.410157e-09	-3.774589e+01	-1.545116e+02
7.200000e-06	-5.327191e-06	-2.403785e-09	-3.780406e+01	-1.545920e+02
7.210000e-06	-5.335184e-06	-2.400376e-09	-3.786079e+01	-1.546669e+02
7.220000e-06	-5.342951e-06	-2.402689e-09	-3.791590e+01	-1.547352e+02
7.230000e-06	-5.350389e-06	-2.405457e-09	-3.796868e+01	-1.547961e+02
7.240000e-06	-5.357378e-06	-2.403974e-09	-3.801828e+01	-1.548483e+02
7.250000e-06	-5.363753e-06	-2.400016e-09	-3.806352e+01	-1.548911e+02
7.260000e-06	-5.369406e-06	-2.398058e-09	-3.810363e+01	-1.549233e+02
7.270000e-06	-5.374471e-06	-2.397882e-09	-3.813958e+01	-1.549443e+02
7.280000e-06	-5.379092e-06	-2.394845e-09	-3.817238e+01	-1.549532e+02
7.290000e-06	-5.383417e-06	-2.388226e-09	-3.820306e+01	-1.549495e+02
7.300000e-06	-5.387531e-06	-2.383954e-09	-3.823226e+01	-1.549328e+02
7.310000e-06	-5.391439e-06	-2.381861e-09	-3.825999e+01	-1.549029e+02
7.320000e-06	-5.395082e-06	-2.380656e-09	-3.828585e+01	-1.548596e+02
7.330000e-06	-5.398343e-06	-2.380891e-09	-3.830898e+01	-1.548032e+02
7.340000e-06	-5.401097e-06	-2.383269e-09	-3.832853e+01	-1.547341e+02
7.350000e-06	-5.403431e-06	-2.383220e-09	-3.834509e+01	-1.546529e+02
7.360000e-06	-5.405556e-06	-2.379893e-09	-3.836018e+01	-1.545604e+02
7.370000e-06	-5.407452e-06	-2.375997e-09	-3.837363e+01	-1.544577e+02
7.380000e-06	-5.408866e-06	-2.371103e-09	-3.838366e+01	-1.543460e+02
7.390000e-06	-5.409774e-06	-2.365678e-09	-3.839011e+01	-1.542269e+02
7.400000e-06	-5.410400e-06	-2.361379e-09	-3.839454e+01	-1.541020e+02
