# Temperatura_=_-1.59
# Concentracion g/m^3_=_4090.0
# C_Vs_to_Am_M_A/Vsm_=_65563218390.804596
# pendiente_HvsI_1/m_=_3716.3
# ordenada_HvsI_A/m_=_1297.0
# frecuencia_Hz_=_135069.81003658602

Tiempo_(s)	Campo_(V.s)	Magnetizacion_(V.s)	Campo_(kA/m)	Magnetizacion_(A/m)
0.000000e+00	-5.425706e-06	-2.402104e-09	-3.840456e+01	-1.541702e+02
1.000000e-08	-5.425811e-06	-2.400704e-09	-3.840531e+01	-1.541098e+02
2.000000e-08	-5.425655e-06	-2.399265e-09	-3.840420e+01	-1.540523e+02
3.000000e-08	-5.425342e-06	-2.399009e-09	-3.840199e+01	-1.539987e+02
4.000000e-08	-5.424721e-06	-2.400414e-09	-3.839760e+01	-1.539501e+02
5.000000e-08	-5.423560e-06	-2.403912e-09	-3.838937e+01	-1.539074e+02
6.000000e-08	-5.421696e-06	-2.414434e-09	-3.837618e+01	-1.538715e+02
7.000000e-08	-5.419207e-06	-2.416170e-09	-3.835857e+01	-1.538431e+02
8.000000e-08	-5.416149e-06	-2.366829e-09	-3.833692e+01	-1.538229e+02
9.000000e-08	-5.412511e-06	-2.341475e-09	-3.831117e+01	-1.538111e+02
1.000000e-07	-5.408458e-06	-2.471051e-09	-3.828248e+01	-1.538082e+02
1.100000e-07	-5.404129e-06	-2.535798e-09	-3.825184e+01	-1.538142e+02
1.200000e-07	-5.399586e-06	-2.364341e-09	-3.821968e+01	-1.538290e+02
1.300000e-07	-5.394814e-06	-2.268600e-09	-3.818591e+01	-1.538524e+02
1.400000e-07	-5.389769e-06	-2.441848e-09	-3.815020e+01	-1.538841e+02
1.500000e-07	-5.384286e-06	-2.577850e-09	-3.811138e+01	-1.539233e+02
1.600000e-07	-5.378319e-06	-2.341781e-09	-3.806915e+01	-1.539694e+02
1.700000e-07	-5.372004e-06	-2.193063e-09	-3.802445e+01	-1.540215e+02
1.800000e-07	-5.365313e-06	-2.428887e-09	-3.797709e+01	-1.540787e+02
1.900000e-07	-5.358174e-06	-2.568936e-09	-3.792656e+01	-1.541396e+02
2.000000e-07	-5.350723e-06	-2.374705e-09	-3.787382e+01	-1.542033e+02
2.100000e-07	-5.343045e-06	-2.282876e-09	-3.781947e+01	-1.542684e+02
2.200000e-07	-5.335145e-06	-2.477654e-09	-3.776355e+01	-1.543336e+02
2.300000e-07	-5.326976e-06	-2.494307e-09	-3.770573e+01	-1.543976e+02
2.400000e-07	-5.318418e-06	-2.332168e-09	-3.764515e+01	-1.544590e+02
2.500000e-07	-5.309400e-06	-2.380313e-09	-3.758132e+01	-1.545166e+02
2.600000e-07	-5.299721e-06	-2.538462e-09	-3.751281e+01	-1.545690e+02
2.700000e-07	-5.289284e-06	-2.435208e-09	-3.743894e+01	-1.546152e+02
2.800000e-07	-5.278269e-06	-2.335348e-09	-3.736097e+01	-1.546541e+02
2.900000e-07	-5.266841e-06	-2.489381e-09	-3.728008e+01	-1.546846e+02
3.000000e-07	-5.255106e-06	-2.526042e-09	-3.719702e+01	-1.547058e+02
3.100000e-07	-5.243013e-06	-2.320093e-09	-3.711142e+01	-1.547171e+02
3.200000e-07	-5.230482e-06	-2.330950e-09	-3.702272e+01	-1.547179e+02
3.300000e-07	-5.217576e-06	-2.509795e-09	-3.693137e+01	-1.547077e+02
3.400000e-07	-5.204368e-06	-2.444685e-09	-3.683787e+01	-1.546862e+02
3.500000e-07	-5.190782e-06	-2.318450e-09	-3.674171e+01	-1.546533e+02
3.600000e-07	-5.176762e-06	-2.409765e-09	-3.664248e+01	-1.546090e+02
3.700000e-07	-5.162419e-06	-2.459813e-09	-3.654095e+01	-1.545534e+02
3.800000e-07	-5.147575e-06	-2.364555e-09	-3.643588e+01	-1.544868e+02
3.900000e-07	-5.132060e-06	-2.377278e-09	-3.632606e+01	-1.544096e+02
4.000000e-07	-5.115931e-06	-2.420536e-09	-3.621190e+01	-1.543223e+02
4.100000e-07	-5.099315e-06	-2.355503e-09	-3.609428e+01	-1.542255e+02
4.200000e-07	-5.082419e-06	-2.363337e-09	-3.597469e+01	-1.541197e+02
4.300000e-07	-5.065286e-06	-2.442870e-09	-3.585342e+01	-1.540059e+02
4.400000e-07	-5.047857e-06	-2.382921e-09	-3.573005e+01	-1.538846e+02
4.500000e-07	-5.030129e-06	-2.321467e-09	-3.560457e+01	-1.537568e+02
4.600000e-07	-5.012080e-06	-2.392067e-09	-3.547681e+01	-1.536231e+02
4.700000e-07	-4.993629e-06	-2.419639e-09	-3.534621e+01	-1.534844e+02
4.800000e-07	-4.974760e-06	-2.353013e-09	-3.521265e+01	-1.533414e+02
4.900000e-07	-4.955503e-06	-2.348769e-09	-3.507635e+01	-1.531948e+02
5.000000e-07	-4.935900e-06	-2.378756e-09	-3.493759e+01	-1.530453e+02
5.100000e-07	-4.916054e-06	-2.380471e-09	-3.479712e+01	-1.528934e+02
5.200000e-07	-4.895994e-06	-2.376018e-09	-3.465513e+01	-1.527397e+02
5.300000e-07	-4.875672e-06	-2.355276e-09	-3.451128e+01	-1.525846e+02
5.400000e-07	-4.855159e-06	-2.330376e-09	-3.436609e+01	-1.524285e+02
5.500000e-07	-4.834372e-06	-2.361016e-09	-3.421895e+01	-1.522716e+02
5.600000e-07	-4.813123e-06	-2.374016e-09	-3.406854e+01	-1.521141e+02
5.700000e-07	-4.791487e-06	-2.331552e-09	-3.391539e+01	-1.519562e+02
5.800000e-07	-4.769545e-06	-2.322347e-09	-3.376009e+01	-1.517979e+02
5.900000e-07	-4.747315e-06	-2.354878e-09	-3.360274e+01	-1.516391e+02
6.000000e-07	-4.724835e-06	-2.355996e-09	-3.344362e+01	-1.514797e+02
6.100000e-07	-4.702049e-06	-2.340250e-09	-3.328234e+01	-1.513195e+02
6.200000e-07	-4.678879e-06	-2.325807e-09	-3.311833e+01	-1.511585e+02
6.300000e-07	-4.655361e-06	-2.318138e-09	-3.295186e+01	-1.509962e+02
6.400000e-07	-4.631545e-06	-2.333457e-09	-3.278328e+01	-1.508325e+02
6.500000e-07	-4.607511e-06	-2.334945e-09	-3.261317e+01	-1.506671e+02
6.600000e-07	-4.583285e-06	-2.298904e-09	-3.244169e+01	-1.504997e+02
6.700000e-07	-4.558749e-06	-2.290250e-09	-3.226802e+01	-1.503300e+02
6.800000e-07	-4.533865e-06	-2.323712e-09	-3.209188e+01	-1.501578e+02
6.900000e-07	-4.508440e-06	-2.332412e-09	-3.191191e+01	-1.499827e+02
7.000000e-07	-4.482407e-06	-2.311643e-09	-3.172765e+01	-1.498047e+02
7.100000e-07	-4.455985e-06	-2.301626e-09	-3.154063e+01	-1.496235e+02
7.200000e-07	-4.429157e-06	-2.310440e-09	-3.135073e+01	-1.494390e+02
7.300000e-07	-4.401894e-06	-2.314317e-09	-3.115775e+01	-1.492511e+02
7.400000e-07	-4.374277e-06	-2.298384e-09	-3.096228e+01	-1.490596e+02
7.500000e-07	-4.346423e-06	-2.275925e-09	-3.076512e+01	-1.488647e+02
7.600000e-07	-4.318352e-06	-2.281899e-09	-3.056642e+01	-1.486662e+02
7.700000e-07	-4.290092e-06	-2.300177e-09	-3.036639e+01	-1.484643e+02
7.800000e-07	-4.261619e-06	-2.296470e-09	-3.016485e+01	-1.482590e+02
7.900000e-07	-4.232885e-06	-2.278572e-09	-2.996146e+01	-1.480505e+02
8.000000e-07	-4.203864e-06	-2.277160e-09	-2.975605e+01	-1.478388e+02
8.100000e-07	-4.174469e-06	-2.281214e-09	-2.954798e+01	-1.476241e+02
8.200000e-07	-4.144745e-06	-2.273592e-09	-2.933759e+01	-1.474066e+02
8.300000e-07	-4.114773e-06	-2.253248e-09	-2.912544e+01	-1.471864e+02
8.400000e-07	-4.084585e-06	-2.240170e-09	-2.891176e+01	-1.469636e+02
8.500000e-07	-4.054066e-06	-2.244543e-09	-2.869574e+01	-1.467385e+02
8.600000e-07	-4.023188e-06	-2.252225e-09	-2.847718e+01	-1.465110e+02
8.700000e-07	-3.992068e-06	-2.243453e-09	-2.825690e+01	-1.462814e+02
8.800000e-07	-3.960780e-06	-2.231430e-09	-2.803544e+01	-1.460498e+02
8.900000e-07	-3.929254e-06	-2.232336e-09	-2.781229e+01	-1.458161e+02
9.000000e-07	-3.897482e-06	-2.238199e-09	-2.758740e+01	-1.455805e+02
9.100000e-07	-3.865537e-06	-2.229156e-09	-2.736128e+01	-1.453429e+02
9.200000e-07	-3.833438e-06	-2.209084e-09	-2.713408e+01	-1.451033e+02
9.300000e-07	-3.801157e-06	-2.197897e-09	-2.690559e+01	-1.448617e+02
9.400000e-07	-3.768576e-06	-2.199519e-09	-2.667497e+01	-1.446181e+02
9.500000e-07	-3.735766e-06	-2.198087e-09	-2.644273e+01	-1.443723e+02
9.600000e-07	-3.702638e-06	-2.190671e-09	-2.620824e+01	-1.441243e+02
9.700000e-07	-3.668956e-06	-2.189099e-09	-2.596983e+01	-1.438740e+02
9.800000e-07	-3.634692e-06	-2.193391e-09	-2.572730e+01	-1.436213e+02
9.900000e-07	-3.599957e-06	-2.189619e-09	-2.548144e+01	-1.433660e+02
1.000000e-06	-3.564911e-06	-2.172610e-09	-2.523337e+01	-1.431080e+02
1.010000e-06	-3.529608e-06	-2.155754e-09	-2.498349e+01	-1.428473e+02
1.020000e-06	-3.494031e-06	-2.148666e-09	-2.473167e+01	-1.425838e+02
1.030000e-06	-3.458190e-06	-2.148351e-09	-2.447798e+01	-1.423173e+02
1.040000e-06	-3.422198e-06	-2.145884e-09	-2.422321e+01	-1.420479e+02
1.050000e-06	-3.386125e-06	-2.141543e-09	-2.396788e+01	-1.417754e+02
1.060000e-06	-3.349922e-06	-2.138453e-09	-2.371163e+01	-1.414999e+02
1.070000e-06	-3.313572e-06	-2.136860e-09	-2.345433e+01	-1.412214e+02
1.080000e-06	-3.277071e-06	-2.128998e-09	-2.319596e+01	-1.409398e+02
1.090000e-06	-3.240356e-06	-2.115548e-09	-2.293609e+01	-1.406551e+02
1.100000e-06	-3.203348e-06	-2.104648e-09	-2.267413e+01	-1.403675e+02
1.110000e-06	-3.166014e-06	-2.101916e-09	-2.240987e+01	-1.400769e+02
1.120000e-06	-3.128399e-06	-2.099492e-09	-2.214363e+01	-1.397833e+02
1.130000e-06	-3.090592e-06	-2.091513e-09	-2.187602e+01	-1.394869e+02
1.140000e-06	-3.052606e-06	-2.082615e-09	-2.160715e+01	-1.391877e+02
1.150000e-06	-3.014422e-06	-2.079367e-09	-2.133687e+01	-1.388855e+02
1.160000e-06	-2.976039e-06	-2.077020e-09	-2.106518e+01	-1.385806e+02
1.170000e-06	-2.937461e-06	-2.070533e-09	-2.079212e+01	-1.382727e+02
1.180000e-06	-2.898681e-06	-2.059834e-09	-2.051762e+01	-1.379618e+02
1.190000e-06	-2.859669e-06	-2.051633e-09	-2.024148e+01	-1.376478e+02
1.200000e-06	-2.820405e-06	-2.045709e-09	-1.996357e+01	-1.373306e+02
1.210000e-06	-2.780957e-06	-2.038312e-09	-1.968434e+01	-1.370100e+02
1.220000e-06	-2.741403e-06	-2.031377e-09	-1.940437e+01	-1.366856e+02
1.230000e-06	-2.701685e-06	-2.026786e-09	-1.912323e+01	-1.363573e+02
1.240000e-06	-2.661836e-06	-2.020790e-09	-1.884117e+01	-1.360246e+02
1.250000e-06	-2.621920e-06	-2.012639e-09	-1.855863e+01	-1.356872e+02
1.260000e-06	-2.581888e-06	-2.003515e-09	-1.827528e+01	-1.353447e+02
1.270000e-06	-2.541686e-06	-1.992048e-09	-1.799072e+01	-1.349965e+02
1.280000e-06	-2.501300e-06	-1.983230e-09	-1.770485e+01	-1.346421e+02
1.290000e-06	-2.460778e-06	-1.979337e-09	-1.741803e+01	-1.342811e+02
1.300000e-06	-2.420133e-06	-1.975042e-09	-1.713034e+01	-1.339129e+02
1.310000e-06	-2.379256e-06	-1.967264e-09	-1.684100e+01	-1.335368e+02
1.320000e-06	-2.338158e-06	-1.959941e-09	-1.655009e+01	-1.331524e+02
1.330000e-06	-2.296820e-06	-1.954093e-09	-1.625749e+01	-1.327591e+02
1.340000e-06	-2.255194e-06	-1.949113e-09	-1.596285e+01	-1.323562e+02
1.350000e-06	-2.213304e-06	-1.942768e-09	-1.566635e+01	-1.319434e+02
1.360000e-06	-2.171120e-06	-1.934647e-09	-1.536775e+01	-1.315201e+02
1.370000e-06	-2.128605e-06	-1.926559e-09	-1.506682e+01	-1.310859e+02
1.380000e-06	-2.085856e-06	-1.919613e-09	-1.476424e+01	-1.306403e+02
1.390000e-06	-2.042966e-06	-1.912818e-09	-1.446065e+01	-1.301830e+02
1.400000e-06	-1.999870e-06	-1.905323e-09	-1.415560e+01	-1.297137e+02
1.410000e-06	-1.956584e-06	-1.896797e-09	-1.384922e+01	-1.292322e+02
1.420000e-06	-1.913081e-06	-1.888214e-09	-1.354129e+01	-1.287383e+02
1.430000e-06	-1.869372e-06	-1.879760e-09	-1.323191e+01	-1.282319e+02
1.440000e-06	-1.825610e-06	-1.869000e-09	-1.292214e+01	-1.277129e+02
1.450000e-06	-1.781848e-06	-1.858729e-09	-1.261239e+01	-1.271813e+02
1.460000e-06	-1.737978e-06	-1.852236e-09	-1.230186e+01	-1.266371e+02
1.470000e-06	-1.693992e-06	-1.846800e-09	-1.199052e+01	-1.260804e+02
1.480000e-06	-1.649965e-06	-1.839766e-09	-1.167889e+01	-1.255113e+02
1.490000e-06	-1.605869e-06	-1.829477e-09	-1.136676e+01	-1.249298e+02
1.500000e-06	-1.561679e-06	-1.818053e-09	-1.105397e+01	-1.243361e+02
1.510000e-06	-1.517382e-06	-1.806043e-09	-1.074043e+01	-1.237303e+02
1.520000e-06	-1.472986e-06	-1.792908e-09	-1.042618e+01	-1.231124e+02
1.530000e-06	-1.428547e-06	-1.782650e-09	-1.011163e+01	-1.224824e+02
1.540000e-06	-1.384117e-06	-1.777508e-09	-9.797141e+00	-1.218403e+02
1.550000e-06	-1.339619e-06	-1.770373e-09	-9.482171e+00	-1.211859e+02
1.560000e-06	-1.294974e-06	-1.759823e-09	-9.166165e+00	-1.205192e+02
1.570000e-06	-1.250260e-06	-1.747002e-09	-8.849669e+00	-1.198397e+02
1.580000e-06	-1.205520e-06	-1.734960e-09	-8.532984e+00	-1.191472e+02
1.590000e-06	-1.160638e-06	-1.726084e-09	-8.215302e+00	-1.184411e+02
1.600000e-06	-1.115621e-06	-1.716056e-09	-7.896659e+00	-1.177208e+02
1.610000e-06	-1.070508e-06	-1.702672e-09	-7.577338e+00	-1.169856e+02
1.620000e-06	-1.025270e-06	-1.689048e-09	-7.257132e+00	-1.162347e+02
1.630000e-06	-9.800024e-07	-1.679086e-09	-6.936714e+00	-1.154670e+02
1.640000e-06	-9.347126e-07	-1.668721e-09	-6.616140e+00	-1.146815e+02
1.650000e-06	-8.893482e-07	-1.654154e-09	-6.295039e+00	-1.138769e+02
1.660000e-06	-8.438582e-07	-1.639924e-09	-5.973049e+00	-1.130519e+02
1.670000e-06	-7.982536e-07	-1.631346e-09	-5.650248e+00	-1.122052e+02
1.680000e-06	-7.526197e-07	-1.622300e-09	-5.327239e+00	-1.113352e+02
1.690000e-06	-7.069204e-07	-1.607066e-09	-5.003767e+00	-1.104402e+02
1.700000e-06	-6.611413e-07	-1.586681e-09	-4.679731e+00	-1.095188e+02
1.710000e-06	-6.153663e-07	-1.569045e-09	-4.355724e+00	-1.085692e+02
1.720000e-06	-5.696601e-07	-1.556844e-09	-4.032203e+00	-1.075896e+02
1.730000e-06	-5.239598e-07	-1.544222e-09	-3.708725e+00	-1.065784e+02
1.740000e-06	-4.782444e-07	-1.528619e-09	-3.385139e+00	-1.055338e+02
1.750000e-06	-4.324672e-07	-1.515463e-09	-3.061116e+00	-1.044541e+02
1.760000e-06	-3.865255e-07	-1.503452e-09	-2.735928e+00	-1.033377e+02
1.770000e-06	-3.404779e-07	-1.485414e-09	-2.409991e+00	-1.021829e+02
1.780000e-06	-2.944660e-07	-1.460878e-09	-2.084308e+00	-1.009880e+02
1.790000e-06	-2.485013e-07	-1.436198e-09	-1.758957e+00	-9.975166e+01
1.800000e-06	-2.025198e-07	-1.415159e-09	-1.433488e+00	-9.847235e+01
1.810000e-06	-1.564796e-07	-1.396725e-09	-1.107604e+00	-9.714872e+01
1.820000e-06	-1.104407e-07	-1.379003e-09	-7.817282e-01	-9.577947e+01
1.830000e-06	-6.447572e-08	-1.360328e-09	-4.563760e-01	-9.436341e+01
1.840000e-06	-1.856783e-08	-1.341314e-09	-1.314279e-01	-9.289940e+01
1.850000e-06	2.736670e-08	-1.321287e-09	1.937087e-01	-9.138639e+01
1.860000e-06	7.332183e-08	-1.296807e-09	5.189911e-01	-8.982342e+01
1.870000e-06	1.192282e-07	-1.267257e-09	8.439286e-01	-8.820956e+01
1.880000e-06	1.651639e-07	-1.236851e-09	1.169073e+00	-8.654395e+01
1.890000e-06	2.110947e-07	-1.208382e-09	1.494184e+00	-8.482581e+01
1.900000e-06	2.570175e-07	-1.182606e-09	1.819237e+00	-8.305434e+01
1.910000e-06	3.029053e-07	-1.158749e-09	2.144043e+00	-8.122881e+01
1.920000e-06	3.487315e-07	-1.137513e-09	2.468413e+00	-7.934850e+01
1.930000e-06	3.945734e-07	-1.116654e-09	2.792893e+00	-7.741268e+01
1.940000e-06	4.404553e-07	-1.092400e-09	3.117658e+00	-7.542065e+01
1.950000e-06	4.863426e-07	-1.061235e-09	3.442460e+00	-7.337169e+01
1.960000e-06	5.320559e-07	-1.025263e-09	3.766031e+00	-7.126507e+01
1.970000e-06	5.776752e-07	-9.878547e-10	4.088936e+00	-6.910006e+01
1.980000e-06	6.233950e-07	-9.510024e-10	4.412552e+00	-6.687591e+01
1.990000e-06	6.690497e-07	-9.162268e-10	4.735709e+00	-6.459188e+01
2.000000e-06	7.146145e-07	-8.849555e-10	5.058229e+00	-6.224723e+01
2.010000e-06	7.601982e-07	-8.561650e-10	5.380882e+00	-5.984122e+01
2.020000e-06	8.057720e-07	-8.260272e-10	5.703465e+00	-5.737316e+01
2.030000e-06	8.513022e-07	-7.915682e-10	6.025740e+00	-5.484239e+01
2.040000e-06	8.967725e-07	-7.521442e-10	6.347590e+00	-5.224834e+01
2.050000e-06	9.421094e-07	-7.105573e-10	6.668497e+00	-4.959049e+01
2.060000e-06	9.872907e-07	-6.687128e-10	6.988302e+00	-4.686848e+01
2.070000e-06	1.032407e-06	-6.258592e-10	7.307645e+00	-4.408205e+01
2.080000e-06	1.077427e-06	-5.836337e-10	7.626310e+00	-4.123115e+01
2.090000e-06	1.122344e-06	-5.434193e-10	7.944245e+00	-3.831590e+01
2.100000e-06	1.167184e-06	-5.039100e-10	8.261635e+00	-3.533666e+01
2.110000e-06	1.211962e-06	-4.614207e-10	8.578585e+00	-3.229407e+01
2.120000e-06	1.256686e-06	-4.160285e-10	8.895155e+00	-2.918904e+01
2.130000e-06	1.301267e-06	-3.700752e-10	9.210709e+00	-2.602279e+01
2.140000e-06	1.345806e-06	-3.230563e-10	9.525964e+00	-2.279690e+01
2.150000e-06	1.390299e-06	-2.727339e-10	9.840902e+00	-1.951330e+01
2.160000e-06	1.434710e-06	-2.194690e-10	1.015525e+01	-1.617431e+01
2.170000e-06	1.479034e-06	-1.673435e-10	1.046899e+01	-1.278262e+01
2.180000e-06	1.523284e-06	-1.169454e-10	1.078220e+01	-9.341336e+00
2.190000e-06	1.567533e-06	-6.651905e-11	1.109541e+01	-5.853970e+00
2.200000e-06	1.611649e-06	-1.506793e-11	1.140768e+01	-2.324424e+00
2.210000e-06	1.655662e-06	3.703015e-11	1.171921e+01	1.243006e+00
2.220000e-06	1.699683e-06	9.092874e-11	1.203080e+01	4.843649e+00
2.230000e-06	1.743666e-06	1.455003e-10	1.234212e+01	8.472478e+00
2.240000e-06	1.787517e-06	2.016380e-10	1.265251e+01	1.212414e+01
2.250000e-06	1.831252e-06	2.584088e-10	1.296208e+01	1.579298e+01
2.260000e-06	1.874961e-06	3.140959e-10	1.327147e+01	1.947311e+01
2.270000e-06	1.918573e-06	3.691998e-10	1.358016e+01	2.315839e+01
2.280000e-06	1.961994e-06	4.244788e-10	1.388750e+01	2.684253e+01
2.290000e-06	2.005244e-06	4.789490e-10	1.419364e+01	3.051915e+01
2.300000e-06	2.048369e-06	5.322031e-10	1.449889e+01	3.418176e+01
2.310000e-06	2.091284e-06	5.867797e-10	1.480266e+01	3.782390e+01
2.320000e-06	2.133830e-06	6.422613e-10	1.510381e+01	4.143915e+01
2.330000e-06	2.176046e-06	6.986905e-10	1.540262e+01	4.502118e+01
2.340000e-06	2.218110e-06	7.527614e-10	1.570036e+01	4.856385e+01
2.350000e-06	2.259974e-06	8.032503e-10	1.599669e+01	5.206122e+01
2.360000e-06	2.301508e-06	8.534576e-10	1.629068e+01	5.550764e+01
2.370000e-06	2.342708e-06	9.044226e-10	1.658230e+01	5.889777e+01
2.380000e-06	2.383694e-06	9.542502e-10	1.687241e+01	6.222663e+01
2.390000e-06	2.424517e-06	1.000230e-09	1.716137e+01	6.548966e+01
2.400000e-06	2.465115e-06	1.041121e-09	1.744873e+01	6.868273e+01
2.410000e-06	2.505482e-06	1.078560e-09	1.773446e+01	7.180218e+01
2.420000e-06	2.545736e-06	1.118104e-09	1.801939e+01	7.484487e+01
2.430000e-06	2.585935e-06	1.160975e-09	1.830392e+01	7.780812e+01
2.440000e-06	2.625968e-06	1.205554e-09	1.858729e+01	8.068981e+01
2.450000e-06	2.665873e-06	1.249798e-09	1.886974e+01	8.348830e+01
2.460000e-06	2.705715e-06	1.291647e-09	1.915176e+01	8.620249e+01
2.470000e-06	2.745431e-06	1.329142e-09	1.943288e+01	8.883177e+01
2.480000e-06	2.784965e-06	1.361104e-09	1.971271e+01	9.137601e+01
2.490000e-06	2.824323e-06	1.390475e-09	1.999129e+01	9.383553e+01
2.500000e-06	2.863465e-06	1.422139e-09	2.026835e+01	9.621108e+01
2.510000e-06	2.902347e-06	1.458117e-09	2.054357e+01	9.850380e+01
2.520000e-06	2.941005e-06	1.495546e-09	2.081720e+01	1.007152e+02
2.530000e-06	2.979424e-06	1.530709e-09	2.108914e+01	1.028470e+02
2.540000e-06	3.017610e-06	1.562727e-09	2.135943e+01	1.049014e+02
2.550000e-06	3.055617e-06	1.591707e-09	2.162845e+01	1.068806e+02
2.560000e-06	3.093408e-06	1.615815e-09	2.189595e+01	1.087870e+02
2.570000e-06	3.130965e-06	1.635158e-09	2.216179e+01	1.106233e+02
2.580000e-06	3.168329e-06	1.655088e-09	2.242626e+01	1.123921e+02
2.590000e-06	3.205524e-06	1.681026e-09	2.268954e+01	1.140961e+02
2.600000e-06	3.242572e-06	1.711668e-09	2.295177e+01	1.157380e+02
2.610000e-06	3.279397e-06	1.740790e-09	2.321243e+01	1.173204e+02
2.620000e-06	3.315931e-06	1.764826e-09	2.347102e+01	1.188459e+02
2.630000e-06	3.352230e-06	1.785225e-09	2.372796e+01	1.203170e+02
2.640000e-06	3.388381e-06	1.803314e-09	2.398385e+01	1.217361e+02
2.650000e-06	3.424409e-06	1.817546e-09	2.423886e+01	1.231053e+02
2.660000e-06	3.460315e-06	1.829192e-09	2.449301e+01	1.244266e+02
2.670000e-06	3.496164e-06	1.844934e-09	2.474676e+01	1.257019e+02
2.680000e-06	3.531798e-06	1.866360e-09	2.499899e+01	1.269329e+02
2.690000e-06	3.567061e-06	1.887432e-09	2.524859e+01	1.281212e+02
2.700000e-06	3.602024e-06	1.904415e-09	2.549607e+01	1.292679e+02
2.710000e-06	3.636567e-06	1.920821e-09	2.574057e+01	1.303744e+02
2.720000e-06	3.670577e-06	1.940227e-09	2.598131e+01	1.314417e+02
2.730000e-06	3.704219e-06	1.959568e-09	2.621943e+01	1.324706e+02
2.740000e-06	3.737473e-06	1.973115e-09	2.645481e+01	1.334619e+02
2.750000e-06	3.770290e-06	1.983074e-09	2.668710e+01	1.344164e+02
2.760000e-06	3.802809e-06	1.995559e-09	2.691727e+01	1.353346e+02
2.770000e-06	3.835080e-06	2.009448e-09	2.714570e+01	1.362172e+02
2.780000e-06	3.867130e-06	2.021460e-09	2.737256e+01	1.370647e+02
2.790000e-06	3.899006e-06	2.031655e-09	2.759819e+01	1.378777e+02
2.800000e-06	3.930715e-06	2.042625e-09	2.782263e+01	1.386566e+02
2.810000e-06	3.962232e-06	2.054728e-09	2.804572e+01	1.394022e+02
2.820000e-06	3.993508e-06	2.064068e-09	2.826709e+01	1.401150e+02
2.830000e-06	4.024501e-06	2.071083e-09	2.848647e+01	1.407958e+02
2.840000e-06	4.055178e-06	2.081161e-09	2.870361e+01	1.414453e+02
2.850000e-06	4.085575e-06	2.094776e-09	2.891877e+01	1.420645e+02
2.860000e-06	4.115702e-06	2.108325e-09	2.913202e+01	1.426543e+02
2.870000e-06	4.145508e-06	2.119698e-09	2.934299e+01	1.432157e+02
2.880000e-06	4.175067e-06	2.128250e-09	2.955221e+01	1.437498e+02
2.890000e-06	4.204362e-06	2.133777e-09	2.975957e+01	1.442578e+02
2.900000e-06	4.233379e-06	2.135950e-09	2.996496e+01	1.447410e+02
2.910000e-06	4.262122e-06	2.137132e-09	3.016841e+01	1.452007e+02
2.920000e-06	4.290541e-06	2.142072e-09	3.036957e+01	1.456383e+02
2.930000e-06	4.318731e-06	2.151782e-09	3.056911e+01	1.460550e+02
2.940000e-06	4.346731e-06	2.163268e-09	3.076730e+01	1.464524e+02
2.950000e-06	4.374580e-06	2.174355e-09	3.096442e+01	1.468317e+02
2.960000e-06	4.402282e-06	2.184477e-09	3.116050e+01	1.471943e+02
2.970000e-06	4.429647e-06	2.190078e-09	3.135420e+01	1.475416e+02
2.980000e-06	4.456591e-06	2.191646e-09	3.154491e+01	1.478748e+02
2.990000e-06	4.483158e-06	2.192256e-09	3.173296e+01	1.481950e+02
3.000000e-06	4.509233e-06	2.194449e-09	3.191753e+01	1.485034e+02
3.010000e-06	4.534624e-06	2.200270e-09	3.209726e+01	1.488008e+02
3.020000e-06	4.559453e-06	2.207275e-09	3.227300e+01	1.490882e+02
3.030000e-06	4.583922e-06	2.215114e-09	3.244620e+01	1.493663e+02
3.040000e-06	4.608127e-06	2.223730e-09	3.261753e+01	1.496357e+02
3.050000e-06	4.632102e-06	2.228506e-09	3.278723e+01	1.498970e+02
3.060000e-06	4.655813e-06	2.228595e-09	3.295506e+01	1.501505e+02
3.070000e-06	4.679268e-06	2.229095e-09	3.312108e+01	1.503966e+02
3.080000e-06	4.702403e-06	2.234194e-09	3.328484e+01	1.506352e+02
3.090000e-06	4.725110e-06	2.242519e-09	3.344557e+01	1.508666e+02
3.100000e-06	4.747458e-06	2.250080e-09	3.360375e+01	1.510907e+02
3.110000e-06	4.769547e-06	2.254371e-09	3.376010e+01	1.513074e+02
3.120000e-06	4.791363e-06	2.258131e-09	3.391452e+01	1.515166e+02
3.130000e-06	4.812876e-06	2.262562e-09	3.406679e+01	1.517180e+02
3.140000e-06	4.834045e-06	2.263473e-09	3.421664e+01	1.519115e+02
3.150000e-06	4.854862e-06	2.261739e-09	3.436398e+01	1.520968e+02
3.160000e-06	4.875361e-06	2.261496e-09	3.450908e+01	1.522737e+02
3.170000e-06	4.895589e-06	2.264492e-09	3.465226e+01	1.524420e+02
3.180000e-06	4.915578e-06	2.269336e-09	3.479375e+01	1.526017e+02
3.190000e-06	4.935403e-06	2.274757e-09	3.493407e+01	1.527525e+02
3.200000e-06	4.955016e-06	2.281291e-09	3.507290e+01	1.528945e+02
3.210000e-06	4.974245e-06	2.289381e-09	3.520901e+01	1.530278e+02
3.220000e-06	4.992998e-06	2.294539e-09	3.534175e+01	1.531524e+02
3.230000e-06	5.011291e-06	2.293282e-09	3.547123e+01	1.532685e+02
3.240000e-06	5.029174e-06	2.288326e-09	3.559781e+01	1.533766e+02
3.250000e-06	5.046651e-06	2.285379e-09	3.572152e+01	1.534768e+02
3.260000e-06	5.063896e-06	2.286455e-09	3.584358e+01	1.535697e+02
3.270000e-06	5.081025e-06	2.289473e-09	3.596482e+01	1.536559e+02
3.280000e-06	5.097865e-06	2.292785e-09	3.608402e+01	1.537358e+02
3.290000e-06	5.114253e-06	2.295272e-09	3.620002e+01	1.538101e+02
3.300000e-06	5.130196e-06	2.297948e-09	3.631287e+01	1.538794e+02
3.310000e-06	5.145626e-06	2.299338e-09	3.642208e+01	1.539445e+02
3.320000e-06	5.160599e-06	2.296078e-09	3.652807e+01	1.540059e+02
3.330000e-06	5.175208e-06	2.291931e-09	3.663147e+01	1.540644e+02
3.340000e-06	5.189357e-06	2.292383e-09	3.673162e+01	1.541206e+02
3.350000e-06	5.203103e-06	2.297887e-09	3.682893e+01	1.541750e+02
3.360000e-06	5.216501e-06	2.304365e-09	3.692376e+01	1.542283e+02
3.370000e-06	5.229564e-06	2.308709e-09	3.701622e+01	1.542807e+02
3.380000e-06	5.242247e-06	2.312950e-09	3.710599e+01	1.543328e+02
3.390000e-06	5.254556e-06	2.317576e-09	3.719312e+01	1.543847e+02
3.400000e-06	5.266542e-06	2.319343e-09	3.727796e+01	1.544367e+02
3.410000e-06	5.278216e-06	2.315653e-09	3.736059e+01	1.544887e+02
3.420000e-06	5.289531e-06	2.312189e-09	3.744068e+01	1.545407e+02
3.430000e-06	5.300260e-06	2.314195e-09	3.751663e+01	1.545927e+02
3.440000e-06	5.310234e-06	2.318281e-09	3.758723e+01	1.546442e+02
3.450000e-06	5.319555e-06	2.322083e-09	3.765320e+01	1.546950e+02
3.460000e-06	5.328399e-06	2.325447e-09	3.771580e+01	1.547446e+02
3.470000e-06	5.336810e-06	2.328227e-09	3.777534e+01	1.547925e+02
3.480000e-06	5.344878e-06	2.330058e-09	3.783244e+01	1.548381e+02
3.490000e-06	5.352729e-06	2.328216e-09	3.788802e+01	1.548808e+02
3.500000e-06	5.360309e-06	2.323849e-09	3.794167e+01	1.549200e+02
3.510000e-06	5.367534e-06	2.323361e-09	3.799281e+01	1.549549e+02
3.520000e-06	5.374372e-06	2.327539e-09	3.804121e+01	1.549851e+02
3.530000e-06	5.380791e-06	2.332115e-09	3.808665e+01	1.550098e+02
3.540000e-06	5.386846e-06	2.336719e-09	3.812950e+01	1.550285e+02
3.550000e-06	5.392604e-06	2.340684e-09	3.817026e+01	1.550408e+02
3.560000e-06	5.397974e-06	2.342009e-09	3.820827e+01	1.550463e+02
3.570000e-06	5.402883e-06	2.339373e-09	3.824302e+01	1.550447e+02
3.580000e-06	5.407429e-06	2.334816e-09	3.827520e+01	1.550358e+02
3.590000e-06	5.411694e-06	2.332223e-09	3.830538e+01	1.550195e+02
3.600000e-06	5.415760e-06	2.332875e-09	3.833417e+01	1.549961e+02
3.610000e-06	5.419624e-06	2.334538e-09	3.836152e+01	1.549656e+02
3.620000e-06	5.423159e-06	2.335933e-09	3.838654e+01	1.549285e+02
3.630000e-06	5.426357e-06	2.337324e-09	3.840918e+01	1.548853e+02
3.640000e-06	5.429071e-06	2.339925e-09	3.842838e+01	1.548367e+02
3.650000e-06	5.431035e-06	2.344067e-09	3.844229e+01	1.547832e+02
3.660000e-06	5.432318e-06	2.346158e-09	3.845137e+01	1.547260e+02
3.670000e-06	5.433073e-06	2.347662e-09	3.845671e+01	1.546658e+02
3.680000e-06	5.433413e-06	2.349079e-09	3.845912e+01	1.546039e+02
3.690000e-06	5.433538e-06	2.347563e-09	3.846000e+01	1.545411e+02
3.700000e-06	5.433500e-06	2.344996e-09	3.845974e+01	1.544787e+02
3.710000e-06	5.433195e-06	2.340959e-09	3.845757e+01	1.544179e+02
3.720000e-06	5.432577e-06	2.336145e-09	3.845320e+01	1.543597e+02
3.730000e-06	5.431549e-06	2.336863e-09	3.844593e+01	1.543053e+02
3.740000e-06	5.430149e-06	2.340584e-09	3.843602e+01	1.542557e+02
3.750000e-06	5.428375e-06	2.338410e-09	3.842346e+01	1.542118e+02
3.760000e-06	5.426224e-06	2.322979e-09	3.840823e+01	1.541746e+02
3.770000e-06	5.423827e-06	2.344924e-09	3.839127e+01	1.541449e+02
3.780000e-06	5.421085e-06	2.423861e-09	3.837185e+01	1.541231e+02
3.790000e-06	5.417829e-06	2.353420e-09	3.834881e+01	1.541098e+02
3.800000e-06	5.414120e-06	2.168463e-09	3.832256e+01	1.541053e+02
3.810000e-06	5.410162e-06	2.241165e-09	3.829454e+01	1.541097e+02
3.820000e-06	5.405959e-06	2.435369e-09	3.826479e+01	1.541229e+02
3.830000e-06	5.401511e-06	2.397700e-09	3.823331e+01	1.541448e+02
3.840000e-06	5.396739e-06	2.185177e-09	3.819953e+01	1.541750e+02
3.850000e-06	5.391403e-06	2.237858e-09	3.816176e+01	1.542129e+02
3.860000e-06	5.385365e-06	2.533510e-09	3.811902e+01	1.542578e+02
3.870000e-06	5.378804e-06	2.429358e-09	3.807258e+01	1.543089e+02
3.880000e-06	5.371884e-06	2.105596e-09	3.802360e+01	1.543651e+02
3.890000e-06	5.364511e-06	2.197155e-09	3.797141e+01	1.544255e+02
3.900000e-06	5.356701e-06	2.517189e-09	3.791613e+01	1.544887e+02
3.910000e-06	5.348625e-06	2.374683e-09	3.785897e+01	1.545535e+02
3.920000e-06	5.340306e-06	2.091862e-09	3.780009e+01	1.546186e+02
3.930000e-06	5.331614e-06	2.327345e-09	3.773856e+01	1.546828e+02
3.940000e-06	5.322526e-06	2.578048e-09	3.767423e+01	1.547446e+02
3.950000e-06	5.313177e-06	2.295694e-09	3.760805e+01	1.548028e+02
3.960000e-06	5.303478e-06	2.088628e-09	3.753940e+01	1.548561e+02
3.970000e-06	5.293325e-06	2.416530e-09	3.746754e+01	1.549033e+02
3.980000e-06	5.282824e-06	2.525388e-09	3.739321e+01	1.549434e+02
3.990000e-06	5.271975e-06	2.203085e-09	3.731642e+01	1.549752e+02
4.000000e-06	5.260641e-06	2.215335e-09	3.723619e+01	1.549979e+02
4.010000e-06	5.248814e-06	2.549934e-09	3.715248e+01	1.550108e+02
4.020000e-06	5.236611e-06	2.440101e-09	3.706610e+01	1.550133e+02
4.030000e-06	5.224056e-06	2.156546e-09	3.697723e+01	1.550048e+02
4.040000e-06	5.211024e-06	2.340910e-09	3.688499e+01	1.549851e+02
4.050000e-06	5.197459e-06	2.530841e-09	3.678897e+01	1.549540e+02
4.060000e-06	5.183425e-06	2.305364e-09	3.668964e+01	1.549115e+02
4.070000e-06	5.168807e-06	2.236604e-09	3.658617e+01	1.548577e+02
4.080000e-06	5.153528e-06	2.443875e-09	3.647802e+01	1.547928e+02
4.090000e-06	5.137829e-06	2.406676e-09	3.636689e+01	1.547172e+02
4.100000e-06	5.121946e-06	2.272308e-09	3.625447e+01	1.546314e+02
4.110000e-06	5.105823e-06	2.370892e-09	3.614035e+01	1.545360e+02
4.120000e-06	5.089425e-06	2.388646e-09	3.602428e+01	1.544316e+02
4.130000e-06	5.072716e-06	2.270978e-09	3.590601e+01	1.543189e+02
4.140000e-06	5.055587e-06	2.339515e-09	3.578477e+01	1.541987e+02
4.150000e-06	5.038023e-06	2.415255e-09	3.566045e+01	1.540718e+02
4.160000e-06	5.020114e-06	2.303993e-09	3.553368e+01	1.539390e+02
4.170000e-06	5.001891e-06	2.282501e-09	3.540469e+01	1.538009e+02
4.180000e-06	4.983354e-06	2.383775e-09	3.527348e+01	1.536585e+02
4.190000e-06	4.964463e-06	2.355324e-09	3.513977e+01	1.535123e+02
4.200000e-06	4.945187e-06	2.298572e-09	3.500333e+01	1.533631e+02
4.210000e-06	4.925608e-06	2.318863e-09	3.486474e+01	1.532115e+02
4.220000e-06	4.905844e-06	2.326720e-09	3.472484e+01	1.530579e+02
4.230000e-06	4.885914e-06	2.328913e-09	3.458377e+01	1.529029e+02
4.240000e-06	4.865702e-06	2.337512e-09	3.444071e+01	1.527469e+02
4.250000e-06	4.845225e-06	2.299517e-09	3.429577e+01	1.525900e+02
4.260000e-06	4.824389e-06	2.310017e-09	3.414829e+01	1.524325e+02
4.270000e-06	4.803021e-06	2.357707e-09	3.399704e+01	1.522746e+02
4.280000e-06	4.781080e-06	2.330620e-09	3.384173e+01	1.521162e+02
4.290000e-06	4.758562e-06	2.301266e-09	3.368234e+01	1.519573e+02
4.300000e-06	4.735507e-06	2.331809e-09	3.351915e+01	1.517979e+02
4.310000e-06	4.712033e-06	2.329333e-09	3.335300e+01	1.516378e+02
4.320000e-06	4.688291e-06	2.317987e-09	3.318495e+01	1.514768e+02
4.330000e-06	4.664335e-06	2.327244e-09	3.301538e+01	1.513147e+02
4.340000e-06	4.640168e-06	2.305735e-09	3.284432e+01	1.511511e+02
4.350000e-06	4.615710e-06	2.306198e-09	3.267121e+01	1.509859e+02
4.360000e-06	4.590934e-06	2.344618e-09	3.249583e+01	1.508187e+02
4.370000e-06	4.565810e-06	2.320339e-09	3.231800e+01	1.506493e+02
4.380000e-06	4.540344e-06	2.279232e-09	3.213774e+01	1.504774e+02
4.390000e-06	4.514596e-06	2.305510e-09	3.195549e+01	1.503028e+02
4.400000e-06	4.488537e-06	2.326947e-09	3.177104e+01	1.501251e+02
4.410000e-06	4.462153e-06	2.305657e-09	3.158429e+01	1.499444e+02
4.420000e-06	4.435467e-06	2.294970e-09	3.139540e+01	1.497603e+02
4.430000e-06	4.408452e-06	2.304364e-09	3.120417e+01	1.495728e+02
4.440000e-06	4.381158e-06	2.316391e-09	3.101098e+01	1.493819e+02
4.450000e-06	4.353583e-06	2.316586e-09	3.081580e+01	1.491874e+02
4.460000e-06	4.325773e-06	2.293920e-09	3.061895e+01	1.489894e+02
4.470000e-06	4.297823e-06	2.285622e-09	3.042112e+01	1.487879e+02
4.480000e-06	4.269698e-06	2.302462e-09	3.022204e+01	1.485831e+02
4.490000e-06	4.241374e-06	2.304303e-09	3.002156e+01	1.483750e+02
4.500000e-06	4.212728e-06	2.290528e-09	2.981879e+01	1.481637e+02
4.510000e-06	4.183677e-06	2.291282e-09	2.961316e+01	1.479494e+02
4.520000e-06	4.154198e-06	2.296039e-09	2.940450e+01	1.477322e+02
4.530000e-06	4.124214e-06	2.295424e-09	2.919226e+01	1.475123e+02
4.540000e-06	4.093669e-06	2.286317e-09	2.897606e+01	1.472899e+02
4.550000e-06	4.062605e-06	2.273827e-09	2.875618e+01	1.470650e+02
4.560000e-06	4.031164e-06	2.271067e-09	2.853364e+01	1.468378e+02
4.570000e-06	3.999530e-06	2.278763e-09	2.830972e+01	1.466085e+02
4.580000e-06	3.967723e-06	2.275605e-09	2.808458e+01	1.463771e+02
4.590000e-06	3.935761e-06	2.263213e-09	2.785834e+01	1.461436e+02
4.600000e-06	3.903645e-06	2.259278e-09	2.763102e+01	1.459082e+02
4.610000e-06	3.871274e-06	2.268320e-09	2.740189e+01	1.456708e+02
4.620000e-06	3.838611e-06	2.271238e-09	2.717070e+01	1.454314e+02
4.630000e-06	3.805718e-06	2.259916e-09	2.693786e+01	1.451901e+02
4.640000e-06	3.772484e-06	2.252089e-09	2.670263e+01	1.449467e+02
4.650000e-06	3.738996e-06	2.260438e-09	2.646559e+01	1.447012e+02
4.660000e-06	3.705326e-06	2.265595e-09	2.622727e+01	1.444535e+02
4.670000e-06	3.671395e-06	2.255411e-09	2.598710e+01	1.442034e+02
4.680000e-06	3.637301e-06	2.245283e-09	2.574577e+01	1.439510e+02
4.690000e-06	3.602969e-06	2.248400e-09	2.550276e+01	1.436960e+02
4.700000e-06	3.568395e-06	2.252698e-09	2.525803e+01	1.434384e+02
4.710000e-06	3.533499e-06	2.246466e-09	2.501103e+01	1.431780e+02
4.720000e-06	3.498247e-06	2.239810e-09	2.476150e+01	1.429149e+02
4.730000e-06	3.462790e-06	2.241026e-09	2.451053e+01	1.426488e+02
4.740000e-06	3.427205e-06	2.241168e-09	2.425865e+01	1.423798e+02
4.750000e-06	3.391495e-06	2.230869e-09	2.400589e+01	1.421077e+02
4.760000e-06	3.355608e-06	2.218627e-09	2.375187e+01	1.418326e+02
4.770000e-06	3.319562e-06	2.215583e-09	2.349673e+01	1.415544e+02
4.780000e-06	3.283334e-06	2.223515e-09	2.324030e+01	1.412732e+02
4.790000e-06	3.246942e-06	2.232278e-09	2.298271e+01	1.409889e+02
4.800000e-06	3.210379e-06	2.234479e-09	2.272390e+01	1.407017e+02
4.810000e-06	3.173577e-06	2.230013e-09	2.246341e+01	1.404115e+02
4.820000e-06	3.136465e-06	2.222695e-09	2.220072e+01	1.401183e+02
4.830000e-06	3.098768e-06	2.210126e-09	2.193389e+01	1.398223e+02
4.840000e-06	3.060565e-06	2.195387e-09	2.166348e+01	1.395234e+02
4.850000e-06	3.022030e-06	2.188020e-09	2.139072e+01	1.392216e+02
4.860000e-06	2.983115e-06	2.193065e-09	2.111527e+01	1.389170e+02
4.870000e-06	2.943901e-06	2.202951e-09	2.083770e+01	1.386095e+02
4.880000e-06	2.904482e-06	2.208740e-09	2.055869e+01	1.382990e+02
4.890000e-06	2.864902e-06	2.205866e-09	2.027853e+01	1.379855e+02
4.900000e-06	2.825207e-06	2.197842e-09	1.999755e+01	1.376687e+02
4.910000e-06	2.785413e-06	2.187650e-09	1.971588e+01	1.373485e+02
4.920000e-06	2.745477e-06	2.176769e-09	1.943321e+01	1.370247e+02
4.930000e-06	2.705399e-06	2.167908e-09	1.914952e+01	1.366969e+02
4.940000e-06	2.665224e-06	2.165223e-09	1.886515e+01	1.363649e+02
4.950000e-06	2.624895e-06	2.167620e-09	1.857970e+01	1.360282e+02
4.960000e-06	2.584338e-06	2.171436e-09	1.829262e+01	1.356864e+02
4.970000e-06	2.543625e-06	2.172012e-09	1.800444e+01	1.353391e+02
4.980000e-06	2.502784e-06	2.168771e-09	1.771536e+01	1.349857e+02
4.990000e-06	2.461746e-06	2.162393e-09	1.742488e+01	1.346257e+02
5.000000e-06	2.420467e-06	2.153713e-09	1.713270e+01	1.342586e+02
5.010000e-06	2.379022e-06	2.143739e-09	1.683934e+01	1.338838e+02
5.020000e-06	2.337442e-06	2.135497e-09	1.654503e+01	1.335007e+02
5.030000e-06	2.295720e-06	2.131188e-09	1.624970e+01	1.331088e+02
5.040000e-06	2.253881e-06	2.128291e-09	1.595356e+01	1.327075e+02
5.050000e-06	2.211818e-06	2.126077e-09	1.565582e+01	1.322962e+02
5.060000e-06	2.169541e-06	2.123888e-09	1.535658e+01	1.318746e+02
5.070000e-06	2.127188e-06	2.121193e-09	1.505679e+01	1.314421e+02
5.080000e-06	2.084724e-06	2.115181e-09	1.475622e+01	1.309983e+02
5.090000e-06	2.042072e-06	2.106698e-09	1.445432e+01	1.305429e+02
5.100000e-06	1.999271e-06	2.098172e-09	1.415136e+01	1.300755e+02
5.110000e-06	1.956363e-06	2.090995e-09	1.384765e+01	1.295959e+02
5.120000e-06	1.913330e-06	2.081963e-09	1.354305e+01	1.291040e+02
5.130000e-06	1.870122e-06	2.073642e-09	1.323721e+01	1.285996e+02
5.140000e-06	1.826806e-06	2.067172e-09	1.293061e+01	1.280826e+02
5.150000e-06	1.783409e-06	2.062126e-09	1.262343e+01	1.275529e+02
5.160000e-06	1.739852e-06	2.054456e-09	1.231512e+01	1.270107e+02
5.170000e-06	1.696190e-06	2.043108e-09	1.200607e+01	1.264560e+02
5.180000e-06	1.652447e-06	2.030728e-09	1.169645e+01	1.258888e+02
5.190000e-06	1.608682e-06	2.020674e-09	1.138667e+01	1.253093e+02
5.200000e-06	1.564864e-06	2.015563e-09	1.107651e+01	1.247176e+02
5.210000e-06	1.520927e-06	2.009942e-09	1.076552e+01	1.241136e+02
5.220000e-06	1.476908e-06	2.002144e-09	1.045394e+01	1.234976e+02
5.230000e-06	1.432847e-06	1.992669e-09	1.014207e+01	1.228695e+02
5.240000e-06	1.388726e-06	1.980929e-09	9.829765e+00	1.222293e+02
5.250000e-06	1.344560e-06	1.967007e-09	9.517144e+00	1.215769e+02
5.260000e-06	1.300407e-06	1.953611e-09	9.204624e+00	1.209121e+02
5.270000e-06	1.256216e-06	1.942830e-09	8.891824e+00	1.202347e+02
5.280000e-06	1.211933e-06	1.934733e-09	8.578379e+00	1.195443e+02
5.290000e-06	1.167564e-06	1.928809e-09	8.264325e+00	1.188404e+02
5.300000e-06	1.123142e-06	1.922204e-09	7.949892e+00	1.181224e+02
5.310000e-06	1.078605e-06	1.912001e-09	7.634647e+00	1.173896e+02
5.320000e-06	1.033935e-06	1.894112e-09	7.318462e+00	1.166413e+02
5.330000e-06	9.891890e-07	1.873098e-09	7.001739e+00	1.158763e+02
5.340000e-06	9.443855e-07	1.854849e-09	6.684608e+00	1.150937e+02
5.350000e-06	8.995477e-07	1.838191e-09	6.367234e+00	1.142923e+02
5.360000e-06	8.546178e-07	1.825792e-09	6.049208e+00	1.134707e+02
5.370000e-06	8.095847e-07	1.820904e-09	5.730452e+00	1.126276e+02
5.380000e-06	7.644866e-07	1.819640e-09	5.411236e+00	1.117615e+02
5.390000e-06	7.194009e-07	1.815046e-09	5.092107e+00	1.108707e+02
5.400000e-06	6.742674e-07	1.801412e-09	4.772641e+00	1.099537e+02
5.410000e-06	6.289440e-07	1.777754e-09	4.451830e+00	1.090087e+02
5.420000e-06	5.834896e-07	1.751520e-09	4.130092e+00	1.080342e+02
5.430000e-06	5.380432e-07	1.728305e-09	3.808410e+00	1.070283e+02
5.440000e-06	4.926316e-07	1.708645e-09	3.486975e+00	1.059893e+02
5.450000e-06	4.471607e-07	1.693854e-09	3.165120e+00	1.049154e+02
5.460000e-06	4.015790e-07	1.684403e-09	2.842481e+00	1.038051e+02
5.470000e-06	3.559891e-07	1.674812e-09	2.519784e+00	1.026567e+02
5.480000e-06	3.104149e-07	1.658384e-09	2.197198e+00	1.014685e+02
5.490000e-06	2.648114e-07	1.632973e-09	1.874404e+00	1.002391e+02
5.500000e-06	2.191848e-07	1.602551e-09	1.551447e+00	9.896689e+01
5.510000e-06	1.735786e-07	1.574337e-09	1.228635e+00	9.765063e+01
5.520000e-06	1.279882e-07	1.550898e-09	9.059339e-01	9.628896e+01
5.530000e-06	8.232833e-08	1.530010e-09	5.827414e-01	9.488067e+01
5.540000e-06	3.670070e-08	1.512320e-09	2.597772e-01	9.342461e+01
5.550000e-06	-8.803151e-09	1.495839e-09	-6.231101e-02	9.191973e+01
5.560000e-06	-5.434349e-08	1.475815e-09	-3.846574e-01	9.036503e+01
5.570000e-06	-9.994664e-08	1.450261e-09	-7.074485e-01	8.875960e+01
5.580000e-06	-1.455553e-07	1.418323e-09	-1.030278e+00	8.710257e+01
5.590000e-06	-1.911573e-07	1.384859e-09	-1.353061e+00	8.539312e+01
5.600000e-06	-2.367499e-07	1.353635e-09	-1.675777e+00	8.363048e+01
5.610000e-06	-2.823194e-07	1.323803e-09	-1.998331e+00	8.181391e+01
5.620000e-06	-3.278442e-07	1.294881e-09	-2.320567e+00	7.994266e+01
5.630000e-06	-3.732849e-07	1.265803e-09	-2.642208e+00	7.801603e+01
5.640000e-06	-4.186808e-07	1.235173e-09	-2.963532e+00	7.603331e+01
5.650000e-06	-4.641181e-07	1.200440e-09	-3.285149e+00	7.399378e+01
5.660000e-06	-5.094912e-07	1.160416e-09	-3.606312e+00	7.189671e+01
5.670000e-06	-5.548366e-07	1.117631e-09	-3.927278e+00	6.974137e+01
5.680000e-06	-6.002012e-07	1.077555e-09	-4.248381e+00	6.752702e+01
5.690000e-06	-6.454497e-07	1.041891e-09	-4.568662e+00	6.525291e+01
5.700000e-06	-6.905788e-07	1.009713e-09	-4.888097e+00	6.291830e+01
5.710000e-06	-7.356649e-07	9.776993e-10	-5.207228e+00	6.052245e+01
5.720000e-06	-7.806452e-07	9.402878e-10	-5.525611e+00	5.806467e+01
5.730000e-06	-8.255932e-07	8.978479e-10	-5.843765e+00	5.554429e+01
5.740000e-06	-8.705336e-07	8.540805e-10	-6.161864e+00	5.296071e+01
5.750000e-06	-9.153175e-07	8.106356e-10	-6.478857e+00	5.031341e+01
5.760000e-06	-9.599834e-07	7.684029e-10	-6.795014e+00	4.760200e+01
5.770000e-06	-1.004689e-06	7.257756e-10	-7.111452e+00	4.482621e+01
5.780000e-06	-1.049378e-06	6.814471e-10	-7.427773e+00	4.198594e+01
5.790000e-06	-1.093920e-06	6.379088e-10	-7.743055e+00	3.908128e+01
5.800000e-06	-1.138359e-06	5.937351e-10	-8.057600e+00	3.611256e+01
5.810000e-06	-1.182679e-06	5.454369e-10	-8.371313e+00	3.308036e+01
5.820000e-06	-1.226882e-06	4.943398e-10	-8.684192e+00	2.998555e+01
5.830000e-06	-1.271068e-06	4.418742e-10	-8.996954e+00	2.682929e+01
5.840000e-06	-1.315243e-06	3.893705e-10	-9.309634e+00	2.361311e+01
5.850000e-06	-1.359390e-06	3.393746e-10	-9.622118e+00	2.033887e+01
5.860000e-06	-1.403532e-06	2.908467e-10	-9.934567e+00	1.700882e+01
5.870000e-06	-1.447653e-06	2.401700e-10	-1.024687e+01	1.362559e+01
5.880000e-06	-1.491680e-06	1.867010e-10	-1.055850e+01	1.019223e+01
5.890000e-06	-1.535578e-06	1.314391e-10	-1.086922e+01	6.712176e+00
5.900000e-06	-1.579413e-06	7.304481e-11	-1.117950e+01	3.189261e+00
5.910000e-06	-1.623247e-06	1.203233e-11	-1.148977e+01	-3.722815e-01
5.920000e-06	-1.667013e-06	-4.933541e-11	-1.179956e+01	-3.967840e+00
5.930000e-06	-1.710588e-06	-1.066632e-10	-1.210799e+01	-7.592446e+00
5.940000e-06	-1.754016e-06	-1.592092e-10	-1.241539e+01	-1.124080e+01
5.950000e-06	-1.797411e-06	-2.130748e-10	-1.272255e+01	-1.490729e+01
5.960000e-06	-1.840768e-06	-2.709462e-10	-1.302944e+01	-1.858607e+01
5.970000e-06	-1.884011e-06	-3.315260e-10	-1.333552e+01	-2.227103e+01
5.980000e-06	-1.927075e-06	-3.914284e-10	-1.364034e+01	-2.595592e+01
5.990000e-06	-1.969979e-06	-4.491829e-10	-1.394403e+01	-2.963435e+01
6.000000e-06	-2.012782e-06	-5.054437e-10	-1.424700e+01	-3.329986e+01
6.010000e-06	-2.055429e-06	-5.612691e-10	-1.454886e+01	-3.694597e+01
6.020000e-06	-2.097903e-06	-6.163818e-10	-1.484951e+01	-4.056625e+01
6.030000e-06	-2.140196e-06	-6.728295e-10	-1.514887e+01	-4.415436e+01
6.040000e-06	-2.182309e-06	-7.319266e-10	-1.544696e+01	-4.770412e+01
6.050000e-06	-2.224311e-06	-7.907655e-10	-1.574425e+01	-5.120956e+01
6.060000e-06	-2.266185e-06	-8.459902e-10	-1.604065e+01	-5.466496e+01
6.070000e-06	-2.307951e-06	-8.979031e-10	-1.633628e+01	-5.806494e+01
6.080000e-06	-2.349560e-06	-9.513259e-10	-1.663080e+01	-6.140445e+01
6.090000e-06	-2.391024e-06	-1.005505e-09	-1.692429e+01	-6.467886e+01
6.100000e-06	-2.432318e-06	-1.056268e-09	-1.721658e+01	-6.788397e+01
6.110000e-06	-2.473433e-06	-1.103642e-09	-1.750760e+01	-7.101604e+01
6.120000e-06	-2.514394e-06	-1.151399e-09	-1.779754e+01	-7.407183e+01
6.130000e-06	-2.555073e-06	-1.201553e-09	-1.808547e+01	-7.704859e+01
6.140000e-06	-2.595570e-06	-1.252347e-09	-1.837212e+01	-7.994411e+01
6.150000e-06	-2.635897e-06	-1.298721e-09	-1.865757e+01	-8.275667e+01
6.160000e-06	-2.676043e-06	-1.339577e-09	-1.894173e+01	-8.548508e+01
6.170000e-06	-2.716135e-06	-1.379405e-09	-1.922551e+01	-8.812865e+01
6.180000e-06	-2.756075e-06	-1.420448e-09	-1.950822e+01	-9.068716e+01
6.190000e-06	-2.795863e-06	-1.460013e-09	-1.978985e+01	-9.316087e+01
6.200000e-06	-2.835588e-06	-1.496854e-09	-2.007103e+01	-9.555046e+01
6.210000e-06	-2.875237e-06	-1.535383e-09	-2.035168e+01	-9.785700e+01
6.220000e-06	-2.914699e-06	-1.577580e-09	-2.063100e+01	-1.000819e+02
6.230000e-06	-2.953927e-06	-1.617705e-09	-2.090867e+01	-1.022270e+02
6.240000e-06	-2.992853e-06	-1.649364e-09	-2.118420e+01	-1.042942e+02
6.250000e-06	-3.031344e-06	-1.675234e-09	-2.145664e+01	-1.062859e+02
6.260000e-06	-3.069515e-06	-1.704164e-09	-2.172683e+01	-1.082044e+02
6.270000e-06	-3.107324e-06	-1.734643e-09	-2.199445e+01	-1.100523e+02
6.280000e-06	-3.144741e-06	-1.761432e-09	-2.225930e+01	-1.118323e+02
6.290000e-06	-3.181871e-06	-1.787037e-09	-2.252212e+01	-1.135470e+02
6.300000e-06	-3.218668e-06	-1.816028e-09	-2.278258e+01	-1.151991e+02
6.310000e-06	-3.255164e-06	-1.846842e-09	-2.304090e+01	-1.167914e+02
6.320000e-06	-3.291425e-06	-1.873556e-09	-2.329756e+01	-1.183264e+02
6.330000e-06	-3.327458e-06	-1.895442e-09	-2.355262e+01	-1.198065e+02
6.340000e-06	-3.363351e-06	-1.915202e-09	-2.380668e+01	-1.212342e+02
6.350000e-06	-3.399118e-06	-1.937354e-09	-2.405985e+01	-1.226116e+02
6.360000e-06	-3.434755e-06	-1.959457e-09	-2.431210e+01	-1.239409e+02
6.370000e-06	-3.470244e-06	-1.976955e-09	-2.456330e+01	-1.252239e+02
6.380000e-06	-3.505449e-06	-1.993535e-09	-2.481248e+01	-1.264623e+02
6.390000e-06	-3.540388e-06	-2.012433e-09	-2.505979e+01	-1.276577e+02
6.400000e-06	-3.575117e-06	-2.033359e-09	-2.530561e+01	-1.288114e+02
6.410000e-06	-3.609576e-06	-2.053650e-09	-2.554952e+01	-1.299246e+02
6.420000e-06	-3.643771e-06	-2.070295e-09	-2.579157e+01	-1.309985e+02
6.430000e-06	-3.677646e-06	-2.086419e-09	-2.603134e+01	-1.320338e+02
6.440000e-06	-3.711241e-06	-2.101687e-09	-2.626913e+01	-1.330315e+02
6.450000e-06	-3.744700e-06	-2.113357e-09	-2.650597e+01	-1.339921e+02
6.460000e-06	-3.777949e-06	-2.122896e-09	-2.674131e+01	-1.349165e+02
6.470000e-06	-3.810919e-06	-2.133913e-09	-2.697468e+01	-1.358051e+02
6.480000e-06	-3.843589e-06	-2.147443e-09	-2.720593e+01	-1.366585e+02
6.490000e-06	-3.875853e-06	-2.161811e-09	-2.743430e+01	-1.374773e+02
6.500000e-06	-3.907784e-06	-2.175996e-09	-2.766032e+01	-1.382620e+02
6.510000e-06	-3.939658e-06	-2.190538e-09	-2.788593e+01	-1.390132e+02
6.520000e-06	-3.971400e-06	-2.204573e-09	-2.811061e+01	-1.397315e+02
6.530000e-06	-4.002894e-06	-2.216141e-09	-2.833353e+01	-1.404177e+02
6.540000e-06	-4.034177e-06	-2.225181e-09	-2.855496e+01	-1.410725e+02
6.550000e-06	-4.065166e-06	-2.232472e-09	-2.877431e+01	-1.416968e+02
6.560000e-06	-4.095695e-06	-2.240945e-09	-2.899040e+01	-1.422915e+02
6.570000e-06	-4.125664e-06	-2.250835e-09	-2.920253e+01	-1.428577e+02
6.580000e-06	-4.155208e-06	-2.259483e-09	-2.941165e+01	-1.433963e+02
6.590000e-06	-4.184353e-06	-2.265730e-09	-2.961795e+01	-1.439088e+02
6.600000e-06	-4.213097e-06	-2.274543e-09	-2.982141e+01	-1.443961e+02
6.610000e-06	-4.241524e-06	-2.286262e-09	-3.002262e+01	-1.448598e+02
6.620000e-06	-4.269660e-06	-2.295668e-09	-3.022177e+01	-1.453010e+02
6.630000e-06	-4.297600e-06	-2.302406e-09	-3.041954e+01	-1.457212e+02
6.640000e-06	-4.325397e-06	-2.309564e-09	-3.061629e+01	-1.461218e+02
6.650000e-06	-4.352958e-06	-2.316159e-09	-3.081138e+01	-1.465042e+02
6.660000e-06	-4.380275e-06	-2.319511e-09	-3.100473e+01	-1.468696e+02
6.670000e-06	-4.407314e-06	-2.320859e-09	-3.119612e+01	-1.472195e+02
6.680000e-06	-4.433951e-06	-2.322741e-09	-3.138467e+01	-1.475551e+02
6.690000e-06	-4.460278e-06	-2.328489e-09	-3.157101e+01	-1.478775e+02
6.700000e-06	-4.486331e-06	-2.337520e-09	-3.175542e+01	-1.481878e+02
6.710000e-06	-4.512050e-06	-2.346533e-09	-3.193747e+01	-1.484871e+02
6.720000e-06	-4.537431e-06	-2.355125e-09	-3.211712e+01	-1.487762e+02
6.730000e-06	-4.562429e-06	-2.361461e-09	-3.229406e+01	-1.490560e+02
6.740000e-06	-4.587134e-06	-2.362747e-09	-3.246894e+01	-1.493269e+02
6.750000e-06	-4.611556e-06	-2.360210e-09	-3.264180e+01	-1.495897e+02
6.760000e-06	-4.635695e-06	-2.358355e-09	-3.281266e+01	-1.498446e+02
6.770000e-06	-4.659661e-06	-2.360099e-09	-3.298230e+01	-1.500919e+02
6.780000e-06	-4.683416e-06	-2.364384e-09	-3.315045e+01	-1.503319e+02
6.790000e-06	-4.706878e-06	-2.370032e-09	-3.331651e+01	-1.505647e+02
6.800000e-06	-4.729964e-06	-2.377719e-09	-3.347992e+01	-1.507901e+02
6.810000e-06	-4.752577e-06	-2.386077e-09	-3.363998e+01	-1.510081e+02
6.820000e-06	-4.774719e-06	-2.391639e-09	-3.379671e+01	-1.512187e+02
6.830000e-06	-4.796386e-06	-2.392110e-09	-3.395007e+01	-1.514215e+02
6.840000e-06	-4.817473e-06	-2.388406e-09	-3.409933e+01	-1.516164e+02
6.850000e-06	-4.838086e-06	-2.384161e-09	-3.424524e+01	-1.518032e+02
6.860000e-06	-4.858407e-06	-2.383361e-09	-3.438908e+01	-1.519816e+02
6.870000e-06	-4.878504e-06	-2.386305e-09	-3.453133e+01	-1.521515e+02
6.880000e-06	-4.898374e-06	-2.390617e-09	-3.467198e+01	-1.523127e+02
6.890000e-06	-4.918003e-06	-2.395846e-09	-3.481091e+01	-1.524652e+02
6.900000e-06	-4.937351e-06	-2.400353e-09	-3.494786e+01	-1.526088e+02
6.910000e-06	-4.956367e-06	-2.400779e-09	-3.508247e+01	-1.527436e+02
6.920000e-06	-4.975037e-06	-2.398744e-09	-3.521461e+01	-1.528697e+02
6.930000e-06	-4.993290e-06	-2.397449e-09	-3.534381e+01	-1.529874e+02
6.940000e-06	-5.011171e-06	-2.395979e-09	-3.547038e+01	-1.530969e+02
6.950000e-06	-5.028770e-06	-2.395962e-09	-3.559495e+01	-1.531985e+02
6.960000e-06	-5.046125e-06	-2.400413e-09	-3.571779e+01	-1.532927e+02
6.970000e-06	-5.063158e-06	-2.406071e-09	-3.583836e+01	-1.533801e+02
6.980000e-06	-5.079766e-06	-2.409481e-09	-3.595591e+01	-1.534611e+02
6.990000e-06	-5.096010e-06	-2.412761e-09	-3.607089e+01	-1.535364e+02
7.000000e-06	-5.112023e-06	-2.416471e-09	-3.618424e+01	-1.536066e+02
7.010000e-06	-5.127809e-06	-2.417344e-09	-3.629597e+01	-1.536724e+02
7.020000e-06	-5.143299e-06	-2.415102e-09	-3.640561e+01	-1.537345e+02
7.030000e-06	-5.158395e-06	-2.412911e-09	-3.651247e+01	-1.537936e+02
7.040000e-06	-5.172877e-06	-2.412555e-09	-3.661497e+01	-1.538502e+02
7.050000e-06	-5.186778e-06	-2.414729e-09	-3.671337e+01	-1.539050e+02
7.060000e-06	-5.200184e-06	-2.416639e-09	-3.680826e+01	-1.539585e+02
7.070000e-06	-5.212986e-06	-2.415034e-09	-3.689888e+01	-1.540112e+02
7.080000e-06	-5.225303e-06	-2.414574e-09	-3.698606e+01	-1.540634e+02
7.090000e-06	-5.237363e-06	-2.417642e-09	-3.707142e+01	-1.541155e+02
7.100000e-06	-5.249115e-06	-2.420237e-09	-3.715461e+01	-1.541675e+02
7.110000e-06	-5.260449e-06	-2.418940e-09	-3.723484e+01	-1.542197e+02
7.120000e-06	-5.271278e-06	-2.415986e-09	-3.731149e+01	-1.542718e+02
7.130000e-06	-5.281709e-06	-2.414801e-09	-3.738532e+01	-1.543239e+02
7.140000e-06	-5.291891e-06	-2.415455e-09	-3.745739e+01	-1.543756e+02
7.150000e-06	-5.301704e-06	-2.416027e-09	-3.752684e+01	-1.544267e+02
7.160000e-06	-5.311133e-06	-2.415617e-09	-3.759359e+01	-1.544766e+02
7.170000e-06	-5.320240e-06	-2.417602e-09	-3.765805e+01	-1.545250e+02
7.180000e-06	-5.328984e-06	-2.422388e-09	-3.771994e+01	-1.545711e+02
7.190000e-06	-5.337341e-06	-2.423598e-09	-3.777909e+01	-1.546144e+02
7.200000e-06	-5.345407e-06	-2.419976e-09	-3.783619e+01	-1.546544e+02
7.210000e-06	-5.353298e-06	-2.417693e-09	-3.789204e+01	-1.546902e+02
7.220000e-06	-5.360936e-06	-2.418624e-09	-3.794611e+01	-1.547213e+02
7.230000e-06	-5.368177e-06	-2.418216e-09	-3.799736e+01	-1.547471e+02
7.240000e-06	-5.374979e-06	-2.414194e-09	-3.804550e+01	-1.547669e+02
7.250000e-06	-5.381201e-06	-2.410359e-09	-3.808955e+01	-1.547805e+02
7.260000e-06	-5.386654e-06	-2.410405e-09	-3.812814e+01	-1.547872e+02
7.270000e-06	-5.391539e-06	-2.412792e-09	-3.816272e+01	-1.547869e+02
7.280000e-06	-5.396069e-06	-2.412801e-09	-3.819479e+01	-1.547793e+02
7.290000e-06	-5.400205e-06	-2.410226e-09	-3.822406e+01	-1.547644e+02
7.300000e-06	-5.404085e-06	-2.408930e-09	-3.825153e+01	-1.547422e+02
7.310000e-06	-5.407804e-06	-2.408427e-09	-3.827785e+01	-1.547130e+02
7.320000e-06	-5.411236e-06	-2.405339e-09	-3.830214e+01	-1.546771e+02
7.330000e-06	-5.414301e-06	-2.400350e-09	-3.832384e+01	-1.546350e+02
7.340000e-06	-5.416999e-06	-2.398548e-09	-3.834294e+01	-1.545873e+02
7.350000e-06	-5.419305e-06	-2.401010e-09	-3.835926e+01	-1.545348e+02
7.360000e-06	-5.421257e-06	-2.403464e-09	-3.837307e+01	-1.544782e+02
7.370000e-06	-5.422921e-06	-2.403814e-09	-3.838485e+01	-1.544186e+02
7.380000e-06	-5.424191e-06	-2.403309e-09	-3.839384e+01	-1.543569e+02
7.390000e-06	-5.424956e-06	-2.404835e-09	-3.839926e+01	-1.542943e+02
7.400000e-06	-5.425389e-06	-2.404557e-09	-3.840232e+01	-1.542319e+02
