# Temperatura_=_-1.6
# Concentracion g/m^3_=_4090.0
# C_Vs_to_Am_M_A/Vsm_=_65563218390.804596
# pendiente_HvsI_1/m_=_3716.3
# ordenada_HvsI_A/m_=_1297.0
# frecuencia_Hz_=_135069.50543284163

Tiempo_(s)	Campo_(V.s)	Magnetizacion_(V.s)	Campo_(kA/m)	Magnetizacion_(A/m)
0.000000e+00	-5.429675e-06	-2.326079e-09	-3.839025e+01	-1.520232e+02
1.000000e-08	-5.429633e-06	-2.330714e-09	-3.838995e+01	-1.519323e+02
2.000000e-08	-5.429372e-06	-2.334021e-09	-3.838810e+01	-1.518447e+02
3.000000e-08	-5.428736e-06	-2.334683e-09	-3.838361e+01	-1.517620e+02
4.000000e-08	-5.427684e-06	-2.338604e-09	-3.837616e+01	-1.516858e+02
5.000000e-08	-5.426150e-06	-2.358997e-09	-3.836532e+01	-1.516175e+02
6.000000e-08	-5.424012e-06	-2.361501e-09	-3.835021e+01	-1.515585e+02
7.000000e-08	-5.421204e-06	-2.285402e-09	-3.833035e+01	-1.515100e+02
8.000000e-08	-5.417865e-06	-2.211272e-09	-3.830674e+01	-1.514729e+02
9.000000e-08	-5.414119e-06	-2.310209e-09	-3.828025e+01	-1.514481e+02
1.000000e-07	-5.410000e-06	-2.445201e-09	-3.825113e+01	-1.514363e+02
1.100000e-07	-5.405695e-06	-2.382339e-09	-3.822070e+01	-1.514377e+02
1.200000e-07	-5.401198e-06	-2.223029e-09	-3.818890e+01	-1.514527e+02
1.300000e-07	-5.396363e-06	-2.308278e-09	-3.815471e+01	-1.514810e+02
1.400000e-07	-5.391042e-06	-2.485608e-09	-3.811709e+01	-1.515225e+02
1.500000e-07	-5.385274e-06	-2.390091e-09	-3.807631e+01	-1.515766e+02
1.600000e-07	-5.379237e-06	-2.184122e-09	-3.803363e+01	-1.516425e+02
1.700000e-07	-5.372862e-06	-2.254230e-09	-3.798855e+01	-1.517193e+02
1.800000e-07	-5.366047e-06	-2.462555e-09	-3.794037e+01	-1.518059e+02
1.900000e-07	-5.358857e-06	-2.414551e-09	-3.788953e+01	-1.519008e+02
2.000000e-07	-5.351467e-06	-2.305861e-09	-3.783728e+01	-1.520027e+02
2.100000e-07	-5.343818e-06	-2.384752e-09	-3.778320e+01	-1.521099e+02
2.200000e-07	-5.335834e-06	-2.475784e-09	-3.772675e+01	-1.522208e+02
2.300000e-07	-5.327483e-06	-2.374704e-09	-3.766770e+01	-1.523335e+02
2.400000e-07	-5.318615e-06	-2.347972e-09	-3.760500e+01	-1.524462e+02
2.500000e-07	-5.309000e-06	-2.458689e-09	-3.753702e+01	-1.525573e+02
2.600000e-07	-5.298793e-06	-2.466947e-09	-3.746485e+01	-1.526647e+02
2.700000e-07	-5.288157e-06	-2.393686e-09	-3.738965e+01	-1.527670e+02
2.800000e-07	-5.276937e-06	-2.467148e-09	-3.731032e+01	-1.528622e+02
2.900000e-07	-5.265233e-06	-2.527776e-09	-3.722757e+01	-1.529490e+02
3.000000e-07	-5.253211e-06	-2.409917e-09	-3.714256e+01	-1.530259e+02
3.100000e-07	-5.240836e-06	-2.346115e-09	-3.705507e+01	-1.530916e+02
3.200000e-07	-5.228073e-06	-2.454953e-09	-3.696483e+01	-1.531451e+02
3.300000e-07	-5.215000e-06	-2.488290e-09	-3.687240e+01	-1.531853e+02
3.400000e-07	-5.201604e-06	-2.422010e-09	-3.677768e+01	-1.532117e+02
3.500000e-07	-5.187795e-06	-2.447191e-09	-3.668004e+01	-1.532237e+02
3.600000e-07	-5.173556e-06	-2.488916e-09	-3.657937e+01	-1.532209e+02
3.700000e-07	-5.158833e-06	-2.442949e-09	-3.647527e+01	-1.532033e+02
3.800000e-07	-5.143499e-06	-2.409591e-09	-3.636685e+01	-1.531710e+02
3.900000e-07	-5.127655e-06	-2.420146e-09	-3.625483e+01	-1.531242e+02
4.000000e-07	-5.111488e-06	-2.383267e-09	-3.614052e+01	-1.530635e+02
4.100000e-07	-5.094937e-06	-2.385350e-09	-3.602349e+01	-1.529894e+02
4.200000e-07	-5.077939e-06	-2.450442e-09	-3.590331e+01	-1.529027e+02
4.300000e-07	-5.060657e-06	-2.461202e-09	-3.578112e+01	-1.528044e+02
4.400000e-07	-5.043085e-06	-2.406606e-09	-3.565688e+01	-1.526955e+02
4.500000e-07	-5.025144e-06	-2.418599e-09	-3.553003e+01	-1.525770e+02
4.600000e-07	-5.006853e-06	-2.441167e-09	-3.540070e+01	-1.524502e+02
4.700000e-07	-4.988145e-06	-2.411464e-09	-3.526843e+01	-1.523162e+02
4.800000e-07	-4.968968e-06	-2.376214e-09	-3.513284e+01	-1.521763e+02
4.900000e-07	-4.949508e-06	-2.389720e-09	-3.499525e+01	-1.520317e+02
5.000000e-07	-4.929855e-06	-2.411591e-09	-3.485629e+01	-1.518837e+02
5.100000e-07	-4.909940e-06	-2.428464e-09	-3.471549e+01	-1.517332e+02
5.200000e-07	-4.889774e-06	-2.415290e-09	-3.457290e+01	-1.515815e+02
5.300000e-07	-4.869323e-06	-2.390430e-09	-3.442831e+01	-1.514294e+02
5.400000e-07	-4.848540e-06	-2.392419e-09	-3.428136e+01	-1.512779e+02
5.500000e-07	-4.827442e-06	-2.409242e-09	-3.413218e+01	-1.511277e+02
5.600000e-07	-4.805991e-06	-2.388058e-09	-3.398052e+01	-1.509795e+02
5.700000e-07	-4.784204e-06	-2.362424e-09	-3.382647e+01	-1.508337e+02
5.800000e-07	-4.762059e-06	-2.371877e-09	-3.366990e+01	-1.506909e+02
5.900000e-07	-4.739596e-06	-2.392108e-09	-3.351108e+01	-1.505511e+02
6.000000e-07	-4.716858e-06	-2.386711e-09	-3.335031e+01	-1.504145e+02
6.100000e-07	-4.693798e-06	-2.362589e-09	-3.318727e+01	-1.502810e+02
6.200000e-07	-4.670411e-06	-2.348301e-09	-3.302191e+01	-1.501506e+02
6.300000e-07	-4.646720e-06	-2.360498e-09	-3.285440e+01	-1.500229e+02
6.400000e-07	-4.622803e-06	-2.374436e-09	-3.268530e+01	-1.498975e+02
6.500000e-07	-4.598711e-06	-2.354787e-09	-3.251495e+01	-1.497740e+02
6.600000e-07	-4.574388e-06	-2.330431e-09	-3.234298e+01	-1.496519e+02
6.700000e-07	-4.549621e-06	-2.335632e-09	-3.216787e+01	-1.495304e+02
6.800000e-07	-4.524279e-06	-2.350551e-09	-3.198869e+01	-1.494090e+02
6.900000e-07	-4.498468e-06	-2.338097e-09	-3.180620e+01	-1.492868e+02
7.000000e-07	-4.472189e-06	-2.320439e-09	-3.162039e+01	-1.491632e+02
7.100000e-07	-4.445364e-06	-2.320713e-09	-3.143073e+01	-1.490374e+02
7.200000e-07	-4.418160e-06	-2.336813e-09	-3.123838e+01	-1.489087e+02
7.300000e-07	-4.390708e-06	-2.335934e-09	-3.104428e+01	-1.487764e+02
7.400000e-07	-4.363002e-06	-2.318974e-09	-3.084839e+01	-1.486398e+02
7.500000e-07	-4.335041e-06	-2.307829e-09	-3.065069e+01	-1.484982e+02
7.600000e-07	-4.306852e-06	-2.315449e-09	-3.045138e+01	-1.483511e+02
7.700000e-07	-4.278399e-06	-2.313706e-09	-3.025021e+01	-1.481980e+02
7.800000e-07	-4.249729e-06	-2.298651e-09	-3.004749e+01	-1.480384e+02
7.900000e-07	-4.220844e-06	-2.287045e-09	-2.984327e+01	-1.478720e+02
8.000000e-07	-4.191571e-06	-2.295097e-09	-2.963629e+01	-1.476986e+02
8.100000e-07	-4.161965e-06	-2.302554e-09	-2.942696e+01	-1.475179e+02
8.200000e-07	-4.132138e-06	-2.297981e-09	-2.921607e+01	-1.473298e+02
8.300000e-07	-4.102028e-06	-2.285511e-09	-2.900318e+01	-1.471344e+02
8.400000e-07	-4.071579e-06	-2.282596e-09	-2.878789e+01	-1.469317e+02
8.500000e-07	-4.040790e-06	-2.282056e-09	-2.857020e+01	-1.467220e+02
8.600000e-07	-4.009800e-06	-2.270104e-09	-2.835109e+01	-1.465054e+02
8.700000e-07	-3.978603e-06	-2.254638e-09	-2.813052e+01	-1.462823e+02
8.800000e-07	-3.947162e-06	-2.252376e-09	-2.790821e+01	-1.460530e+02
8.900000e-07	-3.915520e-06	-2.261448e-09	-2.768449e+01	-1.458180e+02
9.000000e-07	-3.883716e-06	-2.259948e-09	-2.745962e+01	-1.455778e+02
9.100000e-07	-3.851753e-06	-2.244545e-09	-2.723363e+01	-1.453329e+02
9.200000e-07	-3.819559e-06	-2.233494e-09	-2.700600e+01	-1.450838e+02
9.300000e-07	-3.787062e-06	-2.231296e-09	-2.677623e+01	-1.448312e+02
9.400000e-07	-3.754202e-06	-2.224734e-09	-2.654390e+01	-1.445757e+02
9.500000e-07	-3.720967e-06	-2.213513e-09	-2.630891e+01	-1.443178e+02
9.600000e-07	-3.687260e-06	-2.208904e-09	-2.607058e+01	-1.440581e+02
9.700000e-07	-3.653047e-06	-2.215861e-09	-2.582868e+01	-1.437972e+02
9.800000e-07	-3.618515e-06	-2.217492e-09	-2.558453e+01	-1.435356e+02
9.900000e-07	-3.583704e-06	-2.205246e-09	-2.533840e+01	-1.432738e+02
1.000000e-06	-3.548509e-06	-2.190543e-09	-2.508956e+01	-1.430124e+02
1.010000e-06	-3.513003e-06	-2.186610e-09	-2.483851e+01	-1.427516e+02
1.020000e-06	-3.477309e-06	-2.181690e-09	-2.458614e+01	-1.424919e+02
1.030000e-06	-3.441469e-06	-2.172330e-09	-2.433273e+01	-1.422336e+02
1.040000e-06	-3.405520e-06	-2.167023e-09	-2.407856e+01	-1.419769e+02
1.050000e-06	-3.369433e-06	-2.169728e-09	-2.382341e+01	-1.417219e+02
1.060000e-06	-3.333119e-06	-2.170796e-09	-2.356665e+01	-1.414687e+02
1.070000e-06	-3.296615e-06	-2.164352e-09	-2.330855e+01	-1.412174e+02
1.080000e-06	-3.259897e-06	-2.151352e-09	-2.304894e+01	-1.409677e+02
1.090000e-06	-3.222874e-06	-2.141432e-09	-2.278717e+01	-1.407197e+02
1.100000e-06	-3.185576e-06	-2.136606e-09	-2.252346e+01	-1.404729e+02
1.110000e-06	-3.148075e-06	-2.130764e-09	-2.225831e+01	-1.402272e+02
1.120000e-06	-3.110407e-06	-2.121564e-09	-2.199198e+01	-1.399820e+02
1.130000e-06	-3.072531e-06	-2.116516e-09	-2.172418e+01	-1.397370e+02
1.140000e-06	-3.034410e-06	-2.115702e-09	-2.145464e+01	-1.394916e+02
1.150000e-06	-2.996095e-06	-2.110260e-09	-2.118374e+01	-1.392452e+02
1.160000e-06	-2.957605e-06	-2.098698e-09	-2.091160e+01	-1.389971e+02
1.170000e-06	-2.918816e-06	-2.089985e-09	-2.063734e+01	-1.387466e+02
1.180000e-06	-2.879740e-06	-2.086997e-09	-2.036106e+01	-1.384931e+02
1.190000e-06	-2.840545e-06	-2.084416e-09	-2.008393e+01	-1.382356e+02
1.200000e-06	-2.801233e-06	-2.075014e-09	-1.980598e+01	-1.379734e+02
1.210000e-06	-2.761801e-06	-2.066603e-09	-1.952717e+01	-1.377056e+02
1.220000e-06	-2.722171e-06	-2.064364e-09	-1.924697e+01	-1.374315e+02
1.230000e-06	-2.682347e-06	-2.060911e-09	-1.896540e+01	-1.371502e+02
1.240000e-06	-2.642477e-06	-2.053294e-09	-1.868350e+01	-1.368609e+02
1.250000e-06	-2.602515e-06	-2.045817e-09	-1.840095e+01	-1.365627e+02
1.260000e-06	-2.562428e-06	-2.044375e-09	-1.811752e+01	-1.362551e+02
1.270000e-06	-2.522225e-06	-2.042064e-09	-1.783326e+01	-1.359371e+02
1.280000e-06	-2.481898e-06	-2.034776e-09	-1.754814e+01	-1.356083e+02
1.290000e-06	-2.441421e-06	-2.025614e-09	-1.726194e+01	-1.352679e+02
1.300000e-06	-2.400747e-06	-2.016991e-09	-1.697436e+01	-1.349155e+02
1.310000e-06	-2.359854e-06	-2.007830e-09	-1.668523e+01	-1.345506e+02
1.320000e-06	-2.318678e-06	-1.998574e-09	-1.639410e+01	-1.341727e+02
1.330000e-06	-2.277140e-06	-1.990786e-09	-1.610041e+01	-1.337817e+02
1.340000e-06	-2.235323e-06	-1.987939e-09	-1.580474e+01	-1.333773e+02
1.350000e-06	-2.193340e-06	-1.983614e-09	-1.550790e+01	-1.329594e+02
1.360000e-06	-2.151045e-06	-1.974149e-09	-1.520886e+01	-1.325278e+02
1.370000e-06	-2.108401e-06	-1.962038e-09	-1.490734e+01	-1.320827e+02
1.380000e-06	-2.065599e-06	-1.950969e-09	-1.460471e+01	-1.316241e+02
1.390000e-06	-2.022567e-06	-1.942262e-09	-1.430046e+01	-1.311521e+02
1.400000e-06	-1.979231e-06	-1.935948e-09	-1.399405e+01	-1.306671e+02
1.410000e-06	-1.935769e-06	-1.930470e-09	-1.368676e+01	-1.301692e+02
1.420000e-06	-1.892224e-06	-1.925899e-09	-1.337887e+01	-1.296589e+02
1.430000e-06	-1.848547e-06	-1.918987e-09	-1.307006e+01	-1.291364e+02
1.440000e-06	-1.804766e-06	-1.906654e-09	-1.276051e+01	-1.286020e+02
1.450000e-06	-1.760905e-06	-1.893179e-09	-1.245039e+01	-1.280562e+02
1.460000e-06	-1.716987e-06	-1.881866e-09	-1.213987e+01	-1.274993e+02
1.470000e-06	-1.672995e-06	-1.872634e-09	-1.182883e+01	-1.269317e+02
1.480000e-06	-1.628950e-06	-1.864247e-09	-1.151741e+01	-1.263535e+02
1.490000e-06	-1.584846e-06	-1.857686e-09	-1.120558e+01	-1.257651e+02
1.500000e-06	-1.540666e-06	-1.853632e-09	-1.089320e+01	-1.251665e+02
1.510000e-06	-1.496417e-06	-1.847677e-09	-1.058034e+01	-1.245580e+02
1.520000e-06	-1.452031e-06	-1.834468e-09	-1.026651e+01	-1.239394e+02
1.530000e-06	-1.407574e-06	-1.819140e-09	-9.952183e+00	-1.233106e+02
1.540000e-06	-1.363100e-06	-1.807343e-09	-9.637733e+00	-1.226716e+02
1.550000e-06	-1.318491e-06	-1.797449e-09	-9.322327e+00	-1.220218e+02
1.560000e-06	-1.273710e-06	-1.786723e-09	-9.005702e+00	-1.213609e+02
1.570000e-06	-1.228781e-06	-1.776791e-09	-8.688036e+00	-1.206884e+02
1.580000e-06	-1.183804e-06	-1.770129e-09	-8.370028e+00	-1.200034e+02
1.590000e-06	-1.138826e-06	-1.763941e-09	-8.052012e+00	-1.193053e+02
1.600000e-06	-1.093835e-06	-1.752121e-09	-7.733903e+00	-1.185930e+02
1.610000e-06	-1.048752e-06	-1.732916e-09	-7.415150e+00	-1.178656e+02
1.620000e-06	-1.003499e-06	-1.717168e-09	-7.095188e+00	-1.171219e+02
1.630000e-06	-9.581369e-07	-1.706951e-09	-6.774459e+00	-1.163606e+02
1.640000e-06	-9.127010e-07	-1.694551e-09	-6.453207e+00	-1.155806e+02
1.650000e-06	-8.671819e-07	-1.681104e-09	-6.131366e+00	-1.147802e+02
1.660000e-06	-8.215888e-07	-1.671889e-09	-5.809003e+00	-1.139582e+02
1.670000e-06	-7.759107e-07	-1.665455e-09	-5.486038e+00	-1.131131e+02
1.680000e-06	-7.301318e-07	-1.652074e-09	-5.162360e+00	-1.122432e+02
1.690000e-06	-6.843520e-07	-1.630681e-09	-4.838677e+00	-1.113472e+02
1.700000e-06	-6.386224e-07	-1.609209e-09	-4.515348e+00	-1.104233e+02
1.710000e-06	-5.928756e-07	-1.594789e-09	-4.191897e+00	-1.094702e+02
1.720000e-06	-5.470732e-07	-1.583405e-09	-3.868054e+00	-1.084863e+02
1.730000e-06	-5.011963e-07	-1.567498e-09	-3.543683e+00	-1.074702e+02
1.740000e-06	-4.552946e-07	-1.551777e-09	-3.219138e+00	-1.064204e+02
1.750000e-06	-4.094021e-07	-1.543644e-09	-2.894657e+00	-1.053355e+02
1.760000e-06	-3.634318e-07	-1.534825e-09	-2.569626e+00	-1.042142e+02
1.770000e-06	-3.174314e-07	-1.514093e-09	-2.244383e+00	-1.030553e+02
1.780000e-06	-2.714870e-07	-1.485093e-09	-1.919536e+00	-1.018576e+02
1.790000e-06	-2.255520e-07	-1.461120e-09	-1.594754e+00	-1.006199e+02
1.800000e-06	-1.795797e-07	-1.444301e-09	-1.269709e+00	-9.934108e+01
1.810000e-06	-1.335739e-07	-1.427681e-09	-9.444274e-01	-9.802020e+01
1.820000e-06	-8.751738e-08	-1.407062e-09	-6.187873e-01	-9.665621e+01
1.830000e-06	-4.147838e-08	-1.387174e-09	-2.932708e-01	-9.524816e+01
1.840000e-06	4.578253e-09	-1.371006e-09	3.237031e-02	-9.379513e+01
1.850000e-06	5.064362e-08	-1.351666e-09	3.580732e-01	-9.229618e+01
1.860000e-06	9.662617e-08	-1.322858e-09	6.831905e-01	-9.075041e+01
1.870000e-06	1.426054e-07	-1.292731e-09	1.008284e+00	-8.915688e+01
1.880000e-06	1.885738e-07	-1.270320e-09	1.333302e+00	-8.751466e+01
1.890000e-06	2.344513e-07	-1.249288e-09	1.657676e+00	-8.582275e+01
1.900000e-06	2.803561e-07	-1.220956e-09	1.982243e+00	-8.408014e+01
1.910000e-06	3.263224e-07	-1.189434e-09	2.307246e+00	-8.228577e+01
1.920000e-06	3.722132e-07	-1.163475e-09	2.631714e+00	-8.043852e+01
1.930000e-06	4.181211e-07	-1.139561e-09	2.956305e+00	-7.853720e+01
1.940000e-06	4.640491e-07	-1.109399e-09	3.281036e+00	-7.658060e+01
1.950000e-06	5.099807e-07	-1.076052e-09	3.605793e+00	-7.456741e+01
1.960000e-06	5.558714e-07	-1.046403e-09	3.930261e+00	-7.249631e+01
1.970000e-06	6.016252e-07	-1.018037e-09	4.253761e+00	-7.036592e+01
1.980000e-06	6.473523e-07	-9.851291e-10	4.577072e+00	-6.817486e+01
1.990000e-06	6.930684e-07	-9.479222e-10	4.900305e+00	-6.592171e+01
2.000000e-06	7.386975e-07	-9.134605e-10	5.222924e+00	-6.360510e+01
2.010000e-06	7.843176e-07	-8.828655e-10	5.545478e+00	-6.122367e+01
2.020000e-06	8.299223e-07	-8.504441e-10	5.867924e+00	-5.877615e+01
2.030000e-06	8.754146e-07	-8.145566e-10	6.189575e+00	-5.626135e+01
2.040000e-06	9.208226e-07	-7.774259e-10	6.510630e+00	-5.367820e+01
2.050000e-06	9.661703e-07	-7.391189e-10	6.831259e+00	-5.102581e+01
2.060000e-06	1.011494e-06	-6.991180e-10	7.151721e+00	-4.830348e+01
2.070000e-06	1.056731e-06	-6.573411e-10	7.471564e+00	-4.551075e+01
2.080000e-06	1.101867e-06	-6.163022e-10	7.790698e+00	-4.264741e+01
2.090000e-06	1.146927e-06	-5.749920e-10	8.109291e+00	-3.971356e+01
2.100000e-06	1.191898e-06	-5.350827e-10	8.427257e+00	-3.670964e+01
2.110000e-06	1.236748e-06	-4.941137e-10	8.744364e+00	-3.363645e+01
2.120000e-06	1.281431e-06	-4.503288e-10	9.060294e+00	-3.049519e+01
2.130000e-06	1.325994e-06	-4.055664e-10	9.375371e+00	-2.728747e+01
2.140000e-06	1.370480e-06	-3.567950e-10	9.689913e+00	-2.401532e+01
2.150000e-06	1.414886e-06	-3.040827e-10	1.000388e+01	-2.068126e+01
2.160000e-06	1.459184e-06	-2.518026e-10	1.031708e+01	-1.728823e+01
2.170000e-06	1.503430e-06	-2.011670e-10	1.062993e+01	-1.383964e+01
2.180000e-06	1.547653e-06	-1.519480e-10	1.094260e+01	-1.033937e+01
2.190000e-06	1.591826e-06	-1.028419e-10	1.125492e+01	-6.791738e+00
2.200000e-06	1.635903e-06	-5.215730e-11	1.156657e+01	-3.201489e+00
2.210000e-06	1.679887e-06	7.651734e-13	1.187756e+01	4.262201e-01
2.220000e-06	1.723803e-06	5.562338e-11	1.218807e+01	4.085853e+00
2.230000e-06	1.767655e-06	1.121032e-10	1.249812e+01	7.771533e+00
2.240000e-06	1.811465e-06	1.711681e-10	1.280787e+01	1.147708e+01
2.250000e-06	1.855231e-06	2.301613e-10	1.311732e+01	1.519606e+01
2.260000e-06	1.898889e-06	2.878777e-10	1.342600e+01	1.892184e+01
2.270000e-06	1.942399e-06	3.440521e-10	1.373363e+01	2.264762e+01
2.280000e-06	1.985815e-06	3.965130e-10	1.404060e+01	2.636653e+01
2.290000e-06	2.029100e-06	4.465669e-10	1.434665e+01	3.007165e+01
2.300000e-06	2.072143e-06	4.977991e-10	1.465098e+01	3.375611e+01
2.310000e-06	2.114954e-06	5.506738e-10	1.495368e+01	3.741311e+01
2.320000e-06	2.157549e-06	6.045960e-10	1.525484e+01	4.103601e+01
2.330000e-06	2.199883e-06	6.594508e-10	1.555416e+01	4.461839e+01
2.340000e-06	2.241938e-06	7.154670e-10	1.585151e+01	4.815408e+01
2.350000e-06	2.283662e-06	7.719289e-10	1.614652e+01	5.163726e+01
2.360000e-06	2.324965e-06	8.255464e-10	1.643855e+01	5.506244e+01
2.370000e-06	2.365934e-06	8.709388e-10	1.672822e+01	5.842460e+01
2.380000e-06	2.406804e-06	9.125902e-10	1.701719e+01	6.171912e+01
2.390000e-06	2.447493e-06	9.554563e-10	1.730488e+01	6.494190e+01
2.400000e-06	2.487884e-06	9.994611e-10	1.759046e+01	6.808933e+01
2.410000e-06	2.528164e-06	1.041459e-09	1.787526e+01	7.115836e+01
2.420000e-06	2.568375e-06	1.083387e-09	1.815957e+01	7.414644e+01
2.430000e-06	2.608459e-06	1.128893e-09	1.844298e+01	7.705159e+01
2.440000e-06	2.648419e-06	1.173587e-09	1.872552e+01	7.987238e+01
2.450000e-06	2.688278e-06	1.213228e-09	1.900734e+01	8.260787e+01
2.460000e-06	2.727991e-06	1.248047e-09	1.928813e+01	8.525767e+01
2.470000e-06	2.767568e-06	1.280670e-09	1.956795e+01	8.782187e+01
2.480000e-06	2.807048e-06	1.313505e-09	1.984709e+01	9.030100e+01
2.490000e-06	2.846361e-06	1.346048e-09	2.012505e+01	9.269602e+01
2.500000e-06	2.885377e-06	1.377653e-09	2.040091e+01	9.500829e+01
2.510000e-06	2.924132e-06	1.409825e-09	2.067493e+01	9.723948e+01
2.520000e-06	2.962746e-06	1.445417e-09	2.094795e+01	9.939159e+01
2.530000e-06	3.001109e-06	1.481264e-09	2.121919e+01	1.014668e+02
2.540000e-06	3.039244e-06	1.513503e-09	2.148882e+01	1.034676e+02
2.550000e-06	3.077204e-06	1.543590e-09	2.175722e+01	1.053966e+02
2.560000e-06	3.114918e-06	1.570352e-09	2.202387e+01	1.072563e+02
2.570000e-06	3.152408e-06	1.594307e-09	2.228894e+01	1.090496e+02
2.580000e-06	3.189686e-06	1.615486e-09	2.255252e+01	1.107791e+02
2.590000e-06	3.226746e-06	1.634481e-09	2.281455e+01	1.124476e+02
2.600000e-06	3.263471e-06	1.656484e-09	2.307421e+01	1.140577e+02
2.610000e-06	3.299932e-06	1.683503e-09	2.333201e+01	1.156120e+02
2.620000e-06	3.336280e-06	1.710653e-09	2.358900e+01	1.171128e+02
2.630000e-06	3.372472e-06	1.734324e-09	2.384490e+01	1.185625e+02
2.640000e-06	3.408512e-06	1.755523e-09	2.409972e+01	1.199631e+02
2.650000e-06	3.444423e-06	1.775688e-09	2.435362e+01	1.213165e+02
2.660000e-06	3.480182e-06	1.793508e-09	2.460645e+01	1.226245e+02
2.670000e-06	3.515769e-06	1.809831e-09	2.485807e+01	1.238886e+02
2.680000e-06	3.551195e-06	1.825147e-09	2.510855e+01	1.251102e+02
2.690000e-06	3.586365e-06	1.839954e-09	2.535721e+01	1.262905e+02
2.700000e-06	3.621166e-06	1.854813e-09	2.560327e+01	1.274304e+02
2.710000e-06	3.655494e-06	1.870482e-09	2.584599e+01	1.285309e+02
2.720000e-06	3.689431e-06	1.887850e-09	2.608594e+01	1.295927e+02
2.730000e-06	3.723086e-06	1.904802e-09	2.632390e+01	1.306164e+02
2.740000e-06	3.756376e-06	1.921743e-09	2.655927e+01	1.316026e+02
2.750000e-06	3.789199e-06	1.940042e-09	2.679134e+01	1.325518e+02
2.760000e-06	3.821610e-06	1.957051e-09	2.702050e+01	1.334644e+02
2.770000e-06	3.853792e-06	1.969803e-09	2.724804e+01	1.343409e+02
2.780000e-06	3.885779e-06	1.977295e-09	2.747420e+01	1.351817e+02
2.790000e-06	3.917581e-06	1.980584e-09	2.769906e+01	1.359873e+02
2.800000e-06	3.949219e-06	1.984980e-09	2.792275e+01	1.367582e+02
2.810000e-06	3.980668e-06	1.994417e-09	2.814511e+01	1.374951e+02
2.820000e-06	4.011838e-06	2.007063e-09	2.836550e+01	1.381984e+02
2.830000e-06	4.042671e-06	2.023476e-09	2.858350e+01	1.388691e+02
2.840000e-06	4.073217e-06	2.042353e-09	2.879948e+01	1.395079e+02
2.850000e-06	4.103456e-06	2.059298e-09	2.901328e+01	1.401158e+02
2.860000e-06	4.133427e-06	2.069731e-09	2.922519e+01	1.406938e+02
2.870000e-06	4.163179e-06	2.072569e-09	2.943555e+01	1.412431e+02
2.880000e-06	4.192652e-06	2.070990e-09	2.964394e+01	1.417648e+02
2.890000e-06	4.221895e-06	2.069900e-09	2.985070e+01	1.422602e+02
2.900000e-06	4.250883e-06	2.073829e-09	3.005565e+01	1.427307e+02
2.910000e-06	4.279553e-06	2.083358e-09	3.025837e+01	1.431777e+02
2.920000e-06	4.307947e-06	2.096084e-09	3.045912e+01	1.436026e+02
2.930000e-06	4.336090e-06	2.108975e-09	3.065811e+01	1.440068e+02
2.940000e-06	4.364064e-06	2.120394e-09	3.085590e+01	1.443917e+02
2.950000e-06	4.391878e-06	2.126426e-09	3.105255e+01	1.447588e+02
2.960000e-06	4.419397e-06	2.125853e-09	3.124712e+01	1.451095e+02
2.970000e-06	4.446615e-06	2.120416e-09	3.143957e+01	1.454449e+02
2.980000e-06	4.473363e-06	2.117434e-09	3.162869e+01	1.457664e+02
2.990000e-06	4.499533e-06	2.123684e-09	3.181373e+01	1.460751e+02
3.000000e-06	4.525240e-06	2.135674e-09	3.199548e+01	1.463720e+02
3.010000e-06	4.550450e-06	2.148196e-09	3.217373e+01	1.466580e+02
3.020000e-06	4.575202e-06	2.160366e-09	3.234874e+01	1.469340e+02
3.030000e-06	4.599606e-06	2.168040e-09	3.252128e+01	1.472005e+02
3.040000e-06	4.623734e-06	2.169029e-09	3.269188e+01	1.474583e+02
3.050000e-06	4.647590e-06	2.163357e-09	3.286055e+01	1.477077e+02
3.060000e-06	4.671152e-06	2.157925e-09	3.302714e+01	1.479491e+02
3.070000e-06	4.694429e-06	2.159021e-09	3.319173e+01	1.481827e+02
3.080000e-06	4.717471e-06	2.166539e-09	3.335464e+01	1.484085e+02
3.090000e-06	4.740249e-06	2.178953e-09	3.351569e+01	1.486267e+02
3.100000e-06	4.762659e-06	2.191442e-09	3.367414e+01	1.488372e+02
3.110000e-06	4.784754e-06	2.197931e-09	3.383036e+01	1.490399e+02
3.120000e-06	4.806580e-06	2.197916e-09	3.398469e+01	1.492348e+02
3.130000e-06	4.828046e-06	2.198433e-09	3.413646e+01	1.494216e+02
3.140000e-06	4.849140e-06	2.201406e-09	3.428560e+01	1.496002e+02
3.150000e-06	4.869913e-06	2.203988e-09	3.443248e+01	1.497706e+02
3.160000e-06	4.890394e-06	2.203510e-09	3.457729e+01	1.499326e+02
3.170000e-06	4.910563e-06	2.203766e-09	3.471989e+01	1.500862e+02
3.180000e-06	4.930459e-06	2.211038e-09	3.486057e+01	1.502314e+02
3.190000e-06	4.950167e-06	2.222966e-09	3.499991e+01	1.503683e+02
3.200000e-06	4.969631e-06	2.228196e-09	3.513753e+01	1.504971e+02
3.210000e-06	4.988768e-06	2.227923e-09	3.527284e+01	1.506179e+02
3.220000e-06	5.007577e-06	2.230799e-09	3.540582e+01	1.507312e+02
3.230000e-06	5.025864e-06	2.236090e-09	3.553512e+01	1.508373e+02
3.240000e-06	5.043658e-06	2.236675e-09	3.566093e+01	1.509368e+02
3.250000e-06	5.061161e-06	2.234903e-09	3.578469e+01	1.510302e+02
3.260000e-06	5.078268e-06	2.236277e-09	3.590564e+01	1.511182e+02
3.270000e-06	5.095051e-06	2.242726e-09	3.602430e+01	1.512013e+02
3.280000e-06	5.111553e-06	2.246946e-09	3.614098e+01	1.512805e+02
3.290000e-06	5.127665e-06	2.245191e-09	3.625490e+01	1.513564e+02
3.300000e-06	5.143315e-06	2.243960e-09	3.636555e+01	1.514298e+02
3.310000e-06	5.158459e-06	2.246747e-09	3.647263e+01	1.515014e+02
3.320000e-06	5.173230e-06	2.250347e-09	3.657706e+01	1.515720e+02
3.330000e-06	5.187601e-06	2.250914e-09	3.667867e+01	1.516422e+02
3.340000e-06	5.201546e-06	2.254942e-09	3.677727e+01	1.517126e+02
3.350000e-06	5.215184e-06	2.261219e-09	3.687370e+01	1.517838e+02
3.360000e-06	5.228473e-06	2.261370e-09	3.696765e+01	1.518561e+02
3.370000e-06	5.241307e-06	2.256722e-09	3.705840e+01	1.519299e+02
3.380000e-06	5.253733e-06	2.254697e-09	3.714626e+01	1.520054e+02
3.390000e-06	5.265830e-06	2.258496e-09	3.723179e+01	1.520826e+02
3.400000e-06	5.277601e-06	2.263544e-09	3.731501e+01	1.521613e+02
3.410000e-06	5.288977e-06	2.265779e-09	3.739544e+01	1.522415e+02
3.420000e-06	5.299905e-06	2.269124e-09	3.747272e+01	1.523228e+02
3.430000e-06	5.310291e-06	2.274463e-09	3.754615e+01	1.524045e+02
3.440000e-06	5.320033e-06	2.277484e-09	3.761503e+01	1.524863e+02
3.450000e-06	5.329219e-06	2.275772e-09	3.767998e+01	1.525672e+02
3.460000e-06	5.337875e-06	2.271791e-09	3.774118e+01	1.526466e+02
3.470000e-06	5.346143e-06	2.270643e-09	3.779963e+01	1.527234e+02
3.480000e-06	5.354175e-06	2.274833e-09	3.785642e+01	1.527969e+02
3.490000e-06	5.361939e-06	2.277275e-09	3.791132e+01	1.528659e+02
3.500000e-06	5.369345e-06	2.277606e-09	3.796368e+01	1.529295e+02
3.510000e-06	5.376372e-06	2.279677e-09	3.801337e+01	1.529866e+02
3.520000e-06	5.383061e-06	2.280597e-09	3.806067e+01	1.530365e+02
3.530000e-06	5.389502e-06	2.279597e-09	3.810621e+01	1.530781e+02
3.540000e-06	5.395549e-06	2.277292e-09	3.814896e+01	1.531107e+02
3.550000e-06	5.401102e-06	2.276088e-09	3.818822e+01	1.531335e+02
3.560000e-06	5.406290e-06	2.277963e-09	3.822490e+01	1.531461e+02
3.570000e-06	5.411067e-06	2.279094e-09	3.825868e+01	1.531481e+02
3.580000e-06	5.415466e-06	2.278051e-09	3.828978e+01	1.531391e+02
3.590000e-06	5.419625e-06	2.277765e-09	3.831919e+01	1.531192e+02
3.600000e-06	5.423614e-06	2.278513e-09	3.834739e+01	1.530884e+02
3.610000e-06	5.427360e-06	2.276920e-09	3.837388e+01	1.530471e+02
3.620000e-06	5.430700e-06	2.273080e-09	3.839749e+01	1.529958e+02
3.630000e-06	5.433524e-06	2.273755e-09	3.841746e+01	1.529352e+02
3.640000e-06	5.435798e-06	2.283645e-09	3.843354e+01	1.528661e+02
3.650000e-06	5.437449e-06	2.293901e-09	3.844521e+01	1.527897e+02
3.660000e-06	5.438505e-06	2.297160e-09	3.845268e+01	1.527071e+02
3.670000e-06	5.439162e-06	2.294108e-09	3.845733e+01	1.526196e+02
3.680000e-06	5.439503e-06	2.287191e-09	3.845974e+01	1.525288e+02
3.690000e-06	5.439541e-06	2.280005e-09	3.846000e+01	1.524361e+02
3.700000e-06	5.439296e-06	2.272084e-09	3.845827e+01	1.523432e+02
3.710000e-06	5.438787e-06	2.270201e-09	3.845467e+01	1.522518e+02
3.720000e-06	5.437938e-06	2.279290e-09	3.844867e+01	1.521633e+02
3.730000e-06	5.436682e-06	2.291109e-09	3.843979e+01	1.520796e+02
3.740000e-06	5.435088e-06	2.282787e-09	3.842852e+01	1.520020e+02
3.750000e-06	5.433197e-06	2.243168e-09	3.841514e+01	1.519322e+02
3.760000e-06	5.430929e-06	2.259342e-09	3.839911e+01	1.518714e+02
3.770000e-06	5.428286e-06	2.365898e-09	3.838042e+01	1.518208e+02
3.780000e-06	5.425278e-06	2.355974e-09	3.835916e+01	1.517816e+02
3.790000e-06	5.421828e-06	2.187943e-09	3.833476e+01	1.517546e+02
3.800000e-06	5.417992e-06	2.136468e-09	3.830764e+01	1.517404e+02
3.810000e-06	5.413886e-06	2.304597e-09	3.827861e+01	1.517394e+02
3.820000e-06	5.409531e-06	2.372508e-09	3.824782e+01	1.517519e+02
3.830000e-06	5.404914e-06	2.174718e-09	3.821517e+01	1.517779e+02
3.840000e-06	5.399780e-06	2.124391e-09	3.817887e+01	1.518171e+02
3.850000e-06	5.393946e-06	2.362293e-09	3.813763e+01	1.518689e+02
3.860000e-06	5.387694e-06	2.449161e-09	3.809342e+01	1.519328e+02
3.870000e-06	5.381123e-06	2.189400e-09	3.804696e+01	1.520077e+02
3.880000e-06	5.374085e-06	2.109108e-09	3.799720e+01	1.520925e+02
3.890000e-06	5.366550e-06	2.351326e-09	3.794393e+01	1.521860e+02
3.900000e-06	5.358629e-06	2.374228e-09	3.788792e+01	1.522867e+02
3.910000e-06	5.350378e-06	2.134685e-09	3.782958e+01	1.523930e+02
3.920000e-06	5.341772e-06	2.171977e-09	3.776873e+01	1.525031e+02
3.930000e-06	5.332872e-06	2.441974e-09	3.770580e+01	1.526155e+02
3.940000e-06	5.323683e-06	2.365586e-09	3.764084e+01	1.527282e+02
3.950000e-06	5.314078e-06	2.138661e-09	3.757292e+01	1.528395e+02
3.960000e-06	5.304043e-06	2.246008e-09	3.750197e+01	1.529475e+02
3.970000e-06	5.293674e-06	2.420982e-09	3.742866e+01	1.530506e+02
3.980000e-06	5.282935e-06	2.258928e-09	3.735273e+01	1.531469e+02
3.990000e-06	5.271781e-06	2.161153e-09	3.727386e+01	1.532351e+02
4.000000e-06	5.260180e-06	2.366386e-09	3.719184e+01	1.533135e+02
4.010000e-06	5.248194e-06	2.422036e-09	3.710709e+01	1.533810e+02
4.020000e-06	5.235783e-06	2.231845e-09	3.701934e+01	1.534364e+02
4.030000e-06	5.222885e-06	2.255526e-09	3.692815e+01	1.534788e+02
4.040000e-06	5.209611e-06	2.409230e-09	3.683430e+01	1.535073e+02
4.050000e-06	5.195814e-06	2.340995e-09	3.673674e+01	1.535216e+02
4.060000e-06	5.181420e-06	2.241394e-09	3.663497e+01	1.535211e+02
4.070000e-06	5.166463e-06	2.336016e-09	3.652922e+01	1.535058e+02
4.080000e-06	5.151022e-06	2.373987e-09	3.642005e+01	1.534758e+02
4.090000e-06	5.135230e-06	2.301607e-09	3.630839e+01	1.534312e+02
4.100000e-06	5.119172e-06	2.325718e-09	3.619485e+01	1.533726e+02
4.110000e-06	5.102944e-06	2.353008e-09	3.608011e+01	1.533005e+02
4.120000e-06	5.086396e-06	2.288712e-09	3.596311e+01	1.532157e+02
4.130000e-06	5.069373e-06	2.292536e-09	3.584275e+01	1.531191e+02
4.140000e-06	5.051943e-06	2.359985e-09	3.571951e+01	1.530117e+02
4.150000e-06	5.034224e-06	2.324848e-09	3.559423e+01	1.528946e+02
4.160000e-06	5.016230e-06	2.281999e-09	3.546700e+01	1.527689e+02
4.170000e-06	4.997923e-06	2.319890e-09	3.533756e+01	1.526358e+02
4.180000e-06	4.979288e-06	2.343115e-09	3.520581e+01	1.524967e+02
4.190000e-06	4.960194e-06	2.305539e-09	3.507080e+01	1.523527e+02
4.200000e-06	4.940712e-06	2.291076e-09	3.493306e+01	1.522049e+02
4.210000e-06	4.921040e-06	2.294515e-09	3.479396e+01	1.520546e+02
4.220000e-06	4.901176e-06	2.309478e-09	3.465352e+01	1.519028e+02
4.230000e-06	4.881071e-06	2.316229e-09	3.451137e+01	1.517506e+02
4.240000e-06	4.860725e-06	2.298525e-09	3.436751e+01	1.515988e+02
4.250000e-06	4.840024e-06	2.285018e-09	3.422114e+01	1.514481e+02
4.260000e-06	4.818828e-06	2.307298e-09	3.407128e+01	1.512994e+02
4.270000e-06	4.797082e-06	2.309854e-09	3.391753e+01	1.511531e+02
4.280000e-06	4.774675e-06	2.291912e-09	3.375910e+01	1.510095e+02
4.290000e-06	4.751728e-06	2.287260e-09	3.359686e+01	1.508690e+02
4.300000e-06	4.728496e-06	2.299139e-09	3.343259e+01	1.507317e+02
4.310000e-06	4.704884e-06	2.309009e-09	3.326565e+01	1.505976e+02
4.320000e-06	4.680939e-06	2.306663e-09	3.309634e+01	1.504665e+02
4.330000e-06	4.656817e-06	2.283246e-09	3.292579e+01	1.503382e+02
4.340000e-06	4.632426e-06	2.279574e-09	3.275334e+01	1.502123e+02
4.350000e-06	4.607750e-06	2.308965e-09	3.257886e+01	1.500884e+02
4.360000e-06	4.582786e-06	2.312237e-09	3.240236e+01	1.499659e+02
4.370000e-06	4.557447e-06	2.281701e-09	3.222320e+01	1.498442e+02
4.380000e-06	4.531762e-06	2.278228e-09	3.204160e+01	1.497226e+02
4.390000e-06	4.505815e-06	2.300295e-09	3.185814e+01	1.496005e+02
4.400000e-06	4.479575e-06	2.300718e-09	3.167261e+01	1.494770e+02
4.410000e-06	4.452951e-06	2.282209e-09	3.148437e+01	1.493515e+02
4.420000e-06	4.426005e-06	2.275634e-09	3.129385e+01	1.492231e+02
4.430000e-06	4.398849e-06	2.295712e-09	3.110184e+01	1.490913e+02
4.440000e-06	4.371345e-06	2.313048e-09	3.090737e+01	1.489553e+02
4.450000e-06	4.343548e-06	2.304078e-09	3.071084e+01	1.488144e+02
4.460000e-06	4.315623e-06	2.286639e-09	3.051340e+01	1.486681e+02
4.470000e-06	4.287546e-06	2.291027e-09	3.031488e+01	1.485158e+02
4.480000e-06	4.259279e-06	2.299578e-09	3.011502e+01	1.483572e+02
4.490000e-06	4.230744e-06	2.293237e-09	2.991327e+01	1.481918e+02
4.500000e-06	4.201860e-06	2.281109e-09	2.970904e+01	1.480193e+02
4.510000e-06	4.172487e-06	2.288315e-09	2.950136e+01	1.478397e+02
4.520000e-06	4.142498e-06	2.304666e-09	2.928933e+01	1.476527e+02
4.530000e-06	4.111946e-06	2.308277e-09	2.907331e+01	1.474584e+02
4.540000e-06	4.081027e-06	2.292068e-09	2.885470e+01	1.472567e+02
4.550000e-06	4.049832e-06	2.280661e-09	2.863414e+01	1.470480e+02
4.560000e-06	4.018263e-06	2.284547e-09	2.841093e+01	1.468323e+02
4.570000e-06	3.986435e-06	2.291061e-09	2.818589e+01	1.466101e+02
4.580000e-06	3.954478e-06	2.282623e-09	2.795994e+01	1.463816e+02
4.590000e-06	3.922312e-06	2.276794e-09	2.773251e+01	1.461474e+02
4.600000e-06	3.889920e-06	2.288861e-09	2.750348e+01	1.459079e+02
4.610000e-06	3.857346e-06	2.303719e-09	2.727317e+01	1.456635e+02
4.620000e-06	3.824495e-06	2.296684e-09	2.704090e+01	1.454150e+02
4.630000e-06	3.791314e-06	2.279823e-09	2.680629e+01	1.451628e+02
4.640000e-06	3.757938e-06	2.277358e-09	2.657031e+01	1.449075e+02
4.650000e-06	3.724409e-06	2.283927e-09	2.633325e+01	1.446498e+02
4.660000e-06	3.690640e-06	2.278926e-09	2.609449e+01	1.443902e+02
4.670000e-06	3.656627e-06	2.266898e-09	2.585400e+01	1.441292e+02
4.680000e-06	3.622345e-06	2.267311e-09	2.561161e+01	1.438676e+02
4.690000e-06	3.587749e-06	2.275056e-09	2.536700e+01	1.436056e+02
4.700000e-06	3.552866e-06	2.271945e-09	2.512036e+01	1.433439e+02
4.710000e-06	3.517753e-06	2.257729e-09	2.487210e+01	1.430829e+02
4.720000e-06	3.482430e-06	2.252243e-09	2.462235e+01	1.428229e+02
4.730000e-06	3.446855e-06	2.257530e-09	2.437082e+01	1.425641e+02
4.740000e-06	3.411094e-06	2.259915e-09	2.411797e+01	1.423070e+02
4.750000e-06	3.375232e-06	2.252450e-09	2.386441e+01	1.420515e+02
4.760000e-06	3.339254e-06	2.246528e-09	2.361003e+01	1.417979e+02
4.770000e-06	3.303111e-06	2.248193e-09	2.335448e+01	1.415460e+02
4.780000e-06	3.266699e-06	2.249006e-09	2.309703e+01	1.412959e+02
4.790000e-06	3.229956e-06	2.240894e-09	2.283724e+01	1.410475e+02
4.800000e-06	3.192957e-06	2.234899e-09	2.257564e+01	1.408003e+02
4.810000e-06	3.155693e-06	2.240327e-09	2.231217e+01	1.405543e+02
4.820000e-06	3.118198e-06	2.246803e-09	2.204706e+01	1.403089e+02
4.830000e-06	3.080366e-06	2.239994e-09	2.177958e+01	1.400637e+02
4.840000e-06	3.042086e-06	2.230135e-09	2.150892e+01	1.398183e+02
4.850000e-06	3.003356e-06	2.227098e-09	2.123508e+01	1.395719e+02
4.860000e-06	2.964254e-06	2.226776e-09	2.095861e+01	1.393240e+02
4.870000e-06	2.924909e-06	2.220153e-09	2.068043e+01	1.390738e+02
4.880000e-06	2.885359e-06	2.210845e-09	2.040079e+01	1.388206e+02
4.890000e-06	2.845655e-06	2.207721e-09	2.012006e+01	1.385637e+02
4.900000e-06	2.805819e-06	2.208995e-09	1.983840e+01	1.383021e+02
4.910000e-06	2.765857e-06	2.204799e-09	1.955585e+01	1.380352e+02
4.920000e-06	2.725753e-06	2.195080e-09	1.927230e+01	1.377620e+02
4.930000e-06	2.685558e-06	2.189857e-09	1.898810e+01	1.374818e+02
4.940000e-06	2.645261e-06	2.188937e-09	1.870319e+01	1.371937e+02
4.950000e-06	2.604780e-06	2.184996e-09	1.841697e+01	1.368969e+02
4.960000e-06	2.564132e-06	2.177668e-09	1.812957e+01	1.365907e+02
4.970000e-06	2.523322e-06	2.173619e-09	1.784102e+01	1.362744e+02
4.980000e-06	2.482362e-06	2.175630e-09	1.755141e+01	1.359472e+02
4.990000e-06	2.441254e-06	2.173198e-09	1.726077e+01	1.356087e+02
5.000000e-06	2.399900e-06	2.162489e-09	1.696837e+01	1.352581e+02
5.010000e-06	2.358361e-06	2.153961e-09	1.667467e+01	1.348951e+02
5.020000e-06	2.316664e-06	2.151774e-09	1.637986e+01	1.345193e+02
5.030000e-06	2.274740e-06	2.149757e-09	1.608344e+01	1.341304e+02
5.040000e-06	2.232671e-06	2.144174e-09	1.578599e+01	1.337280e+02
5.050000e-06	2.190521e-06	2.141411e-09	1.548797e+01	1.333122e+02
5.060000e-06	2.148212e-06	2.143047e-09	1.518882e+01	1.328827e+02
5.070000e-06	2.105705e-06	2.140011e-09	1.488828e+01	1.324397e+02
5.080000e-06	2.063118e-06	2.127890e-09	1.458717e+01	1.319831e+02
5.090000e-06	2.020426e-06	2.116054e-09	1.428532e+01	1.315132e+02
5.100000e-06	1.977585e-06	2.110053e-09	1.398242e+01	1.310302e+02
5.110000e-06	1.934621e-06	2.105168e-09	1.367864e+01	1.305343e+02
5.120000e-06	1.891443e-06	2.097792e-09	1.337335e+01	1.300258e+02
5.130000e-06	1.848085e-06	2.089802e-09	1.306679e+01	1.295052e+02
5.140000e-06	1.804663e-06	2.085445e-09	1.275978e+01	1.289726e+02
5.150000e-06	1.761187e-06	2.081954e-09	1.245238e+01	1.284285e+02
5.160000e-06	1.717522e-06	2.073430e-09	1.214366e+01	1.278733e+02
5.170000e-06	1.673745e-06	2.062946e-09	1.183413e+01	1.273072e+02
5.180000e-06	1.629941e-06	2.056623e-09	1.152441e+01	1.267306e+02
5.190000e-06	1.586049e-06	2.052396e-09	1.121408e+01	1.261437e+02
5.200000e-06	1.542073e-06	2.046334e-09	1.090315e+01	1.255467e+02
5.210000e-06	1.498055e-06	2.040052e-09	1.059192e+01	1.249396e+02
5.220000e-06	1.454066e-06	2.034918e-09	1.028090e+01	1.243226e+02
5.230000e-06	1.410048e-06	2.030390e-09	9.969673e+00	1.236954e+02
5.240000e-06	1.365940e-06	2.021536e-09	9.657808e+00	1.230579e+02
5.250000e-06	1.321771e-06	2.009827e-09	9.345512e+00	1.224097e+02
5.260000e-06	1.277582e-06	2.000853e-09	9.033080e+00	1.217506e+02
5.270000e-06	1.233346e-06	1.994188e-09	8.720312e+00	1.210799e+02
5.280000e-06	1.188995e-06	1.985342e-09	8.406731e+00	1.203969e+02
5.290000e-06	1.144590e-06	1.974717e-09	8.092769e+00	1.197008e+02
5.300000e-06	1.100144e-06	1.967093e-09	7.778516e+00	1.189908e+02
5.310000e-06	1.055503e-06	1.960577e-09	7.462880e+00	1.182658e+02
5.320000e-06	1.010743e-06	1.947646e-09	7.146405e+00	1.175247e+02
5.330000e-06	9.659478e-07	1.926850e-09	6.829685e+00	1.167663e+02
5.340000e-06	9.210632e-07	1.907083e-09	6.512332e+00	1.159893e+02
5.350000e-06	8.761391e-07	1.892577e-09	6.194698e+00	1.151923e+02
5.360000e-06	8.311730e-07	1.881983e-09	5.876767e+00	1.143739e+02
5.370000e-06	7.860740e-07	1.873106e-09	5.557897e+00	1.135325e+02
5.380000e-06	7.408783e-07	1.866190e-09	5.238343e+00	1.126667e+02
5.390000e-06	6.956813e-07	1.861232e-09	4.918780e+00	1.117749e+02
5.400000e-06	6.504809e-07	1.852574e-09	4.599192e+00	1.108557e+02
5.410000e-06	6.051562e-07	1.831979e-09	4.278726e+00	1.099074e+02
5.420000e-06	5.597145e-07	1.802024e-09	3.957433e+00	1.089286e+02
5.430000e-06	5.143374e-07	1.777154e-09	3.636597e+00	1.079177e+02
5.440000e-06	4.688960e-07	1.760310e-09	3.315305e+00	1.068734e+02
5.450000e-06	4.232744e-07	1.746086e-09	2.992740e+00	1.057943e+02
5.460000e-06	3.775665e-07	1.733444e-09	2.669565e+00	1.046791e+02
5.470000e-06	3.318501e-07	1.724777e-09	2.346330e+00	1.035264e+02
5.480000e-06	2.861735e-07	1.715974e-09	2.023376e+00	1.023350e+02
5.490000e-06	2.405131e-07	1.695780e-09	1.700536e+00	1.011039e+02
5.500000e-06	1.948307e-07	1.663671e-09	1.377541e+00	9.983183e+01
5.510000e-06	1.491265e-07	1.633327e-09	1.054392e+00	9.851787e+01
5.520000e-06	1.034092e-07	1.608761e-09	7.311495e-01	9.716096e+01
5.530000e-06	5.772196e-08	1.583865e-09	4.081202e-01	9.576016e+01
5.540000e-06	1.209110e-08	1.558839e-09	8.548949e-02	9.431452e+01
5.550000e-06	-3.346709e-08	1.538588e-09	-2.366274e-01	9.282312e+01
5.560000e-06	-7.903183e-08	1.521037e-09	-5.587906e-01	9.128505e+01
5.570000e-06	-1.246745e-07	1.496276e-09	-8.815045e-01	8.969938e+01
5.580000e-06	-1.703406e-07	1.463181e-09	-1.204385e+00	8.806517e+01
5.590000e-06	-2.160346e-07	1.430803e-09	-1.527462e+00	8.638145e+01
5.600000e-06	-2.617841e-07	1.404794e-09	-1.850931e+00	8.464720e+01
5.610000e-06	-3.075014e-07	1.378438e-09	-2.174173e+00	8.286137e+01
5.620000e-06	-3.531602e-07	1.346128e-09	-2.497002e+00	8.102284e+01
5.630000e-06	-3.987750e-07	1.311080e-09	-2.819519e+00	7.913045e+01
5.640000e-06	-4.443288e-07	1.279981e-09	-3.141605e+00	7.718298e+01
5.650000e-06	-4.899112e-07	1.248186e-09	-3.463893e+00	7.517915e+01
5.660000e-06	-5.353923e-07	1.209427e-09	-3.785464e+00	7.311763e+01
5.670000e-06	-5.807110e-07	1.168654e-09	-4.105888e+00	7.099705e+01
5.680000e-06	-6.259326e-07	1.133350e-09	-4.425625e+00	6.881603e+01
5.690000e-06	-6.710648e-07	1.104030e-09	-4.744730e+00	6.657316e+01
5.700000e-06	-7.161480e-07	1.072916e-09	-5.063488e+00	6.426706e+01
5.710000e-06	-7.612348e-07	1.033472e-09	-5.382272e+00	6.189636e+01
5.720000e-06	-8.062165e-07	9.889305e-10	-5.700314e+00	5.945977e+01
5.730000e-06	-8.510371e-07	9.459822e-10	-6.017215e+00	5.695609e+01
5.740000e-06	-8.958183e-07	9.034531e-10	-6.333839e+00	5.438423e+01
5.750000e-06	-9.405546e-07	8.594105e-10	-6.650144e+00	5.174327e+01
5.760000e-06	-9.852605e-07	8.158227e-10	-6.966235e+00	4.903248e+01
5.770000e-06	-1.029944e-06	7.766566e-10	-7.282166e+00	4.625133e+01
5.780000e-06	-1.074480e-06	7.383092e-10	-7.597057e+00	4.339959e+01
5.790000e-06	-1.118948e-06	6.954908e-10	-7.911467e+00	4.047731e+01
5.800000e-06	-1.163384e-06	6.472531e-10	-8.225648e+00	3.748485e+01
5.810000e-06	-1.207654e-06	5.963765e-10	-8.538660e+00	3.442297e+01
5.820000e-06	-1.251823e-06	5.439501e-10	-8.850954e+00	3.129279e+01
5.830000e-06	-1.295942e-06	4.899307e-10	-9.162892e+00	2.809585e+01
5.840000e-06	-1.340047e-06	4.377369e-10	-9.474737e+00	2.483411e+01
5.850000e-06	-1.384154e-06	3.917340e-10	-9.786589e+00	2.151001e+01
5.860000e-06	-1.428224e-06	3.466736e-10	-1.009819e+01	1.812642e+01
5.870000e-06	-1.472246e-06	2.965924e-10	-1.040944e+01	1.468667e+01
5.880000e-06	-1.516235e-06	2.435074e-10	-1.072046e+01	1.119456e+01
5.890000e-06	-1.560176e-06	1.848154e-10	-1.103115e+01	7.654330e+00
5.900000e-06	-1.604018e-06	1.214710e-10	-1.134113e+01	4.070669e+00
5.910000e-06	-1.647773e-06	5.803575e-11	-1.165050e+01	4.486624e-01
5.920000e-06	-1.691438e-06	-2.834158e-12	-1.195923e+01	-3.206216e+00
5.930000e-06	-1.735025e-06	-5.755560e-11	-1.226741e+01	-6.888142e+00
5.940000e-06	-1.778502e-06	-1.094164e-10	-1.257481e+01	-1.059099e+01
5.950000e-06	-1.821860e-06	-1.640479e-10	-1.288137e+01	-1.430835e+01
5.960000e-06	-1.865144e-06	-2.214694e-10	-1.318741e+01	-1.803363e+01
5.970000e-06	-1.908316e-06	-2.791774e-10	-1.349265e+01	-2.176005e+01
5.980000e-06	-1.951317e-06	-3.351589e-10	-1.379669e+01	-2.548075e+01
5.990000e-06	-1.994089e-06	-3.923817e-10	-1.409910e+01	-2.918882e+01
6.000000e-06	-2.036761e-06	-4.504769e-10	-1.440082e+01	-3.287736e+01
6.010000e-06	-2.079391e-06	-5.077659e-10	-1.470223e+01	-3.653957e+01
6.020000e-06	-2.121872e-06	-5.648183e-10	-1.500259e+01	-4.016877e+01
6.030000e-06	-2.164197e-06	-6.257320e-10	-1.530184e+01	-4.375851e+01
6.040000e-06	-2.206367e-06	-6.888919e-10	-1.560000e+01	-4.730256e+01
6.050000e-06	-2.248410e-06	-7.467586e-10	-1.589727e+01	-5.079505e+01
6.060000e-06	-2.290335e-06	-7.959405e-10	-1.619370e+01	-5.423043e+01
6.070000e-06	-2.332076e-06	-8.432584e-10	-1.648882e+01	-5.760359e+01
6.080000e-06	-2.373634e-06	-8.948061e-10	-1.678266e+01	-6.090985e+01
6.090000e-06	-2.415010e-06	-9.468212e-10	-1.707520e+01	-6.414501e+01
6.100000e-06	-2.456162e-06	-9.958571e-10	-1.736617e+01	-6.730540e+01
6.110000e-06	-2.497074e-06	-1.046296e-09	-1.765544e+01	-7.038785e+01
6.120000e-06	-2.537771e-06	-1.100068e-09	-1.794318e+01	-7.338974e+01
6.130000e-06	-2.578268e-06	-1.151603e-09	-1.822951e+01	-7.630900e+01
6.140000e-06	-2.618649e-06	-1.195537e-09	-1.851503e+01	-7.914409e+01
6.150000e-06	-2.658912e-06	-1.233754e-09	-1.879970e+01	-8.189400e+01
6.160000e-06	-2.699042e-06	-1.272255e-09	-1.908344e+01	-8.455826e+01
6.170000e-06	-2.739092e-06	-1.314288e-09	-1.936661e+01	-8.713687e+01
6.180000e-06	-2.779037e-06	-1.356938e-09	-1.964904e+01	-8.963028e+01
6.190000e-06	-2.818872e-06	-1.398993e-09	-1.993069e+01	-9.203941e+01
6.200000e-06	-2.858580e-06	-1.443803e-09	-2.021144e+01	-9.436553e+01
6.210000e-06	-2.898152e-06	-1.489037e-09	-2.049124e+01	-9.661027e+01
6.220000e-06	-2.937495e-06	-1.528304e-09	-2.076941e+01	-9.877558e+01
6.230000e-06	-2.976540e-06	-1.556965e-09	-2.104548e+01	-1.008636e+02
6.240000e-06	-3.015286e-06	-1.582093e-09	-2.131943e+01	-1.028768e+02
6.250000e-06	-3.053697e-06	-1.609232e-09	-2.159101e+01	-1.048177e+02
6.260000e-06	-3.091735e-06	-1.639149e-09	-2.185996e+01	-1.066890e+02
6.270000e-06	-3.129381e-06	-1.669406e-09	-2.212613e+01	-1.084933e+02
6.280000e-06	-3.166633e-06	-1.703698e-09	-2.238952e+01	-1.102334e+02
6.290000e-06	-3.203542e-06	-1.741798e-09	-2.265048e+01	-1.119121e+02
6.300000e-06	-3.240142e-06	-1.774896e-09	-2.290926e+01	-1.135319e+02
6.310000e-06	-3.276440e-06	-1.797867e-09	-2.316591e+01	-1.150955e+02
6.320000e-06	-3.312555e-06	-1.815070e-09	-2.342126e+01	-1.166052e+02
6.330000e-06	-3.348517e-06	-1.831418e-09	-2.367552e+01	-1.180635e+02
6.340000e-06	-3.384348e-06	-1.849886e-09	-2.392886e+01	-1.194723e+02
6.350000e-06	-3.420023e-06	-1.869930e-09	-2.418110e+01	-1.208336e+02
6.360000e-06	-3.455470e-06	-1.890683e-09	-2.443173e+01	-1.221492e+02
6.370000e-06	-3.490760e-06	-1.915649e-09	-2.468124e+01	-1.234207e+02
6.380000e-06	-3.525892e-06	-1.941231e-09	-2.492964e+01	-1.246495e+02
6.390000e-06	-3.560762e-06	-1.961891e-09	-2.517619e+01	-1.258367e+02
6.400000e-06	-3.595329e-06	-1.977238e-09	-2.542059e+01	-1.269834e+02
6.410000e-06	-3.629644e-06	-1.989766e-09	-2.566322e+01	-1.280906e+02
6.420000e-06	-3.663749e-06	-2.001906e-09	-2.590435e+01	-1.291590e+02
6.430000e-06	-3.697609e-06	-2.015483e-09	-2.614376e+01	-1.301892e+02
6.440000e-06	-3.731230e-06	-2.030558e-09	-2.638147e+01	-1.311818e+02
6.450000e-06	-3.764562e-06	-2.048643e-09	-2.661715e+01	-1.321373e+02
6.460000e-06	-3.797601e-06	-2.065600e-09	-2.685075e+01	-1.330561e+02
6.470000e-06	-3.830424e-06	-2.077968e-09	-2.708282e+01	-1.339388e+02
6.480000e-06	-3.862916e-06	-2.087979e-09	-2.731255e+01	-1.347857e+02
6.490000e-06	-3.895149e-06	-2.095484e-09	-2.754045e+01	-1.355973e+02
6.500000e-06	-3.927239e-06	-2.101333e-09	-2.776735e+01	-1.363741e+02
6.510000e-06	-3.959146e-06	-2.109998e-09	-2.799294e+01	-1.371167e+02
6.520000e-06	-3.990856e-06	-2.122940e-09	-2.821714e+01	-1.378257e+02
6.530000e-06	-4.022350e-06	-2.139781e-09	-2.843982e+01	-1.385020e+02
6.540000e-06	-4.053534e-06	-2.155791e-09	-2.866031e+01	-1.391462e+02
6.550000e-06	-4.084336e-06	-2.164702e-09	-2.887809e+01	-1.397594e+02
6.560000e-06	-4.114731e-06	-2.166676e-09	-2.909300e+01	-1.403424e+02
6.570000e-06	-4.144611e-06	-2.168828e-09	-2.930426e+01	-1.408966e+02
6.580000e-06	-4.173980e-06	-2.173293e-09	-2.951192e+01	-1.414229e+02
6.590000e-06	-4.202893e-06	-2.180331e-09	-2.971635e+01	-1.419228e+02
6.600000e-06	-4.231361e-06	-2.191740e-09	-2.991763e+01	-1.423976e+02
6.610000e-06	-4.259534e-06	-2.205901e-09	-3.011682e+01	-1.428486e+02
6.620000e-06	-4.287554e-06	-2.218924e-09	-3.031494e+01	-1.432772e+02
6.630000e-06	-4.315438e-06	-2.229058e-09	-3.051209e+01	-1.436849e+02
6.640000e-06	-4.343119e-06	-2.235554e-09	-3.070780e+01	-1.440731e+02
6.650000e-06	-4.370588e-06	-2.238190e-09	-3.090202e+01	-1.444433e+02
6.660000e-06	-4.397835e-06	-2.241310e-09	-3.109467e+01	-1.447967e+02
6.670000e-06	-4.424702e-06	-2.246776e-09	-3.128463e+01	-1.451348e+02
6.680000e-06	-4.451142e-06	-2.251897e-09	-3.147158e+01	-1.454587e+02
6.690000e-06	-4.477257e-06	-2.259444e-09	-3.165622e+01	-1.457696e+02
6.700000e-06	-4.503063e-06	-2.270108e-09	-3.183868e+01	-1.460685e+02
6.710000e-06	-4.528588e-06	-2.276388e-09	-3.201916e+01	-1.463565e+02
6.720000e-06	-4.553814e-06	-2.275643e-09	-3.219752e+01	-1.466342e+02
6.730000e-06	-4.578708e-06	-2.274301e-09	-3.237353e+01	-1.469025e+02
6.740000e-06	-4.603262e-06	-2.279228e-09	-3.254714e+01	-1.471619e+02
6.750000e-06	-4.627530e-06	-2.284778e-09	-3.271872e+01	-1.474128e+02
6.760000e-06	-4.651606e-06	-2.287061e-09	-3.288895e+01	-1.476557e+02
6.770000e-06	-4.675513e-06	-2.290642e-09	-3.305798e+01	-1.478907e+02
6.780000e-06	-4.699235e-06	-2.297520e-09	-3.322570e+01	-1.481180e+02
6.790000e-06	-4.722595e-06	-2.303221e-09	-3.339087e+01	-1.483376e+02
6.800000e-06	-4.745515e-06	-2.305206e-09	-3.355293e+01	-1.485496e+02
6.810000e-06	-4.767995e-06	-2.306087e-09	-3.371187e+01	-1.487538e+02
6.820000e-06	-4.789969e-06	-2.310004e-09	-3.386724e+01	-1.489501e+02
6.830000e-06	-4.811409e-06	-2.316103e-09	-3.401882e+01	-1.491384e+02
6.840000e-06	-4.832289e-06	-2.319874e-09	-3.416645e+01	-1.493186e+02
6.850000e-06	-4.852732e-06	-2.320781e-09	-3.431100e+01	-1.494906e+02
6.860000e-06	-4.872921e-06	-2.323834e-09	-3.445374e+01	-1.496541e+02
6.870000e-06	-4.892894e-06	-2.328661e-09	-3.459496e+01	-1.498093e+02
6.880000e-06	-4.912665e-06	-2.328820e-09	-3.473475e+01	-1.499561e+02
6.890000e-06	-4.932222e-06	-2.326724e-09	-3.487303e+01	-1.500945e+02
6.900000e-06	-4.951444e-06	-2.327929e-09	-3.500894e+01	-1.502248e+02
6.910000e-06	-4.970254e-06	-2.331641e-09	-3.514193e+01	-1.503471e+02
6.920000e-06	-4.988677e-06	-2.333305e-09	-3.527219e+01	-1.504618e+02
6.930000e-06	-5.006786e-06	-2.334148e-09	-3.540023e+01	-1.505692e+02
6.940000e-06	-5.024595e-06	-2.336427e-09	-3.552615e+01	-1.506699e+02
6.950000e-06	-5.042111e-06	-2.339326e-09	-3.564999e+01	-1.507645e+02
6.960000e-06	-5.059261e-06	-2.340848e-09	-3.577125e+01	-1.508534e+02
6.970000e-06	-5.076017e-06	-2.339602e-09	-3.588972e+01	-1.509375e+02
6.980000e-06	-5.092486e-06	-2.339162e-09	-3.600617e+01	-1.510175e+02
6.990000e-06	-5.108695e-06	-2.342816e-09	-3.612077e+01	-1.510940e+02
7.000000e-06	-5.124627e-06	-2.349096e-09	-3.623342e+01	-1.511680e+02
7.010000e-06	-5.140314e-06	-2.351167e-09	-3.634433e+01	-1.512400e+02
7.020000e-06	-5.155612e-06	-2.349039e-09	-3.645250e+01	-1.513109e+02
7.030000e-06	-5.170396e-06	-2.348990e-09	-3.655702e+01	-1.513813e+02
7.040000e-06	-5.184654e-06	-2.351558e-09	-3.665783e+01	-1.514518e+02
7.050000e-06	-5.198272e-06	-2.354132e-09	-3.675412e+01	-1.515230e+02
7.060000e-06	-5.211344e-06	-2.355786e-09	-3.684655e+01	-1.515952e+02
7.070000e-06	-5.223929e-06	-2.357664e-09	-3.693553e+01	-1.516690e+02
7.080000e-06	-5.236053e-06	-2.360700e-09	-3.702125e+01	-1.517443e+02
7.090000e-06	-5.247821e-06	-2.362249e-09	-3.710446e+01	-1.518213e+02
7.100000e-06	-5.259253e-06	-2.357954e-09	-3.718529e+01	-1.519000e+02
7.110000e-06	-5.270321e-06	-2.352751e-09	-3.726354e+01	-1.519802e+02
7.120000e-06	-5.280976e-06	-2.351198e-09	-3.733888e+01	-1.520614e+02
7.130000e-06	-5.291261e-06	-2.350740e-09	-3.741159e+01	-1.521433e+02
7.140000e-06	-5.301190e-06	-2.350855e-09	-3.748180e+01	-1.522253e+02
7.150000e-06	-5.310753e-06	-2.353875e-09	-3.754941e+01	-1.523066e+02
7.160000e-06	-5.319989e-06	-2.359516e-09	-3.761471e+01	-1.523864e+02
7.170000e-06	-5.328826e-06	-2.362352e-09	-3.767720e+01	-1.524639e+02
7.180000e-06	-5.337337e-06	-2.358957e-09	-3.773737e+01	-1.525382e+02
7.190000e-06	-5.345583e-06	-2.352811e-09	-3.779568e+01	-1.526081e+02
7.200000e-06	-5.353512e-06	-2.348802e-09	-3.785174e+01	-1.526729e+02
7.210000e-06	-5.361155e-06	-2.347001e-09	-3.790578e+01	-1.527314e+02
7.220000e-06	-5.368508e-06	-2.344443e-09	-3.795776e+01	-1.527826e+02
7.230000e-06	-5.375456e-06	-2.343401e-09	-3.800689e+01	-1.528258e+02
7.240000e-06	-5.381886e-06	-2.345249e-09	-3.805235e+01	-1.528601e+02
7.250000e-06	-5.387712e-06	-2.347100e-09	-3.809355e+01	-1.528848e+02
7.260000e-06	-5.392940e-06	-2.346727e-09	-3.813051e+01	-1.528994e+02
7.270000e-06	-5.397717e-06	-2.342873e-09	-3.816429e+01	-1.529033e+02
7.280000e-06	-5.402135e-06	-2.338736e-09	-3.819552e+01	-1.528963e+02
7.290000e-06	-5.406247e-06	-2.335835e-09	-3.822460e+01	-1.528784e+02
7.300000e-06	-5.410098e-06	-2.330719e-09	-3.825183e+01	-1.528495e+02
7.310000e-06	-5.413665e-06	-2.326865e-09	-3.827704e+01	-1.528101e+02
7.320000e-06	-5.416944e-06	-2.328450e-09	-3.830023e+01	-1.527606e+02
7.330000e-06	-5.419843e-06	-2.332763e-09	-3.832073e+01	-1.527017e+02
7.340000e-06	-5.422308e-06	-2.333790e-09	-3.833816e+01	-1.526341e+02
7.350000e-06	-5.424425e-06	-2.331320e-09	-3.835312e+01	-1.525590e+02
7.360000e-06	-5.426262e-06	-2.332732e-09	-3.836611e+01	-1.524775e+02
7.370000e-06	-5.427667e-06	-2.331945e-09	-3.837605e+01	-1.523909e+02
7.380000e-06	-5.428576e-06	-2.326698e-09	-3.838247e+01	-1.523007e+02
7.390000e-06	-5.429212e-06	-2.320593e-09	-3.838697e+01	-1.522084e+02
7.400000e-06	-5.429577e-06	-2.319935e-09	-3.838955e+01	-1.521156e+02
