# Temperatura_=_-1.3
# Concentracion g/m^3_=_4090.0
# C_Vs_to_Am_M_A/Vsm_=_65563218390.804596
# pendiente_HvsI_1/m_=_3716.3
# ordenada_HvsI_A/m_=_1297.0
# frecuencia_Hz_=_135064.69023339587

Tiempo_(s)	Campo_(V.s)	Magnetizacion_(V.s)	Campo_(kA/m)	Magnetizacion_(A/m)
0.000000e+00	-5.436674e-06	-2.564927e-09	-3.839867e+01	-1.673673e+02
1.000000e-08	-5.436857e-06	-2.562165e-09	-3.839996e+01	-1.672831e+02
2.000000e-08	-5.436799e-06	-2.558244e-09	-3.839955e+01	-1.671967e+02
3.000000e-08	-5.436455e-06	-2.553543e-09	-3.839713e+01	-1.671095e+02
4.000000e-08	-5.435746e-06	-2.551232e-09	-3.839212e+01	-1.670229e+02
5.000000e-08	-5.434542e-06	-2.553045e-09	-3.838361e+01	-1.669384e+02
6.000000e-08	-5.432792e-06	-2.553091e-09	-3.837125e+01	-1.668571e+02
7.000000e-08	-5.430405e-06	-2.546208e-09	-3.835440e+01	-1.667806e+02
8.000000e-08	-5.427375e-06	-2.535702e-09	-3.833300e+01	-1.667099e+02
9.000000e-08	-5.423806e-06	-2.555242e-09	-3.830779e+01	-1.666461e+02
1.000000e-07	-5.419763e-06	-2.613098e-09	-3.827923e+01	-1.665901e+02
1.100000e-07	-5.415429e-06	-2.618070e-09	-3.824862e+01	-1.665427e+02
1.200000e-07	-5.410991e-06	-2.537896e-09	-3.821728e+01	-1.665045e+02
1.300000e-07	-5.406298e-06	-2.505453e-09	-3.818413e+01	-1.664759e+02
1.400000e-07	-5.401141e-06	-2.576602e-09	-3.814771e+01	-1.664571e+02
1.500000e-07	-5.395582e-06	-2.603541e-09	-3.810844e+01	-1.664481e+02
1.600000e-07	-5.389678e-06	-2.501357e-09	-3.806675e+01	-1.664487e+02
1.700000e-07	-5.383410e-06	-2.463917e-09	-3.802247e+01	-1.664585e+02
1.800000e-07	-5.376718e-06	-2.577934e-09	-3.797521e+01	-1.664769e+02
1.900000e-07	-5.369618e-06	-2.643597e-09	-3.792506e+01	-1.665030e+02
2.000000e-07	-5.362277e-06	-2.560818e-09	-3.787322e+01	-1.665360e+02
2.100000e-07	-5.354719e-06	-2.522715e-09	-3.781984e+01	-1.665748e+02
2.200000e-07	-5.346865e-06	-2.590779e-09	-3.776436e+01	-1.666179e+02
2.300000e-07	-5.338710e-06	-2.607205e-09	-3.770676e+01	-1.666642e+02
2.400000e-07	-5.330123e-06	-2.551768e-09	-3.764612e+01	-1.667120e+02
2.500000e-07	-5.321002e-06	-2.572652e-09	-3.758169e+01	-1.667600e+02
2.600000e-07	-5.311240e-06	-2.632993e-09	-3.751275e+01	-1.668064e+02
2.700000e-07	-5.300781e-06	-2.611288e-09	-3.743887e+01	-1.668497e+02
2.800000e-07	-5.289766e-06	-2.579640e-09	-3.736108e+01	-1.668883e+02
2.900000e-07	-5.278330e-06	-2.622909e-09	-3.728031e+01	-1.669207e+02
3.000000e-07	-5.266520e-06	-2.626925e-09	-3.719689e+01	-1.669454e+02
3.100000e-07	-5.254365e-06	-2.557778e-09	-3.711104e+01	-1.669611e+02
3.200000e-07	-5.241785e-06	-2.570572e-09	-3.702219e+01	-1.669664e+02
3.300000e-07	-5.228766e-06	-2.638865e-09	-3.693024e+01	-1.669602e+02
3.400000e-07	-5.215426e-06	-2.611800e-09	-3.683602e+01	-1.669415e+02
3.500000e-07	-5.201752e-06	-2.553322e-09	-3.673944e+01	-1.669096e+02
3.600000e-07	-5.187747e-06	-2.588755e-09	-3.664053e+01	-1.668636e+02
3.700000e-07	-5.173356e-06	-2.611323e-09	-3.653888e+01	-1.668033e+02
3.800000e-07	-5.158430e-06	-2.565830e-09	-3.643347e+01	-1.667282e+02
3.900000e-07	-5.142876e-06	-2.553925e-09	-3.632361e+01	-1.666382e+02
4.000000e-07	-5.126782e-06	-2.577317e-09	-3.620993e+01	-1.665335e+02
4.100000e-07	-5.110160e-06	-2.557816e-09	-3.609254e+01	-1.664143e+02
4.200000e-07	-5.093164e-06	-2.551876e-09	-3.597250e+01	-1.662810e+02
4.300000e-07	-5.076004e-06	-2.575700e-09	-3.585130e+01	-1.661342e+02
4.400000e-07	-5.058602e-06	-2.555087e-09	-3.572839e+01	-1.659745e+02
4.500000e-07	-5.040916e-06	-2.525593e-09	-3.560347e+01	-1.658028e+02
4.600000e-07	-5.022814e-06	-2.557258e-09	-3.547563e+01	-1.656200e+02
4.700000e-07	-5.004314e-06	-2.569528e-09	-3.534496e+01	-1.654272e+02
4.800000e-07	-4.985452e-06	-2.532048e-09	-3.521174e+01	-1.652254e+02
4.900000e-07	-4.966152e-06	-2.522540e-09	-3.507542e+01	-1.650156e+02
5.000000e-07	-4.946483e-06	-2.543114e-09	-3.493651e+01	-1.647992e+02
5.100000e-07	-4.926566e-06	-2.537029e-09	-3.479583e+01	-1.645771e+02
5.200000e-07	-4.906492e-06	-2.525999e-09	-3.465405e+01	-1.643505e+02
5.300000e-07	-4.886234e-06	-2.524243e-09	-3.451097e+01	-1.641205e+02
5.400000e-07	-4.865696e-06	-2.520230e-09	-3.436591e+01	-1.638880e+02
5.500000e-07	-4.844852e-06	-2.523877e-09	-3.421870e+01	-1.636540e+02
5.600000e-07	-4.823608e-06	-2.529215e-09	-3.406865e+01	-1.634192e+02
5.700000e-07	-4.801940e-06	-2.511607e-09	-3.391561e+01	-1.631846e+02
5.800000e-07	-4.779974e-06	-2.499203e-09	-3.376047e+01	-1.629505e+02
5.900000e-07	-4.757733e-06	-2.511834e-09	-3.360338e+01	-1.627177e+02
6.000000e-07	-4.735207e-06	-2.515734e-09	-3.344428e+01	-1.624864e+02
6.100000e-07	-4.712325e-06	-2.498502e-09	-3.328267e+01	-1.622570e+02
6.200000e-07	-4.689023e-06	-2.485759e-09	-3.311809e+01	-1.620295e+02
6.300000e-07	-4.665375e-06	-2.488532e-09	-3.295107e+01	-1.618040e+02
6.400000e-07	-4.641510e-06	-2.493187e-09	-3.278251e+01	-1.615805e+02
6.500000e-07	-4.617485e-06	-2.488703e-09	-3.261282e+01	-1.613586e+02
6.600000e-07	-4.593276e-06	-2.477166e-09	-3.244184e+01	-1.611382e+02
6.700000e-07	-4.568779e-06	-2.477293e-09	-3.226882e+01	-1.609189e+02
6.800000e-07	-4.543741e-06	-2.484805e-09	-3.209198e+01	-1.607002e+02
6.900000e-07	-4.518118e-06	-2.480274e-09	-3.191100e+01	-1.604817e+02
7.000000e-07	-4.492029e-06	-2.464729e-09	-3.172674e+01	-1.602628e+02
7.100000e-07	-4.465553e-06	-2.456946e-09	-3.153975e+01	-1.600429e+02
7.200000e-07	-4.438702e-06	-2.456426e-09	-3.135010e+01	-1.598214e+02
7.300000e-07	-4.411353e-06	-2.456428e-09	-3.115693e+01	-1.595978e+02
7.400000e-07	-4.383633e-06	-2.452224e-09	-3.096115e+01	-1.593715e+02
7.500000e-07	-4.355770e-06	-2.449413e-09	-3.076436e+01	-1.591419e+02
7.600000e-07	-4.327757e-06	-2.450102e-09	-3.056650e+01	-1.589085e+02
7.700000e-07	-4.299507e-06	-2.447829e-09	-3.036698e+01	-1.586708e+02
7.800000e-07	-4.270963e-06	-2.432918e-09	-3.016537e+01	-1.584283e+02
7.900000e-07	-4.242100e-06	-2.415629e-09	-2.996152e+01	-1.581806e+02
8.000000e-07	-4.212933e-06	-2.408213e-09	-2.975552e+01	-1.579276e+02
8.100000e-07	-4.183475e-06	-2.408995e-09	-2.954746e+01	-1.576688e+02
8.200000e-07	-4.153767e-06	-2.411180e-09	-2.933763e+01	-1.574040e+02
8.300000e-07	-4.123866e-06	-2.410755e-09	-2.912645e+01	-1.571332e+02
8.400000e-07	-4.093678e-06	-2.406332e-09	-2.891323e+01	-1.568563e+02
8.500000e-07	-4.063120e-06	-2.403093e-09	-2.869740e+01	-1.565733e+02
8.600000e-07	-4.032149e-06	-2.396483e-09	-2.847865e+01	-1.562843e+02
8.700000e-07	-4.000718e-06	-2.382854e-09	-2.825666e+01	-1.559892e+02
8.800000e-07	-3.969155e-06	-2.367259e-09	-2.803374e+01	-1.556884e+02
8.900000e-07	-3.937552e-06	-2.362077e-09	-2.781053e+01	-1.553819e+02
9.000000e-07	-3.905709e-06	-2.362988e-09	-2.758563e+01	-1.550701e+02
9.100000e-07	-3.873707e-06	-2.360741e-09	-2.735959e+01	-1.547532e+02
9.200000e-07	-3.841563e-06	-2.352913e-09	-2.713257e+01	-1.544314e+02
9.300000e-07	-3.809153e-06	-2.345966e-09	-2.690366e+01	-1.541051e+02
9.400000e-07	-3.776483e-06	-2.342548e-09	-2.667291e+01	-1.537745e+02
9.500000e-07	-3.743542e-06	-2.337548e-09	-2.644026e+01	-1.534399e+02
9.600000e-07	-3.710191e-06	-2.328505e-09	-2.620470e+01	-1.531017e+02
9.700000e-07	-3.676380e-06	-2.318728e-09	-2.596590e+01	-1.527601e+02
9.800000e-07	-3.642078e-06	-2.311937e-09	-2.572363e+01	-1.524153e+02
9.900000e-07	-3.607301e-06	-2.301597e-09	-2.547800e+01	-1.520677e+02
1.000000e-06	-3.572178e-06	-2.289650e-09	-2.522992e+01	-1.517172e+02
1.010000e-06	-3.536823e-06	-2.281607e-09	-2.498022e+01	-1.513642e+02
1.020000e-06	-3.501276e-06	-2.278797e-09	-2.472915e+01	-1.510088e+02
1.030000e-06	-3.465508e-06	-2.277668e-09	-2.447653e+01	-1.506511e+02
1.040000e-06	-3.429551e-06	-2.276241e-09	-2.422257e+01	-1.502912e+02
1.050000e-06	-3.393490e-06	-2.269091e-09	-2.396787e+01	-1.499290e+02
1.060000e-06	-3.357296e-06	-2.255011e-09	-2.371224e+01	-1.495646e+02
1.070000e-06	-3.320832e-06	-2.240922e-09	-2.345469e+01	-1.491980e+02
1.080000e-06	-3.284119e-06	-2.230439e-09	-2.319539e+01	-1.488290e+02
1.090000e-06	-3.247199e-06	-2.221886e-09	-2.293464e+01	-1.484577e+02
1.100000e-06	-3.210020e-06	-2.220142e-09	-2.267204e+01	-1.480838e+02
1.110000e-06	-3.172642e-06	-2.223432e-09	-2.240804e+01	-1.477073e+02
1.120000e-06	-3.135085e-06	-2.226805e-09	-2.214278e+01	-1.473279e+02
1.130000e-06	-3.097324e-06	-2.220645e-09	-2.187608e+01	-1.469455e+02
1.140000e-06	-3.059323e-06	-2.205448e-09	-2.160769e+01	-1.465599e+02
1.150000e-06	-3.021107e-06	-2.185799e-09	-2.133777e+01	-1.461708e+02
1.160000e-06	-2.982754e-06	-2.169985e-09	-2.106689e+01	-1.457780e+02
1.170000e-06	-2.944112e-06	-2.161808e-09	-2.079396e+01	-1.453813e+02
1.180000e-06	-2.905200e-06	-2.159993e-09	-2.051913e+01	-1.449804e+02
1.190000e-06	-2.866198e-06	-2.161746e-09	-2.024366e+01	-1.445751e+02
1.200000e-06	-2.826861e-06	-2.164000e-09	-1.996583e+01	-1.441650e+02
1.210000e-06	-2.787231e-06	-2.161396e-09	-1.968593e+01	-1.437499e+02
1.220000e-06	-2.747541e-06	-2.151895e-09	-1.940560e+01	-1.433294e+02
1.230000e-06	-2.707752e-06	-2.137217e-09	-1.912457e+01	-1.429034e+02
1.240000e-06	-2.667876e-06	-2.122956e-09	-1.884293e+01	-1.424715e+02
1.250000e-06	-2.627936e-06	-2.114048e-09	-1.856085e+01	-1.420334e+02
1.260000e-06	-2.587865e-06	-2.106350e-09	-1.827782e+01	-1.415888e+02
1.270000e-06	-2.547630e-06	-2.100103e-09	-1.799365e+01	-1.411375e+02
1.280000e-06	-2.507273e-06	-2.098800e-09	-1.770861e+01	-1.406790e+02
1.290000e-06	-2.466753e-06	-2.099548e-09	-1.742242e+01	-1.402130e+02
1.300000e-06	-2.426026e-06	-2.093427e-09	-1.713478e+01	-1.397394e+02
1.310000e-06	-2.385119e-06	-2.079166e-09	-1.684585e+01	-1.392576e+02
1.320000e-06	-2.343938e-06	-2.063366e-09	-1.655500e+01	-1.387676e+02
1.330000e-06	-2.302434e-06	-2.051899e-09	-1.626186e+01	-1.382688e+02
1.340000e-06	-2.260667e-06	-2.042710e-09	-1.596686e+01	-1.377610e+02
1.350000e-06	-2.218511e-06	-2.032376e-09	-1.566912e+01	-1.372439e+02
1.360000e-06	-2.175921e-06	-2.021484e-09	-1.536831e+01	-1.367173e+02
1.370000e-06	-2.133104e-06	-2.015885e-09	-1.506590e+01	-1.361807e+02
1.380000e-06	-2.090168e-06	-2.011008e-09	-1.476264e+01	-1.356338e+02
1.390000e-06	-2.047059e-06	-2.001179e-09	-1.445817e+01	-1.350765e+02
1.400000e-06	-2.003712e-06	-1.988507e-09	-1.415201e+01	-1.345084e+02
1.410000e-06	-1.960242e-06	-1.979261e-09	-1.384499e+01	-1.339291e+02
1.420000e-06	-1.916759e-06	-1.975094e-09	-1.353787e+01	-1.333386e+02
1.430000e-06	-1.873163e-06	-1.968281e-09	-1.322996e+01	-1.327364e+02
1.440000e-06	-1.829421e-06	-1.954751e-09	-1.292102e+01	-1.321222e+02
1.450000e-06	-1.785645e-06	-1.940486e-09	-1.261183e+01	-1.314960e+02
1.460000e-06	-1.741811e-06	-1.929751e-09	-1.230223e+01	-1.308573e+02
1.470000e-06	-1.697852e-06	-1.919532e-09	-1.199176e+01	-1.302059e+02
1.480000e-06	-1.653799e-06	-1.908257e-09	-1.168061e+01	-1.295416e+02
1.490000e-06	-1.609622e-06	-1.899378e-09	-1.136860e+01	-1.288641e+02
1.500000e-06	-1.565369e-06	-1.894172e-09	-1.105604e+01	-1.281731e+02
1.510000e-06	-1.521051e-06	-1.889082e-09	-1.074303e+01	-1.274683e+02
1.520000e-06	-1.476691e-06	-1.878372e-09	-1.042972e+01	-1.267495e+02
1.530000e-06	-1.432253e-06	-1.862924e-09	-1.011586e+01	-1.260162e+02
1.540000e-06	-1.387739e-06	-1.847822e-09	-9.801457e+00	-1.252682e+02
1.550000e-06	-1.343224e-06	-1.830523e-09	-9.487057e+00	-1.245050e+02
1.560000e-06	-1.298585e-06	-1.813406e-09	-9.171773e+00	-1.237264e+02
1.570000e-06	-1.253777e-06	-1.803123e-09	-8.855296e+00	-1.229317e+02
1.580000e-06	-1.208841e-06	-1.798705e-09	-8.537917e+00	-1.221206e+02
1.590000e-06	-1.163847e-06	-1.794057e-09	-8.220130e+00	-1.212925e+02
1.600000e-06	-1.118789e-06	-1.783099e-09	-7.901891e+00	-1.204467e+02
1.610000e-06	-1.073629e-06	-1.763315e-09	-7.582935e+00	-1.195828e+02
1.620000e-06	-1.028368e-06	-1.739883e-09	-7.263258e+00	-1.187000e+02
1.630000e-06	-9.829855e-07	-1.718752e-09	-6.942726e+00	-1.177975e+02
1.640000e-06	-9.375381e-07	-1.701666e-09	-6.621736e+00	-1.168745e+02
1.650000e-06	-8.920327e-07	-1.687770e-09	-6.300336e+00	-1.159303e+02
1.660000e-06	-8.464676e-07	-1.679142e-09	-5.978514e+00	-1.149638e+02
1.670000e-06	-8.008245e-07	-1.675586e-09	-5.656142e+00	-1.139742e+02
1.680000e-06	-7.550707e-07	-1.666702e-09	-5.332987e+00	-1.129603e+02
1.690000e-06	-7.091987e-07	-1.645661e-09	-5.008998e+00	-1.119211e+02
1.700000e-06	-6.632567e-07	-1.618225e-09	-4.684514e+00	-1.108555e+02
1.710000e-06	-6.172971e-07	-1.592991e-09	-4.359906e+00	-1.097623e+02
1.720000e-06	-5.713735e-07	-1.572655e-09	-4.035552e+00	-1.086403e+02
1.730000e-06	-5.254978e-07	-1.555612e-09	-3.711537e+00	-1.074882e+02
1.740000e-06	-4.795919e-07	-1.541185e-09	-3.387309e+00	-1.063048e+02
1.750000e-06	-4.336254e-07	-1.530971e-09	-3.062652e+00	-1.050887e+02
1.760000e-06	-3.875855e-07	-1.521340e-09	-2.737476e+00	-1.038386e+02
1.770000e-06	-3.415598e-07	-1.505257e-09	-2.412402e+00	-1.025531e+02
1.780000e-06	-2.955804e-07	-1.480034e-09	-2.087654e+00	-1.012310e+02
1.790000e-06	-2.495801e-07	-1.451080e-09	-1.762759e+00	-9.987070e+01
1.800000e-06	-2.035378e-07	-1.423151e-09	-1.437567e+00	-9.847101e+01
1.810000e-06	-1.574921e-07	-1.398721e-09	-1.112350e+00	-9.703049e+01
1.820000e-06	-1.114296e-07	-1.378905e-09	-7.870160e-01	-9.554782e+01
1.830000e-06	-6.532549e-08	-1.361053e-09	-4.613873e-01	-9.402163e+01
1.840000e-06	-1.925826e-08	-1.342906e-09	-1.360191e-01	-9.245061e+01
1.850000e-06	2.679139e-08	-1.322712e-09	1.892249e-01	-9.083346e+01
1.860000e-06	7.284632e-08	-1.299588e-09	5.145061e-01	-8.916890e+01
1.870000e-06	1.188709e-07	-1.273596e-09	8.395734e-01	-8.745568e+01
1.880000e-06	1.648913e-07	-1.245763e-09	1.164611e+00	-8.569257e+01
1.890000e-06	2.109274e-07	-1.216909e-09	1.489759e+00	-8.387840e+01
1.900000e-06	2.570356e-07	-1.187344e-09	1.815416e+00	-8.201202e+01
1.910000e-06	3.031637e-07	-1.158262e-09	2.141214e+00	-8.009231e+01
1.920000e-06	3.492339e-07	-1.130574e-09	2.466603e+00	-7.811822e+01
1.930000e-06	3.952331e-07	-1.102244e-09	2.791491e+00	-7.608873e+01
1.940000e-06	4.410811e-07	-1.071812e-09	3.115311e+00	-7.400286e+01
1.950000e-06	4.868737e-07	-1.041514e-09	3.438739e+00	-7.185972e+01
1.960000e-06	5.327363e-07	-1.011716e-09	3.762662e+00	-6.965845e+01
1.970000e-06	5.786229e-07	-9.781502e-10	4.086754e+00	-6.739827e+01
1.980000e-06	6.244121e-07	-9.397620e-10	4.410159e+00	-6.507848e+01
1.990000e-06	6.701548e-07	-9.003778e-10	4.733235e+00	-6.269845e+01
2.000000e-06	7.159437e-07	-8.647097e-10	5.056637e+00	-6.025766e+01
2.010000e-06	7.616941e-07	-8.320042e-10	5.379768e+00	-5.775567e+01
2.020000e-06	8.073182e-07	-7.981940e-10	5.702006e+00	-5.519218e+01
2.030000e-06	8.528593e-07	-7.642438e-10	6.023658e+00	-5.256699e+01
2.040000e-06	8.982887e-07	-7.294165e-10	6.344521e+00	-4.988005e+01
2.050000e-06	9.436506e-07	-6.899703e-10	6.664908e+00	-4.713147e+01
2.060000e-06	9.890517e-07	-6.456553e-10	6.985571e+00	-4.432149e+01
2.070000e-06	1.034379e-06	-6.010162e-10	7.305710e+00	-4.145057e+01
2.080000e-06	1.079607e-06	-5.597682e-10	7.625151e+00	-3.851934e+01
2.090000e-06	1.124727e-06	-5.182129e-10	7.943830e+00	-3.552864e+01
2.100000e-06	1.169683e-06	-4.726983e-10	8.261353e+00	-3.247951e+01
2.110000e-06	1.214497e-06	-4.279019e-10	8.577871e+00	-2.937327e+01
2.120000e-06	1.259279e-06	-3.862829e-10	8.894161e+00	-2.621142e+01
2.130000e-06	1.304052e-06	-3.434300e-10	9.210385e+00	-2.299577e+01
2.140000e-06	1.348716e-06	-2.934024e-10	9.525845e+00	-1.972834e+01
2.150000e-06	1.393200e-06	-2.376527e-10	9.840026e+00	-1.641147e+01
2.160000e-06	1.437597e-06	-1.835442e-10	1.015360e+01	-1.304772e+01
2.170000e-06	1.481996e-06	-1.329746e-10	1.046719e+01	-9.639952e+00
2.180000e-06	1.526337e-06	-8.213408e-11	1.078036e+01	-6.191296e+00
2.190000e-06	1.570552e-06	-3.195204e-11	1.109265e+01	-2.705141e+00
2.200000e-06	1.614636e-06	1.629709e-11	1.140401e+01	8.148617e-01
2.210000e-06	1.658624e-06	6.564691e-11	1.171469e+01	4.364810e+00
2.220000e-06	1.702559e-06	1.198871e-10	1.202500e+01	7.940570e+00
2.230000e-06	1.746459e-06	1.780215e-10	1.233506e+01	1.153779e+01
2.240000e-06	1.790314e-06	2.339980e-10	1.264480e+01	1.515191e+01
2.250000e-06	1.834081e-06	2.885405e-10	1.295392e+01	1.877821e+01
2.260000e-06	1.877767e-06	3.438454e-10	1.326247e+01	2.241182e+01
2.270000e-06	1.921431e-06	3.981234e-10	1.357087e+01	2.604773e+01
2.280000e-06	1.964946e-06	4.510593e-10	1.387821e+01	2.968087e+01
2.290000e-06	2.008226e-06	5.038531e-10	1.418390e+01	3.330608e+01
2.300000e-06	2.051348e-06	5.584537e-10	1.448846e+01	3.691821e+01
2.310000e-06	2.094371e-06	6.147358e-10	1.479233e+01	4.051209e+01
2.320000e-06	2.137298e-06	6.691211e-10	1.509551e+01	4.408263e+01
2.330000e-06	2.179981e-06	7.217895e-10	1.539698e+01	4.762479e+01
2.340000e-06	2.222351e-06	7.725726e-10	1.569624e+01	5.113367e+01
2.350000e-06	2.264434e-06	8.212057e-10	1.599347e+01	5.460452e+01
2.360000e-06	2.306211e-06	8.694953e-10	1.628853e+01	5.803279e+01
2.370000e-06	2.347631e-06	9.188534e-10	1.658108e+01	6.141412e+01
2.380000e-06	2.388609e-06	9.687501e-10	1.687050e+01	6.474442e+01
2.390000e-06	2.429330e-06	1.017992e-09	1.715811e+01	6.801987e+01
2.400000e-06	2.469831e-06	1.065116e-09	1.744416e+01	7.123694e+01
2.410000e-06	2.510140e-06	1.109135e-09	1.772886e+01	7.439243e+01
2.420000e-06	2.550401e-06	1.150501e-09	1.801322e+01	7.748347e+01
2.430000e-06	2.590541e-06	1.190800e-09	1.829673e+01	8.050753e+01
2.440000e-06	2.630543e-06	1.230526e-09	1.857926e+01	8.346244e+01
2.450000e-06	2.670450e-06	1.271188e-09	1.886112e+01	8.634638e+01
2.460000e-06	2.710303e-06	1.312712e-09	1.914259e+01	8.915791e+01
2.470000e-06	2.750039e-06	1.354113e-09	1.942324e+01	9.189593e+01
2.480000e-06	2.789673e-06	1.394528e-09	1.970318e+01	9.455967e+01
2.490000e-06	2.829159e-06	1.430844e-09	1.998206e+01	9.714872e+01
2.500000e-06	2.868347e-06	1.463972e-09	2.025884e+01	9.966298e+01
2.510000e-06	2.907307e-06	1.496359e-09	2.053401e+01	1.021027e+02
2.520000e-06	2.946028e-06	1.530429e-09	2.080749e+01	1.044682e+02
2.530000e-06	2.984486e-06	1.565021e-09	2.107912e+01	1.067604e+02
2.540000e-06	3.022736e-06	1.598504e-09	2.134927e+01	1.089802e+02
2.550000e-06	3.060734e-06	1.632228e-09	2.161765e+01	1.111287e+02
2.560000e-06	3.098587e-06	1.663744e-09	2.188500e+01	1.132074e+02
2.570000e-06	3.136269e-06	1.690464e-09	2.215114e+01	1.152177e+02
2.580000e-06	3.173736e-06	1.712556e-09	2.241577e+01	1.171612e+02
2.590000e-06	3.211016e-06	1.735566e-09	2.267907e+01	1.190396e+02
2.600000e-06	3.248089e-06	1.762466e-09	2.294092e+01	1.208547e+02
2.610000e-06	3.284917e-06	1.791878e-09	2.320103e+01	1.226084e+02
2.620000e-06	3.321424e-06	1.820338e-09	2.345888e+01	1.243024e+02
2.630000e-06	3.357717e-06	1.846617e-09	2.371521e+01	1.259387e+02
2.640000e-06	3.393913e-06	1.869649e-09	2.397086e+01	1.275189e+02
2.650000e-06	3.429964e-06	1.886517e-09	2.422549e+01	1.290450e+02
2.660000e-06	3.465867e-06	1.899575e-09	2.447906e+01	1.305185e+02
2.670000e-06	3.501651e-06	1.915634e-09	2.473180e+01	1.319412e+02
2.680000e-06	3.537304e-06	1.937206e-09	2.498361e+01	1.333148e+02
2.690000e-06	3.572732e-06	1.959919e-09	2.523384e+01	1.346406e+02
2.700000e-06	3.607897e-06	1.980228e-09	2.548221e+01	1.359202e+02
2.710000e-06	3.642683e-06	2.000876e-09	2.572790e+01	1.371549e+02
2.720000e-06	3.676905e-06	2.022039e-09	2.596960e+01	1.383461e+02
2.730000e-06	3.710626e-06	2.038750e-09	2.620777e+01	1.394950e+02
2.740000e-06	3.743937e-06	2.048413e-09	2.644304e+01	1.406028e+02
2.750000e-06	3.776861e-06	2.057070e-09	2.667559e+01	1.416706e+02
2.760000e-06	3.809439e-06	2.071986e-09	2.690568e+01	1.426994e+02
2.770000e-06	3.841778e-06	2.087972e-09	2.713408e+01	1.436904e+02
2.780000e-06	3.873897e-06	2.100242e-09	2.736094e+01	1.446446e+02
2.790000e-06	3.905833e-06	2.110353e-09	2.758650e+01	1.455630e+02
2.800000e-06	3.937639e-06	2.123438e-09	2.781114e+01	1.464465e+02
2.810000e-06	3.969307e-06	2.139025e-09	2.803481e+01	1.472963e+02
2.820000e-06	4.000772e-06	2.151321e-09	2.825704e+01	1.481132e+02
2.830000e-06	4.031896e-06	2.158911e-09	2.847687e+01	1.488983e+02
2.840000e-06	4.062586e-06	2.167584e-09	2.869363e+01	1.496528e+02
2.850000e-06	4.092891e-06	2.179877e-09	2.890767e+01	1.503776e+02
2.860000e-06	4.122912e-06	2.193770e-09	2.911970e+01	1.510738e+02
2.870000e-06	4.152774e-06	2.206245e-09	2.933062e+01	1.517426e+02
2.880000e-06	4.182448e-06	2.216074e-09	2.954020e+01	1.523850e+02
2.890000e-06	4.211820e-06	2.225466e-09	2.974765e+01	1.530023e+02
2.900000e-06	4.240873e-06	2.234958e-09	2.995285e+01	1.535956e+02
2.910000e-06	4.269615e-06	2.240751e-09	3.015585e+01	1.541660e+02
2.920000e-06	4.298071e-06	2.244628e-09	3.035684e+01	1.547147e+02
2.930000e-06	4.326301e-06	2.253283e-09	3.055622e+01	1.552429e+02
2.940000e-06	4.354340e-06	2.266401e-09	3.075426e+01	1.557516e+02
2.950000e-06	4.382200e-06	2.278715e-09	3.095103e+01	1.562419e+02
2.960000e-06	4.409937e-06	2.288352e-09	3.114693e+01	1.567150e+02
2.970000e-06	4.437463e-06	2.296230e-09	3.134135e+01	1.571717e+02
2.980000e-06	4.464645e-06	2.301368e-09	3.153333e+01	1.576129e+02
2.990000e-06	4.491351e-06	2.303515e-09	3.172195e+01	1.580396e+02
3.000000e-06	4.517467e-06	2.306218e-09	3.190641e+01	1.584525e+02
3.010000e-06	4.542997e-06	2.313728e-09	3.208672e+01	1.588522e+02
3.020000e-06	4.567985e-06	2.325496e-09	3.226321e+01	1.592394e+02
3.030000e-06	4.592524e-06	2.337128e-09	3.243653e+01	1.596147e+02
3.040000e-06	4.616818e-06	2.344104e-09	3.260811e+01	1.599783e+02
3.050000e-06	4.640906e-06	2.346558e-09	3.277824e+01	1.603306e+02
3.060000e-06	4.664665e-06	2.347950e-09	3.294605e+01	1.606720e+02
3.070000e-06	4.688155e-06	2.350235e-09	3.311196e+01	1.610025e+02
3.080000e-06	4.711436e-06	2.354053e-09	3.327639e+01	1.613223e+02
3.090000e-06	4.734374e-06	2.360283e-09	3.343840e+01	1.616314e+02
3.100000e-06	4.756940e-06	2.370474e-09	3.359778e+01	1.619298e+02
3.110000e-06	4.779223e-06	2.381492e-09	3.375516e+01	1.622175e+02
3.120000e-06	4.801183e-06	2.387978e-09	3.391027e+01	1.624944e+02
3.130000e-06	4.822778e-06	2.388960e-09	3.406279e+01	1.627603e+02
3.140000e-06	4.844020e-06	2.388707e-09	3.421282e+01	1.630153e+02
3.150000e-06	4.864868e-06	2.391182e-09	3.436007e+01	1.632592e+02
3.160000e-06	4.885381e-06	2.393138e-09	3.450495e+01	1.634920e+02
3.170000e-06	4.905606e-06	2.393111e-09	3.464779e+01	1.637138e+02
3.180000e-06	4.925580e-06	2.396381e-09	3.478887e+01	1.639245e+02
3.190000e-06	4.945396e-06	2.404813e-09	3.492883e+01	1.641242e+02
3.200000e-06	4.965037e-06	2.412548e-09	3.506755e+01	1.643132e+02
3.210000e-06	4.984413e-06	2.414976e-09	3.520440e+01	1.644917e+02
3.220000e-06	5.003480e-06	2.415518e-09	3.533907e+01	1.646601e+02
3.230000e-06	5.022056e-06	2.418051e-09	3.547027e+01	1.648187e+02
3.240000e-06	5.040038e-06	2.420160e-09	3.559727e+01	1.649680e+02
3.250000e-06	5.057634e-06	2.420004e-09	3.572155e+01	1.651087e+02
3.260000e-06	5.074916e-06	2.420624e-09	3.584361e+01	1.652413e+02
3.270000e-06	5.091940e-06	2.424956e-09	3.596385e+01	1.653665e+02
3.280000e-06	5.108743e-06	2.430183e-09	3.608253e+01	1.654851e+02
3.290000e-06	5.125204e-06	2.431679e-09	3.619879e+01	1.655978e+02
3.300000e-06	5.141225e-06	2.431491e-09	3.631195e+01	1.657056e+02
3.310000e-06	5.156744e-06	2.435784e-09	3.642155e+01	1.658091e+02
3.320000e-06	5.171750e-06	2.440137e-09	3.652754e+01	1.659092e+02
3.330000e-06	5.186350e-06	2.439170e-09	3.663066e+01	1.660067e+02
3.340000e-06	5.200619e-06	2.439392e-09	3.673144e+01	1.661024e+02
3.350000e-06	5.214422e-06	2.445610e-09	3.682893e+01	1.661969e+02
3.360000e-06	5.227801e-06	2.450838e-09	3.692342e+01	1.662909e+02
3.370000e-06	5.240874e-06	2.448287e-09	3.701575e+01	1.663849e+02
3.380000e-06	5.253540e-06	2.443992e-09	3.710522e+01	1.664793e+02
3.390000e-06	5.265868e-06	2.446409e-09	3.719229e+01	1.665745e+02
3.400000e-06	5.277887e-06	2.453959e-09	3.727718e+01	1.666708e+02
3.410000e-06	5.289519e-06	2.459024e-09	3.735934e+01	1.667680e+02
3.420000e-06	5.300730e-06	2.460346e-09	3.743851e+01	1.668663e+02
3.430000e-06	5.311384e-06	2.463637e-09	3.751376e+01	1.669655e+02
3.440000e-06	5.321378e-06	2.467995e-09	3.758435e+01	1.670652e+02
3.450000e-06	5.330713e-06	2.468675e-09	3.765028e+01	1.671650e+02
3.460000e-06	5.339471e-06	2.464961e-09	3.771214e+01	1.672644e+02
3.470000e-06	5.347831e-06	2.462313e-09	3.777118e+01	1.673627e+02
3.480000e-06	5.355902e-06	2.467558e-09	3.782819e+01	1.674592e+02
3.490000e-06	5.363784e-06	2.475652e-09	3.788386e+01	1.675531e+02
3.500000e-06	5.371446e-06	2.479943e-09	3.793797e+01	1.676435e+02
3.510000e-06	5.378743e-06	2.480641e-09	3.798951e+01	1.677294e+02
3.520000e-06	5.385668e-06	2.480250e-09	3.803842e+01	1.678100e+02
3.530000e-06	5.392190e-06	2.479722e-09	3.808449e+01	1.678843e+02
3.540000e-06	5.398369e-06	2.479029e-09	3.812812e+01	1.679514e+02
3.550000e-06	5.404238e-06	2.480863e-09	3.816958e+01	1.680105e+02
3.560000e-06	5.409677e-06	2.485262e-09	3.820800e+01	1.680609e+02
3.570000e-06	5.414660e-06	2.489829e-09	3.824319e+01	1.681017e+02
3.580000e-06	5.419257e-06	2.492094e-09	3.827566e+01	1.681325e+02
3.590000e-06	5.423519e-06	2.490704e-09	3.830576e+01	1.681527e+02
3.600000e-06	5.427503e-06	2.488795e-09	3.833390e+01	1.681621e+02
3.610000e-06	5.431278e-06	2.487681e-09	3.836056e+01	1.681606e+02
3.620000e-06	5.434870e-06	2.488209e-09	3.838593e+01	1.681481e+02
3.630000e-06	5.438108e-06	2.491115e-09	3.840880e+01	1.681249e+02
3.640000e-06	5.440754e-06	2.496475e-09	3.842749e+01	1.680912e+02
3.650000e-06	5.442739e-06	2.503085e-09	3.844151e+01	1.680476e+02
3.660000e-06	5.444089e-06	2.504771e-09	3.845104e+01	1.679948e+02
3.670000e-06	5.444855e-06	2.502092e-09	3.845646e+01	1.679336e+02
3.680000e-06	5.445227e-06	2.499722e-09	3.845908e+01	1.678649e+02
3.690000e-06	5.445357e-06	2.498803e-09	3.846000e+01	1.677900e+02
3.700000e-06	5.445255e-06	2.498064e-09	3.845928e+01	1.677099e+02
3.710000e-06	5.444901e-06	2.496868e-09	3.845678e+01	1.676261e+02
3.720000e-06	5.444231e-06	2.499588e-09	3.845205e+01	1.675398e+02
3.730000e-06	5.443165e-06	2.507875e-09	3.844452e+01	1.674525e+02
3.740000e-06	5.441670e-06	2.514143e-09	3.843396e+01	1.673656e+02
3.750000e-06	5.439891e-06	2.512862e-09	3.842139e+01	1.672804e+02
3.760000e-06	5.437869e-06	2.507805e-09	3.840712e+01	1.671984e+02
3.770000e-06	5.435544e-06	2.510763e-09	3.839069e+01	1.671208e+02
3.780000e-06	5.432877e-06	2.507613e-09	3.837185e+01	1.670489e+02
3.790000e-06	5.429699e-06	2.448071e-09	3.834941e+01	1.669837e+02
3.800000e-06	5.426012e-06	2.377423e-09	3.832337e+01	1.669262e+02
3.810000e-06	5.422028e-06	2.428666e-09	3.829523e+01	1.668772e+02
3.820000e-06	5.417899e-06	2.523961e-09	3.826607e+01	1.668373e+02
3.830000e-06	5.413610e-06	2.507795e-09	3.823578e+01	1.668069e+02
3.840000e-06	5.408847e-06	2.433339e-09	3.820213e+01	1.667864e+02
3.850000e-06	5.403393e-06	2.471006e-09	3.816361e+01	1.667756e+02
3.860000e-06	5.397493e-06	2.568140e-09	3.812194e+01	1.667745e+02
3.870000e-06	5.391285e-06	2.500001e-09	3.807810e+01	1.667826e+02
3.880000e-06	5.384541e-06	2.360764e-09	3.803046e+01	1.667994e+02
3.890000e-06	5.377196e-06	2.407662e-09	3.797858e+01	1.668242e+02
3.900000e-06	5.369458e-06	2.546173e-09	3.792393e+01	1.668560e+02
3.910000e-06	5.361441e-06	2.504560e-09	3.786731e+01	1.668937e+02
3.920000e-06	5.353061e-06	2.412424e-09	3.780812e+01	1.669361e+02
3.930000e-06	5.344263e-06	2.503177e-09	3.774598e+01	1.669818e+02
3.940000e-06	5.335142e-06	2.600050e-09	3.768157e+01	1.670294e+02
3.950000e-06	5.325786e-06	2.484307e-09	3.761548e+01	1.670772e+02
3.960000e-06	5.316081e-06	2.396127e-09	3.754694e+01	1.671238e+02
3.970000e-06	5.305899e-06	2.510642e-09	3.747502e+01	1.671676e+02
3.980000e-06	5.295316e-06	2.568947e-09	3.740027e+01	1.672070e+02
3.990000e-06	5.284393e-06	2.460310e-09	3.732313e+01	1.672404e+02
4.000000e-06	5.273072e-06	2.463993e-09	3.724317e+01	1.672663e+02
4.010000e-06	5.261285e-06	2.594729e-09	3.715992e+01	1.672834e+02
4.020000e-06	5.249076e-06	2.569783e-09	3.707369e+01	1.672904e+02
4.030000e-06	5.236441e-06	2.464722e-09	3.698445e+01	1.672861e+02
4.040000e-06	5.223514e-06	2.526067e-09	3.689315e+01	1.672694e+02
4.050000e-06	5.210222e-06	2.606310e-09	3.679926e+01	1.672395e+02
4.060000e-06	5.196242e-06	2.526799e-09	3.670052e+01	1.671958e+02
4.070000e-06	5.181534e-06	2.495863e-09	3.659665e+01	1.671378e+02
4.080000e-06	5.166327e-06	2.582981e-09	3.648924e+01	1.670650e+02
4.090000e-06	5.150784e-06	2.574162e-09	3.637946e+01	1.669774e+02
4.100000e-06	5.134872e-06	2.505849e-09	3.626707e+01	1.668750e+02
4.110000e-06	5.118688e-06	2.541787e-09	3.615277e+01	1.667580e+02
4.120000e-06	5.102273e-06	2.564140e-09	3.603683e+01	1.666269e+02
4.130000e-06	5.085460e-06	2.514824e-09	3.591808e+01	1.664821e+02
4.140000e-06	5.068211e-06	2.530376e-09	3.579626e+01	1.663243e+02
4.150000e-06	5.050642e-06	2.571835e-09	3.567217e+01	1.661544e+02
4.160000e-06	5.032784e-06	2.526094e-09	3.554604e+01	1.659733e+02
4.170000e-06	5.014582e-06	2.503783e-09	3.541748e+01	1.657819e+02
4.180000e-06	4.996055e-06	2.547291e-09	3.528663e+01	1.655814e+02
4.190000e-06	4.977149e-06	2.538763e-09	3.515310e+01	1.653727e+02
4.200000e-06	4.957762e-06	2.501940e-09	3.501616e+01	1.651572e+02
4.210000e-06	4.938044e-06	2.521173e-09	3.487690e+01	1.649358e+02
4.220000e-06	4.918143e-06	2.534120e-09	3.473634e+01	1.647098e+02
4.230000e-06	4.898073e-06	2.519989e-09	3.459459e+01	1.644801e+02
4.240000e-06	4.877819e-06	2.520751e-09	3.445154e+01	1.642478e+02
4.250000e-06	4.857290e-06	2.517712e-09	3.430654e+01	1.640138e+02
4.260000e-06	4.836354e-06	2.504691e-09	3.415867e+01	1.637790e+02
4.270000e-06	4.814798e-06	2.511686e-09	3.400643e+01	1.635441e+02
4.280000e-06	4.792633e-06	2.512167e-09	3.384988e+01	1.633098e+02
4.290000e-06	4.769956e-06	2.498201e-09	3.368971e+01	1.630766e+02
4.300000e-06	4.746823e-06	2.501194e-09	3.352632e+01	1.628449e+02
4.310000e-06	4.723340e-06	2.509912e-09	3.336047e+01	1.626150e+02
4.320000e-06	4.699542e-06	2.505030e-09	3.319238e+01	1.623870e+02
4.330000e-06	4.675529e-06	2.496726e-09	3.302278e+01	1.621610e+02
4.340000e-06	4.651290e-06	2.490560e-09	3.285158e+01	1.619370e+02
4.350000e-06	4.626727e-06	2.493538e-09	3.267810e+01	1.617148e+02
4.360000e-06	4.601862e-06	2.501706e-09	3.250248e+01	1.614940e+02
4.370000e-06	4.576682e-06	2.492172e-09	3.232463e+01	1.612744e+02
4.380000e-06	4.551189e-06	2.479962e-09	3.214458e+01	1.610555e+02
4.390000e-06	4.525401e-06	2.488166e-09	3.196245e+01	1.608368e+02
4.400000e-06	4.499269e-06	2.494971e-09	3.177788e+01	1.606178e+02
4.410000e-06	4.472882e-06	2.483706e-09	3.159151e+01	1.603980e+02
4.420000e-06	4.446240e-06	2.475027e-09	3.140334e+01	1.601767e+02
4.430000e-06	4.419241e-06	2.475842e-09	3.121265e+01	1.599534e+02
4.440000e-06	4.391826e-06	2.479609e-09	3.101902e+01	1.597274e+02
4.450000e-06	4.364062e-06	2.477698e-09	3.082292e+01	1.594982e+02
4.460000e-06	4.336122e-06	2.467868e-09	3.062558e+01	1.592653e+02
4.470000e-06	4.308104e-06	2.461757e-09	3.042770e+01	1.590282e+02
4.480000e-06	4.279949e-06	2.466913e-09	3.022884e+01	1.587864e+02
4.490000e-06	4.251530e-06	2.467777e-09	3.002812e+01	1.585395e+02
4.500000e-06	4.222805e-06	2.458475e-09	2.982524e+01	1.582872e+02
4.510000e-06	4.193707e-06	2.451112e-09	2.961973e+01	1.580292e+02
4.520000e-06	4.164031e-06	2.452549e-09	2.941012e+01	1.577653e+02
4.530000e-06	4.133761e-06	2.454386e-09	2.919633e+01	1.574954e+02
4.540000e-06	4.103051e-06	2.450314e-09	2.897943e+01	1.572194e+02
4.550000e-06	4.072003e-06	2.441582e-09	2.876014e+01	1.569372e+02
4.560000e-06	4.040596e-06	2.438520e-09	2.853831e+01	1.566490e+02
4.570000e-06	4.008878e-06	2.440389e-09	2.831430e+01	1.563548e+02
4.580000e-06	3.976981e-06	2.437203e-09	2.808901e+01	1.560548e+02
4.590000e-06	3.944875e-06	2.428210e-09	2.786225e+01	1.557491e+02
4.600000e-06	3.912619e-06	2.422994e-09	2.763443e+01	1.554380e+02
4.610000e-06	3.880187e-06	2.425743e-09	2.740537e+01	1.551218e+02
4.620000e-06	3.847501e-06	2.427816e-09	2.717450e+01	1.548006e+02
4.630000e-06	3.814532e-06	2.420536e-09	2.694165e+01	1.544749e+02
4.640000e-06	3.781287e-06	2.413107e-09	2.670684e+01	1.541448e+02
4.650000e-06	3.747782e-06	2.412623e-09	2.647020e+01	1.538108e+02
4.660000e-06	3.714068e-06	2.410376e-09	2.623208e+01	1.534730e+02
4.670000e-06	3.680088e-06	2.401819e-09	2.599208e+01	1.531318e+02
4.680000e-06	3.645798e-06	2.393046e-09	2.574990e+01	1.527874e+02
4.690000e-06	3.611280e-06	2.389256e-09	2.550610e+01	1.524400e+02
4.700000e-06	3.576515e-06	2.387598e-09	2.526056e+01	1.520899e+02
4.710000e-06	3.541438e-06	2.383006e-09	2.501282e+01	1.517372e+02
4.720000e-06	3.506081e-06	2.376814e-09	2.476309e+01	1.513820e+02
4.730000e-06	3.470534e-06	2.372865e-09	2.451203e+01	1.510246e+02
4.740000e-06	3.434829e-06	2.368665e-09	2.425985e+01	1.506648e+02
4.750000e-06	3.398970e-06	2.362260e-09	2.400658e+01	1.503029e+02
4.760000e-06	3.362986e-06	2.353541e-09	2.375242e+01	1.499387e+02
4.770000e-06	3.326883e-06	2.347290e-09	2.349743e+01	1.495723e+02
4.780000e-06	3.290645e-06	2.345918e-09	2.324149e+01	1.492036e+02
4.790000e-06	3.254267e-06	2.348197e-09	2.298456e+01	1.488325e+02
4.800000e-06	3.217619e-06	2.349256e-09	2.272571e+01	1.484589e+02
4.810000e-06	3.180634e-06	2.346713e-09	2.246449e+01	1.480827e+02
4.820000e-06	3.143249e-06	2.341273e-09	2.220045e+01	1.477037e+02
4.830000e-06	3.105429e-06	2.333109e-09	2.193333e+01	1.473216e+02
4.840000e-06	3.067281e-06	2.322160e-09	2.166389e+01	1.469364e+02
4.850000e-06	3.028731e-06	2.313979e-09	2.139162e+01	1.465478e+02
4.860000e-06	2.989803e-06	2.311364e-09	2.111668e+01	1.461555e+02
4.870000e-06	2.950584e-06	2.312016e-09	2.083967e+01	1.457593e+02
4.880000e-06	2.911070e-06	2.310714e-09	2.056059e+01	1.453590e+02
4.890000e-06	2.871385e-06	2.306804e-09	2.028030e+01	1.449542e+02
4.900000e-06	2.831562e-06	2.301232e-09	1.999903e+01	1.445448e+02
4.910000e-06	2.791618e-06	2.293584e-09	1.971691e+01	1.441304e+02
4.920000e-06	2.751630e-06	2.283505e-09	1.943448e+01	1.437107e+02
4.930000e-06	2.711480e-06	2.273863e-09	1.915090e+01	1.432855e+02
4.940000e-06	2.671157e-06	2.270074e-09	1.886611e+01	1.428545e+02
4.950000e-06	2.630733e-06	2.269302e-09	1.858060e+01	1.424173e+02
4.960000e-06	2.590130e-06	2.266416e-09	1.829382e+01	1.419737e+02
4.970000e-06	2.549334e-06	2.262466e-09	1.800569e+01	1.415233e+02
4.980000e-06	2.508345e-06	2.259298e-09	1.771619e+01	1.410658e+02
4.990000e-06	2.467218e-06	2.255193e-09	1.742571e+01	1.406010e+02
5.000000e-06	2.425948e-06	2.245617e-09	1.713422e+01	1.401285e+02
5.010000e-06	2.384468e-06	2.231439e-09	1.684125e+01	1.396480e+02
5.020000e-06	2.342782e-06	2.220552e-09	1.654683e+01	1.391592e+02
5.030000e-06	2.300941e-06	2.215502e-09	1.625131e+01	1.386617e+02
5.040000e-06	2.258976e-06	2.212778e-09	1.595492e+01	1.381553e+02
5.050000e-06	2.216872e-06	2.210745e-09	1.565754e+01	1.376397e+02
5.060000e-06	2.174579e-06	2.210771e-09	1.535883e+01	1.371145e+02
5.070000e-06	2.132160e-06	2.209176e-09	1.505923e+01	1.365794e+02
5.080000e-06	2.089645e-06	2.201485e-09	1.475895e+01	1.360342e+02
5.090000e-06	2.046927e-06	2.188313e-09	1.445724e+01	1.354785e+02
5.100000e-06	2.004053e-06	2.175232e-09	1.415442e+01	1.349120e+02
5.110000e-06	1.961026e-06	2.163810e-09	1.385052e+01	1.343345e+02
5.120000e-06	1.917878e-06	2.154273e-09	1.354578e+01	1.337457e+02
5.130000e-06	1.874613e-06	2.148183e-09	1.324020e+01	1.331453e+02
5.140000e-06	1.831201e-06	2.143695e-09	1.293359e+01	1.325330e+02
5.150000e-06	1.787667e-06	2.137834e-09	1.262611e+01	1.319086e+02
5.160000e-06	1.743992e-06	2.128033e-09	1.231764e+01	1.312719e+02
5.170000e-06	1.700207e-06	2.113856e-09	1.200839e+01	1.306225e+02
5.180000e-06	1.656366e-06	2.098788e-09	1.169875e+01	1.299602e+02
5.190000e-06	1.612437e-06	2.086331e-09	1.138848e+01	1.292848e+02
5.200000e-06	1.568423e-06	2.076297e-09	1.107761e+01	1.285959e+02
5.210000e-06	1.524419e-06	2.067234e-09	1.076681e+01	1.278933e+02
5.220000e-06	1.480384e-06	2.059918e-09	1.045580e+01	1.271767e+02
5.230000e-06	1.436241e-06	2.053630e-09	1.014402e+01	1.264457e+02
5.240000e-06	1.392044e-06	2.043282e-09	9.831862e+00	1.257000e+02
5.250000e-06	1.347799e-06	2.026189e-09	9.519369e+00	1.249393e+02
5.260000e-06	1.303518e-06	2.008901e-09	9.206612e+00	1.241631e+02
5.270000e-06	1.259210e-06	1.996817e-09	8.893669e+00	1.233709e+02
5.280000e-06	1.214892e-06	1.988285e-09	8.580661e+00	1.225625e+02
5.290000e-06	1.170542e-06	1.979540e-09	8.267416e+00	1.217371e+02
5.300000e-06	1.125972e-06	1.971598e-09	7.952626e+00	1.208942e+02
5.310000e-06	1.081237e-06	1.963894e-09	7.636666e+00	1.200332e+02
5.320000e-06	1.036533e-06	1.951327e-09	7.320925e+00	1.191534e+02
5.330000e-06	9.917938e-07	1.931526e-09	7.004938e+00	1.182541e+02
5.340000e-06	9.469501e-07	1.907636e-09	6.688212e+00	1.173344e+02
5.350000e-06	9.019397e-07	1.885518e-09	6.370308e+00	1.163937e+02
5.360000e-06	8.568379e-07	1.869568e-09	6.051759e+00	1.154308e+02
5.370000e-06	8.117774e-07	1.858603e-09	5.733501e+00	1.144450e+02
5.380000e-06	7.666739e-07	1.850277e-09	5.414939e+00	1.134350e+02
5.390000e-06	7.214644e-07	1.843087e-09	5.095630e+00	1.124000e+02
5.400000e-06	6.762172e-07	1.834179e-09	4.776053e+00	1.113387e+02
5.410000e-06	6.309356e-07	1.817265e-09	4.456233e+00	1.102501e+02
5.420000e-06	5.855795e-07	1.790763e-09	4.135888e+00	1.091328e+02
5.430000e-06	5.402137e-07	1.761707e-09	3.815474e+00	1.079857e+02
5.440000e-06	4.947618e-07	1.736239e-09	3.494452e+00	1.068074e+02
5.450000e-06	4.492147e-07	1.716927e-09	3.172758e+00	1.055967e+02
5.460000e-06	4.036399e-07	1.702180e-09	2.850867e+00	1.043522e+02
5.470000e-06	3.580087e-07	1.689880e-09	2.528579e+00	1.030726e+02
5.480000e-06	3.122852e-07	1.677676e-09	2.205638e+00	1.017565e+02
5.490000e-06	2.664780e-07	1.663362e-09	1.882107e+00	1.004025e+02
5.500000e-06	2.206425e-07	1.640332e-09	1.558375e+00	9.900934e+01
5.510000e-06	1.748216e-07	1.610294e-09	1.234747e+00	9.757558e+01
5.520000e-06	1.290633e-07	1.579240e-09	9.115610e-01	9.609987e+01
5.530000e-06	8.334911e-08	1.550281e-09	5.886862e-01	9.458088e+01
5.540000e-06	3.751990e-08	1.523565e-09	2.649992e-01	9.301728e+01
5.550000e-06	-8.418208e-09	1.499790e-09	-5.945694e-02	9.140776e+01
5.560000e-06	-5.424157e-08	1.478231e-09	-3.831026e-01	8.975104e+01
5.570000e-06	-9.996513e-08	1.456889e-09	-7.060435e-01	8.804586e+01
5.580000e-06	-1.457118e-07	1.433829e-09	-1.029147e+00	8.629101e+01
5.590000e-06	-1.914320e-07	1.405085e-09	-1.352065e+00	8.448528e+01
5.600000e-06	-2.371493e-07	1.369839e-09	-1.674961e+00	8.262753e+01
5.610000e-06	-2.828290e-07	1.333165e-09	-1.997593e+00	8.071664e+01
5.620000e-06	-3.283971e-07	1.299807e-09	-2.319435e+00	7.875154e+01
5.630000e-06	-3.740174e-07	1.269555e-09	-2.641647e+00	7.673120e+01
5.640000e-06	-4.197009e-07	1.238591e-09	-2.964305e+00	7.465464e+01
5.650000e-06	-4.652964e-07	1.205148e-09	-3.286341e+00	7.252096e+01
5.660000e-06	-5.107997e-07	1.169703e-09	-3.607726e+00	7.032928e+01
5.670000e-06	-5.562268e-07	1.132163e-09	-3.928573e+00	6.807883e+01
5.680000e-06	-6.015228e-07	1.093277e-09	-4.248494e+00	6.576887e+01
5.690000e-06	-6.467022e-07	1.052706e-09	-4.567592e+00	6.339877e+01
5.700000e-06	-6.919002e-07	1.013789e-09	-4.886821e+00	6.096799e+01
5.710000e-06	-7.370949e-07	9.755856e-10	-5.206026e+00	5.847608e+01
5.720000e-06	-7.822809e-07	9.351608e-10	-5.525170e+00	5.592271e+01
5.730000e-06	-8.275065e-07	8.925504e-10	-5.844594e+00	5.330766e+01
5.740000e-06	-8.726638e-07	8.503351e-10	-6.163535e+00	5.063086e+01
5.750000e-06	-9.177402e-07	8.085270e-10	-6.481905e+00	4.789239e+01
5.760000e-06	-9.626813e-07	7.656526e-10	-6.799320e+00	4.509247e+01
5.770000e-06	-1.007548e-06	7.201142e-10	-7.116210e+00	4.223153e+01
5.780000e-06	-1.052333e-06	6.717672e-10	-7.432522e+00	3.931015e+01
5.790000e-06	-1.096895e-06	6.242528e-10	-7.747260e+00	3.632914e+01
5.800000e-06	-1.141333e-06	5.779864e-10	-8.061115e+00	3.328952e+01
5.810000e-06	-1.185704e-06	5.309624e-10	-8.374504e+00	3.019254e+01
5.820000e-06	-1.230056e-06	4.823310e-10	-8.687763e+00	2.703970e+01
5.830000e-06	-1.274344e-06	4.311023e-10	-9.000563e+00	2.383273e+01
5.840000e-06	-1.318544e-06	3.777378e-10	-9.312743e+00	2.057364e+01
5.850000e-06	-1.362723e-06	3.252533e-10	-9.624773e+00	1.726468e+01
5.860000e-06	-1.406824e-06	2.746225e-10	-9.936253e+00	1.390841e+01
5.870000e-06	-1.450833e-06	2.233474e-10	-1.024709e+01	1.050762e+01
5.880000e-06	-1.494798e-06	1.712958e-10	-1.055761e+01	7.065401e+00
5.890000e-06	-1.538752e-06	1.171441e-10	-1.086805e+01	3.585101e+00
5.900000e-06	-1.582694e-06	6.018450e-11	-1.117840e+01	7.032781e-02
5.910000e-06	-1.626618e-06	-1.977773e-12	-1.148864e+01	-3.475059e+00
5.920000e-06	-1.670488e-06	-6.536429e-11	-1.179849e+01	-7.046961e+00
5.930000e-06	-1.714242e-06	-1.241022e-10	-1.210752e+01	-1.064106e+01
5.940000e-06	-1.757887e-06	-1.771878e-10	-1.241578e+01	-1.425284e+01
5.950000e-06	-1.801465e-06	-2.298926e-10	-1.272357e+01	-1.787759e+01
5.960000e-06	-1.844905e-06	-2.864043e-10	-1.303037e+01	-2.151047e+01
5.970000e-06	-1.888164e-06	-3.447263e-10	-1.333591e+01	-2.514650e+01
5.980000e-06	-1.931305e-06	-4.015399e-10	-1.364061e+01	-2.878061e+01
5.990000e-06	-1.974341e-06	-4.566113e-10	-1.394457e+01	-3.240765e+01
6.000000e-06	-2.017258e-06	-5.126053e-10	-1.424769e+01	-3.602246e+01
6.010000e-06	-2.060060e-06	-5.689101e-10	-1.454999e+01	-3.961989e+01
6.020000e-06	-2.102684e-06	-6.269159e-10	-1.485104e+01	-4.319482e+01
6.030000e-06	-2.145051e-06	-6.844109e-10	-1.515027e+01	-4.674220e+01
6.040000e-06	-2.187250e-06	-7.435471e-10	-1.544832e+01	-5.025711e+01
6.050000e-06	-2.229326e-06	-8.024804e-10	-1.574550e+01	-5.373477e+01
6.060000e-06	-2.271277e-06	-8.571085e-10	-1.604180e+01	-5.717059e+01
6.070000e-06	-2.313081e-06	-9.045172e-10	-1.633705e+01	-6.056018e+01
6.080000e-06	-2.354736e-06	-9.521328e-10	-1.663126e+01	-6.389941e+01
6.090000e-06	-2.396287e-06	-1.004872e-09	-1.692473e+01	-6.718440e+01
6.100000e-06	-2.437628e-06	-1.058686e-09	-1.721672e+01	-7.041158e+01
6.110000e-06	-2.478773e-06	-1.109682e-09	-1.750732e+01	-7.357769e+01
6.120000e-06	-2.519668e-06	-1.160414e-09	-1.779616e+01	-7.667981e+01
6.130000e-06	-2.560314e-06	-1.212893e-09	-1.808323e+01	-7.971534e+01
6.140000e-06	-2.600839e-06	-1.262148e-09	-1.836946e+01	-8.268205e+01
6.150000e-06	-2.641226e-06	-1.304080e-09	-1.865471e+01	-8.557809e+01
6.160000e-06	-2.681527e-06	-1.342677e-09	-1.893935e+01	-8.840192e+01
6.170000e-06	-2.721696e-06	-1.384692e-09	-1.922306e+01	-9.115239e+01
6.180000e-06	-2.761692e-06	-1.431107e-09	-1.950555e+01	-9.382870e+01
6.190000e-06	-2.801608e-06	-1.476493e-09	-1.978747e+01	-9.643036e+01
6.200000e-06	-2.841448e-06	-1.519317e-09	-2.006886e+01	-9.895723e+01
6.210000e-06	-2.881176e-06	-1.562266e-09	-2.034945e+01	-1.014095e+02
6.220000e-06	-2.920754e-06	-1.604299e-09	-2.062899e+01	-1.037875e+02
6.230000e-06	-2.960125e-06	-1.642607e-09	-2.090706e+01	-1.060920e+02
6.240000e-06	-2.999212e-06	-1.674235e-09	-2.118313e+01	-1.083239e+02
6.250000e-06	-3.037895e-06	-1.703449e-09	-2.145635e+01	-1.104844e+02
6.260000e-06	-3.076217e-06	-1.734955e-09	-2.172701e+01	-1.125748e+02
6.270000e-06	-3.114244e-06	-1.769972e-09	-2.199558e+01	-1.145965e+02
6.280000e-06	-3.151888e-06	-1.803216e-09	-2.226146e+01	-1.165511e+02
6.290000e-06	-3.189084e-06	-1.836161e-09	-2.252418e+01	-1.184404e+02
6.300000e-06	-3.225872e-06	-1.870846e-09	-2.278401e+01	-1.202661e+02
6.310000e-06	-3.262367e-06	-1.902289e-09	-2.304176e+01	-1.220301e+02
6.320000e-06	-3.298626e-06	-1.925697e-09	-2.329786e+01	-1.237341e+02
6.330000e-06	-3.334717e-06	-1.945313e-09	-2.355276e+01	-1.253799e+02
6.340000e-06	-3.370703e-06	-1.966656e-09	-2.380693e+01	-1.269695e+02
6.350000e-06	-3.406589e-06	-1.993124e-09	-2.406039e+01	-1.285046e+02
6.360000e-06	-3.442403e-06	-2.020978e-09	-2.431334e+01	-1.299870e+02
6.370000e-06	-3.478019e-06	-2.046677e-09	-2.456489e+01	-1.314182e+02
6.380000e-06	-3.513274e-06	-2.070724e-09	-2.481389e+01	-1.328000e+02
6.390000e-06	-3.548206e-06	-2.092566e-09	-2.506062e+01	-1.341338e+02
6.400000e-06	-3.582957e-06	-2.111595e-09	-2.530606e+01	-1.354211e+02
6.410000e-06	-3.617478e-06	-2.128081e-09	-2.554988e+01	-1.366634e+02
6.420000e-06	-3.651732e-06	-2.145369e-09	-2.579181e+01	-1.378619e+02
6.430000e-06	-3.685802e-06	-2.165551e-09	-2.603244e+01	-1.390179e+02
6.440000e-06	-3.719648e-06	-2.185943e-09	-2.627149e+01	-1.401326e+02
6.450000e-06	-3.753122e-06	-2.205074e-09	-2.650792e+01	-1.412071e+02
6.460000e-06	-3.786202e-06	-2.224680e-09	-2.674156e+01	-1.422426e+02
6.470000e-06	-3.818994e-06	-2.243208e-09	-2.697316e+01	-1.432400e+02
6.480000e-06	-3.851535e-06	-2.258362e-09	-2.720300e+01	-1.442004e+02
6.490000e-06	-3.883891e-06	-2.270219e-09	-2.743153e+01	-1.451248e+02
6.500000e-06	-3.916074e-06	-2.281542e-09	-2.765883e+01	-1.460142e+02
6.510000e-06	-3.948049e-06	-2.295387e-09	-2.788467e+01	-1.468696e+02
6.520000e-06	-3.979890e-06	-2.313269e-09	-2.810956e+01	-1.476921e+02
6.530000e-06	-4.011585e-06	-2.330911e-09	-2.833341e+01	-1.484826e+02
6.540000e-06	-4.042992e-06	-2.345994e-09	-2.855524e+01	-1.492423e+02
6.550000e-06	-4.074053e-06	-2.357510e-09	-2.877462e+01	-1.499721e+02
6.560000e-06	-4.104697e-06	-2.365693e-09	-2.899105e+01	-1.506731e+02
6.570000e-06	-4.134841e-06	-2.370664e-09	-2.920396e+01	-1.513465e+02
6.580000e-06	-4.164478e-06	-2.375249e-09	-2.941328e+01	-1.519934e+02
6.590000e-06	-4.193667e-06	-2.383490e-09	-2.961944e+01	-1.526150e+02
6.600000e-06	-4.222364e-06	-2.396635e-09	-2.982213e+01	-1.532123e+02
6.610000e-06	-4.250682e-06	-2.411568e-09	-3.002213e+01	-1.537866e+02
6.620000e-06	-4.278819e-06	-2.423608e-09	-3.022086e+01	-1.543390e+02
6.630000e-06	-4.306803e-06	-2.431541e-09	-3.041851e+01	-1.548707e+02
6.640000e-06	-4.334650e-06	-2.439644e-09	-3.061519e+01	-1.553827e+02
6.650000e-06	-4.362302e-06	-2.448152e-09	-3.081049e+01	-1.558762e+02
6.660000e-06	-4.389637e-06	-2.452728e-09	-3.100356e+01	-1.563522e+02
6.670000e-06	-4.416651e-06	-2.455127e-09	-3.119435e+01	-1.568117e+02
6.680000e-06	-4.443399e-06	-2.459479e-09	-3.138327e+01	-1.572556e+02
6.690000e-06	-4.469818e-06	-2.467408e-09	-3.156987e+01	-1.576848e+02
6.700000e-06	-4.495890e-06	-2.477133e-09	-3.175401e+01	-1.581001e+02
6.710000e-06	-4.521654e-06	-2.485921e-09	-3.193598e+01	-1.585021e+02
6.720000e-06	-4.547081e-06	-2.492046e-09	-3.211557e+01	-1.588916e+02
6.730000e-06	-4.572161e-06	-2.496754e-09	-3.229271e+01	-1.592689e+02
6.740000e-06	-4.596866e-06	-2.501488e-09	-3.246719e+01	-1.596346e+02
6.750000e-06	-4.621228e-06	-2.505415e-09	-3.263926e+01	-1.599889e+02
6.760000e-06	-4.645369e-06	-2.505198e-09	-3.280977e+01	-1.603323e+02
6.770000e-06	-4.669325e-06	-2.503404e-09	-3.297897e+01	-1.606647e+02
6.780000e-06	-4.693091e-06	-2.504746e-09	-3.314682e+01	-1.609865e+02
6.790000e-06	-4.716660e-06	-2.509239e-09	-3.331329e+01	-1.612975e+02
6.800000e-06	-4.739944e-06	-2.517621e-09	-3.347774e+01	-1.615978e+02
6.810000e-06	-4.762736e-06	-2.527314e-09	-3.363872e+01	-1.618875e+02
6.820000e-06	-4.784926e-06	-2.536372e-09	-3.379544e+01	-1.621663e+02
6.830000e-06	-4.806593e-06	-2.541380e-09	-3.394848e+01	-1.624342e+02
6.840000e-06	-4.827789e-06	-2.541648e-09	-3.409818e+01	-1.626911e+02
6.850000e-06	-4.848522e-06	-2.537752e-09	-3.424461e+01	-1.629370e+02
6.860000e-06	-4.868937e-06	-2.532208e-09	-3.438881e+01	-1.631719e+02
6.870000e-06	-4.889109e-06	-2.529568e-09	-3.453128e+01	-1.633956e+02
6.880000e-06	-4.909057e-06	-2.531816e-09	-3.467217e+01	-1.636083e+02
6.890000e-06	-4.928760e-06	-2.539225e-09	-3.481133e+01	-1.638100e+02
6.900000e-06	-4.948162e-06	-2.550978e-09	-3.494836e+01	-1.640009e+02
6.910000e-06	-4.967180e-06	-2.561373e-09	-3.508268e+01	-1.641813e+02
6.920000e-06	-4.985812e-06	-2.565053e-09	-3.521428e+01	-1.643515e+02
6.930000e-06	-5.004136e-06	-2.563809e-09	-3.534370e+01	-1.645118e+02
6.940000e-06	-5.022197e-06	-2.558535e-09	-3.547126e+01	-1.646628e+02
6.950000e-06	-5.039918e-06	-2.553526e-09	-3.559642e+01	-1.648050e+02
6.960000e-06	-5.057169e-06	-2.550307e-09	-3.571826e+01	-1.649391e+02
6.970000e-06	-5.074057e-06	-2.553741e-09	-3.583755e+01	-1.650656e+02
6.980000e-06	-5.090695e-06	-2.562316e-09	-3.595506e+01	-1.651854e+02
6.990000e-06	-5.107056e-06	-2.571464e-09	-3.607062e+01	-1.652992e+02
7.000000e-06	-5.123114e-06	-2.577209e-09	-3.618403e+01	-1.654079e+02
7.010000e-06	-5.138914e-06	-2.575941e-09	-3.629563e+01	-1.655122e+02
7.020000e-06	-5.154337e-06	-2.570925e-09	-3.640455e+01	-1.656130e+02
7.030000e-06	-5.169265e-06	-2.566119e-09	-3.650999e+01	-1.657110e+02
7.040000e-06	-5.183673e-06	-2.564085e-09	-3.661175e+01	-1.658071e+02
7.050000e-06	-5.197455e-06	-2.569442e-09	-3.670910e+01	-1.659019e+02
7.060000e-06	-5.210696e-06	-2.577225e-09	-3.680261e+01	-1.659961e+02
7.070000e-06	-5.223412e-06	-2.582606e-09	-3.689242e+01	-1.660902e+02
7.080000e-06	-5.235727e-06	-2.584833e-09	-3.697940e+01	-1.661847e+02
7.090000e-06	-5.247743e-06	-2.584716e-09	-3.706427e+01	-1.662799e+02
7.100000e-06	-5.259397e-06	-2.583528e-09	-3.714659e+01	-1.663761e+02
7.110000e-06	-5.270692e-06	-2.581456e-09	-3.722636e+01	-1.664733e+02
7.120000e-06	-5.281567e-06	-2.580425e-09	-3.730316e+01	-1.665716e+02
7.130000e-06	-5.292093e-06	-2.581201e-09	-3.737751e+01	-1.666708e+02
7.140000e-06	-5.302307e-06	-2.583897e-09	-3.744965e+01	-1.667706e+02
7.150000e-06	-5.312174e-06	-2.586744e-09	-3.751934e+01	-1.668706e+02
7.160000e-06	-5.321693e-06	-2.589005e-09	-3.758657e+01	-1.669702e+02
7.170000e-06	-5.330776e-06	-2.589998e-09	-3.765072e+01	-1.670689e+02
7.180000e-06	-5.339436e-06	-2.591424e-09	-3.771189e+01	-1.671659e+02
7.190000e-06	-5.347791e-06	-2.592807e-09	-3.777090e+01	-1.672604e+02
7.200000e-06	-5.355966e-06	-2.592903e-09	-3.782864e+01	-1.673516e+02
7.210000e-06	-5.363937e-06	-2.591683e-09	-3.788494e+01	-1.674385e+02
7.220000e-06	-5.371589e-06	-2.591629e-09	-3.793898e+01	-1.675202e+02
7.230000e-06	-5.378842e-06	-2.591117e-09	-3.799021e+01	-1.675957e+02
7.240000e-06	-5.385585e-06	-2.589195e-09	-3.803784e+01	-1.676643e+02
7.250000e-06	-5.391785e-06	-2.586988e-09	-3.808163e+01	-1.677249e+02
7.260000e-06	-5.397328e-06	-2.586501e-09	-3.812078e+01	-1.677769e+02
7.270000e-06	-5.402249e-06	-2.587545e-09	-3.815554e+01	-1.678195e+02
7.280000e-06	-5.406786e-06	-2.589094e-09	-3.818758e+01	-1.678521e+02
7.290000e-06	-5.411057e-06	-2.588682e-09	-3.821774e+01	-1.678743e+02
7.300000e-06	-5.415101e-06	-2.585741e-09	-3.824630e+01	-1.678857e+02
7.310000e-06	-5.418940e-06	-2.582088e-09	-3.827342e+01	-1.678862e+02
7.320000e-06	-5.422479e-06	-2.578803e-09	-3.829841e+01	-1.678757e+02
7.330000e-06	-5.425540e-06	-2.575580e-09	-3.832004e+01	-1.678543e+02
7.340000e-06	-5.428208e-06	-2.573571e-09	-3.833888e+01	-1.678225e+02
7.350000e-06	-5.430556e-06	-2.572383e-09	-3.835546e+01	-1.677806e+02
7.360000e-06	-5.432515e-06	-2.571841e-09	-3.836930e+01	-1.677295e+02
7.370000e-06	-5.434082e-06	-2.573294e-09	-3.838036e+01	-1.676697e+02
7.380000e-06	-5.435209e-06	-2.574054e-09	-3.838833e+01	-1.676024e+02
7.390000e-06	-5.435916e-06	-2.572033e-09	-3.839332e+01	-1.675286e+02
7.400000e-06	-5.436355e-06	-2.567888e-09	-3.839642e+01	-1.674494e+02
