# Temperatura_=_16.16
# Concentracion g/m^3_=_4090.0
# C_Vs_to_Am_M_A/Vsm_=_65563218390.804596
# pendiente_HvsI_1/m_=_3716.3
# ordenada_HvsI_A/m_=_1297.0
# frecuencia_Hz_=_135080.51837395979

Tiempo_(s)	Campo_(V.s)	Magnetizacion_(V.s)	Campo_(kA/m)	Magnetizacion_(A/m)
0.000000e+00	-5.369257e-06	-2.372632e-09	-3.838284e+01	-1.536689e+02
1.000000e-08	-5.369263e-06	-2.369195e-09	-3.838288e+01	-1.535674e+02
2.000000e-08	-5.369010e-06	-2.364010e-09	-3.838107e+01	-1.534729e+02
3.000000e-08	-5.368501e-06	-2.358546e-09	-3.837744e+01	-1.533866e+02
4.000000e-08	-5.367625e-06	-2.356488e-09	-3.837117e+01	-1.533097e+02
5.000000e-08	-5.366246e-06	-2.371905e-09	-3.836132e+01	-1.532431e+02
6.000000e-08	-5.364332e-06	-2.397040e-09	-3.834763e+01	-1.531878e+02
7.000000e-08	-5.361709e-06	-2.367376e-09	-3.832888e+01	-1.531442e+02
8.000000e-08	-5.358328e-06	-2.263188e-09	-3.830471e+01	-1.531127e+02
9.000000e-08	-5.354455e-06	-2.289669e-09	-3.827702e+01	-1.530936e+02
1.000000e-07	-5.350234e-06	-2.463892e-09	-3.824685e+01	-1.530866e+02
1.100000e-07	-5.345812e-06	-2.488877e-09	-3.821524e+01	-1.530916e+02
1.200000e-07	-5.341175e-06	-2.260804e-09	-3.818209e+01	-1.531079e+02
1.300000e-07	-5.336233e-06	-2.236300e-09	-3.814676e+01	-1.531348e+02
1.400000e-07	-5.330959e-06	-2.482489e-09	-3.810906e+01	-1.531714e+02
1.500000e-07	-5.325357e-06	-2.533704e-09	-3.806902e+01	-1.532164e+02
1.600000e-07	-5.319424e-06	-2.227958e-09	-3.802660e+01	-1.532686e+02
1.700000e-07	-5.313141e-06	-2.169741e-09	-3.798169e+01	-1.533265e+02
1.800000e-07	-5.306460e-06	-2.473488e-09	-3.793392e+01	-1.533885e+02
1.900000e-07	-5.299318e-06	-2.530553e-09	-3.788287e+01	-1.534529e+02
2.000000e-07	-5.291856e-06	-2.319708e-09	-3.782953e+01	-1.535180e+02
2.100000e-07	-5.284130e-06	-2.317843e-09	-3.777430e+01	-1.535820e+02
2.200000e-07	-5.276118e-06	-2.519239e-09	-3.771703e+01	-1.536430e+02
2.300000e-07	-5.267761e-06	-2.430070e-09	-3.765728e+01	-1.536995e+02
2.400000e-07	-5.259015e-06	-2.283621e-09	-3.759476e+01	-1.537495e+02
2.500000e-07	-5.249790e-06	-2.381594e-09	-3.752881e+01	-1.537917e+02
2.600000e-07	-5.239877e-06	-2.487061e-09	-3.745795e+01	-1.538243e+02
2.700000e-07	-5.229340e-06	-2.342924e-09	-3.738262e+01	-1.538462e+02
2.800000e-07	-5.218396e-06	-2.340000e-09	-3.730439e+01	-1.538561e+02
2.900000e-07	-5.206995e-06	-2.510122e-09	-3.722288e+01	-1.538529e+02
3.000000e-07	-5.195160e-06	-2.456301e-09	-3.713828e+01	-1.538360e+02
3.100000e-07	-5.182972e-06	-2.255233e-09	-3.705115e+01	-1.538045e+02
3.200000e-07	-5.170466e-06	-2.335796e-09	-3.696176e+01	-1.537583e+02
3.300000e-07	-5.157627e-06	-2.463673e-09	-3.686997e+01	-1.536970e+02
3.400000e-07	-5.144305e-06	-2.360391e-09	-3.677474e+01	-1.536207e+02
3.500000e-07	-5.130597e-06	-2.304245e-09	-3.667674e+01	-1.535295e+02
3.600000e-07	-5.116616e-06	-2.418563e-09	-3.657680e+01	-1.534240e+02
3.700000e-07	-5.102203e-06	-2.414404e-09	-3.647377e+01	-1.533047e+02
3.800000e-07	-5.087243e-06	-2.338243e-09	-3.636683e+01	-1.531723e+02
3.900000e-07	-5.071843e-06	-2.376623e-09	-3.625674e+01	-1.530277e+02
4.000000e-07	-5.055806e-06	-2.363262e-09	-3.614209e+01	-1.528720e+02
4.100000e-07	-5.039103e-06	-2.286334e-09	-3.602269e+01	-1.527062e+02
4.200000e-07	-5.022152e-06	-2.335473e-09	-3.590151e+01	-1.525315e+02
4.300000e-07	-5.005067e-06	-2.407829e-09	-3.577938e+01	-1.523492e+02
4.400000e-07	-4.987641e-06	-2.324839e-09	-3.565481e+01	-1.521604e+02
4.500000e-07	-4.969842e-06	-2.295777e-09	-3.552757e+01	-1.519662e+02
4.600000e-07	-4.951721e-06	-2.365720e-09	-3.539803e+01	-1.517680e+02
4.700000e-07	-4.933238e-06	-2.370233e-09	-3.526590e+01	-1.515668e+02
4.800000e-07	-4.914358e-06	-2.300002e-09	-3.513094e+01	-1.513635e+02
4.900000e-07	-4.895079e-06	-2.301606e-09	-3.499312e+01	-1.511591e+02
5.000000e-07	-4.875501e-06	-2.319441e-09	-3.485316e+01	-1.509543e+02
5.100000e-07	-4.855669e-06	-2.334747e-09	-3.471139e+01	-1.507498e+02
5.200000e-07	-4.835619e-06	-2.330385e-09	-3.456806e+01	-1.505460e+02
5.300000e-07	-4.815388e-06	-2.301885e-09	-3.442343e+01	-1.503433e+02
5.400000e-07	-4.794864e-06	-2.279311e-09	-3.427672e+01	-1.501419e+02
5.500000e-07	-4.774004e-06	-2.317368e-09	-3.412759e+01	-1.499416e+02
5.600000e-07	-4.752817e-06	-2.318940e-09	-3.397614e+01	-1.497425e+02
5.700000e-07	-4.731206e-06	-2.280241e-09	-3.382165e+01	-1.495442e+02
5.800000e-07	-4.709208e-06	-2.270469e-09	-3.366439e+01	-1.493463e+02
5.900000e-07	-4.687045e-06	-2.297535e-09	-3.350596e+01	-1.491483e+02
6.000000e-07	-4.664610e-06	-2.299176e-09	-3.334557e+01	-1.489495e+02
6.100000e-07	-4.641750e-06	-2.280294e-09	-3.318216e+01	-1.487492e+02
6.200000e-07	-4.618567e-06	-2.251243e-09	-3.301643e+01	-1.485466e+02
6.300000e-07	-4.595078e-06	-2.249975e-09	-3.284852e+01	-1.483409e+02
6.400000e-07	-4.571348e-06	-2.277886e-09	-3.267888e+01	-1.481313e+02
6.500000e-07	-4.547448e-06	-2.276582e-09	-3.250803e+01	-1.479170e+02
6.600000e-07	-4.523343e-06	-2.243342e-09	-3.233571e+01	-1.476971e+02
6.700000e-07	-4.498923e-06	-2.244113e-09	-3.216114e+01	-1.474709e+02
6.800000e-07	-4.474145e-06	-2.271002e-09	-3.198401e+01	-1.472377e+02
6.900000e-07	-4.448926e-06	-2.262084e-09	-3.180373e+01	-1.469970e+02
7.000000e-07	-4.423224e-06	-2.230454e-09	-3.162000e+01	-1.467482e+02
7.100000e-07	-4.396997e-06	-2.215013e-09	-3.143251e+01	-1.464910e+02
7.200000e-07	-4.370259e-06	-2.228442e-09	-3.124137e+01	-1.462251e+02
7.300000e-07	-4.343006e-06	-2.237147e-09	-3.104655e+01	-1.459505e+02
7.400000e-07	-4.315367e-06	-2.227009e-09	-3.084897e+01	-1.456670e+02
7.500000e-07	-4.287522e-06	-2.209303e-09	-3.064991e+01	-1.453750e+02
7.600000e-07	-4.259487e-06	-2.219300e-09	-3.044950e+01	-1.450746e+02
7.700000e-07	-4.231285e-06	-2.225297e-09	-3.024790e+01	-1.447663e+02
7.800000e-07	-4.202926e-06	-2.208913e-09	-3.004517e+01	-1.444506e+02
7.900000e-07	-4.174343e-06	-2.183960e-09	-2.984084e+01	-1.441281e+02
8.000000e-07	-4.145476e-06	-2.185740e-09	-2.963448e+01	-1.437995e+02
8.100000e-07	-4.116285e-06	-2.195753e-09	-2.942580e+01	-1.434656e+02
8.200000e-07	-4.086719e-06	-2.198324e-09	-2.921445e+01	-1.431273e+02
8.300000e-07	-4.056830e-06	-2.181443e-09	-2.900078e+01	-1.427853e+02
8.400000e-07	-4.026720e-06	-2.171976e-09	-2.878554e+01	-1.424406e+02
8.500000e-07	-3.996448e-06	-2.175425e-09	-2.856914e+01	-1.420940e+02
8.600000e-07	-3.965901e-06	-2.172458e-09	-2.835077e+01	-1.417463e+02
8.700000e-07	-3.935031e-06	-2.149109e-09	-2.813009e+01	-1.413984e+02
8.800000e-07	-3.903883e-06	-2.132321e-09	-2.790742e+01	-1.410509e+02
8.900000e-07	-3.872454e-06	-2.137440e-09	-2.768274e+01	-1.407045e+02
9.000000e-07	-3.840839e-06	-2.148651e-09	-2.745674e+01	-1.403597e+02
9.100000e-07	-3.809064e-06	-2.139753e-09	-2.722960e+01	-1.400169e+02
9.200000e-07	-3.777072e-06	-2.122188e-09	-2.700090e+01	-1.396765e+02
9.300000e-07	-3.744877e-06	-2.114523e-09	-2.677075e+01	-1.393385e+02
9.400000e-07	-3.712492e-06	-2.115549e-09	-2.653924e+01	-1.390031e+02
9.500000e-07	-3.679834e-06	-2.109365e-09	-2.630577e+01	-1.386701e+02
9.600000e-07	-3.646836e-06	-2.097060e-09	-2.606988e+01	-1.383393e+02
9.700000e-07	-3.613567e-06	-2.094557e-09	-2.583206e+01	-1.380104e+02
9.800000e-07	-3.579923e-06	-2.097469e-09	-2.559155e+01	-1.376829e+02
9.900000e-07	-3.545755e-06	-2.092033e-09	-2.534730e+01	-1.373562e+02
1.000000e-06	-3.511218e-06	-2.077944e-09	-2.510040e+01	-1.370297e+02
1.010000e-06	-3.476320e-06	-2.068317e-09	-2.485093e+01	-1.367026e+02
1.020000e-06	-3.441007e-06	-2.063113e-09	-2.459849e+01	-1.363741e+02
1.030000e-06	-3.405475e-06	-2.058693e-09	-2.434449e+01	-1.360433e+02
1.040000e-06	-3.369706e-06	-2.051625e-09	-2.408879e+01	-1.357094e+02
1.050000e-06	-3.333722e-06	-2.047139e-09	-2.383155e+01	-1.353714e+02
1.060000e-06	-3.297643e-06	-2.044622e-09	-2.357363e+01	-1.350284e+02
1.070000e-06	-3.261469e-06	-2.041143e-09	-2.331504e+01	-1.346797e+02
1.080000e-06	-3.225073e-06	-2.027002e-09	-2.305486e+01	-1.343242e+02
1.090000e-06	-3.188478e-06	-2.011031e-09	-2.279325e+01	-1.339614e+02
1.100000e-06	-3.151722e-06	-2.003246e-09	-2.253050e+01	-1.335904e+02
1.110000e-06	-3.114722e-06	-2.002885e-09	-2.226600e+01	-1.332107e+02
1.120000e-06	-3.077475e-06	-1.995549e-09	-2.199974e+01	-1.328216e+02
1.130000e-06	-3.039946e-06	-1.985279e-09	-2.173145e+01	-1.324229e+02
1.140000e-06	-3.002212e-06	-1.979323e-09	-2.146171e+01	-1.320140e+02
1.150000e-06	-2.964344e-06	-1.975037e-09	-2.119100e+01	-1.315949e+02
1.160000e-06	-2.926320e-06	-1.963043e-09	-2.091919e+01	-1.311654e+02
1.170000e-06	-2.888111e-06	-1.947044e-09	-2.064604e+01	-1.307253e+02
1.180000e-06	-2.849705e-06	-1.933489e-09	-2.037149e+01	-1.302749e+02
1.190000e-06	-2.811056e-06	-1.929731e-09	-2.009520e+01	-1.298142e+02
1.200000e-06	-2.772084e-06	-1.925379e-09	-1.981661e+01	-1.293434e+02
1.210000e-06	-2.732954e-06	-1.917249e-09	-1.953688e+01	-1.288629e+02
1.220000e-06	-2.693680e-06	-1.911236e-09	-1.925612e+01	-1.283729e+02
1.230000e-06	-2.654159e-06	-1.910023e-09	-1.897360e+01	-1.278738e+02
1.240000e-06	-2.614464e-06	-1.905824e-09	-1.868984e+01	-1.273659e+02
1.250000e-06	-2.574639e-06	-1.893469e-09	-1.840514e+01	-1.268498e+02
1.260000e-06	-2.534724e-06	-1.875924e-09	-1.811981e+01	-1.263257e+02
1.270000e-06	-2.494749e-06	-1.860680e-09	-1.783404e+01	-1.257939e+02
1.280000e-06	-2.454676e-06	-1.853521e-09	-1.754757e+01	-1.252549e+02
1.290000e-06	-2.414482e-06	-1.847316e-09	-1.726024e+01	-1.247088e+02
1.300000e-06	-2.374148e-06	-1.836394e-09	-1.697191e+01	-1.241559e+02
1.310000e-06	-2.333624e-06	-1.826891e-09	-1.668222e+01	-1.235963e+02
1.320000e-06	-2.293042e-06	-1.824282e-09	-1.639211e+01	-1.230299e+02
1.330000e-06	-2.252335e-06	-1.821075e-09	-1.610111e+01	-1.224568e+02
1.340000e-06	-2.211367e-06	-1.811762e-09	-1.580825e+01	-1.218769e+02
1.350000e-06	-2.170177e-06	-1.796539e-09	-1.551380e+01	-1.212899e+02
1.360000e-06	-2.128680e-06	-1.784316e-09	-1.521715e+01	-1.206955e+02
1.370000e-06	-2.086852e-06	-1.775227e-09	-1.491813e+01	-1.200933e+02
1.380000e-06	-2.044735e-06	-1.765144e-09	-1.461706e+01	-1.194828e+02
1.390000e-06	-2.002379e-06	-1.753715e-09	-1.431427e+01	-1.188635e+02
1.400000e-06	-1.959857e-06	-1.746453e-09	-1.401029e+01	-1.182347e+02
1.410000e-06	-1.917087e-06	-1.742467e-09	-1.370455e+01	-1.175958e+02
1.420000e-06	-1.874092e-06	-1.737053e-09	-1.339719e+01	-1.169461e+02
1.430000e-06	-1.830872e-06	-1.725766e-09	-1.308823e+01	-1.162847e+02
1.440000e-06	-1.787438e-06	-1.711498e-09	-1.277774e+01	-1.156108e+02
1.450000e-06	-1.743875e-06	-1.697246e-09	-1.246632e+01	-1.149237e+02
1.460000e-06	-1.700152e-06	-1.684767e-09	-1.215376e+01	-1.142226e+02
1.470000e-06	-1.656313e-06	-1.671076e-09	-1.184037e+01	-1.135065e+02
1.480000e-06	-1.612378e-06	-1.658854e-09	-1.152630e+01	-1.127749e+02
1.490000e-06	-1.568426e-06	-1.650704e-09	-1.121210e+01	-1.120268e+02
1.500000e-06	-1.524478e-06	-1.642668e-09	-1.089793e+01	-1.112615e+02
1.510000e-06	-1.480464e-06	-1.631778e-09	-1.058329e+01	-1.104783e+02
1.520000e-06	-1.436382e-06	-1.617100e-09	-1.026816e+01	-1.096766e+02
1.530000e-06	-1.392246e-06	-1.604210e-09	-9.952656e+00	-1.088556e+02
1.540000e-06	-1.348012e-06	-1.593214e-09	-9.636440e+00	-1.080149e+02
1.550000e-06	-1.303731e-06	-1.579146e-09	-9.319889e+00	-1.071539e+02
1.560000e-06	-1.259451e-06	-1.564458e-09	-9.003350e+00	-1.062719e+02
1.570000e-06	-1.215091e-06	-1.550790e-09	-8.686236e+00	-1.053686e+02
1.580000e-06	-1.170585e-06	-1.538365e-09	-8.368084e+00	-1.044434e+02
1.590000e-06	-1.126004e-06	-1.526268e-09	-8.049389e+00	-1.034959e+02
1.600000e-06	-1.081480e-06	-1.511418e-09	-7.731102e+00	-1.025255e+02
1.610000e-06	-1.036901e-06	-1.492969e-09	-7.412420e+00	-1.015317e+02
1.620000e-06	-9.921804e-07	-1.476741e-09	-7.092732e+00	-1.005142e+02
1.630000e-06	-9.473933e-07	-1.461531e-09	-6.772565e+00	-9.947220e+01
1.640000e-06	-9.024575e-07	-1.443386e-09	-6.451336e+00	-9.840522e+01
1.650000e-06	-8.574567e-07	-1.424877e-09	-6.129642e+00	-9.731258e+01
1.660000e-06	-8.124838e-07	-1.410758e-09	-5.808147e+00	-9.619356e+01
1.670000e-06	-7.674860e-07	-1.398473e-09	-5.486475e+00	-9.504737e+01
1.680000e-06	-7.224639e-07	-1.379317e-09	-5.164628e+00	-9.387312e+01
1.690000e-06	-6.773583e-07	-1.354734e-09	-4.842185e+00	-9.266987e+01
1.700000e-06	-6.321812e-07	-1.329926e-09	-4.519230e+00	-9.143656e+01
1.710000e-06	-5.868970e-07	-1.309983e-09	-4.195511e+00	-9.017207e+01
1.720000e-06	-5.415865e-07	-1.292083e-09	-3.871602e+00	-8.887516e+01
1.730000e-06	-4.962620e-07	-1.270169e-09	-3.547594e+00	-8.754454e+01
1.740000e-06	-4.508362e-07	-1.248098e-09	-3.222862e+00	-8.617884e+01
1.750000e-06	-4.053707e-07	-1.232493e-09	-2.897845e+00	-8.477660e+01
1.760000e-06	-3.598389e-07	-1.217182e-09	-2.572356e+00	-8.333634e+01
1.770000e-06	-3.141745e-07	-1.192644e-09	-2.245917e+00	-8.185652e+01
1.780000e-06	-2.685163e-07	-1.161267e-09	-1.919524e+00	-8.033557e+01
1.790000e-06	-2.229841e-07	-1.133829e-09	-1.594031e+00	-7.877193e+01
1.800000e-06	-1.774369e-07	-1.108946e-09	-1.268431e+00	-7.716404e+01
1.810000e-06	-1.318760e-07	-1.085148e-09	-9.427332e-01	-7.551038e+01
1.820000e-06	-8.635620e-08	-1.059656e-09	-6.173286e-01	-7.380948e+01
1.830000e-06	-4.073610e-08	-1.034365e-09	-2.912073e-01	-7.205994e+01
1.840000e-06	4.947330e-09	-1.010996e-09	3.536663e-02	-7.026046e+01
1.850000e-06	5.057381e-08	-9.860091e-10	3.615335e-01	-6.840986e+01
1.860000e-06	9.614925e-08	-9.551964e-10	6.873355e-01	-6.650710e+01
1.870000e-06	1.417911e-07	-9.217711e-10	1.013613e+00	-6.455128e+01
1.880000e-06	1.874330e-07	-8.905027e-10	1.339890e+00	-6.254169e+01
1.890000e-06	2.329636e-07	-8.583928e-10	1.665371e+00	-6.047782e+01
1.900000e-06	2.784488e-07	-8.226920e-10	1.990528e+00	-5.835935e+01
1.910000e-06	3.239998e-07	-7.878199e-10	2.316155e+00	-5.618617e+01
1.920000e-06	3.695902e-07	-7.585874e-10	2.642064e+00	-5.395841e+01
1.930000e-06	4.150611e-07	-7.323318e-10	2.967119e+00	-5.167643e+01
1.940000e-06	4.604984e-07	-7.045229e-10	3.291933e+00	-4.934084e+01
1.950000e-06	5.059331e-07	-6.710252e-10	3.616729e+00	-4.695246e+01
1.960000e-06	5.512947e-07	-6.345557e-10	3.941002e+00	-4.451236e+01
1.970000e-06	5.965894e-07	-5.958396e-10	4.264797e+00	-4.202184e+01
1.980000e-06	6.418382e-07	-5.547417e-10	4.588264e+00	-3.948244e+01
1.990000e-06	6.869962e-07	-5.146091e-10	4.911083e+00	-3.689588e+01
2.000000e-06	7.320607e-07	-4.791888e-10	5.233232e+00	-3.426410e+01
2.010000e-06	7.771106e-07	-4.464929e-10	5.555277e+00	-3.158925e+01
2.020000e-06	8.221154e-07	-4.128113e-10	5.877000e+00	-2.887361e+01
2.030000e-06	8.670368e-07	-3.756427e-10	6.198127e+00	-2.611964e+01
2.040000e-06	9.119039e-07	-3.340476e-10	6.518865e+00	-2.332993e+01
2.050000e-06	9.567492e-07	-2.886869e-10	6.839447e+00	-2.050718e+01
2.060000e-06	1.001498e-06	-2.440796e-10	7.159342e+00	-1.765419e+01
2.070000e-06	1.046129e-06	-1.995251e-10	7.478390e+00	-1.477383e+01
2.080000e-06	1.090658e-06	-1.568138e-10	7.796710e+00	-1.186904e+01
2.090000e-06	1.135101e-06	-1.160229e-10	8.114417e+00	-8.942772e+00
2.100000e-06	1.179478e-06	-7.757748e-11	8.431656e+00	-5.998005e+00
2.110000e-06	1.223805e-06	-3.916679e-11	8.748534e+00	-3.037714e+00
2.120000e-06	1.268123e-06	1.427348e-12	9.065345e+00	-6.485288e-02
2.130000e-06	1.312365e-06	4.500165e-11	9.381611e+00	2.917660e+00
2.140000e-06	1.356524e-06	9.276387e-11	9.697293e+00	5.906955e+00
2.150000e-06	1.400630e-06	1.411113e-10	1.001259e+01	8.900226e+00
2.160000e-06	1.444684e-06	1.861906e-10	1.032751e+01	1.189474e+01
2.170000e-06	1.488722e-06	2.284355e-10	1.064233e+01	1.488784e+01
2.180000e-06	1.532744e-06	2.701944e-10	1.095702e+01	1.787696e+01
2.190000e-06	1.576678e-06	3.125138e-10	1.127109e+01	2.085962e+01
2.200000e-06	1.620515e-06	3.565070e-10	1.158446e+01	2.383345e+01
2.210000e-06	1.664255e-06	4.009418e-10	1.189715e+01	2.679617e+01
2.220000e-06	1.707922e-06	4.443926e-10	1.220930e+01	2.974560e+01
2.230000e-06	1.751551e-06	4.866481e-10	1.252119e+01	3.267964e+01
2.240000e-06	1.795078e-06	5.279524e-10	1.283235e+01	3.559630e+01
2.250000e-06	1.838438e-06	5.664810e-10	1.314231e+01	3.849367e+01
2.260000e-06	1.881664e-06	6.060723e-10	1.345132e+01	4.136995e+01
2.270000e-06	1.924678e-06	6.483123e-10	1.375882e+01	4.422338e+01
2.280000e-06	1.967436e-06	6.905061e-10	1.406447e+01	4.705231e+01
2.290000e-06	2.009873e-06	7.326061e-10	1.436784e+01	4.985514e+01
2.300000e-06	2.052001e-06	7.754949e-10	1.466900e+01	5.263035e+01
2.310000e-06	2.093870e-06	8.167287e-10	1.496831e+01	5.537647e+01
2.320000e-06	2.135427e-06	8.541697e-10	1.526538e+01	5.809208e+01
2.330000e-06	2.176774e-06	8.896921e-10	1.556095e+01	6.077583e+01
2.340000e-06	2.217872e-06	9.271920e-10	1.585475e+01	6.342639e+01
2.350000e-06	2.258680e-06	9.660395e-10	1.614647e+01	6.604249e+01
2.360000e-06	2.299361e-06	1.005139e-09	1.643728e+01	6.862290e+01
2.370000e-06	2.339882e-06	1.043804e-09	1.672695e+01	7.116642e+01
2.380000e-06	2.380189e-06	1.082804e-09	1.701510e+01	7.367191e+01
2.390000e-06	2.420406e-06	1.120226e-09	1.730259e+01	7.613824e+01
2.400000e-06	2.460539e-06	1.154105e-09	1.758948e+01	7.856434e+01
2.410000e-06	2.500582e-06	1.184111e-09	1.787574e+01	8.094918e+01
2.420000e-06	2.540568e-06	1.213484e-09	1.816159e+01	8.329177e+01
2.430000e-06	2.580465e-06	1.246526e-09	1.844680e+01	8.559117e+01
2.440000e-06	2.620215e-06	1.279617e-09	1.873095e+01	8.784647e+01
2.450000e-06	2.659807e-06	1.313239e-09	1.901398e+01	9.005685e+01
2.460000e-06	2.699190e-06	1.348121e-09	1.929551e+01	9.222152e+01
2.470000e-06	2.738404e-06	1.381553e-09	1.957584e+01	9.433977e+01
2.480000e-06	2.777423e-06	1.412784e-09	1.985477e+01	9.641094e+01
2.490000e-06	2.816150e-06	1.441104e-09	2.013162e+01	9.843445e+01
2.500000e-06	2.854655e-06	1.467788e-09	2.040688e+01	1.004098e+02
2.510000e-06	2.892926e-06	1.493053e-09	2.068046e+01	1.023366e+02
2.520000e-06	2.931074e-06	1.520426e-09	2.095317e+01	1.042144e+02
2.530000e-06	2.969124e-06	1.546984e-09	2.122517e+01	1.060430e+02
2.540000e-06	3.006897e-06	1.573219e-09	2.149520e+01	1.078223e+02
2.550000e-06	3.044431e-06	1.602136e-09	2.176351e+01	1.095522e+02
2.560000e-06	3.081784e-06	1.630485e-09	2.203054e+01	1.112326e+02
2.570000e-06	3.118939e-06	1.654167e-09	2.229615e+01	1.128637e+02
2.580000e-06	3.155930e-06	1.673399e-09	2.256058e+01	1.144458e+02
2.590000e-06	3.192680e-06	1.689948e-09	2.282329e+01	1.159790e+02
2.600000e-06	3.229141e-06	1.709224e-09	2.308394e+01	1.174638e+02
2.610000e-06	3.265447e-06	1.730431e-09	2.334348e+01	1.189006e+02
2.620000e-06	3.301643e-06	1.748457e-09	2.360223e+01	1.202901e+02
2.630000e-06	3.337695e-06	1.766345e-09	2.385995e+01	1.216329e+02
2.640000e-06	3.373585e-06	1.787020e-09	2.411652e+01	1.229297e+02
2.650000e-06	3.409310e-06	1.808191e-09	2.437190e+01	1.241813e+02
2.660000e-06	3.444841e-06	1.824081e-09	2.462590e+01	1.253886e+02
2.670000e-06	3.480072e-06	1.836361e-09	2.487775e+01	1.265526e+02
2.680000e-06	3.514978e-06	1.848436e-09	2.512728e+01	1.276743e+02
2.690000e-06	3.549510e-06	1.862856e-09	2.537414e+01	1.287548e+02
2.700000e-06	3.583665e-06	1.877789e-09	2.561830e+01	1.297952e+02
2.710000e-06	3.617369e-06	1.892343e-09	2.585924e+01	1.307967e+02
2.720000e-06	3.650679e-06	1.906548e-09	2.609736e+01	1.317605e+02
2.730000e-06	3.683603e-06	1.922450e-09	2.633272e+01	1.326878e+02
2.740000e-06	3.716154e-06	1.937303e-09	2.656542e+01	1.335799e+02
2.750000e-06	3.748497e-06	1.949470e-09	2.679662e+01	1.344382e+02
2.760000e-06	3.780638e-06	1.958283e-09	2.702639e+01	1.352638e+02
2.770000e-06	3.812615e-06	1.967223e-09	2.725498e+01	1.360581e+02
2.780000e-06	3.844387e-06	1.976590e-09	2.748210e+01	1.368225e+02
2.790000e-06	3.875970e-06	1.984902e-09	2.770788e+01	1.375581e+02
2.800000e-06	3.907300e-06	1.993072e-09	2.793184e+01	1.382663e+02
2.810000e-06	3.938344e-06	2.003490e-09	2.815377e+01	1.389483e+02
2.820000e-06	3.969167e-06	2.014220e-09	2.837411e+01	1.396052e+02
2.830000e-06	3.999680e-06	2.023641e-09	2.859224e+01	1.402384e+02
2.840000e-06	4.029848e-06	2.033482e-09	2.880790e+01	1.408488e+02
2.850000e-06	4.059821e-06	2.045714e-09	2.902216e+01	1.414376e+02
2.860000e-06	4.089607e-06	2.057818e-09	2.923510e+01	1.420058e+02
2.870000e-06	4.119078e-06	2.066007e-09	2.944577e+01	1.425544e+02
2.880000e-06	4.148235e-06	2.069876e-09	2.965421e+01	1.430841e+02
2.890000e-06	4.177145e-06	2.073932e-09	2.986087e+01	1.435960e+02
2.900000e-06	4.205716e-06	2.080195e-09	3.006511e+01	1.440906e+02
2.910000e-06	4.233985e-06	2.084990e-09	3.026719e+01	1.445687e+02
2.920000e-06	4.262133e-06	2.091520e-09	3.046842e+01	1.450310e+02
2.930000e-06	4.290166e-06	2.103024e-09	3.066881e+01	1.454778e+02
2.940000e-06	4.317946e-06	2.116641e-09	3.086740e+01	1.459098e+02
2.950000e-06	4.345455e-06	2.126972e-09	3.106405e+01	1.463274e+02
2.960000e-06	4.372665e-06	2.132435e-09	3.125857e+01	1.467307e+02
2.970000e-06	4.399502e-06	2.134112e-09	3.145042e+01	1.471202e+02
2.980000e-06	4.425811e-06	2.137867e-09	3.163849e+01	1.474961e+02
2.990000e-06	4.451534e-06	2.143885e-09	3.182238e+01	1.478585e+02
3.000000e-06	4.476791e-06	2.151123e-09	3.200293e+01	1.482076e+02
3.010000e-06	4.501576e-06	2.159267e-09	3.218011e+01	1.485435e+02
3.020000e-06	4.525961e-06	2.168815e-09	3.235442e+01	1.488663e+02
3.030000e-06	4.550068e-06	2.177639e-09	3.252676e+01	1.491760e+02
3.040000e-06	4.573932e-06	2.182978e-09	3.269735e+01	1.494727e+02
3.050000e-06	4.597545e-06	2.184734e-09	3.286615e+01	1.497564e+02
3.060000e-06	4.620931e-06	2.187317e-09	3.303333e+01	1.500273e+02
3.070000e-06	4.644056e-06	2.192464e-09	3.319864e+01	1.502855e+02
3.080000e-06	4.666791e-06	2.199640e-09	3.336117e+01	1.505311e+02
3.090000e-06	4.689226e-06	2.206857e-09	3.352155e+01	1.507642e+02
3.100000e-06	4.711405e-06	2.216135e-09	3.368010e+01	1.509850e+02
3.110000e-06	4.733234e-06	2.223513e-09	3.383614e+01	1.511939e+02
3.120000e-06	4.754689e-06	2.226659e-09	3.398952e+01	1.513912e+02
3.130000e-06	4.775809e-06	2.227189e-09	3.414050e+01	1.515773e+02
3.140000e-06	4.796690e-06	2.227905e-09	3.428977e+01	1.517525e+02
3.150000e-06	4.817276e-06	2.228618e-09	3.443693e+01	1.519174e+02
3.160000e-06	4.837541e-06	2.225085e-09	3.458180e+01	1.520727e+02
3.170000e-06	4.857521e-06	2.224292e-09	3.472463e+01	1.522188e+02
3.180000e-06	4.877310e-06	2.230795e-09	3.486609e+01	1.523565e+02
3.190000e-06	4.896846e-06	2.242908e-09	3.500575e+01	1.524865e+02
3.200000e-06	4.916006e-06	2.252674e-09	3.514272e+01	1.526096e+02
3.210000e-06	4.934809e-06	2.255834e-09	3.527713e+01	1.527266e+02
3.220000e-06	4.953160e-06	2.255264e-09	3.540832e+01	1.528383e+02
3.230000e-06	4.971157e-06	2.253155e-09	3.553697e+01	1.529455e+02
3.240000e-06	4.988793e-06	2.249329e-09	3.566304e+01	1.530490e+02
3.250000e-06	5.006142e-06	2.246459e-09	3.578706e+01	1.531496e+02
3.260000e-06	5.023240e-06	2.249109e-09	3.590929e+01	1.532480e+02
3.270000e-06	5.039845e-06	2.259505e-09	3.602800e+01	1.533451e+02
3.280000e-06	5.056038e-06	2.269270e-09	3.614375e+01	1.534413e+02
3.290000e-06	5.071888e-06	2.272651e-09	3.625706e+01	1.535374e+02
3.300000e-06	5.087329e-06	2.272183e-09	3.636744e+01	1.536337e+02
3.310000e-06	5.102306e-06	2.273130e-09	3.647450e+01	1.537307e+02
3.320000e-06	5.116927e-06	2.272275e-09	3.657902e+01	1.538287e+02
3.330000e-06	5.131138e-06	2.268848e-09	3.668062e+01	1.539277e+02
3.340000e-06	5.144853e-06	2.270590e-09	3.677866e+01	1.540279e+02
3.350000e-06	5.158236e-06	2.279158e-09	3.687433e+01	1.541291e+02
3.360000e-06	5.171274e-06	2.284870e-09	3.696753e+01	1.542311e+02
3.370000e-06	5.183970e-06	2.283721e-09	3.705829e+01	1.543337e+02
3.380000e-06	5.196367e-06	2.282430e-09	3.714691e+01	1.544363e+02
3.390000e-06	5.208411e-06	2.287157e-09	3.723301e+01	1.545383e+02
3.400000e-06	5.220091e-06	2.294607e-09	3.731651e+01	1.546391e+02
3.410000e-06	5.231316e-06	2.296647e-09	3.739675e+01	1.547380e+02
3.420000e-06	5.241984e-06	2.296753e-09	3.747301e+01	1.548339e+02
3.430000e-06	5.252112e-06	2.301142e-09	3.754541e+01	1.549262e+02
3.440000e-06	5.261647e-06	2.304761e-09	3.761357e+01	1.550136e+02
3.450000e-06	5.270613e-06	2.302614e-09	3.767767e+01	1.550954e+02
3.460000e-06	5.279217e-06	2.297107e-09	3.773917e+01	1.551705e+02
3.470000e-06	5.287452e-06	2.296161e-09	3.779805e+01	1.552379e+02
3.480000e-06	5.295389e-06	2.301714e-09	3.785478e+01	1.552967e+02
3.490000e-06	5.303052e-06	2.305566e-09	3.790957e+01	1.553460e+02
3.500000e-06	5.310340e-06	2.307089e-09	3.796166e+01	1.553850e+02
3.510000e-06	5.317239e-06	2.311593e-09	3.801098e+01	1.554130e+02
3.520000e-06	5.323757e-06	2.318002e-09	3.805758e+01	1.554296e+02
3.530000e-06	5.329979e-06	2.318425e-09	3.810206e+01	1.554341e+02
3.540000e-06	5.335901e-06	2.312735e-09	3.814439e+01	1.554264e+02
3.550000e-06	5.341484e-06	2.306809e-09	3.818430e+01	1.554064e+02
3.560000e-06	5.346697e-06	2.305806e-09	3.822157e+01	1.553741e+02
3.570000e-06	5.351497e-06	2.309274e-09	3.825588e+01	1.553297e+02
3.580000e-06	5.355978e-06	2.310056e-09	3.828792e+01	1.552737e+02
3.590000e-06	5.360144e-06	2.309329e-09	3.831770e+01	1.552068e+02
3.600000e-06	5.363991e-06	2.313258e-09	3.834520e+01	1.551296e+02
3.610000e-06	5.367655e-06	2.317576e-09	3.837139e+01	1.550431e+02
3.620000e-06	5.371033e-06	2.314547e-09	3.839554e+01	1.549485e+02
3.630000e-06	5.373937e-06	2.307351e-09	3.841629e+01	1.548470e+02
3.640000e-06	5.376220e-06	2.307753e-09	3.843261e+01	1.547400e+02
3.650000e-06	5.377941e-06	2.311156e-09	3.844492e+01	1.546288e+02
3.660000e-06	5.379121e-06	2.309858e-09	3.845335e+01	1.545152e+02
3.670000e-06	5.379803e-06	2.308472e-09	3.845823e+01	1.544006e+02
3.680000e-06	5.380051e-06	2.312368e-09	3.846000e+01	1.542868e+02
3.690000e-06	5.379956e-06	2.316531e-09	3.845932e+01	1.541752e+02
3.700000e-06	5.379639e-06	2.315767e-09	3.845706e+01	1.540676e+02
3.710000e-06	5.379030e-06	2.310726e-09	3.845270e+01	1.539653e+02
3.720000e-06	5.378166e-06	2.309251e-09	3.844652e+01	1.538699e+02
3.730000e-06	5.376940e-06	2.315337e-09	3.843776e+01	1.537826e+02
3.740000e-06	5.375344e-06	2.312288e-09	3.842635e+01	1.537047e+02
3.750000e-06	5.373468e-06	2.275779e-09	3.841294e+01	1.536370e+02
3.760000e-06	5.371278e-06	2.259685e-09	3.839729e+01	1.535805e+02
3.770000e-06	5.368694e-06	2.359128e-09	3.837881e+01	1.535356e+02
3.780000e-06	5.365709e-06	2.442115e-09	3.835748e+01	1.535029e+02
3.790000e-06	5.362399e-06	2.300551e-09	3.833381e+01	1.534825e+02
3.800000e-06	5.358659e-06	2.135572e-09	3.830708e+01	1.534743e+02
3.810000e-06	5.354581e-06	2.291524e-09	3.827792e+01	1.534781e+02
3.820000e-06	5.350253e-06	2.463355e-09	3.824699e+01	1.534932e+02
3.830000e-06	5.345574e-06	2.294337e-09	3.821354e+01	1.535190e+02
3.840000e-06	5.340360e-06	2.092754e-09	3.817626e+01	1.535546e+02
3.850000e-06	5.334535e-06	2.291332e-09	3.813462e+01	1.535987e+02
3.860000e-06	5.328201e-06	2.577059e-09	3.808935e+01	1.536502e+02
3.870000e-06	5.321483e-06	2.329612e-09	3.804132e+01	1.537074e+02
3.880000e-06	5.314463e-06	2.066591e-09	3.799114e+01	1.537689e+02
3.890000e-06	5.307040e-06	2.305011e-09	3.793807e+01	1.538329e+02
3.900000e-06	5.299191e-06	2.527634e-09	3.788196e+01	1.538978e+02
3.910000e-06	5.291010e-06	2.225513e-09	3.782348e+01	1.539617e+02
3.920000e-06	5.282472e-06	2.060766e-09	3.776244e+01	1.540228e+02
3.930000e-06	5.273577e-06	2.440202e-09	3.769886e+01	1.540795e+02
3.940000e-06	5.264409e-06	2.558357e-09	3.763332e+01	1.541299e+02
3.950000e-06	5.254925e-06	2.197648e-09	3.756552e+01	1.541725e+02
3.960000e-06	5.245046e-06	2.157586e-09	3.749490e+01	1.542058e+02
3.970000e-06	5.234797e-06	2.524113e-09	3.742163e+01	1.542284e+02
3.980000e-06	5.224134e-06	2.454163e-09	3.734540e+01	1.542390e+02
3.990000e-06	5.213104e-06	2.149714e-09	3.726655e+01	1.542368e+02
4.000000e-06	5.201731e-06	2.319500e-09	3.718526e+01	1.542207e+02
4.010000e-06	5.189961e-06	2.583080e-09	3.710112e+01	1.541903e+02
4.020000e-06	5.177760e-06	2.338976e-09	3.701390e+01	1.541451e+02
4.030000e-06	5.165112e-06	2.170051e-09	3.692348e+01	1.540848e+02
4.040000e-06	5.151968e-06	2.419045e-09	3.682952e+01	1.540095e+02
4.050000e-06	5.138251e-06	2.478901e-09	3.673146e+01	1.539193e+02
4.060000e-06	5.124028e-06	2.237389e-09	3.662978e+01	1.538147e+02
4.070000e-06	5.109300e-06	2.285582e-09	3.652450e+01	1.536963e+02
4.080000e-06	5.094048e-06	2.448012e-09	3.641547e+01	1.535647e+02
4.090000e-06	5.078364e-06	2.351722e-09	3.630335e+01	1.534209e+02
4.100000e-06	5.062379e-06	2.302802e-09	3.618908e+01	1.532658e+02
4.110000e-06	5.046223e-06	2.408226e-09	3.607359e+01	1.531006e+02
4.120000e-06	5.029767e-06	2.341476e-09	3.595595e+01	1.529264e+02
4.130000e-06	5.012932e-06	2.255722e-09	3.583560e+01	1.527444e+02
4.140000e-06	4.995806e-06	2.368725e-09	3.571317e+01	1.525558e+02
4.150000e-06	4.978278e-06	2.389914e-09	3.558788e+01	1.523619e+02
4.160000e-06	4.960368e-06	2.274753e-09	3.545984e+01	1.521637e+02
4.170000e-06	4.942261e-06	2.301882e-09	3.533040e+01	1.519624e+02
4.180000e-06	4.923867e-06	2.392487e-09	3.519891e+01	1.517590e+02
4.190000e-06	4.905029e-06	2.343830e-09	3.506424e+01	1.515545e+02
4.200000e-06	4.885905e-06	2.299463e-09	3.492753e+01	1.513495e+02
4.210000e-06	4.866509e-06	2.306021e-09	3.478888e+01	1.511447e+02
4.220000e-06	4.846837e-06	2.316791e-09	3.464825e+01	1.509406e+02
4.230000e-06	4.826953e-06	2.331409e-09	3.450611e+01	1.507375e+02
4.240000e-06	4.806727e-06	2.327748e-09	3.436152e+01	1.505357e+02
4.250000e-06	4.786114e-06	2.289584e-09	3.421417e+01	1.503352e+02
4.260000e-06	4.765214e-06	2.316951e-09	3.406475e+01	1.501358e+02
4.270000e-06	4.743892e-06	2.340599e-09	3.391234e+01	1.499372e+02
4.280000e-06	4.721921e-06	2.306002e-09	3.375527e+01	1.497390e+02
4.290000e-06	4.699303e-06	2.286708e-09	3.359358e+01	1.495408e+02
4.300000e-06	4.676199e-06	2.309821e-09	3.342842e+01	1.493418e+02
4.310000e-06	4.652858e-06	2.311972e-09	3.326156e+01	1.491415e+02
4.320000e-06	4.629302e-06	2.320550e-09	3.309318e+01	1.489389e+02
4.330000e-06	4.605399e-06	2.308588e-09	3.292230e+01	1.487332e+02
4.340000e-06	4.581183e-06	2.284965e-09	3.274919e+01	1.485238e+02
4.350000e-06	4.556735e-06	2.311755e-09	3.257442e+01	1.483096e+02
4.360000e-06	4.532039e-06	2.339712e-09	3.239788e+01	1.480900e+02
4.370000e-06	4.507104e-06	2.294743e-09	3.221963e+01	1.478641e+02
4.380000e-06	4.481842e-06	2.271504e-09	3.203903e+01	1.476313e+02
4.390000e-06	4.456199e-06	2.306188e-09	3.185572e+01	1.473910e+02
4.400000e-06	4.430283e-06	2.317128e-09	3.167046e+01	1.471426e+02
4.410000e-06	4.404051e-06	2.288404e-09	3.148294e+01	1.468859e+02
4.420000e-06	4.377501e-06	2.268588e-09	3.129314e+01	1.466205e+02
4.430000e-06	4.350623e-06	2.278096e-09	3.110100e+01	1.463464e+02
4.440000e-06	4.323457e-06	2.299362e-09	3.090680e+01	1.460634e+02
4.450000e-06	4.296045e-06	2.292754e-09	3.071085e+01	1.457718e+02
4.460000e-06	4.268356e-06	2.263107e-09	3.051291e+01	1.454719e+02
4.470000e-06	4.240448e-06	2.265853e-09	3.031340e+01	1.451640e+02
4.480000e-06	4.212374e-06	2.283487e-09	3.011271e+01	1.448487e+02
4.490000e-06	4.184104e-06	2.276004e-09	2.991061e+01	1.445265e+02
4.500000e-06	4.155497e-06	2.253773e-09	2.970612e+01	1.441981e+02
4.510000e-06	4.126493e-06	2.252531e-09	2.949878e+01	1.438644e+02
4.520000e-06	4.097001e-06	2.260709e-09	2.928795e+01	1.435261e+02
4.530000e-06	4.067010e-06	2.262222e-09	2.907355e+01	1.431842e+02
4.540000e-06	4.036562e-06	2.244019e-09	2.885589e+01	1.428394e+02
4.550000e-06	4.005684e-06	2.229137e-09	2.863516e+01	1.424927e+02
4.560000e-06	3.974455e-06	2.230545e-09	2.841191e+01	1.421449e+02
4.570000e-06	3.942901e-06	2.237416e-09	2.818634e+01	1.417967e+02
4.580000e-06	3.911122e-06	2.223389e-09	2.795917e+01	1.414489e+02
4.590000e-06	3.879195e-06	2.208165e-09	2.773094e+01	1.411022e+02
4.600000e-06	3.847111e-06	2.210630e-09	2.750158e+01	1.407570e+02
4.610000e-06	3.814884e-06	2.223997e-09	2.727120e+01	1.404138e+02
4.620000e-06	3.782394e-06	2.217934e-09	2.703894e+01	1.400729e+02
4.630000e-06	3.749491e-06	2.198330e-09	2.680373e+01	1.397345e+02
4.640000e-06	3.716336e-06	2.191681e-09	2.656672e+01	1.393986e+02
4.650000e-06	3.683026e-06	2.201230e-09	2.632860e+01	1.390652e+02
4.660000e-06	3.649473e-06	2.197314e-09	2.608873e+01	1.387340e+02
4.670000e-06	3.615739e-06	2.180894e-09	2.584759e+01	1.384047e+02
4.680000e-06	3.581791e-06	2.169782e-09	2.560490e+01	1.380769e+02
4.690000e-06	3.547500e-06	2.171188e-09	2.535977e+01	1.377499e+02
4.700000e-06	3.512961e-06	2.167159e-09	2.511286e+01	1.374232e+02
4.710000e-06	3.478244e-06	2.152814e-09	2.486468e+01	1.370959e+02
4.720000e-06	3.443264e-06	2.147496e-09	2.461463e+01	1.367673e+02
4.730000e-06	3.407996e-06	2.153777e-09	2.436251e+01	1.364365e+02
4.740000e-06	3.372519e-06	2.156509e-09	2.410890e+01	1.361027e+02
4.750000e-06	3.336930e-06	2.146771e-09	2.385448e+01	1.357648e+02
4.760000e-06	3.301235e-06	2.135083e-09	2.359931e+01	1.354221e+02
4.770000e-06	3.265386e-06	2.131318e-09	2.334304e+01	1.350736e+02
4.780000e-06	3.229398e-06	2.131929e-09	2.308578e+01	1.347185e+02
4.790000e-06	3.193284e-06	2.126134e-09	2.282761e+01	1.343561e+02
4.800000e-06	3.156934e-06	2.118376e-09	2.256776e+01	1.339855e+02
4.810000e-06	3.120276e-06	2.115972e-09	2.230570e+01	1.336063e+02
4.820000e-06	3.083291e-06	2.117768e-09	2.204131e+01	1.332178e+02
4.830000e-06	3.045902e-06	2.110786e-09	2.177403e+01	1.328197e+02
4.840000e-06	3.008124e-06	2.098056e-09	2.150397e+01	1.324115e+02
4.850000e-06	2.970105e-06	2.088397e-09	2.123219e+01	1.319930e+02
4.860000e-06	2.931779e-06	2.088729e-09	2.095821e+01	1.315640e+02
4.870000e-06	2.893128e-06	2.086973e-09	2.068191e+01	1.311246e+02
4.880000e-06	2.854228e-06	2.077489e-09	2.040382e+01	1.306748e+02
4.890000e-06	2.814955e-06	2.066959e-09	2.012307e+01	1.302147e+02
4.900000e-06	2.775421e-06	2.061980e-09	1.984046e+01	1.297446e+02
4.910000e-06	2.735734e-06	2.056986e-09	1.955675e+01	1.292646e+02
4.920000e-06	2.695866e-06	2.048435e-09	1.927175e+01	1.287751e+02
4.930000e-06	2.655892e-06	2.038638e-09	1.898600e+01	1.282765e+02
4.940000e-06	2.615807e-06	2.033934e-09	1.869944e+01	1.277692e+02
4.950000e-06	2.575540e-06	2.029176e-09	1.841159e+01	1.272535e+02
4.960000e-06	2.535168e-06	2.023323e-09	1.812298e+01	1.267298e+02
4.970000e-06	2.494730e-06	2.017394e-09	1.783391e+01	1.261984e+02
4.980000e-06	2.454223e-06	2.012239e-09	1.754433e+01	1.256597e+02
4.990000e-06	2.413708e-06	2.004229e-09	1.725471e+01	1.251140e+02
5.000000e-06	2.372940e-06	1.992630e-09	1.696327e+01	1.245614e+02
5.010000e-06	2.331832e-06	1.982722e-09	1.666941e+01	1.240021e+02
5.020000e-06	2.290596e-06	1.978176e-09	1.637462e+01	1.234361e+02
5.030000e-06	2.249237e-06	1.973892e-09	1.607897e+01	1.228633e+02
5.040000e-06	2.207662e-06	1.967202e-09	1.578176e+01	1.222837e+02
5.050000e-06	2.165888e-06	1.962432e-09	1.548314e+01	1.216971e+02
5.060000e-06	2.124002e-06	1.959697e-09	1.518371e+01	1.211031e+02
5.070000e-06	2.081983e-06	1.951984e-09	1.488333e+01	1.205013e+02
5.080000e-06	2.039830e-06	1.937968e-09	1.458199e+01	1.198913e+02
5.090000e-06	1.997597e-06	1.927326e-09	1.428008e+01	1.192725e+02
5.100000e-06	1.955235e-06	1.921873e-09	1.397725e+01	1.186443e+02
5.110000e-06	1.912752e-06	1.915168e-09	1.367356e+01	1.180060e+02
5.120000e-06	1.870227e-06	1.904836e-09	1.336957e+01	1.173570e+02
5.130000e-06	1.827517e-06	1.896188e-09	1.306425e+01	1.166963e+02
5.140000e-06	1.784491e-06	1.889793e-09	1.275667e+01	1.160233e+02
5.150000e-06	1.741367e-06	1.881590e-09	1.244839e+01	1.153371e+02
5.160000e-06	1.698167e-06	1.864709e-09	1.213957e+01	1.146369e+02
5.170000e-06	1.654793e-06	1.846970e-09	1.182951e+01	1.139219e+02
5.180000e-06	1.611290e-06	1.834648e-09	1.151852e+01	1.131914e+02
5.190000e-06	1.567681e-06	1.826940e-09	1.120677e+01	1.124444e+02
5.200000e-06	1.524040e-06	1.818325e-09	1.089480e+01	1.116803e+02
5.210000e-06	1.480334e-06	1.808922e-09	1.058236e+01	1.108985e+02
5.220000e-06	1.436566e-06	1.802107e-09	1.026948e+01	1.100981e+02
5.230000e-06	1.392736e-06	1.793771e-09	9.956155e+00	1.092785e+02
5.240000e-06	1.348838e-06	1.779446e-09	9.642348e+00	1.084392e+02
5.250000e-06	1.304932e-06	1.761604e-09	9.328481e+00	1.075797e+02
5.260000e-06	1.260997e-06	1.746020e-09	9.014404e+00	1.066992e+02
5.270000e-06	1.217015e-06	1.733409e-09	8.699989e+00	1.057975e+02
5.280000e-06	1.172991e-06	1.718997e-09	8.385277e+00	1.048739e+02
5.290000e-06	1.128925e-06	1.705115e-09	8.070268e+00	1.039280e+02
5.300000e-06	1.084807e-06	1.694952e-09	7.754886e+00	1.029593e+02
5.310000e-06	1.040615e-06	1.683447e-09	7.438976e+00	1.019673e+02
5.320000e-06	9.963643e-07	1.664786e-09	7.122641e+00	1.009515e+02
5.330000e-06	9.521116e-07	1.638576e-09	6.806295e+00	9.991134e+01
5.340000e-06	9.077894e-07	1.613697e-09	6.489451e+00	9.884623e+01
5.350000e-06	8.634149e-07	1.593689e-09	6.172235e+00	9.775552e+01
5.360000e-06	8.189774e-07	1.577450e-09	5.854567e+00	9.663849e+01
5.370000e-06	7.744064e-07	1.563638e-09	5.535946e+00	9.549435e+01
5.380000e-06	7.297799e-07	1.552782e-09	5.216928e+00	9.432225e+01
5.390000e-06	6.850694e-07	1.543052e-09	4.897309e+00	9.312121e+01
5.400000e-06	6.403156e-07	1.527381e-09	4.577380e+00	9.189021e+01
5.410000e-06	5.956349e-07	1.501649e-09	4.257975e+00	9.062813e+01
5.420000e-06	5.509331e-07	1.470636e-09	3.938418e+00	8.933373e+01
5.430000e-06	5.061861e-07	1.444915e-09	3.618538e+00	8.800574e+01
5.440000e-06	4.614478e-07	1.423794e-09	3.298720e+00	8.664278e+01
5.450000e-06	4.166319e-07	1.404224e-09	2.978348e+00	8.524341e+01
5.460000e-06	3.716969e-07	1.386150e-09	2.657124e+00	8.380614e+01
5.470000e-06	3.267763e-07	1.368874e-09	2.336003e+00	8.232943e+01
5.480000e-06	2.817915e-07	1.347817e-09	2.014424e+00	8.081173e+01
5.490000e-06	2.367261e-07	1.320358e-09	1.692268e+00	7.925147e+01
5.500000e-06	1.917632e-07	1.289676e-09	1.370844e+00	7.764710e+01
5.510000e-06	1.467564e-07	1.259665e-09	1.049107e+00	7.599707e+01
5.520000e-06	1.015644e-07	1.231321e-09	7.260461e-01	7.429992e+01
5.530000e-06	5.641478e-08	1.202725e-09	4.032884e-01	7.255425e+01
5.540000e-06	1.143500e-08	1.175415e-09	8.174461e-02	7.075874e+01
5.550000e-06	-3.355429e-08	1.150576e-09	-2.398672e-01	6.891221e+01
5.560000e-06	-7.858505e-08	1.122641e-09	-5.617756e-01	6.701359e+01
5.570000e-06	-1.235561e-07	1.089946e-09	-8.832567e-01	6.506199e+01
5.580000e-06	-1.684887e-07	1.056824e-09	-1.204463e+00	6.305667e+01
5.590000e-06	-2.134919e-07	1.024398e-09	-1.526175e+00	6.099710e+01
5.600000e-06	-2.585005e-07	9.907848e-10	-1.847925e+00	5.888294e+01
5.610000e-06	-3.034879e-07	9.547450e-10	-2.169523e+00	5.671408e+01
5.620000e-06	-3.485763e-07	9.184265e-10	-2.491843e+00	5.449063e+01
5.630000e-06	-3.936075e-07	8.826401e-10	-2.813755e+00	5.221292e+01
5.640000e-06	-4.385114e-07	8.479613e-10	-3.134756e+00	4.988152e+01
5.650000e-06	-4.833808e-07	8.103280e-10	-3.455511e+00	4.749727e+01
5.660000e-06	-5.281822e-07	7.664479e-10	-3.775780e+00	4.506119e+01
5.670000e-06	-5.729522e-07	7.219815e-10	-4.095824e+00	4.257459e+01
5.680000e-06	-6.176611e-07	6.815675e-10	-4.415432e+00	4.003895e+01
5.690000e-06	-6.622041e-07	6.433556e-10	-4.733853e+00	3.745602e+01
5.700000e-06	-7.066669e-07	6.041333e-10	-5.051701e+00	3.482770e+01
5.710000e-06	-7.510877e-07	5.621129e-10	-5.369249e+00	3.215611e+01
5.720000e-06	-7.954201e-07	5.211011e-10	-5.686165e+00	2.944354e+01
5.730000e-06	-8.398034e-07	4.814864e-10	-6.003445e+00	2.669243e+01
5.740000e-06	-8.842808e-07	4.381018e-10	-6.321398e+00	2.390536e+01
5.750000e-06	-9.286974e-07	3.896487e-10	-6.638915e+00	2.108502e+01
5.760000e-06	-9.729801e-07	3.423202e-10	-6.955476e+00	1.823420e+01
5.770000e-06	-1.017133e-06	2.995222e-10	-7.271108e+00	1.535578e+01
5.780000e-06	-1.061235e-06	2.585897e-10	-7.586380e+00	1.245268e+01
5.790000e-06	-1.105364e-06	2.155885e-10	-7.901840e+00	9.527846e+00
5.800000e-06	-1.149456e-06	1.690532e-10	-8.217039e+00	6.584270e+00
5.810000e-06	-1.193454e-06	1.220056e-10	-8.531561e+00	3.624923e+00
5.820000e-06	-1.237439e-06	7.515257e-11	-8.845995e+00	6.527610e-01
5.830000e-06	-1.281420e-06	2.418360e-11	-9.160397e+00	-2.329294e+00
5.840000e-06	-1.325346e-06	-2.724733e-11	-9.474409e+00	-5.318369e+00
5.850000e-06	-1.369249e-06	-7.282817e-11	-9.788256e+00	-8.311651e+00
5.860000e-06	-1.413097e-06	-1.157311e-10	-1.010171e+01	-1.130640e+01
5.870000e-06	-1.456866e-06	-1.601714e-10	-1.041460e+01	-1.429995e+01
5.880000e-06	-1.500579e-06	-2.068506e-10	-1.072709e+01	-1.728973e+01
5.890000e-06	-1.544300e-06	-2.578336e-10	-1.103963e+01	-2.027327e+01
5.900000e-06	-1.587966e-06	-3.106288e-10	-1.135178e+01	-2.324816e+01
5.910000e-06	-1.631498e-06	-3.617045e-10	-1.166298e+01	-2.621213e+01
5.920000e-06	-1.674852e-06	-4.126126e-10	-1.197290e+01	-2.916298e+01
5.930000e-06	-1.718062e-06	-4.596458e-10	-1.228179e+01	-3.209861e+01
5.940000e-06	-1.761123e-06	-5.019050e-10	-1.258962e+01	-3.501703e+01
5.950000e-06	-1.803996e-06	-5.445292e-10	-1.289610e+01	-3.791632e+01
5.960000e-06	-1.846735e-06	-5.898469e-10	-1.320163e+01	-4.079466e+01
5.970000e-06	-1.889314e-06	-6.371551e-10	-1.350601e+01	-4.365030e+01
5.980000e-06	-1.931743e-06	-6.821699e-10	-1.380932e+01	-4.648157e+01
5.990000e-06	-1.974058e-06	-7.252709e-10	-1.411181e+01	-4.928687e+01
6.000000e-06	-2.016288e-06	-7.700651e-10	-1.441370e+01	-5.206468e+01
6.010000e-06	-2.058360e-06	-8.161441e-10	-1.471446e+01	-5.481351e+01
6.020000e-06	-2.100237e-06	-8.624380e-10	-1.501382e+01	-5.753195e+01
6.030000e-06	-2.142065e-06	-9.096664e-10	-1.531283e+01	-6.021864e+01
6.040000e-06	-2.183889e-06	-9.579274e-10	-1.561182e+01	-6.287225e+01
6.050000e-06	-2.225593e-06	-1.003039e-09	-1.590994e+01	-6.549151e+01
6.060000e-06	-2.267152e-06	-1.042402e-09	-1.620703e+01	-6.807517e+01
6.070000e-06	-2.308501e-06	-1.080011e-09	-1.650262e+01	-7.062205e+01
6.080000e-06	-2.349531e-06	-1.121045e-09	-1.679593e+01	-7.313099e+01
6.090000e-06	-2.390320e-06	-1.163720e-09	-1.708752e+01	-7.560086e+01
6.100000e-06	-2.430938e-06	-1.202745e-09	-1.737788e+01	-7.803060e+01
6.110000e-06	-2.471369e-06	-1.240040e-09	-1.766690e+01	-8.041915e+01
6.120000e-06	-2.511624e-06	-1.279417e-09	-1.795467e+01	-8.276553e+01
6.130000e-06	-2.551722e-06	-1.319039e-09	-1.824132e+01	-8.506880e+01
6.140000e-06	-2.591680e-06	-1.355256e-09	-1.852696e+01	-8.732805e+01
6.150000e-06	-2.631593e-06	-1.387895e-09	-1.881228e+01	-8.954244e+01
6.160000e-06	-2.671464e-06	-1.421289e-09	-1.909731e+01	-9.171118e+01
6.170000e-06	-2.711284e-06	-1.458010e-09	-1.938197e+01	-9.383356e+01
6.180000e-06	-2.751018e-06	-1.494737e-09	-1.966601e+01	-9.590891e+01
6.190000e-06	-2.790528e-06	-1.528039e-09	-1.994845e+01	-9.793665e+01
6.200000e-06	-2.829794e-06	-1.559626e-09	-2.022915e+01	-9.991626e+01
6.210000e-06	-2.868900e-06	-1.593182e-09	-2.050871e+01	-1.018473e+02
6.220000e-06	-2.907667e-06	-1.626685e-09	-2.078584e+01	-1.037295e+02
6.230000e-06	-2.946018e-06	-1.653676e-09	-2.106000e+01	-1.055625e+02
6.240000e-06	-2.983980e-06	-1.678221e-09	-2.133137e+01	-1.073461e+02
6.250000e-06	-3.021583e-06	-1.705490e-09	-2.160018e+01	-1.090803e+02
6.260000e-06	-3.058891e-06	-1.735206e-09	-2.186689e+01	-1.107651e+02
6.270000e-06	-3.095827e-06	-1.762836e-09	-2.213092e+01	-1.124006e+02
6.280000e-06	-3.132435e-06	-1.787488e-09	-2.239263e+01	-1.139869e+02
6.290000e-06	-3.168850e-06	-1.813275e-09	-2.265294e+01	-1.155244e+02
6.300000e-06	-3.205062e-06	-1.839590e-09	-2.291181e+01	-1.170135e+02
6.310000e-06	-3.241082e-06	-1.861090e-09	-2.316930e+01	-1.184545e+02
6.320000e-06	-3.276991e-06	-1.877019e-09	-2.342600e+01	-1.198482e+02
6.330000e-06	-3.312726e-06	-1.894933e-09	-2.368146e+01	-1.211950e+02
6.340000e-06	-3.348254e-06	-1.917219e-09	-2.393543e+01	-1.224959e+02
6.350000e-06	-3.383608e-06	-1.939124e-09	-2.418816e+01	-1.237515e+02
6.360000e-06	-3.418800e-06	-1.957490e-09	-2.443974e+01	-1.249627e+02
6.370000e-06	-3.453751e-06	-1.975024e-09	-2.468959e+01	-1.261305e+02
6.380000e-06	-3.488442e-06	-1.993547e-09	-2.493758e+01	-1.272559e+02
6.390000e-06	-3.522903e-06	-2.009947e-09	-2.518394e+01	-1.283401e+02
6.400000e-06	-3.557069e-06	-2.024062e-09	-2.542817e+01	-1.293840e+02
6.410000e-06	-3.591004e-06	-2.038735e-09	-2.567076e+01	-1.303889e+02
6.420000e-06	-3.624708e-06	-2.055766e-09	-2.591170e+01	-1.313560e+02
6.430000e-06	-3.658187e-06	-2.071972e-09	-2.615103e+01	-1.322866e+02
6.440000e-06	-3.691391e-06	-2.083784e-09	-2.638839e+01	-1.331818e+02
6.450000e-06	-3.724302e-06	-2.096151e-09	-2.662366e+01	-1.340431e+02
6.460000e-06	-3.756984e-06	-2.110423e-09	-2.685729e+01	-1.348716e+02
6.470000e-06	-3.789321e-06	-2.122606e-09	-2.708846e+01	-1.356687e+02
6.480000e-06	-3.821444e-06	-2.131346e-09	-2.731809e+01	-1.364358e+02
6.490000e-06	-3.853435e-06	-2.138165e-09	-2.754679e+01	-1.371740e+02
6.500000e-06	-3.885238e-06	-2.148713e-09	-2.777413e+01	-1.378846e+02
6.510000e-06	-3.916823e-06	-2.164354e-09	-2.799993e+01	-1.385690e+02
6.520000e-06	-3.948158e-06	-2.179841e-09	-2.822393e+01	-1.392282e+02
6.530000e-06	-3.979160e-06	-2.193831e-09	-2.844555e+01	-1.398636e+02
6.540000e-06	-4.009825e-06	-2.205290e-09	-2.866476e+01	-1.404761e+02
6.550000e-06	-4.040093e-06	-2.212812e-09	-2.888113e+01	-1.410669e+02
6.560000e-06	-4.069784e-06	-2.216980e-09	-2.909339e+01	-1.416370e+02
6.570000e-06	-4.099066e-06	-2.221414e-09	-2.930271e+01	-1.421874e+02
6.580000e-06	-4.127986e-06	-2.227010e-09	-2.950945e+01	-1.427189e+02
6.590000e-06	-4.156411e-06	-2.235569e-09	-2.971265e+01	-1.432324e+02
6.600000e-06	-4.184493e-06	-2.249635e-09	-2.991340e+01	-1.437287e+02
6.610000e-06	-4.212438e-06	-2.264006e-09	-3.011317e+01	-1.442084e+02
6.620000e-06	-4.240243e-06	-2.273741e-09	-3.031194e+01	-1.446722e+02
6.630000e-06	-4.267856e-06	-2.280886e-09	-3.050933e+01	-1.451206e+02
6.640000e-06	-4.295285e-06	-2.286914e-09	-3.070541e+01	-1.455540e+02
6.650000e-06	-4.322447e-06	-2.289839e-09	-3.089958e+01	-1.459730e+02
6.660000e-06	-4.349231e-06	-2.292116e-09	-3.109105e+01	-1.463778e+02
6.670000e-06	-4.375611e-06	-2.296520e-09	-3.127963e+01	-1.467687e+02
6.680000e-06	-4.401706e-06	-2.303550e-09	-3.146617e+01	-1.471459e+02
6.690000e-06	-4.427556e-06	-2.313784e-09	-3.165096e+01	-1.475097e+02
6.700000e-06	-4.453112e-06	-2.324645e-09	-3.183365e+01	-1.478601e+02
6.710000e-06	-4.478363e-06	-2.331131e-09	-3.201416e+01	-1.481973e+02
6.720000e-06	-4.503254e-06	-2.333727e-09	-3.219210e+01	-1.485214e+02
6.730000e-06	-4.527810e-06	-2.335090e-09	-3.236764e+01	-1.488324e+02
6.740000e-06	-4.552140e-06	-2.339001e-09	-3.254157e+01	-1.491304e+02
6.750000e-06	-4.576203e-06	-2.342294e-09	-3.271359e+01	-1.494155e+02
6.760000e-06	-4.600045e-06	-2.342561e-09	-3.288402e+01	-1.496877e+02
6.770000e-06	-4.623761e-06	-2.343516e-09	-3.305356e+01	-1.499472e+02
6.780000e-06	-4.647186e-06	-2.348327e-09	-3.322102e+01	-1.501940e+02
6.790000e-06	-4.670292e-06	-2.354495e-09	-3.338619e+01	-1.504284e+02
6.800000e-06	-4.692911e-06	-2.357554e-09	-3.354789e+01	-1.506505e+02
6.810000e-06	-4.714888e-06	-2.359633e-09	-3.370500e+01	-1.508607e+02
6.820000e-06	-4.736400e-06	-2.365870e-09	-3.385878e+01	-1.510591e+02
6.830000e-06	-4.757429e-06	-2.371721e-09	-3.400911e+01	-1.512463e+02
6.840000e-06	-4.778029e-06	-2.371973e-09	-3.415637e+01	-1.514227e+02
6.850000e-06	-4.798362e-06	-2.366779e-09	-3.430172e+01	-1.515887e+02
6.860000e-06	-4.818403e-06	-2.362882e-09	-3.444499e+01	-1.517449e+02
6.870000e-06	-4.838183e-06	-2.367132e-09	-3.458639e+01	-1.518920e+02
6.880000e-06	-4.857813e-06	-2.371312e-09	-3.472672e+01	-1.520306e+02
6.890000e-06	-4.877184e-06	-2.372868e-09	-3.486519e+01	-1.521615e+02
6.900000e-06	-4.896138e-06	-2.373853e-09	-3.500068e+01	-1.522854e+02
6.910000e-06	-4.914710e-06	-2.376908e-09	-3.513345e+01	-1.524031e+02
6.920000e-06	-4.932992e-06	-2.379055e-09	-3.526414e+01	-1.525154e+02
6.930000e-06	-4.950934e-06	-2.376560e-09	-3.539240e+01	-1.526232e+02
6.940000e-06	-4.968576e-06	-2.371246e-09	-3.551852e+01	-1.527272e+02
6.950000e-06	-4.985949e-06	-2.369518e-09	-3.564271e+01	-1.528282e+02
6.960000e-06	-5.002932e-06	-2.372458e-09	-3.576412e+01	-1.529271e+02
6.970000e-06	-5.019578e-06	-2.376014e-09	-3.588312e+01	-1.530245e+02
6.980000e-06	-5.035965e-06	-2.377951e-09	-3.600026e+01	-1.531210e+02
6.990000e-06	-5.052059e-06	-2.382611e-09	-3.611531e+01	-1.532173e+02
7.000000e-06	-5.067882e-06	-2.390041e-09	-3.622842e+01	-1.533138e+02
7.010000e-06	-5.083432e-06	-2.390409e-09	-3.633958e+01	-1.534110e+02
7.020000e-06	-5.098603e-06	-2.383238e-09	-3.644803e+01	-1.535091e+02
7.030000e-06	-5.113263e-06	-2.377570e-09	-3.655283e+01	-1.536083e+02
7.040000e-06	-5.127303e-06	-2.377670e-09	-3.665320e+01	-1.537086e+02
7.050000e-06	-5.140675e-06	-2.381873e-09	-3.674879e+01	-1.538100e+02
7.060000e-06	-5.153481e-06	-2.387152e-09	-3.684033e+01	-1.539122e+02
7.070000e-06	-5.165787e-06	-2.392904e-09	-3.692831e+01	-1.540150e+02
7.080000e-06	-5.177753e-06	-2.399392e-09	-3.701385e+01	-1.541178e+02
7.090000e-06	-5.189445e-06	-2.401932e-09	-3.709743e+01	-1.542201e+02
7.100000e-06	-5.200727e-06	-2.395625e-09	-3.717808e+01	-1.543213e+02
7.110000e-06	-5.211628e-06	-2.386086e-09	-3.725601e+01	-1.544206e+02
7.120000e-06	-5.222163e-06	-2.383007e-09	-3.733132e+01	-1.545171e+02
7.130000e-06	-5.232349e-06	-2.383831e-09	-3.740413e+01	-1.546099e+02
7.140000e-06	-5.242223e-06	-2.384689e-09	-3.747472e+01	-1.546980e+02
7.150000e-06	-5.251764e-06	-2.386627e-09	-3.754293e+01	-1.547806e+02
7.160000e-06	-5.260911e-06	-2.392272e-09	-3.760831e+01	-1.548565e+02
7.170000e-06	-5.269714e-06	-2.397713e-09	-3.767124e+01	-1.549248e+02
7.180000e-06	-5.278100e-06	-2.396336e-09	-3.773119e+01	-1.549846e+02
7.190000e-06	-5.286164e-06	-2.393018e-09	-3.778884e+01	-1.550349e+02
7.200000e-06	-5.294058e-06	-2.393873e-09	-3.784527e+01	-1.550750e+02
7.210000e-06	-5.301688e-06	-2.395874e-09	-3.789981e+01	-1.551043e+02
7.220000e-06	-5.309100e-06	-2.393738e-09	-3.795280e+01	-1.551220e+02
7.230000e-06	-5.316162e-06	-2.387860e-09	-3.800328e+01	-1.551278e+02
7.240000e-06	-5.322641e-06	-2.385359e-09	-3.804960e+01	-1.551214e+02
7.250000e-06	-5.328469e-06	-2.387162e-09	-3.809126e+01	-1.551026e+02
7.260000e-06	-5.333582e-06	-2.388583e-09	-3.812781e+01	-1.550715e+02
7.270000e-06	-5.338091e-06	-2.388320e-09	-3.816004e+01	-1.550284e+02
7.280000e-06	-5.342263e-06	-2.390284e-09	-3.818987e+01	-1.549736e+02
7.290000e-06	-5.346258e-06	-2.393183e-09	-3.821843e+01	-1.549078e+02
7.300000e-06	-5.350065e-06	-2.392459e-09	-3.824564e+01	-1.548317e+02
7.310000e-06	-5.353611e-06	-2.386603e-09	-3.827099e+01	-1.547462e+02
7.320000e-06	-5.356829e-06	-2.378145e-09	-3.829400e+01	-1.546524e+02
7.330000e-06	-5.359625e-06	-2.373404e-09	-3.831399e+01	-1.545517e+02
7.340000e-06	-5.361983e-06	-2.373666e-09	-3.833084e+01	-1.544453e+02
7.350000e-06	-5.364019e-06	-2.373396e-09	-3.834539e+01	-1.543347e+02
7.360000e-06	-5.365809e-06	-2.372575e-09	-3.835819e+01	-1.542214e+02
7.370000e-06	-5.367204e-06	-2.374352e-09	-3.836816e+01	-1.541071e+02
7.380000e-06	-5.368096e-06	-2.377062e-09	-3.837454e+01	-1.539933e+02
7.390000e-06	-5.368635e-06	-2.377469e-09	-3.837839e+01	-1.538818e+02
7.400000e-06	-5.369009e-06	-2.374971e-09	-3.838107e+01	-1.537740e+02
