# Temperatura_=_-2.5
# Concentracion g/m^3_=_4090.0
# C_Vs_to_Am_M_A/Vsm_=_65563218390.804596
# pendiente_HvsI_1/m_=_3716.3
# ordenada_HvsI_A/m_=_1297.0
# frecuencia_Hz_=_135070.89269458788

Tiempo_(s)	Campo_(V.s)	Magnetizacion_(V.s)	Campo_(kA/m)	Magnetizacion_(A/m)
0.000000e+00	-5.410056e-06	-2.269198e-09	-3.839602e+01	-1.476274e+02
1.000000e-08	-5.410143e-06	-2.268130e-09	-3.839664e+01	-1.475300e+02
2.000000e-08	-5.410055e-06	-2.269474e-09	-3.839601e+01	-1.474410e+02
3.000000e-08	-5.409767e-06	-2.272609e-09	-3.839397e+01	-1.473617e+02
4.000000e-08	-5.409154e-06	-2.276502e-09	-3.838962e+01	-1.472938e+02
5.000000e-08	-5.407945e-06	-2.280052e-09	-3.838104e+01	-1.472384e+02
6.000000e-08	-5.406125e-06	-2.275985e-09	-3.836813e+01	-1.471966e+02
7.000000e-08	-5.403668e-06	-2.258982e-09	-3.835069e+01	-1.471692e+02
8.000000e-08	-5.400544e-06	-2.252178e-09	-3.832852e+01	-1.471569e+02
9.000000e-08	-5.396883e-06	-2.296413e-09	-3.830253e+01	-1.471601e+02
1.000000e-07	-5.392798e-06	-2.360440e-09	-3.827354e+01	-1.471789e+02
1.100000e-07	-5.388491e-06	-2.324364e-09	-3.824297e+01	-1.472132e+02
1.200000e-07	-5.384071e-06	-2.240065e-09	-3.821160e+01	-1.472627e+02
1.300000e-07	-5.379378e-06	-2.238278e-09	-3.817830e+01	-1.473267e+02
1.400000e-07	-5.374252e-06	-2.343297e-09	-3.814192e+01	-1.474043e+02
1.500000e-07	-5.368688e-06	-2.311090e-09	-3.810243e+01	-1.474945e+02
1.600000e-07	-5.362874e-06	-2.201104e-09	-3.806116e+01	-1.475960e+02
1.700000e-07	-5.356746e-06	-2.216291e-09	-3.801767e+01	-1.477073e+02
1.800000e-07	-5.350150e-06	-2.367129e-09	-3.797086e+01	-1.478268e+02
1.900000e-07	-5.343095e-06	-2.382021e-09	-3.792079e+01	-1.479528e+02
2.000000e-07	-5.335751e-06	-2.271169e-09	-3.786867e+01	-1.480832e+02
2.100000e-07	-5.328221e-06	-2.273792e-09	-3.781523e+01	-1.482163e+02
2.200000e-07	-5.320394e-06	-2.350167e-09	-3.775968e+01	-1.483500e+02
2.300000e-07	-5.312308e-06	-2.340853e-09	-3.770229e+01	-1.484823e+02
2.400000e-07	-5.303973e-06	-2.287047e-09	-3.764314e+01	-1.486112e+02
2.500000e-07	-5.295090e-06	-2.348567e-09	-3.758009e+01	-1.487349e+02
2.600000e-07	-5.285407e-06	-2.392205e-09	-3.751137e+01	-1.488515e+02
2.700000e-07	-5.275069e-06	-2.363710e-09	-3.743800e+01	-1.489594e+02
2.800000e-07	-5.264207e-06	-2.349151e-09	-3.736091e+01	-1.490568e+02
2.900000e-07	-5.252915e-06	-2.403985e-09	-3.728077e+01	-1.491425e+02
3.000000e-07	-5.241248e-06	-2.361989e-09	-3.719797e+01	-1.492151e+02
3.100000e-07	-5.229157e-06	-2.299052e-09	-3.711215e+01	-1.492737e+02
3.200000e-07	-5.216622e-06	-2.338204e-09	-3.702319e+01	-1.493174e+02
3.300000e-07	-5.203785e-06	-2.400754e-09	-3.693209e+01	-1.493456e+02
3.400000e-07	-5.190566e-06	-2.339303e-09	-3.683826e+01	-1.493579e+02
3.500000e-07	-5.176842e-06	-2.301676e-09	-3.674086e+01	-1.493541e+02
3.600000e-07	-5.162828e-06	-2.343261e-09	-3.664140e+01	-1.493342e+02
3.700000e-07	-5.148530e-06	-2.354745e-09	-3.653993e+01	-1.492985e+02
3.800000e-07	-5.133634e-06	-2.298834e-09	-3.643422e+01	-1.492473e+02
3.900000e-07	-5.118054e-06	-2.303091e-09	-3.632364e+01	-1.491812e+02
4.000000e-07	-5.101898e-06	-2.325878e-09	-3.620898e+01	-1.491010e+02
4.100000e-07	-5.085320e-06	-2.315478e-09	-3.609132e+01	-1.490076e+02
4.200000e-07	-5.068397e-06	-2.315907e-09	-3.597122e+01	-1.489019e+02
4.300000e-07	-5.051182e-06	-2.324751e-09	-3.584904e+01	-1.487851e+02
4.400000e-07	-5.033717e-06	-2.294319e-09	-3.572509e+01	-1.486583e+02
4.500000e-07	-5.016010e-06	-2.277794e-09	-3.559942e+01	-1.485227e+02
4.600000e-07	-4.998113e-06	-2.311853e-09	-3.547240e+01	-1.483795e+02
4.700000e-07	-4.979840e-06	-2.305143e-09	-3.534271e+01	-1.482299e+02
4.800000e-07	-4.961062e-06	-2.273513e-09	-3.520944e+01	-1.480750e+02
4.900000e-07	-4.941824e-06	-2.277363e-09	-3.507291e+01	-1.479161e+02
5.000000e-07	-4.922248e-06	-2.306367e-09	-3.493398e+01	-1.477542e+02
5.100000e-07	-4.902469e-06	-2.291334e-09	-3.479360e+01	-1.475902e+02
5.200000e-07	-4.882537e-06	-2.276087e-09	-3.465214e+01	-1.474251e+02
5.300000e-07	-4.862372e-06	-2.269209e-09	-3.450902e+01	-1.472597e+02
5.400000e-07	-4.841829e-06	-2.276806e-09	-3.436322e+01	-1.470945e+02
5.500000e-07	-4.820908e-06	-2.278440e-09	-3.421475e+01	-1.469301e+02
5.600000e-07	-4.799600e-06	-2.277541e-09	-3.406352e+01	-1.467669e+02
5.700000e-07	-4.777903e-06	-2.257668e-09	-3.390953e+01	-1.466053e+02
5.800000e-07	-4.755947e-06	-2.259860e-09	-3.375371e+01	-1.464454e+02
5.900000e-07	-4.733820e-06	-2.269513e-09	-3.359667e+01	-1.462872e+02
6.000000e-07	-4.711438e-06	-2.266154e-09	-3.343782e+01	-1.461306e+02
6.100000e-07	-4.688675e-06	-2.242307e-09	-3.327627e+01	-1.459756e+02
6.200000e-07	-4.665483e-06	-2.237799e-09	-3.311167e+01	-1.458218e+02
6.300000e-07	-4.641879e-06	-2.244467e-09	-3.294415e+01	-1.456690e+02
6.400000e-07	-4.618047e-06	-2.249215e-09	-3.277501e+01	-1.455167e+02
6.500000e-07	-4.594065e-06	-2.234093e-09	-3.260480e+01	-1.453646e+02
6.600000e-07	-4.569900e-06	-2.221016e-09	-3.243330e+01	-1.452121e+02
6.700000e-07	-4.545490e-06	-2.224584e-09	-3.226006e+01	-1.450587e+02
6.800000e-07	-4.520682e-06	-2.235093e-09	-3.208399e+01	-1.449041e+02
6.900000e-07	-4.495375e-06	-2.226383e-09	-3.190439e+01	-1.447477e+02
7.000000e-07	-4.469554e-06	-2.213177e-09	-3.172113e+01	-1.445890e+02
7.100000e-07	-4.443224e-06	-2.213123e-09	-3.153427e+01	-1.444277e+02
7.200000e-07	-4.416381e-06	-2.218843e-09	-3.134376e+01	-1.442633e+02
7.300000e-07	-4.389112e-06	-2.216929e-09	-3.115022e+01	-1.440956e+02
7.400000e-07	-4.361542e-06	-2.204453e-09	-3.095455e+01	-1.439242e+02
7.500000e-07	-4.333735e-06	-2.200282e-09	-3.075721e+01	-1.437490e+02
7.600000e-07	-4.305754e-06	-2.205235e-09	-3.055861e+01	-1.435698e+02
7.700000e-07	-4.277619e-06	-2.209192e-09	-3.035894e+01	-1.433865e+02
7.800000e-07	-4.249243e-06	-2.197729e-09	-3.015755e+01	-1.431991e+02
7.900000e-07	-4.220564e-06	-2.188599e-09	-2.995401e+01	-1.430077e+02
8.000000e-07	-4.191520e-06	-2.187870e-09	-2.974788e+01	-1.428123e+02
8.100000e-07	-4.162089e-06	-2.193593e-09	-2.953901e+01	-1.426132e+02
8.200000e-07	-4.132395e-06	-2.190267e-09	-2.932826e+01	-1.424105e+02
8.300000e-07	-4.102521e-06	-2.186668e-09	-2.911624e+01	-1.422045e+02
8.400000e-07	-4.072378e-06	-2.182150e-09	-2.890231e+01	-1.419954e+02
8.500000e-07	-4.041993e-06	-2.183341e-09	-2.868666e+01	-1.417835e+02
8.600000e-07	-4.011326e-06	-2.174027e-09	-2.846902e+01	-1.415692e+02
8.700000e-07	-3.980296e-06	-2.161226e-09	-2.824879e+01	-1.413527e+02
8.800000e-07	-3.948990e-06	-2.153285e-09	-2.802661e+01	-1.411344e+02
8.900000e-07	-3.917482e-06	-2.158677e-09	-2.780299e+01	-1.409145e+02
9.000000e-07	-3.885820e-06	-2.161694e-09	-2.757828e+01	-1.406933e+02
9.100000e-07	-3.853956e-06	-2.156977e-09	-2.735213e+01	-1.404711e+02
9.200000e-07	-3.821897e-06	-2.148034e-09	-2.712461e+01	-1.402480e+02
9.300000e-07	-3.789651e-06	-2.144229e-09	-2.689575e+01	-1.400243e+02
9.400000e-07	-3.757194e-06	-2.138549e-09	-2.666540e+01	-1.398000e+02
9.500000e-07	-3.724468e-06	-2.129494e-09	-2.643314e+01	-1.395753e+02
9.600000e-07	-3.691419e-06	-2.122372e-09	-2.619858e+01	-1.393500e+02
9.700000e-07	-3.657968e-06	-2.122927e-09	-2.596118e+01	-1.391243e+02
9.800000e-07	-3.624060e-06	-2.121054e-09	-2.572053e+01	-1.388981e+02
9.900000e-07	-3.589727e-06	-2.111765e-09	-2.547686e+01	-1.386711e+02
1.000000e-06	-3.554927e-06	-2.100111e-09	-2.522988e+01	-1.384433e+02
1.010000e-06	-3.519706e-06	-2.095501e-09	-2.497991e+01	-1.382144e+02
1.020000e-06	-3.484248e-06	-2.093407e-09	-2.472826e+01	-1.379842e+02
1.030000e-06	-3.448603e-06	-2.085972e-09	-2.447528e+01	-1.377524e+02
1.040000e-06	-3.412760e-06	-2.079070e-09	-2.422090e+01	-1.375186e+02
1.050000e-06	-3.376768e-06	-2.077746e-09	-2.396546e+01	-1.372825e+02
1.060000e-06	-3.340653e-06	-2.077455e-09	-2.370914e+01	-1.370438e+02
1.070000e-06	-3.304332e-06	-2.068849e-09	-2.345137e+01	-1.368020e+02
1.080000e-06	-3.267789e-06	-2.056900e-09	-2.319201e+01	-1.365567e+02
1.090000e-06	-3.231064e-06	-2.046979e-09	-2.293138e+01	-1.363076e+02
1.100000e-06	-3.194054e-06	-2.045008e-09	-2.266871e+01	-1.360543e+02
1.110000e-06	-3.156780e-06	-2.042874e-09	-2.240417e+01	-1.357964e+02
1.120000e-06	-3.119361e-06	-2.037391e-09	-2.213860e+01	-1.355335e+02
1.130000e-06	-3.081752e-06	-2.029065e-09	-2.187168e+01	-1.352652e+02
1.140000e-06	-3.043899e-06	-2.024564e-09	-2.160304e+01	-1.349912e+02
1.150000e-06	-3.005851e-06	-2.017799e-09	-2.133300e+01	-1.347112e+02
1.160000e-06	-2.967568e-06	-2.007055e-09	-2.106130e+01	-1.344249e+02
1.170000e-06	-2.929007e-06	-1.996705e-09	-2.078763e+01	-1.341320e+02
1.180000e-06	-2.890301e-06	-1.993852e-09	-2.051293e+01	-1.338322e+02
1.190000e-06	-2.851485e-06	-1.993566e-09	-2.023744e+01	-1.335254e+02
1.200000e-06	-2.812493e-06	-1.991107e-09	-1.996071e+01	-1.332114e+02
1.210000e-06	-2.773247e-06	-1.982351e-09	-1.968217e+01	-1.328900e+02
1.220000e-06	-2.733758e-06	-1.974673e-09	-1.940191e+01	-1.325611e+02
1.230000e-06	-2.694105e-06	-1.968476e-09	-1.912049e+01	-1.322245e+02
1.240000e-06	-2.654318e-06	-1.962508e-09	-1.883812e+01	-1.318802e+02
1.250000e-06	-2.614423e-06	-1.954579e-09	-1.855497e+01	-1.315281e+02
1.260000e-06	-2.574424e-06	-1.948495e-09	-1.827109e+01	-1.311683e+02
1.270000e-06	-2.534355e-06	-1.945106e-09	-1.798672e+01	-1.308007e+02
1.280000e-06	-2.494185e-06	-1.941049e-09	-1.770162e+01	-1.304252e+02
1.290000e-06	-2.453927e-06	-1.935187e-09	-1.741591e+01	-1.300420e+02
1.300000e-06	-2.413562e-06	-1.926480e-09	-1.712943e+01	-1.296510e+02
1.310000e-06	-2.373004e-06	-1.918100e-09	-1.684159e+01	-1.292523e+02
1.320000e-06	-2.332154e-06	-1.911172e-09	-1.655167e+01	-1.288459e+02
1.330000e-06	-2.291012e-06	-1.905249e-09	-1.625968e+01	-1.284319e+02
1.340000e-06	-2.249723e-06	-1.900370e-09	-1.596664e+01	-1.280103e+02
1.350000e-06	-2.208172e-06	-1.895047e-09	-1.567175e+01	-1.275812e+02
1.360000e-06	-2.166220e-06	-1.887724e-09	-1.537401e+01	-1.271447e+02
1.370000e-06	-2.124009e-06	-1.878753e-09	-1.507443e+01	-1.267006e+02
1.380000e-06	-2.081637e-06	-1.869129e-09	-1.477371e+01	-1.262491e+02
1.390000e-06	-2.038968e-06	-1.861838e-09	-1.447088e+01	-1.257901e+02
1.400000e-06	-1.996025e-06	-1.856748e-09	-1.416610e+01	-1.253237e+02
1.410000e-06	-1.952865e-06	-1.854184e-09	-1.385979e+01	-1.248496e+02
1.420000e-06	-1.909484e-06	-1.851671e-09	-1.355191e+01	-1.243680e+02
1.430000e-06	-1.865925e-06	-1.846317e-09	-1.324277e+01	-1.238786e+02
1.440000e-06	-1.822234e-06	-1.834851e-09	-1.293268e+01	-1.233813e+02
1.450000e-06	-1.778457e-06	-1.822159e-09	-1.262199e+01	-1.228758e+02
1.460000e-06	-1.734588e-06	-1.812171e-09	-1.231064e+01	-1.223621e+02
1.470000e-06	-1.690643e-06	-1.804319e-09	-1.199876e+01	-1.218397e+02
1.480000e-06	-1.646643e-06	-1.796274e-09	-1.168648e+01	-1.213083e+02
1.490000e-06	-1.602592e-06	-1.789785e-09	-1.137385e+01	-1.207677e+02
1.500000e-06	-1.558458e-06	-1.786318e-09	-1.106063e+01	-1.202173e+02
1.510000e-06	-1.514276e-06	-1.782577e-09	-1.074706e+01	-1.196566e+02
1.520000e-06	-1.470100e-06	-1.771926e-09	-1.043353e+01	-1.190852e+02
1.530000e-06	-1.425862e-06	-1.757171e-09	-1.011957e+01	-1.185025e+02
1.540000e-06	-1.381552e-06	-1.745979e-09	-9.805095e+00	-1.179077e+02
1.550000e-06	-1.337255e-06	-1.739219e-09	-9.490708e+00	-1.173004e+02
1.560000e-06	-1.292937e-06	-1.731724e-09	-9.176177e+00	-1.166797e+02
1.570000e-06	-1.248471e-06	-1.722777e-09	-8.860596e+00	-1.160448e+02
1.580000e-06	-1.203803e-06	-1.714065e-09	-8.543580e+00	-1.153950e+02
1.590000e-06	-1.159036e-06	-1.706078e-09	-8.225859e+00	-1.147295e+02
1.600000e-06	-1.114245e-06	-1.694538e-09	-7.907975e+00	-1.140473e+02
1.610000e-06	-1.069308e-06	-1.678485e-09	-7.589051e+00	-1.133476e+02
1.620000e-06	-1.024236e-06	-1.661405e-09	-7.269164e+00	-1.126294e+02
1.630000e-06	-9.791140e-07	-1.648247e-09	-6.948927e+00	-1.118919e+02
1.640000e-06	-9.339111e-07	-1.636024e-09	-6.628115e+00	-1.111340e+02
1.650000e-06	-8.886463e-07	-1.623336e-09	-6.306863e+00	-1.103548e+02
1.660000e-06	-8.432708e-07	-1.614267e-09	-5.984826e+00	-1.095534e+02
1.670000e-06	-7.978230e-07	-1.606292e-09	-5.662276e+00	-1.087289e+02
1.680000e-06	-7.523711e-07	-1.593645e-09	-5.339697e+00	-1.078801e+02
1.690000e-06	-7.068655e-07	-1.574991e-09	-5.016736e+00	-1.070063e+02
1.700000e-06	-6.613267e-07	-1.553998e-09	-4.693541e+00	-1.061065e+02
1.710000e-06	-6.157750e-07	-1.533880e-09	-4.370253e+00	-1.051796e+02
1.720000e-06	-5.701854e-07	-1.517694e-09	-4.046696e+00	-1.042249e+02
1.730000e-06	-5.244788e-07	-1.503305e-09	-3.722309e+00	-1.032414e+02
1.740000e-06	-4.787014e-07	-1.490551e-09	-3.397420e+00	-1.022280e+02
1.750000e-06	-4.329455e-07	-1.480696e-09	-3.072683e+00	-1.011840e+02
1.760000e-06	-3.871110e-07	-1.470008e-09	-2.747388e+00	-1.001084e+02
1.770000e-06	-3.411886e-07	-1.452664e-09	-2.421469e+00	-9.900018e+01
1.780000e-06	-2.952386e-07	-1.428920e-09	-2.095355e+00	-9.785837e+01
1.790000e-06	-2.493037e-07	-1.405326e-09	-1.769348e+00	-9.668196e+01
1.800000e-06	-2.033989e-07	-1.385377e-09	-1.443554e+00	-9.546989e+01
1.810000e-06	-1.574860e-07	-1.368848e-09	-1.117703e+00	-9.422106e+01
1.820000e-06	-1.115901e-07	-1.353121e-09	-7.919729e-01	-9.293429e+01
1.830000e-06	-6.571076e-08	-1.335068e-09	-4.663597e-01	-9.160835e+01
1.840000e-06	-1.980521e-08	-1.315930e-09	-1.405607e-01	-9.024193e+01
1.850000e-06	2.607772e-08	-1.293924e-09	1.850777e-01	-8.883363e+01
1.860000e-06	7.196747e-08	-1.269438e-09	5.107645e-01	-8.738196e+01
1.870000e-06	1.178931e-07	-1.243271e-09	8.367059e-01	-8.588536e+01
1.880000e-06	1.637185e-07	-1.220724e-09	1.161936e+00	-8.434214e+01
1.890000e-06	2.094716e-07	-1.200760e-09	1.486653e+00	-8.275055e+01
1.900000e-06	2.553165e-07	-1.177669e-09	1.812021e+00	-8.110873e+01
1.910000e-06	3.011459e-07	-1.151750e-09	2.137280e+00	-7.941473e+01
1.920000e-06	3.469052e-07	-1.125580e-09	2.462041e+00	-7.766653e+01
1.930000e-06	3.926836e-07	-1.099726e-09	2.786937e+00	-7.586203e+01
1.940000e-06	4.384564e-07	-1.072863e-09	3.111794e+00	-7.399910e+01
1.950000e-06	4.842453e-07	-1.044561e-09	3.436766e+00	-7.207557e+01
1.960000e-06	5.300246e-07	-1.017167e-09	3.761669e+00	-7.008923e+01
1.970000e-06	5.757373e-07	-9.903316e-10	4.086099e+00	-6.803792e+01
1.980000e-06	6.213480e-07	-9.613641e-10	4.409805e+00	-6.591950e+01
1.990000e-06	6.668847e-07	-9.278696e-10	4.732986e+00	-6.373190e+01
2.000000e-06	7.124028e-07	-8.930128e-10	5.056035e+00	-6.147315e+01
2.010000e-06	7.578826e-07	-8.602252e-10	5.378813e+00	-5.914141e+01
2.020000e-06	8.032225e-07	-8.290064e-10	5.700597e+00	-5.673502e+01
2.030000e-06	8.484611e-07	-7.961128e-10	6.021663e+00	-5.425254e+01
2.040000e-06	8.937511e-07	-7.601754e-10	6.343093e+00	-5.169275e+01
2.050000e-06	9.390443e-07	-7.241678e-10	6.664546e+00	-4.905473e+01
2.060000e-06	9.842193e-07	-6.882127e-10	6.985160e+00	-4.633786e+01
2.070000e-06	1.029269e-06	-6.491980e-10	7.304888e+00	-4.354189e+01
2.080000e-06	1.074235e-06	-6.056544e-10	7.624017e+00	-4.066695e+01
2.090000e-06	1.119094e-06	-5.603756e-10	7.942388e+00	-3.771358e+01
2.100000e-06	1.163886e-06	-5.150956e-10	8.260280e+00	-3.468277e+01
2.110000e-06	1.208636e-06	-4.704420e-10	8.577881e+00	-3.157597e+01
2.120000e-06	1.253268e-06	-4.245934e-10	8.894642e+00	-2.839510e+01
2.130000e-06	1.297814e-06	-3.783919e-10	9.210791e+00	-2.514258e+01
2.140000e-06	1.342239e-06	-3.330323e-10	9.526083e+00	-2.182135e+01
2.150000e-06	1.386511e-06	-2.861331e-10	9.840288e+00	-1.843481e+01
2.160000e-06	1.430772e-06	-2.354698e-10	1.015442e+01	-1.498689e+01
2.170000e-06	1.475013e-06	-1.806956e-10	1.046840e+01	-1.148200e+01
2.180000e-06	1.519179e-06	-1.241822e-10	1.078186e+01	-7.924997e+00
2.190000e-06	1.563258e-06	-6.908544e-11	1.109469e+01	-4.321199e+00
2.200000e-06	1.607214e-06	-1.443529e-11	1.140665e+01	-6.763284e-01
2.210000e-06	1.651151e-06	4.255656e-11	1.171848e+01	3.003513e+00
2.220000e-06	1.695084e-06	1.026547e-10	1.203028e+01	6.711892e+00
2.230000e-06	1.738888e-06	1.588409e-10	1.234116e+01	1.044208e+01
2.240000e-06	1.782582e-06	2.090886e-10	1.265126e+01	1.418713e+01
2.250000e-06	1.826240e-06	2.603252e-10	1.296112e+01	1.793989e+01
2.260000e-06	1.869831e-06	3.169865e-10	1.327048e+01	2.169310e+01
2.270000e-06	1.913329e-06	3.763981e-10	1.357920e+01	2.543943e+01
2.280000e-06	1.956679e-06	4.345578e-10	1.388686e+01	2.917155e+01
2.290000e-06	1.999754e-06	4.930935e-10	1.419257e+01	3.288218e+01
2.300000e-06	2.042591e-06	5.537161e-10	1.449659e+01	3.656418e+01
2.310000e-06	2.085243e-06	6.135625e-10	1.479930e+01	4.021057e+01
2.320000e-06	2.127599e-06	6.647007e-10	1.509990e+01	4.381463e+01
2.330000e-06	2.169649e-06	7.088602e-10	1.539834e+01	4.736993e+01
2.340000e-06	2.211528e-06	7.542087e-10	1.569556e+01	5.087037e+01
2.350000e-06	2.253142e-06	8.027887e-10	1.599091e+01	5.431027e+01
2.360000e-06	2.294373e-06	8.540312e-10	1.628353e+01	5.768436e+01
2.370000e-06	2.335370e-06	9.065385e-10	1.657449e+01	6.098787e+01
2.380000e-06	2.376173e-06	9.593726e-10	1.686408e+01	6.421649e+01
2.390000e-06	2.416703e-06	1.009755e-09	1.715172e+01	6.736648e+01
2.400000e-06	2.457058e-06	1.054218e-09	1.743813e+01	7.043460e+01
2.410000e-06	2.497321e-06	1.093111e-09	1.772389e+01	7.341818e+01
2.420000e-06	2.537453e-06	1.130959e-09	1.800870e+01	7.631510e+01
2.430000e-06	2.577456e-06	1.169186e-09	1.829261e+01	7.912378e+01
2.440000e-06	2.617349e-06	1.207935e-09	1.857574e+01	8.184318e+01
2.450000e-06	2.657204e-06	1.246198e-09	1.885860e+01	8.447277e+01
2.460000e-06	2.696990e-06	1.284280e-09	1.914097e+01	8.701252e+01
2.470000e-06	2.736620e-06	1.322424e-09	1.942223e+01	8.946286e+01
2.480000e-06	2.776006e-06	1.357349e-09	1.970175e+01	9.182465e+01
2.490000e-06	2.815171e-06	1.387288e-09	1.997971e+01	9.409916e+01
2.500000e-06	2.854196e-06	1.414496e-09	2.025668e+01	9.628798e+01
2.510000e-06	2.893028e-06	1.445238e-09	2.053227e+01	9.839304e+01
2.520000e-06	2.931528e-06	1.477731e-09	2.080552e+01	1.004165e+02
2.530000e-06	2.969694e-06	1.508032e-09	2.107639e+01	1.023608e+02
2.540000e-06	3.007685e-06	1.536334e-09	2.134602e+01	1.042285e+02
2.550000e-06	3.045510e-06	1.565520e-09	2.161446e+01	1.060223e+02
2.560000e-06	3.083244e-06	1.592321e-09	2.188227e+01	1.077450e+02
2.570000e-06	3.120914e-06	1.610643e-09	2.214962e+01	1.093994e+02
2.580000e-06	3.158362e-06	1.626912e-09	2.241539e+01	1.109884e+02
2.590000e-06	3.195475e-06	1.648416e-09	2.267879e+01	1.125147e+02
2.600000e-06	3.232349e-06	1.672567e-09	2.294049e+01	1.139812e+02
2.610000e-06	3.268993e-06	1.694581e-09	2.320056e+01	1.153904e+02
2.620000e-06	3.305340e-06	1.713500e-09	2.345852e+01	1.167450e+02
2.630000e-06	3.341510e-06	1.732024e-09	2.371523e+01	1.180474e+02
2.640000e-06	3.377583e-06	1.748176e-09	2.397124e+01	1.192998e+02
2.650000e-06	3.413573e-06	1.757950e-09	2.422667e+01	1.205044e+02
2.660000e-06	3.449448e-06	1.765152e-09	2.448128e+01	1.216632e+02
2.670000e-06	3.485124e-06	1.778592e-09	2.473448e+01	1.227780e+02
2.680000e-06	3.520574e-06	1.798241e-09	2.498607e+01	1.238505e+02
2.690000e-06	3.555785e-06	1.816418e-09	2.523597e+01	1.248823e+02
2.700000e-06	3.590614e-06	1.832274e-09	2.548316e+01	1.258747e+02
2.710000e-06	3.625062e-06	1.848687e-09	2.572764e+01	1.268291e+02
2.720000e-06	3.659107e-06	1.865931e-09	2.596926e+01	1.277467e+02
2.730000e-06	3.692681e-06	1.877761e-09	2.620754e+01	1.286285e+02
2.740000e-06	3.725877e-06	1.882500e-09	2.644314e+01	1.294757e+02
2.750000e-06	3.758660e-06	1.887158e-09	2.667580e+01	1.302891e+02
2.760000e-06	3.791081e-06	1.898741e-09	2.690590e+01	1.310698e+02
2.770000e-06	3.823277e-06	1.912048e-09	2.713440e+01	1.318186e+02
2.780000e-06	3.855330e-06	1.922821e-09	2.736189e+01	1.325366e+02
2.790000e-06	3.887242e-06	1.934435e-09	2.758838e+01	1.332245e+02
2.800000e-06	3.918990e-06	1.949173e-09	2.781369e+01	1.338834e+02
2.810000e-06	3.950488e-06	1.963453e-09	2.803724e+01	1.345142e+02
2.820000e-06	3.981653e-06	1.970491e-09	2.825842e+01	1.351179e+02
2.830000e-06	4.012514e-06	1.971794e-09	2.847745e+01	1.356956e+02
2.840000e-06	4.043039e-06	1.975224e-09	2.869408e+01	1.362484e+02
2.850000e-06	4.073238e-06	1.983405e-09	2.890842e+01	1.367773e+02
2.860000e-06	4.103186e-06	1.993719e-09	2.912096e+01	1.372834e+02
2.870000e-06	4.132951e-06	2.004046e-09	2.933221e+01	1.377680e+02
2.880000e-06	4.162514e-06	2.015254e-09	2.954202e+01	1.382322e+02
2.890000e-06	4.191784e-06	2.025921e-09	2.974975e+01	1.386773e+02
2.900000e-06	4.220770e-06	2.032028e-09	2.995547e+01	1.391043e+02
2.910000e-06	4.249480e-06	2.033047e-09	3.015924e+01	1.395144e+02
2.920000e-06	4.277907e-06	2.032379e-09	3.036098e+01	1.399088e+02
2.930000e-06	4.306116e-06	2.036771e-09	3.056119e+01	1.402886e+02
2.940000e-06	4.334114e-06	2.045705e-09	3.075989e+01	1.406547e+02
2.950000e-06	4.361931e-06	2.057270e-09	3.095732e+01	1.410082e+02
2.960000e-06	4.389582e-06	2.068681e-09	3.115356e+01	1.413498e+02
2.970000e-06	4.416955e-06	2.077514e-09	3.134783e+01	1.416805e+02
2.980000e-06	4.443937e-06	2.082711e-09	3.153933e+01	1.420009e+02
2.990000e-06	4.470415e-06	2.085314e-09	3.172724e+01	1.423116e+02
3.000000e-06	4.496248e-06	2.087525e-09	3.191058e+01	1.426131e+02
3.010000e-06	4.521468e-06	2.091705e-09	3.208958e+01	1.429058e+02
3.020000e-06	4.546195e-06	2.098511e-09	3.226507e+01	1.431900e+02
3.030000e-06	4.570570e-06	2.107730e-09	3.243806e+01	1.434659e+02
3.040000e-06	4.594740e-06	2.117055e-09	3.260960e+01	1.437336e+02
3.050000e-06	4.618689e-06	2.121867e-09	3.277957e+01	1.439932e+02
3.060000e-06	4.642358e-06	2.122125e-09	3.294755e+01	1.442446e+02
3.070000e-06	4.665725e-06	2.122431e-09	3.311339e+01	1.444876e+02
3.080000e-06	4.688787e-06	2.125569e-09	3.327706e+01	1.447223e+02
3.090000e-06	4.711516e-06	2.132510e-09	3.343838e+01	1.449484e+02
3.100000e-06	4.733891e-06	2.141665e-09	3.359717e+01	1.451657e+02
3.110000e-06	4.755969e-06	2.148814e-09	3.375387e+01	1.453741e+02
3.120000e-06	4.777842e-06	2.151708e-09	3.390910e+01	1.455734e+02
3.130000e-06	4.799447e-06	2.152973e-09	3.406243e+01	1.457635e+02
3.140000e-06	4.820653e-06	2.156150e-09	3.421294e+01	1.459444e+02
3.150000e-06	4.841491e-06	2.158741e-09	3.436083e+01	1.461159e+02
3.160000e-06	4.861982e-06	2.159006e-09	3.450626e+01	1.462783e+02
3.170000e-06	4.882185e-06	2.159022e-09	3.464964e+01	1.464316e+02
3.180000e-06	4.902158e-06	2.163820e-09	3.479139e+01	1.465760e+02
3.190000e-06	4.921941e-06	2.173327e-09	3.493180e+01	1.467119e+02
3.200000e-06	4.941534e-06	2.180833e-09	3.507085e+01	1.468396e+02
3.210000e-06	4.960787e-06	2.183036e-09	3.520749e+01	1.469596e+02
3.220000e-06	4.979651e-06	2.183006e-09	3.534137e+01	1.470724e+02
3.230000e-06	4.998045e-06	2.182549e-09	3.547192e+01	1.471786e+02
3.240000e-06	5.015976e-06	2.181333e-09	3.559918e+01	1.472790e+02
3.250000e-06	5.033548e-06	2.179995e-09	3.572389e+01	1.473741e+02
3.260000e-06	5.050816e-06	2.180680e-09	3.584644e+01	1.474648e+02
3.270000e-06	5.067804e-06	2.184607e-09	3.596701e+01	1.475518e+02
3.280000e-06	5.084602e-06	2.190662e-09	3.608622e+01	1.476358e+02
3.290000e-06	5.101072e-06	2.194633e-09	3.620312e+01	1.477175e+02
3.300000e-06	5.116893e-06	2.193975e-09	3.631540e+01	1.477977e+02
3.310000e-06	5.132204e-06	2.191636e-09	3.642406e+01	1.478770e+02
3.320000e-06	5.147085e-06	2.191041e-09	3.652968e+01	1.479558e+02
3.330000e-06	5.161466e-06	2.190455e-09	3.663174e+01	1.480347e+02
3.340000e-06	5.175516e-06	2.189867e-09	3.673146e+01	1.481140e+02
3.350000e-06	5.189265e-06	2.191465e-09	3.682903e+01	1.481939e+02
3.360000e-06	5.202617e-06	2.194027e-09	3.692380e+01	1.482745e+02
3.370000e-06	5.215567e-06	2.195538e-09	3.701570e+01	1.483558e+02
3.380000e-06	5.228138e-06	2.196660e-09	3.710492e+01	1.484376e+02
3.390000e-06	5.240377e-06	2.199164e-09	3.719179e+01	1.485196e+02
3.400000e-06	5.252345e-06	2.203282e-09	3.727673e+01	1.486014e+02
3.410000e-06	5.263984e-06	2.206954e-09	3.735933e+01	1.486824e+02
3.420000e-06	5.275188e-06	2.208031e-09	3.743885e+01	1.487620e+02
3.430000e-06	5.285788e-06	2.210564e-09	3.751408e+01	1.488393e+02
3.440000e-06	5.295640e-06	2.215570e-09	3.758400e+01	1.489135e+02
3.450000e-06	5.304752e-06	2.219982e-09	3.764867e+01	1.489837e+02
3.460000e-06	5.313297e-06	2.221551e-09	3.770931e+01	1.490489e+02
3.470000e-06	5.321558e-06	2.219556e-09	3.776794e+01	1.491080e+02
3.480000e-06	5.329648e-06	2.217040e-09	3.782536e+01	1.491602e+02
3.490000e-06	5.337574e-06	2.213381e-09	3.788161e+01	1.492044e+02
3.500000e-06	5.345223e-06	2.209801e-09	3.793589e+01	1.492398e+02
3.510000e-06	5.352476e-06	2.211389e-09	3.798737e+01	1.492655e+02
3.520000e-06	5.359286e-06	2.217434e-09	3.803570e+01	1.492808e+02
3.530000e-06	5.365677e-06	2.222813e-09	3.808106e+01	1.492850e+02
3.540000e-06	5.371819e-06	2.226650e-09	3.812465e+01	1.492779e+02
3.550000e-06	5.377645e-06	2.228522e-09	3.816600e+01	1.492590e+02
3.560000e-06	5.383054e-06	2.225019e-09	3.820439e+01	1.492282e+02
3.570000e-06	5.388065e-06	2.218101e-09	3.823995e+01	1.491857e+02
3.580000e-06	5.392685e-06	2.212045e-09	3.827274e+01	1.491317e+02
3.590000e-06	5.396985e-06	2.209163e-09	3.830326e+01	1.490667e+02
3.600000e-06	5.401073e-06	2.213015e-09	3.833227e+01	1.489914e+02
3.610000e-06	5.404991e-06	2.221833e-09	3.836008e+01	1.489067e+02
3.620000e-06	5.408599e-06	2.229817e-09	3.838568e+01	1.488137e+02
3.630000e-06	5.411780e-06	2.233773e-09	3.840826e+01	1.487135e+02
3.640000e-06	5.414428e-06	2.234345e-09	3.842705e+01	1.486076e+02
3.650000e-06	5.416458e-06	2.232806e-09	3.844146e+01	1.484976e+02
3.660000e-06	5.417759e-06	2.228599e-09	3.845069e+01	1.483850e+02
3.670000e-06	5.418453e-06	2.225227e-09	3.845562e+01	1.482715e+02
3.680000e-06	5.418870e-06	2.225289e-09	3.845858e+01	1.481591e+02
3.690000e-06	5.419070e-06	2.229318e-09	3.846000e+01	1.480494e+02
3.700000e-06	5.419020e-06	2.233847e-09	3.845964e+01	1.479443e+02
3.710000e-06	5.418712e-06	2.235295e-09	3.845745e+01	1.478456e+02
3.720000e-06	5.418078e-06	2.236468e-09	3.845295e+01	1.477548e+02
3.730000e-06	5.417046e-06	2.239895e-09	3.844563e+01	1.476737e+02
3.740000e-06	5.415600e-06	2.240830e-09	3.843537e+01	1.476036e+02
3.750000e-06	5.413795e-06	2.238108e-09	3.842256e+01	1.475458e+02
3.760000e-06	5.411715e-06	2.242789e-09	3.840780e+01	1.475015e+02
3.770000e-06	5.409362e-06	2.260868e-09	3.839110e+01	1.474715e+02
3.780000e-06	5.406604e-06	2.241196e-09	3.837152e+01	1.474565e+02
3.790000e-06	5.403385e-06	2.155440e-09	3.834868e+01	1.474569e+02
3.800000e-06	5.399737e-06	2.121512e-09	3.832279e+01	1.474729e+02
3.810000e-06	5.395710e-06	2.208613e-09	3.829421e+01	1.475045e+02
3.820000e-06	5.391531e-06	2.296058e-09	3.826455e+01	1.475513e+02
3.830000e-06	5.387244e-06	2.224044e-09	3.823413e+01	1.476127e+02
3.840000e-06	5.382430e-06	2.164105e-09	3.819995e+01	1.476879e+02
3.850000e-06	5.376843e-06	2.259437e-09	3.816031e+01	1.477759e+02
3.860000e-06	5.370783e-06	2.317307e-09	3.811730e+01	1.478755e+02
3.870000e-06	5.364511e-06	2.189840e-09	3.807278e+01	1.479851e+02
3.880000e-06	5.357808e-06	2.068795e-09	3.802521e+01	1.481031e+02
3.890000e-06	5.350444e-06	2.199962e-09	3.797295e+01	1.482279e+02
3.900000e-06	5.342586e-06	2.305216e-09	3.791718e+01	1.483576e+02
3.910000e-06	5.334514e-06	2.213819e-09	3.785989e+01	1.484902e+02
3.920000e-06	5.326177e-06	2.148017e-09	3.780072e+01	1.486237e+02
3.930000e-06	5.317506e-06	2.276044e-09	3.773918e+01	1.487562e+02
3.940000e-06	5.308521e-06	2.306300e-09	3.767541e+01	1.488857e+02
3.950000e-06	5.299197e-06	2.157822e-09	3.760924e+01	1.490102e+02
3.960000e-06	5.289468e-06	2.152499e-09	3.754019e+01	1.491279e+02
3.970000e-06	5.279296e-06	2.303725e-09	3.746800e+01	1.492371e+02
3.980000e-06	5.268832e-06	2.304601e-09	3.739373e+01	1.493362e+02
3.990000e-06	5.258035e-06	2.194491e-09	3.731711e+01	1.494238e+02
4.000000e-06	5.246801e-06	2.257012e-09	3.723738e+01	1.494985e+02
4.010000e-06	5.235156e-06	2.347869e-09	3.715473e+01	1.495593e+02
4.020000e-06	5.223076e-06	2.258871e-09	3.706900e+01	1.496054e+02
4.030000e-06	5.210564e-06	2.187398e-09	3.698020e+01	1.496360e+02
4.040000e-06	5.197707e-06	2.302563e-09	3.688895e+01	1.496508e+02
4.050000e-06	5.184393e-06	2.336681e-09	3.679446e+01	1.496495e+02
4.060000e-06	5.170394e-06	2.241061e-09	3.669511e+01	1.496320e+02
4.070000e-06	5.155637e-06	2.240311e-09	3.659038e+01	1.495987e+02
4.080000e-06	5.140352e-06	2.329075e-09	3.648189e+01	1.495499e+02
4.090000e-06	5.124764e-06	2.281500e-09	3.637126e+01	1.494861e+02
4.100000e-06	5.108849e-06	2.223370e-09	3.625831e+01	1.494080e+02
4.110000e-06	5.092671e-06	2.264554e-09	3.614349e+01	1.493165e+02
4.120000e-06	5.076333e-06	2.285386e-09	3.602754e+01	1.492127e+02
4.130000e-06	5.059631e-06	2.250829e-09	3.590900e+01	1.490975e+02
4.140000e-06	5.042442e-06	2.275597e-09	3.578701e+01	1.489720e+02
4.150000e-06	5.024875e-06	2.288643e-09	3.566233e+01	1.488376e+02
4.160000e-06	5.007020e-06	2.241626e-09	3.553561e+01	1.486954e+02
4.170000e-06	4.988897e-06	2.238053e-09	3.540699e+01	1.485466e+02
4.180000e-06	4.970453e-06	2.276620e-09	3.527609e+01	1.483923e+02
4.190000e-06	4.951635e-06	2.259568e-09	3.514254e+01	1.482339e+02
4.200000e-06	4.932471e-06	2.234491e-09	3.500653e+01	1.480722e+02
4.210000e-06	4.913063e-06	2.264562e-09	3.486879e+01	1.479083e+02
4.220000e-06	4.893361e-06	2.273652e-09	3.472896e+01	1.477432e+02
4.230000e-06	4.873407e-06	2.253524e-09	3.458734e+01	1.475775e+02
4.240000e-06	4.853253e-06	2.244086e-09	3.444430e+01	1.474120e+02
4.250000e-06	4.832813e-06	2.248784e-09	3.429924e+01	1.472473e+02
4.260000e-06	4.811971e-06	2.251084e-09	3.415132e+01	1.470838e+02
4.270000e-06	4.790566e-06	2.263490e-09	3.399940e+01	1.469217e+02
4.280000e-06	4.768593e-06	2.260286e-09	3.384346e+01	1.467613e+02
4.290000e-06	4.746071e-06	2.260852e-09	3.368362e+01	1.466026e+02
4.300000e-06	4.723037e-06	2.267658e-09	3.352014e+01	1.464456e+02
4.310000e-06	4.699605e-06	2.269079e-09	3.335384e+01	1.462901e+02
4.320000e-06	4.675857e-06	2.252866e-09	3.318530e+01	1.461360e+02
4.330000e-06	4.651888e-06	2.248385e-09	3.301519e+01	1.459828e+02
4.340000e-06	4.627675e-06	2.246642e-09	3.284334e+01	1.458303e+02
4.350000e-06	4.603278e-06	2.258806e-09	3.267019e+01	1.456780e+02
4.360000e-06	4.578648e-06	2.265670e-09	3.249539e+01	1.455254e+02
4.370000e-06	4.553651e-06	2.256938e-09	3.231798e+01	1.453721e+02
4.380000e-06	4.528321e-06	2.250017e-09	3.213821e+01	1.452175e+02
4.390000e-06	4.502675e-06	2.262169e-09	3.195620e+01	1.450612e+02
4.400000e-06	4.476672e-06	2.258978e-09	3.177165e+01	1.449028e+02
4.410000e-06	4.450413e-06	2.242406e-09	3.158528e+01	1.447417e+02
4.420000e-06	4.423921e-06	2.238134e-09	3.139727e+01	1.445777e+02
4.430000e-06	4.397035e-06	2.249456e-09	3.120645e+01	1.444104e+02
4.440000e-06	4.369802e-06	2.256834e-09	3.101318e+01	1.442395e+02
4.450000e-06	4.342311e-06	2.255020e-09	3.081807e+01	1.440647e+02
4.460000e-06	4.314577e-06	2.247970e-09	3.062124e+01	1.438860e+02
4.470000e-06	4.286652e-06	2.248457e-09	3.042305e+01	1.437032e+02
4.480000e-06	4.258600e-06	2.251697e-09	3.022396e+01	1.435163e+02
4.490000e-06	4.230322e-06	2.244102e-09	3.002327e+01	1.433254e+02
4.500000e-06	4.201682e-06	2.234476e-09	2.982000e+01	1.431305e+02
4.510000e-06	4.172698e-06	2.233299e-09	2.961430e+01	1.429318e+02
4.520000e-06	4.143299e-06	2.236660e-09	2.940565e+01	1.427295e+02
4.530000e-06	4.113351e-06	2.233734e-09	2.919310e+01	1.425238e+02
4.540000e-06	4.082837e-06	2.229884e-09	2.897654e+01	1.423150e+02
4.550000e-06	4.051843e-06	2.226650e-09	2.875657e+01	1.421034e+02
4.560000e-06	4.020501e-06	2.228402e-09	2.853413e+01	1.418893e+02
4.570000e-06	3.988889e-06	2.224902e-09	2.830977e+01	1.416729e+02
4.580000e-06	3.957069e-06	2.215222e-09	2.808395e+01	1.414547e+02
4.590000e-06	3.925125e-06	2.203602e-09	2.785723e+01	1.412349e+02
4.600000e-06	3.893038e-06	2.204410e-09	2.762951e+01	1.410137e+02
4.610000e-06	3.860730e-06	2.209412e-09	2.740021e+01	1.407915e+02
4.620000e-06	3.828111e-06	2.209910e-09	2.716871e+01	1.405684e+02
4.630000e-06	3.795195e-06	2.203942e-09	2.693510e+01	1.403446e+02
4.640000e-06	3.762088e-06	2.204704e-09	2.670013e+01	1.401202e+02
4.650000e-06	3.728774e-06	2.208836e-09	2.646370e+01	1.398953e+02
4.660000e-06	3.695182e-06	2.205279e-09	2.622529e+01	1.396700e+02
4.670000e-06	3.661311e-06	2.190750e-09	2.598490e+01	1.394442e+02
4.680000e-06	3.627224e-06	2.181830e-09	2.574298e+01	1.392178e+02
4.690000e-06	3.592917e-06	2.181207e-09	2.549950e+01	1.389908e+02
4.700000e-06	3.558367e-06	2.182957e-09	2.525429e+01	1.387630e+02
4.710000e-06	3.523522e-06	2.179017e-09	2.500699e+01	1.385341e+02
4.720000e-06	3.488371e-06	2.177393e-09	2.475752e+01	1.383040e+02
4.730000e-06	3.452993e-06	2.180649e-09	2.450644e+01	1.380722e+02
4.740000e-06	3.417412e-06	2.180130e-09	2.425392e+01	1.378386e+02
4.750000e-06	3.381658e-06	2.171795e-09	2.400016e+01	1.376027e+02
4.760000e-06	3.345812e-06	2.161932e-09	2.374576e+01	1.373643e+02
4.770000e-06	3.309844e-06	2.157203e-09	2.349048e+01	1.371228e+02
4.780000e-06	3.273633e-06	2.157242e-09	2.323349e+01	1.368780e+02
4.790000e-06	3.237225e-06	2.157741e-09	2.297510e+01	1.366294e+02
4.800000e-06	3.200738e-06	2.156323e-09	2.271615e+01	1.363766e+02
4.810000e-06	3.164012e-06	2.157281e-09	2.245550e+01	1.361193e+02
4.820000e-06	3.126818e-06	2.157145e-09	2.219152e+01	1.358571e+02
4.830000e-06	3.089180e-06	2.150882e-09	2.192440e+01	1.355895e+02
4.840000e-06	3.051257e-06	2.140702e-09	2.165525e+01	1.353163e+02
4.850000e-06	3.012964e-06	2.135404e-09	2.138348e+01	1.350372e+02
4.860000e-06	2.974205e-06	2.134144e-09	2.110841e+01	1.347517e+02
4.870000e-06	2.935215e-06	2.133959e-09	2.083169e+01	1.344598e+02
4.880000e-06	2.896014e-06	2.130632e-09	2.055347e+01	1.341610e+02
4.890000e-06	2.856519e-06	2.127916e-09	2.027317e+01	1.338552e+02
4.900000e-06	2.816857e-06	2.127574e-09	1.999168e+01	1.335422e+02
4.910000e-06	2.777036e-06	2.125644e-09	1.970906e+01	1.332219e+02
4.920000e-06	2.737030e-06	2.118531e-09	1.942514e+01	1.328940e+02
4.930000e-06	2.696951e-06	2.109269e-09	1.914069e+01	1.325585e+02
4.940000e-06	2.656804e-06	2.102123e-09	1.885576e+01	1.322153e+02
4.950000e-06	2.616496e-06	2.098411e-09	1.856969e+01	1.318644e+02
4.960000e-06	2.576001e-06	2.095132e-09	1.828229e+01	1.315057e+02
4.970000e-06	2.535320e-06	2.093387e-09	1.799357e+01	1.311391e+02
4.980000e-06	2.494512e-06	2.094761e-09	1.770395e+01	1.307648e+02
4.990000e-06	2.453587e-06	2.096204e-09	1.741349e+01	1.303827e+02
5.000000e-06	2.412468e-06	2.091817e-09	1.712167e+01	1.299928e+02
5.010000e-06	2.371188e-06	2.082567e-09	1.682870e+01	1.295952e+02
5.020000e-06	2.329786e-06	2.071219e-09	1.653486e+01	1.291899e+02
5.030000e-06	2.288247e-06	2.063436e-09	1.624005e+01	1.287770e+02
5.040000e-06	2.246516e-06	2.057741e-09	1.594388e+01	1.283565e+02
5.050000e-06	2.204615e-06	2.054777e-09	1.564650e+01	1.279285e+02
5.060000e-06	2.162571e-06	2.055240e-09	1.534811e+01	1.274929e+02
5.070000e-06	2.120350e-06	2.056737e-09	1.504846e+01	1.270500e+02
5.080000e-06	2.078020e-06	2.052938e-09	1.474804e+01	1.265995e+02
5.090000e-06	2.035533e-06	2.042453e-09	1.444650e+01	1.261416e+02
5.100000e-06	1.992804e-06	2.032047e-09	1.414324e+01	1.256762e+02
5.110000e-06	1.949966e-06	2.023341e-09	1.383921e+01	1.252033e+02
5.120000e-06	1.907051e-06	2.013894e-09	1.353464e+01	1.247227e+02
5.130000e-06	1.864019e-06	2.004992e-09	1.322924e+01	1.242344e+02
5.140000e-06	1.820837e-06	1.998693e-09	1.292277e+01	1.237382e+02
5.150000e-06	1.777527e-06	1.993225e-09	1.261539e+01	1.232340e+02
5.160000e-06	1.734108e-06	1.988924e-09	1.230724e+01	1.227214e+02
5.170000e-06	1.690549e-06	1.984216e-09	1.199809e+01	1.222003e+02
5.180000e-06	1.646904e-06	1.975239e-09	1.168834e+01	1.216703e+02
5.190000e-06	1.603188e-06	1.964531e-09	1.137808e+01	1.211311e+02
5.200000e-06	1.559389e-06	1.956164e-09	1.106723e+01	1.205821e+02
5.210000e-06	1.515530e-06	1.950012e-09	1.075596e+01	1.200230e+02
5.220000e-06	1.471588e-06	1.944856e-09	1.044409e+01	1.194533e+02
5.230000e-06	1.427580e-06	1.939178e-09	1.013176e+01	1.188723e+02
5.240000e-06	1.383557e-06	1.931910e-09	9.819324e+00	1.182794e+02
5.250000e-06	1.339518e-06	1.920339e-09	9.506773e+00	1.176740e+02
5.260000e-06	1.295429e-06	1.905629e-09	9.193864e+00	1.170554e+02
5.270000e-06	1.251276e-06	1.892399e-09	8.880507e+00	1.164228e+02
5.280000e-06	1.207102e-06	1.885098e-09	8.566993e+00	1.157753e+02
5.290000e-06	1.162871e-06	1.880757e-09	8.253080e+00	1.151123e+02
5.300000e-06	1.118537e-06	1.876809e-09	7.938433e+00	1.144328e+02
5.310000e-06	1.074176e-06	1.868883e-09	7.623597e+00	1.137358e+02
5.320000e-06	1.029728e-06	1.855322e-09	7.308143e+00	1.130206e+02
5.330000e-06	9.851237e-07	1.833167e-09	6.991579e+00	1.122862e+02
5.340000e-06	9.405306e-07	1.807616e-09	6.675094e+00	1.115316e+02
5.350000e-06	8.958533e-07	1.788537e-09	6.358012e+00	1.107559e+02
5.360000e-06	8.510784e-07	1.780127e-09	6.040238e+00	1.099581e+02
5.370000e-06	8.062767e-07	1.779567e-09	5.722273e+00	1.091372e+02
5.380000e-06	7.613612e-07	1.780816e-09	5.403501e+00	1.082924e+02
5.390000e-06	7.163735e-07	1.776936e-09	5.084216e+00	1.074227e+02
5.400000e-06	6.713350e-07	1.764832e-09	4.764571e+00	1.065270e+02
5.410000e-06	6.262238e-07	1.741742e-09	4.444410e+00	1.056046e+02
5.420000e-06	5.811160e-07	1.709027e-09	4.124272e+00	1.046544e+02
5.430000e-06	5.359022e-07	1.677965e-09	3.803383e+00	1.036755e+02
5.440000e-06	4.905838e-07	1.657678e-09	3.481751e+00	1.026670e+02
5.450000e-06	4.453114e-07	1.647044e-09	3.160446e+00	1.016280e+02
5.460000e-06	4.000134e-07	1.639687e-09	2.838958e+00	1.005576e+02
5.470000e-06	3.547246e-07	1.632026e-09	2.517537e+00	9.945464e+01
5.480000e-06	3.093903e-07	1.621499e-09	2.195792e+00	9.831831e+01
5.490000e-06	2.639085e-07	1.603228e-09	1.873001e+00	9.714756e+01
5.500000e-06	2.184348e-07	1.575090e-09	1.550266e+00	9.594133e+01
5.510000e-06	1.730504e-07	1.543629e-09	1.228166e+00	9.469852e+01
5.520000e-06	1.276913e-07	1.517267e-09	9.062452e-01	9.341797e+01
5.530000e-06	8.231158e-08	1.498095e-09	5.841783e-01	9.209847e+01
5.540000e-06	3.691939e-08	1.481486e-09	2.620228e-01	9.073870e+01
5.550000e-06	-8.446571e-09	1.465391e-09	-5.994665e-02	8.933730e+01
5.560000e-06	-5.386780e-08	1.448641e-09	-3.823083e-01	8.789278e+01
5.570000e-06	-9.938144e-08	1.429727e-09	-7.053258e-01	8.640360e+01
5.580000e-06	-1.448782e-07	1.403747e-09	-1.028223e+00	8.486809e+01
5.590000e-06	-1.903659e-07	1.370956e-09	-1.351057e+00	8.328450e+01
5.600000e-06	-2.358257e-07	1.338214e-09	-1.673693e+00	8.165100e+01
5.610000e-06	-2.811530e-07	1.309722e-09	-1.995387e+00	7.996565e+01
5.620000e-06	-3.264800e-07	1.284766e-09	-2.317080e+00	7.822644e+01
5.630000e-06	-3.718564e-07	1.258215e-09	-2.639124e+00	7.643129e+01
5.640000e-06	-4.171571e-07	1.228906e-09	-2.960630e+00	7.457807e+01
5.650000e-06	-4.623396e-07	1.199532e-09	-3.281298e+00	7.266460e+01
5.660000e-06	-5.075060e-07	1.166085e-09	-3.601850e+00	7.068870e+01
5.670000e-06	-5.526594e-07	1.128628e-09	-3.922311e+00	6.864819e+01
5.680000e-06	-5.978101e-07	1.088858e-09	-4.242753e+00	6.654091e+01
5.690000e-06	-6.429131e-07	1.050632e-09	-4.562856e+00	6.436479e+01
5.700000e-06	-6.879514e-07	1.014061e-09	-4.882500e+00	6.211785e+01
5.710000e-06	-7.329827e-07	9.788494e-10	-5.202094e+00	5.979821e+01
5.720000e-06	-7.779224e-07	9.416497e-10	-5.521039e+00	5.740419e+01
5.730000e-06	-8.227386e-07	9.037945e-10	-5.839106e+00	5.493430e+01
5.740000e-06	-8.674187e-07	8.659921e-10	-6.156208e+00	5.238728e+01
5.750000e-06	-9.120423e-07	8.258857e-10	-6.472908e+00	4.976216e+01
5.760000e-06	-9.565989e-07	7.807980e-10	-6.789134e+00	4.705828e+01
5.770000e-06	-1.001105e-06	7.329378e-10	-7.105004e+00	4.427531e+01
5.780000e-06	-1.045568e-06	6.878430e-10	-7.420561e+00	4.141332e+01
5.790000e-06	-1.089881e-06	6.453604e-10	-7.735055e+00	3.847278e+01
5.800000e-06	-1.134085e-06	6.021748e-10	-8.048780e+00	3.545461e+01
5.810000e-06	-1.178286e-06	5.563891e-10	-8.362484e+00	3.236016e+01
5.820000e-06	-1.222444e-06	5.089417e-10	-8.675878e+00	2.919130e+01
5.830000e-06	-1.266553e-06	4.586699e-10	-8.988925e+00	2.595035e+01
5.840000e-06	-1.310633e-06	4.043148e-10	-9.301767e+00	2.264016e+01
5.850000e-06	-1.354653e-06	3.476407e-10	-9.614185e+00	1.926407e+01
5.860000e-06	-1.398629e-06	2.932737e-10	-9.926294e+00	1.582590e+01
5.870000e-06	-1.442567e-06	2.406652e-10	-1.023813e+01	1.233000e+01
5.880000e-06	-1.486480e-06	1.882089e-10	-1.054978e+01	8.781137e+00
5.890000e-06	-1.530338e-06	1.323361e-10	-1.086105e+01	5.184567e+00
5.900000e-06	-1.574120e-06	7.109115e-11	-1.117178e+01	1.545944e+00
5.910000e-06	-1.617855e-06	5.825815e-12	-1.148217e+01	-2.128692e+00
5.920000e-06	-1.661501e-06	-5.782168e-11	-1.179194e+01	-5.832958e+00
5.930000e-06	-1.705075e-06	-1.174438e-10	-1.210118e+01	-9.560177e+00
5.940000e-06	-1.748581e-06	-1.730398e-10	-1.240996e+01	-1.330342e+01
5.950000e-06	-1.791921e-06	-2.294361e-10	-1.271755e+01	-1.705559e+01
5.960000e-06	-1.835043e-06	-2.879957e-10	-1.302359e+01	-2.080941e+01
5.970000e-06	-1.878063e-06	-3.476416e-10	-1.332891e+01	-2.455758e+01
5.980000e-06	-1.920988e-06	-4.065053e-10	-1.363355e+01	-2.829276e+01
5.990000e-06	-1.963763e-06	-4.638113e-10	-1.393714e+01	-3.200765e+01
6.000000e-06	-2.006417e-06	-5.209130e-10	-1.423986e+01	-3.569510e+01
6.010000e-06	-2.048890e-06	-5.775449e-10	-1.454129e+01	-3.934808e+01
6.020000e-06	-2.091267e-06	-6.334335e-10	-1.484205e+01	-4.295984e+01
6.030000e-06	-2.133513e-06	-6.902727e-10	-1.514188e+01	-4.652388e+01
6.040000e-06	-2.175557e-06	-7.484107e-10	-1.544027e+01	-5.003406e+01
6.050000e-06	-2.217428e-06	-8.051684e-10	-1.573743e+01	-5.348461e+01
6.060000e-06	-2.259148e-06	-8.577501e-10	-1.603353e+01	-5.687020e+01
6.070000e-06	-2.300736e-06	-9.080819e-10	-1.632869e+01	-6.018596e+01
6.080000e-06	-2.342243e-06	-9.610766e-10	-1.662327e+01	-6.342753e+01
6.090000e-06	-2.383648e-06	-1.015688e-09	-1.691713e+01	-6.659104e+01
6.100000e-06	-2.424732e-06	-1.066129e-09	-1.720871e+01	-6.967319e+01
6.110000e-06	-2.465611e-06	-1.112129e-09	-1.749883e+01	-7.267121e+01
6.120000e-06	-2.506365e-06	-1.157378e-09	-1.778807e+01	-7.558289e+01
6.130000e-06	-2.546863e-06	-1.202911e-09	-1.807549e+01	-7.840654e+01
6.140000e-06	-2.587207e-06	-1.246509e-09	-1.836182e+01	-8.114106e+01
6.150000e-06	-2.627424e-06	-1.286325e-09	-1.864725e+01	-8.378581e+01
6.160000e-06	-2.667505e-06	-1.325369e-09	-1.893171e+01	-8.634070e+01
6.170000e-06	-2.707495e-06	-1.367653e-09	-1.921552e+01	-8.880608e+01
6.180000e-06	-2.747399e-06	-1.411143e-09	-1.949872e+01	-9.118274e+01
6.190000e-06	-2.787219e-06	-1.449926e-09	-1.978133e+01	-9.347187e+01
6.200000e-06	-2.826950e-06	-1.486121e-09	-2.006331e+01	-9.567503e+01
6.210000e-06	-2.866478e-06	-1.523822e-09	-2.034385e+01	-9.779409e+01
6.220000e-06	-2.905835e-06	-1.561848e-09	-2.062317e+01	-9.983119e+01
6.230000e-06	-2.944978e-06	-1.593597e-09	-2.090098e+01	-1.017887e+02
6.240000e-06	-2.983731e-06	-1.618891e-09	-2.117601e+01	-1.036692e+02
6.250000e-06	-3.022175e-06	-1.645435e-09	-2.144885e+01	-1.054753e+02
6.260000e-06	-3.060343e-06	-1.677247e-09	-2.171974e+01	-1.072098e+02
6.270000e-06	-3.098098e-06	-1.708334e-09	-2.198769e+01	-1.088756e+02
6.280000e-06	-3.135405e-06	-1.735418e-09	-2.225247e+01	-1.104754e+02
6.290000e-06	-3.172330e-06	-1.762329e-09	-2.251453e+01	-1.120122e+02
6.300000e-06	-3.208879e-06	-1.790847e-09	-2.277393e+01	-1.134886e+02
6.310000e-06	-3.245143e-06	-1.814129e-09	-2.303129e+01	-1.149074e+02
6.320000e-06	-3.281222e-06	-1.828494e-09	-2.328735e+01	-1.162711e+02
6.330000e-06	-3.317180e-06	-1.840757e-09	-2.354255e+01	-1.175822e+02
6.340000e-06	-3.353043e-06	-1.858292e-09	-2.379708e+01	-1.188430e+02
6.350000e-06	-3.388798e-06	-1.880817e-09	-2.405084e+01	-1.200556e+02
6.360000e-06	-3.424447e-06	-1.903084e-09	-2.430384e+01	-1.212221e+02
6.370000e-06	-3.459878e-06	-1.922217e-09	-2.455530e+01	-1.223443e+02
6.380000e-06	-3.495015e-06	-1.942139e-09	-2.480467e+01	-1.234239e+02
6.390000e-06	-3.529852e-06	-1.962543e-09	-2.505192e+01	-1.244625e+02
6.400000e-06	-3.564403e-06	-1.976404e-09	-2.529713e+01	-1.254616e+02
6.410000e-06	-3.598744e-06	-1.983677e-09	-2.554086e+01	-1.264225e+02
6.420000e-06	-3.632885e-06	-1.993415e-09	-2.578316e+01	-1.273463e+02
6.430000e-06	-3.666822e-06	-2.008406e-09	-2.602402e+01	-1.282342e+02
6.440000e-06	-3.700514e-06	-2.021762e-09	-2.626313e+01	-1.290873e+02
6.450000e-06	-3.733899e-06	-2.032300e-09	-2.650007e+01	-1.299064e+02
6.460000e-06	-3.766994e-06	-2.044971e-09	-2.673495e+01	-1.306927e+02
6.470000e-06	-3.799802e-06	-2.061222e-09	-2.696780e+01	-1.314470e+02
6.480000e-06	-3.832331e-06	-2.074237e-09	-2.719866e+01	-1.321702e+02
6.490000e-06	-3.864599e-06	-2.080195e-09	-2.742767e+01	-1.328632e+02
6.500000e-06	-3.896674e-06	-2.083983e-09	-2.765531e+01	-1.335271e+02
6.510000e-06	-3.928601e-06	-2.092966e-09	-2.788191e+01	-1.341627e+02
6.520000e-06	-3.960327e-06	-2.105564e-09	-2.810707e+01	-1.347710e+02
6.530000e-06	-3.991832e-06	-2.117000e-09	-2.833067e+01	-1.353532e+02
6.540000e-06	-4.023054e-06	-2.127412e-09	-2.855225e+01	-1.359102e+02
6.550000e-06	-4.053884e-06	-2.138102e-09	-2.877105e+01	-1.364432e+02
6.560000e-06	-4.084247e-06	-2.148025e-09	-2.898654e+01	-1.369532e+02
6.570000e-06	-4.114098e-06	-2.154014e-09	-2.919841e+01	-1.374415e+02
6.580000e-06	-4.143403e-06	-2.157210e-09	-2.940639e+01	-1.379092e+02
6.590000e-06	-4.172250e-06	-2.165461e-09	-2.961112e+01	-1.383575e+02
6.600000e-06	-4.200718e-06	-2.178694e-09	-2.981316e+01	-1.387877e+02
6.610000e-06	-4.228944e-06	-2.190014e-09	-3.001349e+01	-1.392007e+02
6.620000e-06	-4.257032e-06	-2.195851e-09	-3.021283e+01	-1.395978e+02
6.630000e-06	-4.284932e-06	-2.201717e-09	-3.041084e+01	-1.399802e+02
6.640000e-06	-4.312684e-06	-2.211334e-09	-3.060780e+01	-1.403487e+02
6.650000e-06	-4.340223e-06	-2.216264e-09	-3.080325e+01	-1.407044e+02
6.660000e-06	-4.367434e-06	-2.215900e-09	-3.099637e+01	-1.410481e+02
6.670000e-06	-4.394288e-06	-2.218379e-09	-3.118696e+01	-1.413808e+02
6.680000e-06	-4.420790e-06	-2.226847e-09	-3.137505e+01	-1.417030e+02
6.690000e-06	-4.446993e-06	-2.237083e-09	-3.156101e+01	-1.420155e+02
6.700000e-06	-4.472961e-06	-2.244343e-09	-3.174531e+01	-1.423187e+02
6.710000e-06	-4.498652e-06	-2.249648e-09	-3.192764e+01	-1.426130e+02
6.720000e-06	-4.523943e-06	-2.254199e-09	-3.210714e+01	-1.428988e+02
6.730000e-06	-4.548843e-06	-2.255650e-09	-3.228386e+01	-1.431763e+02
6.740000e-06	-4.573360e-06	-2.254203e-09	-3.245786e+01	-1.434455e+02
6.750000e-06	-4.597569e-06	-2.254934e-09	-3.262967e+01	-1.437066e+02
6.760000e-06	-4.621600e-06	-2.258083e-09	-3.280023e+01	-1.439595e+02
6.770000e-06	-4.645493e-06	-2.262560e-09	-3.296980e+01	-1.442042e+02
6.780000e-06	-4.669238e-06	-2.267069e-09	-3.313832e+01	-1.444404e+02
6.790000e-06	-4.692809e-06	-2.272889e-09	-3.330561e+01	-1.446681e+02
6.800000e-06	-4.716063e-06	-2.279078e-09	-3.347065e+01	-1.448871e+02
6.810000e-06	-4.738829e-06	-2.283811e-09	-3.363222e+01	-1.450972e+02
6.820000e-06	-4.761010e-06	-2.285367e-09	-3.378964e+01	-1.452982e+02
6.830000e-06	-4.782584e-06	-2.282723e-09	-3.394276e+01	-1.454900e+02
6.840000e-06	-4.803646e-06	-2.280078e-09	-3.409224e+01	-1.456726e+02
6.850000e-06	-4.824256e-06	-2.279026e-09	-3.423851e+01	-1.458459e+02
6.860000e-06	-4.844515e-06	-2.278860e-09	-3.438229e+01	-1.460100e+02
6.870000e-06	-4.864555e-06	-2.279539e-09	-3.452452e+01	-1.461650e+02
6.880000e-06	-4.884457e-06	-2.281821e-09	-3.466576e+01	-1.463111e+02
6.890000e-06	-4.904156e-06	-2.285606e-09	-3.480557e+01	-1.464485e+02
6.900000e-06	-4.923500e-06	-2.289319e-09	-3.494286e+01	-1.465777e+02
6.910000e-06	-4.942482e-06	-2.289947e-09	-3.507758e+01	-1.466992e+02
6.920000e-06	-4.961077e-06	-2.288399e-09	-3.520955e+01	-1.468133e+02
6.930000e-06	-4.979293e-06	-2.287735e-09	-3.533883e+01	-1.469208e+02
6.940000e-06	-4.997208e-06	-2.287790e-09	-3.546598e+01	-1.470222e+02
6.950000e-06	-5.014856e-06	-2.285292e-09	-3.559123e+01	-1.471184e+02
6.960000e-06	-5.032103e-06	-2.282799e-09	-3.571363e+01	-1.472099e+02
6.970000e-06	-5.048887e-06	-2.283095e-09	-3.583275e+01	-1.472976e+02
6.980000e-06	-5.065403e-06	-2.287621e-09	-3.594997e+01	-1.473823e+02
6.990000e-06	-5.081628e-06	-2.293260e-09	-3.606511e+01	-1.474646e+02
7.000000e-06	-5.097618e-06	-2.296188e-09	-3.617860e+01	-1.475452e+02
7.010000e-06	-5.113493e-06	-2.295359e-09	-3.629127e+01	-1.476247e+02
7.020000e-06	-5.129067e-06	-2.292715e-09	-3.640180e+01	-1.477038e+02
7.030000e-06	-5.144197e-06	-2.290138e-09	-3.650918e+01	-1.477828e+02
7.040000e-06	-5.158653e-06	-2.288108e-09	-3.661177e+01	-1.478622e+02
7.050000e-06	-5.172333e-06	-2.288491e-09	-3.670887e+01	-1.479421e+02
7.060000e-06	-5.185348e-06	-2.292235e-09	-3.680123e+01	-1.480228e+02
7.070000e-06	-5.197875e-06	-2.297068e-09	-3.689014e+01	-1.481042e+02
7.080000e-06	-5.210156e-06	-2.300283e-09	-3.697730e+01	-1.481861e+02
7.090000e-06	-5.222125e-06	-2.301290e-09	-3.706225e+01	-1.482683e+02
7.100000e-06	-5.233743e-06	-2.300004e-09	-3.714471e+01	-1.483504e+02
7.110000e-06	-5.244976e-06	-2.297092e-09	-3.722443e+01	-1.484318e+02
7.120000e-06	-5.255795e-06	-2.293527e-09	-3.730121e+01	-1.485118e+02
7.130000e-06	-5.266222e-06	-2.290377e-09	-3.737521e+01	-1.485897e+02
7.140000e-06	-5.276331e-06	-2.289555e-09	-3.744696e+01	-1.486647e+02
7.150000e-06	-5.286112e-06	-2.291718e-09	-3.751637e+01	-1.487358e+02
7.160000e-06	-5.295547e-06	-2.294868e-09	-3.758333e+01	-1.488020e+02
7.170000e-06	-5.304597e-06	-2.299370e-09	-3.764757e+01	-1.488625e+02
7.180000e-06	-5.313250e-06	-2.304611e-09	-3.770897e+01	-1.489161e+02
7.190000e-06	-5.321557e-06	-2.307024e-09	-3.776793e+01	-1.489619e+02
7.200000e-06	-5.329558e-06	-2.304240e-09	-3.782472e+01	-1.489989e+02
7.210000e-06	-5.337405e-06	-2.300527e-09	-3.788041e+01	-1.490265e+02
7.220000e-06	-5.345042e-06	-2.298262e-09	-3.793461e+01	-1.490437e+02
7.230000e-06	-5.352296e-06	-2.297390e-09	-3.798609e+01	-1.490501e+02
7.240000e-06	-5.359030e-06	-2.295146e-09	-3.803388e+01	-1.490450e+02
7.250000e-06	-5.365245e-06	-2.292838e-09	-3.807799e+01	-1.490282e+02
7.260000e-06	-5.370867e-06	-2.295427e-09	-3.811790e+01	-1.489996e+02
7.270000e-06	-5.375837e-06	-2.300973e-09	-3.815317e+01	-1.489593e+02
7.280000e-06	-5.380328e-06	-2.303181e-09	-3.818504e+01	-1.489073e+02
7.290000e-06	-5.384488e-06	-2.298589e-09	-3.821457e+01	-1.488443e+02
7.300000e-06	-5.388392e-06	-2.290471e-09	-3.824227e+01	-1.487709e+02
7.310000e-06	-5.392132e-06	-2.284252e-09	-3.826881e+01	-1.486879e+02
7.320000e-06	-5.395627e-06	-2.280205e-09	-3.829362e+01	-1.485963e+02
7.330000e-06	-5.398700e-06	-2.277477e-09	-3.831543e+01	-1.484974e+02
7.340000e-06	-5.401336e-06	-2.277406e-09	-3.833414e+01	-1.483926e+02
7.350000e-06	-5.403634e-06	-2.280026e-09	-3.835045e+01	-1.482833e+02
7.360000e-06	-5.405621e-06	-2.282540e-09	-3.836454e+01	-1.481712e+02
7.370000e-06	-5.407304e-06	-2.281900e-09	-3.837649e+01	-1.480580e+02
7.380000e-06	-5.408542e-06	-2.278044e-09	-3.838528e+01	-1.479454e+02
7.390000e-06	-5.409360e-06	-2.273204e-09	-3.839108e+01	-1.478353e+02
7.400000e-06	-5.409853e-06	-2.270869e-09	-3.839458e+01	-1.477295e+02
