# Temperatura_=_19.8
# Concentracion g/m^3_=_4090.0
# C_Vs_to_Am_M_A/Vsm_=_65563218390.804596
# pendiente_HvsI_1/m_=_3716.3
# ordenada_HvsI_A/m_=_1297.0
# frecuencia_Hz_=_135080.60504655231

Tiempo_(s)	Campo_(V.s)	Magnetizacion_(V.s)	Campo_(kA/m)	Magnetizacion_(A/m)
0.000000e+00	-5.377751e-06	-2.343812e-09	-3.839377e+01	-1.525183e+02
1.000000e-08	-5.377911e-06	-2.340664e-09	-3.839491e+01	-1.523962e+02
2.000000e-08	-5.377761e-06	-2.333841e-09	-3.839384e+01	-1.522758e+02
3.000000e-08	-5.377344e-06	-2.328535e-09	-3.839086e+01	-1.521585e+02
4.000000e-08	-5.376533e-06	-2.328748e-09	-3.838507e+01	-1.520460e+02
5.000000e-08	-5.375106e-06	-2.336494e-09	-3.837489e+01	-1.519397e+02
6.000000e-08	-5.372972e-06	-2.359733e-09	-3.835965e+01	-1.518410e+02
7.000000e-08	-5.370199e-06	-2.352608e-09	-3.833985e+01	-1.517512e+02
8.000000e-08	-5.366944e-06	-2.256751e-09	-3.831661e+01	-1.516713e+02
9.000000e-08	-5.363254e-06	-2.257990e-09	-3.829027e+01	-1.516024e+02
1.000000e-07	-5.359168e-06	-2.443568e-09	-3.826110e+01	-1.515452e+02
1.100000e-07	-5.354895e-06	-2.414343e-09	-3.823058e+01	-1.515002e+02
1.200000e-07	-5.350492e-06	-2.175603e-09	-3.819915e+01	-1.514678e+02
1.300000e-07	-5.345765e-06	-2.184729e-09	-3.816541e+01	-1.514480e+02
1.400000e-07	-5.340568e-06	-2.471379e-09	-3.812830e+01	-1.514408e+02
1.500000e-07	-5.334861e-06	-2.524277e-09	-3.808756e+01	-1.514457e+02
1.600000e-07	-5.328738e-06	-2.146188e-09	-3.804385e+01	-1.514621e+02
1.700000e-07	-5.322448e-06	-2.168604e-09	-3.799894e+01	-1.514892e+02
1.800000e-07	-5.315810e-06	-2.475991e-09	-3.795155e+01	-1.515259e+02
1.900000e-07	-5.308640e-06	-2.501857e-09	-3.790035e+01	-1.515710e+02
2.000000e-07	-5.301214e-06	-2.198196e-09	-3.784734e+01	-1.516230e+02
2.100000e-07	-5.293638e-06	-2.268905e-09	-3.779325e+01	-1.516804e+02
2.200000e-07	-5.285778e-06	-2.512700e-09	-3.773713e+01	-1.517414e+02
2.300000e-07	-5.277599e-06	-2.416719e-09	-3.767874e+01	-1.518042e+02
2.400000e-07	-5.269108e-06	-2.262961e-09	-3.761812e+01	-1.518669e+02
2.500000e-07	-5.260047e-06	-2.412609e-09	-3.755343e+01	-1.519277e+02
2.600000e-07	-5.250159e-06	-2.501927e-09	-3.748284e+01	-1.519845e+02
2.700000e-07	-5.239631e-06	-2.270342e-09	-3.740768e+01	-1.520356e+02
2.800000e-07	-5.228673e-06	-2.278740e-09	-3.732944e+01	-1.520790e+02
2.900000e-07	-5.217327e-06	-2.493776e-09	-3.724844e+01	-1.521131e+02
3.000000e-07	-5.205588e-06	-2.413256e-09	-3.716463e+01	-1.521362e+02
3.100000e-07	-5.193376e-06	-2.183696e-09	-3.707744e+01	-1.521468e+02
3.200000e-07	-5.180766e-06	-2.357196e-09	-3.698742e+01	-1.521438e+02
3.300000e-07	-5.167839e-06	-2.475601e-09	-3.689513e+01	-1.521258e+02
3.400000e-07	-5.154550e-06	-2.299296e-09	-3.680025e+01	-1.520921e+02
3.500000e-07	-5.140842e-06	-2.230081e-09	-3.670239e+01	-1.520420e+02
3.600000e-07	-5.126684e-06	-2.409975e-09	-3.660130e+01	-1.519749e+02
3.700000e-07	-5.112052e-06	-2.368790e-09	-3.649684e+01	-1.518906e+02
3.800000e-07	-5.097088e-06	-2.291567e-09	-3.639001e+01	-1.517891e+02
3.900000e-07	-5.081687e-06	-2.360775e-09	-3.628006e+01	-1.516705e+02
4.000000e-07	-5.065542e-06	-2.364504e-09	-3.616479e+01	-1.515354e+02
4.100000e-07	-5.048986e-06	-2.257306e-09	-3.604659e+01	-1.513843e+02
4.200000e-07	-5.032269e-06	-2.332531e-09	-3.592724e+01	-1.512178e+02
4.300000e-07	-5.015215e-06	-2.374833e-09	-3.580549e+01	-1.510371e+02
4.400000e-07	-4.997840e-06	-2.262162e-09	-3.568144e+01	-1.508431e+02
4.500000e-07	-4.980122e-06	-2.256443e-09	-3.555494e+01	-1.506371e+02
4.600000e-07	-4.962045e-06	-2.374646e-09	-3.542588e+01	-1.504202e+02
4.700000e-07	-4.943646e-06	-2.347090e-09	-3.529453e+01	-1.501939e+02
4.800000e-07	-4.924906e-06	-2.271776e-09	-3.516074e+01	-1.499594e+02
4.900000e-07	-4.905784e-06	-2.297086e-09	-3.502422e+01	-1.497181e+02
5.000000e-07	-4.886297e-06	-2.316466e-09	-3.488509e+01	-1.494714e+02
5.100000e-07	-4.866580e-06	-2.306212e-09	-3.474433e+01	-1.492205e+02
5.200000e-07	-4.846620e-06	-2.300291e-09	-3.460183e+01	-1.489667e+02
5.300000e-07	-4.826362e-06	-2.277520e-09	-3.445720e+01	-1.487110e+02
5.400000e-07	-4.805811e-06	-2.273916e-09	-3.431048e+01	-1.484546e+02
5.500000e-07	-4.784918e-06	-2.327321e-09	-3.416131e+01	-1.481982e+02
5.600000e-07	-4.763709e-06	-2.311043e-09	-3.400989e+01	-1.479428e+02
5.700000e-07	-4.742166e-06	-2.261798e-09	-3.385609e+01	-1.476888e+02
5.800000e-07	-4.720332e-06	-2.265720e-09	-3.370020e+01	-1.474367e+02
5.900000e-07	-4.698202e-06	-2.297652e-09	-3.354221e+01	-1.471869e+02
6.000000e-07	-4.675689e-06	-2.280890e-09	-3.338149e+01	-1.469396e+02
6.100000e-07	-4.652844e-06	-2.262824e-09	-3.321838e+01	-1.466947e+02
6.200000e-07	-4.629652e-06	-2.241711e-09	-3.305281e+01	-1.464522e+02
6.300000e-07	-4.606148e-06	-2.255497e-09	-3.288500e+01	-1.462117e+02
6.400000e-07	-4.582434e-06	-2.272978e-09	-3.271570e+01	-1.459730e+02
6.500000e-07	-4.558512e-06	-2.255410e-09	-3.254491e+01	-1.457355e+02
6.600000e-07	-4.534321e-06	-2.211896e-09	-3.237220e+01	-1.454988e+02
6.700000e-07	-4.509758e-06	-2.230208e-09	-3.219684e+01	-1.452622e+02
6.800000e-07	-4.484784e-06	-2.250857e-09	-3.201854e+01	-1.450250e+02
6.900000e-07	-4.459384e-06	-2.238086e-09	-3.183720e+01	-1.447866e+02
7.000000e-07	-4.433578e-06	-2.210816e-09	-3.165296e+01	-1.445462e+02
7.100000e-07	-4.407279e-06	-2.212453e-09	-3.146520e+01	-1.443031e+02
7.200000e-07	-4.380506e-06	-2.217941e-09	-3.127406e+01	-1.440567e+02
7.300000e-07	-4.353319e-06	-2.215290e-09	-3.107997e+01	-1.438062e+02
7.400000e-07	-4.325772e-06	-2.188952e-09	-3.088330e+01	-1.435511e+02
7.500000e-07	-4.298064e-06	-2.177337e-09	-3.068548e+01	-1.432908e+02
7.600000e-07	-4.270200e-06	-2.192442e-09	-3.048655e+01	-1.430248e+02
7.700000e-07	-4.242153e-06	-2.197623e-09	-3.028631e+01	-1.427527e+02
7.800000e-07	-4.213850e-06	-2.174458e-09	-3.008425e+01	-1.424742e+02
7.900000e-07	-4.185215e-06	-2.157580e-09	-2.987981e+01	-1.421891e+02
8.000000e-07	-4.156254e-06	-2.160672e-09	-2.967305e+01	-1.418971e+02
8.100000e-07	-4.126953e-06	-2.160868e-09	-2.946385e+01	-1.415982e+02
8.200000e-07	-4.097358e-06	-2.151186e-09	-2.925256e+01	-1.412923e+02
8.300000e-07	-4.067538e-06	-2.134817e-09	-2.903967e+01	-1.409797e+02
8.400000e-07	-4.037549e-06	-2.130920e-09	-2.882557e+01	-1.406603e+02
8.500000e-07	-4.007333e-06	-2.133398e-09	-2.860984e+01	-1.403344e+02
8.600000e-07	-3.976818e-06	-2.125805e-09	-2.839198e+01	-1.400022e+02
8.700000e-07	-3.945994e-06	-2.104106e-09	-2.817192e+01	-1.396641e+02
8.800000e-07	-3.914748e-06	-2.094004e-09	-2.794884e+01	-1.393203e+02
8.900000e-07	-3.883277e-06	-2.095401e-09	-2.772416e+01	-1.389712e+02
9.000000e-07	-3.851710e-06	-2.100972e-09	-2.749879e+01	-1.386170e+02
9.100000e-07	-3.819948e-06	-2.089214e-09	-2.727203e+01	-1.382583e+02
9.200000e-07	-3.787995e-06	-2.079300e-09	-2.704391e+01	-1.378952e+02
9.300000e-07	-3.755820e-06	-2.071939e-09	-2.681420e+01	-1.375282e+02
9.400000e-07	-3.723399e-06	-2.069547e-09	-2.658273e+01	-1.371574e+02
9.500000e-07	-3.690736e-06	-2.055894e-09	-2.634954e+01	-1.367833e+02
9.600000e-07	-3.657777e-06	-2.045267e-09	-2.611423e+01	-1.364060e+02
9.700000e-07	-3.624388e-06	-2.040058e-09	-2.587585e+01	-1.360256e+02
9.800000e-07	-3.590488e-06	-2.042434e-09	-2.563383e+01	-1.356425e+02
9.900000e-07	-3.556145e-06	-2.035702e-09	-2.538864e+01	-1.352566e+02
1.000000e-06	-3.521417e-06	-2.027536e-09	-2.514071e+01	-1.348680e+02
1.010000e-06	-3.486333e-06	-2.018102e-09	-2.489023e+01	-1.344769e+02
1.020000e-06	-3.451013e-06	-2.009618e-09	-2.463807e+01	-1.340831e+02
1.030000e-06	-3.415553e-06	-1.996639e-09	-2.438490e+01	-1.336867e+02
1.040000e-06	-3.379894e-06	-1.989198e-09	-2.413032e+01	-1.332875e+02
1.050000e-06	-3.344011e-06	-1.985953e-09	-2.387414e+01	-1.328856e+02
1.060000e-06	-3.307999e-06	-1.985831e-09	-2.361703e+01	-1.324808e+02
1.070000e-06	-3.271843e-06	-1.983074e-09	-2.335891e+01	-1.320729e+02
1.080000e-06	-3.235509e-06	-1.974274e-09	-2.309950e+01	-1.316618e+02
1.090000e-06	-3.198860e-06	-1.962286e-09	-2.283785e+01	-1.312474e+02
1.100000e-06	-3.161941e-06	-1.952850e-09	-2.257428e+01	-1.308296e+02
1.110000e-06	-3.124877e-06	-1.944348e-09	-2.230966e+01	-1.304081e+02
1.120000e-06	-3.087550e-06	-1.933536e-09	-2.204317e+01	-1.299829e+02
1.130000e-06	-3.050003e-06	-1.926083e-09	-2.177510e+01	-1.295537e+02
1.140000e-06	-3.012252e-06	-1.922778e-09	-2.150559e+01	-1.291204e+02
1.150000e-06	-2.974290e-06	-1.919770e-09	-2.123456e+01	-1.286829e+02
1.160000e-06	-2.936175e-06	-1.909624e-09	-2.096245e+01	-1.282410e+02
1.170000e-06	-2.897867e-06	-1.899959e-09	-2.068895e+01	-1.277945e+02
1.180000e-06	-2.859329e-06	-1.890425e-09	-2.041382e+01	-1.273432e+02
1.190000e-06	-2.820672e-06	-1.883952e-09	-2.013783e+01	-1.268870e+02
1.200000e-06	-2.781801e-06	-1.874172e-09	-1.986031e+01	-1.264256e+02
1.210000e-06	-2.742553e-06	-1.864682e-09	-1.958010e+01	-1.259589e+02
1.220000e-06	-2.703162e-06	-1.856117e-09	-1.929888e+01	-1.254866e+02
1.230000e-06	-2.663701e-06	-1.850526e-09	-1.901715e+01	-1.250083e+02
1.240000e-06	-2.624111e-06	-1.841152e-09	-1.873451e+01	-1.245238e+02
1.250000e-06	-2.584426e-06	-1.835372e-09	-1.845118e+01	-1.240328e+02
1.260000e-06	-2.544632e-06	-1.827624e-09	-1.816707e+01	-1.235348e+02
1.270000e-06	-2.504694e-06	-1.819074e-09	-1.788194e+01	-1.230294e+02
1.280000e-06	-2.464636e-06	-1.810174e-09	-1.759595e+01	-1.225162e+02
1.290000e-06	-2.424496e-06	-1.803482e-09	-1.730938e+01	-1.219946e+02
1.300000e-06	-2.384208e-06	-1.791721e-09	-1.702175e+01	-1.214641e+02
1.310000e-06	-2.343783e-06	-1.777511e-09	-1.673314e+01	-1.209241e+02
1.320000e-06	-2.303149e-06	-1.763845e-09	-1.644304e+01	-1.203740e+02
1.330000e-06	-2.262315e-06	-1.753736e-09	-1.615151e+01	-1.198132e+02
1.340000e-06	-2.221221e-06	-1.746422e-09	-1.585813e+01	-1.192409e+02
1.350000e-06	-2.179751e-06	-1.738679e-09	-1.556205e+01	-1.186565e+02
1.360000e-06	-2.138086e-06	-1.729152e-09	-1.526459e+01	-1.180594e+02
1.370000e-06	-2.096135e-06	-1.719340e-09	-1.496509e+01	-1.174488e+02
1.380000e-06	-2.053908e-06	-1.709389e-09	-1.466361e+01	-1.168241e+02
1.390000e-06	-2.011531e-06	-1.695674e-09	-1.436107e+01	-1.161846e+02
1.400000e-06	-1.968896e-06	-1.680946e-09	-1.405668e+01	-1.155298e+02
1.410000e-06	-1.925954e-06	-1.668595e-09	-1.375010e+01	-1.148590e+02
1.420000e-06	-1.882740e-06	-1.660226e-09	-1.344158e+01	-1.141717e+02
1.430000e-06	-1.839365e-06	-1.650316e-09	-1.313191e+01	-1.134674e+02
1.440000e-06	-1.795910e-06	-1.634408e-09	-1.282167e+01	-1.127456e+02
1.450000e-06	-1.752369e-06	-1.618908e-09	-1.251081e+01	-1.120061e+02
1.460000e-06	-1.708718e-06	-1.609073e-09	-1.219918e+01	-1.112485e+02
1.470000e-06	-1.665015e-06	-1.595793e-09	-1.188716e+01	-1.104724e+02
1.480000e-06	-1.621241e-06	-1.578957e-09	-1.157465e+01	-1.096779e+02
1.490000e-06	-1.577411e-06	-1.565086e-09	-1.126173e+01	-1.088646e+02
1.500000e-06	-1.533533e-06	-1.555065e-09	-1.094846e+01	-1.080325e+02
1.510000e-06	-1.489550e-06	-1.541350e-09	-1.063445e+01	-1.071816e+02
1.520000e-06	-1.445476e-06	-1.523074e-09	-1.031979e+01	-1.063118e+02
1.530000e-06	-1.401370e-06	-1.504624e-09	-1.000491e+01	-1.054231e+02
1.540000e-06	-1.357222e-06	-1.490232e-09	-9.689716e+00	-1.045156e+02
1.550000e-06	-1.313008e-06	-1.474785e-09	-9.374050e+00	-1.035892e+02
1.560000e-06	-1.268771e-06	-1.459805e-09	-9.058226e+00	-1.026440e+02
1.570000e-06	-1.224441e-06	-1.448079e-09	-8.741740e+00	-1.016798e+02
1.580000e-06	-1.179983e-06	-1.439965e-09	-8.424339e+00	-1.006966e+02
1.590000e-06	-1.135460e-06	-1.428814e-09	-8.106473e+00	-9.969421e+01
1.600000e-06	-1.090826e-06	-1.411501e-09	-7.787810e+00	-9.867237e+01
1.610000e-06	-1.046112e-06	-1.390546e-09	-7.468586e+00	-9.763073e+01
1.620000e-06	-1.001320e-06	-1.373768e-09	-7.148799e+00	-9.656884e+01
1.630000e-06	-9.563924e-07	-1.357480e-09	-6.828041e+00	-9.548611e+01
1.640000e-06	-9.113712e-07	-1.335653e-09	-6.506618e+00	-9.438186e+01
1.650000e-06	-8.662722e-07	-1.315522e-09	-6.184640e+00	-9.325523e+01
1.660000e-06	-8.211893e-07	-1.305041e-09	-5.862776e+00	-9.210524e+01
1.670000e-06	-7.760589e-07	-1.298033e-09	-5.540573e+00	-9.093079e+01
1.680000e-06	-7.308127e-07	-1.281185e-09	-5.217544e+00	-8.973061e+01
1.690000e-06	-6.854913e-07	-1.255773e-09	-4.893978e+00	-8.850330e+01
1.700000e-06	-6.400920e-07	-1.232667e-09	-4.569855e+00	-8.724736e+01
1.710000e-06	-5.947303e-07	-1.216104e-09	-4.246001e+00	-8.596114e+01
1.720000e-06	-5.493641e-07	-1.197800e-09	-3.922115e+00	-8.464291e+01
1.730000e-06	-5.039315e-07	-1.173702e-09	-3.597755e+00	-8.329086e+01
1.740000e-06	-4.584534e-07	-1.152541e-09	-3.273070e+00	-8.190309e+01
1.750000e-06	-4.129075e-07	-1.140015e-09	-2.947900e+00	-8.047767e+01
1.760000e-06	-3.673444e-07	-1.127029e-09	-2.622608e+00	-7.901266e+01
1.770000e-06	-3.217765e-07	-1.102616e-09	-2.297282e+00	-7.750611e+01
1.780000e-06	-2.761555e-07	-1.071445e-09	-1.971577e+00	-7.595610e+01
1.790000e-06	-2.304747e-07	-1.046326e-09	-1.645444e+00	-7.436077e+01
1.800000e-06	-1.848386e-07	-1.024451e-09	-1.319632e+00	-7.271834e+01
1.810000e-06	-1.392851e-07	-9.993812e-10	-9.944084e-01	-7.102714e+01
1.820000e-06	-9.374775e-08	-9.717795e-10	-6.693001e-01	-6.928564e+01
1.830000e-06	-4.816386e-08	-9.488347e-10	-3.438597e-01	-6.749246e+01
1.840000e-06	-2.526123e-09	-9.276745e-10	-1.803493e-02	-6.564641e+01
1.850000e-06	4.308411e-08	-9.002912e-10	3.075935e-01	-6.374649e+01
1.860000e-06	8.861681e-08	-8.662637e-10	6.326684e-01	-6.179193e+01
1.870000e-06	1.341919e-07	-8.340096e-10	9.580459e-01	-5.978219e+01
1.880000e-06	1.798309e-07	-8.050266e-10	1.283880e+00	-5.771697e+01
1.890000e-06	2.255193e-07	-7.745786e-10	1.610066e+00	-5.559623e+01
1.900000e-06	2.711927e-07	-7.382621e-10	1.936146e+00	-5.342020e+01
1.910000e-06	3.168161e-07	-7.039164e-10	2.261868e+00	-5.118934e+01
1.920000e-06	3.624142e-07	-6.761061e-10	2.587410e+00	-4.890439e+01
1.930000e-06	4.079596e-07	-6.465332e-10	2.912575e+00	-4.656633e+01
1.940000e-06	4.534919e-07	-6.112771e-10	3.237647e+00	-4.417640e+01
1.950000e-06	4.989671e-07	-5.753555e-10	3.562312e+00	-4.173605e+01
1.960000e-06	5.443901e-07	-5.399513e-10	3.886603e+00	-3.924696e+01
1.970000e-06	5.897325e-07	-4.983586e-10	4.210320e+00	-3.671100e+01
1.980000e-06	6.349931e-07	-4.504509e-10	4.533452e+00	-3.413023e+01
1.990000e-06	6.802149e-07	-4.061480e-10	4.856307e+00	-3.150686e+01
2.000000e-06	7.254122e-07	-3.733627e-10	5.178987e+00	-2.884324e+01
2.010000e-06	7.705419e-07	-3.420167e-10	5.501185e+00	-2.614184e+01
2.020000e-06	8.155983e-07	-3.043350e-10	5.822860e+00	-2.340522e+01
2.030000e-06	8.606309e-07	-2.640706e-10	6.144364e+00	-2.063600e+01
2.040000e-06	9.055429e-07	-2.257394e-10	6.465008e+00	-1.783685e+01
2.050000e-06	9.504337e-07	-1.844954e-10	6.785500e+00	-1.501048e+01
2.060000e-06	9.953988e-07	-1.366915e-10	7.106522e+00	-1.215959e+01
2.070000e-06	1.040247e-06	-8.789758e-11	7.426713e+00	-9.286879e+00
2.080000e-06	1.084909e-06	-4.657140e-11	7.745568e+00	-6.395009e+00
2.090000e-06	1.129410e-06	-8.325307e-12	8.063279e+00	-3.486611e+00
2.100000e-06	1.173840e-06	3.252931e-11	8.380481e+00	-5.642620e-01
2.110000e-06	1.218219e-06	7.806495e-11	8.697321e+00	2.369521e+00
2.120000e-06	1.262564e-06	1.221774e-10	9.013918e+00	5.312285e+00
2.130000e-06	1.306770e-06	1.635757e-10	9.329515e+00	8.261647e+00
2.140000e-06	1.350811e-06	2.090728e-10	9.643940e+00	1.121529e+01
2.150000e-06	1.394871e-06	2.609813e-10	9.958504e+00	1.417098e+01
2.160000e-06	1.438907e-06	3.067381e-10	1.027289e+01	1.712652e+01
2.170000e-06	1.482933e-06	3.444583e-10	1.058721e+01	2.007981e+01
2.180000e-06	1.526947e-06	3.816560e-10	1.090144e+01	2.302876e+01
2.190000e-06	1.570911e-06	4.247020e-10	1.121532e+01	2.597136e+01
2.200000e-06	1.614847e-06	4.719090e-10	1.152900e+01	2.890563e+01
2.210000e-06	1.658719e-06	5.178240e-10	1.184221e+01	3.182961e+01
2.220000e-06	1.702499e-06	5.633703e-10	1.215477e+01	3.474137e+01
2.230000e-06	1.746175e-06	6.086446e-10	1.246659e+01	3.763897e+01
2.240000e-06	1.789694e-06	6.495969e-10	1.277729e+01	4.052051e+01
2.250000e-06	1.833051e-06	6.822326e-10	1.308683e+01	4.338405e+01
2.260000e-06	1.876322e-06	7.150644e-10	1.339576e+01	4.622766e+01
2.270000e-06	1.919467e-06	7.558190e-10	1.370379e+01	4.904941e+01
2.280000e-06	1.962399e-06	8.010159e-10	1.401030e+01	5.184733e+01
2.290000e-06	2.005137e-06	8.441067e-10	1.431542e+01	5.461947e+01
2.300000e-06	2.047600e-06	8.878335e-10	1.461858e+01	5.736382e+01
2.310000e-06	2.089795e-06	9.302264e-10	1.491982e+01	6.007842e+01
2.320000e-06	2.131780e-06	9.690729e-10	1.521957e+01	6.276127e+01
2.330000e-06	2.173493e-06	1.001495e-09	1.551737e+01	6.541040e+01
2.340000e-06	2.214978e-06	1.029679e-09	1.581355e+01	6.802384e+01
2.350000e-06	2.256091e-06	1.060282e-09	1.610707e+01	7.059966e+01
2.360000e-06	2.296879e-06	1.096851e-09	1.639827e+01	7.313597e+01
2.370000e-06	2.337498e-06	1.136314e-09	1.668827e+01	7.563094e+01
2.380000e-06	2.377867e-06	1.176676e-09	1.697648e+01	7.808281e+01
2.390000e-06	2.418040e-06	1.214247e-09	1.726328e+01	8.048990e+01
2.400000e-06	2.458132e-06	1.248079e-09	1.754952e+01	8.285065e+01
2.410000e-06	2.498143e-06	1.276848e-09	1.783517e+01	8.516359e+01
2.420000e-06	2.538064e-06	1.301521e-09	1.812018e+01	8.742740e+01
2.430000e-06	2.577949e-06	1.327328e-09	1.840494e+01	8.964089e+01
2.440000e-06	2.617754e-06	1.357190e-09	1.868912e+01	9.180305e+01
2.450000e-06	2.657357e-06	1.389730e-09	1.897186e+01	9.391299e+01
2.460000e-06	2.696749e-06	1.422480e-09	1.925310e+01	9.597004e+01
2.470000e-06	2.736045e-06	1.452217e-09	1.953365e+01	9.797368e+01
2.480000e-06	2.775207e-06	1.478552e-09	1.981324e+01	9.992358e+01
2.490000e-06	2.814092e-06	1.501358e-09	2.009085e+01	1.018196e+02
2.500000e-06	2.852662e-06	1.521903e-09	2.036622e+01	1.036618e+02
2.510000e-06	2.891037e-06	1.543197e-09	2.064019e+01	1.054503e+02
2.520000e-06	2.929292e-06	1.568179e-09	2.091331e+01	1.071855e+02
2.530000e-06	2.967385e-06	1.596463e-09	2.118526e+01	1.088681e+02
2.540000e-06	3.005254e-06	1.624693e-09	2.145563e+01	1.104986e+02
2.550000e-06	3.042928e-06	1.653980e-09	2.172459e+01	1.120780e+02
2.560000e-06	3.080406e-06	1.678861e-09	2.199216e+01	1.136071e+02
2.570000e-06	3.117642e-06	1.696536e-09	2.225801e+01	1.150870e+02
2.580000e-06	3.154701e-06	1.711253e-09	2.252258e+01	1.165190e+02
2.590000e-06	3.191521e-06	1.727704e-09	2.278545e+01	1.179042e+02
2.600000e-06	3.228075e-06	1.748719e-09	2.304643e+01	1.192439e+02
2.610000e-06	3.264401e-06	1.771540e-09	2.330577e+01	1.205395e+02
2.620000e-06	3.300545e-06	1.791820e-09	2.356382e+01	1.217923e+02
2.630000e-06	3.336579e-06	1.811368e-09	2.382108e+01	1.230037e+02
2.640000e-06	3.372493e-06	1.829705e-09	2.407748e+01	1.241750e+02
2.650000e-06	3.408277e-06	1.843676e-09	2.433296e+01	1.253075e+02
2.660000e-06	3.443929e-06	1.853159e-09	2.458749e+01	1.264026e+02
2.670000e-06	3.479329e-06	1.863046e-09	2.484022e+01	1.274615e+02
2.680000e-06	3.514353e-06	1.878545e-09	2.509028e+01	1.284855e+02
2.690000e-06	3.548964e-06	1.897022e-09	2.533737e+01	1.294755e+02
2.700000e-06	3.583201e-06	1.915007e-09	2.558181e+01	1.304328e+02
2.710000e-06	3.617020e-06	1.933493e-09	2.582325e+01	1.313584e+02
2.720000e-06	3.650399e-06	1.949272e-09	2.606155e+01	1.322531e+02
2.730000e-06	3.683403e-06	1.959493e-09	2.629719e+01	1.331179e+02
2.740000e-06	3.716090e-06	1.962112e-09	2.653055e+01	1.339535e+02
2.750000e-06	3.748533e-06	1.967849e-09	2.676217e+01	1.347608e+02
2.760000e-06	3.780716e-06	1.981778e-09	2.699194e+01	1.355405e+02
2.770000e-06	3.812684e-06	2.000582e-09	2.722017e+01	1.362932e+02
2.780000e-06	3.844476e-06	2.018892e-09	2.744714e+01	1.370196e+02
2.790000e-06	3.876117e-06	2.033018e-09	2.767304e+01	1.377203e+02
2.800000e-06	3.907569e-06	2.044426e-09	2.789759e+01	1.383958e+02
2.810000e-06	3.938688e-06	2.053250e-09	2.811976e+01	1.390468e+02
2.820000e-06	3.969506e-06	2.054998e-09	2.833978e+01	1.396739e+02
2.830000e-06	4.000048e-06	2.053255e-09	2.855783e+01	1.402776e+02
2.840000e-06	4.030285e-06	2.059735e-09	2.877371e+01	1.408586e+02
2.850000e-06	4.060296e-06	2.077461e-09	2.898796e+01	1.414174e+02
2.860000e-06	4.090072e-06	2.097419e-09	2.920054e+01	1.419548e+02
2.870000e-06	4.119597e-06	2.109782e-09	2.941134e+01	1.424713e+02
2.880000e-06	4.148842e-06	2.114007e-09	2.962013e+01	1.429677e+02
2.890000e-06	4.177763e-06	2.114911e-09	2.982660e+01	1.434446e+02
2.900000e-06	4.206365e-06	2.114059e-09	3.003081e+01	1.439029e+02
2.910000e-06	4.234693e-06	2.109527e-09	3.023305e+01	1.443432e+02
2.920000e-06	4.262831e-06	2.112548e-09	3.043393e+01	1.447663e+02
2.930000e-06	4.290878e-06	2.128207e-09	3.063418e+01	1.451730e+02
2.940000e-06	4.318772e-06	2.150178e-09	3.083332e+01	1.455641e+02
2.950000e-06	4.346408e-06	2.164916e-09	3.103063e+01	1.459403e+02
2.960000e-06	4.373776e-06	2.170155e-09	3.122601e+01	1.463023e+02
2.970000e-06	4.400747e-06	2.169427e-09	3.141857e+01	1.466509e+02
2.980000e-06	4.427218e-06	2.164249e-09	3.160755e+01	1.469868e+02
2.990000e-06	4.453220e-06	2.157715e-09	3.179319e+01	1.473107e+02
3.000000e-06	4.478769e-06	2.157942e-09	3.197560e+01	1.476230e+02
3.010000e-06	4.503764e-06	2.169840e-09	3.215405e+01	1.479245e+02
3.020000e-06	4.528202e-06	2.187760e-09	3.232852e+01	1.482155e+02
3.030000e-06	4.552308e-06	2.201542e-09	3.250062e+01	1.484966e+02
3.040000e-06	4.576227e-06	2.205327e-09	3.267139e+01	1.487680e+02
3.050000e-06	4.600030e-06	2.201670e-09	3.284133e+01	1.490302e+02
3.060000e-06	4.623635e-06	2.195752e-09	3.300985e+01	1.492833e+02
3.070000e-06	4.646848e-06	2.191339e-09	3.317557e+01	1.495276e+02
3.080000e-06	4.669618e-06	2.192071e-09	3.333814e+01	1.497632e+02
3.090000e-06	4.692009e-06	2.202876e-09	3.349800e+01	1.499901e+02
3.100000e-06	4.714136e-06	2.220188e-09	3.365597e+01	1.502085e+02
3.110000e-06	4.736000e-06	2.230501e-09	3.381206e+01	1.504183e+02
3.120000e-06	4.757551e-06	2.228695e-09	3.396592e+01	1.506196e+02
3.130000e-06	4.778771e-06	2.223580e-09	3.411742e+01	1.508123e+02
3.140000e-06	4.799686e-06	2.221286e-09	3.426674e+01	1.509963e+02
3.150000e-06	4.820294e-06	2.219062e-09	3.441388e+01	1.511717e+02
3.160000e-06	4.840608e-06	2.215317e-09	3.455890e+01	1.513384e+02
3.170000e-06	4.860712e-06	2.218555e-09	3.470243e+01	1.514966e+02
3.180000e-06	4.880653e-06	2.231946e-09	3.484480e+01	1.516461e+02
3.190000e-06	4.900346e-06	2.247093e-09	3.498540e+01	1.517873e+02
3.200000e-06	4.919696e-06	2.249793e-09	3.512354e+01	1.519201e+02
3.210000e-06	4.938590e-06	2.243165e-09	3.525843e+01	1.520448e+02
3.220000e-06	4.957078e-06	2.240528e-09	3.539043e+01	1.521617e+02
3.230000e-06	4.975197e-06	2.242529e-09	3.551978e+01	1.522711e+02
3.240000e-06	4.992916e-06	2.242556e-09	3.564629e+01	1.523734e+02
3.250000e-06	5.010219e-06	2.242687e-09	3.576982e+01	1.524691e+02
3.260000e-06	5.027302e-06	2.250316e-09	3.589178e+01	1.525586e+02
3.270000e-06	5.044197e-06	2.261595e-09	3.601240e+01	1.526425e+02
3.280000e-06	5.060619e-06	2.266743e-09	3.612964e+01	1.527213e+02
3.290000e-06	5.076581e-06	2.262126e-09	3.624360e+01	1.527957e+02
3.300000e-06	5.092057e-06	2.256464e-09	3.635409e+01	1.528663e+02
3.310000e-06	5.107107e-06	2.258153e-09	3.646154e+01	1.529337e+02
3.320000e-06	5.121797e-06	2.263367e-09	3.656641e+01	1.529984e+02
3.330000e-06	5.136057e-06	2.265840e-09	3.666822e+01	1.530611e+02
3.340000e-06	5.149934e-06	2.270766e-09	3.676729e+01	1.531224e+02
3.350000e-06	5.163476e-06	2.280265e-09	3.686398e+01	1.531825e+02
3.360000e-06	5.176686e-06	2.284463e-09	3.695829e+01	1.532421e+02
3.370000e-06	5.189543e-06	2.280336e-09	3.705008e+01	1.533013e+02
3.380000e-06	5.201982e-06	2.275250e-09	3.713889e+01	1.533604e+02
3.390000e-06	5.214005e-06	2.279029e-09	3.722472e+01	1.534195e+02
3.400000e-06	5.225680e-06	2.287439e-09	3.730808e+01	1.534787e+02
3.410000e-06	5.236973e-06	2.289238e-09	3.738870e+01	1.535379e+02
3.420000e-06	5.247896e-06	2.288620e-09	3.746668e+01	1.535968e+02
3.430000e-06	5.258197e-06	2.293804e-09	3.754023e+01	1.536551e+02
3.440000e-06	5.267759e-06	2.299736e-09	3.760849e+01	1.537124e+02
3.450000e-06	5.276806e-06	2.299720e-09	3.767308e+01	1.537681e+02
3.460000e-06	5.285361e-06	2.297291e-09	3.773416e+01	1.538217e+02
3.470000e-06	5.293586e-06	2.300526e-09	3.779288e+01	1.538724e+02
3.480000e-06	5.301593e-06	2.308060e-09	3.785005e+01	1.539194e+02
3.490000e-06	5.309285e-06	2.309416e-09	3.790496e+01	1.539620e+02
3.500000e-06	5.316633e-06	2.306245e-09	3.795742e+01	1.539993e+02
3.510000e-06	5.323656e-06	2.307675e-09	3.800756e+01	1.540305e+02
3.520000e-06	5.330383e-06	2.313569e-09	3.805558e+01	1.540546e+02
3.530000e-06	5.336743e-06	2.316297e-09	3.810100e+01	1.540710e+02
3.540000e-06	5.342703e-06	2.314717e-09	3.814354e+01	1.540788e+02
3.550000e-06	5.348344e-06	2.315611e-09	3.818382e+01	1.540775e+02
3.560000e-06	5.353584e-06	2.321263e-09	3.822123e+01	1.540663e+02
3.570000e-06	5.358388e-06	2.323616e-09	3.825553e+01	1.540450e+02
3.580000e-06	5.362793e-06	2.317398e-09	3.828698e+01	1.540132e+02
3.590000e-06	5.366898e-06	2.311329e-09	3.831628e+01	1.539707e+02
3.600000e-06	5.370805e-06	2.313059e-09	3.834418e+01	1.539175e+02
3.610000e-06	5.374500e-06	2.316509e-09	3.837056e+01	1.538539e+02
3.620000e-06	5.377897e-06	2.314643e-09	3.839481e+01	1.537801e+02
3.630000e-06	5.380851e-06	2.311397e-09	3.841590e+01	1.536968e+02
3.640000e-06	5.383145e-06	2.317389e-09	3.843228e+01	1.536045e+02
3.650000e-06	5.384815e-06	2.328037e-09	3.844420e+01	1.535042e+02
3.660000e-06	5.385991e-06	2.328611e-09	3.845260e+01	1.533969e+02
3.670000e-06	5.386658e-06	2.320918e-09	3.845736e+01	1.532838e+02
3.680000e-06	5.386954e-06	2.315505e-09	3.845947e+01	1.531662e+02
3.690000e-06	5.387028e-06	2.313014e-09	3.846000e+01	1.530455e+02
3.700000e-06	5.386859e-06	2.308035e-09	3.845879e+01	1.529231e+02
3.710000e-06	5.386334e-06	2.299150e-09	3.845504e+01	1.528007e+02
3.720000e-06	5.385429e-06	2.298183e-09	3.844858e+01	1.526798e+02
3.730000e-06	5.384289e-06	2.308529e-09	3.844045e+01	1.525619e+02
3.740000e-06	5.382819e-06	2.312605e-09	3.842995e+01	1.524487e+02
3.750000e-06	5.380990e-06	2.285748e-09	3.841689e+01	1.523415e+02
3.760000e-06	5.378887e-06	2.241143e-09	3.840188e+01	1.522419e+02
3.770000e-06	5.376352e-06	2.299400e-09	3.838377e+01	1.521510e+02
3.780000e-06	5.373414e-06	2.397944e-09	3.836280e+01	1.520700e+02
3.790000e-06	5.370081e-06	2.223821e-09	3.833900e+01	1.519998e+02
3.800000e-06	5.366343e-06	2.075936e-09	3.831232e+01	1.519413e+02
3.810000e-06	5.362315e-06	2.304129e-09	3.828356e+01	1.518950e+02
3.820000e-06	5.358080e-06	2.441737e-09	3.825333e+01	1.518613e+02
3.830000e-06	5.353574e-06	2.262897e-09	3.822116e+01	1.518402e+02
3.840000e-06	5.348673e-06	1.990546e-09	3.818617e+01	1.518317e+02
3.850000e-06	5.343154e-06	2.255488e-09	3.814676e+01	1.518353e+02
3.860000e-06	5.336962e-06	2.545162e-09	3.810256e+01	1.518505e+02
3.870000e-06	5.330445e-06	2.206701e-09	3.805603e+01	1.518765e+02
3.880000e-06	5.323527e-06	1.965698e-09	3.800664e+01	1.519122e+02
3.890000e-06	5.315987e-06	2.291728e-09	3.795281e+01	1.519564e+02
3.900000e-06	5.308065e-06	2.570158e-09	3.789625e+01	1.520076e+02
3.910000e-06	5.299974e-06	2.120131e-09	3.783849e+01	1.520643e+02
3.920000e-06	5.291618e-06	1.958454e-09	3.777883e+01	1.521248e+02
3.930000e-06	5.282825e-06	2.390348e-09	3.771605e+01	1.521872e+02
3.940000e-06	5.273593e-06	2.504767e-09	3.765014e+01	1.522497e+02
3.950000e-06	5.264074e-06	2.050013e-09	3.758218e+01	1.523104e+02
3.960000e-06	5.254227e-06	2.105641e-09	3.751189e+01	1.523674e+02
3.970000e-06	5.243886e-06	2.565023e-09	3.743805e+01	1.524187e+02
3.980000e-06	5.233258e-06	2.417568e-09	3.736218e+01	1.524626e+02
3.990000e-06	5.222380e-06	2.047750e-09	3.728451e+01	1.524972e+02
4.000000e-06	5.210977e-06	2.312755e-09	3.720311e+01	1.525211e+02
4.010000e-06	5.199165e-06	2.594527e-09	3.711878e+01	1.525325e+02
4.020000e-06	5.187104e-06	2.229837e-09	3.703267e+01	1.525304e+02
4.030000e-06	5.174639e-06	2.090581e-09	3.694368e+01	1.525134e+02
4.040000e-06	5.161704e-06	2.465231e-09	3.685132e+01	1.524808e+02
4.050000e-06	5.148279e-06	2.465039e-09	3.675548e+01	1.524317e+02
4.060000e-06	5.134305e-06	2.121896e-09	3.665571e+01	1.523658e+02
4.070000e-06	5.119614e-06	2.256702e-09	3.655083e+01	1.522827e+02
4.080000e-06	5.104242e-06	2.448743e-09	3.644108e+01	1.521823e+02
4.090000e-06	5.088578e-06	2.266592e-09	3.632925e+01	1.520649e+02
4.100000e-06	5.072696e-06	2.221020e-09	3.621587e+01	1.519309e+02
4.110000e-06	5.056551e-06	2.408028e-09	3.610060e+01	1.517808e+02
4.120000e-06	5.040127e-06	2.305710e-09	3.598335e+01	1.516153e+02
4.130000e-06	5.023394e-06	2.222627e-09	3.586388e+01	1.514355e+02
4.140000e-06	5.006231e-06	2.362207e-09	3.574134e+01	1.512423e+02
4.150000e-06	4.988674e-06	2.350999e-09	3.561600e+01	1.510369e+02
4.160000e-06	4.970874e-06	2.186480e-09	3.548892e+01	1.508206e+02
4.170000e-06	4.952762e-06	2.277258e-09	3.535961e+01	1.505947e+02
4.180000e-06	4.934272e-06	2.360046e-09	3.522761e+01	1.503606e+02
4.190000e-06	4.915419e-06	2.275917e-09	3.509300e+01	1.501195e+02
4.200000e-06	4.896214e-06	2.254644e-09	3.495589e+01	1.498729e+02
4.210000e-06	4.876659e-06	2.296524e-09	3.481628e+01	1.496221e+02
4.220000e-06	4.856852e-06	2.273918e-09	3.467487e+01	1.493682e+02
4.230000e-06	4.836850e-06	2.274649e-09	3.453207e+01	1.491124e+02
4.240000e-06	4.816677e-06	2.263496e-09	3.438805e+01	1.488557e+02
4.250000e-06	4.796224e-06	2.226806e-09	3.424203e+01	1.485990e+02
4.260000e-06	4.775386e-06	2.270005e-09	3.409326e+01	1.483432e+02
4.270000e-06	4.753996e-06	2.298930e-09	3.394055e+01	1.480888e+02
4.280000e-06	4.732031e-06	2.251346e-09	3.378373e+01	1.478363e+02
4.290000e-06	4.709635e-06	2.246793e-09	3.362384e+01	1.475860e+02
4.300000e-06	4.686766e-06	2.270952e-09	3.346057e+01	1.473382e+02
4.310000e-06	4.663498e-06	2.249613e-09	3.329445e+01	1.470928e+02
4.320000e-06	4.639902e-06	2.250311e-09	3.312598e+01	1.468498e+02
4.330000e-06	4.616051e-06	2.233797e-09	3.295571e+01	1.466089e+02
4.340000e-06	4.592005e-06	2.209495e-09	3.278403e+01	1.463698e+02
4.350000e-06	4.567709e-06	2.247865e-09	3.261057e+01	1.461320e+02
4.360000e-06	4.543023e-06	2.272930e-09	3.243433e+01	1.458949e+02
4.370000e-06	4.518006e-06	2.212841e-09	3.225573e+01	1.456580e+02
4.380000e-06	4.492693e-06	2.208704e-09	3.207501e+01	1.454207e+02
4.390000e-06	4.467008e-06	2.243160e-09	3.189163e+01	1.451821e+02
4.400000e-06	4.441110e-06	2.233972e-09	3.170674e+01	1.449416e+02
4.410000e-06	4.414992e-06	2.203708e-09	3.152027e+01	1.446985e+02
4.420000e-06	4.388560e-06	2.205403e-09	3.133157e+01	1.444521e+02
4.430000e-06	4.361853e-06	2.215676e-09	3.114089e+01	1.442017e+02
4.440000e-06	4.334786e-06	2.235665e-09	3.094765e+01	1.439467e+02
4.450000e-06	4.307306e-06	2.217574e-09	3.075146e+01	1.436866e+02
4.460000e-06	4.279563e-06	2.188565e-09	3.055339e+01	1.434208e+02
4.470000e-06	4.251642e-06	2.195273e-09	3.035406e+01	1.431490e+02
4.480000e-06	4.223526e-06	2.212888e-09	3.015332e+01	1.428708e+02
4.490000e-06	4.195178e-06	2.195427e-09	2.995094e+01	1.425859e+02
4.500000e-06	4.166633e-06	2.184312e-09	2.974714e+01	1.422942e+02
4.510000e-06	4.137778e-06	2.189007e-09	2.954113e+01	1.419956e+02
4.520000e-06	4.108445e-06	2.195454e-09	2.933172e+01	1.416901e+02
4.530000e-06	4.078608e-06	2.190665e-09	2.911870e+01	1.413777e+02
4.540000e-06	4.048377e-06	2.173178e-09	2.890287e+01	1.410586e+02
4.550000e-06	4.017707e-06	2.159981e-09	2.868391e+01	1.407330e+02
4.560000e-06	3.986565e-06	2.163297e-09	2.846157e+01	1.404010e+02
4.570000e-06	3.955106e-06	2.165369e-09	2.823697e+01	1.400631e+02
4.580000e-06	3.923373e-06	2.153070e-09	2.801042e+01	1.397195e+02
4.590000e-06	3.891439e-06	2.143804e-09	2.778243e+01	1.393705e+02
4.600000e-06	3.859353e-06	2.148585e-09	2.755336e+01	1.390165e+02
4.610000e-06	3.827085e-06	2.159250e-09	2.732298e+01	1.386579e+02
4.620000e-06	3.794598e-06	2.149603e-09	2.709104e+01	1.382949e+02
4.630000e-06	3.761931e-06	2.131739e-09	2.685783e+01	1.379279e+02
4.640000e-06	3.728972e-06	2.127949e-09	2.662252e+01	1.375572e+02
4.650000e-06	3.695559e-06	2.136418e-09	2.638397e+01	1.371830e+02
4.660000e-06	3.661860e-06	2.129177e-09	2.614338e+01	1.368057e+02
4.670000e-06	3.628054e-06	2.116808e-09	2.590203e+01	1.364253e+02
4.680000e-06	3.594029e-06	2.111760e-09	2.565911e+01	1.360421e+02
4.690000e-06	3.559784e-06	2.117760e-09	2.541462e+01	1.356562e+02
4.700000e-06	3.525399e-06	2.113578e-09	2.516913e+01	1.352676e+02
4.710000e-06	3.490776e-06	2.102355e-09	2.492195e+01	1.348763e+02
4.720000e-06	3.455824e-06	2.097584e-09	2.467242e+01	1.344825e+02
4.730000e-06	3.420590e-06	2.103328e-09	2.442087e+01	1.340860e+02
4.740000e-06	3.385095e-06	2.096799e-09	2.416745e+01	1.336868e+02
4.750000e-06	3.349378e-06	2.082783e-09	2.391245e+01	1.332849e+02
4.760000e-06	3.313539e-06	2.072232e-09	2.365659e+01	1.328800e+02
4.770000e-06	3.277594e-06	2.073992e-09	2.339997e+01	1.324721e+02
4.780000e-06	3.241497e-06	2.076293e-09	2.314226e+01	1.320610e+02
4.790000e-06	3.205238e-06	2.073666e-09	2.288339e+01	1.316467e+02
4.800000e-06	3.168795e-06	2.066494e-09	2.262321e+01	1.312288e+02
4.810000e-06	3.132167e-06	2.065730e-09	2.236171e+01	1.308074e+02
4.820000e-06	3.095272e-06	2.063971e-09	2.209830e+01	1.303822e+02
4.830000e-06	3.058059e-06	2.052477e-09	2.183262e+01	1.299531e+02
4.840000e-06	3.020478e-06	2.039149e-09	2.156432e+01	1.295199e+02
4.850000e-06	2.982551e-06	2.033564e-09	2.129354e+01	1.290824e+02
4.860000e-06	2.944254e-06	2.036045e-09	2.102012e+01	1.286406e+02
4.870000e-06	2.905559e-06	2.037803e-09	2.074387e+01	1.281942e+02
4.880000e-06	2.866544e-06	2.031752e-09	2.046532e+01	1.277431e+02
4.890000e-06	2.827272e-06	2.023775e-09	2.018495e+01	1.272870e+02
4.900000e-06	2.787772e-06	2.019304e-09	1.990294e+01	1.268258e+02
4.910000e-06	2.748044e-06	2.011168e-09	1.961931e+01	1.263593e+02
4.920000e-06	2.708211e-06	1.997455e-09	1.933492e+01	1.258871e+02
4.930000e-06	2.668267e-06	1.984800e-09	1.904975e+01	1.254091e+02
4.940000e-06	2.628168e-06	1.981310e-09	1.876347e+01	1.249249e+02
4.950000e-06	2.587913e-06	1.979040e-09	1.847608e+01	1.244341e+02
4.960000e-06	2.547542e-06	1.974368e-09	1.818785e+01	1.239364e+02
4.970000e-06	2.507135e-06	1.966284e-09	1.789937e+01	1.234314e+02
4.980000e-06	2.466593e-06	1.962351e-09	1.760993e+01	1.229186e+02
4.990000e-06	2.425866e-06	1.957940e-09	1.731916e+01	1.223974e+02
5.000000e-06	2.384995e-06	1.948495e-09	1.702736e+01	1.218674e+02
5.010000e-06	2.343905e-06	1.935068e-09	1.673401e+01	1.213280e+02
5.020000e-06	2.302676e-06	1.927199e-09	1.643966e+01	1.207785e+02
5.030000e-06	2.261283e-06	1.922284e-09	1.614414e+01	1.202183e+02
5.040000e-06	2.219730e-06	1.918115e-09	1.584748e+01	1.196467e+02
5.050000e-06	2.178046e-06	1.911906e-09	1.554988e+01	1.190631e+02
5.060000e-06	2.136147e-06	1.905745e-09	1.525075e+01	1.184668e+02
5.070000e-06	2.094057e-06	1.899386e-09	1.495025e+01	1.178570e+02
5.080000e-06	2.051898e-06	1.890322e-09	1.464926e+01	1.172333e+02
5.090000e-06	2.009647e-06	1.878273e-09	1.434762e+01	1.165948e+02
5.100000e-06	1.967183e-06	1.867502e-09	1.404445e+01	1.159410e+02
5.110000e-06	1.924554e-06	1.855930e-09	1.374011e+01	1.152712e+02
5.120000e-06	1.881765e-06	1.843957e-09	1.343462e+01	1.145850e+02
5.130000e-06	1.838883e-06	1.831861e-09	1.312847e+01	1.138819e+02
5.140000e-06	1.795931e-06	1.819729e-09	1.282182e+01	1.131613e+02
5.150000e-06	1.752822e-06	1.808757e-09	1.251405e+01	1.124230e+02
5.160000e-06	1.709587e-06	1.796877e-09	1.220537e+01	1.116666e+02
5.170000e-06	1.666171e-06	1.785926e-09	1.189541e+01	1.108919e+02
5.180000e-06	1.622657e-06	1.774891e-09	1.158475e+01	1.100986e+02
5.190000e-06	1.579091e-06	1.766236e-09	1.127372e+01	1.092866e+02
5.200000e-06	1.535416e-06	1.755441e-09	1.096191e+01	1.084558e+02
5.210000e-06	1.491644e-06	1.740085e-09	1.064940e+01	1.076062e+02
5.220000e-06	1.447779e-06	1.724784e-09	1.033623e+01	1.067377e+02
5.230000e-06	1.403850e-06	1.709045e-09	1.002261e+01	1.058503e+02
5.240000e-06	1.359880e-06	1.695679e-09	9.708686e+00	1.049441e+02
5.250000e-06	1.315863e-06	1.683312e-09	9.394432e+00	1.040190e+02
5.260000e-06	1.271816e-06	1.673000e-09	9.079969e+00	1.030750e+02
5.270000e-06	1.227771e-06	1.662958e-09	8.765515e+00	1.021122e+02
5.280000e-06	1.183674e-06	1.651386e-09	8.450689e+00	1.011303e+02
5.290000e-06	1.139491e-06	1.638824e-09	8.135253e+00	1.001292e+02
5.300000e-06	1.095217e-06	1.623424e-09	7.819160e+00	9.910875e+01
5.310000e-06	1.050937e-06	1.604279e-09	7.503033e+00	9.806850e+01
5.320000e-06	1.006657e-06	1.582940e-09	7.186899e+00	9.700804e+01
5.330000e-06	9.623230e-07	1.563421e-09	6.870382e+00	9.592680e+01
5.340000e-06	9.178931e-07	1.545664e-09	6.553181e+00	9.482410e+01
5.350000e-06	8.733793e-07	1.528793e-09	6.235380e+00	9.369909e+01
5.360000e-06	8.288208e-07	1.514670e-09	5.917260e+00	9.255082e+01
5.370000e-06	7.841680e-07	1.504144e-09	5.598467e+00	9.137817e+01
5.380000e-06	7.394621e-07	1.493202e-09	5.279295e+00	9.017991e+01
5.390000e-06	6.946911e-07	1.480512e-09	4.959658e+00	8.895464e+01
5.400000e-06	6.498437e-07	1.461330e-09	4.639476e+00	8.770087e+01
5.410000e-06	6.049368e-07	1.435887e-09	4.318869e+00	8.641696e+01
5.420000e-06	5.600584e-07	1.406000e-09	3.998465e+00	8.510120e+01
5.430000e-06	5.151993e-07	1.376770e-09	3.678200e+00	8.375176e+01
5.440000e-06	4.702742e-07	1.352915e-09	3.357462e+00	8.236676e+01
5.450000e-06	4.253138e-07	1.337199e-09	3.036473e+00	8.094428e+01
5.460000e-06	3.803104e-07	1.323208e-09	2.715178e+00	7.948237e+01
5.470000e-06	3.352335e-07	1.306429e-09	2.393357e+00	7.797908e+01
5.480000e-06	2.901052e-07	1.284813e-09	2.071169e+00	7.643249e+01
5.490000e-06	2.450100e-07	1.259060e-09	1.749218e+00	7.484073e+01
5.500000e-06	1.999295e-07	1.228305e-09	1.427371e+00	7.320201e+01
5.510000e-06	1.548415e-07	1.194687e-09	1.105471e+00	7.151466e+01
5.520000e-06	1.097339e-07	1.161557e-09	7.834308e-01	6.977713e+01
5.530000e-06	6.453902e-08	1.131915e-09	4.607681e-01	6.798803e+01
5.540000e-06	1.928436e-08	1.106891e-09	1.376782e-01	6.614615e+01
5.550000e-06	-2.598412e-08	1.084522e-09	-1.855103e-01	6.425047e+01
5.560000e-06	-7.110852e-08	1.058219e-09	-5.076702e-01	6.230021e+01
5.570000e-06	-1.161791e-07	1.026066e-09	-8.294457e-01	6.029481e+01
5.580000e-06	-1.613781e-07	9.897794e-10	-1.152138e+00	5.823395e+01
5.590000e-06	-2.065288e-07	9.504774e-10	-1.474486e+00	5.611756e+01
5.600000e-06	-2.514886e-07	9.107834e-10	-1.795470e+00	5.394584e+01
5.610000e-06	-2.964146e-07	8.713829e-10	-2.116214e+00	5.171925e+01
5.620000e-06	-3.413820e-07	8.348980e-10	-2.437253e+00	4.943849e+01
5.630000e-06	-3.863345e-07	7.999087e-10	-2.758186e+00	4.710454e+01
5.640000e-06	-4.312382e-07	7.654861e-10	-3.078770e+00	4.471860e+01
5.650000e-06	-4.760455e-07	7.268618e-10	-3.398666e+00	4.228212e+01
5.660000e-06	-5.208212e-07	6.832821e-10	-3.718336e+00	3.979674e+01
5.670000e-06	-5.656074e-07	6.381042e-10	-4.038081e+00	3.726434e+01
5.680000e-06	-6.103947e-07	5.932414e-10	-4.357835e+00	3.468695e+01
5.690000e-06	-6.551163e-07	5.480949e-10	-4.677119e+00	3.206676e+01
5.700000e-06	-6.998191e-07	5.049867e-10	-4.996269e+00	2.940613e+01
5.710000e-06	-7.444274e-07	4.623255e-10	-5.314744e+00	2.670751e+01
5.720000e-06	-7.888901e-07	4.203313e-10	-5.632180e+00	2.397345e+01
5.730000e-06	-8.333685e-07	3.775760e-10	-5.949728e+00	2.120656e+01
5.740000e-06	-8.778337e-07	3.320714e-10	-6.267181e+00	1.840953e+01
5.750000e-06	-9.222355e-07	2.868761e-10	-6.584182e+00	1.558505e+01
5.760000e-06	-9.665727e-07	2.428786e-10	-6.900722e+00	1.273583e+01
5.770000e-06	-1.010863e-06	1.959510e-10	-7.216927e+00	9.864552e+00
5.780000e-06	-1.055091e-06	1.476496e-10	-7.532685e+00	6.973902e+00
5.790000e-06	-1.099240e-06	1.026360e-10	-7.847881e+00	4.066506e+00
5.800000e-06	-1.143328e-06	5.981813e-11	-8.162643e+00	1.144947e+00
5.810000e-06	-1.187426e-06	1.487445e-11	-8.477474e+00	-1.788254e+00
5.820000e-06	-1.231548e-06	-3.296923e-11	-8.792478e+00	-4.730637e+00
5.830000e-06	-1.275628e-06	-8.246396e-11	-9.107182e+00	-7.679815e+00
5.840000e-06	-1.319669e-06	-1.300597e-10	-9.421608e+00	-1.063347e+01
5.850000e-06	-1.363656e-06	-1.741213e-10	-9.735650e+00	-1.358934e+01
5.860000e-06	-1.407585e-06	-2.182447e-10	-1.004927e+01	-1.654526e+01
5.870000e-06	-1.451455e-06	-2.644670e-10	-1.036248e+01	-1.949908e+01
5.880000e-06	-1.495235e-06	-3.100948e-10	-1.067504e+01	-2.244875e+01
5.890000e-06	-1.538905e-06	-3.584067e-10	-1.098682e+01	-2.539224e+01
5.900000e-06	-1.582531e-06	-4.125077e-10	-1.129828e+01	-2.832755e+01
5.910000e-06	-1.626073e-06	-4.638163e-10	-1.160914e+01	-3.125274e+01
5.920000e-06	-1.669475e-06	-5.107486e-10	-1.191900e+01	-3.416586e+01
5.930000e-06	-1.712760e-06	-5.542213e-10	-1.222803e+01	-3.706500e+01
5.940000e-06	-1.755910e-06	-5.971727e-10	-1.253610e+01	-3.994822e+01
5.950000e-06	-1.798888e-06	-6.424921e-10	-1.284293e+01	-4.281361e+01
5.960000e-06	-1.841677e-06	-6.875989e-10	-1.314842e+01	-4.565923e+01
5.970000e-06	-1.884378e-06	-7.325943e-10	-1.345328e+01	-4.848315e+01
5.980000e-06	-1.926969e-06	-7.797402e-10	-1.375735e+01	-5.128341e+01
5.990000e-06	-1.969440e-06	-8.257105e-10	-1.406056e+01	-5.405805e+01
6.000000e-06	-2.011757e-06	-8.667530e-10	-1.436268e+01	-5.680507e+01
6.010000e-06	-2.053895e-06	-9.045708e-10	-1.466352e+01	-5.952250e+01
6.020000e-06	-2.095955e-06	-9.457498e-10	-1.496380e+01	-6.220835e+01
6.030000e-06	-2.137939e-06	-9.891302e-10	-1.526354e+01	-6.486063e+01
6.040000e-06	-2.179815e-06	-1.033070e-09	-1.556251e+01	-6.747740e+01
6.050000e-06	-2.221498e-06	-1.076831e-09	-1.586010e+01	-7.005670e+01
6.060000e-06	-2.262995e-06	-1.117568e-09	-1.615637e+01	-7.259665e+01
6.070000e-06	-2.304354e-06	-1.157680e-09	-1.645164e+01	-7.509541e+01
6.080000e-06	-2.345557e-06	-1.197134e-09	-1.674580e+01	-7.755121e+01
6.090000e-06	-2.386530e-06	-1.234833e-09	-1.703833e+01	-7.996238e+01
6.100000e-06	-2.427289e-06	-1.269896e-09	-1.732932e+01	-8.232732e+01
6.110000e-06	-2.467882e-06	-1.306362e-09	-1.761913e+01	-8.464457e+01
6.120000e-06	-2.508317e-06	-1.346089e-09	-1.790781e+01	-8.691280e+01
6.130000e-06	-2.548645e-06	-1.384053e-09	-1.819572e+01	-8.913080e+01
6.140000e-06	-2.588857e-06	-1.419010e-09	-1.848281e+01	-9.129755e+01
6.150000e-06	-2.628958e-06	-1.454558e-09	-1.876911e+01	-9.341215e+01
6.160000e-06	-2.668971e-06	-1.487402e-09	-1.905477e+01	-9.547390e+01
6.170000e-06	-2.708917e-06	-1.518432e-09	-1.933997e+01	-9.748228e+01
6.180000e-06	-2.748737e-06	-1.550205e-09	-1.962426e+01	-9.943695e+01
6.190000e-06	-2.788298e-06	-1.580567e-09	-1.990670e+01	-1.013377e+02
6.200000e-06	-2.827615e-06	-1.611182e-09	-2.018740e+01	-1.031847e+02
6.210000e-06	-2.866708e-06	-1.644143e-09	-2.046650e+01	-1.049779e+02
6.220000e-06	-2.905605e-06	-1.675036e-09	-2.074419e+01	-1.067179e+02
6.230000e-06	-2.944209e-06	-1.701981e-09	-2.101980e+01	-1.084051e+02
6.240000e-06	-2.982349e-06	-1.727852e-09	-2.129210e+01	-1.100402e+02
6.250000e-06	-3.020185e-06	-1.752419e-09	-2.156222e+01	-1.116240e+02
6.260000e-06	-3.057662e-06	-1.778230e-09	-2.182979e+01	-1.131576e+02
6.270000e-06	-3.094628e-06	-1.804598e-09	-2.209370e+01	-1.146418e+02
6.280000e-06	-3.131291e-06	-1.830742e-09	-2.235545e+01	-1.160780e+02
6.290000e-06	-3.167778e-06	-1.856420e-09	-2.261595e+01	-1.174673e+02
6.300000e-06	-3.204024e-06	-1.879386e-09	-2.287472e+01	-1.188111e+02
6.310000e-06	-3.240080e-06	-1.898109e-09	-2.313214e+01	-1.201106e+02
6.320000e-06	-3.276079e-06	-1.915988e-09	-2.338915e+01	-1.213672e+02
6.330000e-06	-3.311985e-06	-1.933138e-09	-2.364550e+01	-1.225822e+02
6.340000e-06	-3.347762e-06	-1.949069e-09	-2.390092e+01	-1.237571e+02
6.350000e-06	-3.383326e-06	-1.968742e-09	-2.415483e+01	-1.248931e+02
6.360000e-06	-3.418644e-06	-1.988151e-09	-2.440697e+01	-1.259915e+02
6.370000e-06	-3.453711e-06	-2.007596e-09	-2.465732e+01	-1.270537e+02
6.380000e-06	-3.488499e-06	-2.028846e-09	-2.490569e+01	-1.280808e+02
6.390000e-06	-3.523008e-06	-2.049106e-09	-2.515207e+01	-1.290739e+02
6.400000e-06	-3.557282e-06	-2.067169e-09	-2.539676e+01	-1.300342e+02
6.410000e-06	-3.591365e-06	-2.082526e-09	-2.564009e+01	-1.309626e+02
6.420000e-06	-3.625203e-06	-2.095136e-09	-2.588168e+01	-1.318601e+02
6.430000e-06	-3.658793e-06	-2.107556e-09	-2.612149e+01	-1.327276e+02
6.440000e-06	-3.692064e-06	-2.118794e-09	-2.635902e+01	-1.335660e+02
6.450000e-06	-3.725036e-06	-2.128495e-09	-2.659442e+01	-1.343759e+02
6.460000e-06	-3.757755e-06	-2.140737e-09	-2.682801e+01	-1.351581e+02
6.470000e-06	-3.790299e-06	-2.157278e-09	-2.706036e+01	-1.359133e+02
6.480000e-06	-3.822660e-06	-2.175530e-09	-2.729139e+01	-1.366421e+02
6.490000e-06	-3.854772e-06	-2.188573e-09	-2.752065e+01	-1.373452e+02
6.500000e-06	-3.886777e-06	-2.196111e-09	-2.774915e+01	-1.380231e+02
6.510000e-06	-3.918665e-06	-2.203544e-09	-2.797680e+01	-1.386764e+02
6.520000e-06	-3.950315e-06	-2.212411e-09	-2.820277e+01	-1.393057e+02
6.530000e-06	-3.981626e-06	-2.220136e-09	-2.842631e+01	-1.399116e+02
6.540000e-06	-4.012500e-06	-2.225703e-09	-2.864673e+01	-1.404948e+02
6.550000e-06	-4.042826e-06	-2.232051e-09	-2.886324e+01	-1.410557e+02
6.560000e-06	-4.072645e-06	-2.242495e-09	-2.907613e+01	-1.415951e+02
6.570000e-06	-4.102151e-06	-2.255231e-09	-2.928678e+01	-1.421136e+02
6.580000e-06	-4.131233e-06	-2.266147e-09	-2.949441e+01	-1.426119e+02
6.590000e-06	-4.159823e-06	-2.272997e-09	-2.969853e+01	-1.430907e+02
6.600000e-06	-4.188157e-06	-2.280685e-09	-2.990081e+01	-1.435508e+02
6.610000e-06	-4.216328e-06	-2.288855e-09	-3.010193e+01	-1.439928e+02
6.620000e-06	-4.244340e-06	-2.294532e-09	-3.030192e+01	-1.444176e+02
6.630000e-06	-4.272145e-06	-2.298892e-09	-3.050044e+01	-1.448260e+02
6.640000e-06	-4.299646e-06	-2.302733e-09	-3.069678e+01	-1.452186e+02
6.650000e-06	-4.326880e-06	-2.307040e-09	-3.089121e+01	-1.455962e+02
6.660000e-06	-4.353801e-06	-2.311292e-09	-3.108341e+01	-1.459597e+02
6.670000e-06	-4.380330e-06	-2.315337e-09	-3.127280e+01	-1.463097e+02
6.680000e-06	-4.406526e-06	-2.320879e-09	-3.145983e+01	-1.466469e+02
6.690000e-06	-4.432475e-06	-2.329826e-09	-3.164509e+01	-1.469720e+02
6.700000e-06	-4.458183e-06	-2.340344e-09	-3.182863e+01	-1.472856e+02
6.710000e-06	-4.483544e-06	-2.345480e-09	-3.200969e+01	-1.475882e+02
6.720000e-06	-4.508511e-06	-2.342201e-09	-3.218794e+01	-1.478803e+02
6.730000e-06	-4.533122e-06	-2.337278e-09	-3.236364e+01	-1.481625e+02
6.740000e-06	-4.557490e-06	-2.333788e-09	-3.253762e+01	-1.484350e+02
6.750000e-06	-4.581623e-06	-2.330734e-09	-3.270991e+01	-1.486982e+02
6.760000e-06	-4.605533e-06	-2.331365e-09	-3.288061e+01	-1.489524e+02
6.770000e-06	-4.629301e-06	-2.340602e-09	-3.305030e+01	-1.491977e+02
6.780000e-06	-4.652794e-06	-2.356321e-09	-3.321803e+01	-1.494342e+02
6.790000e-06	-4.675891e-06	-2.367644e-09	-3.338292e+01	-1.496622e+02
6.800000e-06	-4.698593e-06	-2.372426e-09	-3.354500e+01	-1.498816e+02
6.810000e-06	-4.720772e-06	-2.371132e-09	-3.370335e+01	-1.500924e+02
6.820000e-06	-4.742299e-06	-2.364683e-09	-3.385704e+01	-1.502946e+02
6.830000e-06	-4.763353e-06	-2.357012e-09	-3.400735e+01	-1.504883e+02
6.840000e-06	-4.784077e-06	-2.352652e-09	-3.415530e+01	-1.506733e+02
6.850000e-06	-4.804530e-06	-2.354091e-09	-3.430133e+01	-1.508497e+02
6.860000e-06	-4.824737e-06	-2.362626e-09	-3.444559e+01	-1.510174e+02
6.870000e-06	-4.844646e-06	-2.373329e-09	-3.458773e+01	-1.511766e+02
6.880000e-06	-4.864200e-06	-2.380037e-09	-3.472733e+01	-1.513271e+02
6.890000e-06	-4.883468e-06	-2.382177e-09	-3.486490e+01	-1.514692e+02
6.900000e-06	-4.902393e-06	-2.380744e-09	-3.500001e+01	-1.516030e+02
6.910000e-06	-4.920917e-06	-2.373635e-09	-3.513226e+01	-1.517286e+02
6.920000e-06	-4.939189e-06	-2.365703e-09	-3.526270e+01	-1.518465e+02
6.930000e-06	-4.957179e-06	-2.365272e-09	-3.539115e+01	-1.519568e+02
6.940000e-06	-4.974824e-06	-2.370129e-09	-3.551712e+01	-1.520599e+02
6.950000e-06	-4.992139e-06	-2.377379e-09	-3.564074e+01	-1.521564e+02
6.960000e-06	-5.009104e-06	-2.385472e-09	-3.576186e+01	-1.522467e+02
6.970000e-06	-5.025762e-06	-2.392458e-09	-3.588079e+01	-1.523313e+02
6.980000e-06	-5.042089e-06	-2.395054e-09	-3.599735e+01	-1.524108e+02
6.990000e-06	-5.058129e-06	-2.393427e-09	-3.611187e+01	-1.524858e+02
7.000000e-06	-5.074034e-06	-2.390176e-09	-3.622542e+01	-1.525570e+02
7.010000e-06	-5.089633e-06	-2.386797e-09	-3.633678e+01	-1.526249e+02
7.020000e-06	-5.104786e-06	-2.387924e-09	-3.644496e+01	-1.526901e+02
7.030000e-06	-5.119328e-06	-2.392741e-09	-3.654878e+01	-1.527532e+02
7.040000e-06	-5.133093e-06	-2.395932e-09	-3.664706e+01	-1.528148e+02
7.050000e-06	-5.146246e-06	-2.398072e-09	-3.674097e+01	-1.528753e+02
7.060000e-06	-5.159013e-06	-2.399756e-09	-3.683212e+01	-1.529352e+02
7.070000e-06	-5.171433e-06	-2.401648e-09	-3.692079e+01	-1.529947e+02
7.080000e-06	-5.183504e-06	-2.401314e-09	-3.700696e+01	-1.530541e+02
7.090000e-06	-5.195221e-06	-2.400613e-09	-3.709062e+01	-1.531135e+02
7.100000e-06	-5.206563e-06	-2.402165e-09	-3.717159e+01	-1.531730e+02
7.110000e-06	-5.217561e-06	-2.403830e-09	-3.725011e+01	-1.532324e+02
7.120000e-06	-5.228199e-06	-2.401580e-09	-3.732606e+01	-1.532916e+02
7.130000e-06	-5.238441e-06	-2.394681e-09	-3.739918e+01	-1.533502e+02
7.140000e-06	-5.248331e-06	-2.390271e-09	-3.746978e+01	-1.534079e+02
7.150000e-06	-5.257891e-06	-2.393887e-09	-3.753804e+01	-1.534641e+02
7.160000e-06	-5.267080e-06	-2.399931e-09	-3.760365e+01	-1.535182e+02
7.170000e-06	-5.275943e-06	-2.401666e-09	-3.766692e+01	-1.535694e+02
7.180000e-06	-5.284501e-06	-2.401991e-09	-3.772802e+01	-1.536171e+02
7.190000e-06	-5.292806e-06	-2.401950e-09	-3.778732e+01	-1.536603e+02
7.200000e-06	-5.300867e-06	-2.397940e-09	-3.784486e+01	-1.536984e+02
7.210000e-06	-5.308626e-06	-2.391097e-09	-3.790026e+01	-1.537303e+02
7.220000e-06	-5.316015e-06	-2.384770e-09	-3.795301e+01	-1.537554e+02
7.230000e-06	-5.322890e-06	-2.381465e-09	-3.800209e+01	-1.537727e+02
7.240000e-06	-5.329245e-06	-2.380421e-09	-3.804746e+01	-1.537816e+02
7.250000e-06	-5.335010e-06	-2.379202e-09	-3.808862e+01	-1.537813e+02
7.260000e-06	-5.340140e-06	-2.378665e-09	-3.812525e+01	-1.537712e+02
7.270000e-06	-5.344788e-06	-2.379426e-09	-3.815843e+01	-1.537511e+02
7.280000e-06	-5.349130e-06	-2.380024e-09	-3.818943e+01	-1.537204e+02
7.290000e-06	-5.353272e-06	-2.377890e-09	-3.821900e+01	-1.536791e+02
7.300000e-06	-5.357159e-06	-2.372152e-09	-3.824675e+01	-1.536271e+02
7.310000e-06	-5.360745e-06	-2.366472e-09	-3.827235e+01	-1.535646e+02
7.320000e-06	-5.364019e-06	-2.362513e-09	-3.829573e+01	-1.534919e+02
7.330000e-06	-5.366912e-06	-2.358173e-09	-3.831638e+01	-1.534096e+02
7.340000e-06	-5.369382e-06	-2.352327e-09	-3.833401e+01	-1.533183e+02
7.350000e-06	-5.371549e-06	-2.348255e-09	-3.834949e+01	-1.532189e+02
7.360000e-06	-5.373523e-06	-2.349814e-09	-3.836358e+01	-1.531125e+02
7.370000e-06	-5.375113e-06	-2.351756e-09	-3.837493e+01	-1.530001e+02
7.380000e-06	-5.376149e-06	-2.349236e-09	-3.838233e+01	-1.528831e+02
7.390000e-06	-5.376839e-06	-2.346065e-09	-3.838725e+01	-1.527628e+02
7.400000e-06	-5.377367e-06	-2.344663e-09	-3.839102e+01	-1.526408e+02
