# Temperatura_=_-1.5
# Concentracion g/m^3_=_4090.0
# C_Vs_to_Am_M_A/Vsm_=_65563218390.804596
# pendiente_HvsI_1/m_=_3716.3
# ordenada_HvsI_A/m_=_1297.0
# frecuencia_Hz_=_135069.61507194015

Tiempo_(s)	Campo_(V.s)	Magnetizacion_(V.s)	Campo_(kA/m)	Magnetizacion_(A/m)
0.000000e+00	-5.384731e-06	-2.516342e-09	-3.840403e+01	-1.604670e+02
1.000000e-08	-5.384903e-06	-2.511618e-09	-3.840525e+01	-1.603768e+02
2.000000e-08	-5.384906e-06	-2.512064e-09	-3.840527e+01	-1.602924e+02
3.000000e-08	-5.384669e-06	-2.514458e-09	-3.840358e+01	-1.602154e+02
4.000000e-08	-5.384111e-06	-2.515499e-09	-3.839960e+01	-1.601474e+02
5.000000e-08	-5.383150e-06	-2.517127e-09	-3.839275e+01	-1.600898e+02
6.000000e-08	-5.381622e-06	-2.523803e-09	-3.838185e+01	-1.600437e+02
7.000000e-08	-5.379538e-06	-2.536398e-09	-3.836699e+01	-1.600101e+02
8.000000e-08	-5.376875e-06	-2.519860e-09	-3.834799e+01	-1.599897e+02
9.000000e-08	-5.373552e-06	-2.459954e-09	-3.832429e+01	-1.599830e+02
1.000000e-07	-5.369623e-06	-2.480106e-09	-3.829627e+01	-1.599900e+02
1.100000e-07	-5.365339e-06	-2.604924e-09	-3.826572e+01	-1.600108e+02
1.200000e-07	-5.360884e-06	-2.579833e-09	-3.823395e+01	-1.600448e+02
1.300000e-07	-5.356193e-06	-2.401156e-09	-3.820049e+01	-1.600915e+02
1.400000e-07	-5.351231e-06	-2.435981e-09	-3.816510e+01	-1.601500e+02
1.500000e-07	-5.345911e-06	-2.615968e-09	-3.812716e+01	-1.602191e+02
1.600000e-07	-5.340223e-06	-2.615073e-09	-3.808659e+01	-1.602973e+02
1.700000e-07	-5.334162e-06	-2.366011e-09	-3.804336e+01	-1.603833e+02
1.800000e-07	-5.327662e-06	-2.408940e-09	-3.799701e+01	-1.604751e+02
1.900000e-07	-5.320721e-06	-2.650926e-09	-3.794751e+01	-1.605711e+02
2.000000e-07	-5.313475e-06	-2.619558e-09	-3.789583e+01	-1.606692e+02
2.100000e-07	-5.306007e-06	-2.418838e-09	-3.784257e+01	-1.607674e+02
2.200000e-07	-5.298312e-06	-2.465758e-09	-3.778768e+01	-1.608637e+02
2.300000e-07	-5.290352e-06	-2.637041e-09	-3.773091e+01	-1.609560e+02
2.400000e-07	-5.282043e-06	-2.530023e-09	-3.767165e+01	-1.610425e+02
2.500000e-07	-5.273306e-06	-2.427658e-09	-3.760934e+01	-1.611212e+02
2.600000e-07	-5.263908e-06	-2.544225e-09	-3.754231e+01	-1.611903e+02
2.700000e-07	-5.253758e-06	-2.614120e-09	-3.746993e+01	-1.612484e+02
2.800000e-07	-5.243064e-06	-2.442935e-09	-3.739365e+01	-1.612939e+02
2.900000e-07	-5.232032e-06	-2.450207e-09	-3.731497e+01	-1.613256e+02
3.000000e-07	-5.220569e-06	-2.589931e-09	-3.723322e+01	-1.613425e+02
3.100000e-07	-5.208732e-06	-2.512980e-09	-3.714880e+01	-1.613438e+02
3.200000e-07	-5.196537e-06	-2.360248e-09	-3.706182e+01	-1.613290e+02
3.300000e-07	-5.183912e-06	-2.488037e-09	-3.697178e+01	-1.612978e+02
3.400000e-07	-5.170906e-06	-2.572174e-09	-3.687902e+01	-1.612502e+02
3.500000e-07	-5.157517e-06	-2.435352e-09	-3.678353e+01	-1.611862e+02
3.600000e-07	-5.143744e-06	-2.405514e-09	-3.668530e+01	-1.611063e+02
3.700000e-07	-5.129573e-06	-2.522997e-09	-3.658423e+01	-1.610111e+02
3.800000e-07	-5.114990e-06	-2.473278e-09	-3.648023e+01	-1.609013e+02
3.900000e-07	-5.099836e-06	-2.403560e-09	-3.637215e+01	-1.607780e+02
4.000000e-07	-5.084085e-06	-2.469035e-09	-3.625981e+01	-1.606423e+02
4.100000e-07	-5.067854e-06	-2.468401e-09	-3.614405e+01	-1.604953e+02
4.200000e-07	-5.051284e-06	-2.390836e-09	-3.602588e+01	-1.603383e+02
4.300000e-07	-5.034403e-06	-2.447747e-09	-3.590548e+01	-1.601728e+02
4.400000e-07	-5.017231e-06	-2.493138e-09	-3.578300e+01	-1.600000e+02
4.500000e-07	-4.999711e-06	-2.403617e-09	-3.565806e+01	-1.598214e+02
4.600000e-07	-4.981825e-06	-2.402416e-09	-3.553049e+01	-1.596382e+02
4.700000e-07	-4.963664e-06	-2.476830e-09	-3.540097e+01	-1.594519e+02
4.800000e-07	-4.945153e-06	-2.454527e-09	-3.526894e+01	-1.592636e+02
4.900000e-07	-4.926212e-06	-2.394351e-09	-3.513386e+01	-1.590744e+02
5.000000e-07	-4.906866e-06	-2.423129e-09	-3.499588e+01	-1.588853e+02
5.100000e-07	-4.887227e-06	-2.429672e-09	-3.485582e+01	-1.586971e+02
5.200000e-07	-4.867339e-06	-2.422247e-09	-3.471397e+01	-1.585106e+02
5.300000e-07	-4.847217e-06	-2.418154e-09	-3.457046e+01	-1.583263e+02
5.400000e-07	-4.826885e-06	-2.406917e-09	-3.442545e+01	-1.581446e+02
5.500000e-07	-4.806235e-06	-2.392034e-09	-3.427818e+01	-1.579658e+02
5.600000e-07	-4.785217e-06	-2.426909e-09	-3.412828e+01	-1.577899e+02
5.700000e-07	-4.763883e-06	-2.417058e-09	-3.397612e+01	-1.576168e+02
5.800000e-07	-4.742191e-06	-2.383786e-09	-3.382142e+01	-1.574465e+02
5.900000e-07	-4.720161e-06	-2.383429e-09	-3.366430e+01	-1.572786e+02
6.000000e-07	-4.697851e-06	-2.407227e-09	-3.350518e+01	-1.571125e+02
6.100000e-07	-4.675182e-06	-2.395268e-09	-3.334351e+01	-1.569480e+02
6.200000e-07	-4.652176e-06	-2.382496e-09	-3.317942e+01	-1.567842e+02
6.300000e-07	-4.628926e-06	-2.369864e-09	-3.301361e+01	-1.566207e+02
6.400000e-07	-4.605432e-06	-2.377852e-09	-3.284605e+01	-1.564567e+02
6.500000e-07	-4.581638e-06	-2.394010e-09	-3.267635e+01	-1.562916e+02
6.600000e-07	-4.557600e-06	-2.383695e-09	-3.250491e+01	-1.561245e+02
6.700000e-07	-4.533332e-06	-2.353132e-09	-3.233183e+01	-1.559550e+02
6.800000e-07	-4.508750e-06	-2.360254e-09	-3.215651e+01	-1.557823e+02
6.900000e-07	-4.483716e-06	-2.378554e-09	-3.197797e+01	-1.556058e+02
7.000000e-07	-4.458175e-06	-2.367521e-09	-3.179580e+01	-1.554251e+02
7.100000e-07	-4.432122e-06	-2.347526e-09	-3.161000e+01	-1.552397e+02
7.200000e-07	-4.405599e-06	-2.344028e-09	-3.142083e+01	-1.550492e+02
7.300000e-07	-4.378687e-06	-2.354375e-09	-3.122890e+01	-1.548534e+02
7.400000e-07	-4.351420e-06	-2.355413e-09	-3.103443e+01	-1.546520e+02
7.500000e-07	-4.323812e-06	-2.340760e-09	-3.083753e+01	-1.544449e+02
7.600000e-07	-4.295926e-06	-2.327153e-09	-3.063864e+01	-1.542321e+02
7.700000e-07	-4.267895e-06	-2.339614e-09	-3.043872e+01	-1.540137e+02
7.800000e-07	-4.239671e-06	-2.342418e-09	-3.023743e+01	-1.537898e+02
7.900000e-07	-4.211206e-06	-2.325478e-09	-3.003442e+01	-1.535606e+02
8.000000e-07	-4.182509e-06	-2.305611e-09	-2.982975e+01	-1.533264e+02
8.100000e-07	-4.153487e-06	-2.307568e-09	-2.962276e+01	-1.530873e+02
8.200000e-07	-4.124079e-06	-2.309375e-09	-2.941303e+01	-1.528439e+02
8.300000e-07	-4.094346e-06	-2.306374e-09	-2.920097e+01	-1.525963e+02
8.400000e-07	-4.064358e-06	-2.291933e-09	-2.898710e+01	-1.523451e+02
8.500000e-07	-4.034141e-06	-2.290468e-09	-2.877158e+01	-1.520904e+02
8.600000e-07	-4.003646e-06	-2.294802e-09	-2.855410e+01	-1.518328e+02
8.700000e-07	-3.972920e-06	-2.291119e-09	-2.833496e+01	-1.515725e+02
8.800000e-07	-3.942001e-06	-2.268642e-09	-2.811444e+01	-1.513099e+02
8.900000e-07	-3.910840e-06	-2.255854e-09	-2.789220e+01	-1.510452e+02
9.000000e-07	-3.879411e-06	-2.258793e-09	-2.766805e+01	-1.507786e+02
9.100000e-07	-3.847720e-06	-2.265431e-09	-2.744203e+01	-1.505103e+02
9.200000e-07	-3.815849e-06	-2.253965e-09	-2.721473e+01	-1.502404e+02
9.300000e-07	-3.783820e-06	-2.242439e-09	-2.698629e+01	-1.499691e+02
9.400000e-07	-3.751607e-06	-2.241171e-09	-2.675655e+01	-1.496964e+02
9.500000e-07	-3.719227e-06	-2.242992e-09	-2.652561e+01	-1.494222e+02
9.600000e-07	-3.686520e-06	-2.232718e-09	-2.629234e+01	-1.491465e+02
9.700000e-07	-3.653383e-06	-2.219959e-09	-2.605601e+01	-1.488692e+02
9.800000e-07	-3.619863e-06	-2.216960e-09	-2.581694e+01	-1.485902e+02
9.900000e-07	-3.585896e-06	-2.217898e-09	-2.557470e+01	-1.483094e+02
1.000000e-06	-3.551460e-06	-2.208055e-09	-2.532909e+01	-1.480264e+02
1.010000e-06	-3.516688e-06	-2.192336e-09	-2.508110e+01	-1.477413e+02
1.020000e-06	-3.481549e-06	-2.183759e-09	-2.483049e+01	-1.474537e+02
1.030000e-06	-3.446099e-06	-2.179737e-09	-2.457766e+01	-1.471635e+02
1.040000e-06	-3.410504e-06	-2.174331e-09	-2.432379e+01	-1.468704e+02
1.050000e-06	-3.374714e-06	-2.167063e-09	-2.406854e+01	-1.465744e+02
1.060000e-06	-3.338755e-06	-2.164285e-09	-2.381208e+01	-1.462751e+02
1.070000e-06	-3.302671e-06	-2.163032e-09	-2.355472e+01	-1.459726e+02
1.080000e-06	-3.266439e-06	-2.158373e-09	-2.329632e+01	-1.456665e+02
1.090000e-06	-3.230029e-06	-2.143920e-09	-2.303664e+01	-1.453568e+02
1.100000e-06	-3.193386e-06	-2.131269e-09	-2.277530e+01	-1.450435e+02
1.110000e-06	-3.156465e-06	-2.126324e-09	-2.251198e+01	-1.447263e+02
1.120000e-06	-3.119307e-06	-2.127180e-09	-2.224697e+01	-1.444053e+02
1.130000e-06	-3.081974e-06	-2.120570e-09	-2.198071e+01	-1.440803e+02
1.140000e-06	-3.044440e-06	-2.113038e-09	-2.171302e+01	-1.437513e+02
1.150000e-06	-3.006666e-06	-2.110442e-09	-2.144361e+01	-1.434182e+02
1.160000e-06	-2.968705e-06	-2.110453e-09	-2.117288e+01	-1.430810e+02
1.170000e-06	-2.930568e-06	-2.102362e-09	-2.090088e+01	-1.427396e+02
1.180000e-06	-2.892180e-06	-2.091824e-09	-2.062710e+01	-1.423939e+02
1.190000e-06	-2.853584e-06	-2.084053e-09	-2.035183e+01	-1.420437e+02
1.200000e-06	-2.814836e-06	-2.081851e-09	-2.007547e+01	-1.416889e+02
1.210000e-06	-2.775893e-06	-2.075267e-09	-1.979774e+01	-1.413294e+02
1.220000e-06	-2.736646e-06	-2.066451e-09	-1.951782e+01	-1.409649e+02
1.230000e-06	-2.697093e-06	-2.060205e-09	-1.923573e+01	-1.405952e+02
1.240000e-06	-2.657417e-06	-2.059818e-09	-1.895276e+01	-1.402200e+02
1.250000e-06	-2.617631e-06	-2.057267e-09	-1.866900e+01	-1.398389e+02
1.260000e-06	-2.577700e-06	-2.052058e-09	-1.838422e+01	-1.394517e+02
1.270000e-06	-2.537713e-06	-2.044224e-09	-1.809903e+01	-1.390578e+02
1.280000e-06	-2.497688e-06	-2.036212e-09	-1.781357e+01	-1.386570e+02
1.290000e-06	-2.457588e-06	-2.030258e-09	-1.752758e+01	-1.382487e+02
1.300000e-06	-2.417405e-06	-2.025315e-09	-1.724099e+01	-1.378324e+02
1.310000e-06	-2.377123e-06	-2.018984e-09	-1.695369e+01	-1.374077e+02
1.320000e-06	-2.336665e-06	-2.011827e-09	-1.666515e+01	-1.369742e+02
1.330000e-06	-2.296062e-06	-2.005712e-09	-1.637557e+01	-1.365313e+02
1.340000e-06	-2.255245e-06	-1.997733e-09	-1.608446e+01	-1.360786e+02
1.350000e-06	-2.214052e-06	-1.987036e-09	-1.579067e+01	-1.356156e+02
1.360000e-06	-2.172421e-06	-1.973895e-09	-1.549376e+01	-1.351420e+02
1.370000e-06	-2.130389e-06	-1.962873e-09	-1.519399e+01	-1.346573e+02
1.380000e-06	-2.088166e-06	-1.954445e-09	-1.489285e+01	-1.341612e+02
1.390000e-06	-2.045755e-06	-1.949590e-09	-1.459037e+01	-1.336535e+02
1.400000e-06	-2.003100e-06	-1.945726e-09	-1.428616e+01	-1.331338e+02
1.410000e-06	-1.960306e-06	-1.942453e-09	-1.398095e+01	-1.326021e+02
1.420000e-06	-1.917308e-06	-1.935968e-09	-1.367428e+01	-1.320582e+02
1.430000e-06	-1.874064e-06	-1.923639e-09	-1.336587e+01	-1.315020e+02
1.440000e-06	-1.830617e-06	-1.906518e-09	-1.305600e+01	-1.309336e+02
1.450000e-06	-1.787031e-06	-1.890316e-09	-1.274514e+01	-1.303529e+02
1.460000e-06	-1.743327e-06	-1.880731e-09	-1.243345e+01	-1.297599e+02
1.470000e-06	-1.699493e-06	-1.877882e-09	-1.212082e+01	-1.291549e+02
1.480000e-06	-1.655620e-06	-1.873084e-09	-1.180792e+01	-1.285380e+02
1.490000e-06	-1.611730e-06	-1.865979e-09	-1.149490e+01	-1.279092e+02
1.500000e-06	-1.567808e-06	-1.856528e-09	-1.118164e+01	-1.272686e+02
1.510000e-06	-1.523863e-06	-1.845894e-09	-1.086823e+01	-1.266165e+02
1.520000e-06	-1.479812e-06	-1.832209e-09	-1.055405e+01	-1.259528e+02
1.530000e-06	-1.435642e-06	-1.815576e-09	-1.023903e+01	-1.252777e+02
1.540000e-06	-1.391410e-06	-1.802390e-09	-9.923571e+00	-1.245911e+02
1.550000e-06	-1.347122e-06	-1.795978e-09	-9.607707e+00	-1.238929e+02
1.560000e-06	-1.302798e-06	-1.791443e-09	-9.291584e+00	-1.231829e+02
1.570000e-06	-1.258467e-06	-1.785618e-09	-8.975414e+00	-1.224609e+02
1.580000e-06	-1.214103e-06	-1.775469e-09	-8.659010e+00	-1.217265e+02
1.590000e-06	-1.169660e-06	-1.762397e-09	-8.342042e+00	-1.209793e+02
1.600000e-06	-1.125135e-06	-1.747190e-09	-8.024489e+00	-1.202187e+02
1.610000e-06	-1.080473e-06	-1.730726e-09	-7.705961e+00	-1.194438e+02
1.620000e-06	-1.035661e-06	-1.713366e-09	-7.386358e+00	-1.186540e+02
1.630000e-06	-9.907157e-07	-1.699735e-09	-7.065807e+00	-1.178483e+02
1.640000e-06	-9.456582e-07	-1.687916e-09	-6.744456e+00	-1.170254e+02
1.650000e-06	-9.006073e-07	-1.675895e-09	-6.423152e+00	-1.161844e+02
1.660000e-06	-8.555166e-07	-1.665083e-09	-6.101564e+00	-1.153238e+02
1.670000e-06	-8.103534e-07	-1.654069e-09	-5.779459e+00	-1.144424e+02
1.680000e-06	-7.652053e-07	-1.642482e-09	-5.457462e+00	-1.135385e+02
1.690000e-06	-7.199581e-07	-1.626906e-09	-5.134757e+00	-1.126106e+02
1.700000e-06	-6.746112e-07	-1.607829e-09	-4.811342e+00	-1.116572e+02
1.710000e-06	-6.291838e-07	-1.588017e-09	-4.487353e+00	-1.106765e+02
1.720000e-06	-5.837134e-07	-1.571851e-09	-4.163058e+00	-1.096670e+02
1.730000e-06	-5.383039e-07	-1.556802e-09	-3.839196e+00	-1.086268e+02
1.740000e-06	-4.928792e-07	-1.539360e-09	-3.515226e+00	-1.075543e+02
1.750000e-06	-4.473550e-07	-1.525439e-09	-3.190546e+00	-1.064479e+02
1.760000e-06	-4.017153e-07	-1.517447e-09	-2.865043e+00	-1.053058e+02
1.770000e-06	-3.560264e-07	-1.506081e-09	-2.539189e+00	-1.041265e+02
1.780000e-06	-3.103175e-07	-1.486335e-09	-2.213191e+00	-1.029085e+02
1.790000e-06	-2.646022e-07	-1.459656e-09	-1.887149e+00	-1.016502e+02
1.800000e-06	-2.188086e-07	-1.435713e-09	-1.560548e+00	-1.003503e+02
1.810000e-06	-1.730122e-07	-1.414292e-09	-1.233927e+00	-9.900742e+01
1.820000e-06	-1.273077e-07	-1.392098e-09	-9.079615e-01	-9.762032e+01
1.830000e-06	-8.158193e-08	-1.370087e-09	-5.818442e-01	-9.618782e+01
1.840000e-06	-3.583796e-08	-1.353496e-09	-2.555972e-01	-9.470884e+01
1.850000e-06	9.908300e-09	-1.339168e-09	7.066622e-02	-9.318235e+01
1.860000e-06	5.564819e-08	-1.319410e-09	3.968842e-01	-9.160742e+01
1.870000e-06	1.013266e-07	-1.292182e-09	7.226637e-01	-8.998313e+01
1.880000e-06	1.469857e-07	-1.264939e-09	1.048305e+00	-8.830866e+01
1.890000e-06	1.926905e-07	-1.240274e-09	1.374273e+00	-8.658321e+01
1.900000e-06	2.383621e-07	-1.212099e-09	1.700004e+00	-8.480601e+01
1.910000e-06	2.840211e-07	-1.178707e-09	2.025645e+00	-8.297633e+01
1.920000e-06	3.297256e-07	-1.147374e-09	2.351610e+00	-8.109342e+01
1.930000e-06	3.753604e-07	-1.125059e-09	2.677079e+00	-7.915657e+01
1.940000e-06	4.208903e-07	-1.105755e-09	3.001799e+00	-7.716505e+01
1.950000e-06	4.663000e-07	-1.081755e-09	3.325662e+00	-7.511812e+01
1.960000e-06	5.117083e-07	-1.051669e-09	3.649515e+00	-7.301503e+01
1.970000e-06	5.571820e-07	-1.020961e-09	3.973835e+00	-7.085502e+01
1.980000e-06	6.025545e-07	-9.872606e-10	4.297432e+00	-6.863732e+01
1.990000e-06	6.479083e-07	-9.475705e-10	4.620897e+00	-6.636115e+01
2.000000e-06	6.932637e-07	-9.067724e-10	4.944373e+00	-6.402573e+01
2.010000e-06	7.385240e-07	-8.718697e-10	5.267170e+00	-6.163030e+01
2.020000e-06	7.837495e-07	-8.423550e-10	5.589719e+00	-5.917414e+01
2.030000e-06	8.289653e-07	-8.144548e-10	5.912200e+00	-5.665654e+01
2.040000e-06	8.740923e-07	-7.829204e-10	6.234047e+00	-5.407690e+01
2.050000e-06	9.191557e-07	-7.466369e-10	6.555440e+00	-5.143467e+01
2.060000e-06	9.641448e-07	-7.056820e-10	6.876303e+00	-4.872946e+01
2.070000e-06	1.008935e-06	-6.609311e-10	7.195744e+00	-4.596098e+01
2.080000e-06	1.053594e-06	-6.130159e-10	7.514258e+00	-4.312914e+01
2.090000e-06	1.098226e-06	-5.652790e-10	7.832572e+00	-4.023404e+01
2.100000e-06	1.142775e-06	-5.212172e-10	8.150300e+00	-3.727599e+01
2.110000e-06	1.187201e-06	-4.821189e-10	8.467148e+00	-3.425560e+01
2.120000e-06	1.231506e-06	-4.444459e-10	8.783131e+00	-3.117372e+01
2.130000e-06	1.275734e-06	-4.058533e-10	9.098566e+00	-2.803153e+01
2.140000e-06	1.319907e-06	-3.630261e-10	9.413606e+00	-2.483055e+01
2.150000e-06	1.364007e-06	-3.120257e-10	9.728132e+00	-2.157263e+01
2.160000e-06	1.408091e-06	-2.546796e-10	1.004254e+01	-1.825999e+01
2.170000e-06	1.452183e-06	-1.957793e-10	1.035701e+01	-1.489524e+01
2.180000e-06	1.496203e-06	-1.412078e-10	1.067095e+01	-1.148134e+01
2.190000e-06	1.540156e-06	-9.157724e-11	1.098443e+01	-8.021672e+00
2.200000e-06	1.584079e-06	-4.486447e-11	1.129769e+01	-4.519960e+00
2.210000e-06	1.627946e-06	2.013602e-12	1.161055e+01	-9.803051e-01
2.220000e-06	1.671738e-06	5.132135e-11	1.192287e+01	2.592842e+00
2.230000e-06	1.715527e-06	1.059917e-10	1.223518e+01	6.194707e+00
2.240000e-06	1.759306e-06	1.641840e-10	1.254741e+01	9.820218e+00
2.250000e-06	1.802963e-06	2.219729e-10	1.285877e+01	1.346403e+01
2.260000e-06	1.846472e-06	2.773634e-10	1.316908e+01	1.712059e+01
2.270000e-06	1.889873e-06	3.322489e-10	1.347862e+01	2.078414e+01
2.280000e-06	1.933085e-06	3.857443e-10	1.378681e+01	2.444879e+01
2.290000e-06	1.976047e-06	4.385827e-10	1.409321e+01	2.810855e+01
2.300000e-06	2.018851e-06	4.936546e-10	1.439849e+01	3.175739e+01
2.310000e-06	2.061442e-06	5.512924e-10	1.470225e+01	3.538932e+01
2.320000e-06	2.103666e-06	6.065063e-10	1.500339e+01	3.899837e+01
2.330000e-06	2.145502e-06	6.588308e-10	1.530177e+01	4.257870e+01
2.340000e-06	2.186992e-06	7.095374e-10	1.559768e+01	4.612465e+01
2.350000e-06	2.228268e-06	7.595874e-10	1.589206e+01	4.963077e+01
2.360000e-06	2.269281e-06	8.090120e-10	1.618456e+01	5.309185e+01
2.370000e-06	2.309931e-06	8.580036e-10	1.647448e+01	5.650301e+01
2.380000e-06	2.350378e-06	9.065885e-10	1.676295e+01	5.985968e+01
2.390000e-06	2.390711e-06	9.563658e-10	1.705061e+01	6.315769e+01
2.400000e-06	2.430939e-06	1.006496e-09	1.733752e+01	6.639326e+01
2.410000e-06	2.471059e-06	1.053131e-09	1.762365e+01	6.956303e+01
2.420000e-06	2.511069e-06	1.095177e-09	1.790901e+01	7.266408e+01
2.430000e-06	2.550979e-06	1.135024e-09	1.819364e+01	7.569393e+01
2.440000e-06	2.590814e-06	1.175226e-09	1.847774e+01	7.865055e+01
2.450000e-06	2.630554e-06	1.214188e-09	1.876117e+01	8.153236e+01
2.460000e-06	2.670225e-06	1.254065e-09	1.904411e+01	8.433821e+01
2.470000e-06	2.709812e-06	1.295494e-09	1.932644e+01	8.706737e+01
2.480000e-06	2.749202e-06	1.337389e-09	1.960737e+01	8.971951e+01
2.490000e-06	2.788334e-06	1.377795e-09	1.988646e+01	9.229469e+01
2.500000e-06	2.827172e-06	1.412708e-09	2.016346e+01	9.479327e+01
2.510000e-06	2.865791e-06	1.442072e-09	2.043889e+01	9.721598e+01
2.520000e-06	2.904215e-06	1.471092e-09	2.071293e+01	9.956378e+01
2.530000e-06	2.942425e-06	1.502540e-09	2.098544e+01	1.018379e+02
2.540000e-06	2.980398e-06	1.534899e-09	2.125627e+01	1.040397e+02
2.550000e-06	3.018149e-06	1.568229e-09	2.152551e+01	1.061709e+02
2.560000e-06	3.055740e-06	1.604833e-09	2.179361e+01	1.082330e+02
2.570000e-06	3.093201e-06	1.639367e-09	2.206078e+01	1.102280e+02
2.580000e-06	3.130497e-06	1.666291e-09	2.232677e+01	1.121576e+02
2.590000e-06	3.167480e-06	1.686127e-09	2.259054e+01	1.140238e+02
2.600000e-06	3.204172e-06	1.705033e-09	2.285223e+01	1.158282e+02
2.610000e-06	3.240656e-06	1.727294e-09	2.311243e+01	1.175729e+02
2.620000e-06	3.276969e-06	1.751893e-09	2.337142e+01	1.192596e+02
2.630000e-06	3.313101e-06	1.778601e-09	2.362911e+01	1.208899e+02
2.640000e-06	3.349099e-06	1.805636e-09	2.388585e+01	1.224654e+02
2.650000e-06	3.385000e-06	1.831876e-09	2.414190e+01	1.239877e+02
2.660000e-06	3.420785e-06	1.854781e-09	2.439712e+01	1.254582e+02
2.670000e-06	3.456411e-06	1.870333e-09	2.465120e+01	1.268782e+02
2.680000e-06	3.491824e-06	1.883194e-09	2.490377e+01	1.282489e+02
2.690000e-06	3.526977e-06	1.899493e-09	2.515448e+01	1.295715e+02
2.700000e-06	3.561748e-06	1.918816e-09	2.540247e+01	1.308470e+02
2.710000e-06	3.596058e-06	1.939498e-09	2.564717e+01	1.320764e+02
2.720000e-06	3.629818e-06	1.961996e-09	2.588794e+01	1.332606e+02
2.730000e-06	3.663061e-06	1.984701e-09	2.612504e+01	1.344005e+02
2.740000e-06	3.695902e-06	2.002861e-09	2.635926e+01	1.354971e+02
2.750000e-06	3.728391e-06	2.015804e-09	2.659097e+01	1.365512e+02
2.760000e-06	3.760636e-06	2.027063e-09	2.682094e+01	1.375638e+02
2.770000e-06	3.792735e-06	2.038523e-09	2.704987e+01	1.385357e+02
2.780000e-06	3.824723e-06	2.052263e-09	2.727801e+01	1.394679e+02
2.790000e-06	3.856613e-06	2.068534e-09	2.750545e+01	1.403615e+02
2.800000e-06	3.888239e-06	2.083386e-09	2.773101e+01	1.412175e+02
2.810000e-06	3.919550e-06	2.097233e-09	2.795432e+01	1.420372e+02
2.820000e-06	3.950638e-06	2.110917e-09	2.817604e+01	1.428217e+02
2.830000e-06	3.981383e-06	2.119597e-09	2.839531e+01	1.435724e+02
2.840000e-06	4.011814e-06	2.125857e-09	2.861235e+01	1.442906e+02
2.850000e-06	4.042064e-06	2.136523e-09	2.882809e+01	1.449779e+02
2.860000e-06	4.072050e-06	2.151263e-09	2.904196e+01	1.456357e+02
2.870000e-06	4.101805e-06	2.165885e-09	2.925417e+01	1.462655e+02
2.880000e-06	4.131331e-06	2.175315e-09	2.946475e+01	1.468689e+02
2.890000e-06	4.160507e-06	2.179754e-09	2.967283e+01	1.474476e+02
2.900000e-06	4.189339e-06	2.183960e-09	2.987846e+01	1.480030e+02
2.910000e-06	4.217918e-06	2.188442e-09	3.008229e+01	1.485369e+02
2.920000e-06	4.246249e-06	2.193258e-09	3.028435e+01	1.490506e+02
2.930000e-06	4.274347e-06	2.201400e-09	3.048474e+01	1.495457e+02
2.940000e-06	4.302303e-06	2.213304e-09	3.068412e+01	1.500235e+02
2.950000e-06	4.330125e-06	2.228260e-09	3.088255e+01	1.504854e+02
2.960000e-06	4.357767e-06	2.240455e-09	3.107969e+01	1.509325e+02
2.970000e-06	4.385110e-06	2.246181e-09	3.127470e+01	1.513659e+02
2.980000e-06	4.412091e-06	2.246116e-09	3.146713e+01	1.517865e+02
2.990000e-06	4.438602e-06	2.244747e-09	3.165621e+01	1.521950e+02
3.000000e-06	4.464521e-06	2.247071e-09	3.184106e+01	1.525922e+02
3.010000e-06	4.489850e-06	2.253577e-09	3.202172e+01	1.529785e+02
3.020000e-06	4.514706e-06	2.263869e-09	3.219898e+01	1.533543e+02
3.030000e-06	4.539184e-06	2.276082e-09	3.237357e+01	1.537197e+02
3.040000e-06	4.563348e-06	2.287767e-09	3.254590e+01	1.540748e+02
3.050000e-06	4.587275e-06	2.295137e-09	3.271655e+01	1.544197e+02
3.060000e-06	4.610957e-06	2.295068e-09	3.288545e+01	1.547541e+02
3.070000e-06	4.634383e-06	2.292737e-09	3.305252e+01	1.550779e+02
3.080000e-06	4.657456e-06	2.294267e-09	3.321708e+01	1.553907e+02
3.090000e-06	4.680176e-06	2.299369e-09	3.337912e+01	1.556923e+02
3.100000e-06	4.702617e-06	2.308239e-09	3.353917e+01	1.559822e+02
3.110000e-06	4.724715e-06	2.317792e-09	3.369678e+01	1.562601e+02
3.120000e-06	4.746442e-06	2.322500e-09	3.385173e+01	1.565257e+02
3.130000e-06	4.767913e-06	2.323956e-09	3.400486e+01	1.567787e+02
3.140000e-06	4.789075e-06	2.325133e-09	3.415579e+01	1.570190e+02
3.150000e-06	4.809859e-06	2.329812e-09	3.430402e+01	1.572462e+02
3.160000e-06	4.830325e-06	2.333634e-09	3.444999e+01	1.574605e+02
3.170000e-06	4.850519e-06	2.330744e-09	3.459401e+01	1.576618e+02
3.180000e-06	4.870547e-06	2.330136e-09	3.473685e+01	1.578505e+02
3.190000e-06	4.890445e-06	2.336531e-09	3.487877e+01	1.580268e+02
3.200000e-06	4.910106e-06	2.345515e-09	3.501899e+01	1.581912e+02
3.210000e-06	4.929325e-06	2.350350e-09	3.515606e+01	1.583443e+02
3.220000e-06	4.948050e-06	2.353443e-09	3.528961e+01	1.584867e+02
3.230000e-06	4.966412e-06	2.359461e-09	3.542057e+01	1.586194e+02
3.240000e-06	4.984428e-06	2.365051e-09	3.554906e+01	1.587432e+02
3.250000e-06	5.002102e-06	2.364956e-09	3.567511e+01	1.588592e+02
3.260000e-06	5.019481e-06	2.361335e-09	3.579905e+01	1.589684e+02
3.270000e-06	5.036566e-06	2.361530e-09	3.592091e+01	1.590721e+02
3.280000e-06	5.053348e-06	2.365991e-09	3.604060e+01	1.591712e+02
3.290000e-06	5.069750e-06	2.370026e-09	3.615757e+01	1.592670e+02
3.300000e-06	5.085625e-06	2.369695e-09	3.627079e+01	1.593605e+02
3.310000e-06	5.101015e-06	2.370823e-09	3.638055e+01	1.594529e+02
3.320000e-06	5.115978e-06	2.378226e-09	3.648727e+01	1.595451e+02
3.330000e-06	5.130420e-06	2.383465e-09	3.659027e+01	1.596379e+02
3.340000e-06	5.144491e-06	2.381468e-09	3.669063e+01	1.597322e+02
3.350000e-06	5.158361e-06	2.379519e-09	3.678955e+01	1.598285e+02
3.360000e-06	5.171926e-06	2.382898e-09	3.688630e+01	1.599272e+02
3.370000e-06	5.185068e-06	2.385850e-09	3.698002e+01	1.600287e+02
3.380000e-06	5.197808e-06	2.385874e-09	3.707089e+01	1.601329e+02
3.390000e-06	5.210180e-06	2.386527e-09	3.715912e+01	1.602399e+02
3.400000e-06	5.222214e-06	2.393502e-09	3.724495e+01	1.603492e+02
3.410000e-06	5.233896e-06	2.400501e-09	3.732827e+01	1.604604e+02
3.420000e-06	5.245083e-06	2.400866e-09	3.740806e+01	1.605729e+02
3.430000e-06	5.255745e-06	2.397289e-09	3.748410e+01	1.606859e+02
3.440000e-06	5.265862e-06	2.397306e-09	3.755625e+01	1.607983e+02
3.450000e-06	5.275381e-06	2.401880e-09	3.762414e+01	1.609092e+02
3.460000e-06	5.284280e-06	2.406060e-09	3.768761e+01	1.610173e+02
3.470000e-06	5.292670e-06	2.407931e-09	3.774745e+01	1.611214e+02
3.480000e-06	5.300771e-06	2.410658e-09	3.780522e+01	1.612203e+02
3.490000e-06	5.308648e-06	2.415974e-09	3.786140e+01	1.613125e+02
3.500000e-06	5.316310e-06	2.417211e-09	3.791604e+01	1.613970e+02
3.510000e-06	5.323720e-06	2.414312e-09	3.796889e+01	1.614725e+02
3.520000e-06	5.330677e-06	2.413504e-09	3.801851e+01	1.615379e+02
3.530000e-06	5.337164e-06	2.417527e-09	3.806477e+01	1.615921e+02
3.540000e-06	5.343332e-06	2.423073e-09	3.810877e+01	1.616345e+02
3.550000e-06	5.349167e-06	2.426036e-09	3.815038e+01	1.616642e+02
3.560000e-06	5.354704e-06	2.427164e-09	3.818987e+01	1.616808e+02
3.570000e-06	5.359822e-06	2.428019e-09	3.822638e+01	1.616841e+02
3.580000e-06	5.364478e-06	2.427955e-09	3.825958e+01	1.616741e+02
3.590000e-06	5.368814e-06	2.424876e-09	3.829051e+01	1.616509e+02
3.600000e-06	5.372910e-06	2.422146e-09	3.831972e+01	1.616149e+02
3.610000e-06	5.376817e-06	2.422979e-09	3.834758e+01	1.615670e+02
3.620000e-06	5.380501e-06	2.423968e-09	3.837386e+01	1.615078e+02
3.630000e-06	5.383793e-06	2.425546e-09	3.839734e+01	1.614387e+02
3.640000e-06	5.386564e-06	2.428028e-09	3.841710e+01	1.613609e+02
3.650000e-06	5.388820e-06	2.434402e-09	3.843318e+01	1.612758e+02
3.660000e-06	5.390590e-06	2.438384e-09	3.844581e+01	1.611851e+02
3.670000e-06	5.391757e-06	2.436147e-09	3.845414e+01	1.610906e+02
3.680000e-06	5.392338e-06	2.432333e-09	3.845828e+01	1.609941e+02
3.690000e-06	5.392579e-06	2.429601e-09	3.846000e+01	1.608975e+02
3.700000e-06	5.392573e-06	2.426514e-09	3.845995e+01	1.608027e+02
3.710000e-06	5.392331e-06	2.423779e-09	3.845823e+01	1.607115e+02
3.720000e-06	5.391810e-06	2.423627e-09	3.845451e+01	1.606258e+02
3.730000e-06	5.390910e-06	2.428457e-09	3.844810e+01	1.605473e+02
3.740000e-06	5.389586e-06	2.436285e-09	3.843865e+01	1.604775e+02
3.750000e-06	5.387919e-06	2.438161e-09	3.842676e+01	1.604179e+02
3.760000e-06	5.386010e-06	2.421716e-09	3.841315e+01	1.603697e+02
3.770000e-06	5.383834e-06	2.402639e-09	3.839763e+01	1.603338e+02
3.780000e-06	5.381341e-06	2.445015e-09	3.837985e+01	1.603110e+02
3.790000e-06	5.378431e-06	2.493331e-09	3.835909e+01	1.603018e+02
3.800000e-06	5.375019e-06	2.363044e-09	3.833476e+01	1.603064e+02
3.810000e-06	5.371188e-06	2.268851e-09	3.830744e+01	1.603247e+02
3.820000e-06	5.367081e-06	2.444005e-09	3.827815e+01	1.603564e+02
3.830000e-06	5.362765e-06	2.544611e-09	3.824736e+01	1.604009e+02
3.840000e-06	5.358104e-06	2.404256e-09	3.821412e+01	1.604573e+02
3.850000e-06	5.352915e-06	2.260708e-09	3.817711e+01	1.605245e+02
3.860000e-06	5.347143e-06	2.445170e-09	3.813595e+01	1.606012e+02
3.870000e-06	5.340900e-06	2.617511e-09	3.809142e+01	1.606858e+02
3.880000e-06	5.334245e-06	2.352289e-09	3.804396e+01	1.607767e+02
3.890000e-06	5.327099e-06	2.193461e-09	3.799299e+01	1.608719e+02
3.900000e-06	5.319487e-06	2.444518e-09	3.793870e+01	1.609696e+02
3.910000e-06	5.311508e-06	2.609040e-09	3.788180e+01	1.610677e+02
3.920000e-06	5.303235e-06	2.315489e-09	3.782279e+01	1.611643e+02
3.930000e-06	5.294715e-06	2.231681e-09	3.776203e+01	1.612573e+02
3.940000e-06	5.285875e-06	2.564670e-09	3.769898e+01	1.613447e+02
3.950000e-06	5.276656e-06	2.591899e-09	3.763323e+01	1.614246e+02
3.960000e-06	5.267082e-06	2.264519e-09	3.756495e+01	1.614954e+02
3.970000e-06	5.257152e-06	2.313150e-09	3.749413e+01	1.615552e+02
3.980000e-06	5.246825e-06	2.650169e-09	3.742048e+01	1.616027e+02
3.990000e-06	5.236104e-06	2.521498e-09	3.734402e+01	1.616366e+02
4.000000e-06	5.225049e-06	2.261772e-09	3.726517e+01	1.616559e+02
4.010000e-06	5.213607e-06	2.469075e-09	3.718357e+01	1.616597e+02
4.020000e-06	5.201734e-06	2.657504e-09	3.709889e+01	1.616475e+02
4.030000e-06	5.189451e-06	2.378464e-09	3.701128e+01	1.616188e+02
4.040000e-06	5.176837e-06	2.285079e-09	3.692132e+01	1.615737e+02
4.050000e-06	5.163748e-06	2.557801e-09	3.682797e+01	1.615123e+02
4.060000e-06	5.150059e-06	2.548021e-09	3.673034e+01	1.614348e+02
4.070000e-06	5.135772e-06	2.308300e-09	3.662844e+01	1.613419e+02
4.080000e-06	5.120988e-06	2.423340e-09	3.652300e+01	1.612344e+02
4.090000e-06	5.105666e-06	2.553802e-09	3.641373e+01	1.611131e+02
4.100000e-06	5.089874e-06	2.405729e-09	3.630110e+01	1.609792e+02
4.110000e-06	5.073865e-06	2.380256e-09	3.618692e+01	1.608338e+02
4.120000e-06	5.057626e-06	2.513941e-09	3.607110e+01	1.606782e+02
4.130000e-06	5.041136e-06	2.430993e-09	3.595350e+01	1.605139e+02
4.140000e-06	5.024336e-06	2.363349e-09	3.583368e+01	1.603420e+02
4.150000e-06	5.007144e-06	2.489738e-09	3.571107e+01	1.601641e+02
4.160000e-06	4.989551e-06	2.478895e-09	3.558559e+01	1.599815e+02
4.170000e-06	4.971614e-06	2.358203e-09	3.545767e+01	1.597954e+02
4.180000e-06	4.953371e-06	2.419869e-09	3.532755e+01	1.596072e+02
4.190000e-06	4.934784e-06	2.489753e-09	3.519500e+01	1.594179e+02
4.200000e-06	4.915801e-06	2.419089e-09	3.505960e+01	1.592285e+02
4.210000e-06	4.896471e-06	2.408582e-09	3.492174e+01	1.590400e+02
4.220000e-06	4.876861e-06	2.436265e-09	3.478189e+01	1.588530e+02
4.230000e-06	4.856992e-06	2.423401e-09	3.464018e+01	1.586681e+02
4.240000e-06	4.836915e-06	2.427656e-09	3.449699e+01	1.584858e+02
4.250000e-06	4.816713e-06	2.430863e-09	3.435290e+01	1.583063e+02
4.260000e-06	4.796283e-06	2.395521e-09	3.420720e+01	1.581298e+02
4.270000e-06	4.775455e-06	2.428900e-09	3.405865e+01	1.579561e+02
4.280000e-06	4.754089e-06	2.457318e-09	3.390627e+01	1.577852e+02
4.290000e-06	4.732034e-06	2.424950e-09	3.374898e+01	1.576167e+02
4.300000e-06	4.709353e-06	2.414086e-09	3.358721e+01	1.574502e+02
4.310000e-06	4.686246e-06	2.438173e-09	3.342241e+01	1.572853e+02
4.320000e-06	4.662752e-06	2.423251e-09	3.325485e+01	1.571213e+02
4.330000e-06	4.638940e-06	2.425568e-09	3.308503e+01	1.569576e+02
4.340000e-06	4.614946e-06	2.417499e-09	3.291390e+01	1.567936e+02
4.350000e-06	4.590816e-06	2.398560e-09	3.274181e+01	1.566285e+02
4.360000e-06	4.566456e-06	2.422124e-09	3.256807e+01	1.564616e+02
4.370000e-06	4.541732e-06	2.443993e-09	3.239174e+01	1.562924e+02
4.380000e-06	4.516729e-06	2.401772e-09	3.221341e+01	1.561201e+02
4.390000e-06	4.491440e-06	2.394207e-09	3.203306e+01	1.559441e+02
4.400000e-06	4.465730e-06	2.421872e-09	3.184969e+01	1.557640e+02
4.410000e-06	4.439710e-06	2.415593e-09	3.166411e+01	1.555792e+02
4.420000e-06	4.413408e-06	2.391414e-09	3.147652e+01	1.553894e+02
4.430000e-06	4.386720e-06	2.388773e-09	3.128619e+01	1.551943e+02
4.440000e-06	4.359679e-06	2.396416e-09	3.109333e+01	1.549937e+02
4.450000e-06	4.332340e-06	2.408399e-09	3.089835e+01	1.547874e+02
4.460000e-06	4.304772e-06	2.399611e-09	3.070173e+01	1.545754e+02
4.470000e-06	4.276980e-06	2.379120e-09	3.050352e+01	1.543578e+02
4.480000e-06	4.248992e-06	2.389311e-09	3.030391e+01	1.541346e+02
4.490000e-06	4.220787e-06	2.405367e-09	3.010275e+01	1.539061e+02
4.500000e-06	4.192340e-06	2.394137e-09	2.989987e+01	1.536725e+02
4.510000e-06	4.163734e-06	2.377645e-09	2.969584e+01	1.534341e+02
4.520000e-06	4.134915e-06	2.378484e-09	2.949031e+01	1.531911e+02
4.530000e-06	4.105600e-06	2.380332e-09	2.928123e+01	1.529441e+02
4.540000e-06	4.075545e-06	2.378783e-09	2.906688e+01	1.526932e+02
4.550000e-06	4.044909e-06	2.366094e-09	2.884838e+01	1.524390e+02
4.560000e-06	4.013838e-06	2.361173e-09	2.862679e+01	1.521817e+02
4.570000e-06	3.982429e-06	2.367534e-09	2.840277e+01	1.519217e+02
4.580000e-06	3.950768e-06	2.374201e-09	2.817697e+01	1.516592e+02
4.590000e-06	3.918875e-06	2.361737e-09	2.794951e+01	1.513947e+02
4.600000e-06	3.886835e-06	2.351261e-09	2.772100e+01	1.511282e+02
4.610000e-06	3.854644e-06	2.353580e-09	2.749141e+01	1.508600e+02
4.620000e-06	3.822346e-06	2.365027e-09	2.726106e+01	1.505903e+02
4.630000e-06	3.789865e-06	2.356720e-09	2.702941e+01	1.503190e+02
4.640000e-06	3.757045e-06	2.341210e-09	2.679533e+01	1.500463e+02
4.650000e-06	3.723912e-06	2.339764e-09	2.655902e+01	1.497722e+02
4.660000e-06	3.690600e-06	2.350166e-09	2.632144e+01	1.494966e+02
4.670000e-06	3.657046e-06	2.345338e-09	2.608213e+01	1.492194e+02
4.680000e-06	3.623174e-06	2.332162e-09	2.584056e+01	1.489406e+02
4.690000e-06	3.589081e-06	2.327477e-09	2.559741e+01	1.486599e+02
4.700000e-06	3.554750e-06	2.333255e-09	2.535256e+01	1.483771e+02
4.710000e-06	3.520115e-06	2.330549e-09	2.510554e+01	1.480922e+02
4.720000e-06	3.485195e-06	2.317121e-09	2.485649e+01	1.478048e+02
4.730000e-06	3.450023e-06	2.311465e-09	2.460564e+01	1.475149e+02
4.740000e-06	3.414659e-06	2.316334e-09	2.435342e+01	1.472222e+02
4.750000e-06	3.379105e-06	2.315479e-09	2.409986e+01	1.469265e+02
4.760000e-06	3.343339e-06	2.306753e-09	2.384477e+01	1.466276e+02
4.770000e-06	3.307474e-06	2.301332e-09	2.358898e+01	1.463254e+02
4.780000e-06	3.271521e-06	2.304807e-09	2.333256e+01	1.460198e+02
4.790000e-06	3.235411e-06	2.308263e-09	2.307503e+01	1.457106e+02
4.800000e-06	3.199139e-06	2.301721e-09	2.281634e+01	1.453977e+02
4.810000e-06	3.162712e-06	2.291689e-09	2.255654e+01	1.450810e+02
4.820000e-06	3.126066e-06	2.286353e-09	2.229517e+01	1.447604e+02
4.830000e-06	3.089097e-06	2.286426e-09	2.203151e+01	1.444359e+02
4.840000e-06	3.051790e-06	2.281815e-09	2.176544e+01	1.441074e+02
4.850000e-06	3.014000e-06	2.275025e-09	2.149592e+01	1.437749e+02
4.860000e-06	2.975766e-06	2.270985e-09	2.122323e+01	1.434382e+02
4.870000e-06	2.937195e-06	2.271870e-09	2.094814e+01	1.430973e+02
4.880000e-06	2.898209e-06	2.267633e-09	2.067009e+01	1.427522e+02
4.890000e-06	2.858913e-06	2.259404e-09	2.038983e+01	1.424026e+02
4.900000e-06	2.819386e-06	2.251971e-09	2.010793e+01	1.420484e+02
4.910000e-06	2.779675e-06	2.249146e-09	1.982470e+01	1.416895e+02
4.920000e-06	2.739829e-06	2.244176e-09	1.954052e+01	1.413257e+02
4.930000e-06	2.699884e-06	2.235718e-09	1.925563e+01	1.409567e+02
4.940000e-06	2.659862e-06	2.228640e-09	1.897020e+01	1.405823e+02
4.950000e-06	2.619727e-06	2.228062e-09	1.868396e+01	1.402021e+02
4.960000e-06	2.579484e-06	2.225482e-09	1.839694e+01	1.398157e+02
4.970000e-06	2.539183e-06	2.219198e-09	1.810951e+01	1.394228e+02
4.980000e-06	2.498771e-06	2.212218e-09	1.782129e+01	1.390230e+02
4.990000e-06	2.458240e-06	2.208557e-09	1.753222e+01	1.386158e+02
5.000000e-06	2.417516e-06	2.202477e-09	1.724178e+01	1.382007e+02
5.010000e-06	2.376594e-06	2.192900e-09	1.694992e+01	1.377773e+02
5.020000e-06	2.335464e-06	2.186308e-09	1.665658e+01	1.373451e+02
5.030000e-06	2.294095e-06	2.184351e-09	1.636154e+01	1.369036e+02
5.040000e-06	2.252550e-06	2.180168e-09	1.606524e+01	1.364524e+02
5.050000e-06	2.210885e-06	2.171718e-09	1.576809e+01	1.359910e+02
5.060000e-06	2.169086e-06	2.166312e-09	1.546997e+01	1.355190e+02
5.070000e-06	2.127094e-06	2.166443e-09	1.517048e+01	1.350360e+02
5.080000e-06	2.084991e-06	2.162781e-09	1.487020e+01	1.345417e+02
5.090000e-06	2.042749e-06	2.151151e-09	1.456893e+01	1.340357e+02
5.100000e-06	2.000340e-06	2.138845e-09	1.426647e+01	1.335179e+02
5.110000e-06	1.957769e-06	2.130609e-09	1.396285e+01	1.329881e+02
5.120000e-06	1.915053e-06	2.122105e-09	1.365820e+01	1.324460e+02
5.130000e-06	1.872247e-06	2.110296e-09	1.335291e+01	1.318917e+02
5.140000e-06	1.829351e-06	2.100337e-09	1.304697e+01	1.313251e+02
5.150000e-06	1.786296e-06	2.095476e-09	1.273990e+01	1.307463e+02
5.160000e-06	1.743067e-06	2.092047e-09	1.243159e+01	1.301553e+02
5.170000e-06	1.699691e-06	2.081148e-09	1.212223e+01	1.295521e+02
5.180000e-06	1.656216e-06	2.065213e-09	1.181217e+01	1.289369e+02
5.190000e-06	1.612625e-06	2.050065e-09	1.150128e+01	1.283099e+02
5.200000e-06	1.568913e-06	2.038758e-09	1.118952e+01	1.276712e+02
5.210000e-06	1.525125e-06	2.030588e-09	1.087723e+01	1.270208e+02
5.220000e-06	1.481278e-06	2.024238e-09	1.056451e+01	1.263589e+02
5.230000e-06	1.437392e-06	2.018677e-09	1.025151e+01	1.256855e+02
5.240000e-06	1.393477e-06	2.013538e-09	9.938306e+00	1.250006e+02
5.250000e-06	1.349537e-06	2.003332e-09	9.624932e+00	1.243042e+02
5.260000e-06	1.305561e-06	1.988225e-09	9.311288e+00	1.235960e+02
5.270000e-06	1.261578e-06	1.973890e-09	8.997605e+00	1.228759e+02
5.280000e-06	1.217548e-06	1.963473e-09	8.683578e+00	1.221434e+02
5.290000e-06	1.173450e-06	1.953701e-09	8.369073e+00	1.213982e+02
5.300000e-06	1.129339e-06	1.943924e-09	8.054471e+00	1.206397e+02
5.310000e-06	1.085160e-06	1.934722e-09	7.739385e+00	1.198671e+02
5.320000e-06	1.040924e-06	1.923847e-09	7.423893e+00	1.190797e+02
5.330000e-06	9.966564e-07	1.908085e-09	7.108176e+00	1.182765e+02
5.340000e-06	9.522615e-07	1.890622e-09	6.791551e+00	1.174564e+02
5.350000e-06	9.077843e-07	1.875455e-09	6.474339e+00	1.166184e+02
5.360000e-06	8.633031e-07	1.862772e-09	6.157097e+00	1.157610e+02
5.370000e-06	8.188137e-07	1.851441e-09	5.839798e+00	1.148829e+02
5.380000e-06	7.742342e-07	1.841290e-09	5.521856e+00	1.139827e+02
5.390000e-06	7.294998e-07	1.830848e-09	5.202809e+00	1.130588e+02
5.400000e-06	6.847378e-07	1.821029e-09	4.883565e+00	1.121096e+02
5.410000e-06	6.399046e-07	1.807700e-09	4.563814e+00	1.111334e+02
5.420000e-06	5.950153e-07	1.787061e-09	4.243663e+00	1.101286e+02
5.430000e-06	5.500967e-07	1.761850e-09	3.923302e+00	1.090935e+02
5.440000e-06	5.051212e-07	1.738110e-09	3.602536e+00	1.080263e+02
5.450000e-06	4.601566e-07	1.719220e-09	3.281847e+00	1.069255e+02
5.460000e-06	4.151188e-07	1.703903e-09	2.960637e+00	1.057893e+02
5.470000e-06	3.699900e-07	1.690735e-09	2.638777e+00	1.046162e+02
5.480000e-06	3.248083e-07	1.679724e-09	2.316541e+00	1.034045e+02
5.490000e-06	2.796114e-07	1.667079e-09	1.994195e+00	1.021529e+02
5.500000e-06	2.344571e-07	1.644279e-09	1.672153e+00	1.008598e+02
5.510000e-06	1.893388e-07	1.611739e-09	1.350369e+00	9.952404e+01
5.520000e-06	1.442580e-07	1.579818e-09	1.028852e+00	9.814422e+01
5.530000e-06	9.919541e-08	1.554655e-09	7.074639e-01	9.671920e+01
5.540000e-06	5.404532e-08	1.532475e-09	3.854524e-01	9.524787e+01
5.550000e-06	8.833268e-09	1.512570e-09	6.299907e-02	9.372921e+01
5.560000e-06	-3.634621e-08	1.495703e-09	-2.592220e-01	9.216224e+01
5.570000e-06	-8.153818e-08	1.475762e-09	-5.815322e-01	9.054607e+01
5.580000e-06	-1.267119e-07	1.448391e-09	-9.037125e-01	8.887985e+01
5.590000e-06	-1.717844e-07	1.413451e-09	-1.225170e+00	8.716279e+01
5.600000e-06	-2.168143e-07	1.376283e-09	-1.546324e+00	8.539410e+01
5.610000e-06	-2.618560e-07	1.344316e-09	-1.867563e+00	8.357304e+01
5.620000e-06	-3.068749e-07	1.315874e-09	-2.188639e+00	8.169889e+01
5.630000e-06	-3.518526e-07	1.287181e-09	-2.509421e+00	7.977091e+01
5.640000e-06	-3.967626e-07	1.258274e-09	-2.829720e+00	7.778838e+01
5.650000e-06	-4.415951e-07	1.230692e-09	-3.149466e+00	7.575057e+01
5.660000e-06	-4.864147e-07	1.197696e-09	-3.469121e+00	7.365673e+01
5.670000e-06	-5.312909e-07	1.155325e-09	-3.789179e+00	7.150609e+01
5.680000e-06	-5.761092e-07	1.109719e-09	-4.108824e+00	6.929789e+01
5.690000e-06	-6.208498e-07	1.068076e-09	-4.427915e+00	6.703135e+01
5.700000e-06	-6.655841e-07	1.030118e-09	-4.746961e+00	6.470569e+01
5.710000e-06	-7.102133e-07	9.943112e-10	-5.065258e+00	6.232015e+01
5.720000e-06	-7.547401e-07	9.559747e-10	-5.382824e+00	5.987398e+01
5.730000e-06	-7.993143e-07	9.149935e-10	-5.700728e+00	5.736650e+01
5.740000e-06	-8.439513e-07	8.748174e-10	-6.019080e+00	5.479707e+01
5.750000e-06	-8.885205e-07	8.342925e-10	-6.336948e+00	5.216515e+01
5.760000e-06	-9.329351e-07	7.912036e-10	-6.653715e+00	4.947029e+01
5.770000e-06	-9.772548e-07	7.461460e-10	-6.969804e+00	4.671220e+01
5.780000e-06	-1.021512e-06	7.000235e-10	-7.285450e+00	4.389075e+01
5.790000e-06	-1.065702e-06	6.534032e-10	-7.600611e+00	4.100600e+01
5.800000e-06	-1.109852e-06	6.078243e-10	-7.915488e+00	3.805825e+01
5.810000e-06	-1.153978e-06	5.611381e-10	-8.230196e+00	3.504802e+01
5.820000e-06	-1.198081e-06	5.120734e-10	-8.544740e+00	3.197615e+01
5.830000e-06	-1.242142e-06	4.609301e-10	-8.858984e+00	2.884375e+01
5.840000e-06	-1.286175e-06	4.083976e-10	-9.173032e+00	2.565228e+01
5.850000e-06	-1.330157e-06	3.570850e-10	-9.486711e+00	2.240353e+01
5.860000e-06	-1.374118e-06	3.074184e-10	-9.800241e+00	1.909968e+01
5.870000e-06	-1.418044e-06	2.564765e-10	-1.011352e+01	1.574324e+01
5.880000e-06	-1.461931e-06	2.030088e-10	-1.042653e+01	1.233715e+01
5.890000e-06	-1.505765e-06	1.479317e-10	-1.073915e+01	8.884692e+00
5.900000e-06	-1.549538e-06	8.956974e-11	-1.105134e+01	5.389543e+00
5.910000e-06	-1.593248e-06	2.703903e-11	-1.136308e+01	1.855744e+00
5.920000e-06	-1.636902e-06	-3.526814e-11	-1.167442e+01	-1.712312e+00
5.930000e-06	-1.680420e-06	-9.357490e-11	-1.198480e+01	-5.309904e+00
5.940000e-06	-1.723779e-06	-1.459540e-10	-1.229403e+01	-8.932005e+00
5.950000e-06	-1.767062e-06	-1.965859e-10	-1.260273e+01	-1.257332e+01
5.960000e-06	-1.810219e-06	-2.495059e-10	-1.291052e+01	-1.622832e+01
5.970000e-06	-1.853135e-06	-3.053782e-10	-1.321660e+01	-1.989127e+01
5.980000e-06	-1.895945e-06	-3.620625e-10	-1.352192e+01	-2.355632e+01
5.990000e-06	-1.938607e-06	-4.189537e-10	-1.382619e+01	-2.721748e+01
6.000000e-06	-1.981040e-06	-4.773136e-10	-1.412882e+01	-3.086873e+01
6.010000e-06	-2.023414e-06	-5.354444e-10	-1.443104e+01	-3.450406e+01
6.020000e-06	-2.065661e-06	-5.929115e-10	-1.473234e+01	-3.811750e+01
6.030000e-06	-2.107748e-06	-6.487154e-10	-1.503250e+01	-4.170319e+01
6.040000e-06	-2.149685e-06	-7.037451e-10	-1.533160e+01	-4.525542e+01
6.050000e-06	-2.191497e-06	-7.585004e-10	-1.562981e+01	-4.876872e+01
6.060000e-06	-2.233244e-06	-8.109368e-10	-1.592755e+01	-5.223782e+01
6.070000e-06	-2.274877e-06	-8.606223e-10	-1.622447e+01	-5.565779e+01
6.080000e-06	-2.316290e-06	-9.123090e-10	-1.651983e+01	-5.902401e+01
6.090000e-06	-2.357545e-06	-9.701471e-10	-1.681407e+01	-6.233224e+01
6.100000e-06	-2.398706e-06	-1.027918e-09	-1.710762e+01	-6.557863e+01
6.110000e-06	-2.439617e-06	-1.079333e-09	-1.739941e+01	-6.875975e+01
6.120000e-06	-2.480170e-06	-1.125562e-09	-1.768863e+01	-7.187261e+01
6.130000e-06	-2.520500e-06	-1.172081e-09	-1.797626e+01	-7.491464e+01
6.140000e-06	-2.560711e-06	-1.220462e-09	-1.826305e+01	-7.788376e+01
6.150000e-06	-2.600823e-06	-1.266070e-09	-1.854913e+01	-8.077829e+01
6.160000e-06	-2.640849e-06	-1.308372e-09	-1.883460e+01	-8.359703e+01
6.170000e-06	-2.680802e-06	-1.350334e-09	-1.911954e+01	-8.633918e+01
6.180000e-06	-2.720696e-06	-1.396223e-09	-1.940406e+01	-8.900433e+01
6.190000e-06	-2.760458e-06	-1.442795e-09	-1.968765e+01	-9.159248e+01
6.200000e-06	-2.800092e-06	-1.485107e-09	-1.997032e+01	-9.410396e+01
6.210000e-06	-2.839631e-06	-1.524484e-09	-2.025231e+01	-9.653942e+01
6.220000e-06	-2.878931e-06	-1.564958e-09	-2.053260e+01	-9.889980e+01
6.230000e-06	-2.917844e-06	-1.604815e-09	-2.081013e+01	-1.011863e+02
6.240000e-06	-2.956475e-06	-1.638485e-09	-2.108565e+01	-1.034002e+02
6.250000e-06	-2.994760e-06	-1.668145e-09	-2.135870e+01	-1.055432e+02
6.260000e-06	-3.032535e-06	-1.699705e-09	-2.162811e+01	-1.076169e+02
6.270000e-06	-3.069860e-06	-1.734834e-09	-2.189431e+01	-1.096231e+02
6.280000e-06	-3.106773e-06	-1.768774e-09	-2.215758e+01	-1.115637e+02
6.290000e-06	-3.143393e-06	-1.802139e-09	-2.241875e+01	-1.134404e+02
6.300000e-06	-3.179872e-06	-1.836307e-09	-2.267892e+01	-1.152552e+02
6.310000e-06	-3.216163e-06	-1.866872e-09	-2.293775e+01	-1.170099e+02
6.320000e-06	-3.252245e-06	-1.890608e-09	-2.319508e+01	-1.187063e+02
6.330000e-06	-3.288211e-06	-1.908949e-09	-2.345160e+01	-1.203460e+02
6.340000e-06	-3.324071e-06	-1.928385e-09	-2.370735e+01	-1.219307e+02
6.350000e-06	-3.359819e-06	-1.952869e-09	-2.396231e+01	-1.234620e+02
6.360000e-06	-3.395383e-06	-1.979949e-09	-2.421595e+01	-1.249412e+02
6.370000e-06	-3.430668e-06	-2.005189e-09	-2.446760e+01	-1.263697e+02
6.380000e-06	-3.465685e-06	-2.029121e-09	-2.471734e+01	-1.277487e+02
6.390000e-06	-3.500465e-06	-2.053567e-09	-2.496540e+01	-1.290794e+02
6.400000e-06	-3.534989e-06	-2.074245e-09	-2.521162e+01	-1.303628e+02
6.410000e-06	-3.569258e-06	-2.089717e-09	-2.545603e+01	-1.316000e+02
6.420000e-06	-3.603287e-06	-2.103744e-09	-2.569873e+01	-1.327918e+02
6.430000e-06	-3.637072e-06	-2.120899e-09	-2.593968e+01	-1.339393e+02
6.440000e-06	-3.670710e-06	-2.140564e-09	-2.617959e+01	-1.350432e+02
6.450000e-06	-3.704083e-06	-2.158484e-09	-2.641761e+01	-1.361045e+02
6.460000e-06	-3.737004e-06	-2.176022e-09	-2.665240e+01	-1.371241e+02
6.470000e-06	-3.769624e-06	-2.193528e-09	-2.688504e+01	-1.381028e+02
6.480000e-06	-3.802036e-06	-2.207489e-09	-2.711621e+01	-1.390418e+02
6.490000e-06	-3.834202e-06	-2.218691e-09	-2.734561e+01	-1.399419e+02
6.500000e-06	-3.866195e-06	-2.229301e-09	-2.757379e+01	-1.408043e+02
6.510000e-06	-3.898067e-06	-2.242992e-09	-2.780110e+01	-1.416301e+02
6.520000e-06	-3.929762e-06	-2.259344e-09	-2.802716e+01	-1.424205e+02
6.530000e-06	-3.961222e-06	-2.274486e-09	-2.825152e+01	-1.431770e+02
6.540000e-06	-3.992337e-06	-2.288781e-09	-2.847344e+01	-1.439007e+02
6.550000e-06	-4.022995e-06	-2.300872e-09	-2.869209e+01	-1.445932e+02
6.560000e-06	-4.053297e-06	-2.309566e-09	-2.890821e+01	-1.452559e+02
6.570000e-06	-4.083248e-06	-2.315469e-09	-2.912182e+01	-1.458904e+02
6.580000e-06	-4.112699e-06	-2.321866e-09	-2.933186e+01	-1.464983e+02
6.590000e-06	-4.141679e-06	-2.330886e-09	-2.953855e+01	-1.470812e+02
6.600000e-06	-4.170288e-06	-2.341357e-09	-2.974259e+01	-1.476405e+02
6.610000e-06	-4.198586e-06	-2.351862e-09	-2.994441e+01	-1.481781e+02
6.620000e-06	-4.226649e-06	-2.362610e-09	-3.014456e+01	-1.486952e+02
6.630000e-06	-4.254570e-06	-2.373306e-09	-3.034369e+01	-1.491935e+02
6.640000e-06	-4.282291e-06	-2.383251e-09	-3.054140e+01	-1.496743e+02
6.650000e-06	-4.309798e-06	-2.391136e-09	-3.073758e+01	-1.501389e+02
6.660000e-06	-4.337056e-06	-2.396053e-09	-3.093198e+01	-1.505885e+02
6.670000e-06	-4.363971e-06	-2.400597e-09	-3.112394e+01	-1.510243e+02
6.680000e-06	-4.390599e-06	-2.406609e-09	-3.131386e+01	-1.514471e+02
6.690000e-06	-4.416914e-06	-2.413347e-09	-3.150153e+01	-1.518578e+02
6.700000e-06	-4.442803e-06	-2.422268e-09	-3.168617e+01	-1.522570e+02
6.710000e-06	-4.468330e-06	-2.433711e-09	-3.186823e+01	-1.526453e+02
6.720000e-06	-4.493626e-06	-2.442041e-09	-3.204864e+01	-1.530229e+02
6.730000e-06	-4.518627e-06	-2.443717e-09	-3.222695e+01	-1.533902e+02
6.740000e-06	-4.543235e-06	-2.444059e-09	-3.240246e+01	-1.537473e+02
6.750000e-06	-4.567553e-06	-2.449265e-09	-3.257590e+01	-1.540940e+02
6.760000e-06	-4.591664e-06	-2.455183e-09	-3.274785e+01	-1.544304e+02
6.770000e-06	-4.615599e-06	-2.457793e-09	-3.291856e+01	-1.547561e+02
6.780000e-06	-4.639388e-06	-2.461298e-09	-3.308823e+01	-1.550710e+02
6.790000e-06	-4.662967e-06	-2.469951e-09	-3.325639e+01	-1.553746e+02
6.800000e-06	-4.686152e-06	-2.480761e-09	-3.342174e+01	-1.556666e+02
6.810000e-06	-4.708761e-06	-2.488095e-09	-3.358299e+01	-1.559467e+02
6.820000e-06	-4.730781e-06	-2.490739e-09	-3.374004e+01	-1.562146e+02
6.830000e-06	-4.752209e-06	-2.491240e-09	-3.389287e+01	-1.564699e+02
6.840000e-06	-4.773075e-06	-2.493213e-09	-3.404168e+01	-1.567124e+02
6.850000e-06	-4.793538e-06	-2.492875e-09	-3.418762e+01	-1.569420e+02
6.860000e-06	-4.813762e-06	-2.488181e-09	-3.433186e+01	-1.571586e+02
6.870000e-06	-4.833837e-06	-2.487125e-09	-3.447504e+01	-1.573623e+02
6.880000e-06	-4.853776e-06	-2.493408e-09	-3.461724e+01	-1.575532e+02
6.890000e-06	-4.873501e-06	-2.500327e-09	-3.475792e+01	-1.577317e+02
6.900000e-06	-4.892866e-06	-2.504550e-09	-3.489603e+01	-1.578982e+02
6.910000e-06	-4.911889e-06	-2.507781e-09	-3.503170e+01	-1.580533e+02
6.920000e-06	-4.930564e-06	-2.510039e-09	-3.516489e+01	-1.581976e+02
6.930000e-06	-4.948833e-06	-2.510229e-09	-3.529519e+01	-1.583320e+02
6.940000e-06	-4.966792e-06	-2.506766e-09	-3.542328e+01	-1.584574e+02
6.950000e-06	-4.984499e-06	-2.501766e-09	-3.554956e+01	-1.585748e+02
6.960000e-06	-5.001884e-06	-2.500832e-09	-3.567355e+01	-1.586853e+02
6.970000e-06	-5.018880e-06	-2.505997e-09	-3.579477e+01	-1.587899e+02
6.980000e-06	-5.035503e-06	-2.512503e-09	-3.591332e+01	-1.588899e+02
6.990000e-06	-5.051785e-06	-2.516399e-09	-3.602944e+01	-1.589863e+02
7.000000e-06	-5.067810e-06	-2.521054e-09	-3.614374e+01	-1.590803e+02
7.010000e-06	-5.083586e-06	-2.525693e-09	-3.625626e+01	-1.591730e+02
7.020000e-06	-5.099029e-06	-2.523261e-09	-3.636639e+01	-1.592653e+02
7.030000e-06	-5.114100e-06	-2.517443e-09	-3.647388e+01	-1.593581e+02
7.040000e-06	-5.128691e-06	-2.516194e-09	-3.657794e+01	-1.594523e+02
7.050000e-06	-5.142638e-06	-2.519524e-09	-3.667741e+01	-1.595484e+02
7.060000e-06	-5.155909e-06	-2.525529e-09	-3.677206e+01	-1.596469e+02
7.070000e-06	-5.168719e-06	-2.530045e-09	-3.686342e+01	-1.597480e+02
7.080000e-06	-5.181197e-06	-2.533454e-09	-3.695242e+01	-1.598520e+02
7.090000e-06	-5.193265e-06	-2.538778e-09	-3.703849e+01	-1.599587e+02
7.100000e-06	-5.204988e-06	-2.542227e-09	-3.712210e+01	-1.600678e+02
7.110000e-06	-5.216354e-06	-2.540131e-09	-3.720316e+01	-1.601789e+02
7.120000e-06	-5.227275e-06	-2.535853e-09	-3.728105e+01	-1.602914e+02
7.130000e-06	-5.237750e-06	-2.536549e-09	-3.735575e+01	-1.604045e+02
7.140000e-06	-5.247884e-06	-2.538117e-09	-3.742803e+01	-1.605173e+02
7.150000e-06	-5.257748e-06	-2.537704e-09	-3.749838e+01	-1.606287e+02
7.160000e-06	-5.267246e-06	-2.536735e-09	-3.756612e+01	-1.607375e+02
7.170000e-06	-5.276331e-06	-2.537149e-09	-3.763092e+01	-1.608425e+02
7.180000e-06	-5.285057e-06	-2.540871e-09	-3.769315e+01	-1.609425e+02
7.190000e-06	-5.293462e-06	-2.544790e-09	-3.775309e+01	-1.610361e+02
7.200000e-06	-5.301580e-06	-2.545838e-09	-3.781099e+01	-1.611222e+02
7.210000e-06	-5.309499e-06	-2.546075e-09	-3.786747e+01	-1.611994e+02
7.220000e-06	-5.317195e-06	-2.548910e-09	-3.792235e+01	-1.612667e+02
7.230000e-06	-5.324521e-06	-2.550394e-09	-3.797460e+01	-1.613230e+02
7.240000e-06	-5.331356e-06	-2.546188e-09	-3.802335e+01	-1.613676e+02
7.250000e-06	-5.337619e-06	-2.540583e-09	-3.806802e+01	-1.613996e+02
7.260000e-06	-5.343348e-06	-2.538302e-09	-3.810888e+01	-1.614186e+02
7.270000e-06	-5.348555e-06	-2.540567e-09	-3.814601e+01	-1.614243e+02
7.280000e-06	-5.353325e-06	-2.541448e-09	-3.818004e+01	-1.614167e+02
7.290000e-06	-5.357747e-06	-2.540139e-09	-3.821158e+01	-1.613958e+02
7.300000e-06	-5.361844e-06	-2.538363e-09	-3.824079e+01	-1.613621e+02
7.310000e-06	-5.365674e-06	-2.535024e-09	-3.826811e+01	-1.613162e+02
7.320000e-06	-5.369214e-06	-2.530827e-09	-3.829335e+01	-1.612591e+02
7.330000e-06	-5.372411e-06	-2.527530e-09	-3.831616e+01	-1.611917e+02
7.340000e-06	-5.375211e-06	-2.526407e-09	-3.833613e+01	-1.611154e+02
7.350000e-06	-5.377632e-06	-2.525208e-09	-3.835340e+01	-1.610315e+02
7.360000e-06	-5.379739e-06	-2.522097e-09	-3.836842e+01	-1.609419e+02
7.370000e-06	-5.381548e-06	-2.520972e-09	-3.838133e+01	-1.608480e+02
7.380000e-06	-5.382873e-06	-2.523743e-09	-3.839077e+01	-1.607519e+02
7.390000e-06	-5.383791e-06	-2.525863e-09	-3.839732e+01	-1.606554e+02
7.400000e-06	-5.384406e-06	-2.523992e-09	-3.840171e+01	-1.605603e+02
