# Temperatura_=_6.25
# Concentracion g/m^3_=_4090.0
# C_Vs_to_Am_M_A/Vsm_=_65563218390.804596
# pendiente_HvsI_1/m_=_3716.3
# ordenada_HvsI_A/m_=_1297.0
# frecuencia_Hz_=_135083.96278388286

Tiempo_(s)	Campo_(V.s)	Magnetizacion_(V.s)	Campo_(kA/m)	Magnetizacion_(A/m)
0.000000e+00	-5.445101e-06	-1.320448e-09	-3.838467e+01	-8.928025e+01
1.000000e-08	-5.445309e-06	-1.319848e-09	-3.838614e+01	-8.913752e+01
2.000000e-08	-5.445239e-06	-1.319712e-09	-3.838564e+01	-8.897121e+01
3.000000e-08	-5.444976e-06	-1.315016e-09	-3.838379e+01	-8.878123e+01
4.000000e-08	-5.444356e-06	-1.306403e-09	-3.837941e+01	-8.856875e+01
5.000000e-08	-5.443133e-06	-1.298103e-09	-3.837079e+01	-8.833627e+01
6.000000e-08	-5.441222e-06	-1.296247e-09	-3.835732e+01	-8.808759e+01
7.000000e-08	-5.438661e-06	-1.306413e-09	-3.833927e+01	-8.782775e+01
8.000000e-08	-5.435551e-06	-1.329206e-09	-3.831734e+01	-8.756290e+01
9.000000e-08	-5.431961e-06	-1.327905e-09	-3.829204e+01	-8.730008e+01
1.000000e-07	-5.427988e-06	-1.281186e-09	-3.826403e+01	-8.704701e+01
1.100000e-07	-5.423747e-06	-1.258682e-09	-3.823414e+01	-8.681177e+01
1.200000e-07	-5.419354e-06	-1.306209e-09	-3.820316e+01	-8.660249e+01
1.300000e-07	-5.414725e-06	-1.346101e-09	-3.817053e+01	-8.642702e+01
1.400000e-07	-5.409549e-06	-1.300805e-09	-3.813405e+01	-8.629257e+01
1.500000e-07	-5.403851e-06	-1.227460e-09	-3.809388e+01	-8.620540e+01
1.600000e-07	-5.397954e-06	-1.306814e-09	-3.805231e+01	-8.617054e+01
1.700000e-07	-5.391803e-06	-1.367413e-09	-3.800895e+01	-8.619149e+01
1.800000e-07	-5.385149e-06	-1.317550e-09	-3.796204e+01	-8.627009e+01
1.900000e-07	-5.378007e-06	-1.217483e-09	-3.791169e+01	-8.640634e+01
2.000000e-07	-5.370624e-06	-1.278421e-09	-3.785965e+01	-8.659837e+01
2.100000e-07	-5.363159e-06	-1.362624e-09	-3.780702e+01	-8.684247e+01
2.200000e-07	-5.355383e-06	-1.345044e-09	-3.775221e+01	-8.713315e+01
2.300000e-07	-5.347164e-06	-1.330629e-09	-3.769427e+01	-8.746338e+01
2.400000e-07	-5.338625e-06	-1.396962e-09	-3.763408e+01	-8.782477e+01
2.500000e-07	-5.329529e-06	-1.435306e-09	-3.756995e+01	-8.820790e+01
2.600000e-07	-5.319566e-06	-1.395299e-09	-3.749972e+01	-8.860262e+01
2.700000e-07	-5.309055e-06	-1.413036e-09	-3.742563e+01	-8.899849e+01
2.800000e-07	-5.298244e-06	-1.443704e-09	-3.734942e+01	-8.938509e+01
2.900000e-07	-5.286966e-06	-1.410797e-09	-3.726991e+01	-8.975242e+01
3.000000e-07	-5.275242e-06	-1.364922e-09	-3.718727e+01	-9.009126e+01
3.100000e-07	-5.263146e-06	-1.433615e-09	-3.710199e+01	-9.039347e+01
3.200000e-07	-5.250651e-06	-1.464556e-09	-3.701391e+01	-9.065230e+01
3.300000e-07	-5.237703e-06	-1.405115e-09	-3.692263e+01	-9.086252e+01
3.400000e-07	-5.224415e-06	-1.360403e-09	-3.682896e+01	-9.102062e+01
3.500000e-07	-5.210832e-06	-1.419095e-09	-3.673321e+01	-9.112487e+01
3.600000e-07	-5.196839e-06	-1.436075e-09	-3.663457e+01	-9.117525e+01
3.700000e-07	-5.182433e-06	-1.405050e-09	-3.653301e+01	-9.117343e+01
3.800000e-07	-5.167428e-06	-1.377918e-09	-3.642724e+01	-9.112259e+01
3.900000e-07	-5.151752e-06	-1.396066e-09	-3.631673e+01	-9.102719e+01
4.000000e-07	-5.135576e-06	-1.399422e-09	-3.620270e+01	-9.089276e+01
4.100000e-07	-5.119142e-06	-1.409821e-09	-3.608685e+01	-9.072556e+01
4.200000e-07	-5.102349e-06	-1.386701e-09	-3.596847e+01	-9.053232e+01
4.300000e-07	-5.085090e-06	-1.362493e-09	-3.584681e+01	-9.031988e+01
4.400000e-07	-5.067526e-06	-1.376389e-09	-3.572299e+01	-9.009494e+01
4.500000e-07	-5.049653e-06	-1.415389e-09	-3.559700e+01	-8.986373e+01
4.600000e-07	-5.031379e-06	-1.394898e-09	-3.546818e+01	-8.963184e+01
4.700000e-07	-5.012813e-06	-1.356488e-09	-3.533730e+01	-8.940396e+01
4.800000e-07	-4.993915e-06	-1.366611e-09	-3.520408e+01	-8.918380e+01
4.900000e-07	-4.974552e-06	-1.391728e-09	-3.506758e+01	-8.897396e+01
5.000000e-07	-4.954882e-06	-1.375820e-09	-3.492892e+01	-8.877597e+01
5.100000e-07	-4.935012e-06	-1.338667e-09	-3.478885e+01	-8.859026e+01
5.200000e-07	-4.914959e-06	-1.337552e-09	-3.464749e+01	-8.841633e+01
5.300000e-07	-4.894648e-06	-1.361820e-09	-3.450431e+01	-8.825281e+01
5.400000e-07	-4.873974e-06	-1.376917e-09	-3.435857e+01	-8.809765e+01
5.500000e-07	-4.852993e-06	-1.351871e-09	-3.421066e+01	-8.794834e+01
5.600000e-07	-4.831697e-06	-1.336928e-09	-3.406054e+01	-8.780210e+01
5.700000e-07	-4.810092e-06	-1.348825e-09	-3.390824e+01	-8.765606e+01
5.800000e-07	-4.788189e-06	-1.362960e-09	-3.375383e+01	-8.750749e+01
5.900000e-07	-4.765745e-06	-1.333671e-09	-3.359562e+01	-8.735397e+01
6.000000e-07	-4.742927e-06	-1.309029e-09	-3.343477e+01	-8.719349e+01
6.100000e-07	-4.719871e-06	-1.313282e-09	-3.327223e+01	-8.702462e+01
6.200000e-07	-4.696461e-06	-1.338053e-09	-3.310721e+01	-8.684652e+01
6.300000e-07	-4.672840e-06	-1.334692e-09	-3.294069e+01	-8.665902e+01
6.400000e-07	-4.649083e-06	-1.320513e-09	-3.277322e+01	-8.646254e+01
6.500000e-07	-4.625115e-06	-1.312629e-09	-3.260426e+01	-8.625807e+01
6.600000e-07	-4.600826e-06	-1.329863e-09	-3.243304e+01	-8.604709e+01
6.700000e-07	-4.576096e-06	-1.331287e-09	-3.225871e+01	-8.583141e+01
6.800000e-07	-4.550913e-06	-1.310462e-09	-3.208118e+01	-8.561309e+01
6.900000e-07	-4.525159e-06	-1.289013e-09	-3.189963e+01	-8.539425e+01
7.000000e-07	-4.498890e-06	-1.300569e-09	-3.171445e+01	-8.517696e+01
7.100000e-07	-4.472194e-06	-1.309958e-09	-3.152626e+01	-8.496310e+01
7.200000e-07	-4.445078e-06	-1.301207e-09	-3.133511e+01	-8.475423e+01
7.300000e-07	-4.417725e-06	-1.288425e-09	-3.114229e+01	-8.455149e+01
7.400000e-07	-4.390163e-06	-1.295909e-09	-3.094799e+01	-8.435558e+01
7.500000e-07	-4.362360e-06	-1.305159e-09	-3.075200e+01	-8.416668e+01
7.600000e-07	-4.334342e-06	-1.296887e-09	-3.055449e+01	-8.398449e+01
7.700000e-07	-4.306096e-06	-1.276559e-09	-3.035537e+01	-8.380820e+01
7.800000e-07	-4.277525e-06	-1.267094e-09	-3.015396e+01	-8.363665e+01
7.900000e-07	-4.248598e-06	-1.270399e-09	-2.995004e+01	-8.346830e+01
8.000000e-07	-4.219389e-06	-1.269235e-09	-2.974414e+01	-8.330143e+01
8.100000e-07	-4.189976e-06	-1.261437e-09	-2.953679e+01	-8.313419e+01
8.200000e-07	-4.160319e-06	-1.257346e-09	-2.932773e+01	-8.296476e+01
8.300000e-07	-4.130402e-06	-1.265013e-09	-2.911683e+01	-8.279142e+01
8.400000e-07	-4.100120e-06	-1.265296e-09	-2.890336e+01	-8.261269e+01
8.500000e-07	-4.069470e-06	-1.254929e-09	-2.868730e+01	-8.242740e+01
8.600000e-07	-4.038589e-06	-1.241408e-09	-2.846961e+01	-8.223476e+01
8.700000e-07	-4.007513e-06	-1.241812e-09	-2.825054e+01	-8.203438e+01
8.800000e-07	-3.976190e-06	-1.244363e-09	-2.802974e+01	-8.182630e+01
8.900000e-07	-3.944587e-06	-1.240779e-09	-2.780695e+01	-8.161096e+01
9.000000e-07	-3.912803e-06	-1.227408e-09	-2.758290e+01	-8.138916e+01
9.100000e-07	-3.880866e-06	-1.226193e-09	-2.735776e+01	-8.116200e+01
9.200000e-07	-3.848758e-06	-1.232635e-09	-2.713142e+01	-8.093077e+01
9.300000e-07	-3.816367e-06	-1.235270e-09	-2.690308e+01	-8.069691e+01
9.400000e-07	-3.783612e-06	-1.227381e-09	-2.667218e+01	-8.046185e+01
9.500000e-07	-3.750516e-06	-1.225868e-09	-2.643887e+01	-8.022694e+01
9.600000e-07	-3.717007e-06	-1.229640e-09	-2.620265e+01	-7.999335e+01
9.700000e-07	-3.683006e-06	-1.227347e-09	-2.596297e+01	-7.976197e+01
9.800000e-07	-3.648526e-06	-1.210716e-09	-2.571990e+01	-7.953341e+01
9.900000e-07	-3.613705e-06	-1.200331e-09	-2.547443e+01	-7.930787e+01
1.000000e-06	-3.578622e-06	-1.200047e-09	-2.522712e+01	-7.908522e+01
1.010000e-06	-3.543279e-06	-1.204258e-09	-2.497797e+01	-7.886493e+01
1.020000e-06	-3.507710e-06	-1.202540e-09	-2.472723e+01	-7.864615e+01
1.030000e-06	-3.472012e-06	-1.200363e-09	-2.447558e+01	-7.842774e+01
1.040000e-06	-3.436156e-06	-1.201370e-09	-2.422282e+01	-7.820839e+01
1.050000e-06	-3.400047e-06	-1.200968e-09	-2.396827e+01	-7.798663e+01
1.060000e-06	-3.363746e-06	-1.190494e-09	-2.371237e+01	-7.776101e+01
1.070000e-06	-3.327257e-06	-1.174033e-09	-2.345515e+01	-7.753013e+01
1.080000e-06	-3.290582e-06	-1.164585e-09	-2.319661e+01	-7.729278e+01
1.090000e-06	-3.253681e-06	-1.165859e-09	-2.293648e+01	-7.704796e+01
1.100000e-06	-3.216531e-06	-1.166471e-09	-2.267460e+01	-7.679504e+01
1.110000e-06	-3.179117e-06	-1.160613e-09	-2.241085e+01	-7.653369e+01
1.120000e-06	-3.141368e-06	-1.156407e-09	-2.214474e+01	-7.626399e+01
1.130000e-06	-3.103344e-06	-1.153238e-09	-2.187670e+01	-7.598642e+01
1.140000e-06	-3.065227e-06	-1.147756e-09	-2.160799e+01	-7.570176e+01
1.150000e-06	-3.026998e-06	-1.137583e-09	-2.133850e+01	-7.541115e+01
1.160000e-06	-2.988497e-06	-1.130732e-09	-2.106710e+01	-7.511592e+01
1.170000e-06	-2.949798e-06	-1.129454e-09	-2.079429e+01	-7.481759e+01
1.180000e-06	-2.910929e-06	-1.129678e-09	-2.052029e+01	-7.451771e+01
1.190000e-06	-2.871883e-06	-1.122774e-09	-2.024503e+01	-7.421781e+01
1.200000e-06	-2.832592e-06	-1.115532e-09	-1.996806e+01	-7.391929e+01
1.210000e-06	-2.792977e-06	-1.112957e-09	-1.968880e+01	-7.362331e+01
1.220000e-06	-2.753254e-06	-1.114692e-09	-1.940877e+01	-7.333073e+01
1.230000e-06	-2.713499e-06	-1.108921e-09	-1.912853e+01	-7.304207e+01
1.240000e-06	-2.673623e-06	-1.099609e-09	-1.884742e+01	-7.275745e+01
1.250000e-06	-2.633694e-06	-1.094871e-09	-1.856595e+01	-7.247659e+01
1.260000e-06	-2.593657e-06	-1.095298e-09	-1.828372e+01	-7.219879e+01
1.270000e-06	-2.553461e-06	-1.089848e-09	-1.800035e+01	-7.192303e+01
1.280000e-06	-2.513084e-06	-1.080512e-09	-1.771572e+01	-7.164795e+01
1.290000e-06	-2.472519e-06	-1.075436e-09	-1.742976e+01	-7.137199e+01
1.300000e-06	-2.431802e-06	-1.074607e-09	-1.714273e+01	-7.109343e+01
1.310000e-06	-2.390895e-06	-1.070427e-09	-1.685436e+01	-7.081053e+01
1.320000e-06	-2.349687e-06	-1.064834e-09	-1.656387e+01	-7.052159e+01
1.330000e-06	-2.308154e-06	-1.057498e-09	-1.627109e+01	-7.022506e+01
1.340000e-06	-2.266281e-06	-1.054338e-09	-1.597591e+01	-6.991965e+01
1.350000e-06	-2.224107e-06	-1.053498e-09	-1.567860e+01	-6.960435e+01
1.360000e-06	-2.181697e-06	-1.047405e-09	-1.537964e+01	-6.927853e+01
1.370000e-06	-2.139011e-06	-1.040771e-09	-1.507873e+01	-6.894195e+01
1.380000e-06	-2.096069e-06	-1.038359e-09	-1.477602e+01	-6.859477e+01
1.390000e-06	-2.052939e-06	-1.038356e-09	-1.447198e+01	-6.823752e+01
1.400000e-06	-2.009686e-06	-1.033668e-09	-1.416707e+01	-6.787109e+01
1.410000e-06	-1.966189e-06	-1.024276e-09	-1.386045e+01	-6.749663e+01
1.420000e-06	-1.922529e-06	-1.013329e-09	-1.355267e+01	-6.711551e+01
1.430000e-06	-1.878882e-06	-1.005913e-09	-1.324498e+01	-6.672920e+01
1.440000e-06	-1.835122e-06	-1.000159e-09	-1.293650e+01	-6.633917e+01
1.450000e-06	-1.791228e-06	-9.931723e-10	-1.262708e+01	-6.594684e+01
1.460000e-06	-1.747297e-06	-9.889123e-10	-1.231738e+01	-6.555341e+01
1.470000e-06	-1.703266e-06	-9.908653e-10	-1.200699e+01	-6.515985e+01
1.480000e-06	-1.659175e-06	-9.918888e-10	-1.169618e+01	-6.476679e+01
1.490000e-06	-1.615058e-06	-9.890617e-10	-1.138518e+01	-6.437449e+01
1.500000e-06	-1.570851e-06	-9.806665e-10	-1.107355e+01	-6.398280e+01
1.510000e-06	-1.526580e-06	-9.718760e-10	-1.076147e+01	-6.359116e+01
1.520000e-06	-1.482153e-06	-9.625880e-10	-1.044828e+01	-6.319866e+01
1.530000e-06	-1.437627e-06	-9.523209e-10	-1.013440e+01	-6.280401e+01
1.540000e-06	-1.393000e-06	-9.437892e-10	-9.819809e+00	-6.240567e+01
1.550000e-06	-1.348271e-06	-9.430493e-10	-9.504496e+00	-6.200191e+01
1.560000e-06	-1.303540e-06	-9.443898e-10	-9.189167e+00	-6.159087e+01
1.570000e-06	-1.258703e-06	-9.413487e-10	-8.873091e+00	-6.117071e+01
1.580000e-06	-1.213777e-06	-9.336282e-10	-8.556391e+00	-6.073966e+01
1.590000e-06	-1.168775e-06	-9.240585e-10	-8.239157e+00	-6.029611e+01
1.600000e-06	-1.123640e-06	-9.152514e-10	-7.920979e+00	-5.983872e+01
1.610000e-06	-1.078310e-06	-9.055981e-10	-7.601432e+00	-5.936646e+01
1.620000e-06	-1.032873e-06	-8.943213e-10	-7.281131e+00	-5.887866e+01
1.630000e-06	-9.874093e-07	-8.860677e-10	-6.960638e+00	-5.837500e+01
1.640000e-06	-9.419107e-07	-8.817200e-10	-6.639900e+00	-5.785556e+01
1.650000e-06	-8.963394e-07	-8.769324e-10	-6.318651e+00	-5.732073e+01
1.660000e-06	-8.506683e-07	-8.694110e-10	-5.996697e+00	-5.677121e+01
1.670000e-06	-8.049537e-07	-8.609928e-10	-5.674436e+00	-5.620793e+01
1.680000e-06	-7.591710e-07	-8.546617e-10	-5.351696e+00	-5.563196e+01
1.690000e-06	-7.133676e-07	-8.463384e-10	-5.028810e+00	-5.504442e+01
1.700000e-06	-6.675939e-07	-8.330808e-10	-4.706133e+00	-5.444638e+01
1.710000e-06	-6.217057e-07	-8.192229e-10	-4.382649e+00	-5.383878e+01
1.720000e-06	-5.757266e-07	-8.087314e-10	-4.058524e+00	-5.322234e+01
1.730000e-06	-5.297343e-07	-7.992928e-10	-3.734306e+00	-5.259746e+01
1.740000e-06	-4.837144e-07	-7.910154e-10	-3.409893e+00	-5.196420e+01
1.750000e-06	-4.376653e-07	-7.836009e-10	-3.085276e+00	-5.132220e+01
1.760000e-06	-3.915768e-07	-7.768152e-10	-2.760379e+00	-5.067069e+01
1.770000e-06	-3.454439e-07	-7.669271e-10	-2.435171e+00	-5.000849e+01
1.780000e-06	-2.992670e-07	-7.541305e-10	-2.109651e+00	-4.933405e+01
1.790000e-06	-2.531296e-07	-7.422275e-10	-1.784410e+00	-4.864545e+01
1.800000e-06	-2.069938e-07	-7.325011e-10	-1.459181e+00	-4.794054e+01
1.810000e-06	-1.607483e-07	-7.189987e-10	-1.133178e+00	-4.721697e+01
1.820000e-06	-1.145169e-07	-7.025859e-10	-8.072748e-01	-4.647229e+01
1.830000e-06	-6.838955e-08	-6.881398e-10	-4.821050e-01	-4.570406e+01
1.840000e-06	-2.226541e-08	-6.775286e-10	-1.569576e-01	-4.490994e+01
1.850000e-06	2.391678e-08	-6.698708e-10	1.685988e-01	-4.408777e+01
1.860000e-06	7.009163e-08	-6.613013e-10	4.941036e-01	-4.323564e+01
1.870000e-06	1.162047e-07	-6.496638e-10	8.191730e-01	-4.235198e+01
1.880000e-06	1.622785e-07	-6.384189e-10	1.143965e+00	-4.143559e+01
1.890000e-06	2.083975e-07	-6.239010e-10	1.469076e+00	-4.048563e+01
1.900000e-06	2.546090e-07	-6.025484e-10	1.794839e+00	-3.950168e+01
1.910000e-06	3.008226e-07	-5.784947e-10	2.120617e+00	-3.848367e+01
1.920000e-06	3.469338e-07	-5.580497e-10	2.445673e+00	-3.743189e+01
1.930000e-06	3.929571e-07	-5.400810e-10	2.770110e+00	-3.634687e+01
1.940000e-06	4.389250e-07	-5.229825e-10	3.094156e+00	-3.522938e+01
1.950000e-06	4.849167e-07	-5.063778e-10	3.418370e+00	-3.408031e+01
1.960000e-06	5.309967e-07	-4.931128e-10	3.743205e+00	-3.290061e+01
1.970000e-06	5.769367e-07	-4.810197e-10	4.067054e+00	-3.169121e+01
1.980000e-06	6.228196e-07	-4.621753e-10	4.390502e+00	-3.045293e+01
1.990000e-06	6.686736e-07	-4.368276e-10	4.713745e+00	-2.918645e+01
2.000000e-06	7.144711e-07	-4.080692e-10	5.036589e+00	-2.789222e+01
2.010000e-06	7.602726e-07	-3.810892e-10	5.359462e+00	-2.657049e+01
2.020000e-06	8.060078e-07	-3.590757e-10	5.681867e+00	-2.522121e+01
2.030000e-06	8.517142e-07	-3.408116e-10	6.004070e+00	-2.384412e+01
2.040000e-06	8.974114e-07	-3.230244e-10	6.326207e+00	-2.243873e+01
2.050000e-06	9.430539e-07	-3.066628e-10	6.647959e+00	-2.100435e+01
2.060000e-06	9.885996e-07	-2.877094e-10	6.969029e+00	-1.954019e+01
2.070000e-06	1.034054e-06	-2.616389e-10	7.289452e+00	-1.804536e+01
2.080000e-06	1.079362e-06	-2.305679e-10	7.608852e+00	-1.651901e+01
2.090000e-06	1.124573e-06	-2.012196e-10	7.927558e+00	-1.496037e+01
2.100000e-06	1.169682e-06	-1.745539e-10	8.245552e+00	-1.336879e+01
2.110000e-06	1.214690e-06	-1.495470e-10	8.562830e+00	-1.174388e+01
2.120000e-06	1.259607e-06	-1.239792e-10	8.879465e+00	-1.008550e+01
2.130000e-06	1.304317e-06	-1.015198e-10	9.194649e+00	-8.393840e+00
2.140000e-06	1.348858e-06	-8.098462e-11	9.508633e+00	-6.669440e+00
2.150000e-06	1.393414e-06	-5.468130e-11	9.822727e+00	-4.913200e+00
2.160000e-06	1.437924e-06	-2.379641e-11	1.013649e+01	-3.126384e+00
2.170000e-06	1.482265e-06	4.092553e-12	1.044907e+01	-1.310596e+00
2.180000e-06	1.526498e-06	2.887752e-11	1.076089e+01	5.322451e-01
2.190000e-06	1.570685e-06	5.628018e-11	1.107238e+01	2.399952e+00
2.200000e-06	1.614800e-06	8.701393e-11	1.138336e+01	4.290119e+00
2.210000e-06	1.658844e-06	1.163830e-10	1.169385e+01	6.200179e+00
2.220000e-06	1.702862e-06	1.421648e-10	1.200415e+01	8.127457e+00
2.230000e-06	1.746801e-06	1.687665e-10	1.231389e+01	1.006923e+01
2.240000e-06	1.790659e-06	2.026496e-10	1.262306e+01	1.202277e+01
2.250000e-06	1.834481e-06	2.391709e-10	1.293198e+01	1.398541e+01
2.260000e-06	1.878242e-06	2.692239e-10	1.324047e+01	1.595452e+01
2.270000e-06	1.921995e-06	2.972052e-10	1.354890e+01	1.792760e+01
2.280000e-06	1.965711e-06	3.278816e-10	1.385707e+01	1.990224e+01
2.290000e-06	2.009314e-06	3.611188e-10	1.416445e+01	2.187613e+01
2.300000e-06	2.052756e-06	3.901884e-10	1.447069e+01	2.384706e+01
2.310000e-06	2.095957e-06	4.151986e-10	1.477523e+01	2.581288e+01
2.320000e-06	2.138938e-06	4.427864e-10	1.507822e+01	2.777149e+01
2.330000e-06	2.181678e-06	4.743476e-10	1.537951e+01	2.972083e+01
2.340000e-06	2.224102e-06	5.023670e-10	1.567858e+01	3.165880e+01
2.350000e-06	2.266274e-06	5.279595e-10	1.597586e+01	3.358329e+01
2.360000e-06	2.308292e-06	5.586347e-10	1.627206e+01	3.549211e+01
2.370000e-06	2.349936e-06	5.938907e-10	1.656563e+01	3.738304e+01
2.380000e-06	2.391184e-06	6.269828e-10	1.685640e+01	3.925377e+01
2.390000e-06	2.432124e-06	6.533530e-10	1.714500e+01	4.110195e+01
2.400000e-06	2.472768e-06	6.764756e-10	1.743152e+01	4.292518e+01
2.410000e-06	2.513138e-06	7.001263e-10	1.771610e+01	4.472108e+01
2.420000e-06	2.553314e-06	7.254515e-10	1.799932e+01	4.648728e+01
2.430000e-06	2.593409e-06	7.513970e-10	1.828197e+01	4.822148e+01
2.440000e-06	2.633383e-06	7.803379e-10	1.856376e+01	4.992153e+01
2.450000e-06	2.673301e-06	8.128727e-10	1.884515e+01	5.158544e+01
2.460000e-06	2.713101e-06	8.444203e-10	1.912572e+01	5.321143e+01
2.470000e-06	2.752806e-06	8.672516e-10	1.940562e+01	5.479801e+01
2.480000e-06	2.792446e-06	8.830877e-10	1.968505e+01	5.634395e+01
2.490000e-06	2.831917e-06	9.006905e-10	1.996330e+01	5.784837e+01
2.500000e-06	2.871155e-06	9.225319e-10	2.023990e+01	5.931069e+01
2.510000e-06	2.910185e-06	9.471070e-10	2.051505e+01	6.073069e+01
2.520000e-06	2.949113e-06	9.727837e-10	2.078946e+01	6.210842e+01
2.530000e-06	2.987806e-06	1.000642e-09	2.106223e+01	6.344425e+01
2.540000e-06	3.026171e-06	1.028882e-09	2.133267e+01	6.473875e+01
2.550000e-06	3.064324e-06	1.049547e-09	2.160163e+01	6.599273e+01
2.560000e-06	3.102282e-06	1.061775e-09	2.186921e+01	6.720709e+01
2.570000e-06	3.139956e-06	1.074448e-09	2.213479e+01	6.838284e+01
2.580000e-06	3.177436e-06	1.090125e-09	2.239900e+01	6.952099e+01
2.590000e-06	3.214836e-06	1.107469e-09	2.266265e+01	7.062255e+01
2.600000e-06	3.251984e-06	1.126945e-09	2.292452e+01	7.168842e+01
2.610000e-06	3.288818e-06	1.150239e-09	2.318417e+01	7.271937e+01
2.620000e-06	3.325386e-06	1.175322e-09	2.344196e+01	7.371607e+01
2.630000e-06	3.361783e-06	1.195092e-09	2.369853e+01	7.467898e+01
2.640000e-06	3.398011e-06	1.205262e-09	2.395392e+01	7.560844e+01
2.650000e-06	3.434007e-06	1.208967e-09	2.420767e+01	7.650464e+01
2.660000e-06	3.469903e-06	1.214240e-09	2.446071e+01	7.736764e+01
2.670000e-06	3.505710e-06	1.222141e-09	2.471313e+01	7.819743e+01
2.680000e-06	3.541347e-06	1.232273e-09	2.496436e+01	7.899397e+01
2.690000e-06	3.576794e-06	1.246966e-09	2.521423e+01	7.975721e+01
2.700000e-06	3.611993e-06	1.265506e-09	2.546237e+01	8.048720e+01
2.710000e-06	3.646842e-06	1.283925e-09	2.570803e+01	8.118407e+01
2.720000e-06	3.681334e-06	1.296622e-09	2.595117e+01	8.184812e+01
2.730000e-06	3.715333e-06	1.303872e-09	2.619085e+01	8.247985e+01
2.740000e-06	3.748698e-06	1.308380e-09	2.642605e+01	8.307995e+01
2.750000e-06	3.781609e-06	1.312528e-09	2.665806e+01	8.364934e+01
2.760000e-06	3.814199e-06	1.318339e-09	2.688780e+01	8.418917e+01
2.770000e-06	3.846508e-06	1.324865e-09	2.711555e+01	8.470076e+01
2.780000e-06	3.878617e-06	1.335603e-09	2.734190e+01	8.518562e+01
2.790000e-06	3.910581e-06	1.352011e-09	2.756723e+01	8.564540e+01
2.800000e-06	3.942426e-06	1.363928e-09	2.779172e+01	8.608179e+01
2.810000e-06	3.974088e-06	1.364545e-09	2.801491e+01	8.649652e+01
2.820000e-06	4.005514e-06	1.362252e-09	2.823645e+01	8.689129e+01
2.830000e-06	4.036662e-06	1.365833e-09	2.845603e+01	8.726769e+01
2.840000e-06	4.067528e-06	1.372719e-09	2.867361e+01	8.762716e+01
2.850000e-06	4.098103e-06	1.376934e-09	2.888915e+01	8.797097e+01
2.860000e-06	4.128362e-06	1.380367e-09	2.910245e+01	8.830014e+01
2.870000e-06	4.158394e-06	1.387063e-09	2.931416e+01	8.861545e+01
2.880000e-06	4.188127e-06	1.394177e-09	2.952376e+01	8.891745e+01
2.890000e-06	4.217539e-06	1.394797e-09	2.973110e+01	8.920645e+01
2.900000e-06	4.246624e-06	1.392230e-09	2.993613e+01	8.948253e+01
2.910000e-06	4.275333e-06	1.394195e-09	3.013851e+01	8.974560e+01
2.920000e-06	4.303766e-06	1.398315e-09	3.033895e+01	8.999545e+01
2.930000e-06	4.331978e-06	1.401858e-09	3.053782e+01	9.023179e+01
2.940000e-06	4.360039e-06	1.405748e-09	3.073564e+01	9.045432e+01
2.950000e-06	4.388014e-06	1.412291e-09	3.093284e+01	9.066278e+01
2.960000e-06	4.415798e-06	1.419082e-09	3.112870e+01	9.085700e+01
2.970000e-06	4.443315e-06	1.420293e-09	3.132268e+01	9.103697e+01
2.980000e-06	4.470544e-06	1.416893e-09	3.151463e+01	9.120285e+01
2.990000e-06	4.497375e-06	1.415402e-09	3.170377e+01	9.135502e+01
3.000000e-06	4.523645e-06	1.418130e-09	3.188896e+01	9.149406e+01
3.010000e-06	4.549244e-06	1.421393e-09	3.206942e+01	9.162077e+01
3.020000e-06	4.574263e-06	1.422364e-09	3.224578e+01	9.173611e+01
3.030000e-06	4.598898e-06	1.425519e-09	3.241945e+01	9.184121e+01
3.040000e-06	4.623196e-06	1.432539e-09	3.259074e+01	9.193731e+01
3.050000e-06	4.647211e-06	1.435718e-09	3.276003e+01	9.202567e+01
3.060000e-06	4.671025e-06	1.431165e-09	3.292790e+01	9.210755e+01
3.070000e-06	4.694569e-06	1.426338e-09	3.309387e+01	9.218414e+01
3.080000e-06	4.717833e-06	1.426996e-09	3.325787e+01	9.225646e+01
3.090000e-06	4.740762e-06	1.429633e-09	3.341950e+01	9.232539e+01
3.100000e-06	4.763323e-06	1.428356e-09	3.357854e+01	9.239154e+01
3.110000e-06	4.785624e-06	1.425478e-09	3.373575e+01	9.245529e+01
3.120000e-06	4.807623e-06	1.427833e-09	3.389083e+01	9.251675e+01
3.130000e-06	4.829286e-06	1.432985e-09	3.404355e+01	9.257574e+01
3.140000e-06	4.850607e-06	1.433570e-09	3.419385e+01	9.263188e+01
3.150000e-06	4.871536e-06	1.432341e-09	3.434138e+01	9.268457e+01
3.160000e-06	4.892101e-06	1.434020e-09	3.448635e+01	9.273305e+01
3.170000e-06	4.912359e-06	1.435732e-09	3.462916e+01	9.277648e+01
3.180000e-06	4.932373e-06	1.433827e-09	3.477024e+01	9.281399e+01
3.190000e-06	4.952250e-06	1.427756e-09	3.491036e+01	9.284477e+01
3.200000e-06	4.971936e-06	1.423838e-09	3.504914e+01	9.286811e+01
3.210000e-06	4.991338e-06	1.425889e-09	3.518592e+01	9.288348e+01
3.220000e-06	5.010454e-06	1.429654e-09	3.532067e+01	9.289056e+01
3.230000e-06	5.029166e-06	1.431781e-09	3.545258e+01	9.288929e+01
3.240000e-06	5.047338e-06	1.434745e-09	3.558068e+01	9.287989e+01
3.250000e-06	5.065081e-06	1.438737e-09	3.570575e+01	9.286282e+01
3.260000e-06	5.082479e-06	1.439875e-09	3.582840e+01	9.283882e+01
3.270000e-06	5.099508e-06	1.435569e-09	3.594845e+01	9.280881e+01
3.280000e-06	5.116323e-06	1.428502e-09	3.606698e+01	9.277388e+01
3.290000e-06	5.132871e-06	1.427714e-09	3.618363e+01	9.273519e+01
3.300000e-06	5.148987e-06	1.433839e-09	3.629724e+01	9.269390e+01
3.310000e-06	5.164636e-06	1.439293e-09	3.640756e+01	9.265111e+01
3.320000e-06	5.179837e-06	1.442202e-09	3.651472e+01	9.260777e+01
3.330000e-06	5.194519e-06	1.446082e-09	3.661821e+01	9.256460e+01
3.340000e-06	5.208751e-06	1.447297e-09	3.671854e+01	9.252205e+01
3.350000e-06	5.222695e-06	1.441826e-09	3.681684e+01	9.248025e+01
3.360000e-06	5.236301e-06	1.434830e-09	3.691275e+01	9.243899e+01
3.370000e-06	5.249469e-06	1.431422e-09	3.700558e+01	9.239773e+01
3.380000e-06	5.262217e-06	1.430177e-09	3.709545e+01	9.235563e+01
3.390000e-06	5.274591e-06	1.428131e-09	3.718267e+01	9.231158e+01
3.400000e-06	5.286608e-06	1.428404e-09	3.726739e+01	9.226427e+01
3.410000e-06	5.298306e-06	1.430498e-09	3.734985e+01	9.221233e+01
3.420000e-06	5.309539e-06	1.428873e-09	3.742904e+01	9.215434e+01
3.430000e-06	5.320141e-06	1.423257e-09	3.750377e+01	9.208901e+01
3.440000e-06	5.330158e-06	1.415826e-09	3.757439e+01	9.201525e+01
3.450000e-06	5.339598e-06	1.412758e-09	3.764093e+01	9.193226e+01
3.460000e-06	5.348487e-06	1.415474e-09	3.770360e+01	9.183963e+01
3.470000e-06	5.356947e-06	1.418948e-09	3.776323e+01	9.173741e+01
3.480000e-06	5.365109e-06	1.421822e-09	3.782077e+01	9.162611e+01
3.490000e-06	5.373029e-06	1.423261e-09	3.787660e+01	9.150672e+01
3.500000e-06	5.380714e-06	1.423165e-09	3.793078e+01	9.138073e+01
3.510000e-06	5.388061e-06	1.416424e-09	3.798257e+01	9.125000e+01
3.520000e-06	5.394953e-06	1.405031e-09	3.803116e+01	9.111673e+01
3.530000e-06	5.401509e-06	1.395200e-09	3.807737e+01	9.098331e+01
3.540000e-06	5.407719e-06	1.395311e-09	3.812114e+01	9.085222e+01
3.550000e-06	5.413593e-06	1.403933e-09	3.816255e+01	9.072585e+01
3.560000e-06	5.419125e-06	1.412854e-09	3.820155e+01	9.060638e+01
3.570000e-06	5.424179e-06	1.418829e-09	3.823718e+01	9.049559e+01
3.580000e-06	5.428842e-06	1.419059e-09	3.827005e+01	9.039475e+01
3.590000e-06	5.433231e-06	1.410558e-09	3.830099e+01	9.030450e+01
3.600000e-06	5.437371e-06	1.394965e-09	3.833018e+01	9.022477e+01
3.610000e-06	5.441243e-06	1.380291e-09	3.835747e+01	9.015470e+01
3.620000e-06	5.444849e-06	1.376356e-09	3.838289e+01	9.009268e+01
3.630000e-06	5.448062e-06	1.383474e-09	3.840554e+01	9.003633e+01
3.640000e-06	5.450678e-06	1.395352e-09	3.842398e+01	8.998265e+01
3.650000e-06	5.452686e-06	1.407179e-09	3.843814e+01	8.992811e+01
3.660000e-06	5.454099e-06	1.415357e-09	3.844810e+01	8.986879e+01
3.670000e-06	5.455030e-06	1.416224e-09	3.845466e+01	8.980066e+01
3.680000e-06	5.455578e-06	1.406108e-09	3.845852e+01	8.971971e+01
3.690000e-06	5.455787e-06	1.389680e-09	3.846000e+01	8.962227e+01
3.700000e-06	5.455750e-06	1.377238e-09	3.845973e+01	8.950518e+01
3.710000e-06	5.455458e-06	1.373376e-09	3.845768e+01	8.936606e+01
3.720000e-06	5.454798e-06	1.374742e-09	3.845302e+01	8.920348e+01
3.730000e-06	5.453702e-06	1.380410e-09	3.844530e+01	8.901717e+01
3.740000e-06	5.452294e-06	1.386949e-09	3.843538e+01	8.880808e+01
3.750000e-06	5.450602e-06	1.389479e-09	3.842345e+01	8.857847e+01
3.760000e-06	5.448611e-06	1.378747e-09	3.840941e+01	8.833194e+01
3.770000e-06	5.446342e-06	1.340154e-09	3.839342e+01	8.807334e+01
3.780000e-06	5.443680e-06	1.298465e-09	3.837465e+01	8.780862e+01
3.790000e-06	5.440483e-06	1.320835e-09	3.835211e+01	8.754471e+01
3.800000e-06	5.436755e-06	1.375570e-09	3.832584e+01	8.728923e+01
3.810000e-06	5.432753e-06	1.367300e-09	3.829762e+01	8.705022e+01
3.820000e-06	5.428700e-06	1.305812e-09	3.826905e+01	8.683583e+01
3.830000e-06	5.424425e-06	1.279792e-09	3.823892e+01	8.665398e+01
3.840000e-06	5.419464e-06	1.354781e-09	3.820394e+01	8.651199e+01
3.850000e-06	5.413720e-06	1.333732e-09	3.816345e+01	8.641633e+01
3.860000e-06	5.407643e-06	1.242314e-09	3.812061e+01	8.637224e+01
3.870000e-06	5.401321e-06	1.248155e-09	3.807604e+01	8.638348e+01
3.880000e-06	5.394422e-06	1.351408e-09	3.802741e+01	8.645219e+01
3.890000e-06	5.386966e-06	1.374870e-09	3.797485e+01	8.657868e+01
3.900000e-06	5.379247e-06	1.261820e-09	3.792044e+01	8.676140e+01
3.910000e-06	5.371360e-06	1.280708e-09	3.786484e+01	8.699692e+01
3.920000e-06	5.363055e-06	1.338330e-09	3.780629e+01	8.728006e+01
3.930000e-06	5.354231e-06	1.285097e-09	3.774409e+01	8.760402e+01
3.940000e-06	5.345055e-06	1.181056e-09	3.767940e+01	8.796062e+01
3.950000e-06	5.335649e-06	1.274663e-09	3.761310e+01	8.834058e+01
3.960000e-06	5.325802e-06	1.379334e-09	3.754368e+01	8.873387e+01
3.970000e-06	5.315509e-06	1.303964e-09	3.747112e+01	8.913005e+01
3.980000e-06	5.304978e-06	1.241878e-09	3.739688e+01	8.951867e+01
3.990000e-06	5.294040e-06	1.355266e-09	3.731978e+01	8.988965e+01
4.000000e-06	5.282667e-06	1.420166e-09	3.723960e+01	9.023360e+01
4.010000e-06	5.271043e-06	1.334943e-09	3.715767e+01	9.054220e+01
4.020000e-06	5.259000e-06	1.338931e-09	3.707276e+01	9.080843e+01
4.030000e-06	5.246364e-06	1.449251e-09	3.698369e+01	9.102682e+01
4.040000e-06	5.233269e-06	1.432336e-09	3.689138e+01	9.119355e+01
4.050000e-06	5.219661e-06	1.316402e-09	3.679545e+01	9.130659e+01
4.060000e-06	5.205352e-06	1.335235e-09	3.669458e+01	9.136564e+01
4.070000e-06	5.190394e-06	1.404990e-09	3.658913e+01	9.137212e+01
4.080000e-06	5.175025e-06	1.385330e-09	3.648079e+01	9.132894e+01
4.090000e-06	5.159422e-06	1.327093e-09	3.637080e+01	9.124038e+01
4.100000e-06	5.143560e-06	1.351365e-09	3.625899e+01	9.111180e+01
4.110000e-06	5.127363e-06	1.373539e-09	3.614481e+01	9.094938e+01
4.120000e-06	5.110991e-06	1.376292e-09	3.602939e+01	9.075977e+01
4.130000e-06	5.094278e-06	1.358022e-09	3.591158e+01	9.054983e+01
4.140000e-06	5.077052e-06	1.331591e-09	3.579015e+01	9.032629e+01
4.150000e-06	5.059493e-06	1.311920e-09	3.566636e+01	9.009549e+01
4.160000e-06	5.041613e-06	1.349299e-09	3.554032e+01	8.986313e+01
4.170000e-06	5.023426e-06	1.368241e-09	3.541211e+01	8.963407e+01
4.180000e-06	5.004888e-06	1.343796e-09	3.528143e+01	8.941218e+01
4.190000e-06	4.985939e-06	1.321006e-09	3.514785e+01	8.920026e+01
4.200000e-06	4.966628e-06	1.347734e-09	3.501172e+01	8.900000e+01
4.210000e-06	4.947011e-06	1.358460e-09	3.487343e+01	8.881203e+01
4.220000e-06	4.927215e-06	1.327049e-09	3.473389e+01	8.863598e+01
4.230000e-06	4.907248e-06	1.295714e-09	3.459313e+01	8.847062e+01
4.240000e-06	4.887015e-06	1.311343e-09	3.445050e+01	8.831400e+01
4.250000e-06	4.866458e-06	1.340146e-09	3.430558e+01	8.816368e+01
4.260000e-06	4.845550e-06	1.329364e-09	3.415820e+01	8.801690e+01
4.270000e-06	4.824161e-06	1.304071e-09	3.400742e+01	8.787079e+01
4.280000e-06	4.802066e-06	1.308571e-09	3.385166e+01	8.772259e+01
4.290000e-06	4.779403e-06	1.326089e-09	3.369190e+01	8.756982e+01
4.300000e-06	4.756265e-06	1.308075e-09	3.352879e+01	8.741038e+01
4.310000e-06	4.732713e-06	1.280259e-09	3.336276e+01	8.724275e+01
4.320000e-06	4.708929e-06	1.276568e-09	3.319510e+01	8.706600e+01
4.330000e-06	4.684886e-06	1.296259e-09	3.302561e+01	8.687982e+01
4.340000e-06	4.660560e-06	1.294916e-09	3.285413e+01	8.668455e+01
4.350000e-06	4.636057e-06	1.274398e-09	3.268139e+01	8.648110e+01
4.360000e-06	4.611238e-06	1.253906e-09	3.250644e+01	8.627085e+01
4.370000e-06	4.586051e-06	1.266603e-09	3.232888e+01	8.605559e+01
4.380000e-06	4.560564e-06	1.280855e-09	3.214922e+01	8.583733e+01
4.390000e-06	4.534743e-06	1.270654e-09	3.196720e+01	8.561820e+01
4.400000e-06	4.508661e-06	1.246220e-09	3.178333e+01	8.540029e+01
4.410000e-06	4.482263e-06	1.254635e-09	3.159724e+01	8.518551e+01
4.420000e-06	4.455544e-06	1.268327e-09	3.140889e+01	8.497548e+01
4.430000e-06	4.428464e-06	1.256476e-09	3.121799e+01	8.477143e+01
4.440000e-06	4.401041e-06	1.230347e-09	3.102467e+01	8.457413e+01
4.450000e-06	4.373410e-06	1.234867e-09	3.082989e+01	8.438384e+01
4.460000e-06	4.345615e-06	1.252504e-09	3.063395e+01	8.420034e+01
4.470000e-06	4.317659e-06	1.255432e-09	3.043688e+01	8.402292e+01
4.480000e-06	4.289408e-06	1.237398e-09	3.023773e+01	8.385044e+01
4.490000e-06	4.260843e-06	1.232198e-09	3.003636e+01	8.368145e+01
4.500000e-06	4.231992e-06	1.243573e-09	2.983299e+01	8.351423e+01
4.510000e-06	4.202773e-06	1.246402e-09	2.962701e+01	8.334695e+01
4.520000e-06	4.173140e-06	1.229413e-09	2.941811e+01	8.317777e+01
4.530000e-06	4.143016e-06	1.220609e-09	2.920576e+01	8.300497e+01
4.540000e-06	4.112300e-06	1.231242e-09	2.898923e+01	8.282700e+01
4.550000e-06	4.081170e-06	1.239972e-09	2.876978e+01	8.264264e+01
4.560000e-06	4.049787e-06	1.232056e-09	2.854855e+01	8.245104e+01
4.570000e-06	4.018131e-06	1.219401e-09	2.832539e+01	8.225173e+01
4.580000e-06	3.986258e-06	1.220627e-09	2.810071e+01	8.204468e+01
4.590000e-06	3.954217e-06	1.225761e-09	2.787484e+01	8.183027e+01
4.600000e-06	3.921945e-06	1.220058e-09	2.764734e+01	8.160925e+01
4.610000e-06	3.889381e-06	1.204952e-09	2.741778e+01	8.138266e+01
4.620000e-06	3.856564e-06	1.200967e-09	2.718644e+01	8.115179e+01
4.630000e-06	3.823505e-06	1.205938e-09	2.695339e+01	8.091804e+01
4.640000e-06	3.790217e-06	1.206350e-09	2.671874e+01	8.068285e+01
4.650000e-06	3.756662e-06	1.193705e-09	2.648219e+01	8.044760e+01
4.660000e-06	3.722799e-06	1.188007e-09	2.624348e+01	8.021348e+01
4.670000e-06	3.688687e-06	1.192865e-09	2.600301e+01	7.998146e+01
4.680000e-06	3.654346e-06	1.196957e-09	2.576093e+01	7.975217e+01
4.690000e-06	3.619832e-06	1.186488e-09	2.551762e+01	7.952591e+01
4.700000e-06	3.585061e-06	1.179028e-09	2.527251e+01	7.930257e+01
4.710000e-06	3.549956e-06	1.179596e-09	2.502504e+01	7.908171e+01
4.720000e-06	3.514651e-06	1.181468e-09	2.477616e+01	7.886251e+01
4.730000e-06	3.479111e-06	1.172562e-09	2.452563e+01	7.864391e+01
4.740000e-06	3.443315e-06	1.164525e-09	2.427329e+01	7.842458e+01
4.750000e-06	3.407345e-06	1.165884e-09	2.401972e+01	7.820310e+01
4.760000e-06	3.371247e-06	1.171448e-09	2.376525e+01	7.797799e+01
4.770000e-06	3.335078e-06	1.167335e-09	2.351028e+01	7.774785e+01
4.780000e-06	3.298815e-06	1.158038e-09	2.325465e+01	7.751142e+01
4.790000e-06	3.262243e-06	1.150672e-09	2.299684e+01	7.726768e+01
4.800000e-06	3.225271e-06	1.148219e-09	2.273621e+01	7.701590e+01
4.810000e-06	3.188019e-06	1.144137e-09	2.247361e+01	7.675573e+01
4.820000e-06	3.150490e-06	1.137169e-09	2.220905e+01	7.648718e+01
4.830000e-06	3.112473e-06	1.131942e-09	2.194105e+01	7.621064e+01
4.840000e-06	3.073997e-06	1.130391e-09	2.166982e+01	7.592686e+01
4.850000e-06	3.035239e-06	1.129576e-09	2.139659e+01	7.563692e+01
4.860000e-06	2.996210e-06	1.125331e-09	2.112147e+01	7.534214e+01
4.870000e-06	2.956962e-06	1.120662e-09	2.084479e+01	7.504398e+01
4.880000e-06	2.917516e-06	1.119258e-09	2.056673e+01	7.474402e+01
4.890000e-06	2.877878e-06	1.117902e-09	2.028730e+01	7.444380e+01
4.900000e-06	2.838035e-06	1.110209e-09	2.000643e+01	7.414473e+01
4.910000e-06	2.797979e-06	1.100781e-09	1.972406e+01	7.384803e+01
4.920000e-06	2.757803e-06	1.094413e-09	1.944084e+01	7.355461e+01
4.930000e-06	2.717564e-06	1.090749e-09	1.915718e+01	7.326505e+01
4.940000e-06	2.677237e-06	1.085545e-09	1.887290e+01	7.297954e+01
4.950000e-06	2.636842e-06	1.082306e-09	1.858814e+01	7.269785e+01
4.960000e-06	2.596235e-06	1.079848e-09	1.830188e+01	7.241938e+01
4.970000e-06	2.555336e-06	1.079266e-09	1.801357e+01	7.214313e+01
4.980000e-06	2.514285e-06	1.077759e-09	1.772419e+01	7.186781e+01
4.990000e-06	2.473141e-06	1.072814e-09	1.743415e+01	7.159188e+01
5.000000e-06	2.431784e-06	1.064533e-09	1.714261e+01	7.131365e+01
5.010000e-06	2.390182e-06	1.056119e-09	1.684934e+01	7.103137e+01
5.020000e-06	2.348400e-06	1.046088e-09	1.655480e+01	7.074332e+01
5.030000e-06	2.306466e-06	1.039340e-09	1.625919e+01	7.044792e+01
5.040000e-06	2.264410e-06	1.034436e-09	1.596272e+01	7.014384e+01
5.050000e-06	2.222228e-06	1.029909e-09	1.566536e+01	6.983001e+01
5.060000e-06	2.179894e-06	1.028046e-09	1.536693e+01	6.950574e+01
5.070000e-06	2.137391e-06	1.028386e-09	1.506731e+01	6.917073e+01
5.080000e-06	2.094721e-06	1.023646e-09	1.476651e+01	6.882506e+01
5.090000e-06	2.051897e-06	1.015167e-09	1.446463e+01	6.846920e+01
5.100000e-06	2.008942e-06	1.006508e-09	1.416182e+01	6.810400e+01
5.110000e-06	1.965835e-06	9.989587e-10	1.385795e+01	6.773056e+01
5.120000e-06	1.922538e-06	9.940697e-10	1.355273e+01	6.735022e+01
5.130000e-06	1.879121e-06	9.915483e-10	1.324667e+01	6.696444e+01
5.140000e-06	1.835585e-06	9.897141e-10	1.293976e+01	6.657470e+01
5.150000e-06	1.791950e-06	9.884384e-10	1.263216e+01	6.618243e+01
5.160000e-06	1.748272e-06	9.859626e-10	1.232426e+01	6.578888e+01
5.170000e-06	1.704445e-06	9.782212e-10	1.201530e+01	6.539507e+01
5.180000e-06	1.660480e-06	9.661302e-10	1.170538e+01	6.500167e+01
5.190000e-06	1.616479e-06	9.551379e-10	1.139520e+01	6.460901e+01
5.200000e-06	1.572481e-06	9.497218e-10	1.108504e+01	6.421701e+01
5.210000e-06	1.528414e-06	9.462333e-10	1.077440e+01	6.382519e+01
5.220000e-06	1.484285e-06	9.398134e-10	1.046331e+01	6.343268e+01
5.230000e-06	1.440110e-06	9.339449e-10	1.015191e+01	6.303826e+01
5.240000e-06	1.395868e-06	9.301833e-10	9.840023e+00	6.264043e+01
5.250000e-06	1.351594e-06	9.284780e-10	9.527921e+00	6.223746e+01
5.260000e-06	1.307343e-06	9.244507e-10	9.215979e+00	6.182754e+01
5.270000e-06	1.263030e-06	9.166232e-10	8.903596e+00	6.140880e+01
5.280000e-06	1.218585e-06	9.090644e-10	8.590288e+00	6.097945e+01
5.290000e-06	1.174036e-06	9.002272e-10	8.276240e+00	6.053785e+01
5.300000e-06	1.129406e-06	8.913509e-10	7.961628e+00	6.008262e+01
5.310000e-06	1.084705e-06	8.811160e-10	7.646515e+00	5.961267e+01
5.320000e-06	1.039867e-06	8.719734e-10	7.330433e+00	5.912726e+01
5.330000e-06	9.948404e-07	8.669321e-10	7.013023e+00	5.862602e+01
5.340000e-06	9.497541e-07	8.662552e-10	6.695192e+00	5.810896e+01
5.350000e-06	9.046941e-07	8.631088e-10	6.377546e+00	5.757642e+01
5.360000e-06	8.595613e-07	8.552402e-10	6.059387e+00	5.702906e+01
5.370000e-06	8.143370e-07	8.442426e-10	5.740583e+00	5.646778e+01
5.380000e-06	7.689843e-07	8.310480e-10	5.420874e+00	5.589362e+01
5.390000e-06	7.235152e-07	8.192492e-10	5.100345e+00	5.530770e+01
5.400000e-06	6.780468e-07	8.114873e-10	4.779820e+00	5.471111e+01
5.410000e-06	6.325184e-07	8.059654e-10	4.458872e+00	5.410482e+01
5.420000e-06	5.869516e-07	7.991398e-10	4.137654e+00	5.348958e+01
5.430000e-06	5.414354e-07	7.898172e-10	3.816792e+00	5.286587e+01
5.440000e-06	4.958483e-07	7.816256e-10	3.495430e+00	5.223379e+01
5.450000e-06	4.502457e-07	7.730851e-10	3.173960e+00	5.159305e+01
5.460000e-06	4.045534e-07	7.592407e-10	2.851856e+00	5.094297e+01
5.470000e-06	3.587160e-07	7.425048e-10	2.528731e+00	5.028243e+01
5.480000e-06	3.128595e-07	7.305509e-10	2.205470e+00	4.960992e+01
5.490000e-06	2.668880e-07	7.229934e-10	1.881399e+00	4.892359e+01
5.500000e-06	2.209358e-07	7.141607e-10	1.557464e+00	4.822133e+01
5.510000e-06	1.750833e-07	6.996683e-10	1.234231e+00	4.750081e+01
5.520000e-06	1.291551e-07	6.834155e-10	9.104651e-01	4.675959e+01
5.530000e-06	8.322625e-08	6.728570e-10	5.866947e-01	4.599522e+01
5.540000e-06	3.729106e-08	6.646604e-10	2.628794e-01	4.520535e+01
5.550000e-06	-8.740134e-09	6.501264e-10	-6.161266e-02	4.438776e+01
5.560000e-06	-5.468323e-08	6.333755e-10	-3.854837e-01	4.354051e+01
5.570000e-06	-1.005616e-07	6.226278e-10	-7.088984e-01	4.266198e+01
5.580000e-06	-1.464960e-07	6.135673e-10	-1.032708e+00	4.175087e+01
5.590000e-06	-1.923270e-07	5.972875e-10	-1.355789e+00	4.080632e+01
5.600000e-06	-2.380402e-07	5.753688e-10	-1.678039e+00	3.982782e+01
5.610000e-06	-2.838268e-07	5.586934e-10	-2.000807e+00	3.881525e+01
5.620000e-06	-3.296988e-07	5.475640e-10	-2.324177e+00	3.776883e+01
5.630000e-06	-3.754852e-07	5.324359e-10	-2.646943e+00	3.668907e+01
5.640000e-06	-4.211528e-07	5.127331e-10	-2.968873e+00	3.557671e+01
5.650000e-06	-4.667510e-07	4.973726e-10	-3.290312e+00	3.443261e+01
5.660000e-06	-5.123496e-07	4.859021e-10	-3.611755e+00	3.325772e+01
5.670000e-06	-5.579764e-07	4.702635e-10	-3.933396e+00	3.205297e+01
5.680000e-06	-6.034383e-07	4.446990e-10	-4.253875e+00	3.081923e+01
5.690000e-06	-6.487589e-07	4.171321e-10	-4.573358e+00	2.955718e+01
5.700000e-06	-6.941215e-07	3.934761e-10	-4.893136e+00	2.826733e+01
5.710000e-06	-7.394420e-07	3.716711e-10	-5.212618e+00	2.694994e+01
5.720000e-06	-7.846318e-07	3.511979e-10	-5.531179e+00	2.560504e+01
5.730000e-06	-8.297767e-07	3.363388e-10	-5.849424e+00	2.423239e+01
5.740000e-06	-8.749391e-07	3.276880e-10	-6.167791e+00	2.283152e+01
5.750000e-06	-9.199388e-07	3.143106e-10	-6.485012e+00	2.140180e+01
5.760000e-06	-9.648476e-07	2.909170e-10	-6.801592e+00	1.994243e+01
5.770000e-06	-1.009744e-06	2.604429e-10	-7.118081e+00	1.845255e+01
5.780000e-06	-1.054501e-06	2.312383e-10	-7.433596e+00	1.693128e+01
5.790000e-06	-1.099188e-06	2.031052e-10	-7.748613e+00	1.537784e+01
5.800000e-06	-1.143808e-06	1.742530e-10	-8.063151e+00	1.379156e+01
5.810000e-06	-1.188282e-06	1.509686e-10	-8.376666e+00	1.217199e+01
5.820000e-06	-1.232637e-06	1.366376e-10	-8.689347e+00	1.051895e+01
5.830000e-06	-1.276953e-06	1.235743e-10	-9.001743e+00	8.832583e+00
5.840000e-06	-1.321254e-06	1.012573e-10	-9.314043e+00	7.113357e+00
5.850000e-06	-1.365495e-06	6.891733e-11	-9.625911e+00	5.362117e+00
5.860000e-06	-1.409676e-06	3.482649e-11	-9.937361e+00	3.580064e+00
5.870000e-06	-1.453788e-06	4.419993e-12	-1.024833e+01	1.768750e+00
5.880000e-06	-1.497821e-06	-2.572098e-11	-1.055873e+01	-6.995624e-02
5.890000e-06	-1.541839e-06	-5.530094e-11	-1.086903e+01	-1.933910e+00
5.900000e-06	-1.585816e-06	-8.012942e-11	-1.117905e+01	-3.820738e+00
5.910000e-06	-1.629756e-06	-1.029579e-10	-1.148879e+01	-5.727895e+00
5.920000e-06	-1.673604e-06	-1.270013e-10	-1.179790e+01	-7.652722e+00
5.930000e-06	-1.717366e-06	-1.533073e-10	-1.210639e+01	-9.592498e+00
5.940000e-06	-1.761104e-06	-1.822331e-10	-1.241472e+01	-1.154450e+01
5.950000e-06	-1.804776e-06	-2.115947e-10	-1.272258e+01	-1.350603e+01
5.960000e-06	-1.848269e-06	-2.417801e-10	-1.302918e+01	-1.547447e+01
5.970000e-06	-1.891610e-06	-2.739730e-10	-1.333471e+01	-1.744729e+01
5.980000e-06	-1.934824e-06	-3.056542e-10	-1.363934e+01	-1.942206e+01
5.990000e-06	-1.977837e-06	-3.345524e-10	-1.394256e+01	-2.139646e+01
6.000000e-06	-2.020705e-06	-3.651299e-10	-1.424474e+01	-2.336826e+01
6.010000e-06	-2.063391e-06	-3.971169e-10	-1.454566e+01	-2.533530e+01
6.020000e-06	-2.105963e-06	-4.271521e-10	-1.484576e+01	-2.729550e+01
6.030000e-06	-2.148420e-06	-4.545850e-10	-1.514506e+01	-2.924676e+01
6.040000e-06	-2.190632e-06	-4.826215e-10	-1.544263e+01	-3.118700e+01
6.050000e-06	-2.232675e-06	-5.138463e-10	-1.573901e+01	-3.311411e+01
6.060000e-06	-2.274637e-06	-5.445216e-10	-1.603481e+01	-3.502592e+01
6.070000e-06	-2.316444e-06	-5.726057e-10	-1.632953e+01	-3.692022e+01
6.080000e-06	-2.358143e-06	-5.981689e-10	-1.662348e+01	-3.879471e+01
6.090000e-06	-2.399738e-06	-6.266007e-10	-1.691670e+01	-4.064704e+01
6.100000e-06	-2.441120e-06	-6.554164e-10	-1.720842e+01	-4.247483e+01
6.110000e-06	-2.482302e-06	-6.830296e-10	-1.749872e+01	-4.427568e+01
6.120000e-06	-2.523205e-06	-7.114165e-10	-1.778707e+01	-4.604722e+01
6.130000e-06	-2.563820e-06	-7.388642e-10	-1.807338e+01	-4.778714e+01
6.140000e-06	-2.604258e-06	-7.647813e-10	-1.835844e+01	-4.949325e+01
6.150000e-06	-2.644611e-06	-7.861991e-10	-1.864291e+01	-5.116354e+01
6.160000e-06	-2.684895e-06	-8.071663e-10	-1.892689e+01	-5.279620e+01
6.170000e-06	-2.725091e-06	-8.302658e-10	-1.921024e+01	-5.438966e+01
6.180000e-06	-2.765182e-06	-8.545503e-10	-1.949286e+01	-5.594268e+01
6.190000e-06	-2.805104e-06	-8.787735e-10	-1.977429e+01	-5.745429e+01
6.200000e-06	-2.844947e-06	-9.023088e-10	-2.005515e+01	-5.892389e+01
6.210000e-06	-2.884730e-06	-9.264132e-10	-2.033560e+01	-6.035117e+01
6.220000e-06	-2.924265e-06	-9.499261e-10	-2.061430e+01	-6.173616e+01
6.230000e-06	-2.963475e-06	-9.682998e-10	-2.089070e+01	-6.307916e+01
6.240000e-06	-3.002287e-06	-9.834530e-10	-2.116431e+01	-6.438074e+01
6.250000e-06	-3.040818e-06	-9.986834e-10	-2.143593e+01	-6.564163e+01
6.260000e-06	-3.079240e-06	-1.018061e-09	-2.170678e+01	-6.686276e+01
6.270000e-06	-3.117382e-06	-1.039273e-09	-2.197566e+01	-6.804510e+01
6.280000e-06	-3.155038e-06	-1.057261e-09	-2.224111e+01	-6.918968e+01
6.290000e-06	-3.192165e-06	-1.074514e-09	-2.250283e+01	-7.029751e+01
6.300000e-06	-3.228881e-06	-1.095745e-09	-2.276166e+01	-7.136949e+01
6.310000e-06	-3.265360e-06	-1.115804e-09	-2.301881e+01	-7.240644e+01
6.320000e-06	-3.301670e-06	-1.128601e-09	-2.327478e+01	-7.340904e+01
6.330000e-06	-3.337860e-06	-1.138630e-09	-2.352989e+01	-7.437778e+01
6.340000e-06	-3.373938e-06	-1.153126e-09	-2.378422e+01	-7.531304e+01
6.350000e-06	-3.409863e-06	-1.168903e-09	-2.403747e+01	-7.621500e+01
6.360000e-06	-3.445625e-06	-1.180339e-09	-2.428957e+01	-7.708376e+01
6.370000e-06	-3.481219e-06	-1.187433e-09	-2.454049e+01	-7.791932e+01
6.380000e-06	-3.516716e-06	-1.194356e-09	-2.479072e+01	-7.872163e+01
6.390000e-06	-3.551912e-06	-1.204905e-09	-2.503883e+01	-7.949065e+01
6.400000e-06	-3.586691e-06	-1.216954e-09	-2.528400e+01	-8.022640e+01
6.410000e-06	-3.621287e-06	-1.226433e-09	-2.552788e+01	-8.092901e+01
6.420000e-06	-3.655724e-06	-1.236445e-09	-2.577064e+01	-8.159873e+01
6.430000e-06	-3.689858e-06	-1.251816e-09	-2.601126e+01	-8.223603e+01
6.440000e-06	-3.723748e-06	-1.264138e-09	-2.625017e+01	-8.284158e+01
6.450000e-06	-3.757397e-06	-1.268462e-09	-2.648737e+01	-8.341624e+01
6.460000e-06	-3.790669e-06	-1.270575e-09	-2.672192e+01	-8.396114e+01
6.470000e-06	-3.823644e-06	-1.275621e-09	-2.695438e+01	-8.447756e+01
6.480000e-06	-3.856456e-06	-1.282900e-09	-2.718568e+01	-8.496700e+01
6.490000e-06	-3.889026e-06	-1.291262e-09	-2.741528e+01	-8.543107e+01
6.500000e-06	-3.921311e-06	-1.299373e-09	-2.764287e+01	-8.587146e+01
6.510000e-06	-3.953416e-06	-1.310352e-09	-2.786919e+01	-8.628992e+01
6.520000e-06	-3.985369e-06	-1.321749e-09	-2.809444e+01	-8.668813e+01
6.530000e-06	-4.017090e-06	-1.326359e-09	-2.831806e+01	-8.706772e+01
6.540000e-06	-4.048477e-06	-1.324926e-09	-2.853931e+01	-8.743015e+01
6.550000e-06	-4.079562e-06	-1.324096e-09	-2.875844e+01	-8.777672e+01
6.560000e-06	-4.110261e-06	-1.326801e-09	-2.897485e+01	-8.810849e+01
6.570000e-06	-4.140472e-06	-1.331077e-09	-2.918782e+01	-8.842630e+01
6.580000e-06	-4.170227e-06	-1.334909e-09	-2.939758e+01	-8.873072e+01
6.590000e-06	-4.199402e-06	-1.339958e-09	-2.960325e+01	-8.902211e+01
6.600000e-06	-4.228057e-06	-1.346195e-09	-2.980524e+01	-8.930057e+01
6.610000e-06	-4.256444e-06	-1.351084e-09	-3.000536e+01	-8.956605e+01
6.620000e-06	-4.284640e-06	-1.351827e-09	-3.020412e+01	-8.981835e+01
6.630000e-06	-4.312713e-06	-1.352297e-09	-3.040201e+01	-9.005719e+01
6.640000e-06	-4.340643e-06	-1.355930e-09	-3.059891e+01	-9.028227e+01
6.650000e-06	-4.368311e-06	-1.359282e-09	-3.079395e+01	-9.049332e+01
6.660000e-06	-4.395683e-06	-1.359898e-09	-3.098691e+01	-9.069015e+01
6.670000e-06	-4.422751e-06	-1.361273e-09	-3.117772e+01	-9.087272e+01
6.680000e-06	-4.449489e-06	-1.367412e-09	-3.136620e+01	-9.104116e+01
6.690000e-06	-4.475919e-06	-1.374303e-09	-3.155252e+01	-9.119581e+01
6.700000e-06	-4.502025e-06	-1.377071e-09	-3.173655e+01	-9.133722e+01
6.710000e-06	-4.527821e-06	-1.376344e-09	-3.191840e+01	-9.146614e+01
6.720000e-06	-4.553295e-06	-1.378020e-09	-3.209797e+01	-9.158353e+01
6.730000e-06	-4.578438e-06	-1.382996e-09	-3.227522e+01	-9.169049e+01
6.740000e-06	-4.603207e-06	-1.384704e-09	-3.244983e+01	-9.178823e+01
6.750000e-06	-4.627661e-06	-1.384998e-09	-3.262221e+01	-9.187802e+01
6.760000e-06	-4.651949e-06	-1.389153e-09	-3.279343e+01	-9.196113e+01
6.770000e-06	-4.676002e-06	-1.394029e-09	-3.296298e+01	-9.203875e+01
6.780000e-06	-4.699834e-06	-1.397433e-09	-3.313099e+01	-9.211195e+01
6.790000e-06	-4.723421e-06	-1.398920e-09	-3.329726e+01	-9.218162e+01
6.800000e-06	-4.746683e-06	-1.399848e-09	-3.346124e+01	-9.224843e+01
6.810000e-06	-4.769525e-06	-1.400608e-09	-3.362226e+01	-9.231280e+01
6.820000e-06	-4.791864e-06	-1.401235e-09	-3.377974e+01	-9.237487e+01
6.830000e-06	-4.813608e-06	-1.402082e-09	-3.393302e+01	-9.243452e+01
6.840000e-06	-4.834795e-06	-1.402470e-09	-3.408238e+01	-9.249140e+01
6.850000e-06	-4.855505e-06	-1.405810e-09	-3.422837e+01	-9.254494e+01
6.860000e-06	-4.875792e-06	-1.410002e-09	-3.437138e+01	-9.259441e+01
6.870000e-06	-4.895880e-06	-1.411033e-09	-3.451299e+01	-9.263897e+01
6.880000e-06	-4.915791e-06	-1.409941e-09	-3.465335e+01	-9.267776e+01
6.890000e-06	-4.935491e-06	-1.409502e-09	-3.479222e+01	-9.270995e+01
6.900000e-06	-4.954895e-06	-1.413784e-09	-3.492901e+01	-9.273480e+01
6.910000e-06	-4.973956e-06	-1.417971e-09	-3.506338e+01	-9.275175e+01
6.920000e-06	-4.992648e-06	-1.421117e-09	-3.519515e+01	-9.276046e+01
6.930000e-06	-5.010997e-06	-1.422886e-09	-3.532450e+01	-9.276080e+01
6.940000e-06	-5.029081e-06	-1.421429e-09	-3.545198e+01	-9.275295e+01
6.950000e-06	-5.046841e-06	-1.417020e-09	-3.557718e+01	-9.273735e+01
6.960000e-06	-5.064189e-06	-1.412547e-09	-3.569947e+01	-9.271467e+01
6.970000e-06	-5.081157e-06	-1.411733e-09	-3.581908e+01	-9.268583e+01
6.980000e-06	-5.097785e-06	-1.414900e-09	-3.593630e+01	-9.265187e+01
6.990000e-06	-5.114131e-06	-1.417853e-09	-3.605153e+01	-9.261394e+01
7.000000e-06	-5.130306e-06	-1.419465e-09	-3.616555e+01	-9.257324e+01
7.010000e-06	-5.146253e-06	-1.419883e-09	-3.627797e+01	-9.253086e+01
7.020000e-06	-5.161784e-06	-1.419605e-09	-3.638745e+01	-9.248778e+01
7.030000e-06	-5.176704e-06	-1.417099e-09	-3.649263e+01	-9.244477e+01
7.040000e-06	-5.191019e-06	-1.411027e-09	-3.659354e+01	-9.240233e+01
7.050000e-06	-5.204780e-06	-1.405223e-09	-3.669055e+01	-9.236064e+01
7.060000e-06	-5.218033e-06	-1.402965e-09	-3.678397e+01	-9.231955e+01
7.070000e-06	-5.230884e-06	-1.403614e-09	-3.687457e+01	-9.227857e+01
7.080000e-06	-5.243389e-06	-1.403865e-09	-3.696272e+01	-9.223691e+01
7.090000e-06	-5.255498e-06	-1.403121e-09	-3.704808e+01	-9.219350e+01
7.100000e-06	-5.267218e-06	-1.402193e-09	-3.713070e+01	-9.214706e+01
7.110000e-06	-5.278527e-06	-1.399132e-09	-3.721042e+01	-9.209622e+01
7.120000e-06	-5.289394e-06	-1.393108e-09	-3.728703e+01	-9.203956e+01
7.130000e-06	-5.299943e-06	-1.389449e-09	-3.736139e+01	-9.197577e+01
7.140000e-06	-5.310213e-06	-1.389891e-09	-3.743379e+01	-9.190370e+01
7.150000e-06	-5.320160e-06	-1.391095e-09	-3.750391e+01	-9.182252e+01
7.160000e-06	-5.329618e-06	-1.389323e-09	-3.757058e+01	-9.173174e+01
7.170000e-06	-5.338598e-06	-1.384709e-09	-3.763389e+01	-9.163132e+01
7.180000e-06	-5.347325e-06	-1.379552e-09	-3.769540e+01	-9.152171e+01
7.190000e-06	-5.355837e-06	-1.375459e-09	-3.775541e+01	-9.140381e+01
7.200000e-06	-5.364048e-06	-1.370688e-09	-3.781329e+01	-9.127903e+01
7.210000e-06	-5.371969e-06	-1.368533e-09	-3.786913e+01	-9.114917e+01
7.220000e-06	-5.379641e-06	-1.370084e-09	-3.792321e+01	-9.101639e+01
7.230000e-06	-5.386895e-06	-1.373729e-09	-3.797435e+01	-9.088305e+01
7.240000e-06	-5.393584e-06	-1.373231e-09	-3.802150e+01	-9.075163e+01
7.250000e-06	-5.399752e-06	-1.368341e-09	-3.806498e+01	-9.062455e+01
7.260000e-06	-5.405345e-06	-1.360916e-09	-3.810441e+01	-9.050402e+01
7.270000e-06	-5.410331e-06	-1.354441e-09	-3.813956e+01	-9.039191e+01
7.280000e-06	-5.414919e-06	-1.349256e-09	-3.817191e+01	-9.028958e+01
7.290000e-06	-5.419209e-06	-1.345174e-09	-3.820214e+01	-9.019778e+01
7.300000e-06	-5.423258e-06	-1.344119e-09	-3.823069e+01	-9.011656e+01
7.310000e-06	-5.427036e-06	-1.343543e-09	-3.825732e+01	-9.004521e+01
7.320000e-06	-5.430454e-06	-1.342687e-09	-3.828141e+01	-8.998221e+01
7.330000e-06	-5.433489e-06	-1.341829e-09	-3.830281e+01	-8.992534e+01
7.340000e-06	-5.436081e-06	-1.340594e-09	-3.832108e+01	-8.987169e+01
7.350000e-06	-5.438409e-06	-1.339269e-09	-3.833749e+01	-8.981778e+01
7.360000e-06	-5.440545e-06	-1.335736e-09	-3.835255e+01	-8.975976e+01
7.370000e-06	-5.442229e-06	-1.328964e-09	-3.836442e+01	-8.969361e+01
7.380000e-06	-5.443360e-06	-1.323357e-09	-3.837239e+01	-8.961530e+01
7.390000e-06	-5.444148e-06	-1.322426e-09	-3.837795e+01	-8.952107e+01
7.400000e-06	-5.444701e-06	-1.323638e-09	-3.838185e+01	-8.940767e+01
