# Temperatura_=_14.17
# Concentracion g/m^3_=_4090.0
# C_Vs_to_Am_M_A/Vsm_=_65563218390.804596
# pendiente_HvsI_1/m_=_3716.3
# ordenada_HvsI_A/m_=_1297.0
# frecuencia_Hz_=_135090.87676843925

Tiempo_(s)	Campo_(V.s)	Magnetizacion_(V.s)	Campo_(kA/m)	Magnetizacion_(A/m)
0.000000e+00	-5.419010e-06	-1.307440e-09	-3.838524e+01	-8.552770e+01
1.000000e-08	-5.419131e-06	-1.295551e-09	-3.838610e+01	-8.530823e+01
2.000000e-08	-5.419101e-06	-1.282022e-09	-3.838588e+01	-8.506769e+01
3.000000e-08	-5.418744e-06	-1.271727e-09	-3.838336e+01	-8.480862e+01
4.000000e-08	-5.417968e-06	-1.269168e-09	-3.837786e+01	-8.453470e+01
5.000000e-08	-5.416718e-06	-1.273703e-09	-3.836900e+01	-8.425070e+01
6.000000e-08	-5.414841e-06	-1.282952e-09	-3.835571e+01	-8.396233e+01
7.000000e-08	-5.412343e-06	-1.309185e-09	-3.833801e+01	-8.367610e+01
8.000000e-08	-5.409227e-06	-1.318443e-09	-3.831594e+01	-8.339905e+01
9.000000e-08	-5.405526e-06	-1.260152e-09	-3.828973e+01	-8.313855e+01
1.000000e-07	-5.401427e-06	-1.217933e-09	-3.826069e+01	-8.290196e+01
1.100000e-07	-5.397193e-06	-1.323204e-09	-3.823070e+01	-8.269636e+01
1.200000e-07	-5.392872e-06	-1.350096e-09	-3.820010e+01	-8.252825e+01
1.300000e-07	-5.388202e-06	-1.253754e-09	-3.816702e+01	-8.240324e+01
1.400000e-07	-5.383060e-06	-1.198424e-09	-3.813059e+01	-8.232585e+01
1.500000e-07	-5.377565e-06	-1.333694e-09	-3.809167e+01	-8.229923e+01
1.600000e-07	-5.371724e-06	-1.400610e-09	-3.805029e+01	-8.232502e+01
1.700000e-07	-5.365442e-06	-1.221396e-09	-3.800580e+01	-8.240325e+01
1.800000e-07	-5.358682e-06	-1.156430e-09	-3.795791e+01	-8.253228e+01
1.900000e-07	-5.351588e-06	-1.299684e-09	-3.790766e+01	-8.270885e+01
2.000000e-07	-5.344246e-06	-1.383770e-09	-3.785566e+01	-8.292813e+01
2.100000e-07	-5.336717e-06	-1.258429e-09	-3.780232e+01	-8.318391e+01
2.200000e-07	-5.328929e-06	-1.264570e-09	-3.774715e+01	-8.346879e+01
2.300000e-07	-5.320825e-06	-1.399753e-09	-3.768976e+01	-8.377447e+01
2.400000e-07	-5.312419e-06	-1.408259e-09	-3.763021e+01	-8.409202e+01
2.500000e-07	-5.303482e-06	-1.308571e-09	-3.756690e+01	-8.441222e+01
2.600000e-07	-5.293890e-06	-1.373329e-09	-3.749896e+01	-8.472586e+01
2.700000e-07	-5.283620e-06	-1.445043e-09	-3.742621e+01	-8.502413e+01
2.800000e-07	-5.272708e-06	-1.344584e-09	-3.734892e+01	-8.529885e+01
2.900000e-07	-5.261393e-06	-1.283615e-09	-3.726877e+01	-8.554282e+01
3.000000e-07	-5.249783e-06	-1.392002e-09	-3.718653e+01	-8.574998e+01
3.100000e-07	-5.237752e-06	-1.391357e-09	-3.710131e+01	-8.591565e+01
3.200000e-07	-5.225254e-06	-1.281688e-09	-3.701278e+01	-8.603661e+01
3.300000e-07	-5.212358e-06	-1.318343e-09	-3.692143e+01	-8.611117e+01
3.400000e-07	-5.199018e-06	-1.403462e-09	-3.682694e+01	-8.613915e+01
3.500000e-07	-5.185246e-06	-1.345881e-09	-3.672939e+01	-8.612181e+01
3.600000e-07	-5.171211e-06	-1.307836e-09	-3.662997e+01	-8.606173e+01
3.700000e-07	-5.156722e-06	-1.358231e-09	-3.652734e+01	-8.596260e+01
3.800000e-07	-5.141608e-06	-1.326729e-09	-3.642028e+01	-8.582903e+01
3.900000e-07	-5.125869e-06	-1.282217e-09	-3.630879e+01	-8.566628e+01
4.000000e-07	-5.109585e-06	-1.333669e-09	-3.619345e+01	-8.548001e+01
4.100000e-07	-5.093017e-06	-1.346910e-09	-3.607609e+01	-8.527600e+01
4.200000e-07	-5.076112e-06	-1.279152e-09	-3.595634e+01	-8.505988e+01
4.300000e-07	-5.058798e-06	-1.314938e-09	-3.583370e+01	-8.483694e+01
4.400000e-07	-5.041216e-06	-1.364901e-09	-3.570916e+01	-8.461187e+01
4.500000e-07	-5.023385e-06	-1.313264e-09	-3.558285e+01	-8.438863e+01
4.600000e-07	-5.005293e-06	-1.262661e-09	-3.545470e+01	-8.417032e+01
4.700000e-07	-4.986839e-06	-1.304882e-09	-3.532398e+01	-8.395912e+01
4.800000e-07	-4.967963e-06	-1.304873e-09	-3.519027e+01	-8.375627e+01
4.900000e-07	-4.948718e-06	-1.280044e-09	-3.505396e+01	-8.356208e+01
5.000000e-07	-4.929121e-06	-1.279193e-09	-3.491514e+01	-8.337605e+01
5.100000e-07	-4.909291e-06	-1.285940e-09	-3.477468e+01	-8.319695e+01
5.200000e-07	-4.889244e-06	-1.280706e-09	-3.463268e+01	-8.302298e+01
5.300000e-07	-4.869030e-06	-1.294582e-09	-3.448949e+01	-8.285193e+01
5.400000e-07	-4.848579e-06	-1.272674e-09	-3.434463e+01	-8.268137e+01
5.500000e-07	-4.827747e-06	-1.244620e-09	-3.419707e+01	-8.250881e+01
5.600000e-07	-4.806512e-06	-1.258704e-09	-3.404664e+01	-8.233190e+01
5.700000e-07	-4.784916e-06	-1.278160e-09	-3.389367e+01	-8.214853e+01
5.800000e-07	-4.763044e-06	-1.252443e-09	-3.373874e+01	-8.195702e+01
5.900000e-07	-4.740867e-06	-1.238857e-09	-3.358166e+01	-8.175616e+01
6.000000e-07	-4.718347e-06	-1.254686e-09	-3.342214e+01	-8.154531e+01
6.100000e-07	-4.695432e-06	-1.269132e-09	-3.325982e+01	-8.132440e+01
6.200000e-07	-4.672173e-06	-1.261605e-09	-3.309507e+01	-8.109391e+01
6.300000e-07	-4.648599e-06	-1.238140e-09	-3.292808e+01	-8.085485e+01
6.400000e-07	-4.624793e-06	-1.230778e-09	-3.275945e+01	-8.060867e+01
6.500000e-07	-4.600852e-06	-1.247831e-09	-3.258987e+01	-8.035716e+01
6.600000e-07	-4.576669e-06	-1.253728e-09	-3.241857e+01	-8.010230e+01
6.700000e-07	-4.552160e-06	-1.230886e-09	-3.224496e+01	-7.984619e+01
6.800000e-07	-4.527191e-06	-1.222814e-09	-3.206809e+01	-7.959090e+01
6.900000e-07	-4.501674e-06	-1.235121e-09	-3.188734e+01	-7.933830e+01
7.000000e-07	-4.475694e-06	-1.242836e-09	-3.170332e+01	-7.909003e+01
7.100000e-07	-4.449167e-06	-1.226942e-09	-3.151541e+01	-7.884735e+01
7.200000e-07	-4.422154e-06	-1.213812e-09	-3.132407e+01	-7.861108e+01
7.300000e-07	-4.394854e-06	-1.214225e-09	-3.113069e+01	-7.838160e+01
7.400000e-07	-4.367305e-06	-1.225612e-09	-3.093555e+01	-7.815880e+01
7.500000e-07	-4.339522e-06	-1.215354e-09	-3.073875e+01	-7.794211e+01
7.600000e-07	-4.311507e-06	-1.199381e-09	-3.054031e+01	-7.773053e+01
7.700000e-07	-4.283276e-06	-1.198775e-09	-3.034033e+01	-7.752274e+01
7.800000e-07	-4.254788e-06	-1.212897e-09	-3.013854e+01	-7.731714e+01
7.900000e-07	-4.226080e-06	-1.208543e-09	-2.993519e+01	-7.711196e+01
8.000000e-07	-4.197046e-06	-1.196460e-09	-2.972953e+01	-7.690538e+01
8.100000e-07	-4.167578e-06	-1.188428e-09	-2.952079e+01	-7.669563e+01
8.200000e-07	-4.137872e-06	-1.192765e-09	-2.931037e+01	-7.648108e+01
8.300000e-07	-4.107958e-06	-1.188639e-09	-2.909848e+01	-7.626035e+01
8.400000e-07	-4.077670e-06	-1.172810e-09	-2.888394e+01	-7.603235e+01
8.500000e-07	-4.047088e-06	-1.160791e-09	-2.866731e+01	-7.579636e+01
8.600000e-07	-4.016304e-06	-1.168549e-09	-2.844926e+01	-7.555206e+01
8.700000e-07	-3.985245e-06	-1.176884e-09	-2.822925e+01	-7.529953e+01
8.800000e-07	-3.954046e-06	-1.170868e-09	-2.800825e+01	-7.503922e+01
8.900000e-07	-3.922556e-06	-1.159714e-09	-2.778520e+01	-7.477194e+01
9.000000e-07	-3.890748e-06	-1.153530e-09	-2.755989e+01	-7.449879e+01
9.100000e-07	-3.858834e-06	-1.150316e-09	-2.733383e+01	-7.422109e+01
9.200000e-07	-3.826808e-06	-1.138511e-09	-2.710697e+01	-7.394030e+01
9.300000e-07	-3.794531e-06	-1.123738e-09	-2.687834e+01	-7.365794e+01
9.400000e-07	-3.761915e-06	-1.125089e-09	-2.664731e+01	-7.337549e+01
9.500000e-07	-3.728989e-06	-1.138721e-09	-2.641408e+01	-7.309434e+01
9.600000e-07	-3.695647e-06	-1.147612e-09	-2.617790e+01	-7.281566e+01
9.700000e-07	-3.661882e-06	-1.141580e-09	-2.593873e+01	-7.254040e+01
9.800000e-07	-3.627714e-06	-1.129781e-09	-2.569670e+01	-7.226925e+01
9.900000e-07	-3.593156e-06	-1.121013e-09	-2.545191e+01	-7.200254e+01
1.000000e-06	-3.558173e-06	-1.108197e-09	-2.520411e+01	-7.174034e+01
1.010000e-06	-3.522879e-06	-1.094368e-09	-2.495411e+01	-7.148237e+01
1.020000e-06	-3.487356e-06	-1.083759e-09	-2.470248e+01	-7.122812e+01
1.030000e-06	-3.451614e-06	-1.086883e-09	-2.444931e+01	-7.097681e+01
1.040000e-06	-3.415765e-06	-1.094267e-09	-2.419537e+01	-7.072750e+01
1.050000e-06	-3.379821e-06	-1.095893e-09	-2.394076e+01	-7.047913e+01
1.060000e-06	-3.343685e-06	-1.089062e-09	-2.368480e+01	-7.023059e+01
1.070000e-06	-3.307312e-06	-1.082455e-09	-2.342715e+01	-6.998076e+01
1.080000e-06	-3.270759e-06	-1.073621e-09	-2.316823e+01	-6.972860e+01
1.090000e-06	-3.234016e-06	-1.061686e-09	-2.290796e+01	-6.947319e+01
1.100000e-06	-3.196954e-06	-1.049918e-09	-2.264544e+01	-6.921375e+01
1.110000e-06	-3.159666e-06	-1.047680e-09	-2.238131e+01	-6.894968e+01
1.120000e-06	-3.122199e-06	-1.052194e-09	-2.211592e+01	-6.868061e+01
1.130000e-06	-3.084440e-06	-1.053718e-09	-2.184845e+01	-6.840632e+01
1.140000e-06	-3.046436e-06	-1.047762e-09	-2.157925e+01	-6.812682e+01
1.150000e-06	-3.008280e-06	-1.042128e-09	-2.130898e+01	-6.784226e+01
1.160000e-06	-2.969934e-06	-1.038973e-09	-2.103736e+01	-6.755292e+01
1.170000e-06	-2.931327e-06	-1.034900e-09	-2.076388e+01	-6.725919e+01
1.180000e-06	-2.892504e-06	-1.023630e-09	-2.048888e+01	-6.696151e+01
1.190000e-06	-2.853436e-06	-1.012611e-09	-2.021215e+01	-6.666033e+01
1.200000e-06	-2.814154e-06	-1.010542e-09	-1.993389e+01	-6.635608e+01
1.210000e-06	-2.774727e-06	-1.016526e-09	-1.965462e+01	-6.604912e+01
1.220000e-06	-2.735166e-06	-1.017812e-09	-1.937439e+01	-6.573976e+01
1.230000e-06	-2.695437e-06	-1.013868e-09	-1.909297e+01	-6.542817e+01
1.240000e-06	-2.655612e-06	-1.007469e-09	-1.881087e+01	-6.511447e+01
1.250000e-06	-2.615703e-06	-1.001186e-09	-1.852818e+01	-6.479863e+01
1.260000e-06	-2.575704e-06	-9.944006e-10	-1.824485e+01	-6.448056e+01
1.270000e-06	-2.535628e-06	-9.853851e-10	-1.796097e+01	-6.416011e+01
1.280000e-06	-2.495393e-06	-9.798450e-10	-1.767597e+01	-6.383707e+01
1.290000e-06	-2.454986e-06	-9.786054e-10	-1.738975e+01	-6.351122e+01
1.300000e-06	-2.414447e-06	-9.770408e-10	-1.710259e+01	-6.318237e+01
1.310000e-06	-2.373667e-06	-9.690894e-10	-1.681373e+01	-6.285035e+01
1.320000e-06	-2.332551e-06	-9.631726e-10	-1.652249e+01	-6.251509e+01
1.330000e-06	-2.291230e-06	-9.603556e-10	-1.622980e+01	-6.217658e+01
1.340000e-06	-2.249789e-06	-9.586939e-10	-1.593625e+01	-6.183491e+01
1.350000e-06	-2.208125e-06	-9.549564e-10	-1.564113e+01	-6.149027e+01
1.360000e-06	-2.166013e-06	-9.492483e-10	-1.534283e+01	-6.114292e+01
1.370000e-06	-2.123476e-06	-9.440401e-10	-1.504152e+01	-6.079320e+01
1.380000e-06	-2.080727e-06	-9.395919e-10	-1.473871e+01	-6.044146e+01
1.390000e-06	-2.037826e-06	-9.317710e-10	-1.443482e+01	-6.008810e+01
1.400000e-06	-1.994776e-06	-9.230294e-10	-1.412988e+01	-5.973344e+01
1.410000e-06	-1.951559e-06	-9.176532e-10	-1.382375e+01	-5.937776e+01
1.420000e-06	-1.908108e-06	-9.167478e-10	-1.351597e+01	-5.902121e+01
1.430000e-06	-1.864525e-06	-9.166666e-10	-1.320725e+01	-5.866380e+01
1.440000e-06	-1.820822e-06	-9.161005e-10	-1.289769e+01	-5.830538e+01
1.450000e-06	-1.777001e-06	-9.132119e-10	-1.258728e+01	-5.794560e+01
1.460000e-06	-1.733183e-06	-9.072012e-10	-1.227690e+01	-5.758391e+01
1.470000e-06	-1.689310e-06	-8.986693e-10	-1.196613e+01	-5.721957e+01
1.480000e-06	-1.645271e-06	-8.896752e-10	-1.165418e+01	-5.685165e+01
1.490000e-06	-1.601125e-06	-8.826521e-10	-1.134148e+01	-5.647909e+01
1.500000e-06	-1.557009e-06	-8.780204e-10	-1.102899e+01	-5.610068e+01
1.510000e-06	-1.512859e-06	-8.754178e-10	-1.071625e+01	-5.571517e+01
1.520000e-06	-1.468596e-06	-8.715429e-10	-1.040271e+01	-5.532129e+01
1.530000e-06	-1.424233e-06	-8.601316e-10	-1.008847e+01	-5.491778e+01
1.540000e-06	-1.379802e-06	-8.444415e-10	-9.773747e+00	-5.450350e+01
1.550000e-06	-1.335248e-06	-8.306027e-10	-9.458148e+00	-5.407743e+01
1.560000e-06	-1.290599e-06	-8.202740e-10	-9.141886e+00	-5.363876e+01
1.570000e-06	-1.245865e-06	-8.146905e-10	-8.825014e+00	-5.318687e+01
1.580000e-06	-1.201057e-06	-8.104475e-10	-8.507621e+00	-5.272142e+01
1.590000e-06	-1.156275e-06	-8.069408e-10	-8.190407e+00	-5.224229e+01
1.600000e-06	-1.111376e-06	-8.029007e-10	-7.872366e+00	-5.174962e+01
1.610000e-06	-1.066341e-06	-7.936486e-10	-7.553363e+00	-5.124379e+01
1.620000e-06	-1.021235e-06	-7.810268e-10	-7.233855e+00	-5.072535e+01
1.630000e-06	-9.760012e-07	-7.685627e-10	-6.913448e+00	-5.019501e+01
1.640000e-06	-9.306347e-07	-7.556606e-10	-6.592096e+00	-4.965355e+01
1.650000e-06	-8.851959e-07	-7.448495e-10	-6.270233e+00	-4.910181e+01
1.660000e-06	-8.397212e-07	-7.356535e-10	-5.948116e+00	-4.854055e+01
1.670000e-06	-7.941766e-07	-7.295980e-10	-5.625504e+00	-4.797045e+01
1.680000e-06	-7.485939e-07	-7.267819e-10	-5.302621e+00	-4.739200e+01
1.690000e-06	-7.030015e-07	-7.224008e-10	-4.979670e+00	-4.680547e+01
1.700000e-06	-6.573653e-07	-7.118095e-10	-4.656409e+00	-4.621085e+01
1.710000e-06	-6.116420e-07	-6.979549e-10	-4.332531e+00	-4.560782e+01
1.720000e-06	-5.658502e-07	-6.843170e-10	-4.008167e+00	-4.499574e+01
1.730000e-06	-5.200487e-07	-6.725900e-10	-3.683735e+00	-4.437366e+01
1.740000e-06	-4.741943e-07	-6.627506e-10	-3.358928e+00	-4.374030e+01
1.750000e-06	-4.283148e-07	-6.531707e-10	-3.033943e+00	-4.309412e+01
1.760000e-06	-3.824825e-07	-6.436082e-10	-2.709293e+00	-4.243333e+01
1.770000e-06	-3.365489e-07	-6.317656e-10	-2.383924e+00	-4.175598e+01
1.780000e-06	-2.905582e-07	-6.185993e-10	-2.058152e+00	-4.106001e+01
1.790000e-06	-2.446322e-07	-6.082436e-10	-1.732838e+00	-4.034333e+01
1.800000e-06	-1.986929e-07	-5.973661e-10	-1.407429e+00	-3.960388e+01
1.810000e-06	-1.526926e-07	-5.839867e-10	-1.081589e+00	-3.883970e+01
1.820000e-06	-1.067509e-07	-5.694982e-10	-7.561638e-01	-3.804901e+01
1.830000e-06	-6.083996e-08	-5.564919e-10	-4.309563e-01	-3.723028e+01
1.840000e-06	-1.490089e-08	-5.448144e-10	-1.055496e-01	-3.638221e+01
1.850000e-06	3.101384e-08	-5.329794e-10	2.196847e-01	-3.550384e+01
1.860000e-06	7.699558e-08	-5.200974e-10	5.453937e-01	-3.459452e+01
1.870000e-06	1.229896e-07	-5.077109e-10	8.711894e-01	-3.365389e+01
1.880000e-06	1.688866e-07	-4.974645e-10	1.196298e+00	-3.268194e+01
1.890000e-06	2.147992e-07	-4.837735e-10	1.521518e+00	-3.167889e+01
1.900000e-06	2.608075e-07	-4.645986e-10	1.847415e+00	-3.064521e+01
1.910000e-06	3.067748e-07	-4.453655e-10	2.173021e+00	-2.958155e+01
1.920000e-06	3.526596e-07	-4.299322e-10	2.498044e+00	-2.848869e+01
1.930000e-06	3.984876e-07	-4.136812e-10	2.822664e+00	-2.736746e+01
1.940000e-06	4.442891e-07	-3.931873e-10	3.147096e+00	-2.621872e+01
1.950000e-06	4.900949e-07	-3.723941e-10	3.471558e+00	-2.504329e+01
1.960000e-06	5.359424e-07	-3.578864e-10	3.796317e+00	-2.384189e+01
1.970000e-06	5.817473e-07	-3.450866e-10	4.120773e+00	-2.261511e+01
1.980000e-06	6.274409e-07	-3.249271e-10	4.444441e+00	-2.136341e+01
1.990000e-06	6.730276e-07	-3.010783e-10	4.767352e+00	-2.008709e+01
2.000000e-06	7.185689e-07	-2.812827e-10	5.089941e+00	-1.878628e+01
2.010000e-06	7.640547e-07	-2.653368e-10	5.412137e+00	-1.746095e+01
2.020000e-06	8.094257e-07	-2.478082e-10	5.733520e+00	-1.611099e+01
2.030000e-06	8.547812e-07	-2.246808e-10	6.054793e+00	-1.473615e+01
2.040000e-06	9.000649e-07	-1.989315e-10	6.375557e+00	-1.333618e+01
2.050000e-06	9.452801e-07	-1.742751e-10	6.695837e+00	-1.191078e+01
2.060000e-06	9.905404e-07	-1.491438e-10	7.016435e+00	-1.045974e+01
2.070000e-06	1.035736e-06	-1.228891e-10	7.336573e+00	-8.982888e+00
2.080000e-06	1.080800e-06	-1.000724e-10	7.655783e+00	-7.480224e+00
2.090000e-06	1.125775e-06	-8.069034e-11	7.974363e+00	-5.951891e+00
2.100000e-06	1.170585e-06	-6.310441e-11	8.291768e+00	-4.398229e+00
2.110000e-06	1.215280e-06	-4.249167e-11	8.608367e+00	-2.819788e+00
2.120000e-06	1.259899e-06	-1.522158e-11	8.924420e+00	-1.217336e+00
2.130000e-06	1.304401e-06	1.557544e-11	9.239646e+00	4.081401e-01
2.140000e-06	1.348799e-06	4.467301e-11	9.554142e+00	2.055447e+00
2.150000e-06	1.393129e-06	7.122706e-11	9.868150e+00	3.723204e+00
2.160000e-06	1.437425e-06	9.363923e-11	1.018191e+01	5.409865e+00
2.170000e-06	1.481664e-06	1.151500e-10	1.049528e+01	7.113747e+00
2.180000e-06	1.525816e-06	1.386408e-10	1.080803e+01	8.833063e+00
2.190000e-06	1.569943e-06	1.618596e-10	1.112060e+01	1.056595e+01
2.200000e-06	1.614051e-06	1.870907e-10	1.143304e+01	1.231050e+01
2.210000e-06	1.658049e-06	2.141905e-10	1.174470e+01	1.406479e+01
2.220000e-06	1.701931e-06	2.432421e-10	1.205553e+01	1.582687e+01
2.230000e-06	1.745767e-06	2.741215e-10	1.236604e+01	1.759482e+01
2.240000e-06	1.789541e-06	3.077169e-10	1.267611e+01	1.936673e+01
2.250000e-06	1.833208e-06	3.395565e-10	1.298542e+01	2.114068e+01
2.260000e-06	1.876789e-06	3.685296e-10	1.329412e+01	2.291480e+01
2.270000e-06	1.920318e-06	3.948379e-10	1.360246e+01	2.468717e+01
2.280000e-06	1.963792e-06	4.194563e-10	1.391041e+01	2.645588e+01
2.290000e-06	2.007083e-06	4.447167e-10	1.421705e+01	2.821898e+01
2.300000e-06	2.050188e-06	4.695443e-10	1.452239e+01	2.997446e+01
2.310000e-06	2.093048e-06	4.960780e-10	1.482599e+01	3.172026e+01
2.320000e-06	2.135569e-06	5.255278e-10	1.512718e+01	3.345426e+01
2.330000e-06	2.177924e-06	5.561949e-10	1.542720e+01	3.517428e+01
2.340000e-06	2.220094e-06	5.855600e-10	1.572591e+01	3.687807e+01
2.350000e-06	2.261870e-06	6.116131e-10	1.602182e+01	3.856335e+01
2.360000e-06	2.303322e-06	6.348136e-10	1.631544e+01	4.022782e+01
2.370000e-06	2.344515e-06	6.592152e-10	1.660723e+01	4.186922e+01
2.380000e-06	2.385421e-06	6.827911e-10	1.689699e+01	4.348530e+01
2.390000e-06	2.426074e-06	7.035190e-10	1.718495e+01	4.507394e+01
2.400000e-06	2.466484e-06	7.251180e-10	1.747119e+01	4.663316e+01
2.410000e-06	2.506749e-06	7.487429e-10	1.775641e+01	4.816114e+01
2.420000e-06	2.546868e-06	7.754877e-10	1.804059e+01	4.965630e+01
2.430000e-06	2.586883e-06	8.037587e-10	1.832404e+01	5.111731e+01
2.440000e-06	2.626807e-06	8.310879e-10	1.860684e+01	5.254316e+01
2.450000e-06	2.666625e-06	8.547130e-10	1.888889e+01	5.393309e+01
2.460000e-06	2.706377e-06	8.762365e-10	1.917046e+01	5.528670e+01
2.470000e-06	2.745950e-06	8.953216e-10	1.945078e+01	5.660386e+01
2.480000e-06	2.785330e-06	9.112907e-10	1.972973e+01	5.788478e+01
2.490000e-06	2.824586e-06	9.280986e-10	2.000779e+01	5.912987e+01
2.500000e-06	2.863632e-06	9.474144e-10	2.028437e+01	6.033982e+01
2.510000e-06	2.902362e-06	9.713769e-10	2.055871e+01	6.151545e+01
2.520000e-06	2.940891e-06	9.995439e-10	2.083163e+01	6.265774e+01
2.530000e-06	2.979138e-06	1.024612e-09	2.110255e+01	6.376770e+01
2.540000e-06	3.017124e-06	1.041843e-09	2.137162e+01	6.484637e+01
2.550000e-06	3.055019e-06	1.054604e-09	2.164005e+01	6.589474e+01
2.560000e-06	3.092742e-06	1.064824e-09	2.190725e+01	6.691370e+01
2.570000e-06	3.130243e-06	1.073979e-09	2.217289e+01	6.790400e+01
2.580000e-06	3.167580e-06	1.084627e-09	2.243736e+01	6.886625e+01
2.590000e-06	3.204752e-06	1.100640e-09	2.270068e+01	6.980085e+01
2.600000e-06	3.241617e-06	1.121083e-09	2.296181e+01	7.070802e+01
2.610000e-06	3.278204e-06	1.141415e-09	2.322097e+01	7.158780e+01
2.620000e-06	3.314603e-06	1.154944e-09	2.347880e+01	7.244009e+01
2.630000e-06	3.350785e-06	1.163166e-09	2.373509e+01	7.326464e+01
2.640000e-06	3.386812e-06	1.170763e-09	2.399029e+01	7.406113e+01
2.650000e-06	3.422764e-06	1.178443e-09	2.424495e+01	7.482918e+01
2.660000e-06	3.458572e-06	1.185580e-09	2.449859e+01	7.556844e+01
2.670000e-06	3.494210e-06	1.193667e-09	2.475103e+01	7.627862e+01
2.680000e-06	3.529640e-06	1.205782e-09	2.500200e+01	7.695953e+01
2.690000e-06	3.564860e-06	1.219236e-09	2.525148e+01	7.761111e+01
2.700000e-06	3.599838e-06	1.230142e-09	2.549924e+01	7.823351e+01
2.710000e-06	3.634339e-06	1.239883e-09	2.574363e+01	7.882705e+01
2.720000e-06	3.668378e-06	1.248230e-09	2.598474e+01	7.939228e+01
2.730000e-06	3.701948e-06	1.257368e-09	2.622253e+01	7.992993e+01
2.740000e-06	3.735114e-06	1.265887e-09	2.645746e+01	8.044093e+01
2.750000e-06	3.767907e-06	1.271460e-09	2.668975e+01	8.092637e+01
2.760000e-06	3.800321e-06	1.276973e-09	2.691935e+01	8.138745e+01
2.770000e-06	3.832501e-06	1.282219e-09	2.714730e+01	8.182546e+01
2.780000e-06	3.864482e-06	1.289310e-09	2.737383e+01	8.224173e+01
2.790000e-06	3.896324e-06	1.296714e-09	2.759938e+01	8.263753e+01
2.800000e-06	3.927974e-06	1.300299e-09	2.782357e+01	8.301411e+01
2.810000e-06	3.959440e-06	1.300233e-09	2.804646e+01	8.337258e+01
2.820000e-06	3.990694e-06	1.300884e-09	2.826785e+01	8.371394e+01
2.830000e-06	4.021589e-06	1.306325e-09	2.848669e+01	8.403898e+01
2.840000e-06	4.052168e-06	1.314491e-09	2.870330e+01	8.434835e+01
2.850000e-06	4.082439e-06	1.320024e-09	2.891772e+01	8.464252e+01
2.860000e-06	4.112367e-06	1.323648e-09	2.912971e+01	8.492180e+01
2.870000e-06	4.142044e-06	1.326258e-09	2.933993e+01	8.518635e+01
2.880000e-06	4.171555e-06	1.330445e-09	2.954897e+01	8.543625e+01
2.890000e-06	4.200884e-06	1.331721e-09	2.975672e+01	8.567152e+01
2.900000e-06	4.229954e-06	1.330930e-09	2.996263e+01	8.589218e+01
2.910000e-06	4.258677e-06	1.334899e-09	3.016609e+01	8.609829e+01
2.920000e-06	4.287139e-06	1.341360e-09	3.036770e+01	8.629000e+01
2.930000e-06	4.315326e-06	1.345727e-09	3.056736e+01	8.646760e+01
2.940000e-06	4.343244e-06	1.346837e-09	3.076511e+01	8.663154e+01
2.950000e-06	4.371046e-06	1.347001e-09	3.096205e+01	8.678248e+01
2.960000e-06	4.398716e-06	1.349633e-09	3.115805e+01	8.692125e+01
2.970000e-06	4.426129e-06	1.353852e-09	3.135223e+01	8.704889e+01
2.980000e-06	4.453161e-06	1.354883e-09	3.154371e+01	8.716659e+01
2.990000e-06	4.479723e-06	1.354029e-09	3.173185e+01	8.727571e+01
3.000000e-06	4.505705e-06	1.354659e-09	3.191590e+01	8.737766e+01
3.010000e-06	4.531037e-06	1.356710e-09	3.209534e+01	8.747391e+01
3.020000e-06	4.555769e-06	1.358497e-09	3.227052e+01	8.756588e+01
3.030000e-06	4.580088e-06	1.360993e-09	3.244279e+01	8.765491e+01
3.040000e-06	4.604207e-06	1.365520e-09	3.261363e+01	8.774216e+01
3.050000e-06	4.628123e-06	1.370372e-09	3.278304e+01	8.782858e+01
3.060000e-06	4.651862e-06	1.373571e-09	3.295119e+01	8.791485e+01
3.070000e-06	4.675412e-06	1.373039e-09	3.311801e+01	8.800135e+01
3.080000e-06	4.698614e-06	1.372230e-09	3.328236e+01	8.808814e+01
3.090000e-06	4.721496e-06	1.373570e-09	3.344444e+01	8.817495e+01
3.100000e-06	4.744011e-06	1.373097e-09	3.360392e+01	8.826118e+01
3.110000e-06	4.766155e-06	1.373012e-09	3.376078e+01	8.834599e+01
3.120000e-06	4.787923e-06	1.375900e-09	3.391498e+01	8.842830e+01
3.130000e-06	4.809376e-06	1.380183e-09	3.406693e+01	8.850687e+01
3.140000e-06	4.830587e-06	1.383255e-09	3.421718e+01	8.858037e+01
3.150000e-06	4.851497e-06	1.385033e-09	3.436530e+01	8.864748e+01
3.160000e-06	4.872063e-06	1.385037e-09	3.451097e+01	8.870696e+01
3.170000e-06	4.892317e-06	1.383713e-09	3.465444e+01	8.875773e+01
3.180000e-06	4.912368e-06	1.381313e-09	3.479648e+01	8.879894e+01
3.190000e-06	4.932181e-06	1.377977e-09	3.493682e+01	8.883006e+01
3.200000e-06	4.951710e-06	1.375875e-09	3.507515e+01	8.885087e+01
3.210000e-06	4.971034e-06	1.376768e-09	3.521203e+01	8.886152e+01
3.220000e-06	4.990051e-06	1.377508e-09	3.534673e+01	8.886254e+01
3.230000e-06	5.008494e-06	1.376031e-09	3.547737e+01	8.885478e+01
3.240000e-06	5.026371e-06	1.375308e-09	3.560400e+01	8.883941e+01
3.250000e-06	5.043894e-06	1.377003e-09	3.572813e+01	8.881783e+01
3.260000e-06	5.061214e-06	1.380116e-09	3.585082e+01	8.879164e+01
3.270000e-06	5.078353e-06	1.379114e-09	3.597222e+01	8.876247e+01
3.280000e-06	5.095131e-06	1.375176e-09	3.609107e+01	8.873198e+01
3.290000e-06	5.111488e-06	1.372982e-09	3.620693e+01	8.870170e+01
3.300000e-06	5.127433e-06	1.375168e-09	3.631987e+01	8.867294e+01
3.310000e-06	5.142866e-06	1.378110e-09	3.642919e+01	8.864677e+01
3.320000e-06	5.157865e-06	1.378863e-09	3.653544e+01	8.862387e+01
3.330000e-06	5.172390e-06	1.380438e-09	3.663832e+01	8.860456e+01
3.340000e-06	5.186485e-06	1.380584e-09	3.673817e+01	8.858873e+01
3.350000e-06	5.200178e-06	1.378095e-09	3.683516e+01	8.857587e+01
3.360000e-06	5.213544e-06	1.375482e-09	3.692984e+01	8.856509e+01
3.370000e-06	5.226632e-06	1.372738e-09	3.702254e+01	8.855516e+01
3.380000e-06	5.239343e-06	1.369526e-09	3.711258e+01	8.854459e+01
3.390000e-06	5.251645e-06	1.368912e-09	3.719972e+01	8.853176e+01
3.400000e-06	5.263542e-06	1.369452e-09	3.728400e+01	8.851497e+01
3.410000e-06	5.275135e-06	1.369111e-09	3.736611e+01	8.849255e+01
3.420000e-06	5.286266e-06	1.367870e-09	3.744496e+01	8.846302e+01
3.430000e-06	5.296824e-06	1.366619e-09	3.751975e+01	8.842516e+01
3.440000e-06	5.306798e-06	1.366156e-09	3.759039e+01	8.837807e+01
3.450000e-06	5.315988e-06	1.364908e-09	3.765549e+01	8.832129e+01
3.460000e-06	5.324523e-06	1.365615e-09	3.771595e+01	8.825480e+01
3.470000e-06	5.332746e-06	1.364954e-09	3.777420e+01	8.817905e+01
3.480000e-06	5.340739e-06	1.364085e-09	3.783081e+01	8.809495e+01
3.490000e-06	5.348540e-06	1.365629e-09	3.788607e+01	8.800381e+01
3.500000e-06	5.356122e-06	1.367196e-09	3.793978e+01	8.790726e+01
3.510000e-06	5.363341e-06	1.366483e-09	3.799091e+01	8.780716e+01
3.520000e-06	5.370168e-06	1.364772e-09	3.803927e+01	8.770548e+01
3.530000e-06	5.376661e-06	1.365147e-09	3.808527e+01	8.760415e+01
3.540000e-06	5.382857e-06	1.366389e-09	3.812915e+01	8.750493e+01
3.550000e-06	5.388705e-06	1.366172e-09	3.817058e+01	8.740931e+01
3.560000e-06	5.394118e-06	1.362512e-09	3.820892e+01	8.731830e+01
3.570000e-06	5.399188e-06	1.359435e-09	3.824483e+01	8.723241e+01
3.580000e-06	5.403819e-06	1.358236e-09	3.827763e+01	8.715155e+01
3.590000e-06	5.408046e-06	1.357003e-09	3.830758e+01	8.707495e+01
3.600000e-06	5.412056e-06	1.354810e-09	3.833599e+01	8.700121e+01
3.610000e-06	5.415863e-06	1.354649e-09	3.836295e+01	8.692830e+01
3.620000e-06	5.419497e-06	1.357620e-09	3.838869e+01	8.685364e+01
3.630000e-06	5.422781e-06	1.359932e-09	3.841195e+01	8.677425e+01
3.640000e-06	5.425427e-06	1.357840e-09	3.843070e+01	8.668684e+01
3.650000e-06	5.427300e-06	1.353200e-09	3.844397e+01	8.658805e+01
3.660000e-06	5.428440e-06	1.350610e-09	3.845204e+01	8.647460e+01
3.670000e-06	5.429099e-06	1.351129e-09	3.845670e+01	8.634354e+01
3.680000e-06	5.429455e-06	1.352014e-09	3.845923e+01	8.619241e+01
3.690000e-06	5.429564e-06	1.350335e-09	3.846000e+01	8.601947e+01
3.700000e-06	5.429461e-06	1.349600e-09	3.845927e+01	8.582387e+01
3.710000e-06	5.429055e-06	1.351344e-09	3.845639e+01	8.560577e+01
3.720000e-06	5.428329e-06	1.351780e-09	3.845125e+01	8.536645e+01
3.730000e-06	5.427236e-06	1.346826e-09	3.844351e+01	8.510833e+01
3.740000e-06	5.425724e-06	1.338511e-09	3.843280e+01	8.483502e+01
3.750000e-06	5.423902e-06	1.332476e-09	3.841989e+01	8.455118e+01
3.760000e-06	5.421777e-06	1.318902e-09	3.840484e+01	8.426247e+01
3.770000e-06	5.419331e-06	1.281266e-09	3.838752e+01	8.397533e+01
3.780000e-06	5.416497e-06	1.297431e-09	3.836744e+01	8.369678e+01
3.790000e-06	5.413145e-06	1.382010e-09	3.834369e+01	8.343415e+01
3.800000e-06	5.409328e-06	1.316016e-09	3.831666e+01	8.319483e+01
3.810000e-06	5.405323e-06	1.218328e-09	3.828829e+01	8.298592e+01
3.820000e-06	5.401247e-06	1.267600e-09	3.825942e+01	8.281399e+01
3.830000e-06	5.396896e-06	1.347430e-09	3.822860e+01	8.268474e+01
3.840000e-06	5.391930e-06	1.289469e-09	3.819342e+01	8.260277e+01
3.850000e-06	5.386269e-06	1.129535e-09	3.815332e+01	8.257137e+01
3.860000e-06	5.380230e-06	1.236455e-09	3.811055e+01	8.259230e+01
3.870000e-06	5.373851e-06	1.403309e-09	3.806536e+01	8.266574e+01
3.880000e-06	5.366928e-06	1.295858e-09	3.801632e+01	8.279018e+01
3.890000e-06	5.359473e-06	1.116202e-09	3.796351e+01	8.296248e+01
3.900000e-06	5.351649e-06	1.240002e-09	3.790809e+01	8.317795e+01
3.910000e-06	5.343512e-06	1.403291e-09	3.785046e+01	8.343049e+01
3.920000e-06	5.335084e-06	1.215844e-09	3.779075e+01	8.371279e+01
3.930000e-06	5.326409e-06	1.079076e-09	3.772931e+01	8.401661e+01
3.940000e-06	5.317397e-06	1.281853e-09	3.766547e+01	8.433306e+01
3.950000e-06	5.307929e-06	1.404301e-09	3.759840e+01	8.465292e+01
3.960000e-06	5.298096e-06	1.186015e-09	3.752875e+01	8.496699e+01
3.970000e-06	5.287948e-06	1.143930e-09	3.745687e+01	8.526640e+01
3.980000e-06	5.277451e-06	1.387365e-09	3.738252e+01	8.554291e+01
3.990000e-06	5.266507e-06	1.403177e-09	3.730500e+01	8.578922e+01
4.000000e-06	5.255167e-06	1.200769e-09	3.722467e+01	8.599918e+01
4.010000e-06	5.243500e-06	1.283489e-09	3.714203e+01	8.616799e+01
4.020000e-06	5.231359e-06	1.463866e-09	3.705603e+01	8.629229e+01
4.030000e-06	5.218803e-06	1.332290e-09	3.696708e+01	8.637028e+01
4.040000e-06	5.205840e-06	1.186343e-09	3.687527e+01	8.640165e+01
4.050000e-06	5.192418e-06	1.328854e-09	3.678019e+01	8.638754e+01
4.060000e-06	5.178428e-06	1.368593e-09	3.668109e+01	8.633043e+01
4.070000e-06	5.163712e-06	1.239574e-09	3.657685e+01	8.623393e+01
4.080000e-06	5.148397e-06	1.281648e-09	3.646837e+01	8.610257e+01
4.090000e-06	5.132666e-06	1.372206e-09	3.635694e+01	8.594157e+01
4.100000e-06	5.116733e-06	1.282210e-09	3.624408e+01	8.575658e+01
4.110000e-06	5.100675e-06	1.249728e-09	3.613033e+01	8.555336e+01
4.120000e-06	5.084297e-06	1.326201e-09	3.601432e+01	8.533758e+01
4.130000e-06	5.067524e-06	1.261052e-09	3.589551e+01	8.511455e+01
4.140000e-06	5.050282e-06	1.191495e-09	3.577338e+01	8.488903e+01
4.150000e-06	5.032682e-06	1.285151e-09	3.564871e+01	8.466504e+01
4.160000e-06	5.014889e-06	1.322867e-09	3.552267e+01	8.444576e+01
4.170000e-06	4.996840e-06	1.245913e-09	3.539482e+01	8.423345e+01
4.180000e-06	4.978361e-06	1.264642e-09	3.526393e+01	8.402941e+01
4.190000e-06	4.959484e-06	1.301695e-09	3.513022e+01	8.383404e+01
4.200000e-06	4.940255e-06	1.264160e-09	3.499401e+01	8.364690e+01
4.210000e-06	4.920692e-06	1.238865e-09	3.485543e+01	8.346682e+01
4.220000e-06	4.900918e-06	1.246399e-09	3.471537e+01	8.329204e+01
4.230000e-06	4.880947e-06	1.237417e-09	3.457390e+01	8.312037e+01
4.240000e-06	4.860776e-06	1.263430e-09	3.443102e+01	8.294940e+01
4.250000e-06	4.840376e-06	1.274427e-09	3.428652e+01	8.277664e+01
4.260000e-06	4.819600e-06	1.245457e-09	3.413936e+01	8.259970e+01
4.270000e-06	4.798275e-06	1.242425e-09	3.398830e+01	8.241648e+01
4.280000e-06	4.776324e-06	1.264630e-09	3.383282e+01	8.222524e+01
4.290000e-06	4.753685e-06	1.246290e-09	3.367245e+01	8.202473e+01
4.300000e-06	4.730547e-06	1.229842e-09	3.350855e+01	8.181425e+01
4.310000e-06	4.707120e-06	1.226628e-09	3.334261e+01	8.159370e+01
4.320000e-06	4.683388e-06	1.224872e-09	3.317450e+01	8.136351e+01
4.330000e-06	4.659431e-06	1.228166e-09	3.300481e+01	8.112465e+01
4.340000e-06	4.635285e-06	1.213929e-09	3.283377e+01	8.087854e+01
4.350000e-06	4.610833e-06	1.180995e-09	3.266056e+01	8.062693e+01
4.360000e-06	4.586108e-06	1.194819e-09	3.248543e+01	8.037180e+01
4.370000e-06	4.560997e-06	1.219738e-09	3.230756e+01	8.011526e+01
4.380000e-06	4.535534e-06	1.203847e-09	3.212719e+01	7.985935e+01
4.390000e-06	4.509803e-06	1.190350e-09	3.194492e+01	7.960600e+01
4.400000e-06	4.483757e-06	1.199657e-09	3.176043e+01	7.935685e+01
4.410000e-06	4.457437e-06	1.199398e-09	3.157400e+01	7.911320e+01
4.420000e-06	4.430825e-06	1.183032e-09	3.138549e+01	7.887591e+01
4.430000e-06	4.403815e-06	1.162822e-09	3.119417e+01	7.864540e+01
4.440000e-06	4.376449e-06	1.152318e-09	3.100032e+01	7.842159e+01
4.450000e-06	4.348828e-06	1.168712e-09	3.080467e+01	7.820396e+01
4.460000e-06	4.320978e-06	1.178212e-09	3.060739e+01	7.799154e+01
4.470000e-06	4.293013e-06	1.168246e-09	3.040930e+01	7.778302e+01
4.480000e-06	4.264895e-06	1.164241e-09	3.021013e+01	7.757684e+01
4.490000e-06	4.236556e-06	1.175908e-09	3.000940e+01	7.737123e+01
4.500000e-06	4.207920e-06	1.173167e-09	2.980655e+01	7.716437e+01
4.510000e-06	4.178983e-06	1.159096e-09	2.960158e+01	7.695449e+01
4.520000e-06	4.149582e-06	1.142328e-09	2.939332e+01	7.673993e+01
4.530000e-06	4.119554e-06	1.141645e-09	2.918062e+01	7.651929e+01
4.540000e-06	4.088907e-06	1.151222e-09	2.896354e+01	7.629147e+01
4.550000e-06	4.057872e-06	1.152854e-09	2.874370e+01	7.605570e+01
4.560000e-06	4.026516e-06	1.139718e-09	2.852159e+01	7.581163e+01
4.570000e-06	3.994807e-06	1.135932e-09	2.829699e+01	7.555930e+01
4.580000e-06	3.962910e-06	1.138990e-09	2.807104e+01	7.529915e+01
4.590000e-06	3.930808e-06	1.134470e-09	2.784365e+01	7.503194e+01
4.600000e-06	3.898590e-06	1.118485e-09	2.761544e+01	7.475877e+01
4.610000e-06	3.866217e-06	1.108338e-09	2.738612e+01	7.448093e+01
4.620000e-06	3.833615e-06	1.108601e-09	2.715519e+01	7.419988e+01
4.630000e-06	3.800739e-06	1.106914e-09	2.692231e+01	7.391713e+01
4.640000e-06	3.767484e-06	1.093659e-09	2.668675e+01	7.363417e+01
4.650000e-06	3.733923e-06	1.085558e-09	2.644902e+01	7.335239e+01
4.660000e-06	3.700188e-06	1.089166e-09	2.621007e+01	7.307300e+01
4.670000e-06	3.666269e-06	1.091307e-09	2.596980e+01	7.279696e+01
4.680000e-06	3.632055e-06	1.084358e-09	2.572745e+01	7.252498e+01
4.690000e-06	3.597685e-06	1.075084e-09	2.548399e+01	7.225744e+01
4.700000e-06	3.563057e-06	1.072965e-09	2.523871e+01	7.199440e+01
4.710000e-06	3.528119e-06	1.071664e-09	2.499122e+01	7.173563e+01
4.720000e-06	3.493002e-06	1.064653e-09	2.474248e+01	7.148063e+01
4.730000e-06	3.457573e-06	1.056624e-09	2.449151e+01	7.122864e+01
4.740000e-06	3.421921e-06	1.055342e-09	2.423898e+01	7.097874e+01
4.750000e-06	3.386106e-06	1.057288e-09	2.398528e+01	7.072987e+01
4.760000e-06	3.350125e-06	1.055508e-09	2.373041e+01	7.048092e+01
4.770000e-06	3.314066e-06	1.046213e-09	2.347499e+01	7.023077e+01
4.780000e-06	3.277843e-06	1.040339e-09	2.321841e+01	6.997838e+01
4.790000e-06	3.241458e-06	1.038209e-09	2.296068e+01	6.972281e+01
4.800000e-06	3.204923e-06	1.035696e-09	2.270189e+01	6.946326e+01
4.810000e-06	3.168130e-06	1.027533e-09	2.244127e+01	6.919914e+01
4.820000e-06	3.130885e-06	1.020499e-09	2.217744e+01	6.893002e+01
4.830000e-06	3.093223e-06	1.018120e-09	2.191067e+01	6.865571e+01
4.840000e-06	3.055191e-06	1.016837e-09	2.164127e+01	6.837617e+01
4.850000e-06	3.016705e-06	1.011378e-09	2.136865e+01	6.809156e+01
4.860000e-06	2.977818e-06	1.006796e-09	2.109320e+01	6.780214e+01
4.870000e-06	2.938601e-06	1.004883e-09	2.081541e+01	6.750830e+01
4.880000e-06	2.899180e-06	1.005895e-09	2.053617e+01	6.721046e+01
4.890000e-06	2.859533e-06	1.000768e-09	2.025533e+01	6.690909e+01
4.900000e-06	2.819692e-06	9.934791e-10	1.997312e+01	6.660461e+01
4.910000e-06	2.779754e-06	9.910945e-10	1.969022e+01	6.629741e+01
4.920000e-06	2.739753e-06	9.909355e-10	1.940688e+01	6.598777e+01
4.930000e-06	2.699703e-06	9.855959e-10	1.912319e+01	6.567590e+01
4.940000e-06	2.659514e-06	9.768912e-10	1.883852e+01	6.536190e+01
4.950000e-06	2.619182e-06	9.732720e-10	1.855282e+01	6.504578e+01
4.960000e-06	2.578670e-06	9.706176e-10	1.826586e+01	6.472744e+01
4.970000e-06	2.537899e-06	9.662684e-10	1.797706e+01	6.440673e+01
4.980000e-06	2.497060e-06	9.620249e-10	1.768778e+01	6.408345e+01
4.990000e-06	2.456101e-06	9.583161e-10	1.739765e+01	6.375737e+01
5.000000e-06	2.414874e-06	9.550757e-10	1.710562e+01	6.342831e+01
5.010000e-06	2.373426e-06	9.488266e-10	1.681203e+01	6.309610e+01
5.020000e-06	2.331826e-06	9.385480e-10	1.651736e+01	6.276065e+01
5.030000e-06	2.290157e-06	9.320838e-10	1.622219e+01	6.242194e+01
5.040000e-06	2.248363e-06	9.301285e-10	1.592615e+01	6.208006e+01
5.050000e-06	2.206347e-06	9.259589e-10	1.562853e+01	6.173520e+01
5.060000e-06	2.164131e-06	9.201551e-10	1.532949e+01	6.138759e+01
5.070000e-06	2.121859e-06	9.181161e-10	1.503006e+01	6.103759e+01
5.080000e-06	2.079509e-06	9.139665e-10	1.473008e+01	6.068554e+01
5.090000e-06	2.036902e-06	9.049096e-10	1.442828e+01	6.033184e+01
5.100000e-06	1.994079e-06	8.938040e-10	1.412495e+01	5.997681e+01
5.110000e-06	1.951258e-06	8.888791e-10	1.382162e+01	5.962074e+01
5.120000e-06	1.908217e-06	8.899481e-10	1.351675e+01	5.926379e+01
5.130000e-06	1.864912e-06	8.895627e-10	1.321000e+01	5.890600e+01
5.140000e-06	1.821529e-06	8.837716e-10	1.290269e+01	5.854721e+01
5.150000e-06	1.777972e-06	8.790614e-10	1.259416e+01	5.818709e+01
5.160000e-06	1.734293e-06	8.792963e-10	1.228476e+01	5.782512e+01
5.170000e-06	1.690558e-06	8.762213e-10	1.197497e+01	5.746057e+01
5.180000e-06	1.646759e-06	8.677850e-10	1.166472e+01	5.709252e+01
5.190000e-06	1.602901e-06	8.534910e-10	1.135405e+01	5.671992e+01
5.200000e-06	1.558995e-06	8.433321e-10	1.104305e+01	5.634159e+01
5.210000e-06	1.515053e-06	8.380410e-10	1.073179e+01	5.595626e+01
5.220000e-06	1.471029e-06	8.321146e-10	1.041995e+01	5.556265e+01
5.230000e-06	1.426931e-06	8.279360e-10	1.010759e+01	5.515953e+01
5.240000e-06	1.382789e-06	8.278854e-10	9.794903e+00	5.474572e+01
5.250000e-06	1.338618e-06	8.299120e-10	9.482024e+00	5.432020e+01
5.260000e-06	1.294426e-06	8.274903e-10	9.168993e+00	5.388214e+01
5.270000e-06	1.250129e-06	8.178041e-10	8.855214e+00	5.343091e+01
5.280000e-06	1.205838e-06	7.992204e-10	8.541482e+00	5.296613e+01
5.290000e-06	1.161580e-06	7.820181e-10	8.227986e+00	5.248767e+01
5.300000e-06	1.117144e-06	7.723099e-10	7.913226e+00	5.199566e+01
5.310000e-06	1.072521e-06	7.681970e-10	7.597139e+00	5.149044e+01
5.320000e-06	1.027823e-06	7.673281e-10	7.280521e+00	5.097256e+01
5.330000e-06	9.830741e-07	7.669345e-10	6.963548e+00	5.044271e+01
5.340000e-06	9.382358e-07	7.650547e-10	6.645939e+00	4.990168e+01
5.350000e-06	8.933136e-07	7.574865e-10	6.327735e+00	4.935030e+01
5.360000e-06	8.484245e-07	7.408409e-10	6.009765e+00	4.878935e+01
5.370000e-06	8.035716e-07	7.234809e-10	5.692053e+00	4.821950e+01
5.380000e-06	7.584839e-07	7.089090e-10	5.372676e+00	4.764127e+01
5.390000e-06	7.132074e-07	6.986912e-10	5.051963e+00	4.705494e+01
5.400000e-06	6.679815e-07	6.925608e-10	4.731608e+00	4.646053e+01
5.410000e-06	6.227261e-07	6.904581e-10	4.411044e+00	4.585776e+01
5.420000e-06	5.773948e-07	6.864931e-10	4.089942e+00	4.524600e+01
5.430000e-06	5.320007e-07	6.770934e-10	3.768396e+00	4.462433e+01
5.440000e-06	4.865799e-07	6.637757e-10	3.446660e+00	4.399150e+01
5.450000e-06	4.411535e-07	6.473941e-10	3.124885e+00	4.334599e+01
5.460000e-06	3.956797e-07	6.300525e-10	2.802774e+00	4.268602e+01
5.470000e-06	3.501667e-07	6.166524e-10	2.480386e+00	4.200967e+01
5.480000e-06	3.046719e-07	6.105314e-10	2.158125e+00	4.131487e+01
5.490000e-06	2.591778e-07	6.051885e-10	1.835871e+00	4.059953e+01
5.500000e-06	2.136087e-07	5.960874e-10	1.513085e+00	3.986158e+01
5.510000e-06	1.679243e-07	5.843193e-10	1.189482e+00	3.909907e+01
5.520000e-06	1.221623e-07	5.708236e-10	8.653298e-01	3.831019e+01
5.530000e-06	7.655339e-08	5.590123e-10	5.422614e-01	3.749338e+01
5.540000e-06	3.101423e-08	5.458812e-10	2.196875e-01	3.664733e+01
5.550000e-06	-1.463624e-08	5.292178e-10	-1.036749e-01	3.577105e+01
5.560000e-06	-6.034083e-08	5.114777e-10	-4.274207e-01	3.486386e+01
5.570000e-06	-1.060007e-07	4.971294e-10	-7.508500e-01	3.392539e+01
5.580000e-06	-1.515766e-07	4.855209e-10	-1.073684e+00	3.295557e+01
5.590000e-06	-1.971249e-07	4.704936e-10	-1.396323e+00	3.195463e+01
5.600000e-06	-2.427292e-07	4.549624e-10	-1.719358e+00	3.092302e+01
5.610000e-06	-2.883187e-07	4.425833e-10	-2.042289e+00	2.986137e+01
5.620000e-06	-3.338026e-07	4.315002e-10	-2.364471e+00	2.877044e+01
5.630000e-06	-3.792300e-07	4.139822e-10	-2.686254e+00	2.765108e+01
5.640000e-06	-4.245762e-07	3.918919e-10	-3.007461e+00	2.650413e+01
5.650000e-06	-4.698809e-07	3.713160e-10	-3.328374e+00	2.533043e+01
5.660000e-06	-5.151231e-07	3.542893e-10	-3.648845e+00	2.413070e+01
5.670000e-06	-5.603526e-07	3.384751e-10	-3.969225e+00	2.290555e+01
5.680000e-06	-6.055017e-07	3.203884e-10	-4.289036e+00	2.165546e+01
5.690000e-06	-6.505808e-07	3.014419e-10	-4.608351e+00	2.038071e+01
5.700000e-06	-6.957104e-07	2.847443e-10	-4.928024e+00	1.908147e+01
5.710000e-06	-7.407545e-07	2.664689e-10	-5.247091e+00	1.775773e+01
5.720000e-06	-7.856640e-07	2.476692e-10	-5.565205e+00	1.640936e+01
5.730000e-06	-8.305643e-07	2.281214e-10	-5.883254e+00	1.503615e+01
5.740000e-06	-8.753917e-07	2.119819e-10	-6.200786e+00	1.363781e+01
5.750000e-06	-9.200870e-07	1.939494e-10	-6.517383e+00	1.221408e+01
5.760000e-06	-9.646891e-07	1.702225e-10	-6.833319e+00	1.076471e+01
5.770000e-06	-1.009205e-06	1.417035e-10	-7.148644e+00	9.289552e+00
5.780000e-06	-1.053766e-06	1.149792e-10	-7.464290e+00	7.788571e+00
5.790000e-06	-1.098282e-06	8.945477e-11	-7.779617e+00	6.261902e+00
5.800000e-06	-1.142691e-06	6.281592e-11	-8.094187e+00	4.709867e+00
5.810000e-06	-1.187038e-06	3.778566e-11	-8.408313e+00	3.132999e+00
5.820000e-06	-1.231261e-06	2.034140e-11	-8.721567e+00	1.532049e+00
5.830000e-06	-1.275453e-06	5.260773e-12	-9.034596e+00	-9.201673e-02
5.840000e-06	-1.319632e-06	-1.707746e-11	-9.347539e+00	-1.738020e+00
5.850000e-06	-1.363753e-06	-4.690977e-11	-9.660062e+00	-3.404595e+00
5.860000e-06	-1.407824e-06	-7.842433e-11	-9.972240e+00	-5.090208e+00
5.870000e-06	-1.451857e-06	-1.038271e-10	-1.028414e+01	-6.793187e+00
5.880000e-06	-1.495825e-06	-1.311390e-10	-1.059559e+01	-8.511753e+00
5.890000e-06	-1.539731e-06	-1.598705e-10	-1.090659e+01	-1.024405e+01
5.900000e-06	-1.583593e-06	-1.804705e-10	-1.121729e+01	-1.198817e+01
5.910000e-06	-1.627396e-06	-1.971138e-10	-1.152756e+01	-1.374218e+01
5.920000e-06	-1.671103e-06	-2.209230e-10	-1.183716e+01	-1.550415e+01
5.930000e-06	-1.714709e-06	-2.528705e-10	-1.214604e+01	-1.727215e+01
5.940000e-06	-1.758208e-06	-2.866386e-10	-1.245416e+01	-1.904426e+01
5.950000e-06	-1.801621e-06	-3.162596e-10	-1.276168e+01	-2.081859e+01
5.960000e-06	-1.844970e-06	-3.444941e-10	-1.306873e+01	-2.259323e+01
5.970000e-06	-1.888129e-06	-3.731550e-10	-1.337445e+01	-2.436628e+01
5.980000e-06	-1.930993e-06	-4.000377e-10	-1.367808e+01	-2.613584e+01
5.990000e-06	-1.973706e-06	-4.213372e-10	-1.398063e+01	-2.789994e+01
6.000000e-06	-2.016359e-06	-4.438941e-10	-1.428276e+01	-2.965660e+01
6.010000e-06	-2.058827e-06	-4.750739e-10	-1.458358e+01	-3.140375e+01
6.020000e-06	-2.101146e-06	-5.100832e-10	-1.488335e+01	-3.313929e+01
6.030000e-06	-2.143309e-06	-5.398453e-10	-1.518200e+01	-3.486102e+01
6.040000e-06	-2.185361e-06	-5.662309e-10	-1.547988e+01	-3.656671e+01
6.050000e-06	-2.227328e-06	-5.932438e-10	-1.577715e+01	-3.825409e+01
6.060000e-06	-2.269094e-06	-6.177867e-10	-1.607300e+01	-3.992085e+01
6.070000e-06	-2.310616e-06	-6.368414e-10	-1.636712e+01	-4.156472e+01
6.080000e-06	-2.351988e-06	-6.547865e-10	-1.666017e+01	-4.318346e+01
6.090000e-06	-2.393191e-06	-6.775458e-10	-1.695203e+01	-4.477493e+01
6.100000e-06	-2.434198e-06	-7.054589e-10	-1.724250e+01	-4.633714e+01
6.110000e-06	-2.475094e-06	-7.322487e-10	-1.753219e+01	-4.786825e+01
6.120000e-06	-2.515797e-06	-7.558413e-10	-1.782050e+01	-4.936666e+01
6.130000e-06	-2.556312e-06	-7.767809e-10	-1.810749e+01	-5.083103e+01
6.140000e-06	-2.596672e-06	-7.959771e-10	-1.839337e+01	-5.226030e+01
6.150000e-06	-2.636894e-06	-8.134449e-10	-1.867828e+01	-5.365371e+01
6.160000e-06	-2.676997e-06	-8.293458e-10	-1.896235e+01	-5.501082e+01
6.170000e-06	-2.717002e-06	-8.469005e-10	-1.924573e+01	-5.633149e+01
6.180000e-06	-2.756901e-06	-8.660757e-10	-1.952835e+01	-5.761587e+01
6.190000e-06	-2.796704e-06	-8.842690e-10	-1.981029e+01	-5.886440e+01
6.200000e-06	-2.836417e-06	-8.995906e-10	-2.009159e+01	-6.007771e+01
6.210000e-06	-2.875957e-06	-9.151089e-10	-2.037167e+01	-6.125663e+01
6.220000e-06	-2.915350e-06	-9.321047e-10	-2.065071e+01	-6.240212e+01
6.230000e-06	-2.954548e-06	-9.468059e-10	-2.092837e+01	-6.351520e+01
6.240000e-06	-2.993326e-06	-9.610161e-10	-2.120305e+01	-6.459690e+01
6.250000e-06	-3.031767e-06	-9.779449e-10	-2.147535e+01	-6.564823e+01
6.260000e-06	-3.069951e-06	-9.957485e-10	-2.174582e+01	-6.667007e+01
6.270000e-06	-3.107691e-06	-1.010819e-09	-2.201315e+01	-6.766321e+01
6.280000e-06	-3.145067e-06	-1.021961e-09	-2.227790e+01	-6.862824e+01
6.290000e-06	-3.182098e-06	-1.034361e-09	-2.254021e+01	-6.956560e+01
6.300000e-06	-3.218671e-06	-1.050262e-09	-2.279927e+01	-7.047551e+01
6.310000e-06	-3.254977e-06	-1.064611e-09	-2.305644e+01	-7.135805e+01
6.320000e-06	-3.291118e-06	-1.073803e-09	-2.331244e+01	-7.221310e+01
6.330000e-06	-3.327111e-06	-1.084534e-09	-2.356740e+01	-7.304044e+01
6.340000e-06	-3.363006e-06	-1.101920e-09	-2.382165e+01	-7.383974e+01
6.350000e-06	-3.398784e-06	-1.119913e-09	-2.407509e+01	-7.461064e+01
6.360000e-06	-3.434435e-06	-1.130052e-09	-2.432762e+01	-7.535278e+01
6.370000e-06	-3.469865e-06	-1.132453e-09	-2.457858e+01	-7.606586e+01
6.380000e-06	-3.505079e-06	-1.134487e-09	-2.482802e+01	-7.674967e+01
6.390000e-06	-3.540022e-06	-1.141449e-09	-2.507554e+01	-7.740416e+01
6.400000e-06	-3.574623e-06	-1.150851e-09	-2.532063e+01	-7.802945e+01
6.410000e-06	-3.609020e-06	-1.159439e-09	-2.556428e+01	-7.862585e+01
6.420000e-06	-3.643184e-06	-1.171522e-09	-2.580628e+01	-7.919387e+01
6.430000e-06	-3.677079e-06	-1.188679e-09	-2.604638e+01	-7.973425e+01
6.440000e-06	-3.710764e-06	-1.201672e-09	-2.628498e+01	-8.024790e+01
6.450000e-06	-3.744175e-06	-1.204712e-09	-2.652165e+01	-8.073589e+01
6.460000e-06	-3.777233e-06	-1.205167e-09	-2.675581e+01	-8.119941e+01
6.470000e-06	-3.810006e-06	-1.210628e-09	-2.698796e+01	-8.163977e+01
6.480000e-06	-3.842523e-06	-1.220930e-09	-2.721829e+01	-8.205825e+01
6.490000e-06	-3.874782e-06	-1.229849e-09	-2.744679e+01	-8.245618e+01
6.500000e-06	-3.906921e-06	-1.238654e-09	-2.767445e+01	-8.283478e+01
6.510000e-06	-3.938923e-06	-1.250101e-09	-2.790113e+01	-8.319519e+01
6.520000e-06	-3.970688e-06	-1.260238e-09	-2.812613e+01	-8.353840e+01
6.530000e-06	-4.002278e-06	-1.264258e-09	-2.834990e+01	-8.386524e+01
6.540000e-06	-4.033568e-06	-1.262156e-09	-2.857155e+01	-8.417637e+01
6.550000e-06	-4.064460e-06	-1.263112e-09	-2.879036e+01	-8.447226e+01
6.560000e-06	-4.094922e-06	-1.269684e-09	-2.900614e+01	-8.475323e+01
6.570000e-06	-4.124828e-06	-1.277020e-09	-2.921798e+01	-8.501947e+01
6.580000e-06	-4.154292e-06	-1.281886e-09	-2.942668e+01	-8.527105e+01
6.590000e-06	-4.183366e-06	-1.284102e-09	-2.963263e+01	-8.550801e+01
6.600000e-06	-4.211982e-06	-1.288751e-09	-2.983533e+01	-8.573035e+01
6.610000e-06	-4.240256e-06	-1.293137e-09	-3.003560e+01	-8.593813e+01
6.620000e-06	-4.268374e-06	-1.296274e-09	-3.023478e+01	-8.613149e+01
6.630000e-06	-4.296342e-06	-1.299446e-09	-3.043289e+01	-8.631072e+01
6.640000e-06	-4.324099e-06	-1.305071e-09	-3.062951e+01	-8.647625e+01
6.650000e-06	-4.351703e-06	-1.311594e-09	-3.082503e+01	-8.662871e+01
6.660000e-06	-4.379046e-06	-1.313541e-09	-3.101872e+01	-8.676892e+01
6.670000e-06	-4.405967e-06	-1.313956e-09	-3.120941e+01	-8.689790e+01
6.680000e-06	-4.432491e-06	-1.315200e-09	-3.139729e+01	-8.701685e+01
6.690000e-06	-4.458698e-06	-1.317383e-09	-3.158292e+01	-8.712710e+01
6.700000e-06	-4.484596e-06	-1.320542e-09	-3.176638e+01	-8.723006e+01
6.710000e-06	-4.510225e-06	-1.324112e-09	-3.194791e+01	-8.732719e+01
6.720000e-06	-4.535538e-06	-1.328523e-09	-3.212722e+01	-8.741993e+01
6.730000e-06	-4.560397e-06	-1.333982e-09	-3.230330e+01	-8.750962e+01
6.740000e-06	-4.584933e-06	-1.338238e-09	-3.247710e+01	-8.759744e+01
6.750000e-06	-4.609315e-06	-1.339845e-09	-3.264982e+01	-8.768437e+01
6.760000e-06	-4.633501e-06	-1.339604e-09	-3.282114e+01	-8.777110e+01
6.770000e-06	-4.657449e-06	-1.338089e-09	-3.299077e+01	-8.785804e+01
6.780000e-06	-4.681181e-06	-1.338539e-09	-3.315887e+01	-8.794528e+01
6.790000e-06	-4.704709e-06	-1.341825e-09	-3.332553e+01	-8.803256e+01
6.800000e-06	-4.727889e-06	-1.344323e-09	-3.348973e+01	-8.811934e+01
6.810000e-06	-4.750423e-06	-1.345587e-09	-3.364935e+01	-8.820477e+01
6.820000e-06	-4.772426e-06	-1.347358e-09	-3.380520e+01	-8.828780e+01
6.830000e-06	-4.793951e-06	-1.350611e-09	-3.395767e+01	-8.836719e+01
6.840000e-06	-4.814928e-06	-1.351621e-09	-3.410626e+01	-8.844163e+01
6.850000e-06	-4.835450e-06	-1.350178e-09	-3.425163e+01	-8.850979e+01
6.860000e-06	-4.855660e-06	-1.347962e-09	-3.439479e+01	-8.857041e+01
6.870000e-06	-4.875665e-06	-1.347655e-09	-3.453649e+01	-8.862241e+01
6.880000e-06	-4.895475e-06	-1.349782e-09	-3.467681e+01	-8.866491e+01
6.890000e-06	-4.915011e-06	-1.353773e-09	-3.481519e+01	-8.869735e+01
6.900000e-06	-4.934202e-06	-1.358066e-09	-3.495113e+01	-8.871948e+01
6.910000e-06	-4.953099e-06	-1.361767e-09	-3.508499e+01	-8.873143e+01
6.920000e-06	-4.971640e-06	-1.364538e-09	-3.521632e+01	-8.873369e+01
6.930000e-06	-4.989832e-06	-1.365466e-09	-3.534518e+01	-8.872708e+01
6.940000e-06	-5.007764e-06	-1.363550e-09	-3.547221e+01	-8.871276e+01
6.950000e-06	-5.025447e-06	-1.359685e-09	-3.559746e+01	-8.869211e+01
6.960000e-06	-5.042757e-06	-1.357306e-09	-3.572007e+01	-8.866670e+01
6.970000e-06	-5.059691e-06	-1.357018e-09	-3.584003e+01	-8.863819e+01
6.980000e-06	-5.076250e-06	-1.358162e-09	-3.595732e+01	-8.860821e+01
6.990000e-06	-5.092433e-06	-1.358455e-09	-3.607195e+01	-8.857832e+01
7.000000e-06	-5.108476e-06	-1.358671e-09	-3.618559e+01	-8.854986e+01
7.010000e-06	-5.124294e-06	-1.359849e-09	-3.629764e+01	-8.852390e+01
7.020000e-06	-5.139715e-06	-1.358172e-09	-3.640687e+01	-8.850118e+01
7.030000e-06	-5.154696e-06	-1.355004e-09	-3.651299e+01	-8.848203e+01
7.040000e-06	-5.168971e-06	-1.352583e-09	-3.661410e+01	-8.846639e+01
7.050000e-06	-5.182470e-06	-1.350365e-09	-3.670972e+01	-8.845378e+01
7.060000e-06	-5.195524e-06	-1.348408e-09	-3.680219e+01	-8.844333e+01
7.070000e-06	-5.208245e-06	-1.348152e-09	-3.689230e+01	-8.843385e+01
7.080000e-06	-5.220501e-06	-1.349182e-09	-3.697911e+01	-8.842386e+01
7.090000e-06	-5.232464e-06	-1.351093e-09	-3.706385e+01	-8.841175e+01
7.100000e-06	-5.244156e-06	-1.352182e-09	-3.714667e+01	-8.839581e+01
7.110000e-06	-5.255427e-06	-1.349633e-09	-3.722651e+01	-8.837439e+01
7.120000e-06	-5.266253e-06	-1.347075e-09	-3.730320e+01	-8.834597e+01
7.130000e-06	-5.276688e-06	-1.346401e-09	-3.737711e+01	-8.830931e+01
7.140000e-06	-5.286772e-06	-1.345439e-09	-3.744854e+01	-8.826348e+01
7.150000e-06	-5.296525e-06	-1.343663e-09	-3.751763e+01	-8.820797e+01
7.160000e-06	-5.305851e-06	-1.343793e-09	-3.758368e+01	-8.814275e+01
7.170000e-06	-5.314707e-06	-1.342289e-09	-3.764641e+01	-8.806821e+01
7.180000e-06	-5.323196e-06	-1.339202e-09	-3.770655e+01	-8.798523e+01
7.190000e-06	-5.331419e-06	-1.337754e-09	-3.776480e+01	-8.789508e+01
7.200000e-06	-5.339490e-06	-1.338174e-09	-3.782197e+01	-8.779938e+01
7.210000e-06	-5.347388e-06	-1.341506e-09	-3.787791e+01	-8.769997e+01
7.220000e-06	-5.354977e-06	-1.344612e-09	-3.793167e+01	-8.759880e+01
7.230000e-06	-5.362109e-06	-1.343631e-09	-3.798219e+01	-8.749784e+01
7.240000e-06	-5.368781e-06	-1.340386e-09	-3.802945e+01	-8.739885e+01
7.250000e-06	-5.374982e-06	-1.339634e-09	-3.807337e+01	-8.730334e+01
7.260000e-06	-5.380454e-06	-1.338029e-09	-3.811213e+01	-8.721239e+01
7.270000e-06	-5.385343e-06	-1.335120e-09	-3.814677e+01	-8.712654e+01
7.280000e-06	-5.389889e-06	-1.331908e-09	-3.817896e+01	-8.704574e+01
7.290000e-06	-5.394043e-06	-1.330669e-09	-3.820839e+01	-8.696930e+01
7.300000e-06	-5.397963e-06	-1.330783e-09	-3.823616e+01	-8.689585e+01
7.310000e-06	-5.401666e-06	-1.329368e-09	-3.826239e+01	-8.682343e+01
7.320000e-06	-5.404977e-06	-1.326011e-09	-3.828584e+01	-8.674949e+01
7.330000e-06	-5.407955e-06	-1.321550e-09	-3.830694e+01	-8.667108e+01
7.340000e-06	-5.410619e-06	-1.318696e-09	-3.832580e+01	-8.658493e+01
7.350000e-06	-5.412929e-06	-1.315903e-09	-3.834217e+01	-8.648768e+01
7.360000e-06	-5.414942e-06	-1.312215e-09	-3.835642e+01	-8.637604e+01
7.370000e-06	-5.416520e-06	-1.309337e-09	-3.836760e+01	-8.624701e+01
7.380000e-06	-5.417593e-06	-1.309860e-09	-3.837521e+01	-8.609810e+01
7.390000e-06	-5.418303e-06	-1.313644e-09	-3.838023e+01	-8.592749e+01
7.400000e-06	-5.418754e-06	-1.315038e-09	-3.838342e+01	-8.573425e+01
