# Temperatura_=_-3.13
# Concentracion g/m^3_=_4090.0
# C_Vs_to_Am_M_A/Vsm_=_65563218390.804596
# pendiente_HvsI_1/m_=_3716.3
# ordenada_HvsI_A/m_=_1297.0
# frecuencia_Hz_=_135070.0935515254

Tiempo_(s)	Campo_(V.s)	Magnetizacion_(V.s)	Campo_(kA/m)	Magnetizacion_(A/m)
0.000000e+00	-5.428626e-06	-1.578486e-09	-3.839240e+01	-1.062641e+02
1.000000e-08	-5.428845e-06	-1.573192e-09	-3.839394e+01	-1.061359e+02
2.000000e-08	-5.428873e-06	-1.570152e-09	-3.839414e+01	-1.059853e+02
3.000000e-08	-5.428635e-06	-1.567911e-09	-3.839245e+01	-1.058134e+02
4.000000e-08	-5.428021e-06	-1.565210e-09	-3.838811e+01	-1.056221e+02
5.000000e-08	-5.426936e-06	-1.562687e-09	-3.838044e+01	-1.054144e+02
6.000000e-08	-5.425258e-06	-1.565524e-09	-3.836857e+01	-1.051944e+02
7.000000e-08	-5.422959e-06	-1.584007e-09	-3.835232e+01	-1.049666e+02
8.000000e-08	-5.420005e-06	-1.604015e-09	-3.833142e+01	-1.047367e+02
9.000000e-08	-5.416451e-06	-1.570458e-09	-3.830629e+01	-1.045104e+02
1.000000e-07	-5.412481e-06	-1.496754e-09	-3.827821e+01	-1.042941e+02
1.100000e-07	-5.408274e-06	-1.529356e-09	-3.824846e+01	-1.040940e+02
1.200000e-07	-5.403945e-06	-1.627430e-09	-3.821784e+01	-1.039162e+02
1.300000e-07	-5.399315e-06	-1.610368e-09	-3.818510e+01	-1.037663e+02
1.400000e-07	-5.394175e-06	-1.488044e-09	-3.814875e+01	-1.036493e+02
1.500000e-07	-5.388693e-06	-1.511516e-09	-3.810998e+01	-1.035691e+02
1.600000e-07	-5.382999e-06	-1.656538e-09	-3.806971e+01	-1.035287e+02
1.700000e-07	-5.376913e-06	-1.632168e-09	-3.802667e+01	-1.035299e+02
1.800000e-07	-5.370358e-06	-1.464085e-09	-3.798031e+01	-1.035730e+02
1.900000e-07	-5.363492e-06	-1.469892e-09	-3.793176e+01	-1.036571e+02
2.000000e-07	-5.356367e-06	-1.612386e-09	-3.788136e+01	-1.037798e+02
2.100000e-07	-5.348910e-06	-1.603646e-09	-3.782863e+01	-1.039375e+02
2.200000e-07	-5.341138e-06	-1.501305e-09	-3.777366e+01	-1.041255e+02
2.300000e-07	-5.333131e-06	-1.562891e-09	-3.771703e+01	-1.043380e+02
2.400000e-07	-5.324799e-06	-1.654007e-09	-3.765810e+01	-1.045685e+02
2.500000e-07	-5.315878e-06	-1.586800e-09	-3.759502e+01	-1.048099e+02
2.600000e-07	-5.306264e-06	-1.542574e-09	-3.752703e+01	-1.050549e+02
2.700000e-07	-5.296076e-06	-1.638431e-09	-3.745498e+01	-1.052961e+02
2.800000e-07	-5.285411e-06	-1.659768e-09	-3.737954e+01	-1.055264e+02
2.900000e-07	-5.274245e-06	-1.554733e-09	-3.730058e+01	-1.057391e+02
3.000000e-07	-5.262594e-06	-1.574755e-09	-3.721818e+01	-1.059283e+02
3.100000e-07	-5.250558e-06	-1.669799e-09	-3.713306e+01	-1.060891e+02
3.200000e-07	-5.238145e-06	-1.620195e-09	-3.704527e+01	-1.062173e+02
3.300000e-07	-5.225336e-06	-1.534185e-09	-3.695468e+01	-1.063102e+02
3.400000e-07	-5.212180e-06	-1.600807e-09	-3.686164e+01	-1.063662e+02
3.500000e-07	-5.198569e-06	-1.652528e-09	-3.676538e+01	-1.063846e+02
3.600000e-07	-5.184594e-06	-1.606152e-09	-3.666654e+01	-1.063661e+02
3.700000e-07	-5.170305e-06	-1.588028e-09	-3.656549e+01	-1.063124e+02
3.800000e-07	-5.155480e-06	-1.614855e-09	-3.646065e+01	-1.062259e+02
3.900000e-07	-5.140049e-06	-1.583711e-09	-3.635151e+01	-1.061098e+02
4.000000e-07	-5.124095e-06	-1.579540e-09	-3.623869e+01	-1.059679e+02
4.100000e-07	-5.107619e-06	-1.608181e-09	-3.612217e+01	-1.058042e+02
4.200000e-07	-5.090692e-06	-1.582116e-09	-3.600245e+01	-1.056228e+02
4.300000e-07	-5.073411e-06	-1.554189e-09	-3.588024e+01	-1.054277e+02
4.400000e-07	-5.055849e-06	-1.607016e-09	-3.575604e+01	-1.052229e+02
4.500000e-07	-5.037966e-06	-1.624481e-09	-3.562956e+01	-1.050116e+02
4.600000e-07	-5.019722e-06	-1.561432e-09	-3.550054e+01	-1.047968e+02
4.700000e-07	-5.001193e-06	-1.541776e-09	-3.536950e+01	-1.045807e+02
4.800000e-07	-4.982240e-06	-1.576863e-09	-3.523546e+01	-1.043649e+02
4.900000e-07	-4.962879e-06	-1.576361e-09	-3.509853e+01	-1.041506e+02
5.000000e-07	-4.943259e-06	-1.548521e-09	-3.495977e+01	-1.039379e+02
5.100000e-07	-4.923450e-06	-1.542737e-09	-3.481968e+01	-1.037268e+02
5.200000e-07	-4.903472e-06	-1.557482e-09	-3.467839e+01	-1.035166e+02
5.300000e-07	-4.883268e-06	-1.579819e-09	-3.453551e+01	-1.033062e+02
5.400000e-07	-4.862684e-06	-1.571566e-09	-3.438993e+01	-1.030946e+02
5.500000e-07	-4.841733e-06	-1.536198e-09	-3.424176e+01	-1.028802e+02
5.600000e-07	-4.820496e-06	-1.526685e-09	-3.409157e+01	-1.026618e+02
5.700000e-07	-4.798959e-06	-1.548024e-09	-3.393926e+01	-1.024383e+02
5.800000e-07	-4.777158e-06	-1.539275e-09	-3.378507e+01	-1.022086e+02
5.900000e-07	-4.755067e-06	-1.512608e-09	-3.362884e+01	-1.019721e+02
6.000000e-07	-4.732629e-06	-1.509057e-09	-3.347016e+01	-1.017284e+02
6.100000e-07	-4.709836e-06	-1.529432e-09	-3.330896e+01	-1.014778e+02
6.200000e-07	-4.686692e-06	-1.540202e-09	-3.314528e+01	-1.012205e+02
6.300000e-07	-4.663215e-06	-1.525055e-09	-3.297924e+01	-1.009574e+02
6.400000e-07	-4.639446e-06	-1.500834e-09	-3.281115e+01	-1.006895e+02
6.500000e-07	-4.615452e-06	-1.508566e-09	-3.264145e+01	-1.004182e+02
6.600000e-07	-4.591264e-06	-1.523218e-09	-3.247039e+01	-1.001448e+02
6.700000e-07	-4.566843e-06	-1.506602e-09	-3.229768e+01	-9.987083e+01
6.800000e-07	-4.542019e-06	-1.479124e-09	-3.212212e+01	-9.959767e+01
6.900000e-07	-4.516672e-06	-1.486015e-09	-3.194286e+01	-9.932658e+01
7.000000e-07	-4.490721e-06	-1.507004e-09	-3.175933e+01	-9.905860e+01
7.100000e-07	-4.464272e-06	-1.508486e-09	-3.157228e+01	-9.879450e+01
7.200000e-07	-4.437383e-06	-1.492235e-09	-3.138211e+01	-9.853468e+01
7.300000e-07	-4.410053e-06	-1.488568e-09	-3.118883e+01	-9.827922e+01
7.400000e-07	-4.382478e-06	-1.499451e-09	-3.099381e+01	-9.802782e+01
7.500000e-07	-4.354725e-06	-1.499439e-09	-3.079754e+01	-9.777985e+01
7.600000e-07	-4.326765e-06	-1.478524e-09	-3.059980e+01	-9.753439e+01
7.700000e-07	-4.298574e-06	-1.462999e-09	-3.040043e+01	-9.729025e+01
7.800000e-07	-4.270172e-06	-1.471218e-09	-3.019956e+01	-9.704610e+01
7.900000e-07	-4.241512e-06	-1.479783e-09	-2.999687e+01	-9.680048e+01
8.000000e-07	-4.212479e-06	-1.473766e-09	-2.979155e+01	-9.655196e+01
8.100000e-07	-4.183111e-06	-1.466442e-09	-2.958385e+01	-9.629915e+01
8.200000e-07	-4.153518e-06	-1.468582e-09	-2.937456e+01	-9.604082e+01
8.300000e-07	-4.123665e-06	-1.469361e-09	-2.916343e+01	-9.577595e+01
8.400000e-07	-4.093489e-06	-1.456228e-09	-2.895002e+01	-9.550378e+01
8.500000e-07	-4.063055e-06	-1.434911e-09	-2.873478e+01	-9.522385e+01
8.600000e-07	-4.032390e-06	-1.428295e-09	-2.851792e+01	-9.493601e+01
8.700000e-07	-4.001437e-06	-1.437446e-09	-2.829901e+01	-9.464041e+01
8.800000e-07	-3.970170e-06	-1.443627e-09	-2.807788e+01	-9.433749e+01
8.900000e-07	-3.938713e-06	-1.434359e-09	-2.785541e+01	-9.402791e+01
9.000000e-07	-3.907109e-06	-1.424586e-09	-2.763190e+01	-9.371255e+01
9.100000e-07	-3.875273e-06	-1.422378e-09	-2.740675e+01	-9.339240e+01
9.200000e-07	-3.843266e-06	-1.419780e-09	-2.718039e+01	-9.306850e+01
9.300000e-07	-3.811056e-06	-1.408298e-09	-2.695260e+01	-9.274190e+01
9.400000e-07	-3.778436e-06	-1.401330e-09	-2.672190e+01	-9.241354e+01
9.500000e-07	-3.745469e-06	-1.406754e-09	-2.648875e+01	-9.208423e+01
9.600000e-07	-3.712226e-06	-1.414501e-09	-2.625365e+01	-9.175460e+01
9.700000e-07	-3.678573e-06	-1.407720e-09	-2.601565e+01	-9.142504e+01
9.800000e-07	-3.644502e-06	-1.391224e-09	-2.577469e+01	-9.109571e+01
9.900000e-07	-3.609974e-06	-1.378939e-09	-2.553050e+01	-9.076649e+01
1.000000e-06	-3.574981e-06	-1.375417e-09	-2.528303e+01	-9.043705e+01
1.010000e-06	-3.539742e-06	-1.371746e-09	-2.503381e+01	-9.010685e+01
1.020000e-06	-3.504290e-06	-1.366402e-09	-2.478308e+01	-8.977518e+01
1.030000e-06	-3.468563e-06	-1.364532e-09	-2.453041e+01	-8.944120e+01
1.040000e-06	-3.432684e-06	-1.365179e-09	-2.427667e+01	-8.910402e+01
1.050000e-06	-3.396697e-06	-1.358018e-09	-2.402216e+01	-8.876277e+01
1.060000e-06	-3.360544e-06	-1.340392e-09	-2.376648e+01	-8.841661e+01
1.070000e-06	-3.324201e-06	-1.323145e-09	-2.350945e+01	-8.806483e+01
1.080000e-06	-3.287665e-06	-1.314258e-09	-2.325106e+01	-8.770688e+01
1.090000e-06	-3.250930e-06	-1.312529e-09	-2.299127e+01	-8.734240e+01
1.100000e-06	-3.213933e-06	-1.311581e-09	-2.272962e+01	-8.697125e+01
1.110000e-06	-3.176641e-06	-1.309564e-09	-2.246588e+01	-8.659349e+01
1.120000e-06	-3.139135e-06	-1.307314e-09	-2.220063e+01	-8.620940e+01
1.130000e-06	-3.101398e-06	-1.302058e-09	-2.193374e+01	-8.581947e+01
1.140000e-06	-3.063449e-06	-1.289251e-09	-2.166536e+01	-8.542430e+01
1.150000e-06	-3.025309e-06	-1.273224e-09	-2.139562e+01	-8.502464e+01
1.160000e-06	-2.986935e-06	-1.260723e-09	-2.112423e+01	-8.462124e+01
1.170000e-06	-2.948443e-06	-1.254243e-09	-2.085201e+01	-8.421491e+01
1.180000e-06	-2.909793e-06	-1.250464e-09	-2.057867e+01	-8.380637e+01
1.190000e-06	-2.870801e-06	-1.247388e-09	-2.030291e+01	-8.339625e+01
1.200000e-06	-2.831562e-06	-1.245921e-09	-2.002540e+01	-8.298501e+01
1.210000e-06	-2.792232e-06	-1.247383e-09	-1.974726e+01	-8.257297e+01
1.220000e-06	-2.752782e-06	-1.245219e-09	-1.946826e+01	-8.216021e+01
1.230000e-06	-2.713102e-06	-1.233314e-09	-1.918764e+01	-8.174664e+01
1.240000e-06	-2.673254e-06	-1.216085e-09	-1.890582e+01	-8.133195e+01
1.250000e-06	-2.633360e-06	-1.202472e-09	-1.862368e+01	-8.091566e+01
1.260000e-06	-2.593365e-06	-1.194874e-09	-1.834083e+01	-8.049714e+01
1.270000e-06	-2.553231e-06	-1.191201e-09	-1.805699e+01	-8.007567e+01
1.280000e-06	-2.512918e-06	-1.189591e-09	-1.777189e+01	-7.965048e+01
1.290000e-06	-2.472464e-06	-1.191493e-09	-1.748579e+01	-7.922078e+01
1.300000e-06	-2.431914e-06	-1.191922e-09	-1.719901e+01	-7.878586e+01
1.310000e-06	-2.391136e-06	-1.186332e-09	-1.691062e+01	-7.834509e+01
1.320000e-06	-2.350057e-06	-1.171514e-09	-1.662010e+01	-7.789799e+01
1.330000e-06	-2.308797e-06	-1.153858e-09	-1.632831e+01	-7.744428e+01
1.340000e-06	-2.267363e-06	-1.142656e-09	-1.603527e+01	-7.698383e+01
1.350000e-06	-2.225625e-06	-1.138310e-09	-1.574009e+01	-7.651674e+01
1.360000e-06	-2.183470e-06	-1.136520e-09	-1.544196e+01	-7.604328e+01
1.370000e-06	-2.140991e-06	-1.136257e-09	-1.514154e+01	-7.556392e+01
1.380000e-06	-2.098384e-06	-1.137687e-09	-1.484022e+01	-7.507921e+01
1.390000e-06	-2.055560e-06	-1.136127e-09	-1.453735e+01	-7.458983e+01
1.400000e-06	-2.012449e-06	-1.127045e-09	-1.423247e+01	-7.409646e+01
1.410000e-06	-1.969195e-06	-1.111879e-09	-1.392656e+01	-7.359977e+01
1.420000e-06	-1.925786e-06	-1.094844e-09	-1.361956e+01	-7.310032e+01
1.430000e-06	-1.882146e-06	-1.084766e-09	-1.331094e+01	-7.259855e+01
1.440000e-06	-1.838392e-06	-1.082635e-09	-1.300150e+01	-7.209469e+01
1.450000e-06	-1.794580e-06	-1.082373e-09	-1.269165e+01	-7.158877e+01
1.460000e-06	-1.750704e-06	-1.080841e-09	-1.238135e+01	-7.108055e+01
1.470000e-06	-1.706778e-06	-1.076333e-09	-1.207070e+01	-7.056952e+01
1.480000e-06	-1.662783e-06	-1.069421e-09	-1.175955e+01	-7.005495e+01
1.490000e-06	-1.618687e-06	-1.059837e-09	-1.144770e+01	-6.953586e+01
1.500000e-06	-1.574567e-06	-1.049004e-09	-1.113567e+01	-6.901108e+01
1.510000e-06	-1.530422e-06	-1.040790e-09	-1.082347e+01	-6.847933e+01
1.520000e-06	-1.486155e-06	-1.035694e-09	-1.051040e+01	-6.793923e+01
1.530000e-06	-1.441781e-06	-1.028729e-09	-1.019658e+01	-6.738941e+01
1.540000e-06	-1.397319e-06	-1.019152e-09	-9.882140e+00	-6.682859e+01
1.550000e-06	-1.352764e-06	-1.008281e-09	-9.567034e+00	-6.625560e+01
1.560000e-06	-1.308098e-06	-9.978846e-10	-9.251147e+00	-6.566949e+01
1.570000e-06	-1.263313e-06	-9.880568e-10	-8.934418e+00	-6.506958e+01
1.580000e-06	-1.218464e-06	-9.797110e-10	-8.617237e+00	-6.445549e+01
1.590000e-06	-1.173533e-06	-9.724249e-10	-8.299475e+00	-6.382716e+01
1.600000e-06	-1.128574e-06	-9.652138e-10	-7.981514e+00	-6.318487e+01
1.610000e-06	-1.083593e-06	-9.553521e-10	-7.663396e+00	-6.252921e+01
1.620000e-06	-1.038381e-06	-9.423605e-10	-7.343649e+00	-6.186108e+01
1.630000e-06	-9.929608e-07	-9.269165e-10	-7.022429e+00	-6.118161e+01
1.640000e-06	-9.475216e-07	-9.126842e-10	-6.701074e+00	-6.049208e+01
1.650000e-06	-9.020349e-07	-9.008609e-10	-6.379382e+00	-5.979391e+01
1.660000e-06	-8.564673e-07	-8.919425e-10	-6.057118e+00	-5.908849e+01
1.670000e-06	-8.108812e-07	-8.844480e-10	-5.734724e+00	-5.837715e+01
1.680000e-06	-7.653108e-07	-8.786593e-10	-5.412440e+00	-5.766106e+01
1.690000e-06	-7.197170e-07	-8.696374e-10	-5.089991e+00	-5.694114e+01
1.700000e-06	-6.740647e-07	-8.538149e-10	-4.767128e+00	-5.621799e+01
1.710000e-06	-6.283389e-07	-8.369457e-10	-4.443746e+00	-5.549187e+01
1.720000e-06	-5.825017e-07	-8.228681e-10	-4.119576e+00	-5.476260e+01
1.730000e-06	-5.366905e-07	-8.125696e-10	-3.795589e+00	-5.402960e+01
1.740000e-06	-4.909074e-07	-8.034635e-10	-3.471801e+00	-5.329187e+01
1.750000e-06	-4.451019e-07	-7.951268e-10	-3.147855e+00	-5.254804e+01
1.760000e-06	-3.992496e-07	-7.878085e-10	-2.823578e+00	-5.179638e+01
1.770000e-06	-3.532898e-07	-7.771734e-10	-2.498540e+00	-5.103490e+01
1.780000e-06	-3.073457e-07	-7.595845e-10	-2.173614e+00	-5.026141e+01
1.790000e-06	-2.614230e-07	-7.402338e-10	-1.848839e+00	-4.947364e+01
1.800000e-06	-2.154589e-07	-7.246088e-10	-1.523771e+00	-4.866928e+01
1.810000e-06	-1.694830e-07	-7.118766e-10	-1.198620e+00	-4.784612e+01
1.820000e-06	-1.234935e-07	-6.996909e-10	-8.733723e-01	-4.700215e+01
1.830000e-06	-7.758189e-08	-6.892359e-10	-5.486756e-01	-4.613562e+01
1.840000e-06	-3.166386e-08	-6.799698e-10	-2.239336e-01	-4.524508e+01
1.850000e-06	1.438370e-08	-6.706797e-10	1.017246e-01	-4.432950e+01
1.860000e-06	6.035846e-08	-6.584532e-10	4.268678e-01	-4.338826e+01
1.870000e-06	1.062342e-07	-6.419658e-10	7.513110e-01	-4.242115e+01
1.880000e-06	1.521649e-07	-6.259426e-10	1.076142e+00	-4.142841e+01
1.890000e-06	1.981299e-07	-6.117436e-10	1.401217e+00	-4.041064e+01
1.900000e-06	2.440919e-07	-5.936169e-10	1.726270e+00	-3.936878e+01
1.910000e-06	2.900862e-07	-5.734710e-10	2.051551e+00	-3.830406e+01
1.920000e-06	3.360594e-07	-5.558885e-10	2.376683e+00	-3.721789e+01
1.930000e-06	3.819940e-07	-5.401237e-10	2.701543e+00	-3.611178e+01
1.940000e-06	4.279647e-07	-5.235189e-10	3.026657e+00	-3.498730e+01
1.950000e-06	4.739232e-07	-5.058426e-10	3.351686e+00	-3.384592e+01
1.960000e-06	5.197766e-07	-4.898993e-10	3.675970e+00	-3.268900e+01
1.970000e-06	5.655741e-07	-4.754900e-10	3.999860e+00	-3.151768e+01
1.980000e-06	6.113375e-07	-4.580924e-10	4.323508e+00	-3.033283e+01
1.990000e-06	6.570077e-07	-4.386492e-10	4.646497e+00	-2.913504e+01
2.000000e-06	7.026040e-07	-4.205830e-10	4.968964e+00	-2.792458e+01
2.010000e-06	7.481193e-07	-4.047318e-10	5.290858e+00	-2.670140e+01
2.020000e-06	7.935813e-07	-3.887153e-10	5.612375e+00	-2.546514e+01
2.030000e-06	8.390643e-07	-3.696089e-10	5.934041e+00	-2.421521e+01
2.040000e-06	8.845334e-07	-3.505494e-10	6.255608e+00	-2.295077e+01
2.050000e-06	9.299099e-07	-3.335101e-10	6.576520e+00	-2.167087e+01
2.060000e-06	9.751701e-07	-3.143519e-10	6.896609e+00	-2.037443e+01
2.070000e-06	1.020411e-06	-2.916965e-10	7.216562e+00	-1.906039e+01
2.080000e-06	1.065609e-06	-2.696739e-10	7.536214e+00	-1.772773e+01
2.090000e-06	1.110696e-06	-2.505614e-10	7.855077e+00	-1.637557e+01
2.100000e-06	1.155688e-06	-2.326981e-10	8.173269e+00	-1.500319e+01
2.110000e-06	1.200553e-06	-2.128066e-10	8.490568e+00	-1.361011e+01
2.120000e-06	1.245294e-06	-1.894057e-10	8.806987e+00	-1.219608e+01
2.130000e-06	1.289931e-06	-1.663418e-10	9.122662e+00	-1.076115e+01
2.140000e-06	1.334456e-06	-1.466059e-10	9.437555e+00	-9.305633e+00
2.150000e-06	1.378925e-06	-1.267832e-10	9.752049e+00	-7.830095e+00
2.160000e-06	1.423358e-06	-1.054216e-10	1.006629e+01	-6.335342e+00
2.170000e-06	1.467667e-06	-8.424763e-11	1.037965e+01	-4.822374e+00
2.180000e-06	1.511860e-06	-6.330993e-11	1.069219e+01	-3.292336e+00
2.190000e-06	1.556024e-06	-4.144846e-11	1.100453e+01	-1.746471e+00
2.200000e-06	1.600125e-06	-1.706189e-11	1.131642e+01	-1.860671e-01
2.210000e-06	1.644117e-06	8.893414e-12	1.162754e+01	1.387600e+00
2.220000e-06	1.688047e-06	3.434852e-11	1.193823e+01	2.973308e+00
2.230000e-06	1.731971e-06	6.065819e-11	1.224886e+01	4.569930e+00
2.240000e-06	1.775864e-06	8.716534e-11	1.255929e+01	6.176463e+00
2.250000e-06	1.819688e-06	1.121099e-10	1.286922e+01	7.792044e+00
2.260000e-06	1.863430e-06	1.361269e-10	1.317857e+01	9.415957e+00
2.270000e-06	1.907051e-06	1.616773e-10	1.348707e+01	1.104762e+01
2.280000e-06	1.950580e-06	1.894561e-10	1.379492e+01	1.268659e+01
2.290000e-06	1.993974e-06	2.201774e-10	1.410181e+01	1.433248e+01
2.300000e-06	2.037205e-06	2.490450e-10	1.440755e+01	1.598499e+01
2.310000e-06	2.080265e-06	2.718569e-10	1.471208e+01	1.764382e+01
2.320000e-06	2.123203e-06	2.948380e-10	1.501574e+01	1.930864e+01
2.330000e-06	2.165940e-06	3.215199e-10	1.531799e+01	2.097904e+01
2.340000e-06	2.208211e-06	3.462378e-10	1.561694e+01	2.265449e+01
2.350000e-06	2.250033e-06	3.682668e-10	1.591271e+01	2.433434e+01
2.360000e-06	2.291622e-06	3.929862e-10	1.620684e+01	2.601773e+01
2.370000e-06	2.332964e-06	4.223027e-10	1.649922e+01	2.770363e+01
2.380000e-06	2.374001e-06	4.520036e-10	1.678944e+01	2.939082e+01
2.390000e-06	2.414856e-06	4.777920e-10	1.707838e+01	3.107788e+01
2.400000e-06	2.455480e-06	5.023209e-10	1.736567e+01	3.276324e+01
2.410000e-06	2.495855e-06	5.269991e-10	1.765122e+01	3.444517e+01
2.420000e-06	2.536052e-06	5.513790e-10	1.793550e+01	3.612185e+01
2.430000e-06	2.576141e-06	5.765550e-10	1.821902e+01	3.779139e+01
2.440000e-06	2.616131e-06	6.029283e-10	1.850183e+01	3.945189e+01
2.450000e-06	2.656028e-06	6.311731e-10	1.878399e+01	4.110145e+01
2.460000e-06	2.695857e-06	6.604569e-10	1.906567e+01	4.273828e+01
2.470000e-06	2.735575e-06	6.866626e-10	1.934657e+01	4.436066e+01
2.480000e-06	2.775152e-06	7.086783e-10	1.962646e+01	4.596703e+01
2.490000e-06	2.814595e-06	7.299376e-10	1.990541e+01	4.755600e+01
2.500000e-06	2.853754e-06	7.526706e-10	2.018235e+01	4.912635e+01
2.510000e-06	2.892612e-06	7.773179e-10	2.045717e+01	5.067705e+01
2.520000e-06	2.931300e-06	8.058629e-10	2.073078e+01	5.220724e+01
2.530000e-06	2.969819e-06	8.387429e-10	2.100319e+01	5.371625e+01
2.540000e-06	3.008101e-06	8.707741e-10	2.127393e+01	5.520354e+01
2.550000e-06	3.046147e-06	8.957759e-10	2.154300e+01	5.666871e+01
2.560000e-06	3.084071e-06	9.113012e-10	2.181120e+01	5.811143e+01
2.570000e-06	3.121849e-06	9.241558e-10	2.207838e+01	5.953147e+01
2.580000e-06	3.159424e-06	9.418838e-10	2.234412e+01	6.092860e+01
2.590000e-06	3.196740e-06	9.627189e-10	2.260802e+01	6.230263e+01
2.600000e-06	3.233786e-06	9.863629e-10	2.287002e+01	6.365335e+01
2.610000e-06	3.270603e-06	1.014058e-09	2.313040e+01	6.498050e+01
2.620000e-06	3.307175e-06	1.041440e-09	2.338904e+01	6.628384e+01
2.630000e-06	3.343494e-06	1.062679e-09	2.364590e+01	6.756304e+01
2.640000e-06	3.379631e-06	1.077490e-09	2.390146e+01	6.881779e+01
2.650000e-06	3.415667e-06	1.089638e-09	2.415632e+01	7.004775e+01
2.660000e-06	3.451620e-06	1.102055e-09	2.441059e+01	7.125257e+01
2.670000e-06	3.487420e-06	1.115050e-09	2.466378e+01	7.243195e+01
2.680000e-06	3.522978e-06	1.129181e-09	2.491525e+01	7.358562e+01
2.690000e-06	3.558335e-06	1.147546e-09	2.516530e+01	7.471339e+01
2.700000e-06	3.593463e-06	1.170565e-09	2.541373e+01	7.581517e+01
2.710000e-06	3.628211e-06	1.193125e-09	2.565948e+01	7.689094e+01
2.720000e-06	3.662542e-06	1.212378e-09	2.590228e+01	7.794081e+01
2.730000e-06	3.696377e-06	1.224040e-09	2.614156e+01	7.896499e+01
2.740000e-06	3.729710e-06	1.232215e-09	2.637730e+01	7.996379e+01
2.750000e-06	3.762597e-06	1.241272e-09	2.660988e+01	8.093762e+01
2.760000e-06	3.795089e-06	1.251983e-09	2.683967e+01	8.188693e+01
2.770000e-06	3.827323e-06	1.265937e-09	2.706764e+01	8.281222e+01
2.780000e-06	3.859416e-06	1.283992e-09	2.729461e+01	8.371399e+01
2.790000e-06	3.891390e-06	1.303347e-09	2.752074e+01	8.459271e+01
2.800000e-06	3.923200e-06	1.317332e-09	2.774570e+01	8.544879e+01
2.810000e-06	3.954820e-06	1.322395e-09	2.796933e+01	8.628255e+01
2.820000e-06	3.986253e-06	1.322341e-09	2.819162e+01	8.709418e+01
2.830000e-06	4.017456e-06	1.328957e-09	2.841230e+01	8.788377e+01
2.840000e-06	4.048292e-06	1.343930e-09	2.863038e+01	8.865126e+01
2.850000e-06	4.078718e-06	1.358592e-09	2.884556e+01	8.939644e+01
2.860000e-06	4.108852e-06	1.370978e-09	2.905867e+01	9.011902e+01
2.870000e-06	4.138845e-06	1.384216e-09	2.927079e+01	9.081860e+01
2.880000e-06	4.168623e-06	1.397725e-09	2.948139e+01	9.149473e+01
2.890000e-06	4.198069e-06	1.405795e-09	2.968963e+01	9.214694e+01
2.900000e-06	4.227179e-06	1.408600e-09	2.989551e+01	9.277483e+01
2.910000e-06	4.256005e-06	1.412840e-09	3.009937e+01	9.337805e+01
2.920000e-06	4.284577e-06	1.422432e-09	3.030144e+01	9.395642e+01
2.930000e-06	4.312900e-06	1.434167e-09	3.050174e+01	9.450995e+01
2.940000e-06	4.341025e-06	1.443796e-09	3.070065e+01	9.503887e+01
2.950000e-06	4.368983e-06	1.453486e-09	3.089838e+01	9.554367e+01
2.960000e-06	4.396755e-06	1.463426e-09	3.109478e+01	9.602513e+01
2.970000e-06	4.424194e-06	1.472784e-09	3.128884e+01	9.648430e+01
2.980000e-06	4.451197e-06	1.478634e-09	3.147981e+01	9.692251e+01
2.990000e-06	4.477756e-06	1.482123e-09	3.166764e+01	9.734133e+01
3.000000e-06	4.503820e-06	1.485428e-09	3.185197e+01	9.774253e+01
3.010000e-06	4.529389e-06	1.490922e-09	3.203280e+01	9.812803e+01
3.020000e-06	4.554430e-06	1.498571e-09	3.220989e+01	9.849982e+01
3.030000e-06	4.579013e-06	1.508795e-09	3.238375e+01	9.885992e+01
3.040000e-06	4.603311e-06	1.520529e-09	3.255559e+01	9.921025e+01
3.050000e-06	4.627356e-06	1.529217e-09	3.272564e+01	9.955260e+01
3.060000e-06	4.651175e-06	1.532117e-09	3.289409e+01	9.988855e+01
3.070000e-06	4.674649e-06	1.532759e-09	3.306011e+01	1.002194e+02
3.080000e-06	4.697806e-06	1.536541e-09	3.322388e+01	1.005461e+02
3.090000e-06	4.720789e-06	1.543713e-09	3.338642e+01	1.008692e+02
3.100000e-06	4.743446e-06	1.549415e-09	3.354666e+01	1.011891e+02
3.110000e-06	4.765732e-06	1.552148e-09	3.370427e+01	1.015054e+02
3.120000e-06	4.787751e-06	1.555805e-09	3.385999e+01	1.018178e+02
3.130000e-06	4.809415e-06	1.562432e-09	3.401320e+01	1.021253e+02
3.140000e-06	4.830664e-06	1.570689e-09	3.416348e+01	1.024269e+02
3.150000e-06	4.851574e-06	1.577652e-09	3.431136e+01	1.027213e+02
3.160000e-06	4.872234e-06	1.583093e-09	3.445747e+01	1.030071e+02
3.170000e-06	4.892615e-06	1.588552e-09	3.460161e+01	1.032829e+02
3.180000e-06	4.912737e-06	1.593789e-09	3.474392e+01	1.035474e+02
3.190000e-06	4.932637e-06	1.596198e-09	3.488466e+01	1.037993e+02
3.200000e-06	4.952308e-06	1.597348e-09	3.502377e+01	1.040376e+02
3.210000e-06	4.971668e-06	1.600477e-09	3.516069e+01	1.042616e+02
3.220000e-06	4.990599e-06	1.605042e-09	3.529458e+01	1.044709e+02
3.230000e-06	5.009185e-06	1.608806e-09	3.542602e+01	1.046655e+02
3.240000e-06	5.027422e-06	1.611756e-09	3.555499e+01	1.048456e+02
3.250000e-06	5.045266e-06	1.614551e-09	3.568119e+01	1.050117e+02
3.260000e-06	5.062766e-06	1.616505e-09	3.580495e+01	1.051649e+02
3.270000e-06	5.079941e-06	1.616408e-09	3.592642e+01	1.053063e+02
3.280000e-06	5.096902e-06	1.616828e-09	3.604637e+01	1.054371e+02
3.290000e-06	5.113575e-06	1.619934e-09	3.616428e+01	1.055589e+02
3.300000e-06	5.129731e-06	1.625330e-09	3.627855e+01	1.056729e+02
3.310000e-06	5.145366e-06	1.628721e-09	3.638912e+01	1.057807e+02
3.320000e-06	5.160525e-06	1.629266e-09	3.649632e+01	1.058833e+02
3.330000e-06	5.175287e-06	1.631073e-09	3.660073e+01	1.059819e+02
3.340000e-06	5.189643e-06	1.632757e-09	3.670226e+01	1.060772e+02
3.350000e-06	5.203609e-06	1.631643e-09	3.680103e+01	1.061696e+02
3.360000e-06	5.217228e-06	1.629949e-09	3.689734e+01	1.062593e+02
3.370000e-06	5.230427e-06	1.629390e-09	3.699069e+01	1.063462e+02
3.380000e-06	5.243249e-06	1.628371e-09	3.708137e+01	1.064297e+02
3.390000e-06	5.255693e-06	1.628582e-09	3.716938e+01	1.065094e+02
3.400000e-06	5.267737e-06	1.630859e-09	3.725455e+01	1.065843e+02
3.410000e-06	5.279471e-06	1.632798e-09	3.733754e+01	1.066535e+02
3.420000e-06	5.290819e-06	1.633516e-09	3.741779e+01	1.067160e+02
3.430000e-06	5.301612e-06	1.631954e-09	3.749412e+01	1.067712e+02
3.440000e-06	5.311772e-06	1.631192e-09	3.756598e+01	1.068181e+02
3.450000e-06	5.321288e-06	1.633169e-09	3.763327e+01	1.068564e+02
3.460000e-06	5.330225e-06	1.634419e-09	3.769648e+01	1.068859e+02
3.470000e-06	5.338752e-06	1.634006e-09	3.775679e+01	1.069066e+02
3.480000e-06	5.346960e-06	1.634343e-09	3.781484e+01	1.069192e+02
3.490000e-06	5.354905e-06	1.637830e-09	3.787102e+01	1.069242e+02
3.500000e-06	5.362520e-06	1.641565e-09	3.792488e+01	1.069229e+02
3.510000e-06	5.369707e-06	1.641890e-09	3.797570e+01	1.069166e+02
3.520000e-06	5.376623e-06	1.638382e-09	3.802462e+01	1.069067e+02
3.530000e-06	5.383214e-06	1.634765e-09	3.807123e+01	1.068948e+02
3.540000e-06	5.389391e-06	1.633951e-09	3.811491e+01	1.068825e+02
3.550000e-06	5.395198e-06	1.634947e-09	3.815598e+01	1.068711e+02
3.560000e-06	5.400682e-06	1.636492e-09	3.819477e+01	1.068617e+02
3.570000e-06	5.405779e-06	1.639118e-09	3.823082e+01	1.068551e+02
3.580000e-06	5.410505e-06	1.642115e-09	3.826424e+01	1.068515e+02
3.590000e-06	5.414955e-06	1.643001e-09	3.829571e+01	1.068509e+02
3.600000e-06	5.419095e-06	1.639999e-09	3.832499e+01	1.068523e+02
3.610000e-06	5.423015e-06	1.634828e-09	3.835271e+01	1.068546e+02
3.620000e-06	5.426663e-06	1.633133e-09	3.837851e+01	1.068559e+02
3.630000e-06	5.429831e-06	1.636223e-09	3.840092e+01	1.068539e+02
3.640000e-06	5.432478e-06	1.639945e-09	3.841963e+01	1.068459e+02
3.650000e-06	5.434603e-06	1.642593e-09	3.843466e+01	1.068290e+02
3.660000e-06	5.436177e-06	1.644965e-09	3.844580e+01	1.068002e+02
3.670000e-06	5.437270e-06	1.646781e-09	3.845353e+01	1.067566e+02
3.680000e-06	5.437927e-06	1.645302e-09	3.845818e+01	1.066956e+02
3.690000e-06	5.438185e-06	1.640217e-09	3.846000e+01	1.066147e+02
3.700000e-06	5.438127e-06	1.636326e-09	3.845959e+01	1.065125e+02
3.710000e-06	5.437804e-06	1.637041e-09	3.845730e+01	1.063878e+02
3.720000e-06	5.437211e-06	1.641119e-09	3.845311e+01	1.062407e+02
3.730000e-06	5.436296e-06	1.642752e-09	3.844664e+01	1.060720e+02
3.740000e-06	5.434938e-06	1.639488e-09	3.843704e+01	1.058836e+02
3.750000e-06	5.433159e-06	1.635611e-09	3.842445e+01	1.056782e+02
3.760000e-06	5.431107e-06	1.623917e-09	3.840994e+01	1.054597e+02
3.770000e-06	5.428777e-06	1.585096e-09	3.839346e+01	1.052327e+02
3.780000e-06	5.426068e-06	1.566177e-09	3.837430e+01	1.050025e+02
3.790000e-06	5.422937e-06	1.643038e-09	3.835216e+01	1.047750e+02
3.800000e-06	5.419408e-06	1.695597e-09	3.832720e+01	1.045564e+02
3.810000e-06	5.415591e-06	1.605941e-09	3.830021e+01	1.043529e+02
3.820000e-06	5.411587e-06	1.535488e-09	3.827189e+01	1.041708e+02
3.830000e-06	5.407271e-06	1.617372e-09	3.824137e+01	1.040157e+02
3.840000e-06	5.402441e-06	1.674151e-09	3.820721e+01	1.038926e+02
3.850000e-06	5.397068e-06	1.548428e-09	3.816921e+01	1.038059e+02
3.860000e-06	5.391205e-06	1.456290e-09	3.812774e+01	1.037585e+02
3.870000e-06	5.384973e-06	1.611425e-09	3.808367e+01	1.037525e+02
3.880000e-06	5.378337e-06	1.725318e-09	3.803674e+01	1.037885e+02
3.890000e-06	5.371131e-06	1.576226e-09	3.798578e+01	1.038656e+02
3.900000e-06	5.363528e-06	1.482544e-09	3.793201e+01	1.039819e+02
3.910000e-06	5.355645e-06	1.633124e-09	3.787626e+01	1.041339e+02
3.920000e-06	5.347349e-06	1.672546e-09	3.781758e+01	1.043170e+02
3.930000e-06	5.338674e-06	1.459365e-09	3.775624e+01	1.045256e+02
3.940000e-06	5.329725e-06	1.443306e-09	3.769295e+01	1.047534e+02
3.950000e-06	5.320481e-06	1.670359e-09	3.762757e+01	1.049933e+02
3.960000e-06	5.310893e-06	1.676750e-09	3.755976e+01	1.052380e+02
3.970000e-06	5.300855e-06	1.467892e-09	3.748877e+01	1.054801e+02
3.980000e-06	5.290361e-06	1.525181e-09	3.741455e+01	1.057125e+02
3.990000e-06	5.279439e-06	1.712368e-09	3.733731e+01	1.059284e+02
4.000000e-06	5.268084e-06	1.622783e-09	3.725701e+01	1.061217e+02
4.010000e-06	5.256460e-06	1.485601e-09	3.717480e+01	1.062873e+02
4.020000e-06	5.244554e-06	1.635683e-09	3.709060e+01	1.064210e+02
4.030000e-06	5.232179e-06	1.741645e-09	3.700308e+01	1.065198e+02
4.040000e-06	5.219369e-06	1.574932e-09	3.691249e+01	1.065817e+02
4.050000e-06	5.206092e-06	1.516467e-09	3.681858e+01	1.066062e+02
4.060000e-06	5.192100e-06	1.641467e-09	3.671963e+01	1.065936e+02
4.070000e-06	5.177450e-06	1.627816e-09	3.661603e+01	1.065454e+02
4.080000e-06	5.162366e-06	1.524710e-09	3.650934e+01	1.064639e+02
4.090000e-06	5.146858e-06	1.575801e-09	3.639967e+01	1.063523e+02
4.100000e-06	5.131039e-06	1.620934e-09	3.628779e+01	1.062142e+02
4.110000e-06	5.114996e-06	1.570832e-09	3.617433e+01	1.060536e+02
4.120000e-06	5.098660e-06	1.579658e-09	3.605880e+01	1.058747e+02
4.130000e-06	5.081941e-06	1.598222e-09	3.594056e+01	1.056814e+02
4.140000e-06	5.064836e-06	1.520779e-09	3.581959e+01	1.054778e+02
4.150000e-06	5.047365e-06	1.508173e-09	3.569603e+01	1.052671e+02
4.160000e-06	5.029556e-06	1.579474e-09	3.557009e+01	1.050525e+02
4.170000e-06	5.011490e-06	1.570177e-09	3.544232e+01	1.048363e+02
4.180000e-06	4.993075e-06	1.520191e-09	3.531209e+01	1.046202e+02
4.190000e-06	4.974317e-06	1.553109e-09	3.517943e+01	1.044054e+02
4.200000e-06	4.955248e-06	1.580325e-09	3.504456e+01	1.041922e+02
4.210000e-06	4.935839e-06	1.551591e-09	3.490730e+01	1.039807e+02
4.220000e-06	4.916191e-06	1.520806e-09	3.476835e+01	1.037702e+02
4.230000e-06	4.896345e-06	1.508954e-09	3.462799e+01	1.035597e+02
4.240000e-06	4.876222e-06	1.520733e-09	3.448568e+01	1.033482e+02
4.250000e-06	4.855718e-06	1.542746e-09	3.434067e+01	1.031342e+02
4.260000e-06	4.834848e-06	1.525923e-09	3.419307e+01	1.029163e+02
4.270000e-06	4.813665e-06	1.508014e-09	3.404326e+01	1.026935e+02
4.280000e-06	4.791930e-06	1.531129e-09	3.388954e+01	1.024647e+02
4.290000e-06	4.769486e-06	1.534562e-09	3.373081e+01	1.022291e+02
4.300000e-06	4.746570e-06	1.506648e-09	3.356875e+01	1.019865e+02
4.310000e-06	4.723289e-06	1.491641e-09	3.340410e+01	1.017368e+02
4.320000e-06	4.699659e-06	1.489960e-09	3.323699e+01	1.014804e+02
4.330000e-06	4.675792e-06	1.493517e-09	3.306819e+01	1.012179e+02
4.340000e-06	4.651654e-06	1.500573e-09	3.289749e+01	1.009506e+02
4.350000e-06	4.627195e-06	1.478541e-09	3.272451e+01	1.006795e+02
4.360000e-06	4.602480e-06	1.460808e-09	3.254971e+01	1.004062e+02
4.370000e-06	4.577497e-06	1.481738e-09	3.237303e+01	1.001320e+02
4.380000e-06	4.552174e-06	1.490017e-09	3.219394e+01	9.985841e+01
4.390000e-06	4.526523e-06	1.458667e-09	3.201253e+01	9.958670e+01
4.400000e-06	4.500572e-06	1.446162e-09	3.182900e+01	9.931794e+01
4.410000e-06	4.474316e-06	1.457766e-09	3.164331e+01	9.905295e+01
4.420000e-06	4.447723e-06	1.459408e-09	3.145524e+01	9.879220e+01
4.430000e-06	4.420689e-06	1.443406e-09	3.126405e+01	9.853581e+01
4.440000e-06	4.393359e-06	1.429689e-09	3.107077e+01	9.828357e+01
4.450000e-06	4.365891e-06	1.432949e-09	3.087651e+01	9.803489e+01
4.460000e-06	4.338190e-06	1.447198e-09	3.068060e+01	9.778888e+01
4.470000e-06	4.310290e-06	1.443200e-09	3.048328e+01	9.754441e+01
4.480000e-06	4.282217e-06	1.428747e-09	3.028475e+01	9.730015e+01
4.490000e-06	4.253811e-06	1.430061e-09	3.008385e+01	9.705467e+01
4.500000e-06	4.225103e-06	1.439243e-09	2.988083e+01	9.680653e+01
4.510000e-06	4.196078e-06	1.434681e-09	2.967555e+01	9.655432e+01
4.520000e-06	4.166569e-06	1.423202e-09	2.946686e+01	9.629678e+01
4.530000e-06	4.136652e-06	1.416356e-09	2.925528e+01	9.603286e+01
4.540000e-06	4.106245e-06	1.418937e-09	2.904023e+01	9.576175e+01
4.550000e-06	4.075361e-06	1.422055e-09	2.882182e+01	9.548293e+01
4.560000e-06	4.044128e-06	1.413275e-09	2.860093e+01	9.519620e+01
4.570000e-06	4.012578e-06	1.402221e-09	2.837781e+01	9.490167e+01
4.580000e-06	3.980805e-06	1.402540e-09	2.815310e+01	9.459972e+01
4.590000e-06	3.948822e-06	1.407068e-09	2.792691e+01	9.429099e+01
4.600000e-06	3.916710e-06	1.399409e-09	2.769980e+01	9.397632e+01
4.610000e-06	3.884395e-06	1.385280e-09	2.747127e+01	9.365670e+01
4.620000e-06	3.851771e-06	1.378494e-09	2.724054e+01	9.333315e+01
4.630000e-06	3.818882e-06	1.378924e-09	2.700794e+01	9.300672e+01
4.640000e-06	3.785726e-06	1.372201e-09	2.677346e+01	9.267839e+01
4.650000e-06	3.752261e-06	1.357571e-09	2.653679e+01	9.234899e+01
4.660000e-06	3.718556e-06	1.350016e-09	2.629842e+01	9.201917e+01
4.670000e-06	3.684730e-06	1.354003e-09	2.605919e+01	9.168938e+01
4.680000e-06	3.650652e-06	1.354023e-09	2.581819e+01	9.135980e+01
4.690000e-06	3.616244e-06	1.345661e-09	2.557484e+01	9.103038e+01
4.700000e-06	3.581583e-06	1.338675e-09	2.532971e+01	9.070081e+01
4.710000e-06	3.546661e-06	1.339885e-09	2.508274e+01	9.037058e+01
4.720000e-06	3.511513e-06	1.338140e-09	2.483416e+01	9.003900e+01
4.730000e-06	3.476083e-06	1.331416e-09	2.458359e+01	8.970526e+01
4.740000e-06	3.440418e-06	1.325082e-09	2.433136e+01	8.936848e+01
4.750000e-06	3.404640e-06	1.322252e-09	2.407834e+01	8.902776e+01
4.760000e-06	3.368719e-06	1.318494e-09	2.382429e+01	8.868227e+01
4.770000e-06	3.332640e-06	1.309250e-09	2.356914e+01	8.833126e+01
4.780000e-06	3.296402e-06	1.296561e-09	2.331286e+01	8.797417e+01
4.790000e-06	3.260017e-06	1.289440e-09	2.305553e+01	8.761059e+01
4.800000e-06	3.223438e-06	1.289207e-09	2.279684e+01	8.724035e+01
4.810000e-06	3.186565e-06	1.287784e-09	2.253606e+01	8.686347e+01
4.820000e-06	3.149301e-06	1.281792e-09	2.227252e+01	8.648021e+01
4.830000e-06	3.111623e-06	1.276243e-09	2.200605e+01	8.609101e+01
4.840000e-06	3.073465e-06	1.272776e-09	2.173620e+01	8.569646e+01
4.850000e-06	3.034916e-06	1.267022e-09	2.146357e+01	8.529729e+01
4.860000e-06	2.996021e-06	1.255728e-09	2.118849e+01	8.489426e+01
4.870000e-06	2.956825e-06	1.244694e-09	2.091129e+01	8.448816e+01
4.880000e-06	2.917449e-06	1.240612e-09	2.063282e+01	8.407974e+01
4.890000e-06	2.877895e-06	1.240480e-09	2.035308e+01	8.366964e+01
4.900000e-06	2.838210e-06	1.238067e-09	2.007243e+01	8.325836e+01
4.910000e-06	2.798396e-06	1.233019e-09	1.979085e+01	8.284623e+01
4.920000e-06	2.758429e-06	1.231901e-09	1.950819e+01	8.243339e+01
4.930000e-06	2.718310e-06	1.232128e-09	1.922446e+01	8.201977e+01
4.940000e-06	2.678076e-06	1.224143e-09	1.893992e+01	8.160509e+01
4.950000e-06	2.637704e-06	1.211893e-09	1.865440e+01	8.118890e+01
4.960000e-06	2.597169e-06	1.204163e-09	1.836773e+01	8.077060e+01
4.970000e-06	2.556462e-06	1.201258e-09	1.807984e+01	8.034947e+01
4.980000e-06	2.515542e-06	1.198547e-09	1.779045e+01	7.992475e+01
4.990000e-06	2.474460e-06	1.192879e-09	1.749990e+01	7.949565e+01
5.000000e-06	2.433220e-06	1.188052e-09	1.720824e+01	7.906144e+01
5.010000e-06	2.391719e-06	1.185797e-09	1.691474e+01	7.862148e+01
5.020000e-06	2.350057e-06	1.181043e-09	1.662010e+01	7.817526e+01
5.030000e-06	2.308297e-06	1.169628e-09	1.632477e+01	7.772246e+01
5.040000e-06	2.266367e-06	1.159540e-09	1.602823e+01	7.726292e+01
5.050000e-06	2.224299e-06	1.154893e-09	1.573071e+01	7.679672e+01
5.060000e-06	2.182069e-06	1.152762e-09	1.543205e+01	7.632410e+01
5.070000e-06	2.139678e-06	1.146600e-09	1.513226e+01	7.584548e+01
5.080000e-06	2.097152e-06	1.135691e-09	1.483150e+01	7.536141e+01
5.090000e-06	2.054451e-06	1.126520e-09	1.452951e+01	7.487256e+01
5.100000e-06	2.011556e-06	1.121351e-09	1.422615e+01	7.437961e+01
5.110000e-06	1.968598e-06	1.114441e-09	1.392235e+01	7.388322e+01
5.120000e-06	1.925615e-06	1.104738e-09	1.361836e+01	7.338399e+01
5.130000e-06	1.882446e-06	1.097449e-09	1.331306e+01	7.288238e+01
5.140000e-06	1.839088e-06	1.093998e-09	1.300642e+01	7.237866e+01
5.150000e-06	1.795545e-06	1.090656e-09	1.269847e+01	7.187289e+01
5.160000e-06	1.751895e-06	1.085146e-09	1.238978e+01	7.136487e+01
5.170000e-06	1.708191e-06	1.075944e-09	1.208069e+01	7.085416e+01
5.180000e-06	1.664429e-06	1.066119e-09	1.177119e+01	7.034004e+01
5.190000e-06	1.620636e-06	1.056703e-09	1.146148e+01	6.982157e+01
5.200000e-06	1.576736e-06	1.047759e-09	1.115101e+01	6.929762e+01
5.210000e-06	1.532694e-06	1.042105e-09	1.083954e+01	6.876692e+01
5.220000e-06	1.488611e-06	1.037150e-09	1.052777e+01	6.822811e+01
5.230000e-06	1.444545e-06	1.030473e-09	1.021613e+01	6.767980e+01
5.240000e-06	1.400406e-06	1.021356e-09	9.903965e+00	6.712069e+01
5.250000e-06	1.356237e-06	1.009892e-09	9.591598e+00	6.654960e+01
5.260000e-06	1.311987e-06	9.978245e-10	9.278653e+00	6.596553e+01
5.270000e-06	1.267616e-06	9.872136e-10	8.964852e+00	6.536775e+01
5.280000e-06	1.223222e-06	9.756459e-10	8.650888e+00	6.475583e+01
5.290000e-06	1.178736e-06	9.629269e-10	8.336270e+00	6.412966e+01
5.300000e-06	1.134207e-06	9.536544e-10	8.021356e+00	6.348946e+01
5.310000e-06	1.089654e-06	9.459135e-10	7.706267e+00	6.283577e+01
5.320000e-06	1.044988e-06	9.345376e-10	7.390374e+00	6.216944e+01
5.330000e-06	1.000276e-06	9.208977e-10	7.074161e+00	6.149157e+01
5.340000e-06	9.555162e-07	9.097299e-10	6.757613e+00	6.080342e+01
5.350000e-06	9.105830e-07	9.019815e-10	6.439836e+00	6.010639e+01
5.360000e-06	8.655626e-07	8.909425e-10	6.121442e+00	5.940187e+01
5.370000e-06	8.205641e-07	8.765588e-10	5.803203e+00	5.869123e+01
5.380000e-06	7.754799e-07	8.643620e-10	5.484358e+00	5.797566e+01
5.390000e-06	7.302936e-07	8.539656e-10	5.164791e+00	5.725612e+01
5.400000e-06	6.850268e-07	8.435378e-10	4.844655e+00	5.653328e+01
5.410000e-06	6.396876e-07	8.313055e-10	4.524006e+00	5.580745e+01
5.420000e-06	5.943353e-07	8.178806e-10	4.203266e+00	5.507853e+01
5.430000e-06	5.490073e-07	8.067971e-10	3.882696e+00	5.434601e+01
5.440000e-06	5.036608e-07	7.966393e-10	3.561996e+00	5.360895e+01
5.450000e-06	4.582288e-07	7.829784e-10	3.240691e+00	5.286604e+01
5.460000e-06	4.127086e-07	7.664612e-10	2.918763e+00	5.211561e+01
5.470000e-06	3.671268e-07	7.526318e-10	2.596399e+00	5.135571e+01
5.480000e-06	3.215180e-07	7.426348e-10	2.273844e+00	5.058418e+01
5.490000e-06	2.759052e-07	7.305564e-10	1.951260e+00	4.979875e+01
5.500000e-06	2.302204e-07	7.137762e-10	1.628167e+00	4.899710e+01
5.510000e-06	1.844427e-07	6.971896e-10	1.304418e+00	4.817702e+01
5.520000e-06	1.387002e-07	6.834661e-10	9.809169e-01	4.733645e+01
5.530000e-06	9.307295e-08	6.722672e-10	6.582316e-01	4.647358e+01
5.540000e-06	4.751757e-08	6.606842e-10	3.360543e-01	4.558692e+01
5.550000e-06	1.968708e-09	6.475023e-10	1.392312e-02	4.467537e+01
5.560000e-06	-4.367656e-08	6.344460e-10	-3.088899e-01	4.373822e+01
5.570000e-06	-8.940512e-08	6.214986e-10	-6.322920e-01	4.277522e+01
5.580000e-06	-1.351936e-07	6.056152e-10	-9.561181e-01	4.178652e+01
5.590000e-06	-1.809847e-07	5.865993e-10	-1.279962e+00	4.077266e+01
5.600000e-06	-2.266696e-07	5.685485e-10	-1.603056e+00	3.973453e+01
5.610000e-06	-2.722703e-07	5.532990e-10	-1.925553e+00	3.867332e+01
5.620000e-06	-3.177950e-07	5.385266e-10	-2.247514e+00	3.759042e+01
5.630000e-06	-3.632529e-07	5.213554e-10	-2.569002e+00	3.648732e+01
5.640000e-06	-4.087903e-07	5.052618e-10	-2.891051e+00	3.536559e+01
5.650000e-06	-4.543910e-07	4.922211e-10	-3.213549e+00	3.422673e+01
5.660000e-06	-4.998634e-07	4.786148e-10	-3.535140e+00	3.307211e+01
5.670000e-06	-5.452143e-07	4.621215e-10	-3.855871e+00	3.190291e+01
5.680000e-06	-5.905342e-07	4.433373e-10	-4.176383e+00	3.072007e+01
5.690000e-06	-6.358512e-07	4.241482e-10	-4.496874e+00	2.952421e+01
5.700000e-06	-6.810574e-07	4.049050e-10	-4.816582e+00	2.831565e+01
5.710000e-06	-7.261314e-07	3.845953e-10	-5.135355e+00	2.709440e+01
5.720000e-06	-7.712005e-07	3.665693e-10	-5.454093e+00	2.586015e+01
5.730000e-06	-8.162513e-07	3.528467e-10	-5.772702e+00	2.461235e+01
5.740000e-06	-8.612216e-07	3.403384e-10	-6.090741e+00	2.335019e+01
5.750000e-06	-9.060901e-07	3.257310e-10	-6.408061e+00	2.207273e+01
5.760000e-06	-9.508503e-07	3.076082e-10	-6.724615e+00	2.077892e+01
5.770000e-06	-9.955088e-07	2.848328e-10	-7.040449e+00	1.946768e+01
5.780000e-06	-1.040070e-06	2.585132e-10	-7.355598e+00	1.813799e+01
5.790000e-06	-1.084615e-06	2.318815e-10	-7.670629e+00	1.678893e+01
5.800000e-06	-1.129127e-06	2.069297e-10	-7.985426e+00	1.541976e+01
5.810000e-06	-1.173498e-06	1.873934e-10	-8.299227e+00	1.402994e+01
5.820000e-06	-1.217698e-06	1.731966e-10	-8.611818e+00	1.261921e+01
5.830000e-06	-1.261819e-06	1.585753e-10	-8.923854e+00	1.118755e+01
5.840000e-06	-1.305956e-06	1.404463e-10	-9.235998e+00	9.735222e+00
5.850000e-06	-1.350079e-06	1.208728e-10	-9.548047e+00	8.262767e+00
5.860000e-06	-1.394130e-06	9.995896e-11	-9.859580e+00	6.770949e+00
5.870000e-06	-1.438145e-06	7.375956e-11	-1.017087e+01	5.260736e+00
5.880000e-06	-1.482155e-06	4.426062e-11	-1.048211e+01	3.733255e+00
5.890000e-06	-1.526159e-06	1.654032e-11	-1.079332e+01	2.189735e+00
5.900000e-06	-1.570148e-06	-7.004078e-12	-1.110442e+01	6.314613e-01
5.910000e-06	-1.614067e-06	-2.830610e-11	-1.141502e+01	-9.402857e-01
5.920000e-06	-1.657862e-06	-4.900186e-11	-1.172475e+01	-2.524272e+00
5.930000e-06	-1.701518e-06	-6.874022e-11	-1.203349e+01	-4.119352e+00
5.940000e-06	-1.745071e-06	-9.038831e-11	-1.234151e+01	-5.724500e+00
5.950000e-06	-1.788567e-06	-1.149688e-10	-1.264912e+01	-7.338831e+00
5.960000e-06	-1.831922e-06	-1.424631e-10	-1.295574e+01	-8.961602e+00
5.970000e-06	-1.875055e-06	-1.722212e-10	-1.326078e+01	-1.059222e+01
5.980000e-06	-1.918066e-06	-2.001028e-10	-1.356497e+01	-1.223019e+01
5.990000e-06	-1.960984e-06	-2.256218e-10	-1.386849e+01	-1.387516e+01
6.000000e-06	-2.003708e-06	-2.515347e-10	-1.417064e+01	-1.552679e+01
6.010000e-06	-2.046236e-06	-2.784584e-10	-1.447142e+01	-1.718480e+01
6.020000e-06	-2.088658e-06	-3.038377e-10	-1.477143e+01	-1.884884e+01
6.030000e-06	-2.130977e-06	-3.284343e-10	-1.507072e+01	-2.051855e+01
6.040000e-06	-2.173169e-06	-3.519029e-10	-1.536911e+01	-2.219341e+01
6.050000e-06	-2.215261e-06	-3.760381e-10	-1.566680e+01	-2.387278e+01
6.060000e-06	-2.257181e-06	-4.020378e-10	-1.596326e+01	-2.555585e+01
6.070000e-06	-2.298927e-06	-4.300485e-10	-1.625850e+01	-2.724161e+01
6.080000e-06	-2.340579e-06	-4.583652e-10	-1.655307e+01	-2.892889e+01
6.090000e-06	-2.382094e-06	-4.856772e-10	-1.684667e+01	-3.061628e+01
6.100000e-06	-2.423388e-06	-5.114976e-10	-1.713871e+01	-3.230224e+01
6.110000e-06	-2.464492e-06	-5.358489e-10	-1.742941e+01	-3.398507e+01
6.120000e-06	-2.505440e-06	-5.610346e-10	-1.771900e+01	-3.566296e+01
6.130000e-06	-2.546182e-06	-5.865615e-10	-1.800714e+01	-3.733403e+01
6.140000e-06	-2.586706e-06	-6.088552e-10	-1.829373e+01	-3.899636e+01
6.150000e-06	-2.627114e-06	-6.292546e-10	-1.857951e+01	-4.064808e+01
6.160000e-06	-2.667415e-06	-6.539334e-10	-1.886452e+01	-4.228735e+01
6.170000e-06	-2.707550e-06	-6.811653e-10	-1.914837e+01	-4.391246e+01
6.180000e-06	-2.747574e-06	-7.075340e-10	-1.943143e+01	-4.552181e+01
6.190000e-06	-2.787471e-06	-7.319583e-10	-1.971359e+01	-4.711397e+01
6.200000e-06	-2.827243e-06	-7.551506e-10	-1.999486e+01	-4.868770e+01
6.210000e-06	-2.866903e-06	-7.768928e-10	-2.027534e+01	-5.024194e+01
6.220000e-06	-2.906399e-06	-7.966017e-10	-2.055467e+01	-5.177581e+01
6.230000e-06	-2.945697e-06	-8.138565e-10	-2.083259e+01	-5.328859e+01
6.240000e-06	-2.984742e-06	-8.335803e-10	-2.110873e+01	-5.477974e+01
6.250000e-06	-3.023425e-06	-8.583484e-10	-2.138230e+01	-5.624882e+01
6.260000e-06	-3.061757e-06	-8.844965e-10	-2.165339e+01	-5.769551e+01
6.270000e-06	-3.099712e-06	-9.062227e-10	-2.192182e+01	-5.911955e+01
6.280000e-06	-3.137203e-06	-9.249318e-10	-2.218696e+01	-6.052072e+01
6.290000e-06	-3.174289e-06	-9.443650e-10	-2.244924e+01	-6.189881e+01
6.300000e-06	-3.211053e-06	-9.628268e-10	-2.270925e+01	-6.325363e+01
6.310000e-06	-3.247547e-06	-9.759958e-10	-2.296734e+01	-6.458494e+01
6.320000e-06	-3.283892e-06	-9.864492e-10	-2.322438e+01	-6.589247e+01
6.330000e-06	-3.320076e-06	-1.002635e-09	-2.348028e+01	-6.717592e+01
6.340000e-06	-3.356080e-06	-1.026969e-09	-2.373491e+01	-6.843497e+01
6.350000e-06	-3.391975e-06	-1.053374e-09	-2.398876e+01	-6.966929e+01
6.360000e-06	-3.427669e-06	-1.076843e-09	-2.424120e+01	-7.087852e+01
6.370000e-06	-3.463150e-06	-1.094862e-09	-2.449213e+01	-7.206236e+01
6.380000e-06	-3.498480e-06	-1.106663e-09	-2.474199e+01	-7.322054e+01
6.390000e-06	-3.533580e-06	-1.113253e-09	-2.499023e+01	-7.435285e+01
6.400000e-06	-3.568409e-06	-1.118006e-09	-2.523654e+01	-7.545916e+01
6.410000e-06	-3.602899e-06	-1.129055e-09	-2.548047e+01	-7.653946e+01
6.420000e-06	-3.637091e-06	-1.150006e-09	-2.572228e+01	-7.759384e+01
6.430000e-06	-3.671124e-06	-1.176309e-09	-2.596297e+01	-7.862248e+01
6.440000e-06	-3.704935e-06	-1.197453e-09	-2.620209e+01	-7.962570e+01
6.450000e-06	-3.738522e-06	-1.212001e-09	-2.643962e+01	-8.060386e+01
6.460000e-06	-3.771839e-06	-1.224075e-09	-2.667525e+01	-8.155743e+01
6.470000e-06	-3.804826e-06	-1.233447e-09	-2.690854e+01	-8.248689e+01
6.480000e-06	-3.837526e-06	-1.242086e-09	-2.713980e+01	-8.339275e+01
6.490000e-06	-3.870013e-06	-1.253296e-09	-2.736955e+01	-8.427549e+01
6.500000e-06	-3.902327e-06	-1.270942e-09	-2.759809e+01	-8.513552e+01
6.510000e-06	-3.934409e-06	-1.292534e-09	-2.782497e+01	-8.597318e+01
6.520000e-06	-3.966228e-06	-1.312833e-09	-2.805000e+01	-8.678870e+01
6.530000e-06	-3.997849e-06	-1.327583e-09	-2.827363e+01	-8.758217e+01
6.540000e-06	-4.029204e-06	-1.336110e-09	-2.849538e+01	-8.835355e+01
6.550000e-06	-4.060221e-06	-1.341089e-09	-2.871475e+01	-8.910267e+01
6.560000e-06	-4.090885e-06	-1.345198e-09	-2.893161e+01	-8.982925e+01
6.570000e-06	-4.121040e-06	-1.352040e-09	-2.914487e+01	-9.053290e+01
6.580000e-06	-4.150708e-06	-1.364215e-09	-2.935469e+01	-9.121317e+01
6.590000e-06	-4.179945e-06	-1.380486e-09	-2.956146e+01	-9.186960e+01
6.600000e-06	-4.208670e-06	-1.396799e-09	-2.976461e+01	-9.250177e+01
6.610000e-06	-4.237048e-06	-1.407495e-09	-2.996530e+01	-9.310932e+01
6.620000e-06	-4.265217e-06	-1.414176e-09	-3.016452e+01	-9.369205e+01
6.630000e-06	-4.293199e-06	-1.419014e-09	-3.036242e+01	-9.424991e+01
6.640000e-06	-4.321063e-06	-1.421355e-09	-3.055948e+01	-9.478311e+01
6.650000e-06	-4.348764e-06	-1.424596e-09	-3.075538e+01	-9.529209e+01
6.660000e-06	-4.376197e-06	-1.431187e-09	-3.094939e+01	-9.577757e+01
6.670000e-06	-4.403300e-06	-1.445249e-09	-3.114107e+01	-9.624058e+01
6.680000e-06	-4.430052e-06	-1.461265e-09	-3.133027e+01	-9.668238e+01
6.690000e-06	-4.456493e-06	-1.472805e-09	-3.151726e+01	-9.710452e+01
6.700000e-06	-4.482611e-06	-1.478778e-09	-3.170197e+01	-9.750873e+01
6.710000e-06	-4.508391e-06	-1.482815e-09	-3.188430e+01	-9.789691e+01
6.720000e-06	-4.533860e-06	-1.484040e-09	-3.206442e+01	-9.827105e+01
6.730000e-06	-4.559056e-06	-1.482803e-09	-3.224261e+01	-9.863316e+01
6.740000e-06	-4.583915e-06	-1.483415e-09	-3.241842e+01	-9.898520e+01
6.750000e-06	-4.608434e-06	-1.490013e-09	-3.259182e+01	-9.932897e+01
6.760000e-06	-4.632710e-06	-1.502773e-09	-3.276351e+01	-9.966609e+01
6.770000e-06	-4.656787e-06	-1.515368e-09	-3.293378e+01	-9.999791e+01
6.780000e-06	-4.680639e-06	-1.523787e-09	-3.310247e+01	-1.003255e+02
6.790000e-06	-4.704244e-06	-1.529822e-09	-3.326941e+01	-1.006494e+02
6.800000e-06	-4.727574e-06	-1.535145e-09	-3.343440e+01	-1.009700e+02
6.810000e-06	-4.750412e-06	-1.538570e-09	-3.359592e+01	-1.012871e+02
6.820000e-06	-4.772649e-06	-1.537154e-09	-3.375319e+01	-1.016004e+02
6.830000e-06	-4.794384e-06	-1.534715e-09	-3.390690e+01	-1.019090e+02
6.840000e-06	-4.815675e-06	-1.538911e-09	-3.405747e+01	-1.022118e+02
6.850000e-06	-4.836511e-06	-1.547672e-09	-3.420483e+01	-1.025077e+02
6.860000e-06	-4.857032e-06	-1.554598e-09	-3.434996e+01	-1.027953e+02
6.870000e-06	-4.877277e-06	-1.558730e-09	-3.449314e+01	-1.030731e+02
6.880000e-06	-4.897201e-06	-1.562940e-09	-3.463404e+01	-1.033397e+02
6.890000e-06	-4.916901e-06	-1.565017e-09	-3.477337e+01	-1.035940e+02
6.900000e-06	-4.936320e-06	-1.563516e-09	-3.491070e+01	-1.038348e+02
6.910000e-06	-4.955369e-06	-1.560829e-09	-3.504542e+01	-1.040615e+02
6.920000e-06	-4.974120e-06	-1.562884e-09	-3.517803e+01	-1.042735e+02
6.930000e-06	-4.992585e-06	-1.569192e-09	-3.530862e+01	-1.044707e+02
6.940000e-06	-5.010749e-06	-1.574335e-09	-3.543708e+01	-1.046533e+02
6.950000e-06	-5.028600e-06	-1.578119e-09	-3.556333e+01	-1.048220e+02
6.960000e-06	-5.046101e-06	-1.582390e-09	-3.568710e+01	-1.049775e+02
6.970000e-06	-5.063181e-06	-1.584369e-09	-3.580789e+01	-1.051209e+02
6.980000e-06	-5.079846e-06	-1.584032e-09	-3.592574e+01	-1.052536e+02
6.990000e-06	-5.096170e-06	-1.583156e-09	-3.604119e+01	-1.053770e+02
7.000000e-06	-5.112219e-06	-1.583187e-09	-3.615470e+01	-1.054924e+02
7.010000e-06	-5.128056e-06	-1.584494e-09	-3.626670e+01	-1.056013e+02
7.020000e-06	-5.143639e-06	-1.585218e-09	-3.637691e+01	-1.057050e+02
7.030000e-06	-5.158738e-06	-1.586085e-09	-3.648369e+01	-1.058044e+02
7.040000e-06	-5.173214e-06	-1.588587e-09	-3.658606e+01	-1.059004e+02
7.050000e-06	-5.187168e-06	-1.592101e-09	-3.668475e+01	-1.059934e+02
7.060000e-06	-5.200538e-06	-1.592987e-09	-3.677930e+01	-1.060838e+02
7.070000e-06	-5.213325e-06	-1.590845e-09	-3.686974e+01	-1.061714e+02
7.080000e-06	-5.225800e-06	-1.590580e-09	-3.695796e+01	-1.062557e+02
7.090000e-06	-5.237948e-06	-1.593289e-09	-3.704388e+01	-1.063363e+02
7.100000e-06	-5.249703e-06	-1.595946e-09	-3.712701e+01	-1.064122e+02
7.110000e-06	-5.261034e-06	-1.595087e-09	-3.720715e+01	-1.064826e+02
7.120000e-06	-5.271944e-06	-1.591639e-09	-3.728431e+01	-1.065466e+02
7.130000e-06	-5.282501e-06	-1.591725e-09	-3.735896e+01	-1.066032e+02
7.140000e-06	-5.292751e-06	-1.595632e-09	-3.743146e+01	-1.066518e+02
7.150000e-06	-5.302721e-06	-1.597466e-09	-3.750197e+01	-1.066917e+02
7.160000e-06	-5.312182e-06	-1.596035e-09	-3.756888e+01	-1.067229e+02
7.170000e-06	-5.321163e-06	-1.594251e-09	-3.763239e+01	-1.067453e+02
7.180000e-06	-5.329833e-06	-1.593185e-09	-3.769371e+01	-1.067593e+02
7.190000e-06	-5.338233e-06	-1.591879e-09	-3.775311e+01	-1.067657e+02
7.200000e-06	-5.346410e-06	-1.589360e-09	-3.781094e+01	-1.067656e+02
7.210000e-06	-5.354393e-06	-1.588411e-09	-3.786740e+01	-1.067602e+02
7.220000e-06	-5.362128e-06	-1.591184e-09	-3.792211e+01	-1.067510e+02
7.230000e-06	-5.369517e-06	-1.593030e-09	-3.797436e+01	-1.067396e+02
7.240000e-06	-5.376476e-06	-1.592137e-09	-3.802358e+01	-1.067274e+02
7.250000e-06	-5.382813e-06	-1.592956e-09	-3.806839e+01	-1.067160e+02
7.260000e-06	-5.388431e-06	-1.595253e-09	-3.810813e+01	-1.067064e+02
7.270000e-06	-5.393449e-06	-1.597593e-09	-3.814361e+01	-1.066995e+02
7.280000e-06	-5.398042e-06	-1.598024e-09	-3.817610e+01	-1.066956e+02
7.290000e-06	-5.402317e-06	-1.597264e-09	-3.820633e+01	-1.066947e+02
7.300000e-06	-5.406349e-06	-1.595515e-09	-3.823484e+01	-1.066961e+02
7.310000e-06	-5.410131e-06	-1.592353e-09	-3.826159e+01	-1.066986e+02
7.320000e-06	-5.413595e-06	-1.589303e-09	-3.828609e+01	-1.067004e+02
7.330000e-06	-5.416703e-06	-1.589166e-09	-3.830807e+01	-1.066993e+02
7.340000e-06	-5.419450e-06	-1.593968e-09	-3.832750e+01	-1.066927e+02
7.350000e-06	-5.421841e-06	-1.600212e-09	-3.834441e+01	-1.066777e+02
7.360000e-06	-5.423903e-06	-1.602840e-09	-3.835899e+01	-1.066513e+02
7.370000e-06	-5.425716e-06	-1.600146e-09	-3.837181e+01	-1.066106e+02
7.380000e-06	-5.426990e-06	-1.594054e-09	-3.838082e+01	-1.065528e+02
7.390000e-06	-5.427710e-06	-1.588402e-09	-3.838592e+01	-1.064756e+02
7.400000e-06	-5.428235e-06	-1.584485e-09	-3.838963e+01	-1.063772e+02
