# Temperatura_=_-1.18
# Concentracion g/m^3_=_4090.0
# C_Vs_to_Am_M_A/Vsm_=_65563218390.804596
# pendiente_HvsI_1/m_=_3716.3
# ordenada_HvsI_A/m_=_1297.0
# frecuencia_Hz_=_135074.93692436125

Tiempo_(s)	Campo_(V.s)	Magnetizacion_(V.s)	Campo_(kA/m)	Magnetizacion_(A/m)
0.000000e+00	-5.402056e-06	-2.164980e-09	-3.839034e+01	-1.452361e+02
1.000000e-08	-5.402097e-06	-2.159781e-09	-3.839064e+01	-1.450720e+02
2.000000e-08	-5.401975e-06	-2.149631e-09	-3.838977e+01	-1.448861e+02
3.000000e-08	-5.401549e-06	-2.137523e-09	-3.838674e+01	-1.446803e+02
4.000000e-08	-5.400596e-06	-2.134388e-09	-3.837997e+01	-1.444575e+02
5.000000e-08	-5.399010e-06	-2.144064e-09	-3.836870e+01	-1.442220e+02
6.000000e-08	-5.396853e-06	-2.159993e-09	-3.835337e+01	-1.439785e+02
7.000000e-08	-5.394198e-06	-2.159049e-09	-3.833450e+01	-1.437329e+02
8.000000e-08	-5.390927e-06	-2.116297e-09	-3.831126e+01	-1.434914e+02
9.000000e-08	-5.387058e-06	-2.084921e-09	-3.828376e+01	-1.432607e+02
1.000000e-07	-5.382905e-06	-2.142658e-09	-3.825425e+01	-1.430474e+02
1.100000e-07	-5.378599e-06	-2.237363e-09	-3.822365e+01	-1.428583e+02
1.200000e-07	-5.374125e-06	-2.131481e-09	-3.819186e+01	-1.426992e+02
1.300000e-07	-5.369428e-06	-2.052930e-09	-3.815847e+01	-1.425756e+02
1.400000e-07	-5.364273e-06	-2.127675e-09	-3.812183e+01	-1.424918e+02
1.500000e-07	-5.358638e-06	-2.263153e-09	-3.808179e+01	-1.424509e+02
1.600000e-07	-5.352616e-06	-2.159957e-09	-3.803900e+01	-1.424548e+02
1.700000e-07	-5.346132e-06	-1.983298e-09	-3.799292e+01	-1.425037e+02
1.800000e-07	-5.339295e-06	-2.115846e-09	-3.794433e+01	-1.425964e+02
1.900000e-07	-5.332214e-06	-2.254196e-09	-3.789401e+01	-1.427301e+02
2.000000e-07	-5.324751e-06	-2.217005e-09	-3.784097e+01	-1.429007e+02
2.100000e-07	-5.317040e-06	-2.094108e-09	-3.778617e+01	-1.431026e+02
2.200000e-07	-5.309187e-06	-2.231834e-09	-3.773036e+01	-1.433292e+02
2.300000e-07	-5.300988e-06	-2.292796e-09	-3.767209e+01	-1.435730e+02
2.400000e-07	-5.292397e-06	-2.224188e-09	-3.761104e+01	-1.438257e+02
2.500000e-07	-5.283241e-06	-2.195095e-09	-3.754597e+01	-1.440791e+02
2.600000e-07	-5.273465e-06	-2.322505e-09	-3.747650e+01	-1.443245e+02
2.700000e-07	-5.262954e-06	-2.311234e-09	-3.740180e+01	-1.445539e+02
2.800000e-07	-5.251880e-06	-2.232206e-09	-3.732310e+01	-1.447598e+02
2.900000e-07	-5.240483e-06	-2.281144e-09	-3.724211e+01	-1.449355e+02
3.000000e-07	-5.228707e-06	-2.350116e-09	-3.715842e+01	-1.450754e+02
3.100000e-07	-5.216510e-06	-2.260516e-09	-3.707174e+01	-1.451752e+02
3.200000e-07	-5.203935e-06	-2.219504e-09	-3.698237e+01	-1.452321e+02
3.300000e-07	-5.191039e-06	-2.327424e-09	-3.689073e+01	-1.452447e+02
3.400000e-07	-5.177756e-06	-2.331264e-09	-3.679633e+01	-1.452129e+02
3.500000e-07	-5.164097e-06	-2.255001e-09	-3.669927e+01	-1.451382e+02
3.600000e-07	-5.150069e-06	-2.274027e-09	-3.659957e+01	-1.450231e+02
3.700000e-07	-5.135491e-06	-2.313394e-09	-3.649597e+01	-1.448715e+02
3.800000e-07	-5.120273e-06	-2.244070e-09	-3.638783e+01	-1.446879e+02
3.900000e-07	-5.104534e-06	-2.238449e-09	-3.627597e+01	-1.444775e+02
4.000000e-07	-5.088287e-06	-2.273894e-09	-3.616051e+01	-1.442459e+02
4.100000e-07	-5.071640e-06	-2.252959e-09	-3.604221e+01	-1.439989e+02
4.200000e-07	-5.054672e-06	-2.222159e-09	-3.592162e+01	-1.437420e+02
4.300000e-07	-5.037433e-06	-2.289898e-09	-3.579911e+01	-1.434803e+02
4.400000e-07	-5.019907e-06	-2.275313e-09	-3.567456e+01	-1.432184e+02
4.500000e-07	-5.002109e-06	-2.224195e-09	-3.554808e+01	-1.429601e+02
4.600000e-07	-4.984029e-06	-2.221103e-09	-3.541959e+01	-1.427084e+02
4.700000e-07	-4.965547e-06	-2.263623e-09	-3.528824e+01	-1.424652e+02
4.800000e-07	-4.946590e-06	-2.222538e-09	-3.515353e+01	-1.422316e+02
4.900000e-07	-4.927218e-06	-2.210353e-09	-3.501586e+01	-1.420077e+02
5.000000e-07	-4.907597e-06	-2.214522e-09	-3.487642e+01	-1.417927e+02
5.100000e-07	-4.887793e-06	-2.232062e-09	-3.473568e+01	-1.415850e+02
5.200000e-07	-4.867797e-06	-2.225451e-09	-3.459357e+01	-1.413827e+02
5.300000e-07	-4.847532e-06	-2.227132e-09	-3.444956e+01	-1.411832e+02
5.400000e-07	-4.826846e-06	-2.200970e-09	-3.430255e+01	-1.409838e+02
5.500000e-07	-4.805720e-06	-2.208145e-09	-3.415241e+01	-1.407817e+02
5.600000e-07	-4.784197e-06	-2.215715e-09	-3.399946e+01	-1.405742e+02
5.700000e-07	-4.762415e-06	-2.200534e-09	-3.384466e+01	-1.403592e+02
5.800000e-07	-4.740473e-06	-2.169798e-09	-3.368873e+01	-1.401345e+02
5.900000e-07	-4.718266e-06	-2.174933e-09	-3.353091e+01	-1.398990e+02
6.000000e-07	-4.695683e-06	-2.187097e-09	-3.337042e+01	-1.396517e+02
6.100000e-07	-4.672707e-06	-2.188214e-09	-3.320714e+01	-1.393927e+02
6.200000e-07	-4.649362e-06	-2.173164e-09	-3.304124e+01	-1.391224e+02
6.300000e-07	-4.625764e-06	-2.156751e-09	-3.287354e+01	-1.388418e+02
6.400000e-07	-4.601948e-06	-2.168017e-09	-3.270429e+01	-1.385525e+02
6.500000e-07	-4.577952e-06	-2.178415e-09	-3.253376e+01	-1.382566e+02
6.600000e-07	-4.553768e-06	-2.160959e-09	-3.236189e+01	-1.379562e+02
6.700000e-07	-4.529215e-06	-2.134680e-09	-3.218740e+01	-1.376537e+02
6.800000e-07	-4.504280e-06	-2.141911e-09	-3.201020e+01	-1.373515e+02
6.900000e-07	-4.478865e-06	-2.143139e-09	-3.182958e+01	-1.370517e+02
7.000000e-07	-4.452874e-06	-2.136253e-09	-3.164488e+01	-1.367563e+02
7.100000e-07	-4.426312e-06	-2.120647e-09	-3.145611e+01	-1.364667e+02
7.200000e-07	-4.399258e-06	-2.127809e-09	-3.126385e+01	-1.361841e+02
7.300000e-07	-4.371845e-06	-2.133715e-09	-3.106903e+01	-1.359090e+02
7.400000e-07	-4.344175e-06	-2.137964e-09	-3.087239e+01	-1.356414e+02
7.500000e-07	-4.316356e-06	-2.116539e-09	-3.067469e+01	-1.353808e+02
7.600000e-07	-4.288372e-06	-2.109666e-09	-3.047582e+01	-1.351261e+02
7.700000e-07	-4.260120e-06	-2.106354e-09	-3.027504e+01	-1.348760e+02
7.800000e-07	-4.231561e-06	-2.106232e-09	-3.007209e+01	-1.346286e+02
7.900000e-07	-4.202716e-06	-2.089925e-09	-2.986710e+01	-1.343818e+02
8.000000e-07	-4.173611e-06	-2.090067e-09	-2.966026e+01	-1.341337e+02
8.100000e-07	-4.144225e-06	-2.092181e-09	-2.945142e+01	-1.338819e+02
8.200000e-07	-4.114530e-06	-2.098069e-09	-2.924039e+01	-1.336245e+02
8.300000e-07	-4.084585e-06	-2.085541e-09	-2.902759e+01	-1.333596e+02
8.400000e-07	-4.054419e-06	-2.074152e-09	-2.881320e+01	-1.330857e+02
8.500000e-07	-4.023980e-06	-2.069096e-09	-2.859689e+01	-1.328017e+02
8.600000e-07	-3.993159e-06	-2.073504e-09	-2.837786e+01	-1.325067e+02
8.700000e-07	-3.962020e-06	-2.066642e-09	-2.815656e+01	-1.322004e+02
8.800000e-07	-3.930715e-06	-2.054871e-09	-2.793409e+01	-1.318831e+02
8.900000e-07	-3.899209e-06	-2.046454e-09	-2.771019e+01	-1.315553e+02
9.000000e-07	-3.867484e-06	-2.046450e-09	-2.748473e+01	-1.312177e+02
9.100000e-07	-3.835603e-06	-2.043408e-09	-2.725816e+01	-1.308717e+02
9.200000e-07	-3.803594e-06	-2.035120e-09	-2.703069e+01	-1.305186e+02
9.300000e-07	-3.771399e-06	-2.032469e-09	-2.680189e+01	-1.301600e+02
9.400000e-07	-3.738878e-06	-2.036268e-09	-2.657077e+01	-1.297973e+02
9.500000e-07	-3.705976e-06	-2.037866e-09	-2.633696e+01	-1.294322e+02
9.600000e-07	-3.672650e-06	-2.027398e-09	-2.610012e+01	-1.290659e+02
9.700000e-07	-3.638923e-06	-2.015923e-09	-2.586044e+01	-1.286997e+02
9.800000e-07	-3.604782e-06	-2.005525e-09	-2.561781e+01	-1.283344e+02
9.900000e-07	-3.570238e-06	-1.999306e-09	-2.537232e+01	-1.279706e+02
1.000000e-06	-3.535327e-06	-1.988730e-09	-2.512422e+01	-1.276086e+02
1.010000e-06	-3.500072e-06	-1.984706e-09	-2.487367e+01	-1.272484e+02
1.020000e-06	-3.464615e-06	-1.982808e-09	-2.462169e+01	-1.268897e+02
1.030000e-06	-3.428935e-06	-1.984620e-09	-2.436813e+01	-1.265320e+02
1.040000e-06	-3.393086e-06	-1.977279e-09	-2.411337e+01	-1.261744e+02
1.050000e-06	-3.357148e-06	-1.970275e-09	-2.385797e+01	-1.258161e+02
1.060000e-06	-3.321049e-06	-1.958909e-09	-2.360143e+01	-1.254561e+02
1.070000e-06	-3.284748e-06	-1.953370e-09	-2.334345e+01	-1.250933e+02
1.080000e-06	-3.248158e-06	-1.942962e-09	-2.308342e+01	-1.247269e+02
1.090000e-06	-3.211380e-06	-1.936555e-09	-2.282205e+01	-1.243559e+02
1.100000e-06	-3.174421e-06	-1.932306e-09	-2.255940e+01	-1.239796e+02
1.110000e-06	-3.137124e-06	-1.932980e-09	-2.229434e+01	-1.235975e+02
1.120000e-06	-3.099582e-06	-1.927009e-09	-2.202755e+01	-1.232091e+02
1.130000e-06	-3.061870e-06	-1.916729e-09	-2.175954e+01	-1.228143e+02
1.140000e-06	-3.023949e-06	-1.904639e-09	-2.149005e+01	-1.224130e+02
1.150000e-06	-2.985810e-06	-1.900431e-09	-2.121901e+01	-1.220055e+02
1.160000e-06	-2.947545e-06	-1.896000e-09	-2.094707e+01	-1.215919e+02
1.170000e-06	-2.909125e-06	-1.888324e-09	-2.067404e+01	-1.211727e+02
1.180000e-06	-2.870430e-06	-1.876378e-09	-2.039905e+01	-1.207482e+02
1.190000e-06	-2.831623e-06	-1.866458e-09	-2.012326e+01	-1.203188e+02
1.200000e-06	-2.792694e-06	-1.859990e-09	-1.984661e+01	-1.198850e+02
1.210000e-06	-2.753414e-06	-1.853171e-09	-1.956746e+01	-1.194468e+02
1.220000e-06	-2.713894e-06	-1.845372e-09	-1.928661e+01	-1.190045e+02
1.230000e-06	-2.674251e-06	-1.838907e-09	-1.900488e+01	-1.185582e+02
1.240000e-06	-2.634475e-06	-1.835522e-09	-1.872221e+01	-1.181077e+02
1.250000e-06	-2.594641e-06	-1.832268e-09	-1.843912e+01	-1.176528e+02
1.260000e-06	-2.554700e-06	-1.826924e-09	-1.815527e+01	-1.171933e+02
1.270000e-06	-2.514611e-06	-1.814473e-09	-1.787038e+01	-1.167286e+02
1.280000e-06	-2.474446e-06	-1.802072e-09	-1.758494e+01	-1.162584e+02
1.290000e-06	-2.434195e-06	-1.789053e-09	-1.729889e+01	-1.157823e+02
1.300000e-06	-2.393793e-06	-1.779149e-09	-1.701177e+01	-1.152998e+02
1.310000e-06	-2.353271e-06	-1.768346e-09	-1.672379e+01	-1.148106e+02
1.320000e-06	-2.312633e-06	-1.762981e-09	-1.643500e+01	-1.143144e+02
1.330000e-06	-2.271715e-06	-1.760907e-09	-1.614421e+01	-1.138112e+02
1.340000e-06	-2.230448e-06	-1.760167e-09	-1.585094e+01	-1.133011e+02
1.350000e-06	-2.188810e-06	-1.754008e-09	-1.555503e+01	-1.127843e+02
1.360000e-06	-2.146774e-06	-1.742997e-09	-1.525630e+01	-1.122612e+02
1.370000e-06	-2.104376e-06	-1.726664e-09	-1.495499e+01	-1.117322e+02
1.380000e-06	-2.061624e-06	-1.712670e-09	-1.465117e+01	-1.111981e+02
1.390000e-06	-2.018810e-06	-1.700474e-09	-1.434691e+01	-1.106594e+02
1.400000e-06	-1.976004e-06	-1.691619e-09	-1.404270e+01	-1.101170e+02
1.410000e-06	-1.933021e-06	-1.684517e-09	-1.373724e+01	-1.095714e+02
1.420000e-06	-1.889742e-06	-1.682352e-09	-1.342968e+01	-1.090232e+02
1.430000e-06	-1.846193e-06	-1.681739e-09	-1.312019e+01	-1.084728e+02
1.440000e-06	-1.802562e-06	-1.676774e-09	-1.281012e+01	-1.079204e+02
1.450000e-06	-1.758861e-06	-1.663647e-09	-1.249955e+01	-1.073661e+02
1.460000e-06	-1.715053e-06	-1.648536e-09	-1.218823e+01	-1.068094e+02
1.470000e-06	-1.671204e-06	-1.635245e-09	-1.187661e+01	-1.062498e+02
1.480000e-06	-1.627352e-06	-1.624767e-09	-1.156497e+01	-1.056864e+02
1.490000e-06	-1.583419e-06	-1.618520e-09	-1.125275e+01	-1.051182e+02
1.500000e-06	-1.539383e-06	-1.616182e-09	-1.093981e+01	-1.045437e+02
1.510000e-06	-1.495301e-06	-1.615923e-09	-1.062654e+01	-1.039615e+02
1.520000e-06	-1.451178e-06	-1.608887e-09	-1.031297e+01	-1.033697e+02
1.530000e-06	-1.406904e-06	-1.592326e-09	-9.998332e+00	-1.027668e+02
1.540000e-06	-1.362546e-06	-1.574902e-09	-9.683096e+00	-1.021509e+02
1.550000e-06	-1.318212e-06	-1.559085e-09	-9.368029e+00	-1.015204e+02
1.560000e-06	-1.273780e-06	-1.546183e-09	-9.052266e+00	-1.008737e+02
1.570000e-06	-1.229252e-06	-1.540188e-09	-8.735824e+00	-1.002096e+02
1.580000e-06	-1.184690e-06	-1.537251e-09	-8.419140e+00	-9.952706e+01
1.590000e-06	-1.139996e-06	-1.533405e-09	-8.101514e+00	-9.882526e+01
1.600000e-06	-1.095218e-06	-1.523146e-09	-7.783296e+00	-9.810380e+01
1.610000e-06	-1.050384e-06	-1.507721e-09	-7.464679e+00	-9.736259e+01
1.620000e-06	-1.005424e-06	-1.488896e-09	-7.145162e+00	-9.660183e+01
1.630000e-06	-9.603432e-07	-1.471795e-09	-6.824792e+00	-9.582202e+01
1.640000e-06	-9.151835e-07	-1.458479e-09	-6.503860e+00	-9.502389e+01
1.650000e-06	-8.699347e-07	-1.449325e-09	-6.182293e+00	-9.420836e+01
1.660000e-06	-8.246323e-07	-1.441553e-09	-5.860346e+00	-9.337643e+01
1.670000e-06	-7.793507e-07	-1.436233e-09	-5.538547e+00	-9.252917e+01
1.680000e-06	-7.339374e-07	-1.426186e-09	-5.215812e+00	-9.166755e+01
1.690000e-06	-6.883625e-07	-1.409026e-09	-4.891929e+00	-9.079246e+01
1.700000e-06	-6.427834e-07	-1.388760e-09	-4.568016e+00	-8.990456e+01
1.710000e-06	-5.972408e-07	-1.371004e-09	-4.244362e+00	-8.900426e+01
1.720000e-06	-5.516624e-07	-1.357382e-09	-3.920454e+00	-8.809166e+01
1.730000e-06	-5.060330e-07	-1.346583e-09	-3.596183e+00	-8.716651e+01
1.740000e-06	-4.604260e-07	-1.334544e-09	-3.272071e+00	-8.622820e+01
1.750000e-06	-4.147849e-07	-1.323209e-09	-2.947717e+00	-8.527574e+01
1.760000e-06	-3.690093e-07	-1.309195e-09	-2.622408e+00	-8.430782e+01
1.770000e-06	-3.231861e-07	-1.290327e-09	-2.296760e+00	-8.332282e+01
1.780000e-06	-2.774253e-07	-1.270573e-09	-1.971556e+00	-8.231882e+01
1.790000e-06	-2.316488e-07	-1.252376e-09	-1.646239e+00	-8.129375e+01
1.800000e-06	-1.857932e-07	-1.234406e-09	-1.320361e+00	-8.024537e+01
1.810000e-06	-1.398810e-07	-1.216316e-09	-9.940808e-01	-7.917139e+01
1.820000e-06	-9.397340e-08	-1.199746e-09	-6.678330e-01	-7.806953e+01
1.830000e-06	-4.812619e-08	-1.182494e-09	-3.420144e-01	-7.693761e+01
1.840000e-06	-2.369736e-09	-1.163427e-09	-1.684081e-02	-7.577355e+01
1.850000e-06	4.335299e-08	-1.144204e-09	3.080931e-01	-7.457550e+01
1.860000e-06	8.909342e-08	-1.126609e-09	6.331529e-01	-7.334183e+01
1.870000e-06	1.349004e-07	-1.110218e-09	9.586853e-01	-7.207116e+01
1.880000e-06	1.807621e-07	-1.094128e-09	1.284607e+00	-7.076239e+01
1.890000e-06	2.266249e-07	-1.073445e-09	1.610537e+00	-6.941467e+01
1.900000e-06	2.724324e-07	-1.047510e-09	1.936073e+00	-6.802739e+01
1.910000e-06	3.181519e-07	-1.019560e-09	2.260984e+00	-6.660016e+01
1.920000e-06	3.638461e-07	-9.915660e-10	2.585715e+00	-6.513275e+01
1.930000e-06	4.094987e-07	-9.639277e-10	2.910151e+00	-6.362505e+01
1.940000e-06	4.551014e-07	-9.390824e-10	3.234232e+00	-6.207703e+01
1.950000e-06	5.007496e-07	-9.181930e-10	3.558636e+00	-6.048868e+01
1.960000e-06	5.463043e-07	-9.002670e-10	3.882376e+00	-5.885994e+01
1.970000e-06	5.917803e-07	-8.772230e-10	4.205556e+00	-5.719071e+01
1.980000e-06	6.373481e-07	-8.478036e-10	4.529389e+00	-5.548075e+01
1.990000e-06	6.828561e-07	-8.165324e-10	4.852797e+00	-5.372972e+01
2.000000e-06	7.282463e-07	-7.857403e-10	5.175368e+00	-5.193715e+01
2.010000e-06	7.736243e-07	-7.535769e-10	5.497852e+00	-5.010241e+01
2.020000e-06	8.190151e-07	-7.209643e-10	5.820427e+00	-4.822477e+01
2.030000e-06	8.643243e-07	-6.921300e-10	6.142423e+00	-4.630341e+01
2.040000e-06	9.095240e-07	-6.688677e-10	6.463639e+00	-4.433743e+01
2.050000e-06	9.546380e-07	-6.441095e-10	6.784247e+00	-4.232592e+01
2.060000e-06	9.997033e-07	-6.116641e-10	7.104509e+00	-4.026803e+01
2.070000e-06	1.044733e-06	-5.743125e-10	7.424515e+00	-3.816294e+01
2.080000e-06	1.089692e-06	-5.367439e-10	7.744028e+00	-3.600999e+01
2.090000e-06	1.134447e-06	-5.000921e-10	8.062084e+00	-3.380868e+01
2.100000e-06	1.179085e-06	-4.629136e-10	8.379303e+00	-3.155872e+01
2.110000e-06	1.223683e-06	-4.272439e-10	8.696248e+00	-2.926006e+01
2.120000e-06	1.268179e-06	-3.948802e-10	9.012461e+00	-2.691291e+01
2.130000e-06	1.312572e-06	-3.639546e-10	9.327945e+00	-2.451774e+01
2.140000e-06	1.356841e-06	-3.298989e-10	9.642547e+00	-2.207530e+01
2.150000e-06	1.401083e-06	-2.933535e-10	9.956959e+00	-1.958661e+01
2.160000e-06	1.445300e-06	-2.560693e-10	1.027119e+01	-1.705293e+01
2.170000e-06	1.489414e-06	-2.161122e-10	1.058470e+01	-1.447573e+01
2.180000e-06	1.533470e-06	-1.762464e-10	1.089779e+01	-1.185671e+01
2.190000e-06	1.577463e-06	-1.363750e-10	1.121043e+01	-9.197693e+00
2.200000e-06	1.621357e-06	-9.773912e-11	1.152237e+01	-6.500677e+00
2.210000e-06	1.665208e-06	-6.129583e-11	1.183399e+01	-3.767746e+00
2.220000e-06	1.709016e-06	-2.143507e-11	1.214533e+01	-1.001075e+00
2.230000e-06	1.752736e-06	2.323229e-11	1.245603e+01	1.797097e+00
2.240000e-06	1.796371e-06	7.047027e-11	1.276612e+01	4.624473e+00
2.250000e-06	1.839936e-06	1.143257e-10	1.307572e+01	7.478708e+00
2.260000e-06	1.883422e-06	1.573685e-10	1.338476e+01	1.035740e+01
2.270000e-06	1.926739e-06	2.042068e-10	1.369260e+01	1.325809e+01
2.280000e-06	1.969870e-06	2.499797e-10	1.399912e+01	1.617824e+01
2.290000e-06	2.012870e-06	2.927254e-10	1.430469e+01	1.911521e+01
2.300000e-06	2.055638e-06	3.344840e-10	1.460863e+01	2.206625e+01
2.310000e-06	2.098135e-06	3.768160e-10	1.491064e+01	2.502849e+01
2.320000e-06	2.140319e-06	4.228687e-10	1.521043e+01	2.799887e+01
2.330000e-06	2.182198e-06	4.683487e-10	1.550805e+01	3.097421e+01
2.340000e-06	2.223850e-06	5.113890e-10	1.580406e+01	3.395114e+01
2.350000e-06	2.265335e-06	5.535796e-10	1.609887e+01	3.692613e+01
2.360000e-06	2.306535e-06	5.971860e-10	1.639166e+01	3.989549e+01
2.370000e-06	2.347395e-06	6.425159e-10	1.668204e+01	4.285540e+01
2.380000e-06	2.387989e-06	6.864089e-10	1.697053e+01	4.580195e+01
2.390000e-06	2.428384e-06	7.283601e-10	1.725760e+01	4.873114e+01
2.400000e-06	2.468653e-06	7.697915e-10	1.754377e+01	5.163897e+01
2.410000e-06	2.508759e-06	8.116820e-10	1.782879e+01	5.452146e+01
2.420000e-06	2.548786e-06	8.558450e-10	1.811324e+01	5.737470e+01
2.430000e-06	2.588752e-06	9.022327e-10	1.839727e+01	6.019493e+01
2.440000e-06	2.628619e-06	9.460305e-10	1.868059e+01	6.297857e+01
2.450000e-06	2.668376e-06	9.852751e-10	1.896313e+01	6.572226e+01
2.460000e-06	2.708041e-06	1.024139e-09	1.924501e+01	6.842290e+01
2.470000e-06	2.747505e-06	1.061450e-09	1.952546e+01	7.107769e+01
2.480000e-06	2.786733e-06	1.095768e-09	1.980425e+01	7.368416e+01
2.490000e-06	2.825745e-06	1.131217e-09	2.008149e+01	7.624014e+01
2.500000e-06	2.864548e-06	1.171281e-09	2.035725e+01	7.874379e+01
2.510000e-06	2.903161e-06	1.214962e-09	2.063166e+01	8.119357e+01
2.520000e-06	2.941554e-06	1.259500e-09	2.090450e+01	8.358825e+01
2.530000e-06	2.979769e-06	1.301808e-09	2.117608e+01	8.592682e+01
2.540000e-06	3.017864e-06	1.338619e-09	2.144681e+01	8.820851e+01
2.550000e-06	3.055790e-06	1.368931e-09	2.171633e+01	9.043276e+01
2.560000e-06	3.093447e-06	1.392910e-09	2.198395e+01	9.259912e+01
2.570000e-06	3.130873e-06	1.416486e-09	2.224992e+01	9.470727e+01
2.580000e-06	3.168094e-06	1.444256e-09	2.251443e+01	9.675698e+01
2.590000e-06	3.205054e-06	1.477988e-09	2.277710e+01	9.874807e+01
2.600000e-06	3.241731e-06	1.514608e-09	2.303774e+01	1.006804e+02
2.610000e-06	3.278148e-06	1.550535e-09	2.329654e+01	1.025539e+02
2.620000e-06	3.314416e-06	1.582032e-09	2.355429e+01	1.043684e+02
2.630000e-06	3.350599e-06	1.608010e-09	2.381143e+01	1.061240e+02
2.640000e-06	3.386629e-06	1.630086e-09	2.406747e+01	1.078207e+02
2.650000e-06	3.422509e-06	1.650379e-09	2.432247e+01	1.094586e+02
2.660000e-06	3.458214e-06	1.668928e-09	2.457621e+01	1.110380e+02
2.670000e-06	3.493666e-06	1.687944e-09	2.482815e+01	1.125593e+02
2.680000e-06	3.528869e-06	1.709926e-09	2.507833e+01	1.140230e+02
2.690000e-06	3.563780e-06	1.734924e-09	2.532642e+01	1.154299e+02
2.700000e-06	3.598334e-06	1.760301e-09	2.557198e+01	1.167811e+02
2.710000e-06	3.632447e-06	1.783888e-09	2.581441e+01	1.180776e+02
2.720000e-06	3.666030e-06	1.803824e-09	2.605307e+01	1.193211e+02
2.730000e-06	3.699124e-06	1.822228e-09	2.628826e+01	1.205132e+02
2.740000e-06	3.731898e-06	1.839541e-09	2.652117e+01	1.216558e+02
2.750000e-06	3.764397e-06	1.853975e-09	2.675213e+01	1.227509e+02
2.760000e-06	3.796607e-06	1.868162e-09	2.698104e+01	1.238008e+02
2.770000e-06	3.828711e-06	1.882222e-09	2.720919e+01	1.248077e+02
2.780000e-06	3.860659e-06	1.898189e-09	2.743623e+01	1.257741e+02
2.790000e-06	3.892332e-06	1.915097e-09	2.766131e+01	1.267023e+02
2.800000e-06	3.923828e-06	1.926933e-09	2.788515e+01	1.275945e+02
2.810000e-06	3.955158e-06	1.933601e-09	2.810779e+01	1.284528e+02
2.820000e-06	3.986149e-06	1.942841e-09	2.832804e+01	1.292793e+02
2.830000e-06	4.016781e-06	1.957075e-09	2.854572e+01	1.300758e+02
2.840000e-06	4.047190e-06	1.970976e-09	2.876184e+01	1.308437e+02
2.850000e-06	4.077375e-06	1.982837e-09	2.897635e+01	1.315844e+02
2.860000e-06	4.107371e-06	1.994273e-09	2.918952e+01	1.322989e+02
2.870000e-06	4.137195e-06	2.004753e-09	2.940146e+01	1.329881e+02
2.880000e-06	4.166648e-06	2.013331e-09	2.961077e+01	1.336526e+02
2.890000e-06	4.195802e-06	2.018438e-09	2.981796e+01	1.342928e+02
2.900000e-06	4.224717e-06	2.026416e-09	3.002345e+01	1.349089e+02
2.910000e-06	4.253243e-06	2.040129e-09	3.022617e+01	1.355012e+02
2.920000e-06	4.281476e-06	2.052736e-09	3.042682e+01	1.360698e+02
2.930000e-06	4.309513e-06	2.060718e-09	3.062606e+01	1.366148e+02
2.940000e-06	4.337394e-06	2.066411e-09	3.082420e+01	1.371365e+02
2.950000e-06	4.365130e-06	2.071336e-09	3.102131e+01	1.376352e+02
2.960000e-06	4.392596e-06	2.077575e-09	3.121650e+01	1.381113e+02
2.970000e-06	4.419719e-06	2.083435e-09	3.140925e+01	1.385654e+02
2.980000e-06	4.446422e-06	2.085960e-09	3.159902e+01	1.389981e+02
2.990000e-06	4.472623e-06	2.089675e-09	3.178522e+01	1.394104e+02
3.000000e-06	4.498287e-06	2.097196e-09	3.196761e+01	1.398032e+02
3.010000e-06	4.523408e-06	2.105050e-09	3.214613e+01	1.401777e+02
3.020000e-06	4.548122e-06	2.112687e-09	3.232176e+01	1.405349e+02
3.030000e-06	4.572495e-06	2.120613e-09	3.249497e+01	1.408760e+02
3.040000e-06	4.596523e-06	2.127218e-09	3.266573e+01	1.412022e+02
3.050000e-06	4.620271e-06	2.132512e-09	3.283450e+01	1.415147e+02
3.060000e-06	4.643805e-06	2.136723e-09	3.300175e+01	1.418142e+02
3.070000e-06	4.667105e-06	2.139779e-09	3.316733e+01	1.421017e+02
3.080000e-06	4.690099e-06	2.142053e-09	3.333074e+01	1.423778e+02
3.090000e-06	4.712748e-06	2.145205e-09	3.349170e+01	1.426429e+02
3.100000e-06	4.735050e-06	2.147833e-09	3.365019e+01	1.428973e+02
3.110000e-06	4.757059e-06	2.150347e-09	3.380660e+01	1.431409e+02
3.120000e-06	4.778771e-06	2.153715e-09	3.396090e+01	1.433737e+02
3.130000e-06	4.800104e-06	2.158174e-09	3.411250e+01	1.435955e+02
3.140000e-06	4.821075e-06	2.164634e-09	3.426154e+01	1.438059e+02
3.150000e-06	4.841760e-06	2.171667e-09	3.440854e+01	1.440045e+02
3.160000e-06	4.862121e-06	2.176879e-09	3.455324e+01	1.441911e+02
3.170000e-06	4.882190e-06	2.179482e-09	3.469586e+01	1.443653e+02
3.180000e-06	4.902100e-06	2.177172e-09	3.483735e+01	1.445271e+02
3.190000e-06	4.921787e-06	2.173200e-09	3.497726e+01	1.446764e+02
3.200000e-06	4.941188e-06	2.172130e-09	3.511514e+01	1.448136e+02
3.210000e-06	4.960288e-06	2.174018e-09	3.525087e+01	1.449392e+02
3.220000e-06	4.978969e-06	2.178190e-09	3.538363e+01	1.450539e+02
3.230000e-06	4.997196e-06	2.185511e-09	3.551316e+01	1.451588e+02
3.240000e-06	5.015014e-06	2.192827e-09	3.563979e+01	1.452548e+02
3.250000e-06	5.032424e-06	2.196214e-09	3.576352e+01	1.453435e+02
3.260000e-06	5.049517e-06	2.195053e-09	3.588499e+01	1.454262e+02
3.270000e-06	5.066450e-06	2.189697e-09	3.600532e+01	1.455044e+02
3.280000e-06	5.083059e-06	2.186065e-09	3.612336e+01	1.455796e+02
3.290000e-06	5.099293e-06	2.187397e-09	3.623873e+01	1.456529e+02
3.300000e-06	5.115087e-06	2.191687e-09	3.635097e+01	1.457256e+02
3.310000e-06	5.130297e-06	2.198248e-09	3.645906e+01	1.457986e+02
3.320000e-06	5.145032e-06	2.208480e-09	3.656378e+01	1.458724e+02
3.330000e-06	5.159390e-06	2.217259e-09	3.666582e+01	1.459472e+02
3.340000e-06	5.173410e-06	2.217379e-09	3.676544e+01	1.460229e+02
3.350000e-06	5.187087e-06	2.209207e-09	3.686264e+01	1.460990e+02
3.360000e-06	5.200386e-06	2.202628e-09	3.695716e+01	1.461748e+02
3.370000e-06	5.213321e-06	2.199632e-09	3.704908e+01	1.462491e+02
3.380000e-06	5.225839e-06	2.197015e-09	3.713804e+01	1.463205e+02
3.390000e-06	5.237894e-06	2.199061e-09	3.722371e+01	1.463877e+02
3.400000e-06	5.249615e-06	2.206947e-09	3.730701e+01	1.464491e+02
3.410000e-06	5.260904e-06	2.214532e-09	3.738724e+01	1.465032e+02
3.420000e-06	5.271698e-06	2.215128e-09	3.746394e+01	1.465487e+02
3.430000e-06	5.282012e-06	2.209764e-09	3.753724e+01	1.465845e+02
3.440000e-06	5.291665e-06	2.205781e-09	3.760584e+01	1.466098e+02
3.450000e-06	5.300698e-06	2.205421e-09	3.767003e+01	1.466241e+02
3.460000e-06	5.309277e-06	2.206273e-09	3.773100e+01	1.466274e+02
3.470000e-06	5.317496e-06	2.207514e-09	3.778941e+01	1.466203e+02
3.480000e-06	5.325469e-06	2.211098e-09	3.784607e+01	1.466035e+02
3.490000e-06	5.333182e-06	2.214886e-09	3.790089e+01	1.465782e+02
3.500000e-06	5.340607e-06	2.213806e-09	3.795365e+01	1.465461e+02
3.510000e-06	5.347725e-06	2.209288e-09	3.800423e+01	1.465089e+02
3.520000e-06	5.354516e-06	2.206790e-09	3.805249e+01	1.464685e+02
3.530000e-06	5.360886e-06	2.206124e-09	3.809777e+01	1.464268e+02
3.540000e-06	5.366851e-06	2.206399e-09	3.814016e+01	1.463857e+02
3.550000e-06	5.372370e-06	2.206425e-09	3.817938e+01	1.463466e+02
3.560000e-06	5.377465e-06	2.206784e-09	3.821559e+01	1.463108e+02
3.570000e-06	5.382281e-06	2.207044e-09	3.824982e+01	1.462788e+02
3.580000e-06	5.386821e-06	2.203971e-09	3.828208e+01	1.462509e+02
3.590000e-06	5.391032e-06	2.200309e-09	3.831200e+01	1.462265e+02
3.600000e-06	5.394969e-06	2.200610e-09	3.833998e+01	1.462045e+02
3.610000e-06	5.398683e-06	2.203846e-09	3.836638e+01	1.461832e+02
3.620000e-06	5.402092e-06	2.205174e-09	3.839061e+01	1.461604e+02
3.630000e-06	5.405131e-06	2.203547e-09	3.841220e+01	1.461333e+02
3.640000e-06	5.407614e-06	2.202079e-09	3.842984e+01	1.460989e+02
3.650000e-06	5.409486e-06	2.200879e-09	3.844315e+01	1.460541e+02
3.660000e-06	5.410743e-06	2.197849e-09	3.845208e+01	1.459956e+02
3.670000e-06	5.411441e-06	2.193370e-09	3.845704e+01	1.459204e+02
3.680000e-06	5.411789e-06	2.190793e-09	3.845951e+01	1.458261e+02
3.690000e-06	5.411857e-06	2.192592e-09	3.846000e+01	1.457106e+02
3.700000e-06	5.411635e-06	2.196495e-09	3.845842e+01	1.455727e+02
3.710000e-06	5.411194e-06	2.196598e-09	3.845529e+01	1.454120e+02
3.720000e-06	5.410453e-06	2.193667e-09	3.845002e+01	1.452294e+02
3.730000e-06	5.409328e-06	2.191486e-09	3.844203e+01	1.450264e+02
3.740000e-06	5.407802e-06	2.183654e-09	3.843118e+01	1.448060e+02
3.750000e-06	5.405834e-06	2.161294e-09	3.841720e+01	1.445720e+02
3.760000e-06	5.403531e-06	2.139701e-09	3.840083e+01	1.443292e+02
3.770000e-06	5.400961e-06	2.154546e-09	3.838257e+01	1.440832e+02
3.780000e-06	5.398052e-06	2.211680e-09	3.836189e+01	1.438403e+02
3.790000e-06	5.394712e-06	2.210117e-09	3.833815e+01	1.436071e+02
3.800000e-06	5.390924e-06	2.073645e-09	3.831123e+01	1.433902e+02
3.810000e-06	5.386820e-06	2.070483e-09	3.828207e+01	1.431963e+02
3.820000e-06	5.382489e-06	2.199839e-09	3.825129e+01	1.430316e+02
3.830000e-06	5.377803e-06	2.179556e-09	3.821799e+01	1.429014e+02
3.840000e-06	5.372643e-06	2.045518e-09	3.818132e+01	1.428105e+02
3.850000e-06	5.366976e-06	2.010990e-09	3.814104e+01	1.427620e+02
3.860000e-06	5.360828e-06	2.240399e-09	3.809735e+01	1.427581e+02
3.870000e-06	5.354185e-06	2.241259e-09	3.805014e+01	1.427993e+02
3.880000e-06	5.347196e-06	2.020918e-09	3.800048e+01	1.428845e+02
3.890000e-06	5.339766e-06	2.012939e-09	3.794767e+01	1.430114e+02
3.900000e-06	5.331799e-06	2.224317e-09	3.789106e+01	1.431760e+02
3.910000e-06	5.323564e-06	2.207111e-09	3.783253e+01	1.433728e+02
3.920000e-06	5.315077e-06	1.954509e-09	3.777222e+01	1.435955e+02
3.930000e-06	5.306252e-06	2.046266e-09	3.770950e+01	1.438367e+02
3.940000e-06	5.297139e-06	2.258400e-09	3.764474e+01	1.440883e+02
3.950000e-06	5.287773e-06	2.187843e-09	3.757818e+01	1.443418e+02
3.960000e-06	5.278033e-06	1.984633e-09	3.750896e+01	1.445889e+02
3.970000e-06	5.267736e-06	2.152881e-09	3.743579e+01	1.448213e+02
3.980000e-06	5.256988e-06	2.313855e-09	3.735940e+01	1.450313e+02
3.990000e-06	5.245928e-06	2.172119e-09	3.728081e+01	1.452121e+02
4.000000e-06	5.234528e-06	2.097049e-09	3.719979e+01	1.453581e+02
4.010000e-06	5.222772e-06	2.306159e-09	3.711624e+01	1.454646e+02
4.020000e-06	5.210508e-06	2.332800e-09	3.702909e+01	1.455285e+02
4.030000e-06	5.197762e-06	2.143912e-09	3.693851e+01	1.455482e+02
4.040000e-06	5.184662e-06	2.162855e-09	3.684541e+01	1.455235e+02
4.050000e-06	5.171162e-06	2.307582e-09	3.674947e+01	1.454555e+02
4.060000e-06	5.157098e-06	2.214445e-09	3.664952e+01	1.453467e+02
4.070000e-06	5.142340e-06	2.140472e-09	3.654465e+01	1.452006e+02
4.080000e-06	5.126988e-06	2.255720e-09	3.643554e+01	1.450217e+02
4.090000e-06	5.111315e-06	2.272325e-09	3.632416e+01	1.448151e+02
4.100000e-06	5.095344e-06	2.174534e-09	3.621066e+01	1.445864e+02
4.110000e-06	5.079092e-06	2.202963e-09	3.609516e+01	1.443413e+02
4.120000e-06	5.062589e-06	2.236742e-09	3.597788e+01	1.440854e+02
4.130000e-06	5.045765e-06	2.140062e-09	3.585833e+01	1.438239e+02
4.140000e-06	5.028598e-06	2.153145e-09	3.573632e+01	1.435615e+02
4.150000e-06	5.010971e-06	2.228925e-09	3.561106e+01	1.433021e+02
4.160000e-06	4.992956e-06	2.198805e-09	3.548303e+01	1.430489e+02
4.170000e-06	4.974695e-06	2.142928e-09	3.535326e+01	1.428039e+02
4.180000e-06	4.956154e-06	2.205784e-09	3.522149e+01	1.425684e+02
4.190000e-06	4.937287e-06	2.202182e-09	3.508741e+01	1.423426e+02
4.200000e-06	4.918087e-06	2.156421e-09	3.495096e+01	1.421259e+02
4.210000e-06	4.898525e-06	2.142699e-09	3.481194e+01	1.419169e+02
4.220000e-06	4.878673e-06	2.163497e-09	3.467086e+01	1.417136e+02
4.230000e-06	4.858640e-06	2.158704e-09	3.452850e+01	1.415135e+02
4.240000e-06	4.838379e-06	2.176734e-09	3.438451e+01	1.413140e+02
4.250000e-06	4.817807e-06	2.159147e-09	3.423831e+01	1.411123e+02
4.260000e-06	4.796841e-06	2.150591e-09	3.408931e+01	1.409056e+02
4.270000e-06	4.775373e-06	2.154547e-09	3.393675e+01	1.406917e+02
4.280000e-06	4.753350e-06	2.151511e-09	3.378024e+01	1.404685e+02
4.290000e-06	4.730757e-06	2.121128e-09	3.361968e+01	1.402346e+02
4.300000e-06	4.707731e-06	2.122145e-09	3.345605e+01	1.399891e+02
4.310000e-06	4.684283e-06	2.123616e-09	3.328941e+01	1.397317e+02
4.320000e-06	4.660492e-06	2.130030e-09	3.312034e+01	1.394629e+02
4.330000e-06	4.636478e-06	2.126062e-09	3.294968e+01	1.391837e+02
4.340000e-06	4.612231e-06	2.099484e-09	3.277736e+01	1.388955e+02
4.350000e-06	4.587785e-06	2.080979e-09	3.260364e+01	1.386002e+02
4.360000e-06	4.563064e-06	2.100589e-09	3.242795e+01	1.383002e+02
4.370000e-06	4.538016e-06	2.094457e-09	3.224995e+01	1.379976e+02
4.380000e-06	4.512631e-06	2.070546e-09	3.206954e+01	1.376949e+02
4.390000e-06	4.486847e-06	2.085045e-09	3.188631e+01	1.373943e+02
4.400000e-06	4.460705e-06	2.104905e-09	3.170053e+01	1.370977e+02
4.410000e-06	4.434328e-06	2.095761e-09	3.151308e+01	1.368069e+02
4.420000e-06	4.407686e-06	2.071910e-09	3.132374e+01	1.365228e+02
4.430000e-06	4.380693e-06	2.058077e-09	3.113191e+01	1.362461e+02
4.440000e-06	4.353366e-06	2.055725e-09	3.093771e+01	1.359770e+02
4.450000e-06	4.325700e-06	2.066372e-09	3.074110e+01	1.357150e+02
4.460000e-06	4.297801e-06	2.056855e-09	3.054283e+01	1.354592e+02
4.470000e-06	4.269792e-06	2.054306e-09	3.034378e+01	1.352082e+02
4.480000e-06	4.241631e-06	2.064446e-09	3.014365e+01	1.349601e+02
4.490000e-06	4.213237e-06	2.076139e-09	2.994186e+01	1.347132e+02
4.500000e-06	4.184501e-06	2.059504e-09	2.973765e+01	1.344652e+02
4.510000e-06	4.155392e-06	2.042911e-09	2.953078e+01	1.342139e+02
4.520000e-06	4.125899e-06	2.029783e-09	2.932119e+01	1.339573e+02
4.530000e-06	4.095994e-06	2.037597e-09	2.910866e+01	1.336935e+02
4.540000e-06	4.065554e-06	2.040235e-09	2.889234e+01	1.334209e+02
4.550000e-06	4.034554e-06	2.035389e-09	2.867203e+01	1.331383e+02
4.560000e-06	4.003181e-06	2.026858e-09	2.844908e+01	1.328449e+02
4.570000e-06	3.971503e-06	2.034974e-09	2.822395e+01	1.325403e+02
4.580000e-06	3.939596e-06	2.034760e-09	2.799720e+01	1.322245e+02
4.590000e-06	3.907585e-06	2.023255e-09	2.776971e+01	1.318981e+02
4.600000e-06	3.875425e-06	2.006421e-09	2.754116e+01	1.315618e+02
4.610000e-06	3.843080e-06	2.007517e-09	2.731130e+01	1.312169e+02
4.620000e-06	3.810563e-06	2.010277e-09	2.708021e+01	1.308646e+02
4.630000e-06	3.777721e-06	2.001520e-09	2.684682e+01	1.305065e+02
4.640000e-06	3.744479e-06	1.986740e-09	2.661058e+01	1.301442e+02
4.650000e-06	3.711006e-06	1.985913e-09	2.637270e+01	1.297791e+02
4.660000e-06	3.677267e-06	1.989989e-09	2.613293e+01	1.294126e+02
4.670000e-06	3.643239e-06	1.984963e-09	2.589111e+01	1.290460e+02
4.680000e-06	3.608998e-06	1.973574e-09	2.564777e+01	1.286802e+02
4.690000e-06	3.574539e-06	1.968635e-09	2.540288e+01	1.283159e+02
4.700000e-06	3.539870e-06	1.971506e-09	2.515650e+01	1.279533e+02
4.710000e-06	3.504972e-06	1.966074e-09	2.490850e+01	1.275926e+02
4.720000e-06	3.469868e-06	1.954077e-09	2.465903e+01	1.272334e+02
4.730000e-06	3.434562e-06	1.944391e-09	2.440812e+01	1.268753e+02
4.740000e-06	3.398975e-06	1.944656e-09	2.415521e+01	1.265175e+02
4.750000e-06	3.363135e-06	1.943636e-09	2.390051e+01	1.261591e+02
4.760000e-06	3.327183e-06	1.938050e-09	2.364502e+01	1.257992e+02
4.770000e-06	3.291140e-06	1.928374e-09	2.338887e+01	1.254367e+02
4.780000e-06	3.254922e-06	1.926471e-09	2.313149e+01	1.250707e+02
4.790000e-06	3.218551e-06	1.921581e-09	2.287301e+01	1.247002e+02
4.800000e-06	3.182020e-06	1.913539e-09	2.261340e+01	1.243246e+02
4.810000e-06	3.145212e-06	1.899073e-09	2.235182e+01	1.239432e+02
4.820000e-06	3.108005e-06	1.895420e-09	2.208740e+01	1.235556e+02
4.830000e-06	3.070441e-06	1.895149e-09	2.182045e+01	1.231616e+02
4.840000e-06	3.032525e-06	1.893404e-09	2.155100e+01	1.227611e+02
4.850000e-06	2.994139e-06	1.884170e-09	2.127820e+01	1.223543e+02
4.860000e-06	2.955351e-06	1.876976e-09	2.100255e+01	1.219415e+02
4.870000e-06	2.916377e-06	1.872031e-09	2.072557e+01	1.215229e+02
4.880000e-06	2.877104e-06	1.866139e-09	2.044648e+01	1.210990e+02
4.890000e-06	2.837493e-06	1.853387e-09	2.016498e+01	1.206702e+02
4.900000e-06	2.797740e-06	1.843478e-09	1.988247e+01	1.202367e+02
4.910000e-06	2.757881e-06	1.841088e-09	1.959920e+01	1.197990e+02
4.920000e-06	2.717973e-06	1.843656e-09	1.931560e+01	1.193572e+02
4.930000e-06	2.677927e-06	1.839011e-09	1.903100e+01	1.189112e+02
4.940000e-06	2.637771e-06	1.831299e-09	1.874563e+01	1.184612e+02
4.950000e-06	2.597545e-06	1.825615e-09	1.845976e+01	1.180068e+02
4.960000e-06	2.557196e-06	1.819800e-09	1.817302e+01	1.175478e+02
4.970000e-06	2.516706e-06	1.810882e-09	1.788527e+01	1.170837e+02
4.980000e-06	2.476034e-06	1.800933e-09	1.759622e+01	1.166142e+02
4.990000e-06	2.435154e-06	1.793782e-09	1.730571e+01	1.161388e+02
5.000000e-06	2.394083e-06	1.789978e-09	1.701383e+01	1.156571e+02
5.010000e-06	2.352817e-06	1.784738e-09	1.672057e+01	1.151688e+02
5.020000e-06	2.311352e-06	1.772637e-09	1.642590e+01	1.146735e+02
5.030000e-06	2.269668e-06	1.764040e-09	1.612966e+01	1.141713e+02
5.040000e-06	2.227783e-06	1.756640e-09	1.583200e+01	1.136620e+02
5.050000e-06	2.185790e-06	1.747077e-09	1.553358e+01	1.131460e+02
5.060000e-06	2.143751e-06	1.736997e-09	1.523482e+01	1.126236e+02
5.070000e-06	2.101563e-06	1.733524e-09	1.493501e+01	1.120954e+02
5.080000e-06	2.059198e-06	1.729407e-09	1.463393e+01	1.115618e+02
5.090000e-06	2.016740e-06	1.722154e-09	1.433220e+01	1.110236e+02
5.100000e-06	1.974144e-06	1.710750e-09	1.402949e+01	1.104814e+02
5.110000e-06	1.931396e-06	1.702425e-09	1.372569e+01	1.099360e+02
5.120000e-06	1.888478e-06	1.697473e-09	1.342069e+01	1.093880e+02
5.130000e-06	1.845403e-06	1.693734e-09	1.311457e+01	1.088377e+02
5.140000e-06	1.802174e-06	1.685614e-09	1.280736e+01	1.082854e+02
5.150000e-06	1.758767e-06	1.677707e-09	1.249888e+01	1.077311e+02
5.160000e-06	1.715161e-06	1.672827e-09	1.218899e+01	1.071745e+02
5.170000e-06	1.671479e-06	1.665453e-09	1.187857e+01	1.066152e+02
5.180000e-06	1.627772e-06	1.655957e-09	1.156795e+01	1.060523e+02
5.190000e-06	1.583998e-06	1.644343e-09	1.125687e+01	1.054847e+02
5.200000e-06	1.540117e-06	1.635554e-09	1.094502e+01	1.049111e+02
5.210000e-06	1.496098e-06	1.627326e-09	1.063220e+01	1.043300e+02
5.220000e-06	1.452057e-06	1.616052e-09	1.031921e+01	1.037397e+02
5.230000e-06	1.408049e-06	1.608146e-09	1.000646e+01	1.031384e+02
5.240000e-06	1.364028e-06	1.604797e-09	9.693626e+00	1.025245e+02
5.250000e-06	1.319997e-06	1.603267e-09	9.380711e+00	1.018963e+02
5.260000e-06	1.275925e-06	1.596674e-09	9.067510e+00	1.012522e+02
5.270000e-06	1.231748e-06	1.584412e-09	8.753559e+00	1.005908e+02
5.280000e-06	1.187509e-06	1.567564e-09	8.439172e+00	9.991111e+01
5.290000e-06	1.143264e-06	1.552502e-09	8.124738e+00	9.921229e+01
5.300000e-06	1.098974e-06	1.538348e-09	7.809988e+00	9.849385e+01
5.310000e-06	1.054615e-06	1.524151e-09	7.494744e+00	9.775566e+01
5.320000e-06	1.010186e-06	1.514377e-09	7.179009e+00	9.699786e+01
5.330000e-06	9.656643e-07	1.511426e-09	6.862607e+00	9.622091e+01
5.340000e-06	9.210218e-07	1.509761e-09	6.545350e+00	9.542551e+01
5.350000e-06	8.762889e-07	1.498088e-09	6.227450e+00	9.461254e+01
5.360000e-06	8.315333e-07	1.478500e-09	5.909389e+00	9.378301e+01
5.370000e-06	7.866794e-07	1.460932e-09	5.590630e+00	9.293796e+01
5.380000e-06	7.417832e-07	1.445651e-09	5.271570e+00	9.207840e+01
5.390000e-06	6.968311e-07	1.430021e-09	4.952113e+00	9.120523e+01
5.400000e-06	6.517613e-07	1.414634e-09	4.631819e+00	9.031916e+01
5.410000e-06	6.067302e-07	1.404960e-09	4.311800e+00	8.942065e+01
5.420000e-06	5.616632e-07	1.400093e-09	3.991526e+00	8.850984e+01
5.430000e-06	5.165230e-07	1.391490e-09	3.670731e+00	8.758654e+01
5.440000e-06	4.713422e-07	1.375180e-09	3.349649e+00	8.665021e+01
5.450000e-06	4.261605e-07	1.353347e-09	3.028560e+00	8.569993e+01
5.460000e-06	3.809674e-07	1.331489e-09	2.707389e+00	8.473443e+01
5.470000e-06	3.356884e-07	1.314127e-09	2.385609e+00	8.375212e+01
5.480000e-06	2.903410e-07	1.300227e-09	2.063343e+00	8.275116e+01
5.490000e-06	2.449206e-07	1.286194e-09	1.740557e+00	8.172949e+01
5.500000e-06	1.995041e-07	1.274189e-09	1.417800e+00	8.068488e+01
5.510000e-06	1.541209e-07	1.262628e-09	1.095278e+00	7.961506e+01
5.520000e-06	1.086956e-07	1.249390e-09	7.724579e-01	7.851774e+01
5.530000e-06	6.324437e-08	1.231964e-09	4.494535e-01	7.739070e+01
5.540000e-06	1.786935e-08	1.211897e-09	1.269906e-01	7.623187e+01
5.550000e-06	-2.739735e-08	1.190177e-09	-1.947025e-01	7.503934e+01
5.560000e-06	-7.272945e-08	1.169531e-09	-5.168604e-01	7.381144e+01
5.570000e-06	-1.181625e-07	1.149266e-09	-8.397355e-01	7.254675e+01
5.580000e-06	-1.635470e-07	1.130485e-09	-1.162266e+00	7.124413e+01
5.590000e-06	-2.089219e-07	1.112981e-09	-1.484728e+00	6.990268e+01
5.600000e-06	-2.542765e-07	1.094065e-09	-1.807046e+00	6.852175e+01
5.610000e-06	-2.996102e-07	1.072832e-09	-2.129215e+00	6.710093e+01
5.620000e-06	-3.449871e-07	1.049914e-09	-2.451691e+00	6.563996e+01
5.630000e-06	-3.903336e-07	1.026283e-09	-2.773952e+00	6.413871e+01
5.640000e-06	-4.355456e-07	1.003171e-09	-3.095256e+00	6.259715e+01
5.650000e-06	-4.806926e-07	9.802597e-10	-3.416098e+00	6.101525e+01
5.660000e-06	-5.258109e-07	9.574203e-10	-3.736737e+00	5.939298e+01
5.670000e-06	-5.708337e-07	9.343153e-10	-4.056697e+00	5.773024e+01
5.680000e-06	-6.157539e-07	9.067910e-10	-4.375928e+00	5.602682e+01
5.690000e-06	-6.606571e-07	8.749853e-10	-4.695037e+00	5.428240e+01
5.700000e-06	-7.054785e-07	8.435000e-10	-5.013566e+00	5.249652e+01
5.710000e-06	-7.501972e-07	8.153364e-10	-5.331365e+00	5.066859e+01
5.720000e-06	-7.948612e-07	7.921937e-10	-5.648775e+00	4.879789e+01
5.730000e-06	-8.395268e-07	7.703251e-10	-5.966196e+00	4.688361e+01
5.740000e-06	-8.842064e-07	7.470642e-10	-6.283717e+00	4.492485e+01
5.750000e-06	-9.287171e-07	7.213264e-10	-6.600037e+00	4.292073e+01
5.760000e-06	-9.731124e-07	6.914680e-10	-6.915538e+00	4.087036e+01
5.770000e-06	-1.017453e-06	6.552167e-10	-7.230651e+00	3.877291e+01
5.780000e-06	-1.061720e-06	6.133414e-10	-7.545237e+00	3.662771e+01
5.790000e-06	-1.105962e-06	5.710219e-10	-7.859651e+00	3.443422e+01
5.800000e-06	-1.150173e-06	5.334025e-10	-8.173842e+00	3.219211e+01
5.810000e-06	-1.194338e-06	5.020713e-10	-8.487704e+00	2.990130e+01
5.820000e-06	-1.238454e-06	4.735582e-10	-8.801217e+00	2.756193e+01
5.830000e-06	-1.282514e-06	4.439690e-10	-9.114334e+00	2.517445e+01
5.840000e-06	-1.326554e-06	4.097259e-10	-9.427312e+00	2.273956e+01
5.850000e-06	-1.370564e-06	3.720976e-10	-9.740074e+00	2.025823e+01
5.860000e-06	-1.414515e-06	3.298154e-10	-1.005242e+01	1.773168e+01
5.870000e-06	-1.458441e-06	2.836023e-10	-1.036458e+01	1.516135e+01
5.880000e-06	-1.502280e-06	2.373668e-10	-1.067613e+01	1.254891e+01
5.890000e-06	-1.546028e-06	1.971687e-10	-1.098703e+01	9.896156e+00
5.900000e-06	-1.589697e-06	1.635580e-10	-1.129737e+01	7.205063e+00
5.910000e-06	-1.633321e-06	1.283811e-10	-1.160739e+01	4.477701e+00
5.920000e-06	-1.676929e-06	8.799595e-11	-1.191730e+01	1.716230e+00
5.930000e-06	-1.720370e-06	4.628729e-11	-1.222601e+01	-1.077118e+00
5.940000e-06	-1.763694e-06	3.900575e-12	-1.253390e+01	-3.900057e+00
5.950000e-06	-1.806870e-06	-4.413205e-11	-1.284073e+01	-6.750249e+00
5.960000e-06	-1.849851e-06	-9.551288e-11	-1.314619e+01	-9.625304e+00
5.970000e-06	-1.892685e-06	-1.433863e-10	-1.345059e+01	-1.252277e+01
5.980000e-06	-1.935350e-06	-1.860025e-10	-1.375379e+01	-1.544012e+01
5.990000e-06	-1.977927e-06	-2.267101e-10	-1.405637e+01	-1.837475e+01
6.000000e-06	-2.020373e-06	-2.703627e-10	-1.435802e+01	-2.132391e+01
6.010000e-06	-2.062640e-06	-3.183513e-10	-1.465840e+01	-2.428475e+01
6.020000e-06	-2.104789e-06	-3.666724e-10	-1.495793e+01	-2.725426e+01
6.030000e-06	-2.146809e-06	-4.143676e-10	-1.525655e+01	-3.022928e+01
6.040000e-06	-2.188672e-06	-4.634743e-10	-1.555406e+01	-3.320645e+01
6.050000e-06	-2.230438e-06	-5.124627e-10	-1.585087e+01	-3.618228e+01
6.060000e-06	-2.272077e-06	-5.573105e-10	-1.614678e+01	-3.915311e+01
6.070000e-06	-2.313486e-06	-5.995076e-10	-1.644106e+01	-4.211514e+01
6.080000e-06	-2.354733e-06	-6.422417e-10	-1.673418e+01	-4.506446e+01
6.090000e-06	-2.395856e-06	-6.874920e-10	-1.702643e+01	-4.799709e+01
6.100000e-06	-2.436805e-06	-7.339610e-10	-1.731744e+01	-5.090902e+01
6.110000e-06	-2.477476e-06	-7.806647e-10	-1.760648e+01	-5.379628e+01
6.120000e-06	-2.517866e-06	-8.274289e-10	-1.789351e+01	-5.665493e+01
6.130000e-06	-2.558156e-06	-8.733497e-10	-1.817983e+01	-5.948118e+01
6.140000e-06	-2.598374e-06	-9.167879e-10	-1.846565e+01	-6.227143e+01
6.150000e-06	-2.638477e-06	-9.579506e-10	-1.875065e+01	-6.502226e+01
6.160000e-06	-2.678436e-06	-9.996174e-10	-1.903462e+01	-6.773055e+01
6.170000e-06	-2.718315e-06	-1.043748e-09	-1.931802e+01	-7.039343e+01
6.180000e-06	-2.758160e-06	-1.087570e-09	-1.960119e+01	-7.300838e+01
6.190000e-06	-2.797902e-06	-1.127818e-09	-1.988362e+01	-7.557318e+01
6.200000e-06	-2.837526e-06	-1.166124e-09	-2.016521e+01	-7.808594e+01
6.210000e-06	-2.876976e-06	-1.199929e-09	-2.044557e+01	-8.054506e+01
6.220000e-06	-2.916128e-06	-1.231698e-09	-2.072381e+01	-8.294926e+01
6.230000e-06	-2.954990e-06	-1.264636e-09	-2.099999e+01	-8.529751e+01
6.240000e-06	-2.993520e-06	-1.302350e-09	-2.127380e+01	-8.758900e+01
6.250000e-06	-3.031562e-06	-1.343828e-09	-2.154415e+01	-8.982313e+01
6.260000e-06	-3.069222e-06	-1.382620e-09	-2.181179e+01	-9.199943e+01
6.270000e-06	-3.106695e-06	-1.416244e-09	-2.207809e+01	-9.411757e+01
6.280000e-06	-3.143735e-06	-1.444875e-09	-2.234132e+01	-9.617730e+01
6.290000e-06	-3.180273e-06	-1.472283e-09	-2.260099e+01	-9.817843e+01
6.300000e-06	-3.216573e-06	-1.497777e-09	-2.285895e+01	-1.001208e+02
6.310000e-06	-3.252762e-06	-1.521630e-09	-2.311614e+01	-1.020044e+02
6.320000e-06	-3.288904e-06	-1.547446e-09	-2.337298e+01	-1.038290e+02
6.330000e-06	-3.324926e-06	-1.578392e-09	-2.362898e+01	-1.055947e+02
6.340000e-06	-3.360776e-06	-1.612119e-09	-2.388375e+01	-1.073015e+02
6.350000e-06	-3.396461e-06	-1.642901e-09	-2.413735e+01	-1.089494e+02
6.360000e-06	-3.431958e-06	-1.667811e-09	-2.438961e+01	-1.105388e+02
6.370000e-06	-3.467190e-06	-1.687766e-09	-2.463999e+01	-1.120700e+02
6.380000e-06	-3.502140e-06	-1.702980e-09	-2.488837e+01	-1.135435e+02
6.390000e-06	-3.536853e-06	-1.717087e-09	-2.513506e+01	-1.149601e+02
6.400000e-06	-3.571350e-06	-1.733677e-09	-2.538022e+01	-1.163208e+02
6.410000e-06	-3.605592e-06	-1.752735e-09	-2.562357e+01	-1.176266e+02
6.420000e-06	-3.639573e-06	-1.774660e-09	-2.586505e+01	-1.188791e+02
6.430000e-06	-3.673349e-06	-1.796659e-09	-2.610509e+01	-1.200799e+02
6.440000e-06	-3.706880e-06	-1.815707e-09	-2.634338e+01	-1.212309e+02
6.450000e-06	-3.740146e-06	-1.832050e-09	-2.657979e+01	-1.223340e+02
6.460000e-06	-3.773139e-06	-1.845225e-09	-2.681426e+01	-1.233915e+02
6.470000e-06	-3.805828e-06	-1.856651e-09	-2.704657e+01	-1.244058e+02
6.480000e-06	-3.838228e-06	-1.871698e-09	-2.727682e+01	-1.253790e+02
6.490000e-06	-3.870419e-06	-1.888204e-09	-2.750559e+01	-1.263136e+02
6.500000e-06	-3.902427e-06	-1.902754e-09	-2.773306e+01	-1.272119e+02
6.510000e-06	-3.934255e-06	-1.915593e-09	-2.795924e+01	-1.280761e+02
6.520000e-06	-3.965840e-06	-1.927637e-09	-2.818371e+01	-1.289080e+02
6.530000e-06	-3.997192e-06	-1.939656e-09	-2.840651e+01	-1.297096e+02
6.540000e-06	-4.028304e-06	-1.948432e-09	-2.862762e+01	-1.304825e+02
6.550000e-06	-4.058959e-06	-1.953470e-09	-2.884547e+01	-1.312279e+02
6.560000e-06	-4.089049e-06	-1.961322e-09	-2.905931e+01	-1.319470e+02
6.570000e-06	-4.118629e-06	-1.975427e-09	-2.926952e+01	-1.326407e+02
6.580000e-06	-4.147757e-06	-1.989228e-09	-2.947652e+01	-1.333095e+02
6.590000e-06	-4.176464e-06	-1.997810e-09	-2.968053e+01	-1.339539e+02
6.600000e-06	-4.204909e-06	-2.004573e-09	-2.988268e+01	-1.345743e+02
6.610000e-06	-4.233152e-06	-2.013619e-09	-3.008339e+01	-1.351708e+02
6.620000e-06	-4.261196e-06	-2.021386e-09	-3.028269e+01	-1.357436e+02
6.630000e-06	-4.289062e-06	-2.024796e-09	-3.048072e+01	-1.362929e+02
6.640000e-06	-4.316739e-06	-2.028623e-09	-3.067741e+01	-1.368187e+02
6.650000e-06	-4.344214e-06	-2.037363e-09	-3.087267e+01	-1.373215e+02
6.660000e-06	-4.371282e-06	-2.048819e-09	-3.106503e+01	-1.378016e+02
6.670000e-06	-4.397918e-06	-2.058395e-09	-3.125432e+01	-1.382596e+02
6.680000e-06	-4.424300e-06	-2.065387e-09	-3.144181e+01	-1.386961e+02
6.690000e-06	-4.450417e-06	-2.070719e-09	-3.162742e+01	-1.391120e+02
6.700000e-06	-4.476162e-06	-2.075289e-09	-3.181037e+01	-1.395082e+02
6.710000e-06	-4.501681e-06	-2.077072e-09	-3.199172e+01	-1.398859e+02
6.720000e-06	-4.526890e-06	-2.080889e-09	-3.217088e+01	-1.402461e+02
6.730000e-06	-4.551676e-06	-2.090812e-09	-3.234702e+01	-1.405902e+02
6.740000e-06	-4.576159e-06	-2.103253e-09	-3.252101e+01	-1.409191e+02
6.750000e-06	-4.600383e-06	-2.111743e-09	-3.269316e+01	-1.412340e+02
6.760000e-06	-4.624446e-06	-2.115816e-09	-3.286417e+01	-1.415359e+02
6.770000e-06	-4.648327e-06	-2.120537e-09	-3.303388e+01	-1.418256e+02
6.780000e-06	-4.671990e-06	-2.127545e-09	-3.320205e+01	-1.421039e+02
6.790000e-06	-4.695375e-06	-2.131337e-09	-3.336824e+01	-1.423710e+02
6.800000e-06	-4.718332e-06	-2.132826e-09	-3.353138e+01	-1.426274e+02
6.810000e-06	-4.740723e-06	-2.136623e-09	-3.369050e+01	-1.428731e+02
6.820000e-06	-4.762442e-06	-2.142481e-09	-3.384485e+01	-1.431081e+02
6.830000e-06	-4.783601e-06	-2.147138e-09	-3.399522e+01	-1.433320e+02
6.840000e-06	-4.804297e-06	-2.149016e-09	-3.414230e+01	-1.435446e+02
6.850000e-06	-4.824616e-06	-2.150707e-09	-3.428670e+01	-1.437454e+02
6.860000e-06	-4.844750e-06	-2.155666e-09	-3.442979e+01	-1.439343e+02
6.870000e-06	-4.864685e-06	-2.162738e-09	-3.457145e+01	-1.441108e+02
6.880000e-06	-4.884424e-06	-2.167440e-09	-3.471174e+01	-1.442749e+02
6.890000e-06	-4.903878e-06	-2.172858e-09	-3.484999e+01	-1.444266e+02
6.900000e-06	-4.923006e-06	-2.182863e-09	-3.498592e+01	-1.445661e+02
6.910000e-06	-4.941782e-06	-2.190189e-09	-3.511936e+01	-1.446939e+02
6.920000e-06	-4.960162e-06	-2.189497e-09	-3.524997e+01	-1.448106e+02
6.930000e-06	-4.978321e-06	-2.182460e-09	-3.537902e+01	-1.449172e+02
6.940000e-06	-4.996271e-06	-2.177523e-09	-3.550659e+01	-1.450150e+02
6.950000e-06	-5.013854e-06	-2.181169e-09	-3.563155e+01	-1.451050e+02
6.960000e-06	-5.031048e-06	-2.188153e-09	-3.575374e+01	-1.451889e+02
6.970000e-06	-5.047782e-06	-2.196806e-09	-3.587266e+01	-1.452680e+02
6.980000e-06	-5.064135e-06	-2.205016e-09	-3.598887e+01	-1.453439e+02
6.990000e-06	-5.080262e-06	-2.210550e-09	-3.610348e+01	-1.454177e+02
7.000000e-06	-5.096208e-06	-2.208953e-09	-3.621680e+01	-1.454907e+02
7.010000e-06	-5.111914e-06	-2.199679e-09	-3.632842e+01	-1.455639e+02
7.020000e-06	-5.127208e-06	-2.189549e-09	-3.643711e+01	-1.456377e+02
7.030000e-06	-5.141947e-06	-2.187491e-09	-3.654185e+01	-1.457126e+02
7.040000e-06	-5.156016e-06	-2.193556e-09	-3.664183e+01	-1.457885e+02
7.050000e-06	-5.169350e-06	-2.202005e-09	-3.673659e+01	-1.458649e+02
7.060000e-06	-5.182178e-06	-2.207853e-09	-3.682776e+01	-1.459410e+02
7.070000e-06	-5.194749e-06	-2.211238e-09	-3.691710e+01	-1.460159e+02
7.080000e-06	-5.206960e-06	-2.212176e-09	-3.700387e+01	-1.460882e+02
7.090000e-06	-5.218816e-06	-2.208791e-09	-3.708813e+01	-1.461565e+02
7.100000e-06	-5.230302e-06	-2.202006e-09	-3.716976e+01	-1.462192e+02
7.110000e-06	-5.241312e-06	-2.195925e-09	-3.724800e+01	-1.462749e+02
7.120000e-06	-5.251963e-06	-2.195695e-09	-3.732369e+01	-1.463222e+02
7.130000e-06	-5.262324e-06	-2.198913e-09	-3.739733e+01	-1.463599e+02
7.140000e-06	-5.272334e-06	-2.203205e-09	-3.746846e+01	-1.463873e+02
7.150000e-06	-5.282049e-06	-2.206540e-09	-3.753750e+01	-1.464037e+02
7.160000e-06	-5.291332e-06	-2.204889e-09	-3.760347e+01	-1.464091e+02
7.170000e-06	-5.300207e-06	-2.198590e-09	-3.766654e+01	-1.464039e+02
7.180000e-06	-5.308779e-06	-2.191117e-09	-3.772746e+01	-1.463889e+02
7.190000e-06	-5.316993e-06	-2.185437e-09	-3.778583e+01	-1.463652e+02
7.200000e-06	-5.324932e-06	-2.185335e-09	-3.784225e+01	-1.463344e+02
7.210000e-06	-5.332625e-06	-2.190682e-09	-3.789693e+01	-1.462982e+02
7.220000e-06	-5.340090e-06	-2.196978e-09	-3.794997e+01	-1.462584e+02
7.230000e-06	-5.347151e-06	-2.199587e-09	-3.800016e+01	-1.462171e+02
7.240000e-06	-5.353619e-06	-2.196082e-09	-3.804613e+01	-1.461761e+02
7.250000e-06	-5.359571e-06	-2.189594e-09	-3.808842e+01	-1.461368e+02
7.260000e-06	-5.364980e-06	-2.181883e-09	-3.812686e+01	-1.461006e+02
7.270000e-06	-5.369786e-06	-2.175593e-09	-3.816102e+01	-1.460683e+02
7.280000e-06	-5.374189e-06	-2.175590e-09	-3.819231e+01	-1.460400e+02
7.290000e-06	-5.378334e-06	-2.181925e-09	-3.822177e+01	-1.460153e+02
7.300000e-06	-5.382230e-06	-2.187692e-09	-3.824945e+01	-1.459933e+02
7.310000e-06	-5.385824e-06	-2.188314e-09	-3.827499e+01	-1.459723e+02
7.320000e-06	-5.389077e-06	-2.183947e-09	-3.829811e+01	-1.459502e+02
7.330000e-06	-5.391989e-06	-2.177020e-09	-3.831881e+01	-1.459243e+02
7.340000e-06	-5.394495e-06	-2.170609e-09	-3.833661e+01	-1.458916e+02
7.350000e-06	-5.396651e-06	-2.166152e-09	-3.835193e+01	-1.458490e+02
7.360000e-06	-5.398543e-06	-2.165184e-09	-3.836538e+01	-1.457933e+02
7.370000e-06	-5.399991e-06	-2.167992e-09	-3.837567e+01	-1.457214e+02
7.380000e-06	-5.400896e-06	-2.171104e-09	-3.838210e+01	-1.456306e+02
7.390000e-06	-5.401519e-06	-2.172162e-09	-3.838653e+01	-1.455190e+02
7.400000e-06	-5.401905e-06	-2.170413e-09	-3.838928e+01	-1.453852e+02
