# Temperatura_=_-3.49
# Concentracion g/m^3_=_4090.0
# C_Vs_to_Am_M_A/Vsm_=_65563218390.804596
# pendiente_HvsI_1/m_=_3716.3
# ordenada_HvsI_A/m_=_1297.0
# frecuencia_Hz_=_135071.2171256126

Tiempo_(s)	Campo_(V.s)	Magnetizacion_(V.s)	Campo_(kA/m)	Magnetizacion_(A/m)
0.000000e+00	-5.427181e-06	-1.574892e-09	-3.838151e+01	-1.072577e+02
1.000000e-08	-5.427301e-06	-1.567841e-09	-3.838236e+01	-1.071375e+02
2.000000e-08	-5.427176e-06	-1.561370e-09	-3.838147e+01	-1.070015e+02
3.000000e-08	-5.426838e-06	-1.557539e-09	-3.837908e+01	-1.068516e+02
4.000000e-08	-5.426093e-06	-1.560178e-09	-3.837381e+01	-1.066900e+02
5.000000e-08	-5.424807e-06	-1.569042e-09	-3.836472e+01	-1.065198e+02
6.000000e-08	-5.422947e-06	-1.587435e-09	-3.835156e+01	-1.063446e+02
7.000000e-08	-5.420399e-06	-1.588557e-09	-3.833355e+01	-1.061685e+02
8.000000e-08	-5.417221e-06	-1.533711e-09	-3.831107e+01	-1.059961e+02
9.000000e-08	-5.413587e-06	-1.500995e-09	-3.828537e+01	-1.058320e+02
1.000000e-07	-5.409549e-06	-1.593826e-09	-3.825681e+01	-1.056811e+02
1.100000e-07	-5.405183e-06	-1.658232e-09	-3.822593e+01	-1.055479e+02
1.200000e-07	-5.400654e-06	-1.546450e-09	-3.819391e+01	-1.054369e+02
1.300000e-07	-5.396002e-06	-1.463604e-09	-3.816101e+01	-1.053517e+02
1.400000e-07	-5.390978e-06	-1.585557e-09	-3.812548e+01	-1.052957e+02
1.500000e-07	-5.385422e-06	-1.698244e-09	-3.808618e+01	-1.052710e+02
1.600000e-07	-5.379460e-06	-1.553705e-09	-3.804402e+01	-1.052792e+02
1.700000e-07	-5.373163e-06	-1.420018e-09	-3.799949e+01	-1.053206e+02
1.800000e-07	-5.366412e-06	-1.557906e-09	-3.795175e+01	-1.053945e+02
1.900000e-07	-5.359232e-06	-1.677319e-09	-3.790097e+01	-1.054991e+02
2.000000e-07	-5.351736e-06	-1.589919e-09	-3.784795e+01	-1.056317e+02
2.100000e-07	-5.344090e-06	-1.518433e-09	-3.779388e+01	-1.057885e+02
2.200000e-07	-5.336272e-06	-1.626410e-09	-3.773859e+01	-1.059650e+02
2.300000e-07	-5.328025e-06	-1.653472e-09	-3.768027e+01	-1.061559e+02
2.400000e-07	-5.319376e-06	-1.573356e-09	-3.761910e+01	-1.063554e+02
2.500000e-07	-5.310291e-06	-1.601431e-09	-3.755485e+01	-1.065576e+02
2.600000e-07	-5.300541e-06	-1.700734e-09	-3.748590e+01	-1.067563e+02
2.700000e-07	-5.290118e-06	-1.651500e-09	-3.741219e+01	-1.069454e+02
2.800000e-07	-5.279158e-06	-1.592787e-09	-3.733468e+01	-1.071194e+02
2.900000e-07	-5.267748e-06	-1.673879e-09	-3.725399e+01	-1.072731e+02
3.000000e-07	-5.255928e-06	-1.688100e-09	-3.717039e+01	-1.074021e+02
3.100000e-07	-5.243722e-06	-1.574909e-09	-3.708407e+01	-1.075026e+02
3.200000e-07	-5.231227e-06	-1.587726e-09	-3.699570e+01	-1.075721e+02
3.300000e-07	-5.218413e-06	-1.701301e-09	-3.690508e+01	-1.076089e+02
3.400000e-07	-5.205157e-06	-1.668487e-09	-3.681133e+01	-1.076121e+02
3.500000e-07	-5.191460e-06	-1.603943e-09	-3.671447e+01	-1.075821e+02
3.600000e-07	-5.177303e-06	-1.653372e-09	-3.661435e+01	-1.075200e+02
3.700000e-07	-5.162723e-06	-1.671613e-09	-3.651123e+01	-1.074278e+02
3.800000e-07	-5.147723e-06	-1.602967e-09	-3.640515e+01	-1.073082e+02
3.900000e-07	-5.132107e-06	-1.607724e-09	-3.629472e+01	-1.071643e+02
4.000000e-07	-5.115828e-06	-1.632979e-09	-3.617959e+01	-1.069996e+02
4.100000e-07	-5.099128e-06	-1.605523e-09	-3.606149e+01	-1.068178e+02
4.200000e-07	-5.082160e-06	-1.614978e-09	-3.594149e+01	-1.066227e+02
4.300000e-07	-5.064925e-06	-1.663261e-09	-3.581960e+01	-1.064178e+02
4.400000e-07	-5.047422e-06	-1.627223e-09	-3.569582e+01	-1.062062e+02
4.500000e-07	-5.029632e-06	-1.587958e-09	-3.557001e+01	-1.059909e+02
4.600000e-07	-5.011492e-06	-1.610823e-09	-3.544172e+01	-1.057741e+02
4.700000e-07	-4.992930e-06	-1.618104e-09	-3.531045e+01	-1.055575e+02
4.800000e-07	-4.974015e-06	-1.578656e-09	-3.517668e+01	-1.053422e+02
4.900000e-07	-4.954755e-06	-1.575038e-09	-3.504047e+01	-1.051287e+02
5.000000e-07	-4.935156e-06	-1.585775e-09	-3.490186e+01	-1.049169e+02
5.100000e-07	-4.915335e-06	-1.593946e-09	-3.476169e+01	-1.047062e+02
5.200000e-07	-4.895326e-06	-1.599319e-09	-3.462018e+01	-1.044957e+02
5.300000e-07	-4.875090e-06	-1.586189e-09	-3.447707e+01	-1.042840e+02
5.400000e-07	-4.854545e-06	-1.566006e-09	-3.433178e+01	-1.040697e+02
5.500000e-07	-4.833648e-06	-1.581653e-09	-3.418399e+01	-1.038513e+02
5.600000e-07	-4.812367e-06	-1.586150e-09	-3.403349e+01	-1.036271e+02
5.700000e-07	-4.790703e-06	-1.557107e-09	-3.388028e+01	-1.033959e+02
5.800000e-07	-4.768748e-06	-1.542156e-09	-3.372501e+01	-1.031567e+02
5.900000e-07	-4.746506e-06	-1.548693e-09	-3.356771e+01	-1.029085e+02
6.000000e-07	-4.723857e-06	-1.551027e-09	-3.340754e+01	-1.026512e+02
6.100000e-07	-4.700814e-06	-1.549489e-09	-3.324458e+01	-1.023845e+02
6.200000e-07	-4.677531e-06	-1.542742e-09	-3.307992e+01	-1.021091e+02
6.300000e-07	-4.654013e-06	-1.538814e-09	-3.291359e+01	-1.018256e+02
6.400000e-07	-4.630324e-06	-1.557247e-09	-3.274607e+01	-1.015351e+02
6.500000e-07	-4.606425e-06	-1.562904e-09	-3.257705e+01	-1.012391e+02
6.600000e-07	-4.582262e-06	-1.534423e-09	-3.240617e+01	-1.009389e+02
6.700000e-07	-4.557815e-06	-1.510158e-09	-3.223328e+01	-1.006363e+02
6.800000e-07	-4.532878e-06	-1.515107e-09	-3.205692e+01	-1.003328e+02
6.900000e-07	-4.507362e-06	-1.515607e-09	-3.187646e+01	-1.000298e+02
7.000000e-07	-4.481271e-06	-1.507770e-09	-3.169195e+01	-9.972868e+01
7.100000e-07	-4.454690e-06	-1.502942e-09	-3.150397e+01	-9.943041e+01
7.200000e-07	-4.427674e-06	-1.512622e-09	-3.131291e+01	-9.913569e+01
7.300000e-07	-4.400238e-06	-1.520691e-09	-3.111888e+01	-9.884486e+01
7.400000e-07	-4.372551e-06	-1.511196e-09	-3.092307e+01	-9.855788e+01
7.500000e-07	-4.344717e-06	-1.484819e-09	-3.072623e+01	-9.827436e+01
7.600000e-07	-4.316722e-06	-1.475822e-09	-3.052824e+01	-9.799360e+01
7.700000e-07	-4.288539e-06	-1.480797e-09	-3.032893e+01	-9.771458e+01
7.800000e-07	-4.260098e-06	-1.479299e-09	-3.012780e+01	-9.743610e+01
7.900000e-07	-4.231349e-06	-1.468901e-09	-2.992448e+01	-9.715679e+01
8.000000e-07	-4.202263e-06	-1.470077e-09	-2.971878e+01	-9.687523e+01
8.100000e-07	-4.172811e-06	-1.475809e-09	-2.951049e+01	-9.659005e+01
8.200000e-07	-4.143056e-06	-1.473624e-09	-2.930006e+01	-9.629995e+01
8.300000e-07	-4.113067e-06	-1.457787e-09	-2.908797e+01	-9.600384e+01
8.400000e-07	-4.082844e-06	-1.442332e-09	-2.887424e+01	-9.570089e+01
8.500000e-07	-4.052359e-06	-1.439107e-09	-2.865864e+01	-9.539053e+01
8.600000e-07	-4.021573e-06	-1.442449e-09	-2.844093e+01	-9.507254e+01
8.700000e-07	-3.990508e-06	-1.438775e-09	-2.822123e+01	-9.474703e+01
8.800000e-07	-3.959157e-06	-1.433945e-09	-2.799951e+01	-9.441442e+01
8.900000e-07	-3.927610e-06	-1.434212e-09	-2.777641e+01	-9.407544e+01
9.000000e-07	-3.895966e-06	-1.433412e-09	-2.755262e+01	-9.373106e+01
9.100000e-07	-3.864116e-06	-1.420592e-09	-2.732738e+01	-9.338245e+01
9.200000e-07	-3.832019e-06	-1.402048e-09	-2.710038e+01	-9.303087e+01
9.300000e-07	-3.799750e-06	-1.396358e-09	-2.687217e+01	-9.267765e+01
9.400000e-07	-3.767266e-06	-1.403188e-09	-2.664244e+01	-9.232407e+01
9.500000e-07	-3.734364e-06	-1.407770e-09	-2.640975e+01	-9.197127e+01
9.600000e-07	-3.701005e-06	-1.403437e-09	-2.617384e+01	-9.162025e+01
9.700000e-07	-3.667143e-06	-1.400324e-09	-2.593436e+01	-9.127172e+01
9.800000e-07	-3.632822e-06	-1.399295e-09	-2.569164e+01	-9.092613e+01
9.900000e-07	-3.598272e-06	-1.393756e-09	-2.544730e+01	-9.058361e+01
1.000000e-06	-3.563393e-06	-1.379708e-09	-2.520063e+01	-9.024395e+01
1.010000e-06	-3.528035e-06	-1.368728e-09	-2.495058e+01	-8.990665e+01
1.020000e-06	-3.492419e-06	-1.367316e-09	-2.469870e+01	-8.957090e+01
1.030000e-06	-3.456716e-06	-1.372461e-09	-2.444621e+01	-8.923564e+01
1.040000e-06	-3.420865e-06	-1.371361e-09	-2.419266e+01	-8.889964e+01
1.050000e-06	-3.384851e-06	-1.367345e-09	-2.393797e+01	-8.856152e+01
1.060000e-06	-3.348720e-06	-1.363311e-09	-2.368245e+01	-8.821986e+01
1.070000e-06	-3.312411e-06	-1.358050e-09	-2.342567e+01	-8.787325e+01
1.080000e-06	-3.275840e-06	-1.344870e-09	-2.316703e+01	-8.752039e+01
1.090000e-06	-3.239036e-06	-1.330340e-09	-2.290675e+01	-8.716010e+01
1.100000e-06	-3.201956e-06	-1.323545e-09	-2.264452e+01	-8.679147e+01
1.110000e-06	-3.164698e-06	-1.326281e-09	-2.238103e+01	-8.641379e+01
1.120000e-06	-3.127189e-06	-1.326370e-09	-2.211576e+01	-8.602670e+01
1.130000e-06	-3.089362e-06	-1.319193e-09	-2.184825e+01	-8.563008e+01
1.140000e-06	-3.051369e-06	-1.310569e-09	-2.157955e+01	-8.522416e+01
1.150000e-06	-3.013194e-06	-1.306324e-09	-2.130957e+01	-8.480943e+01
1.160000e-06	-2.974788e-06	-1.299451e-09	-2.103797e+01	-8.438662e+01
1.170000e-06	-2.936252e-06	-1.287700e-09	-2.076543e+01	-8.395668e+01
1.180000e-06	-2.897506e-06	-1.275527e-09	-2.049142e+01	-8.352069e+01
1.190000e-06	-2.858492e-06	-1.268213e-09	-2.021551e+01	-8.307982e+01
1.200000e-06	-2.819313e-06	-1.266887e-09	-1.993843e+01	-8.263526e+01
1.210000e-06	-2.779953e-06	-1.265373e-09	-1.966008e+01	-8.218816e+01
1.220000e-06	-2.740389e-06	-1.261395e-09	-1.938027e+01	-8.173957e+01
1.230000e-06	-2.700654e-06	-1.255895e-09	-1.909927e+01	-8.129037e+01
1.240000e-06	-2.660849e-06	-1.249199e-09	-1.881776e+01	-8.084126e+01
1.250000e-06	-2.620983e-06	-1.240317e-09	-1.853583e+01	-8.039270e+01
1.260000e-06	-2.581003e-06	-1.230813e-09	-1.825308e+01	-7.994491e+01
1.270000e-06	-2.540860e-06	-1.221468e-09	-1.796919e+01	-7.949785e+01
1.280000e-06	-2.500614e-06	-1.216121e-09	-1.768457e+01	-7.905126e+01
1.290000e-06	-2.460231e-06	-1.210878e-09	-1.739897e+01	-7.860465e+01
1.300000e-06	-2.419596e-06	-1.202672e-09	-1.711160e+01	-7.815734e+01
1.310000e-06	-2.378788e-06	-1.190989e-09	-1.682300e+01	-7.770853e+01
1.320000e-06	-2.337820e-06	-1.182117e-09	-1.653327e+01	-7.725728e+01
1.330000e-06	-2.296547e-06	-1.176537e-09	-1.624139e+01	-7.680264e+01
1.340000e-06	-2.254946e-06	-1.172945e-09	-1.594718e+01	-7.634362e+01
1.350000e-06	-2.212937e-06	-1.170527e-09	-1.565009e+01	-7.587930e+01
1.360000e-06	-2.170617e-06	-1.166197e-09	-1.535080e+01	-7.540882e+01
1.370000e-06	-2.128044e-06	-1.158387e-09	-1.504972e+01	-7.493144e+01
1.380000e-06	-2.085171e-06	-1.148747e-09	-1.474651e+01	-7.444658e+01
1.390000e-06	-2.042099e-06	-1.138527e-09	-1.444190e+01	-7.395376e+01
1.400000e-06	-1.998919e-06	-1.130548e-09	-1.413654e+01	-7.345270e+01
1.410000e-06	-1.955635e-06	-1.124308e-09	-1.383042e+01	-7.294323e+01
1.420000e-06	-1.912211e-06	-1.119332e-09	-1.352333e+01	-7.242534e+01
1.430000e-06	-1.868655e-06	-1.114356e-09	-1.321529e+01	-7.189910e+01
1.440000e-06	-1.825004e-06	-1.108327e-09	-1.290659e+01	-7.136468e+01
1.450000e-06	-1.781252e-06	-1.099168e-09	-1.259718e+01	-7.082228e+01
1.460000e-06	-1.737381e-06	-1.088792e-09	-1.228691e+01	-7.027213e+01
1.470000e-06	-1.693460e-06	-1.079378e-09	-1.197630e+01	-6.971444e+01
1.480000e-06	-1.649486e-06	-1.070495e-09	-1.166531e+01	-6.914937e+01
1.490000e-06	-1.605423e-06	-1.064209e-09	-1.135370e+01	-6.857702e+01
1.500000e-06	-1.561247e-06	-1.059508e-09	-1.104128e+01	-6.799740e+01
1.510000e-06	-1.517012e-06	-1.052937e-09	-1.072845e+01	-6.741046e+01
1.520000e-06	-1.472729e-06	-1.043616e-09	-1.041527e+01	-6.681601e+01
1.530000e-06	-1.428329e-06	-1.032080e-09	-1.010127e+01	-6.621381e+01
1.540000e-06	-1.383817e-06	-1.019027e-09	-9.786474e+00	-6.560354e+01
1.550000e-06	-1.339208e-06	-1.006627e-09	-9.470996e+00	-6.498482e+01
1.560000e-06	-1.294509e-06	-9.957171e-10	-9.154883e+00	-6.435724e+01
1.570000e-06	-1.249760e-06	-9.878891e-10	-8.838417e+00	-6.372038e+01
1.580000e-06	-1.204952e-06	-9.823421e-10	-8.521531e+00	-6.307387e+01
1.590000e-06	-1.160036e-06	-9.752077e-10	-8.203880e+00	-6.241734e+01
1.600000e-06	-1.114972e-06	-9.645419e-10	-7.885181e+00	-6.175053e+01
1.610000e-06	-1.069829e-06	-9.520895e-10	-7.565927e+00	-6.107323e+01
1.620000e-06	-1.024654e-06	-9.389435e-10	-7.246444e+00	-6.038534e+01
1.630000e-06	-9.793676e-07	-9.265849e-10	-6.926175e+00	-5.968685e+01
1.640000e-06	-9.339727e-07	-9.138428e-10	-6.605138e+00	-5.897785e+01
1.650000e-06	-8.885001e-07	-9.020496e-10	-6.283552e+00	-5.825851e+01
1.660000e-06	-8.430083e-07	-8.930369e-10	-5.961830e+00	-5.752907e+01
1.670000e-06	-7.975045e-07	-8.872127e-10	-5.640023e+00	-5.678981e+01
1.680000e-06	-7.519407e-07	-8.795824e-10	-5.317792e+00	-5.604102e+01
1.690000e-06	-7.063642e-07	-8.649813e-10	-4.995471e+00	-5.528300e+01
1.700000e-06	-6.607874e-07	-8.462137e-10	-4.673147e+00	-5.451600e+01
1.710000e-06	-6.150949e-07	-8.324756e-10	-4.350006e+00	-5.374019e+01
1.720000e-06	-5.693663e-07	-8.245101e-10	-4.026609e+00	-5.295568e+01
1.730000e-06	-5.235845e-07	-8.145386e-10	-3.702837e+00	-5.216244e+01
1.740000e-06	-4.776612e-07	-8.019196e-10	-3.378063e+00	-5.136034e+01
1.750000e-06	-4.317069e-07	-7.905167e-10	-3.053070e+00	-5.054910e+01
1.760000e-06	-3.857570e-07	-7.799796e-10	-2.728108e+00	-4.972832e+01
1.770000e-06	-3.397756e-07	-7.668531e-10	-2.402923e+00	-4.889748e+01
1.780000e-06	-2.937597e-07	-7.499905e-10	-2.077495e+00	-4.805595e+01
1.790000e-06	-2.476983e-07	-7.331753e-10	-1.751745e+00	-4.720303e+01
1.800000e-06	-2.016215e-07	-7.182955e-10	-1.425885e+00	-4.633794e+01
1.810000e-06	-1.556204e-07	-7.025636e-10	-1.100561e+00	-4.545988e+01
1.820000e-06	-1.096697e-07	-6.864768e-10	-7.755940e-01	-4.456806e+01
1.830000e-06	-6.360466e-08	-6.713932e-10	-4.498178e-01	-4.366170e+01
1.840000e-06	-1.751048e-08	-6.587202e-10	-1.238357e-01	-4.274010e+01
1.850000e-06	2.841769e-08	-6.468894e-10	2.009725e-01	-4.180266e+01
1.860000e-06	7.438861e-08	-6.329381e-10	5.260829e-01	-4.084884e+01
1.870000e-06	1.203846e-07	-6.183249e-10	8.513705e-01	-3.987826e+01
1.880000e-06	1.663342e-07	-6.050011e-10	1.176331e+00	-3.889064e+01
1.890000e-06	2.123516e-07	-5.912166e-10	1.501770e+00	-3.788584e+01
1.900000e-06	2.583397e-07	-5.744832e-10	1.827002e+00	-3.686383e+01
1.910000e-06	3.042650e-07	-5.565196e-10	2.151789e+00	-3.582469e+01
1.920000e-06	3.501504e-07	-5.394954e-10	2.476295e+00	-3.476855e+01
1.930000e-06	3.960893e-07	-5.223971e-10	2.801179e+00	-3.369565e+01
1.940000e-06	4.420836e-07	-5.042985e-10	3.126455e+00	-3.260622e+01
1.950000e-06	4.879771e-07	-4.862632e-10	3.451018e+00	-3.150053e+01
1.960000e-06	5.337908e-07	-4.690627e-10	3.775016e+00	-3.037879e+01
1.970000e-06	5.795586e-07	-4.516332e-10	4.098690e+00	-2.924122e+01
1.980000e-06	6.253200e-07	-4.343791e-10	4.422319e+00	-2.808793e+01
1.990000e-06	6.710955e-07	-4.169470e-10	4.746047e+00	-2.691899e+01
2.000000e-06	7.167127e-07	-3.983913e-10	5.068656e+00	-2.573437e+01
2.010000e-06	7.622306e-07	-3.790588e-10	5.390563e+00	-2.453396e+01
2.020000e-06	8.077856e-07	-3.595427e-10	5.712732e+00	-2.331759e+01
2.030000e-06	8.532904e-07	-3.394494e-10	6.034546e+00	-2.208501e+01
2.040000e-06	8.987348e-07	-3.180595e-10	6.355932e+00	-2.083592e+01
2.050000e-06	9.441590e-07	-2.968024e-10	6.677177e+00	-1.957003e+01
2.060000e-06	9.895679e-07	-2.775436e-10	6.998313e+00	-1.828700e+01
2.070000e-06	1.034837e-06	-2.583333e-10	7.318461e+00	-1.698656e+01
2.080000e-06	1.079929e-06	-2.387562e-10	7.637354e+00	-1.566848e+01
2.090000e-06	1.124946e-06	-2.190897e-10	7.955716e+00	-1.433262e+01
2.100000e-06	1.169874e-06	-1.985439e-10	8.273455e+00	-1.297892e+01
2.110000e-06	1.214724e-06	-1.774292e-10	8.590636e+00	-1.160746e+01
2.120000e-06	1.259558e-06	-1.546235e-10	8.907704e+00	-1.021842e+01
2.130000e-06	1.304298e-06	-1.321476e-10	9.224111e+00	-8.812144e+00
2.140000e-06	1.348843e-06	-1.125352e-10	9.539141e+00	-7.389086e+00
2.150000e-06	1.393226e-06	-9.471544e-11	9.853016e+00	-5.949828e+00
2.160000e-06	1.437575e-06	-7.551822e-11	1.016666e+01	-4.495059e+00
2.170000e-06	1.481872e-06	-5.339707e-11	1.047993e+01	-3.025558e+00
2.180000e-06	1.526079e-06	-2.976319e-11	1.079257e+01	-1.542169e+00
2.190000e-06	1.570181e-06	-5.910701e-12	1.110446e+01	-4.578043e-02
2.200000e-06	1.614201e-06	1.843391e-11	1.141578e+01	1.462704e+00
2.210000e-06	1.658192e-06	4.220632e-11	1.172688e+01	2.982387e+00
2.220000e-06	1.702107e-06	6.425820e-11	1.203745e+01	4.512400e+00
2.230000e-06	1.745957e-06	8.616851e-11	1.234756e+01	6.051922e+00
2.240000e-06	1.789797e-06	1.093891e-10	1.265761e+01	7.600190e+00
2.250000e-06	1.833538e-06	1.338055e-10	1.296694e+01	9.156509e+00
2.260000e-06	1.877101e-06	1.585902e-10	1.327503e+01	1.072025e+01
2.270000e-06	1.920583e-06	1.852800e-10	1.358253e+01	1.229086e+01
2.280000e-06	1.963969e-06	2.136135e-10	1.388937e+01	1.386781e+01
2.290000e-06	2.007194e-06	2.405535e-10	1.419506e+01	1.545064e+01
2.300000e-06	2.050288e-06	2.627620e-10	1.449982e+01	1.703890e+01
2.310000e-06	2.093273e-06	2.799788e-10	1.480381e+01	1.863212e+01
2.320000e-06	2.136125e-06	2.993211e-10	1.510687e+01	2.022981e+01
2.330000e-06	2.178614e-06	3.240639e-10	1.540735e+01	2.183144e+01
2.340000e-06	2.220688e-06	3.494470e-10	1.570491e+01	2.343640e+01
2.350000e-06	2.262579e-06	3.750447e-10	1.600116e+01	2.504399e+01
2.360000e-06	2.304208e-06	4.023393e-10	1.629557e+01	2.665341e+01
2.370000e-06	2.345462e-06	4.310955e-10	1.658731e+01	2.826372e+01
2.380000e-06	2.386419e-06	4.577736e-10	1.687697e+01	2.987391e+01
2.390000e-06	2.427128e-06	4.805899e-10	1.716487e+01	3.148282e+01
2.400000e-06	2.467606e-06	5.011240e-10	1.745113e+01	3.308920e+01
2.410000e-06	2.507874e-06	5.207412e-10	1.773591e+01	3.469169e+01
2.420000e-06	2.548014e-06	5.442048e-10	1.801978e+01	3.628889e+01
2.430000e-06	2.588065e-06	5.733816e-10	1.830303e+01	3.787931e+01
2.440000e-06	2.628030e-06	6.033526e-10	1.858566e+01	3.946147e+01
2.450000e-06	2.667926e-06	6.304772e-10	1.886781e+01	4.103385e+01
2.460000e-06	2.707745e-06	6.561502e-10	1.914942e+01	4.259499e+01
2.470000e-06	2.747463e-06	6.775529e-10	1.943030e+01	4.414347e+01
2.480000e-06	2.787038e-06	6.952589e-10	1.971018e+01	4.567791e+01
2.490000e-06	2.826417e-06	7.145941e-10	1.998867e+01	4.719705e+01
2.500000e-06	2.865511e-06	7.388217e-10	2.026515e+01	4.869971e+01
2.510000e-06	2.904360e-06	7.641329e-10	2.053990e+01	5.018483e+01
2.520000e-06	2.942970e-06	7.895525e-10	2.081295e+01	5.165145e+01
2.530000e-06	2.981418e-06	8.182398e-10	2.108485e+01	5.309874e+01
2.540000e-06	3.019764e-06	8.472693e-10	2.135604e+01	5.452594e+01
2.550000e-06	3.057852e-06	8.700550e-10	2.162540e+01	5.593244e+01
2.560000e-06	3.095662e-06	8.854881e-10	2.189279e+01	5.731768e+01
2.570000e-06	3.133353e-06	8.988387e-10	2.215935e+01	5.868120e+01
2.580000e-06	3.170916e-06	9.149870e-10	2.242500e+01	6.002259e+01
2.590000e-06	3.208167e-06	9.347380e-10	2.268844e+01	6.134154e+01
2.600000e-06	3.245129e-06	9.572903e-10	2.294984e+01	6.263774e+01
2.610000e-06	3.281821e-06	9.831071e-10	2.320933e+01	6.391096e+01
2.620000e-06	3.318257e-06	1.008826e-09	2.346701e+01	6.516098e+01
2.630000e-06	3.354528e-06	1.030372e-09	2.372352e+01	6.638765e+01
2.640000e-06	3.390654e-06	1.046645e-09	2.397901e+01	6.759084e+01
2.650000e-06	3.426650e-06	1.058684e-09	2.423358e+01	6.877046e+01
2.660000e-06	3.462520e-06	1.069056e-09	2.448725e+01	6.992649e+01
2.670000e-06	3.498211e-06	1.080350e-09	2.473966e+01	7.105893e+01
2.680000e-06	3.533706e-06	1.094214e-09	2.499068e+01	7.216787e+01
2.690000e-06	3.569047e-06	1.112713e-09	2.524062e+01	7.325345e+01
2.700000e-06	3.604057e-06	1.135228e-09	2.548821e+01	7.431587e+01
2.710000e-06	3.638659e-06	1.158042e-09	2.573292e+01	7.535541e+01
2.720000e-06	3.672880e-06	1.174798e-09	2.597494e+01	7.637240e+01
2.730000e-06	3.706628e-06	1.186983e-09	2.621360e+01	7.736722e+01
2.740000e-06	3.739867e-06	1.198779e-09	2.644867e+01	7.834031e+01
2.750000e-06	3.772642e-06	1.210332e-09	2.668046e+01	7.929211e+01
2.760000e-06	3.805118e-06	1.219986e-09	2.691013e+01	8.022310e+01
2.770000e-06	3.837383e-06	1.231107e-09	2.713831e+01	8.113373e+01
2.780000e-06	3.869418e-06	1.247346e-09	2.736487e+01	8.202444e+01
2.790000e-06	3.901289e-06	1.264308e-09	2.759026e+01	8.289561e+01
2.800000e-06	3.933034e-06	1.277464e-09	2.781477e+01	8.374754e+01
2.810000e-06	3.964603e-06	1.286429e-09	2.803803e+01	8.458046e+01
2.820000e-06	3.995963e-06	1.296044e-09	2.825981e+01	8.539451e+01
2.830000e-06	4.027015e-06	1.310394e-09	2.847941e+01	8.618971e+01
2.840000e-06	4.057707e-06	1.323906e-09	2.869647e+01	8.696601e+01
2.850000e-06	4.088150e-06	1.332389e-09	2.891176e+01	8.772324e+01
2.860000e-06	4.118339e-06	1.340967e-09	2.912526e+01	8.846116e+01
2.870000e-06	4.148217e-06	1.353628e-09	2.933656e+01	8.917947e+01
2.880000e-06	4.177813e-06	1.365677e-09	2.954587e+01	8.987782e+01
2.890000e-06	4.207131e-06	1.371829e-09	2.975321e+01	9.055587e+01
2.900000e-06	4.236164e-06	1.376550e-09	2.995853e+01	9.121330e+01
2.910000e-06	4.264900e-06	1.387268e-09	3.016176e+01	9.184985e+01
2.920000e-06	4.293350e-06	1.401504e-09	3.036295e+01	9.246535e+01
2.930000e-06	4.321525e-06	1.410903e-09	3.056221e+01	9.305974e+01
2.940000e-06	4.349479e-06	1.416987e-09	3.075990e+01	9.363312e+01
2.950000e-06	4.377246e-06	1.425773e-09	3.095627e+01	9.418576e+01
2.960000e-06	4.404835e-06	1.438345e-09	3.115139e+01	9.471807e+01
2.970000e-06	4.432275e-06	1.446990e-09	3.134544e+01	9.523069e+01
2.980000e-06	4.459473e-06	1.449418e-09	3.153779e+01	9.572438e+01
2.990000e-06	4.486188e-06	1.454767e-09	3.172672e+01	9.620009e+01
3.000000e-06	4.512249e-06	1.464432e-09	3.191102e+01	9.665888e+01
3.010000e-06	4.537705e-06	1.473210e-09	3.209106e+01	9.710191e+01
3.020000e-06	4.562641e-06	1.479884e-09	3.226740e+01	9.753041e+01
3.030000e-06	4.587092e-06	1.487225e-09	3.244032e+01	9.794560e+01
3.040000e-06	4.611190e-06	1.496476e-09	3.261075e+01	9.834870e+01
3.050000e-06	4.635112e-06	1.504537e-09	3.277993e+01	9.874083e+01
3.060000e-06	4.658865e-06	1.509522e-09	3.294791e+01	9.912301e+01
3.070000e-06	4.682354e-06	1.513753e-09	3.311403e+01	9.949611e+01
3.080000e-06	4.705431e-06	1.521424e-09	3.327723e+01	9.986079e+01
3.090000e-06	4.728136e-06	1.529811e-09	3.343780e+01	1.002176e+02
3.100000e-06	4.750575e-06	1.533260e-09	3.359649e+01	1.005667e+02
3.110000e-06	4.772737e-06	1.534949e-09	3.375322e+01	1.009082e+02
3.120000e-06	4.794582e-06	1.541066e-09	3.390771e+01	1.012420e+02
3.130000e-06	4.816076e-06	1.549711e-09	3.405972e+01	1.015678e+02
3.140000e-06	4.837263e-06	1.556268e-09	3.420956e+01	1.018852e+02
3.150000e-06	4.858102e-06	1.560266e-09	3.435693e+01	1.021935e+02
3.160000e-06	4.878594e-06	1.562812e-09	3.450185e+01	1.024923e+02
3.170000e-06	4.898793e-06	1.566140e-09	3.464470e+01	1.027810e+02
3.180000e-06	4.918772e-06	1.568972e-09	3.478600e+01	1.030589e+02
3.190000e-06	4.938575e-06	1.569699e-09	3.492604e+01	1.033256e+02
3.200000e-06	4.958211e-06	1.572393e-09	3.506491e+01	1.035808e+02
3.210000e-06	4.977589e-06	1.579317e-09	3.520195e+01	1.038243e+02
3.220000e-06	4.996543e-06	1.587428e-09	3.533600e+01	1.040560e+02
3.230000e-06	5.015030e-06	1.592566e-09	3.546674e+01	1.042763e+02
3.240000e-06	5.033070e-06	1.595471e-09	3.559432e+01	1.044853e+02
3.250000e-06	5.050720e-06	1.597191e-09	3.571914e+01	1.046838e+02
3.260000e-06	5.068007e-06	1.598534e-09	3.584140e+01	1.048723e+02
3.270000e-06	5.085015e-06	1.599426e-09	3.596168e+01	1.050516e+02
3.280000e-06	5.101795e-06	1.601453e-09	3.608035e+01	1.052228e+02
3.290000e-06	5.118337e-06	1.607525e-09	3.619734e+01	1.053866e+02
3.300000e-06	5.134535e-06	1.614581e-09	3.631189e+01	1.055439e+02
3.310000e-06	5.150093e-06	1.618397e-09	3.642191e+01	1.056957e+02
3.320000e-06	5.165003e-06	1.618712e-09	3.652736e+01	1.058425e+02
3.330000e-06	5.179504e-06	1.620806e-09	3.662992e+01	1.059850e+02
3.340000e-06	5.193596e-06	1.624830e-09	3.672957e+01	1.061236e+02
3.350000e-06	5.207327e-06	1.626410e-09	3.682668e+01	1.062584e+02
3.360000e-06	5.220856e-06	1.625237e-09	3.692236e+01	1.063896e+02
3.370000e-06	5.233959e-06	1.625595e-09	3.701503e+01	1.065168e+02
3.380000e-06	5.246543e-06	1.626934e-09	3.710402e+01	1.066399e+02
3.390000e-06	5.258794e-06	1.628242e-09	3.719066e+01	1.067584e+02
3.400000e-06	5.270777e-06	1.628763e-09	3.727540e+01	1.068717e+02
3.410000e-06	5.282466e-06	1.629576e-09	3.735807e+01	1.069792e+02
3.420000e-06	5.293750e-06	1.630384e-09	3.743787e+01	1.070804e+02
3.430000e-06	5.304494e-06	1.629494e-09	3.751386e+01	1.071747e+02
3.440000e-06	5.314509e-06	1.629939e-09	3.758468e+01	1.072618e+02
3.450000e-06	5.323796e-06	1.633173e-09	3.765036e+01	1.073413e+02
3.460000e-06	5.332613e-06	1.638207e-09	3.771271e+01	1.074132e+02
3.470000e-06	5.341007e-06	1.642636e-09	3.777208e+01	1.074776e+02
3.480000e-06	5.349034e-06	1.645263e-09	3.782884e+01	1.075348e+02
3.490000e-06	5.356799e-06	1.645228e-09	3.788376e+01	1.075852e+02
3.500000e-06	5.364294e-06	1.643711e-09	3.793676e+01	1.076294e+02
3.510000e-06	5.371575e-06	1.642745e-09	3.798825e+01	1.076683e+02
3.520000e-06	5.378512e-06	1.643105e-09	3.803732e+01	1.077025e+02
3.530000e-06	5.385046e-06	1.644567e-09	3.808353e+01	1.077330e+02
3.540000e-06	5.391200e-06	1.648314e-09	3.812705e+01	1.077604e+02
3.550000e-06	5.396890e-06	1.651984e-09	3.816729e+01	1.077854e+02
3.560000e-06	5.402187e-06	1.653369e-09	3.820475e+01	1.078083e+02
3.570000e-06	5.407192e-06	1.653423e-09	3.824014e+01	1.078293e+02
3.580000e-06	5.411869e-06	1.652918e-09	3.827322e+01	1.078483e+02
3.590000e-06	5.416163e-06	1.651848e-09	3.830359e+01	1.078648e+02
3.600000e-06	5.420156e-06	1.650330e-09	3.833183e+01	1.078780e+02
3.610000e-06	5.423971e-06	1.649727e-09	3.835881e+01	1.078868e+02
3.620000e-06	5.427581e-06	1.650325e-09	3.838434e+01	1.078898e+02
3.630000e-06	5.430773e-06	1.650009e-09	3.840691e+01	1.078854e+02
3.640000e-06	5.433420e-06	1.649768e-09	3.842563e+01	1.078718e+02
3.650000e-06	5.435466e-06	1.650988e-09	3.844010e+01	1.078472e+02
3.660000e-06	5.436872e-06	1.654352e-09	3.845004e+01	1.078098e+02
3.670000e-06	5.437720e-06	1.658635e-09	3.845604e+01	1.077581e+02
3.680000e-06	5.438152e-06	1.660579e-09	3.845910e+01	1.076907e+02
3.690000e-06	5.438280e-06	1.659178e-09	3.846000e+01	1.076067e+02
3.700000e-06	5.438134e-06	1.659325e-09	3.845897e+01	1.075058e+02
3.710000e-06	5.437738e-06	1.661104e-09	3.845617e+01	1.073881e+02
3.720000e-06	5.437105e-06	1.659225e-09	3.845169e+01	1.072545e+02
3.730000e-06	5.436106e-06	1.654267e-09	3.844463e+01	1.071066e+02
3.740000e-06	5.434676e-06	1.648268e-09	3.843451e+01	1.069466e+02
3.750000e-06	5.432857e-06	1.635337e-09	3.842165e+01	1.067773e+02
3.760000e-06	5.430714e-06	1.614323e-09	3.840650e+01	1.066025e+02
3.770000e-06	5.428299e-06	1.636484e-09	3.838941e+01	1.064261e+02
3.780000e-06	5.425535e-06	1.703602e-09	3.836987e+01	1.062525e+02
3.790000e-06	5.422326e-06	1.656101e-09	3.834717e+01	1.060865e+02
3.800000e-06	5.418675e-06	1.530009e-09	3.832135e+01	1.059328e+02
3.810000e-06	5.414614e-06	1.563287e-09	3.829263e+01	1.057962e+02
3.820000e-06	5.410256e-06	1.697059e-09	3.826181e+01	1.056810e+02
3.830000e-06	5.405711e-06	1.665008e-09	3.822967e+01	1.055911e+02
3.840000e-06	5.400876e-06	1.500305e-09	3.819548e+01	1.055298e+02
3.850000e-06	5.395529e-06	1.532770e-09	3.815766e+01	1.054996e+02
3.860000e-06	5.389557e-06	1.746221e-09	3.811543e+01	1.055021e+02
3.870000e-06	5.383234e-06	1.703238e-09	3.807071e+01	1.055377e+02
3.880000e-06	5.376495e-06	1.474841e-09	3.802305e+01	1.056061e+02
3.890000e-06	5.369126e-06	1.518659e-09	3.797094e+01	1.057056e+02
3.900000e-06	5.361269e-06	1.729719e-09	3.791537e+01	1.058335e+02
3.910000e-06	5.353100e-06	1.649950e-09	3.785760e+01	1.059864e+02
3.920000e-06	5.344694e-06	1.446755e-09	3.779815e+01	1.061598e+02
3.930000e-06	5.335865e-06	1.579072e-09	3.773571e+01	1.063485e+02
3.940000e-06	5.326624e-06	1.749077e-09	3.767036e+01	1.065468e+02
3.950000e-06	5.317152e-06	1.592940e-09	3.760337e+01	1.067488e+02
3.960000e-06	5.307325e-06	1.455174e-09	3.753388e+01	1.069482e+02
3.970000e-06	5.297032e-06	1.644648e-09	3.746109e+01	1.071392e+02
3.980000e-06	5.286423e-06	1.727182e-09	3.738605e+01	1.073159e+02
3.990000e-06	5.275535e-06	1.551827e-09	3.730905e+01	1.074731e+02
4.000000e-06	5.264220e-06	1.564776e-09	3.722904e+01	1.076062e+02
4.010000e-06	5.252437e-06	1.764470e-09	3.714570e+01	1.077116e+02
4.020000e-06	5.240233e-06	1.700305e-09	3.705940e+01	1.077862e+02
4.030000e-06	5.227623e-06	1.524154e-09	3.697021e+01	1.078283e+02
4.040000e-06	5.214624e-06	1.615107e-09	3.687829e+01	1.078369e+02
4.050000e-06	5.201166e-06	1.712435e-09	3.678311e+01	1.078121e+02
4.060000e-06	5.187154e-06	1.581821e-09	3.668402e+01	1.077551e+02
4.070000e-06	5.172434e-06	1.554402e-09	3.657991e+01	1.076676e+02
4.080000e-06	5.157044e-06	1.678747e-09	3.647108e+01	1.075521e+02
4.090000e-06	5.141303e-06	1.654781e-09	3.635975e+01	1.074118e+02
4.100000e-06	5.125336e-06	1.579769e-09	3.624684e+01	1.072501e+02
4.110000e-06	5.109114e-06	1.628314e-09	3.613211e+01	1.070708e+02
4.120000e-06	5.092600e-06	1.623763e-09	3.601532e+01	1.068774e+02
4.130000e-06	5.075764e-06	1.544810e-09	3.589625e+01	1.066737e+02
4.140000e-06	5.058579e-06	1.586475e-09	3.577472e+01	1.064628e+02
4.150000e-06	5.041007e-06	1.634146e-09	3.565045e+01	1.062478e+02
4.160000e-06	5.023078e-06	1.582823e-09	3.552365e+01	1.060309e+02
4.170000e-06	5.004840e-06	1.577415e-09	3.539468e+01	1.058140e+02
4.180000e-06	4.986321e-06	1.631571e-09	3.526371e+01	1.055982e+02
4.190000e-06	4.967493e-06	1.606589e-09	3.513055e+01	1.053842e+02
4.200000e-06	4.948269e-06	1.568277e-09	3.499460e+01	1.051719e+02
4.210000e-06	4.928717e-06	1.569357e-09	3.485633e+01	1.049609e+02
4.220000e-06	4.908914e-06	1.575024e-09	3.471627e+01	1.047503e+02
4.230000e-06	4.888871e-06	1.581211e-09	3.457453e+01	1.045387e+02
4.240000e-06	4.868639e-06	1.585330e-09	3.443145e+01	1.043248e+02
4.250000e-06	4.848130e-06	1.561828e-09	3.428641e+01	1.041069e+02
4.260000e-06	4.827181e-06	1.568013e-09	3.413825e+01	1.038836e+02
4.270000e-06	4.805810e-06	1.584654e-09	3.398712e+01	1.036535e+02
4.280000e-06	4.783918e-06	1.561787e-09	3.383230e+01	1.034154e+02
4.290000e-06	4.761382e-06	1.543965e-09	3.367292e+01	1.031686e+02
4.300000e-06	4.738275e-06	1.555406e-09	3.350950e+01	1.029126e+02
4.310000e-06	4.714772e-06	1.548723e-09	3.334329e+01	1.026473e+02
4.320000e-06	4.690993e-06	1.542473e-09	3.317512e+01	1.023731e+02
4.330000e-06	4.666906e-06	1.538489e-09	3.300477e+01	1.020906e+02
4.340000e-06	4.642598e-06	1.514398e-09	3.283287e+01	1.018011e+02
4.350000e-06	4.618147e-06	1.510491e-09	3.265995e+01	1.015056e+02
4.360000e-06	4.593469e-06	1.529356e-09	3.248542e+01	1.012059e+02
4.370000e-06	4.568462e-06	1.516436e-09	3.230857e+01	1.009033e+02
4.380000e-06	4.543049e-06	1.498588e-09	3.212884e+01	1.005997e+02
4.390000e-06	4.517254e-06	1.514214e-09	3.194643e+01	1.002963e+02
4.400000e-06	4.491172e-06	1.519264e-09	3.176197e+01	9.999461e+01
4.410000e-06	4.464795e-06	1.500772e-09	3.157543e+01	9.969561e+01
4.420000e-06	4.438085e-06	1.483039e-09	3.138653e+01	9.940006e+01
4.430000e-06	4.411055e-06	1.476524e-09	3.119537e+01	9.910838e+01
4.440000e-06	4.383685e-06	1.479883e-09	3.100181e+01	9.882058e+01
4.450000e-06	4.355950e-06	1.482463e-09	3.080567e+01	9.853633e+01
4.460000e-06	4.328033e-06	1.471350e-09	3.060823e+01	9.825497e+01
4.470000e-06	4.300020e-06	1.470930e-09	3.041012e+01	9.797555e+01
4.480000e-06	4.271803e-06	1.480595e-09	3.021057e+01	9.769687e+01
4.490000e-06	4.243359e-06	1.480271e-09	3.000941e+01	9.741760e+01
4.500000e-06	4.214677e-06	1.468470e-09	2.980657e+01	9.713632e+01
4.510000e-06	4.185735e-06	1.460859e-09	2.960189e+01	9.685163e+01
4.520000e-06	4.156264e-06	1.456013e-09	2.939347e+01	9.656224e+01
4.530000e-06	4.126135e-06	1.456866e-09	2.918040e+01	9.626701e+01
4.540000e-06	4.095477e-06	1.456842e-09	2.896358e+01	9.596504e+01
4.550000e-06	4.064279e-06	1.452164e-09	2.874294e+01	9.565575e+01
4.560000e-06	4.032743e-06	1.446367e-09	2.851992e+01	9.533883e+01
4.570000e-06	4.001046e-06	1.444741e-09	2.829575e+01	9.501436e+01
4.580000e-06	3.969169e-06	1.439128e-09	2.807031e+01	9.468269e+01
4.590000e-06	3.937132e-06	1.428698e-09	2.784375e+01	9.434452e+01
4.600000e-06	3.904955e-06	1.420537e-09	2.761619e+01	9.400076e+01
4.610000e-06	3.872559e-06	1.421021e-09	2.738708e+01	9.365257e+01
4.620000e-06	3.839822e-06	1.420279e-09	2.715556e+01	9.330120e+01
4.630000e-06	3.806781e-06	1.410612e-09	2.692189e+01	9.294797e+01
4.640000e-06	3.773453e-06	1.398740e-09	2.668620e+01	9.259416e+01
4.650000e-06	3.739903e-06	1.394514e-09	2.644893e+01	9.224097e+01
4.660000e-06	3.706169e-06	1.391302e-09	2.621036e+01	9.188939e+01
4.670000e-06	3.672140e-06	1.381560e-09	2.596970e+01	9.154021e+01
4.680000e-06	3.637833e-06	1.372834e-09	2.572708e+01	9.119392e+01
4.690000e-06	3.603318e-06	1.370705e-09	2.548299e+01	9.085069e+01
4.700000e-06	3.568603e-06	1.372338e-09	2.523748e+01	9.051039e+01
4.710000e-06	3.533575e-06	1.368032e-09	2.498976e+01	9.017255e+01
4.720000e-06	3.498283e-06	1.358606e-09	2.474017e+01	8.983641e+01
4.730000e-06	3.462832e-06	1.351454e-09	2.448946e+01	8.950096e+01
4.740000e-06	3.427153e-06	1.348904e-09	2.423713e+01	8.916497e+01
4.750000e-06	3.391289e-06	1.344511e-09	2.398350e+01	8.882711e+01
4.760000e-06	3.355318e-06	1.336931e-09	2.372911e+01	8.848594e+01
4.770000e-06	3.319191e-06	1.328196e-09	2.347361e+01	8.814006e+01
4.780000e-06	3.282817e-06	1.322431e-09	2.321638e+01	8.778812e+01
4.790000e-06	3.246260e-06	1.317582e-09	2.295784e+01	8.742895e+01
4.800000e-06	3.209507e-06	1.310583e-09	2.269792e+01	8.706156e+01
4.810000e-06	3.172533e-06	1.300461e-09	2.243643e+01	8.668523e+01
4.820000e-06	3.135252e-06	1.295519e-09	2.217278e+01	8.629952e+01
4.830000e-06	3.097547e-06	1.292936e-09	2.190613e+01	8.590429e+01
4.840000e-06	3.059451e-06	1.284963e-09	2.163671e+01	8.549970e+01
4.850000e-06	3.020908e-06	1.272190e-09	2.136413e+01	8.508620e+01
4.860000e-06	2.982012e-06	1.262783e-09	2.108906e+01	8.466448e+01
4.870000e-06	2.942858e-06	1.258049e-09	2.081215e+01	8.423545e+01
4.880000e-06	2.903369e-06	1.253576e-09	2.053289e+01	8.380019e+01
4.890000e-06	2.863600e-06	1.245346e-09	2.025163e+01	8.335985e+01
4.900000e-06	2.823693e-06	1.237675e-09	1.996941e+01	8.291563e+01
4.910000e-06	2.783731e-06	1.234237e-09	1.968680e+01	8.246869e+01
4.920000e-06	2.743649e-06	1.232178e-09	1.940333e+01	8.202008e+01
4.930000e-06	2.703429e-06	1.225476e-09	1.911889e+01	8.157073e+01
4.940000e-06	2.663142e-06	1.216256e-09	1.883398e+01	8.112137e+01
4.950000e-06	2.622717e-06	1.210024e-09	1.854809e+01	8.067250e+01
4.960000e-06	2.582156e-06	1.204932e-09	1.826124e+01	8.022438e+01
4.970000e-06	2.541430e-06	1.198102e-09	1.797322e+01	7.977701e+01
4.980000e-06	2.500490e-06	1.190614e-09	1.768369e+01	7.933018e+01
4.990000e-06	2.459349e-06	1.185627e-09	1.739274e+01	7.888341e+01
5.000000e-06	2.418066e-06	1.182871e-09	1.710078e+01	7.843608e+01
5.010000e-06	2.376644e-06	1.176974e-09	1.680784e+01	7.798739e+01
5.020000e-06	2.335018e-06	1.165271e-09	1.651346e+01	7.753641e+01
5.030000e-06	2.293225e-06	1.154606e-09	1.621789e+01	7.708221e+01
5.040000e-06	2.251326e-06	1.148212e-09	1.592158e+01	7.662379e+01
5.050000e-06	2.209305e-06	1.142671e-09	1.562440e+01	7.616021e+01
5.060000e-06	2.167035e-06	1.134879e-09	1.532546e+01	7.569062e+01
5.070000e-06	2.124631e-06	1.128113e-09	1.502558e+01	7.521424e+01
5.080000e-06	2.082190e-06	1.121613e-09	1.472543e+01	7.473046e+01
5.090000e-06	2.039617e-06	1.114157e-09	1.442435e+01	7.423880e+01
5.100000e-06	1.996862e-06	1.104266e-09	1.412198e+01	7.373893e+01
5.110000e-06	1.953915e-06	1.094976e-09	1.381826e+01	7.323067e+01
5.120000e-06	1.910818e-06	1.089107e-09	1.351347e+01	7.271399e+01
5.130000e-06	1.867584e-06	1.085249e-09	1.320772e+01	7.218893e+01
5.140000e-06	1.824171e-06	1.079995e-09	1.290070e+01	7.165566e+01
5.150000e-06	1.780644e-06	1.072725e-09	1.259288e+01	7.111438e+01
5.160000e-06	1.737006e-06	1.064690e-09	1.228426e+01	7.056531e+01
5.170000e-06	1.693260e-06	1.056622e-09	1.197489e+01	7.000867e+01
5.180000e-06	1.649457e-06	1.047902e-09	1.166511e+01	6.944462e+01
5.190000e-06	1.605551e-06	1.038061e-09	1.135460e+01	6.887328e+01
5.200000e-06	1.561548e-06	1.028654e-09	1.104341e+01	6.829469e+01
5.210000e-06	1.517493e-06	1.020654e-09	1.073185e+01	6.770877e+01
5.220000e-06	1.473385e-06	1.013528e-09	1.041991e+01	6.711540e+01
5.230000e-06	1.429233e-06	1.006978e-09	1.010766e+01	6.651431e+01
5.240000e-06	1.385028e-06	1.000168e-09	9.795042e+00	6.590522e+01
5.250000e-06	1.340752e-06	9.927122e-10	9.481919e+00	6.528773e+01
5.260000e-06	1.296442e-06	9.837081e-10	9.168555e+00	6.466146e+01
5.270000e-06	1.252096e-06	9.722418e-10	8.854933e+00	6.402598e+01
5.280000e-06	1.207682e-06	9.565521e-10	8.540837e+00	6.338091e+01
5.290000e-06	1.163199e-06	9.423211e-10	8.226248e+00	6.272587e+01
5.300000e-06	1.118704e-06	9.339896e-10	7.911576e+00	6.206059e+01
5.310000e-06	1.074135e-06	9.266035e-10	7.596375e+00	6.138485e+01
5.320000e-06	1.029455e-06	9.192132e-10	7.280396e+00	6.069853e+01
5.330000e-06	9.847459e-07	9.125279e-10	6.964211e+00	6.000161e+01
5.340000e-06	9.399651e-07	9.034663e-10	6.647517e+00	5.929416e+01
5.350000e-06	8.950580e-07	8.879142e-10	6.329930e+00	5.857633e+01
5.360000e-06	8.501180e-07	8.688184e-10	6.012110e+00	5.784836e+01
5.370000e-06	8.051746e-07	8.520368e-10	5.694267e+00	5.711052e+01
5.380000e-06	7.601814e-07	8.400295e-10	5.376071e+00	5.636310e+01
5.390000e-06	7.151244e-07	8.314409e-10	5.057424e+00	5.560640e+01
5.400000e-06	6.699433e-07	8.243453e-10	4.737899e+00	5.484068e+01
5.410000e-06	6.246434e-07	8.159032e-10	4.417534e+00	5.406614e+01
5.420000e-06	5.793031e-07	8.052803e-10	4.096883e+00	5.328288e+01
5.430000e-06	5.339355e-07	7.928068e-10	3.776039e+00	5.249090e+01
5.440000e-06	4.885756e-07	7.782446e-10	3.455250e+00	5.169010e+01
5.450000e-06	4.432111e-07	7.619380e-10	3.134428e+00	5.088021e+01
5.460000e-06	3.977873e-07	7.457036e-10	2.813187e+00	5.006085e+01
5.470000e-06	3.522572e-07	7.329625e-10	2.491194e+00	4.923154e+01
5.480000e-06	3.066167e-07	7.236705e-10	2.168421e+00	4.839164e+01
5.490000e-06	2.609699e-07	7.144053e-10	1.845603e+00	4.754048e+01
5.500000e-06	2.153624e-07	7.031053e-10	1.523062e+00	4.667727e+01
5.510000e-06	1.697363e-07	6.871789e-10	1.200391e+00	4.580123e+01
5.520000e-06	1.241100e-07	6.697701e-10	8.777167e-01	4.491156e+01
5.530000e-06	7.844844e-08	6.536153e-10	5.547944e-01	4.400748e+01
5.540000e-06	3.279959e-08	6.374084e-10	2.319616e-01	4.308827e+01
5.550000e-06	-1.282813e-08	6.211150e-10	-9.072171e-02	4.215331e+01
5.560000e-06	-5.842333e-08	6.086730e-10	-4.131750e-01	4.120205e+01
5.570000e-06	-1.040360e-07	5.992783e-10	-7.357518e-01	4.023409e+01
5.580000e-06	-1.496572e-07	5.871276e-10	-1.058389e+00	3.924913e+01
5.590000e-06	-1.951922e-07	5.698851e-10	-1.380416e+00	3.824700e+01
5.600000e-06	-2.407712e-07	5.505770e-10	-1.702756e+00	3.722766e+01
5.610000e-06	-2.863045e-07	5.345887e-10	-2.024771e+00	3.619117e+01
5.620000e-06	-3.317377e-07	5.197362e-10	-2.346079e+00	3.513766e+01
5.630000e-06	-3.772017e-07	5.015166e-10	-2.667604e+00	3.406733e+01
5.640000e-06	-4.227044e-07	4.854598e-10	-2.989403e+00	3.298045e+01
5.650000e-06	-4.680631e-07	4.746899e-10	-3.310184e+00	3.187725e+01
5.660000e-06	-5.133877e-07	4.630322e-10	-3.630723e+00	3.075797e+01
5.670000e-06	-5.588451e-07	4.471362e-10	-3.952202e+00	2.962283e+01
5.680000e-06	-6.042356e-07	4.274755e-10	-4.273208e+00	2.847196e+01
5.690000e-06	-6.495171e-07	4.069242e-10	-4.593443e+00	2.730543e+01
5.700000e-06	-6.946948e-07	3.874707e-10	-4.912944e+00	2.612323e+01
5.710000e-06	-7.397923e-07	3.690435e-10	-5.231877e+00	2.492527e+01
5.720000e-06	-7.848810e-07	3.519492e-10	-5.550748e+00	2.371138e+01
5.730000e-06	-8.299358e-07	3.377579e-10	-5.869380e+00	2.248132e+01
5.740000e-06	-8.748588e-07	3.261987e-10	-6.187080e+00	2.123481e+01
5.750000e-06	-9.196442e-07	3.143209e-10	-6.503806e+00	1.997154e+01
5.760000e-06	-9.643647e-07	2.969972e-10	-6.820073e+00	1.869119e+01
5.770000e-06	-1.009030e-06	2.715849e-10	-7.135947e+00	1.739348e+01
5.780000e-06	-1.053698e-06	2.429437e-10	-7.451846e+00	1.607816e+01
5.790000e-06	-1.098250e-06	2.150941e-10	-7.766925e+00	1.474507e+01
5.800000e-06	-1.142660e-06	1.889343e-10	-8.080993e+00	1.339414e+01
5.810000e-06	-1.187032e-06	1.680899e-10	-8.394795e+00	1.202543e+01
5.820000e-06	-1.231335e-06	1.534009e-10	-8.708108e+00	1.063911e+01
5.830000e-06	-1.275553e-06	1.403813e-10	-9.020821e+00	9.235479e+00
5.840000e-06	-1.319719e-06	1.245310e-10	-9.333170e+00	7.814985e+00
5.850000e-06	-1.363844e-06	1.056135e-10	-9.645228e+00	6.378185e+00
5.860000e-06	-1.407953e-06	8.343383e-11	-9.957168e+00	4.925752e+00
5.870000e-06	-1.452055e-06	5.689527e-11	-1.026907e+01	3.458453e+00
5.880000e-06	-1.496114e-06	2.598500e-11	-1.058065e+01	1.977121e+00
5.890000e-06	-1.540101e-06	-4.448700e-12	-1.089173e+01	4.826395e-01
5.900000e-06	-1.584017e-06	-2.604167e-11	-1.120231e+01	-1.024089e+00
5.910000e-06	-1.627876e-06	-4.125492e-11	-1.151249e+01	-2.542163e+00
5.920000e-06	-1.671684e-06	-5.797163e-11	-1.182230e+01	-4.070710e+00
5.930000e-06	-1.715382e-06	-7.735306e-11	-1.213134e+01	-5.608898e+00
5.940000e-06	-1.758967e-06	-9.805668e-11	-1.243957e+01	-7.155955e+00
5.950000e-06	-1.802421e-06	-1.204098e-10	-1.274689e+01	-8.711175e+00
5.960000e-06	-1.845707e-06	-1.472785e-10	-1.305300e+01	-1.027392e+01
5.970000e-06	-1.888863e-06	-1.792118e-10	-1.335821e+01	-1.184361e+01
5.980000e-06	-1.931911e-06	-2.096844e-10	-1.366265e+01	-1.341974e+01
5.990000e-06	-1.974780e-06	-2.342746e-10	-1.396582e+01	-1.500182e+01
6.000000e-06	-2.017510e-06	-2.570638e-10	-1.426801e+01	-1.658940e+01
6.010000e-06	-2.060085e-06	-2.818736e-10	-1.456911e+01	-1.818202e+01
6.020000e-06	-2.102477e-06	-3.083122e-10	-1.486890e+01	-1.977920e+01
6.030000e-06	-2.144759e-06	-3.329549e-10	-1.516793e+01	-2.138041e+01
6.040000e-06	-2.186912e-06	-3.556333e-10	-1.546604e+01	-2.298506e+01
6.050000e-06	-2.228941e-06	-3.798525e-10	-1.576327e+01	-2.459246e+01
6.060000e-06	-2.270806e-06	-4.052416e-10	-1.605934e+01	-2.620183e+01
6.070000e-06	-2.312495e-06	-4.313985e-10	-1.635417e+01	-2.781226e+01
6.080000e-06	-2.354081e-06	-4.587718e-10	-1.664827e+01	-2.942275e+01
6.090000e-06	-2.395506e-06	-4.861735e-10	-1.694123e+01	-3.103215e+01
6.100000e-06	-2.436666e-06	-5.122371e-10	-1.723232e+01	-3.263924e+01
6.110000e-06	-2.477651e-06	-5.373824e-10	-1.752217e+01	-3.424267e+01
6.120000e-06	-2.518516e-06	-5.619951e-10	-1.781117e+01	-3.584105e+01
6.130000e-06	-2.559203e-06	-5.837312e-10	-1.809891e+01	-3.743290e+01
6.140000e-06	-2.599690e-06	-6.029611e-10	-1.838524e+01	-3.901673e+01
6.150000e-06	-2.639985e-06	-6.239653e-10	-1.867021e+01	-4.059105e+01
6.160000e-06	-2.680147e-06	-6.475871e-10	-1.895424e+01	-4.215436e+01
6.170000e-06	-2.720206e-06	-6.737455e-10	-1.923754e+01	-4.370524e+01
6.180000e-06	-2.760143e-06	-6.993353e-10	-1.951998e+01	-4.524231e+01
6.190000e-06	-2.799954e-06	-7.224444e-10	-1.980153e+01	-4.676428e+01
6.200000e-06	-2.839672e-06	-7.445381e-10	-2.008241e+01	-4.826996e+01
6.210000e-06	-2.879280e-06	-7.664303e-10	-2.036252e+01	-4.975827e+01
6.220000e-06	-2.918774e-06	-7.856670e-10	-2.064183e+01	-5.122824e+01
6.230000e-06	-2.958096e-06	-8.030335e-10	-2.091992e+01	-5.267899e+01
6.240000e-06	-2.997077e-06	-8.231905e-10	-2.119560e+01	-5.410979e+01
6.250000e-06	-3.035600e-06	-8.470547e-10	-2.146804e+01	-5.551997e+01
6.260000e-06	-3.073663e-06	-8.713011e-10	-2.173722e+01	-5.690898e+01
6.270000e-06	-3.111367e-06	-8.923187e-10	-2.200387e+01	-5.827635e+01
6.280000e-06	-3.148733e-06	-9.110582e-10	-2.226812e+01	-5.962166e+01
6.290000e-06	-3.185774e-06	-9.299054e-10	-2.253007e+01	-6.094456e+01
6.300000e-06	-3.222512e-06	-9.481211e-10	-2.278989e+01	-6.224477e+01
6.310000e-06	-3.258961e-06	-9.634903e-10	-2.304766e+01	-6.352203e+01
6.320000e-06	-3.295216e-06	-9.793759e-10	-2.330406e+01	-6.477612e+01
6.330000e-06	-3.331362e-06	-9.990801e-10	-2.355969e+01	-6.600689e+01
6.340000e-06	-3.367404e-06	-1.021093e-09	-2.381458e+01	-6.721420e+01
6.350000e-06	-3.403253e-06	-1.041790e-09	-2.406811e+01	-6.839795e+01
6.360000e-06	-3.438892e-06	-1.060195e-09	-2.432015e+01	-6.955810e+01
6.370000e-06	-3.474388e-06	-1.075865e-09	-2.457118e+01	-7.069467e+01
6.380000e-06	-3.509714e-06	-1.088121e-09	-2.482101e+01	-7.180772e+01
6.390000e-06	-3.544794e-06	-1.098916e-09	-2.506910e+01	-7.289738e+01
6.400000e-06	-3.579559e-06	-1.111324e-09	-2.531496e+01	-7.396384e+01
6.410000e-06	-3.614040e-06	-1.126417e-09	-2.555882e+01	-7.500737e+01
6.420000e-06	-3.648254e-06	-1.144296e-09	-2.580078e+01	-7.602828e+01
6.430000e-06	-3.682156e-06	-1.162147e-09	-2.604054e+01	-7.702697e+01
6.440000e-06	-3.715880e-06	-1.177667e-09	-2.627904e+01	-7.800384e+01
6.450000e-06	-3.749423e-06	-1.192259e-09	-2.651625e+01	-7.895935e+01
6.460000e-06	-3.782698e-06	-1.205281e-09	-2.675158e+01	-7.989398e+01
6.470000e-06	-3.815665e-06	-1.217278e-09	-2.698473e+01	-8.080817e+01
6.480000e-06	-3.848178e-06	-1.229814e-09	-2.721466e+01	-8.170237e+01
6.490000e-06	-3.880403e-06	-1.243789e-09	-2.744256e+01	-8.257697e+01
6.500000e-06	-3.912554e-06	-1.259694e-09	-2.766993e+01	-8.343228e+01
6.510000e-06	-3.944573e-06	-1.275350e-09	-2.789638e+01	-8.426855e+01
6.520000e-06	-3.976443e-06	-1.288340e-09	-2.812176e+01	-8.508594e+01
6.530000e-06	-4.008101e-06	-1.299092e-09	-2.834564e+01	-8.588448e+01
6.540000e-06	-4.039461e-06	-1.308285e-09	-2.856743e+01	-8.666414e+01
6.550000e-06	-4.070415e-06	-1.317081e-09	-2.878634e+01	-8.742476e+01
6.560000e-06	-4.100835e-06	-1.327105e-09	-2.900147e+01	-8.816612e+01
6.570000e-06	-4.130743e-06	-1.339485e-09	-2.921299e+01	-8.888791e+01
6.580000e-06	-4.160112e-06	-1.351945e-09	-2.942068e+01	-8.958981e+01
6.590000e-06	-4.188928e-06	-1.361094e-09	-2.962447e+01	-9.027146e+01
6.600000e-06	-4.217374e-06	-1.369783e-09	-2.982565e+01	-9.093255e+01
6.610000e-06	-4.245623e-06	-1.377921e-09	-3.002543e+01	-9.157279e+01
6.620000e-06	-4.273742e-06	-1.384327e-09	-3.022429e+01	-9.219200e+01
6.630000e-06	-4.301738e-06	-1.390971e-09	-3.042227e+01	-9.279010e+01
6.640000e-06	-4.329566e-06	-1.400156e-09	-3.061908e+01	-9.336717e+01
6.650000e-06	-4.357118e-06	-1.411750e-09	-3.081393e+01	-9.392343e+01
6.660000e-06	-4.384353e-06	-1.424564e-09	-3.100654e+01	-9.445929e+01
6.670000e-06	-4.411343e-06	-1.435648e-09	-3.119741e+01	-9.497534e+01
6.680000e-06	-4.437946e-06	-1.441815e-09	-3.138555e+01	-9.547232e+01
6.690000e-06	-4.464190e-06	-1.444428e-09	-3.157115e+01	-9.595115e+01
6.700000e-06	-4.490238e-06	-1.446314e-09	-3.175537e+01	-9.641288e+01
6.710000e-06	-4.515942e-06	-1.449895e-09	-3.193714e+01	-9.685865e+01
6.720000e-06	-4.541275e-06	-1.455775e-09	-3.211630e+01	-9.728968e+01
6.730000e-06	-4.566335e-06	-1.463089e-09	-3.229353e+01	-9.770720e+01
6.740000e-06	-4.591050e-06	-1.472518e-09	-3.246832e+01	-9.811244e+01
6.750000e-06	-4.615410e-06	-1.483958e-09	-3.264059e+01	-9.850652e+01
6.760000e-06	-4.639551e-06	-1.493612e-09	-3.281132e+01	-9.889049e+01
6.770000e-06	-4.663567e-06	-1.499039e-09	-3.298116e+01	-9.926524e+01
6.780000e-06	-4.687421e-06	-1.501618e-09	-3.314986e+01	-9.963149e+01
6.790000e-06	-4.710919e-06	-1.505540e-09	-3.331604e+01	-9.998974e+01
6.800000e-06	-4.734049e-06	-1.511018e-09	-3.347962e+01	-1.003403e+02
6.810000e-06	-4.756701e-06	-1.516184e-09	-3.363981e+01	-1.006833e+02
6.820000e-06	-4.778766e-06	-1.521201e-09	-3.379586e+01	-1.010186e+02
6.830000e-06	-4.800295e-06	-1.527275e-09	-3.394811e+01	-1.013460e+02
6.840000e-06	-4.821237e-06	-1.534600e-09	-3.409622e+01	-1.016650e+02
6.850000e-06	-4.841792e-06	-1.542000e-09	-3.424158e+01	-1.019751e+02
6.860000e-06	-4.862097e-06	-1.546803e-09	-3.438519e+01	-1.022757e+02
6.870000e-06	-4.882168e-06	-1.549583e-09	-3.452713e+01	-1.025663e+02
6.880000e-06	-4.902071e-06	-1.552113e-09	-3.466788e+01	-1.028462e+02
6.890000e-06	-4.921765e-06	-1.553985e-09	-3.480716e+01	-1.031150e+02
6.900000e-06	-4.941169e-06	-1.554585e-09	-3.494438e+01	-1.033723e+02
6.910000e-06	-4.960165e-06	-1.557267e-09	-3.507873e+01	-1.036180e+02
6.920000e-06	-4.978729e-06	-1.564723e-09	-3.521001e+01	-1.038519e+02
6.930000e-06	-4.996978e-06	-1.572089e-09	-3.533907e+01	-1.040742e+02
6.940000e-06	-5.014986e-06	-1.575594e-09	-3.546643e+01	-1.042853e+02
6.950000e-06	-5.032673e-06	-1.576734e-09	-3.559151e+01	-1.044857e+02
6.960000e-06	-5.049963e-06	-1.577653e-09	-3.571379e+01	-1.046760e+02
6.970000e-06	-5.066882e-06	-1.578716e-09	-3.583344e+01	-1.048570e+02
6.980000e-06	-5.083443e-06	-1.579135e-09	-3.595056e+01	-1.050296e+02
6.990000e-06	-5.099666e-06	-1.579695e-09	-3.606529e+01	-1.051948e+02
7.000000e-06	-5.115614e-06	-1.583386e-09	-3.617808e+01	-1.053534e+02
7.010000e-06	-5.131360e-06	-1.588894e-09	-3.628943e+01	-1.055062e+02
7.020000e-06	-5.146863e-06	-1.591778e-09	-3.639908e+01	-1.056540e+02
7.030000e-06	-5.161858e-06	-1.590470e-09	-3.650512e+01	-1.057974e+02
7.040000e-06	-5.176196e-06	-1.588779e-09	-3.660652e+01	-1.059368e+02
7.050000e-06	-5.189904e-06	-1.587962e-09	-3.670346e+01	-1.060724e+02
7.060000e-06	-5.202951e-06	-1.585565e-09	-3.679574e+01	-1.062044e+02
7.070000e-06	-5.215535e-06	-1.583686e-09	-3.688473e+01	-1.063325e+02
7.080000e-06	-5.227806e-06	-1.585787e-09	-3.697151e+01	-1.064566e+02
7.090000e-06	-5.239755e-06	-1.591264e-09	-3.705601e+01	-1.065760e+02
7.100000e-06	-5.251349e-06	-1.597710e-09	-3.713801e+01	-1.066904e+02
7.110000e-06	-5.262562e-06	-1.599725e-09	-3.721731e+01	-1.067991e+02
7.120000e-06	-5.273405e-06	-1.597512e-09	-3.729399e+01	-1.069016e+02
7.130000e-06	-5.283863e-06	-1.595430e-09	-3.736795e+01	-1.069973e+02
7.140000e-06	-5.293991e-06	-1.593983e-09	-3.743958e+01	-1.070858e+02
7.150000e-06	-5.303853e-06	-1.591844e-09	-3.750932e+01	-1.071668e+02
7.160000e-06	-5.313412e-06	-1.589501e-09	-3.757692e+01	-1.072402e+02
7.170000e-06	-5.322530e-06	-1.589211e-09	-3.764141e+01	-1.073060e+02
7.180000e-06	-5.331188e-06	-1.592004e-09	-3.770264e+01	-1.073645e+02
7.190000e-06	-5.339488e-06	-1.595285e-09	-3.776133e+01	-1.074162e+02
7.200000e-06	-5.347581e-06	-1.595624e-09	-3.781857e+01	-1.074616e+02
7.210000e-06	-5.355496e-06	-1.595455e-09	-3.787455e+01	-1.075015e+02
7.220000e-06	-5.363132e-06	-1.595882e-09	-3.792855e+01	-1.075367e+02
7.230000e-06	-5.370414e-06	-1.594050e-09	-3.798005e+01	-1.075679e+02
7.240000e-06	-5.377177e-06	-1.590392e-09	-3.802787e+01	-1.075960e+02
7.250000e-06	-5.383229e-06	-1.589377e-09	-3.807068e+01	-1.076215e+02
7.260000e-06	-5.388681e-06	-1.592170e-09	-3.810923e+01	-1.076450e+02
7.270000e-06	-5.393590e-06	-1.596436e-09	-3.814395e+01	-1.076665e+02
7.280000e-06	-5.398010e-06	-1.598800e-09	-3.817521e+01	-1.076861e+02
7.290000e-06	-5.402145e-06	-1.598932e-09	-3.820445e+01	-1.077032e+02
7.300000e-06	-5.406094e-06	-1.596219e-09	-3.823238e+01	-1.077172e+02
7.310000e-06	-5.409878e-06	-1.590114e-09	-3.825914e+01	-1.077271e+02
7.320000e-06	-5.413311e-06	-1.583184e-09	-3.828342e+01	-1.077313e+02
7.330000e-06	-5.416257e-06	-1.580953e-09	-3.830426e+01	-1.077285e+02
7.340000e-06	-5.418834e-06	-1.583640e-09	-3.832248e+01	-1.077167e+02
7.350000e-06	-5.421105e-06	-1.588745e-09	-3.833854e+01	-1.076943e+02
7.360000e-06	-5.423062e-06	-1.593936e-09	-3.835238e+01	-1.076593e+02
7.370000e-06	-5.424608e-06	-1.595919e-09	-3.836331e+01	-1.076103e+02
7.380000e-06	-5.425638e-06	-1.594357e-09	-3.837059e+01	-1.075457e+02
7.390000e-06	-5.426324e-06	-1.590033e-09	-3.837545e+01	-1.074648e+02
7.400000e-06	-5.426829e-06	-1.583340e-09	-3.837902e+01	-1.073669e+02
