# Temperatura_=_-3.4
# Concentracion g/m^3_=_4090.0
# C_Vs_to_Am_M_A/Vsm_=_65563218390.804596
# pendiente_HvsI_1/m_=_3716.3
# ordenada_HvsI_A/m_=_1297.0
# frecuencia_Hz_=_135070.9493220236

Tiempo_(s)	Campo_(V.s)	Magnetizacion_(V.s)	Campo_(kA/m)	Magnetizacion_(A/m)
0.000000e+00	-5.410152e-06	-1.547375e-09	-3.840475e+01	-1.045459e+02
1.000000e-08	-5.410104e-06	-1.547186e-09	-3.840440e+01	-1.044541e+02
2.000000e-08	-5.409862e-06	-1.546758e-09	-3.840269e+01	-1.043405e+02
3.000000e-08	-5.409319e-06	-1.542975e-09	-3.839884e+01	-1.042059e+02
4.000000e-08	-5.408323e-06	-1.539140e-09	-3.839176e+01	-1.040519e+02
5.000000e-08	-5.406796e-06	-1.537418e-09	-3.838093e+01	-1.038811e+02
6.000000e-08	-5.404649e-06	-1.535607e-09	-3.836569e+01	-1.036971e+02
7.000000e-08	-5.401973e-06	-1.548711e-09	-3.834669e+01	-1.035043e+02
8.000000e-08	-5.398743e-06	-1.573323e-09	-3.832376e+01	-1.033078e+02
9.000000e-08	-5.394934e-06	-1.550648e-09	-3.829672e+01	-1.031132e+02
1.000000e-07	-5.390777e-06	-1.500600e-09	-3.826721e+01	-1.029263e+02
1.100000e-07	-5.386458e-06	-1.556623e-09	-3.823655e+01	-1.027529e+02
1.200000e-07	-5.381983e-06	-1.574616e-09	-3.820479e+01	-1.025987e+02
1.300000e-07	-5.377124e-06	-1.538099e-09	-3.817029e+01	-1.024689e+02
1.400000e-07	-5.371747e-06	-1.471420e-09	-3.813213e+01	-1.023679e+02
1.500000e-07	-5.366025e-06	-1.543233e-09	-3.809151e+01	-1.022992e+02
1.600000e-07	-5.360028e-06	-1.615553e-09	-3.804894e+01	-1.022653e+02
1.700000e-07	-5.353476e-06	-1.524230e-09	-3.800242e+01	-1.022673e+02
1.800000e-07	-5.346362e-06	-1.479547e-09	-3.795193e+01	-1.023052e+02
1.900000e-07	-5.339053e-06	-1.554873e-09	-3.790004e+01	-1.023773e+02
2.000000e-07	-5.331627e-06	-1.627667e-09	-3.784733e+01	-1.024810e+02
2.100000e-07	-5.323962e-06	-1.523887e-09	-3.779292e+01	-1.026122e+02
2.200000e-07	-5.315984e-06	-1.516052e-09	-3.773629e+01	-1.027660e+02
2.300000e-07	-5.307718e-06	-1.602951e-09	-3.767760e+01	-1.029362e+02
2.400000e-07	-5.299016e-06	-1.623442e-09	-3.761583e+01	-1.031165e+02
2.500000e-07	-5.289546e-06	-1.539394e-09	-3.754861e+01	-1.032997e+02
2.600000e-07	-5.279436e-06	-1.590475e-09	-3.747684e+01	-1.034789e+02
2.700000e-07	-5.268786e-06	-1.658963e-09	-3.740124e+01	-1.036471e+02
2.800000e-07	-5.257627e-06	-1.592095e-09	-3.732203e+01	-1.037978e+02
2.900000e-07	-5.246099e-06	-1.524021e-09	-3.724019e+01	-1.039253e+02
3.000000e-07	-5.234213e-06	-1.606310e-09	-3.715582e+01	-1.040245e+02
3.100000e-07	-5.221923e-06	-1.637361e-09	-3.706858e+01	-1.040917e+02
3.200000e-07	-5.209220e-06	-1.564431e-09	-3.697841e+01	-1.041241e+02
3.300000e-07	-5.196230e-06	-1.568835e-09	-3.688619e+01	-1.041202e+02
3.400000e-07	-5.182829e-06	-1.626311e-09	-3.679106e+01	-1.040798e+02
3.500000e-07	-5.168959e-06	-1.597533e-09	-3.669261e+01	-1.040039e+02
3.600000e-07	-5.154766e-06	-1.566825e-09	-3.659185e+01	-1.038944e+02
3.700000e-07	-5.140152e-06	-1.590516e-09	-3.648812e+01	-1.037544e+02
3.800000e-07	-5.124812e-06	-1.565241e-09	-3.637922e+01	-1.035876e+02
3.900000e-07	-5.108861e-06	-1.538536e-09	-3.626599e+01	-1.033982e+02
4.000000e-07	-5.092484e-06	-1.581810e-09	-3.614974e+01	-1.031908e+02
4.100000e-07	-5.075659e-06	-1.599103e-09	-3.603030e+01	-1.029701e+02
4.200000e-07	-5.058506e-06	-1.541087e-09	-3.590854e+01	-1.027406e+02
4.300000e-07	-5.041119e-06	-1.561830e-09	-3.578511e+01	-1.025065e+02
4.400000e-07	-5.023456e-06	-1.601670e-09	-3.565973e+01	-1.022713e+02
4.500000e-07	-5.005486e-06	-1.573682e-09	-3.553217e+01	-1.020382e+02
4.600000e-07	-4.987281e-06	-1.525461e-09	-3.540294e+01	-1.018092e+02
4.700000e-07	-4.968633e-06	-1.548128e-09	-3.527056e+01	-1.015858e+02
4.800000e-07	-4.949424e-06	-1.549068e-09	-3.513420e+01	-1.013685e+02
4.900000e-07	-4.929891e-06	-1.541644e-09	-3.499554e+01	-1.011571e+02
5.000000e-07	-4.910186e-06	-1.529240e-09	-3.485567e+01	-1.009507e+02
5.100000e-07	-4.890304e-06	-1.526552e-09	-3.471453e+01	-1.007477e+02
5.200000e-07	-4.870215e-06	-1.525810e-09	-3.457193e+01	-1.005461e+02
5.300000e-07	-4.849859e-06	-1.548729e-09	-3.442743e+01	-1.003436e+02
5.400000e-07	-4.829148e-06	-1.529702e-09	-3.428041e+01	-1.001379e+02
5.500000e-07	-4.808101e-06	-1.506535e-09	-3.413100e+01	-9.992658e+01
5.600000e-07	-4.786699e-06	-1.512895e-09	-3.397908e+01	-9.970750e+01
5.700000e-07	-4.764903e-06	-1.526781e-09	-3.382436e+01	-9.947888e+01
5.800000e-07	-4.742853e-06	-1.502820e-09	-3.366783e+01	-9.923938e+01
5.900000e-07	-4.720531e-06	-1.486330e-09	-3.350938e+01	-9.898822e+01
6.000000e-07	-4.697771e-06	-1.485753e-09	-3.334781e+01	-9.872520e+01
6.100000e-07	-4.674691e-06	-1.495528e-09	-3.318397e+01	-9.845073e+01
6.200000e-07	-4.651420e-06	-1.500796e-09	-3.301878e+01	-9.816579e+01
6.300000e-07	-4.627899e-06	-1.490026e-09	-3.285181e+01	-9.787189e+01
6.400000e-07	-4.604099e-06	-1.478771e-09	-3.268286e+01	-9.757092e+01
6.500000e-07	-4.580063e-06	-1.486051e-09	-3.251224e+01	-9.726511e+01
6.600000e-07	-4.555747e-06	-1.487228e-09	-3.233963e+01	-9.695687e+01
6.700000e-07	-4.531020e-06	-1.464973e-09	-3.216411e+01	-9.664863e+01
6.800000e-07	-4.505877e-06	-1.453987e-09	-3.198562e+01	-9.634272e+01
6.900000e-07	-4.480286e-06	-1.457802e-09	-3.180396e+01	-9.604126e+01
7.000000e-07	-4.454108e-06	-1.464297e-09	-3.161813e+01	-9.574600e+01
7.100000e-07	-4.427383e-06	-1.457399e-09	-3.142842e+01	-9.545827e+01
7.200000e-07	-4.400198e-06	-1.452967e-09	-3.123544e+01	-9.517888e+01
7.300000e-07	-4.372660e-06	-1.451327e-09	-3.103996e+01	-9.490811e+01
7.400000e-07	-4.344903e-06	-1.460312e-09	-3.084292e+01	-9.464568e+01
7.500000e-07	-4.316987e-06	-1.451981e-09	-3.064476e+01	-9.439079e+01
7.600000e-07	-4.288934e-06	-1.440793e-09	-3.044562e+01	-9.414217e+01
7.700000e-07	-4.260675e-06	-1.434683e-09	-3.024502e+01	-9.389815e+01
7.800000e-07	-4.232107e-06	-1.439125e-09	-3.004223e+01	-9.365676e+01
7.900000e-07	-4.203157e-06	-1.430857e-09	-2.983672e+01	-9.341585e+01
8.000000e-07	-4.173929e-06	-1.423281e-09	-2.962924e+01	-9.317321e+01
8.100000e-07	-4.144456e-06	-1.416455e-09	-2.942002e+01	-9.292667e+01
8.200000e-07	-4.114704e-06	-1.419849e-09	-2.920883e+01	-9.267421e+01
8.300000e-07	-4.084706e-06	-1.417760e-09	-2.899588e+01	-9.241410e+01
8.400000e-07	-4.054403e-06	-1.412349e-09	-2.878076e+01	-9.214492e+01
8.500000e-07	-4.023770e-06	-1.403452e-09	-2.856331e+01	-9.186567e+01
8.600000e-07	-3.992915e-06	-1.403217e-09	-2.834428e+01	-9.157577e+01
8.700000e-07	-3.961781e-06	-1.400450e-09	-2.812328e+01	-9.127509e+01
8.800000e-07	-3.930315e-06	-1.394533e-09	-2.789991e+01	-9.096392e+01
8.900000e-07	-3.898713e-06	-1.385276e-09	-2.767558e+01	-9.064295e+01
9.000000e-07	-3.867028e-06	-1.380563e-09	-2.745066e+01	-9.031317e+01
9.100000e-07	-3.835151e-06	-1.379542e-09	-2.722438e+01	-8.997584e+01
9.200000e-07	-3.803068e-06	-1.377425e-09	-2.699663e+01	-8.963238e+01
9.300000e-07	-3.770770e-06	-1.372051e-09	-2.676736e+01	-8.928427e+01
9.400000e-07	-3.738201e-06	-1.367842e-09	-2.653616e+01	-8.893297e+01
9.500000e-07	-3.705268e-06	-1.367139e-09	-2.630238e+01	-8.857986e+01
9.600000e-07	-3.671939e-06	-1.362068e-09	-2.606579e+01	-8.822611e+01
9.700000e-07	-3.638183e-06	-1.350541e-09	-2.582617e+01	-8.787265e+01
9.800000e-07	-3.603925e-06	-1.339354e-09	-2.558298e+01	-8.752014e+01
9.900000e-07	-3.569215e-06	-1.336333e-09	-2.533659e+01	-8.716894e+01
1.000000e-06	-3.534042e-06	-1.334546e-09	-2.508691e+01	-8.681908e+01
1.010000e-06	-3.498601e-06	-1.333753e-09	-2.483533e+01	-8.647032e+01
1.020000e-06	-3.463017e-06	-1.330841e-09	-2.458273e+01	-8.612214e+01
1.030000e-06	-3.427230e-06	-1.329218e-09	-2.432869e+01	-8.577384e+01
1.040000e-06	-3.391340e-06	-1.321809e-09	-2.407392e+01	-8.542455e+01
1.050000e-06	-3.355351e-06	-1.310805e-09	-2.381845e+01	-8.507332e+01
1.060000e-06	-3.319222e-06	-1.294246e-09	-2.356198e+01	-8.471921e+01
1.070000e-06	-3.282941e-06	-1.283712e-09	-2.330443e+01	-8.436131e+01
1.080000e-06	-3.246376e-06	-1.279135e-09	-2.304487e+01	-8.399884e+01
1.090000e-06	-3.209462e-06	-1.281827e-09	-2.278283e+01	-8.363115e+01
1.100000e-06	-3.172342e-06	-1.282049e-09	-2.251933e+01	-8.325783e+01
1.110000e-06	-3.135046e-06	-1.281598e-09	-2.225458e+01	-8.287866e+01
1.120000e-06	-3.097500e-06	-1.277264e-09	-2.198805e+01	-8.249363e+01
1.130000e-06	-3.059724e-06	-1.270269e-09	-2.171990e+01	-8.210298e+01
1.140000e-06	-3.021817e-06	-1.257527e-09	-2.145081e+01	-8.170709e+01
1.150000e-06	-2.983706e-06	-1.244856e-09	-2.118027e+01	-8.130651e+01
1.160000e-06	-2.945333e-06	-1.233392e-09	-2.090788e+01	-8.090187e+01
1.170000e-06	-2.906762e-06	-1.227274e-09	-2.063407e+01	-8.049385e+01
1.180000e-06	-2.867992e-06	-1.222749e-09	-2.035886e+01	-8.008312e+01
1.190000e-06	-2.829028e-06	-1.220567e-09	-2.008226e+01	-7.967027e+01
1.200000e-06	-2.789791e-06	-1.220560e-09	-1.980373e+01	-7.925579e+01
1.210000e-06	-2.750279e-06	-1.220111e-09	-1.952326e+01	-7.883999e+01
1.220000e-06	-2.710627e-06	-1.215743e-09	-1.924178e+01	-7.842300e+01
1.230000e-06	-2.670888e-06	-1.207370e-09	-1.895969e+01	-7.800477e+01
1.240000e-06	-2.631083e-06	-1.196733e-09	-1.867712e+01	-7.758502e+01
1.250000e-06	-2.591179e-06	-1.185513e-09	-1.839386e+01	-7.716331e+01
1.260000e-06	-2.551152e-06	-1.176489e-09	-1.810972e+01	-7.673900e+01
1.270000e-06	-2.511064e-06	-1.167719e-09	-1.782515e+01	-7.631137e+01
1.280000e-06	-2.470900e-06	-1.162157e-09	-1.754004e+01	-7.587959e+01
1.290000e-06	-2.430624e-06	-1.159007e-09	-1.725414e+01	-7.544281e+01
1.300000e-06	-2.390185e-06	-1.156136e-09	-1.696707e+01	-7.500021e+01
1.310000e-06	-2.349494e-06	-1.148570e-09	-1.667823e+01	-7.455105e+01
1.320000e-06	-2.308542e-06	-1.139963e-09	-1.638752e+01	-7.409471e+01
1.330000e-06	-2.267310e-06	-1.132007e-09	-1.609483e+01	-7.363073e+01
1.340000e-06	-2.225775e-06	-1.126436e-09	-1.579999e+01	-7.315886e+01
1.350000e-06	-2.184009e-06	-1.119363e-09	-1.550350e+01	-7.267903e+01
1.360000e-06	-2.142009e-06	-1.111390e-09	-1.520536e+01	-7.219138e+01
1.370000e-06	-2.099713e-06	-1.101959e-09	-1.490512e+01	-7.169627e+01
1.380000e-06	-2.057194e-06	-1.094071e-09	-1.460329e+01	-7.119421e+01
1.390000e-06	-2.014312e-06	-1.087052e-09	-1.429889e+01	-7.068582e+01
1.400000e-06	-1.971046e-06	-1.080368e-09	-1.399176e+01	-7.017185e+01
1.410000e-06	-1.927703e-06	-1.073833e-09	-1.368408e+01	-6.965306e+01
1.420000e-06	-1.884310e-06	-1.069173e-09	-1.337605e+01	-6.913019e+01
1.430000e-06	-1.840704e-06	-1.063848e-09	-1.306650e+01	-6.860391e+01
1.440000e-06	-1.796962e-06	-1.057878e-09	-1.275599e+01	-6.807478e+01
1.450000e-06	-1.753172e-06	-1.047892e-09	-1.244515e+01	-6.754321e+01
1.460000e-06	-1.709268e-06	-1.036232e-09	-1.213349e+01	-6.700939e+01
1.470000e-06	-1.665289e-06	-1.026011e-09	-1.182130e+01	-6.647333e+01
1.480000e-06	-1.621298e-06	-1.018642e-09	-1.150902e+01	-6.593481e+01
1.490000e-06	-1.577265e-06	-1.013331e-09	-1.119645e+01	-6.539343e+01
1.500000e-06	-1.533173e-06	-1.009610e-09	-1.088345e+01	-6.484858e+01
1.510000e-06	-1.489045e-06	-1.006543e-09	-1.057020e+01	-6.429954e+01
1.520000e-06	-1.444879e-06	-1.000299e-09	-1.025668e+01	-6.374545e+01
1.530000e-06	-1.400665e-06	-9.897585e-10	-9.942827e+00	-6.318543e+01
1.540000e-06	-1.356402e-06	-9.784889e-10	-9.628619e+00	-6.261855e+01
1.550000e-06	-1.312002e-06	-9.678480e-10	-9.313436e+00	-6.204399e+01
1.560000e-06	-1.267480e-06	-9.587847e-10	-8.997390e+00	-6.146097e+01
1.570000e-06	-1.222957e-06	-9.524080e-10	-8.681338e+00	-6.086887e+01
1.580000e-06	-1.178333e-06	-9.463984e-10	-8.364569e+00	-6.026726e+01
1.590000e-06	-1.133522e-06	-9.413720e-10	-8.046472e+00	-5.965585e+01
1.600000e-06	-1.088615e-06	-9.354988e-10	-7.727688e+00	-5.903458e+01
1.610000e-06	-1.043634e-06	-9.249412e-10	-7.408389e+00	-5.840354e+01
1.620000e-06	-9.985107e-07	-9.092315e-10	-7.088073e+00	-5.776300e+01
1.630000e-06	-9.532833e-07	-8.936481e-10	-6.767020e+00	-5.711336e+01
1.640000e-06	-9.079888e-07	-8.811541e-10	-6.445490e+00	-5.645507e+01
1.650000e-06	-8.626176e-07	-8.713835e-10	-6.123416e+00	-5.578863e+01
1.660000e-06	-8.172411e-07	-8.611411e-10	-5.801304e+00	-5.511452e+01
1.670000e-06	-7.719024e-07	-8.549132e-10	-5.479461e+00	-5.443313e+01
1.680000e-06	-7.265946e-07	-8.501038e-10	-5.157837e+00	-5.374472e+01
1.690000e-06	-6.812148e-07	-8.418555e-10	-4.835702e+00	-5.304936e+01
1.700000e-06	-6.357080e-07	-8.276770e-10	-4.512666e+00	-5.234694e+01
1.710000e-06	-5.900866e-07	-8.112896e-10	-4.188815e+00	-5.163708e+01
1.720000e-06	-5.443967e-07	-7.990797e-10	-3.864479e+00	-5.091920e+01
1.730000e-06	-4.987379e-07	-7.919696e-10	-3.540363e+00	-5.019247e+01
1.740000e-06	-4.530199e-07	-7.825710e-10	-3.215828e+00	-4.945584e+01
1.750000e-06	-4.071959e-07	-7.687464e-10	-2.890539e+00	-4.870812e+01
1.760000e-06	-3.613937e-07	-7.563323e-10	-2.565406e+00	-4.794797e+01
1.770000e-06	-3.156103e-07	-7.470910e-10	-2.240405e+00	-4.717401e+01
1.780000e-06	-2.698336e-07	-7.360511e-10	-1.915453e+00	-4.638485e+01
1.790000e-06	-2.240448e-07	-7.210242e-10	-1.590414e+00	-4.557916e+01
1.800000e-06	-1.782216e-07	-7.029235e-10	-1.265132e+00	-4.475573e+01
1.810000e-06	-1.323837e-07	-6.874950e-10	-9.397452e-01	-4.391355e+01
1.820000e-06	-8.655900e-08	-6.733745e-10	-6.144516e-01	-4.305184e+01
1.830000e-06	-4.075611e-08	-6.587537e-10	-2.893131e-01	-4.217006e+01
1.840000e-06	5.120333e-09	-6.433737e-10	3.634743e-02	-4.126797e+01
1.850000e-06	5.099249e-08	-6.319452e-10	3.619776e-01	-4.034561e+01
1.860000e-06	9.684676e-08	-6.239575e-10	6.874808e-01	-3.940330e+01
1.870000e-06	1.427535e-07	-6.112893e-10	1.013357e+00	-3.844156e+01
1.880000e-06	1.885811e-07	-5.961347e-10	1.338670e+00	-3.746116e+01
1.890000e-06	2.343690e-07	-5.792928e-10	1.663703e+00	-3.646295e+01
1.900000e-06	2.802385e-07	-5.616117e-10	1.989313e+00	-3.544789e+01
1.910000e-06	3.261213e-07	-5.423657e-10	2.315020e+00	-3.441694e+01
1.920000e-06	3.719333e-07	-5.236263e-10	2.640223e+00	-3.337098e+01
1.930000e-06	4.177127e-07	-5.053256e-10	2.965194e+00	-3.231075e+01
1.940000e-06	4.635267e-07	-4.883288e-10	3.290411e+00	-3.123684e+01
1.950000e-06	5.092787e-07	-4.732964e-10	3.615189e+00	-3.014957e+01
1.960000e-06	5.549106e-07	-4.607878e-10	3.939113e+00	-2.904902e+01
1.970000e-06	6.005267e-07	-4.454459e-10	4.262926e+00	-2.793498e+01
1.980000e-06	6.460607e-07	-4.273146e-10	4.586156e+00	-2.680697e+01
1.990000e-06	6.915546e-07	-4.066199e-10	4.909100e+00	-2.566427e+01
2.000000e-06	7.370529e-07	-3.846747e-10	5.232077e+00	-2.450596e+01
2.010000e-06	7.824638e-07	-3.628011e-10	5.554433e+00	-2.333095e+01
2.020000e-06	8.278239e-07	-3.435790e-10	5.876428e+00	-2.213808e+01
2.030000e-06	8.731080e-07	-3.274282e-10	6.197884e+00	-2.092615e+01
2.040000e-06	9.183175e-07	-3.142530e-10	6.518810e+00	-1.969405e+01
2.050000e-06	9.634880e-07	-2.989051e-10	6.839460e+00	-1.844079e+01
2.060000e-06	1.008612e-06	-2.797153e-10	7.159779e+00	-1.716560e+01
2.070000e-06	1.053611e-06	-2.586626e-10	7.479208e+00	-1.586796e+01
2.080000e-06	1.098491e-06	-2.359270e-10	7.797798e+00	-1.454767e+01
2.090000e-06	1.143272e-06	-2.113651e-10	8.115679e+00	-1.320488e+01
2.100000e-06	1.187910e-06	-1.864741e-10	8.432550e+00	-1.184007e+01
2.110000e-06	1.232433e-06	-1.640315e-10	8.748606e+00	-1.045406e+01
2.120000e-06	1.276846e-06	-1.441930e-10	9.063876e+00	-9.047991e+00
2.130000e-06	1.321189e-06	-1.260171e-10	9.378654e+00	-7.623260e+00
2.140000e-06	1.365449e-06	-1.069916e-10	9.692840e+00	-6.181468e+00
2.150000e-06	1.409661e-06	-8.922489e-11	1.000668e+01	-4.724347e+00
2.160000e-06	1.453907e-06	-7.075345e-11	1.032077e+01	-3.253681e+00
2.170000e-06	1.498110e-06	-4.888852e-11	1.063455e+01	-1.771224e+00
2.180000e-06	1.542195e-06	-2.401753e-11	1.094750e+01	-2.786214e-01
2.190000e-06	1.586216e-06	6.119178e-13	1.125998e+01	1.222657e+00
2.200000e-06	1.630177e-06	2.471695e-11	1.157205e+01	2.731382e+00
2.210000e-06	1.674052e-06	4.743854e-11	1.188350e+01	4.246600e+00
2.220000e-06	1.717890e-06	7.253992e-11	1.219469e+01	5.767665e+00
2.230000e-06	1.761678e-06	9.824956e-11	1.250553e+01	7.294239e+00
2.240000e-06	1.805389e-06	1.220417e-10	1.281581e+01	8.826277e+00
2.250000e-06	1.849021e-06	1.421716e-10	1.312555e+01	1.036399e+01
2.260000e-06	1.892470e-06	1.613142e-10	1.343397e+01	1.190779e+01
2.270000e-06	1.935704e-06	1.843835e-10	1.374088e+01	1.345822e+01
2.280000e-06	1.978820e-06	2.111222e-10	1.404694e+01	1.501590e+01
2.290000e-06	2.021797e-06	2.407000e-10	1.435202e+01	1.658139e+01
2.300000e-06	2.064648e-06	2.708520e-10	1.465620e+01	1.815515e+01
2.310000e-06	2.107333e-06	3.004381e-10	1.495921e+01	1.973745e+01
2.320000e-06	2.149695e-06	3.269474e-10	1.525992e+01	2.132827e+01
2.330000e-06	2.191781e-06	3.458725e-10	1.555868e+01	2.292728e+01
2.340000e-06	2.233566e-06	3.577889e-10	1.585529e+01	2.453377e+01
2.350000e-06	2.274986e-06	3.722534e-10	1.614932e+01	2.614666e+01
2.360000e-06	2.315941e-06	3.956547e-10	1.644004e+01	2.776446e+01
2.370000e-06	2.356558e-06	4.281402e-10	1.672837e+01	2.938533e+01
2.380000e-06	2.397109e-06	4.638887e-10	1.701622e+01	3.100712e+01
2.390000e-06	2.437508e-06	4.959448e-10	1.730301e+01	3.262741e+01
2.400000e-06	2.477681e-06	5.223790e-10	1.758818e+01	3.424363e+01
2.410000e-06	2.517747e-06	5.439202e-10	1.787259e+01	3.585312e+01
2.420000e-06	2.557804e-06	5.626153e-10	1.815694e+01	3.745322e+01
2.430000e-06	2.597796e-06	5.808816e-10	1.844083e+01	3.904140e+01
2.440000e-06	2.637655e-06	6.021184e-10	1.872378e+01	4.061533e+01
2.450000e-06	2.677429e-06	6.291460e-10	1.900612e+01	4.217296e+01
2.460000e-06	2.717124e-06	6.620315e-10	1.928790e+01	4.371259e+01
2.470000e-06	2.756618e-06	6.931404e-10	1.956825e+01	4.523294e+01
2.480000e-06	2.795893e-06	7.177064e-10	1.984706e+01	4.673314e+01
2.490000e-06	2.834918e-06	7.357769e-10	2.012408e+01	4.821276e+01
2.500000e-06	2.873672e-06	7.530597e-10	2.039918e+01	4.967177e+01
2.510000e-06	2.912189e-06	7.735966e-10	2.067260e+01	5.111051e+01
2.520000e-06	2.950502e-06	7.987524e-10	2.094456e+01	5.252964e+01
2.530000e-06	2.988670e-06	8.250240e-10	2.121551e+01	5.393003e+01
2.540000e-06	3.026681e-06	8.516645e-10	2.148533e+01	5.531269e+01
2.550000e-06	3.064495e-06	8.769341e-10	2.175376e+01	5.667870e+01
2.560000e-06	3.102141e-06	8.984596e-10	2.202100e+01	5.802905e+01
2.570000e-06	3.139584e-06	9.161287e-10	2.228679e+01	5.936460e+01
2.580000e-06	3.176804e-06	9.319330e-10	2.255100e+01	6.068599e+01
2.590000e-06	3.213793e-06	9.522196e-10	2.281358e+01	6.199356e+01
2.600000e-06	3.250521e-06	9.781716e-10	2.307429e+01	6.328730e+01
2.610000e-06	3.286943e-06	1.004707e-09	2.333284e+01	6.456686e+01
2.620000e-06	3.323136e-06	1.025272e-09	2.358976e+01	6.583148e+01
2.630000e-06	3.359225e-06	1.042721e-09	2.384595e+01	6.708009e+01
2.640000e-06	3.395201e-06	1.059506e-09	2.410133e+01	6.831128e+01
2.650000e-06	3.431051e-06	1.073902e-09	2.435582e+01	6.952340e+01
2.660000e-06	3.466805e-06	1.085732e-09	2.460962e+01	7.071465e+01
2.670000e-06	3.502450e-06	1.100560e-09	2.486265e+01	7.188311e+01
2.680000e-06	3.537826e-06	1.121210e-09	2.511377e+01	7.302691e+01
2.690000e-06	3.572784e-06	1.144091e-09	2.536193e+01	7.414425e+01
2.700000e-06	3.607391e-06	1.163832e-09	2.560759e+01	7.523355e+01
2.710000e-06	3.641484e-06	1.179725e-09	2.584960e+01	7.629349e+01
2.720000e-06	3.675013e-06	1.193118e-09	2.608761e+01	7.732309e+01
2.730000e-06	3.708145e-06	1.206765e-09	2.632281e+01	7.832175e+01
2.740000e-06	3.740872e-06	1.217612e-09	2.655512e+01	7.928928e+01
2.750000e-06	3.773312e-06	1.228082e-09	2.678540e+01	8.022592e+01
2.760000e-06	3.805550e-06	1.243239e-09	2.701425e+01	8.113226e+01
2.770000e-06	3.837608e-06	1.263157e-09	2.724182e+01	8.200928e+01
2.780000e-06	3.869540e-06	1.282915e-09	2.746849e+01	8.285824e+01
2.790000e-06	3.901347e-06	1.294839e-09	2.769428e+01	8.368061e+01
2.800000e-06	3.933008e-06	1.300474e-09	2.791903e+01	8.447802e+01
2.810000e-06	3.964375e-06	1.304826e-09	2.814169e+01	8.525213e+01
2.820000e-06	3.995388e-06	1.311143e-09	2.836184e+01	8.600458e+01
2.830000e-06	4.026089e-06	1.320126e-09	2.857978e+01	8.673689e+01
2.840000e-06	4.056466e-06	1.331815e-09	2.879541e+01	8.745037e+01
2.850000e-06	4.086574e-06	1.346945e-09	2.900914e+01	8.814611e+01
2.860000e-06	4.116456e-06	1.362258e-09	2.922126e+01	8.882491e+01
2.870000e-06	4.146106e-06	1.372567e-09	2.943174e+01	8.948726e+01
2.880000e-06	4.175505e-06	1.376977e-09	2.964043e+01	9.013335e+01
2.890000e-06	4.204603e-06	1.379943e-09	2.984698e+01	9.076309e+01
2.900000e-06	4.233328e-06	1.387804e-09	3.005089e+01	9.137615e+01
2.910000e-06	4.261758e-06	1.398887e-09	3.025271e+01	9.197201e+01
2.920000e-06	4.289979e-06	1.407895e-09	3.045304e+01	9.255004e+01
2.930000e-06	4.318028e-06	1.415448e-09	3.065215e+01	9.310956e+01
2.940000e-06	4.345941e-06	1.424236e-09	3.085029e+01	9.364992e+01
2.950000e-06	4.373736e-06	1.433170e-09	3.104760e+01	9.417058e+01
2.960000e-06	4.401286e-06	1.441882e-09	3.124317e+01	9.467118e+01
2.970000e-06	4.428415e-06	1.447728e-09	3.143575e+01	9.515157e+01
2.980000e-06	4.455096e-06	1.450590e-09	3.162515e+01	9.561190e+01
2.990000e-06	4.481158e-06	1.453340e-09	3.181015e+01	9.605257e+01
3.000000e-06	4.506521e-06	1.456216e-09	3.199019e+01	9.647429e+01
3.010000e-06	4.531386e-06	1.460931e-09	3.216670e+01	9.687805e+01
3.020000e-06	4.555894e-06	1.470120e-09	3.234067e+01	9.726506e+01
3.030000e-06	4.580135e-06	1.481014e-09	3.251276e+01	9.763672e+01
3.040000e-06	4.604195e-06	1.488863e-09	3.268355e+01	9.799456e+01
3.050000e-06	4.628081e-06	1.493443e-09	3.285310e+01	9.834012e+01
3.060000e-06	4.651678e-06	1.496298e-09	3.302061e+01	9.867496e+01
3.070000e-06	4.674912e-06	1.499431e-09	3.318554e+01	9.900047e+01
3.080000e-06	4.697767e-06	1.503551e-09	3.334778e+01	9.931791e+01
3.090000e-06	4.720252e-06	1.506783e-09	3.350739e+01	9.962826e+01
3.100000e-06	4.742446e-06	1.509880e-09	3.366494e+01	9.993223e+01
3.110000e-06	4.764362e-06	1.516762e-09	3.382052e+01	1.002302e+02
3.120000e-06	4.785991e-06	1.526259e-09	3.397405e+01	1.005222e+02
3.130000e-06	4.807295e-06	1.534597e-09	3.412528e+01	1.008081e+02
3.140000e-06	4.828298e-06	1.540542e-09	3.427438e+01	1.010871e+02
3.150000e-06	4.849000e-06	1.544698e-09	3.442133e+01	1.013587e+02
3.160000e-06	4.869345e-06	1.547675e-09	3.456575e+01	1.016217e+02
3.170000e-06	4.889426e-06	1.550122e-09	3.470830e+01	1.018751e+02
3.180000e-06	4.909335e-06	1.550093e-09	3.484963e+01	1.021178e+02
3.190000e-06	4.929102e-06	1.550671e-09	3.498994e+01	1.023488e+02
3.200000e-06	4.948621e-06	1.556161e-09	3.512851e+01	1.025671e+02
3.210000e-06	4.967778e-06	1.564007e-09	3.526449e+01	1.027719e+02
3.220000e-06	4.986468e-06	1.568693e-09	3.539717e+01	1.029629e+02
3.230000e-06	5.004587e-06	1.572430e-09	3.552579e+01	1.031398e+02
3.240000e-06	5.022307e-06	1.577776e-09	3.565157e+01	1.033028e+02
3.250000e-06	5.039770e-06	1.582301e-09	3.577554e+01	1.034523e+02
3.260000e-06	5.056975e-06	1.583438e-09	3.589767e+01	1.035891e+02
3.270000e-06	5.073909e-06	1.580781e-09	3.601788e+01	1.037140e+02
3.280000e-06	5.090605e-06	1.579179e-09	3.613640e+01	1.038284e+02
3.290000e-06	5.106938e-06	1.582694e-09	3.625234e+01	1.039335e+02
3.300000e-06	5.122656e-06	1.588572e-09	3.636392e+01	1.040306e+02
3.310000e-06	5.137826e-06	1.592475e-09	3.647160e+01	1.041210e+02
3.320000e-06	5.152567e-06	1.595554e-09	3.657624e+01	1.042061e+02
3.330000e-06	5.166915e-06	1.597063e-09	3.667809e+01	1.042867e+02
3.340000e-06	5.180946e-06	1.595793e-09	3.677770e+01	1.043638e+02
3.350000e-06	5.194642e-06	1.592345e-09	3.687492e+01	1.044379e+02
3.360000e-06	5.207922e-06	1.589359e-09	3.696919e+01	1.045091e+02
3.370000e-06	5.220754e-06	1.587809e-09	3.706028e+01	1.045775e+02
3.380000e-06	5.233185e-06	1.587865e-09	3.714852e+01	1.046426e+02
3.390000e-06	5.245293e-06	1.591197e-09	3.723447e+01	1.047040e+02
3.400000e-06	5.257110e-06	1.595902e-09	3.731836e+01	1.047608e+02
3.410000e-06	5.268583e-06	1.596903e-09	3.739980e+01	1.048123e+02
3.420000e-06	5.279577e-06	1.594116e-09	3.747785e+01	1.048575e+02
3.430000e-06	5.289893e-06	1.590294e-09	3.755107e+01	1.048957e+02
3.440000e-06	5.299438e-06	1.586738e-09	3.761883e+01	1.049262e+02
3.450000e-06	5.308306e-06	1.584748e-09	3.768178e+01	1.049487e+02
3.460000e-06	5.316753e-06	1.585583e-09	3.774174e+01	1.049629e+02
3.470000e-06	5.324944e-06	1.587420e-09	3.779989e+01	1.049691e+02
3.480000e-06	5.332927e-06	1.591940e-09	3.785655e+01	1.049678e+02
3.490000e-06	5.340721e-06	1.595736e-09	3.791188e+01	1.049600e+02
3.500000e-06	5.348196e-06	1.595919e-09	3.796494e+01	1.049469e+02
3.510000e-06	5.355223e-06	1.594774e-09	3.801483e+01	1.049300e+02
3.520000e-06	5.361845e-06	1.592650e-09	3.806184e+01	1.049110e+02
3.530000e-06	5.368068e-06	1.590661e-09	3.810601e+01	1.048916e+02
3.540000e-06	5.373939e-06	1.586988e-09	3.814768e+01	1.048736e+02
3.550000e-06	5.379525e-06	1.584807e-09	3.818734e+01	1.048586e+02
3.560000e-06	5.384698e-06	1.585666e-09	3.822406e+01	1.048480e+02
3.570000e-06	5.389374e-06	1.589414e-09	3.825725e+01	1.048426e+02
3.580000e-06	5.393702e-06	1.594272e-09	3.828798e+01	1.048430e+02
3.590000e-06	5.397862e-06	1.596982e-09	3.831751e+01	1.048492e+02
3.600000e-06	5.401818e-06	1.598439e-09	3.834559e+01	1.048604e+02
3.610000e-06	5.405551e-06	1.598328e-09	3.837208e+01	1.048756e+02
3.620000e-06	5.409005e-06	1.594359e-09	3.839661e+01	1.048928e+02
3.630000e-06	5.411963e-06	1.590464e-09	3.841760e+01	1.049098e+02
3.640000e-06	5.414218e-06	1.589842e-09	3.843361e+01	1.049238e+02
3.650000e-06	5.415824e-06	1.593851e-09	3.844501e+01	1.049317e+02
3.660000e-06	5.416880e-06	1.601623e-09	3.845251e+01	1.049304e+02
3.670000e-06	5.417540e-06	1.607774e-09	3.845719e+01	1.049167e+02
3.680000e-06	5.417882e-06	1.611197e-09	3.845962e+01	1.048875e+02
3.690000e-06	5.417935e-06	1.612175e-09	3.846000e+01	1.048404e+02
3.700000e-06	5.417754e-06	1.609246e-09	3.845872e+01	1.047733e+02
3.710000e-06	5.417307e-06	1.604212e-09	3.845554e+01	1.046849e+02
3.720000e-06	5.416461e-06	1.600377e-09	3.844953e+01	1.045748e+02
3.730000e-06	5.415155e-06	1.598785e-09	3.844026e+01	1.044434e+02
3.740000e-06	5.413515e-06	1.599218e-09	3.842862e+01	1.042924e+02
3.750000e-06	5.411582e-06	1.603207e-09	3.841490e+01	1.041240e+02
3.760000e-06	5.409352e-06	1.602048e-09	3.839907e+01	1.039418e+02
3.770000e-06	5.406869e-06	1.560053e-09	3.838145e+01	1.037500e+02
3.780000e-06	5.403986e-06	1.538930e-09	3.836098e+01	1.035536e+02
3.790000e-06	5.400494e-06	1.604460e-09	3.833619e+01	1.033582e+02
3.800000e-06	5.396567e-06	1.597146e-09	3.830831e+01	1.031694e+02
3.810000e-06	5.392492e-06	1.549658e-09	3.827939e+01	1.029932e+02
3.820000e-06	5.388321e-06	1.560644e-09	3.824978e+01	1.028353e+02
3.830000e-06	5.383796e-06	1.610812e-09	3.821766e+01	1.027010e+02
3.840000e-06	5.378651e-06	1.626078e-09	3.818114e+01	1.025948e+02
3.850000e-06	5.372936e-06	1.514602e-09	3.814056e+01	1.025204e+02
3.860000e-06	5.366918e-06	1.535921e-09	3.809785e+01	1.024804e+02
3.870000e-06	5.360474e-06	1.632891e-09	3.805210e+01	1.024763e+02
3.880000e-06	5.353394e-06	1.612867e-09	3.800184e+01	1.025081e+02
3.890000e-06	5.345855e-06	1.500399e-09	3.794833e+01	1.025745e+02
3.900000e-06	5.338020e-06	1.543175e-09	3.789271e+01	1.026730e+02
3.910000e-06	5.329830e-06	1.664684e-09	3.783457e+01	1.027999e+02
3.920000e-06	5.321289e-06	1.560036e-09	3.777394e+01	1.029501e+02
3.930000e-06	5.312488e-06	1.446396e-09	3.771147e+01	1.031179e+02
3.940000e-06	5.303371e-06	1.549734e-09	3.764675e+01	1.032968e+02
3.950000e-06	5.293807e-06	1.675434e-09	3.757886e+01	1.034800e+02
3.960000e-06	5.283830e-06	1.539417e-09	3.750804e+01	1.036602e+02
3.970000e-06	5.273538e-06	1.477181e-09	3.743498e+01	1.038305e+02
3.980000e-06	5.262812e-06	1.635229e-09	3.735884e+01	1.039844e+02
3.990000e-06	5.251672e-06	1.685013e-09	3.727975e+01	1.041160e+02
4.000000e-06	5.240244e-06	1.533821e-09	3.719863e+01	1.042201e+02
4.010000e-06	5.228461e-06	1.552216e-09	3.711499e+01	1.042927e+02
4.020000e-06	5.216117e-06	1.693343e-09	3.702736e+01	1.043309e+02
4.030000e-06	5.203289e-06	1.639729e-09	3.693630e+01	1.043329e+02
4.040000e-06	5.190146e-06	1.522655e-09	3.684300e+01	1.042985e+02
4.050000e-06	5.176539e-06	1.607011e-09	3.674641e+01	1.042282e+02
4.060000e-06	5.162209e-06	1.656210e-09	3.664469e+01	1.041240e+02
4.070000e-06	5.147237e-06	1.575667e-09	3.653841e+01	1.039887e+02
4.080000e-06	5.131821e-06	1.573216e-09	3.642898e+01	1.038259e+02
4.090000e-06	5.116105e-06	1.624206e-09	3.631741e+01	1.036399e+02
4.100000e-06	5.100151e-06	1.571867e-09	3.620416e+01	1.034350e+02
4.110000e-06	5.083886e-06	1.551575e-09	3.608870e+01	1.032161e+02
4.120000e-06	5.067278e-06	1.609009e-09	3.597080e+01	1.029876e+02
4.130000e-06	5.050255e-06	1.565405e-09	3.584997e+01	1.027538e+02
4.140000e-06	5.032823e-06	1.515208e-09	3.572622e+01	1.025185e+02
4.150000e-06	5.015071e-06	1.574254e-09	3.560021e+01	1.022847e+02
4.160000e-06	4.997076e-06	1.602795e-09	3.547247e+01	1.020547e+02
4.170000e-06	4.978837e-06	1.538628e-09	3.534300e+01	1.018302e+02
4.180000e-06	4.960254e-06	1.541833e-09	3.521108e+01	1.016118e+02
4.190000e-06	4.941258e-06	1.561325e-09	3.507624e+01	1.013993e+02
4.200000e-06	4.921868e-06	1.547659e-09	3.493860e+01	1.011920e+02
4.210000e-06	4.902220e-06	1.532806e-09	3.479912e+01	1.009884e+02
4.220000e-06	4.882412e-06	1.530355e-09	3.465851e+01	1.007866e+02
4.230000e-06	4.862406e-06	1.514333e-09	3.451649e+01	1.005843e+02
4.240000e-06	4.842184e-06	1.542279e-09	3.437295e+01	1.003791e+02
4.250000e-06	4.821607e-06	1.546505e-09	3.422688e+01	1.001688e+02
4.260000e-06	4.800607e-06	1.511858e-09	3.407781e+01	9.995098e+01
4.270000e-06	4.779111e-06	1.504785e-09	3.392521e+01	9.972391e+01
4.280000e-06	4.756939e-06	1.529261e-09	3.376782e+01	9.948616e+01
4.290000e-06	4.734287e-06	1.511444e-09	3.360703e+01	9.923683e+01
4.300000e-06	4.711250e-06	1.497997e-09	3.344349e+01	9.897563e+01
4.310000e-06	4.687704e-06	1.495844e-09	3.327635e+01	9.870288e+01
4.320000e-06	4.663827e-06	1.493214e-09	3.310685e+01	9.841946e+01
4.330000e-06	4.639807e-06	1.494796e-09	3.293634e+01	9.812678e+01
4.340000e-06	4.615635e-06	1.487197e-09	3.276475e+01	9.782671e+01
4.350000e-06	4.591163e-06	1.454195e-09	3.259104e+01	9.752140e+01
4.360000e-06	4.566354e-06	1.457105e-09	3.241493e+01	9.721326e+01
4.370000e-06	4.541133e-06	1.477739e-09	3.223589e+01	9.690471e+01
4.380000e-06	4.515517e-06	1.465671e-09	3.205405e+01	9.659812e+01
4.390000e-06	4.489698e-06	1.449041e-09	3.187077e+01	9.629564e+01
4.400000e-06	4.463614e-06	1.452919e-09	3.168561e+01	9.599911e+01
4.410000e-06	4.437118e-06	1.454848e-09	3.149753e+01	9.570991e+01
4.420000e-06	4.410340e-06	1.444888e-09	3.130744e+01	9.542896e+01
4.430000e-06	4.383281e-06	1.429988e-09	3.111536e+01	9.515662e+01
4.440000e-06	4.355820e-06	1.418502e-09	3.092042e+01	9.489270e+01
4.450000e-06	4.328135e-06	1.430780e-09	3.072389e+01	9.463649e+01
4.460000e-06	4.300304e-06	1.438373e-09	3.052633e+01	9.438679e+01
4.470000e-06	4.272259e-06	1.428802e-09	3.032725e+01	9.414199e+01
4.480000e-06	4.244020e-06	1.422061e-09	3.012679e+01	9.390017e+01
4.490000e-06	4.215545e-06	1.431059e-09	2.992466e+01	9.365920e+01
4.500000e-06	4.186780e-06	1.425842e-09	2.972046e+01	9.341686e+01
4.510000e-06	4.157643e-06	1.413704e-09	2.951363e+01	9.317098e+01
4.520000e-06	4.128020e-06	1.401520e-09	2.930335e+01	9.291950e+01
4.530000e-06	4.097840e-06	1.403898e-09	2.908911e+01	9.266063e+01
4.540000e-06	4.067180e-06	1.408937e-09	2.887147e+01	9.239290e+01
4.550000e-06	4.036116e-06	1.408109e-09	2.865095e+01	9.211524e+01
4.560000e-06	4.004696e-06	1.396065e-09	2.842791e+01	9.182700e+01
4.570000e-06	3.973025e-06	1.393285e-09	2.820309e+01	9.152797e+01
4.580000e-06	3.941157e-06	1.393000e-09	2.797687e+01	9.121837e+01
4.590000e-06	3.909140e-06	1.388331e-09	2.774960e+01	9.089883e+01
4.600000e-06	3.876941e-06	1.372848e-09	2.752103e+01	9.057030e+01
4.610000e-06	3.844455e-06	1.364094e-09	2.729042e+01	9.023399e+01
4.620000e-06	3.811664e-06	1.364882e-09	2.705765e+01	8.989131e+01
4.630000e-06	3.778585e-06	1.365636e-09	2.682283e+01	8.954373e+01
4.640000e-06	3.745209e-06	1.354163e-09	2.658591e+01	8.919273e+01
4.650000e-06	3.711628e-06	1.344320e-09	2.634753e+01	8.883969e+01
4.660000e-06	3.677866e-06	1.342957e-09	2.610787e+01	8.848584e+01
4.670000e-06	3.643906e-06	1.342440e-09	2.586679e+01	8.813214e+01
4.680000e-06	3.609664e-06	1.334674e-09	2.562373e+01	8.777930e+01
4.690000e-06	3.575165e-06	1.324364e-09	2.537883e+01	8.742773e+01
4.700000e-06	3.540361e-06	1.322905e-09	2.513177e+01	8.707752e+01
4.710000e-06	3.505248e-06	1.323181e-09	2.488251e+01	8.672846e+01
4.720000e-06	3.469947e-06	1.315222e-09	2.463192e+01	8.638009e+01
4.730000e-06	3.434482e-06	1.301117e-09	2.438017e+01	8.603173e+01
4.740000e-06	3.398885e-06	1.294999e-09	2.412748e+01	8.568252e+01
4.750000e-06	3.363125e-06	1.294859e-09	2.387363e+01	8.533155e+01
4.760000e-06	3.327220e-06	1.292223e-09	2.361875e+01	8.497785e+01
4.770000e-06	3.291206e-06	1.281455e-09	2.336310e+01	8.462050e+01
4.780000e-06	3.255031e-06	1.271653e-09	2.310631e+01	8.425869e+01
4.790000e-06	3.218603e-06	1.264564e-09	2.284772e+01	8.389177e+01
4.800000e-06	3.181903e-06	1.258680e-09	2.258720e+01	8.351927e+01
4.810000e-06	3.144980e-06	1.247461e-09	2.232509e+01	8.314094e+01
4.820000e-06	3.107761e-06	1.238598e-09	2.206090e+01	8.275674e+01
4.830000e-06	3.070082e-06	1.234731e-09	2.179342e+01	8.236687e+01
4.840000e-06	3.031961e-06	1.235810e-09	2.152282e+01	8.197167e+01
4.850000e-06	2.993520e-06	1.232462e-09	2.124994e+01	8.157169e+01
4.860000e-06	2.954749e-06	1.222942e-09	2.097471e+01	8.116754e+01
4.870000e-06	2.915653e-06	1.212286e-09	2.069718e+01	8.075990e+01
4.880000e-06	2.876280e-06	1.206217e-09	2.041769e+01	8.034944e+01
4.890000e-06	2.836671e-06	1.197903e-09	2.013652e+01	7.993677e+01
4.900000e-06	2.796881e-06	1.188445e-09	1.985406e+01	7.952239e+01
4.910000e-06	2.756941e-06	1.182935e-09	1.957054e+01	7.910665e+01
4.920000e-06	2.716866e-06	1.183196e-09	1.928607e+01	7.868973e+01
4.930000e-06	2.676674e-06	1.180472e-09	1.900076e+01	7.827158e+01
4.940000e-06	2.636409e-06	1.172652e-09	1.871493e+01	7.785197e+01
4.950000e-06	2.596047e-06	1.162288e-09	1.842842e+01	7.743048e+01
4.960000e-06	2.555604e-06	1.153843e-09	1.814133e+01	7.700652e+01
4.970000e-06	2.514991e-06	1.147919e-09	1.785303e+01	7.657936e+01
4.980000e-06	2.474194e-06	1.142754e-09	1.756343e+01	7.614819e+01
4.990000e-06	2.433277e-06	1.137659e-09	1.727297e+01	7.571216e+01
5.000000e-06	2.392119e-06	1.133501e-09	1.698081e+01	7.527044e+01
5.010000e-06	2.350677e-06	1.129327e-09	1.668662e+01	7.482228e+01
5.020000e-06	2.309114e-06	1.120619e-09	1.639158e+01	7.436704e+01
5.030000e-06	2.267440e-06	1.109867e-09	1.609575e+01	7.390422e+01
5.040000e-06	2.225592e-06	1.100482e-09	1.579869e+01	7.343353e+01
5.050000e-06	2.183575e-06	1.095874e-09	1.550042e+01	7.295488e+01
5.060000e-06	2.141379e-06	1.094788e-09	1.520089e+01	7.246838e+01
5.070000e-06	2.099031e-06	1.091962e-09	1.490027e+01	7.197435e+01
5.080000e-06	2.056578e-06	1.084772e-09	1.459892e+01	7.147326e+01
5.090000e-06	2.013988e-06	1.077677e-09	1.429658e+01	7.096574e+01
5.100000e-06	1.971161e-06	1.069456e-09	1.399257e+01	7.045251e+01
5.110000e-06	1.928203e-06	1.060447e-09	1.368763e+01	6.993433e+01
5.120000e-06	1.885173e-06	1.050840e-09	1.338217e+01	6.941194e+01
5.130000e-06	1.841994e-06	1.044715e-09	1.307566e+01	6.888605e+01
5.140000e-06	1.798657e-06	1.041818e-09	1.276803e+01	6.835723e+01
5.150000e-06	1.755193e-06	1.039579e-09	1.245949e+01	6.782591e+01
5.160000e-06	1.711577e-06	1.032523e-09	1.214988e+01	6.729232e+01
5.170000e-06	1.667857e-06	1.021118e-09	1.183953e+01	6.675650e+01
5.180000e-06	1.624050e-06	1.010371e-09	1.152856e+01	6.621827e+01
5.190000e-06	1.580208e-06	1.000428e-09	1.121733e+01	6.567727e+01
5.200000e-06	1.536280e-06	9.919365e-10	1.090551e+01	6.513291e+01
5.210000e-06	1.492255e-06	9.841335e-10	1.059299e+01	6.458448e+01
5.220000e-06	1.448290e-06	9.752678e-10	1.028090e+01	6.403116e+01
5.230000e-06	1.404334e-06	9.669269e-10	9.968866e+00	6.347204e+01
5.240000e-06	1.360296e-06	9.573416e-10	9.656260e+00	6.290623e+01
5.250000e-06	1.316207e-06	9.484413e-10	9.343283e+00	6.233286e+01
5.260000e-06	1.272074e-06	9.409425e-10	9.030000e+00	6.175116e+01
5.270000e-06	1.227869e-06	9.324967e-10	8.716204e+00	6.116048e+01
5.280000e-06	1.183640e-06	9.220696e-10	8.402240e+00	6.056033e+01
5.290000e-06	1.139382e-06	9.113824e-10	8.088069e+00	5.995043e+01
5.300000e-06	1.094985e-06	9.019865e-10	7.772912e+00	5.933066e+01
5.310000e-06	1.050479e-06	8.937522e-10	7.456975e+00	5.870109e+01
5.320000e-06	1.005930e-06	8.839367e-10	7.140738e+00	5.806198e+01
5.330000e-06	9.613102e-07	8.734703e-10	6.824000e+00	5.741368e+01
5.340000e-06	9.165494e-07	8.661494e-10	6.506259e+00	5.675665e+01
5.350000e-06	8.717577e-07	8.569233e-10	6.188299e+00	5.609140e+01
5.360000e-06	8.269621e-07	8.433368e-10	5.870310e+00	5.541841e+01
5.370000e-06	7.820189e-07	8.286837e-10	5.551275e+00	5.473807e+01
5.380000e-06	7.369935e-07	8.166271e-10	5.231655e+00	5.405067e+01
5.390000e-06	6.919854e-07	8.085839e-10	4.912159e+00	5.335634e+01
5.400000e-06	6.469904e-07	7.989447e-10	4.592755e+00	5.265497e+01
5.410000e-06	6.019067e-07	7.873454e-10	4.272722e+00	5.194625e+01
5.420000e-06	5.568034e-07	7.774264e-10	3.952550e+00	5.122962e+01
5.430000e-06	5.116577e-07	7.687855e-10	3.632076e+00	5.050429e+01
5.440000e-06	4.663570e-07	7.569907e-10	3.310503e+00	4.976925e+01
5.450000e-06	4.210687e-07	7.385080e-10	2.989017e+00	4.902332e+01
5.460000e-06	3.757808e-07	7.196888e-10	2.667534e+00	4.826521e+01
5.470000e-06	3.304290e-07	7.079173e-10	2.345598e+00	4.749351e+01
5.480000e-06	2.850839e-07	7.009161e-10	2.023709e+00	4.670683e+01
5.490000e-06	2.396509e-07	6.910249e-10	1.701196e+00	4.590384e+01
5.500000e-06	1.941405e-07	6.788646e-10	1.378135e+00	4.508331e+01
5.510000e-06	1.486223e-07	6.669846e-10	1.055017e+00	4.424418e+01
5.520000e-06	1.031028e-07	6.549308e-10	7.318899e-01	4.338563e+01
5.530000e-06	5.761885e-08	6.396160e-10	4.090158e-01	4.250708e+01
5.540000e-06	1.215588e-08	6.208730e-10	8.629026e-02	4.160824e+01
5.550000e-06	-3.328002e-08	6.036026e-10	-2.362430e-01	4.068911e+01
5.560000e-06	-7.869653e-08	5.900115e-10	-5.586387e-01	3.974994e+01
5.570000e-06	-1.240625e-07	5.768553e-10	-8.806755e-01	3.879126e+01
5.580000e-06	-1.695084e-07	5.619590e-10	-1.203280e+00	3.781377e+01
5.590000e-06	-2.150581e-07	5.450663e-10	-1.526621e+00	3.681832e+01
5.600000e-06	-2.604714e-07	5.276899e-10	-1.848994e+00	3.580587e+01
5.610000e-06	-3.057937e-07	5.125002e-10	-2.170721e+00	3.477736e+01
5.620000e-06	-3.511506e-07	4.977483e-10	-2.492693e+00	3.373371e+01
5.630000e-06	-3.964582e-07	4.805046e-10	-2.814316e+00	3.267568e+01
5.640000e-06	-4.416479e-07	4.651140e-10	-3.135102e+00	3.160388e+01
5.650000e-06	-4.867732e-07	4.526944e-10	-3.455430e+00	3.051868e+01
5.660000e-06	-5.319040e-07	4.414806e-10	-3.775797e+00	2.942021e+01
5.670000e-06	-5.769828e-07	4.303471e-10	-4.095796e+00	2.830830e+01
5.680000e-06	-6.219766e-07	4.144622e-10	-4.415191e+00	2.718252e+01
5.690000e-06	-6.669499e-07	3.917295e-10	-4.734440e+00	2.604220e+01
5.700000e-06	-7.118922e-07	3.638294e-10	-5.053470e+00	2.488642e+01
5.710000e-06	-7.568286e-07	3.389036e-10	-5.372458e+00	2.371414e+01
5.720000e-06	-8.017306e-07	3.239349e-10	-5.691201e+00	2.252418e+01
5.730000e-06	-8.465044e-07	3.172723e-10	-6.009034e+00	2.131537e+01
5.740000e-06	-8.911984e-07	3.113257e-10	-6.326301e+00	2.008656e+01
5.750000e-06	-9.358212e-07	3.010031e-10	-6.643062e+00	1.883675e+01
5.760000e-06	-9.803270e-07	2.851376e-10	-6.958994e+00	1.756512e+01
5.770000e-06	-1.024794e-06	2.613176e-10	-7.274647e+00	1.627111e+01
5.780000e-06	-1.069212e-06	2.287245e-10	-7.589960e+00	1.495446e+01
5.790000e-06	-1.113592e-06	1.919119e-10	-7.904994e+00	1.361525e+01
5.800000e-06	-1.157905e-06	1.628707e-10	-8.219560e+00	1.225392e+01
5.810000e-06	-1.202075e-06	1.485483e-10	-8.533107e+00	1.087124e+01
5.820000e-06	-1.246171e-06	1.421938e-10	-8.846128e+00	9.468279e+00
5.830000e-06	-1.290227e-06	1.337335e-10	-9.158865e+00	8.046413e+00
5.840000e-06	-1.334243e-06	1.205598e-10	-9.471316e+00	6.607207e+00
5.850000e-06	-1.378241e-06	1.029949e-10	-9.783644e+00	5.152378e+00
5.860000e-06	-1.422201e-06	7.703868e-11	-1.009570e+01	3.683707e+00
5.870000e-06	-1.466125e-06	4.142530e-11	-1.040750e+01	2.202957e+00
5.880000e-06	-1.510041e-06	4.350850e-12	-1.071925e+01	7.117991e-01
5.890000e-06	-1.553939e-06	-2.194125e-11	-1.103086e+01	-7.882655e-01
5.900000e-06	-1.597820e-06	-3.624252e-11	-1.134236e+01	-2.295962e+00
5.910000e-06	-1.641584e-06	-4.846920e-11	-1.165302e+01	-3.810291e+00
5.920000e-06	-1.685186e-06	-6.214641e-11	-1.196254e+01	-5.330553e+00
5.930000e-06	-1.728683e-06	-7.769047e-11	-1.227131e+01	-6.856359e+00
5.940000e-06	-1.772078e-06	-9.908496e-11	-1.257935e+01	-8.387616e+00
5.950000e-06	-1.815319e-06	-1.312099e-10	-1.288631e+01	-9.924497e+00
5.960000e-06	-1.858403e-06	-1.689623e-10	-1.319214e+01	-1.146739e+01
5.970000e-06	-1.901375e-06	-2.014338e-10	-1.349718e+01	-1.301681e+01
5.980000e-06	-1.944230e-06	-2.239633e-10	-1.380140e+01	-1.457338e+01
5.990000e-06	-1.986938e-06	-2.423546e-10	-1.410457e+01	-1.613767e+01
6.000000e-06	-2.029438e-06	-2.630432e-10	-1.440626e+01	-1.771017e+01
6.010000e-06	-2.071755e-06	-2.847976e-10	-1.470665e+01	-1.929118e+01
6.020000e-06	-2.113987e-06	-3.067524e-10	-1.500644e+01	-2.088073e+01
6.030000e-06	-2.156161e-06	-3.323548e-10	-1.530582e+01	-2.247855e+01
6.040000e-06	-2.198240e-06	-3.633511e-10	-1.560453e+01	-2.408400e+01
6.050000e-06	-2.240151e-06	-3.938610e-10	-1.590203e+01	-2.569606e+01
6.060000e-06	-2.281830e-06	-4.191910e-10	-1.619790e+01	-2.731329e+01
6.070000e-06	-2.323312e-06	-4.415599e-10	-1.649237e+01	-2.893393e+01
6.080000e-06	-2.364611e-06	-4.658615e-10	-1.678554e+01	-3.055587e+01
6.090000e-06	-2.405745e-06	-4.920875e-10	-1.707753e+01	-3.217673e+01
6.100000e-06	-2.446753e-06	-5.159453e-10	-1.736863e+01	-3.379395e+01
6.110000e-06	-2.487585e-06	-5.386937e-10	-1.765848e+01	-3.540489e+01
6.120000e-06	-2.528165e-06	-5.646128e-10	-1.794654e+01	-3.700687e+01
6.130000e-06	-2.568538e-06	-5.919623e-10	-1.823314e+01	-3.859735e+01
6.140000e-06	-2.608776e-06	-6.160412e-10	-1.851878e+01	-4.017394e+01
6.150000e-06	-2.648921e-06	-6.383276e-10	-1.880375e+01	-4.173455e+01
6.160000e-06	-2.688992e-06	-6.612430e-10	-1.908820e+01	-4.327743e+01
6.170000e-06	-2.728961e-06	-6.844911e-10	-1.937193e+01	-4.480120e+01
6.180000e-06	-2.768817e-06	-7.081337e-10	-1.965485e+01	-4.630494e+01
6.190000e-06	-2.808592e-06	-7.311022e-10	-1.993720e+01	-4.778814e+01
6.200000e-06	-2.848278e-06	-7.514421e-10	-2.021891e+01	-4.925071e+01
6.210000e-06	-2.887754e-06	-7.694893e-10	-2.049914e+01	-5.069293e+01
6.220000e-06	-2.926998e-06	-7.872847e-10	-2.077772e+01	-5.211541e+01
6.230000e-06	-2.965952e-06	-8.064955e-10	-2.105424e+01	-5.351899e+01
6.240000e-06	-3.004466e-06	-8.279333e-10	-2.132764e+01	-5.490468e+01
6.250000e-06	-3.042575e-06	-8.505255e-10	-2.159816e+01	-5.627353e+01
6.260000e-06	-3.080310e-06	-8.734553e-10	-2.186603e+01	-5.762656e+01
6.270000e-06	-3.117575e-06	-8.949233e-10	-2.213056e+01	-5.896467e+01
6.280000e-06	-3.154451e-06	-9.143049e-10	-2.239233e+01	-6.028853e+01
6.290000e-06	-3.191146e-06	-9.323897e-10	-2.265281e+01	-6.159853e+01
6.300000e-06	-3.227619e-06	-9.491487e-10	-2.291172e+01	-6.289473e+01
6.310000e-06	-3.263835e-06	-9.634439e-10	-2.316880e+01	-6.417683e+01
6.320000e-06	-3.299880e-06	-9.798739e-10	-2.342468e+01	-6.544415e+01
6.330000e-06	-3.335835e-06	-1.000483e-09	-2.367991e+01	-6.669565e+01
6.340000e-06	-3.371754e-06	-1.023382e-09	-2.393489e+01	-6.792999e+01
6.350000e-06	-3.407511e-06	-1.043533e-09	-2.418871e+01	-6.914556e+01
6.360000e-06	-3.443044e-06	-1.058991e-09	-2.444095e+01	-7.034055e+01
6.370000e-06	-3.478383e-06	-1.072976e-09	-2.469181e+01	-7.151309e+01
6.380000e-06	-3.513419e-06	-1.087193e-09	-2.494052e+01	-7.266126e+01
6.390000e-06	-3.548139e-06	-1.102446e-09	-2.518698e+01	-7.378327e+01
6.400000e-06	-3.582574e-06	-1.118352e-09	-2.543142e+01	-7.487748e+01
6.410000e-06	-3.616751e-06	-1.134992e-09	-2.567403e+01	-7.594253e+01
6.420000e-06	-3.650755e-06	-1.151754e-09	-2.591541e+01	-7.697738e+01
6.430000e-06	-3.684526e-06	-1.166746e-09	-2.615514e+01	-7.798136e+01
6.440000e-06	-3.717966e-06	-1.178613e-09	-2.639252e+01	-7.895422e+01
6.450000e-06	-3.751100e-06	-1.189260e-09	-2.662773e+01	-7.989611e+01
6.460000e-06	-3.784014e-06	-1.200343e-09	-2.686137e+01	-8.080758e+01
6.470000e-06	-3.816646e-06	-1.213393e-09	-2.709301e+01	-8.168955e+01
6.480000e-06	-3.848981e-06	-1.229657e-09	-2.732255e+01	-8.254322e+01
6.490000e-06	-3.881133e-06	-1.245386e-09	-2.755079e+01	-8.337006e+01
6.500000e-06	-3.913127e-06	-1.258043e-09	-2.777790e+01	-8.417165e+01
6.510000e-06	-3.944994e-06	-1.269827e-09	-2.800411e+01	-8.494967e+01
6.520000e-06	-3.976698e-06	-1.281210e-09	-2.822917e+01	-8.570576e+01
6.530000e-06	-4.008062e-06	-1.292052e-09	-2.845181e+01	-8.644146e+01
6.540000e-06	-4.039018e-06	-1.300425e-09	-2.867156e+01	-8.715814e+01
6.550000e-06	-4.069628e-06	-1.308807e-09	-2.888884e+01	-8.785692e+01
6.560000e-06	-4.099839e-06	-1.320246e-09	-2.910330e+01	-8.853864e+01
6.570000e-06	-4.129552e-06	-1.334664e-09	-2.931423e+01	-8.920385e+01
6.580000e-06	-4.158770e-06	-1.345200e-09	-2.952164e+01	-8.985278e+01
6.590000e-06	-4.187544e-06	-1.351709e-09	-2.972589e+01	-9.048540e+01
6.600000e-06	-4.215970e-06	-1.359120e-09	-2.992768e+01	-9.110141e+01
6.610000e-06	-4.244153e-06	-1.369692e-09	-3.012774e+01	-9.170032e+01
6.620000e-06	-4.272182e-06	-1.379796e-09	-3.032670e+01	-9.228151e+01
6.630000e-06	-4.300029e-06	-1.388058e-09	-3.052438e+01	-9.284430e+01
6.640000e-06	-4.327697e-06	-1.395498e-09	-3.072078e+01	-9.338803e+01
6.650000e-06	-4.355105e-06	-1.402626e-09	-3.091535e+01	-9.391214e+01
6.660000e-06	-4.382189e-06	-1.410171e-09	-3.110761e+01	-9.441624e+01
6.670000e-06	-4.408938e-06	-1.416987e-09	-3.129749e+01	-9.490014e+01
6.680000e-06	-4.435311e-06	-1.422646e-09	-3.148470e+01	-9.536393e+01
6.690000e-06	-4.461382e-06	-1.428960e-09	-3.166977e+01	-9.580797e+01
6.700000e-06	-4.487138e-06	-1.438786e-09	-3.185260e+01	-9.623293e+01
6.710000e-06	-4.512579e-06	-1.448639e-09	-3.203320e+01	-9.663975e+01
6.720000e-06	-4.537690e-06	-1.455555e-09	-3.221145e+01	-9.702960e+01
6.730000e-06	-4.562394e-06	-1.460104e-09	-3.238682e+01	-9.740385e+01
6.740000e-06	-4.586792e-06	-1.466340e-09	-3.256001e+01	-9.776402e+01
6.750000e-06	-4.611004e-06	-1.474306e-09	-3.273188e+01	-9.811166e+01
6.760000e-06	-4.635024e-06	-1.481911e-09	-3.290239e+01	-9.844832e+01
6.770000e-06	-4.658894e-06	-1.488858e-09	-3.307183e+01	-9.877544e+01
6.780000e-06	-4.682514e-06	-1.497878e-09	-3.323951e+01	-9.909429e+01
6.790000e-06	-4.705745e-06	-1.505847e-09	-3.340441e+01	-9.940590e+01
6.800000e-06	-4.728584e-06	-1.511407e-09	-3.356654e+01	-9.971104e+01
6.810000e-06	-4.751007e-06	-1.514142e-09	-3.372571e+01	-1.000101e+02
6.820000e-06	-4.772914e-06	-1.515925e-09	-3.388122e+01	-1.003033e+02
6.830000e-06	-4.794173e-06	-1.517812e-09	-3.403213e+01	-1.005903e+02
6.840000e-06	-4.814896e-06	-1.519539e-09	-3.417924e+01	-1.008707e+02
6.850000e-06	-4.835235e-06	-1.521612e-09	-3.432362e+01	-1.011437e+02
6.860000e-06	-4.855294e-06	-1.526855e-09	-3.446601e+01	-1.014084e+02
6.870000e-06	-4.875228e-06	-1.533671e-09	-3.460751e+01	-1.016636e+02
6.880000e-06	-4.894988e-06	-1.537993e-09	-3.474778e+01	-1.019083e+02
6.890000e-06	-4.914468e-06	-1.540069e-09	-3.488606e+01	-1.021414e+02
6.900000e-06	-4.933588e-06	-1.542022e-09	-3.502179e+01	-1.023620e+02
6.910000e-06	-4.952271e-06	-1.545599e-09	-3.515441e+01	-1.025693e+02
6.920000e-06	-4.970571e-06	-1.549753e-09	-3.528432e+01	-1.027628e+02
6.930000e-06	-4.988588e-06	-1.552486e-09	-3.541221e+01	-1.029422e+02
6.940000e-06	-5.006335e-06	-1.554820e-09	-3.553820e+01	-1.031076e+02
6.950000e-06	-5.023827e-06	-1.559918e-09	-3.566236e+01	-1.032595e+02
6.960000e-06	-5.040956e-06	-1.565364e-09	-3.578396e+01	-1.033984e+02
6.970000e-06	-5.057545e-06	-1.567194e-09	-3.590172e+01	-1.035254e+02
6.980000e-06	-5.073837e-06	-1.565286e-09	-3.601737e+01	-1.036416e+02
6.990000e-06	-5.090022e-06	-1.565568e-09	-3.613226e+01	-1.037482e+02
7.000000e-06	-5.106007e-06	-1.568529e-09	-3.624573e+01	-1.038467e+02
7.010000e-06	-5.121718e-06	-1.569689e-09	-3.635726e+01	-1.039383e+02
7.020000e-06	-5.137070e-06	-1.568494e-09	-3.646623e+01	-1.040243e+02
7.030000e-06	-5.151867e-06	-1.569334e-09	-3.657127e+01	-1.041058e+02
7.040000e-06	-5.165853e-06	-1.571911e-09	-3.667056e+01	-1.041836e+02
7.050000e-06	-5.179258e-06	-1.572198e-09	-3.676571e+01	-1.042583e+02
7.060000e-06	-5.192210e-06	-1.568914e-09	-3.685766e+01	-1.043301e+02
7.070000e-06	-5.204644e-06	-1.565636e-09	-3.694592e+01	-1.043991e+02
7.080000e-06	-5.216753e-06	-1.565336e-09	-3.703188e+01	-1.044650e+02
7.090000e-06	-5.228597e-06	-1.568200e-09	-3.711596e+01	-1.045271e+02
7.100000e-06	-5.240035e-06	-1.570775e-09	-3.719715e+01	-1.045849e+02
7.110000e-06	-5.250979e-06	-1.571520e-09	-3.727483e+01	-1.046375e+02
7.120000e-06	-5.261535e-06	-1.573292e-09	-3.734977e+01	-1.046840e+02
7.130000e-06	-5.271809e-06	-1.574518e-09	-3.742270e+01	-1.047235e+02
7.140000e-06	-5.281782e-06	-1.574373e-09	-3.749350e+01	-1.047555e+02
7.150000e-06	-5.291433e-06	-1.572751e-09	-3.756201e+01	-1.047794e+02
7.160000e-06	-5.300647e-06	-1.569761e-09	-3.762741e+01	-1.047951e+02
7.170000e-06	-5.309459e-06	-1.566495e-09	-3.768996e+01	-1.048028e+02
7.180000e-06	-5.318012e-06	-1.563638e-09	-3.775068e+01	-1.048029e+02
7.190000e-06	-5.326285e-06	-1.562653e-09	-3.780940e+01	-1.047962e+02
7.200000e-06	-5.334260e-06	-1.566718e-09	-3.786602e+01	-1.047840e+02
7.210000e-06	-5.341955e-06	-1.573122e-09	-3.792064e+01	-1.047678e+02
7.220000e-06	-5.349468e-06	-1.573085e-09	-3.797398e+01	-1.047491e+02
7.230000e-06	-5.356586e-06	-1.568072e-09	-3.802450e+01	-1.047298e+02
7.240000e-06	-5.363011e-06	-1.565845e-09	-3.807011e+01	-1.047116e+02
7.250000e-06	-5.368744e-06	-1.566994e-09	-3.811081e+01	-1.046962e+02
7.260000e-06	-5.373859e-06	-1.565291e-09	-3.814711e+01	-1.046848e+02
7.270000e-06	-5.378507e-06	-1.560671e-09	-3.818011e+01	-1.046787e+02
7.280000e-06	-5.382824e-06	-1.560212e-09	-3.821076e+01	-1.046783e+02
7.290000e-06	-5.386934e-06	-1.563500e-09	-3.823993e+01	-1.046836e+02
7.300000e-06	-5.390862e-06	-1.562797e-09	-3.826782e+01	-1.046943e+02
7.310000e-06	-5.394508e-06	-1.557227e-09	-3.829370e+01	-1.047090e+02
7.320000e-06	-5.397761e-06	-1.555320e-09	-3.831679e+01	-1.047262e+02
7.330000e-06	-5.400588e-06	-1.559773e-09	-3.833686e+01	-1.047436e+02
7.340000e-06	-5.403042e-06	-1.562997e-09	-3.835428e+01	-1.047584e+02
7.350000e-06	-5.405159e-06	-1.559111e-09	-3.836931e+01	-1.047677e+02
7.360000e-06	-5.406958e-06	-1.552586e-09	-3.838208e+01	-1.047683e+02
7.370000e-06	-5.408302e-06	-1.550465e-09	-3.839161e+01	-1.047569e+02
7.380000e-06	-5.409160e-06	-1.550892e-09	-3.839771e+01	-1.047307e+02
7.390000e-06	-5.409731e-06	-1.550323e-09	-3.840176e+01	-1.046869e+02
7.400000e-06	-5.410042e-06	-1.549313e-09	-3.840397e+01	-1.046233e+02
