# Temperatura_=_15.5
# Concentracion g/m^3_=_4090.0
# C_Vs_to_Am_M_A/Vsm_=_65563218390.804596
# pendiente_HvsI_1/m_=_3716.3
# ordenada_HvsI_A/m_=_1297.0
# frecuencia_Hz_=_135085.7108194773

Tiempo_(s)	Campo_(V.s)	Magnetizacion_(V.s)	Campo_(kA/m)	Magnetizacion_(A/m)
0.000000e+00	-5.417592e-06	-1.260613e-09	-3.839098e+01	-8.630642e+01
1.000000e-08	-5.417785e-06	-1.251863e-09	-3.839235e+01	-8.617796e+01
2.000000e-08	-5.417692e-06	-1.239106e-09	-3.839169e+01	-8.603777e+01
3.000000e-08	-5.417299e-06	-1.228997e-09	-3.838891e+01	-8.588593e+01
4.000000e-08	-5.416639e-06	-1.226662e-09	-3.838423e+01	-8.572298e+01
5.000000e-08	-5.415642e-06	-1.229183e-09	-3.837717e+01	-8.554994e+01
6.000000e-08	-5.413961e-06	-1.230119e-09	-3.836525e+01	-8.536829e+01
7.000000e-08	-5.411479e-06	-1.231285e-09	-3.834767e+01	-8.518001e+01
8.000000e-08	-5.408326e-06	-1.222762e-09	-3.832532e+01	-8.498749e+01
9.000000e-08	-5.404640e-06	-1.213895e-09	-3.829921e+01	-8.479350e+01
1.000000e-07	-5.400551e-06	-1.264709e-09	-3.827023e+01	-8.460110e+01
1.100000e-07	-5.396148e-06	-1.313914e-09	-3.823903e+01	-8.441355e+01
1.200000e-07	-5.391587e-06	-1.246091e-09	-3.820670e+01	-8.423419e+01
1.300000e-07	-5.386972e-06	-1.154298e-09	-3.817400e+01	-8.406631e+01
1.400000e-07	-5.382026e-06	-1.222946e-09	-3.813895e+01	-8.391304e+01
1.500000e-07	-5.376474e-06	-1.308447e-09	-3.809961e+01	-8.377724e+01
1.600000e-07	-5.370534e-06	-1.234305e-09	-3.805752e+01	-8.366133e+01
1.700000e-07	-5.364446e-06	-1.102851e-09	-3.801438e+01	-8.356724e+01
1.800000e-07	-5.357959e-06	-1.210642e-09	-3.796840e+01	-8.349629e+01
1.900000e-07	-5.350784e-06	-1.313874e-09	-3.791756e+01	-8.344909e+01
2.000000e-07	-5.343289e-06	-1.271414e-09	-3.786445e+01	-8.342557e+01
2.100000e-07	-5.335685e-06	-1.164433e-09	-3.781056e+01	-8.342490e+01
2.200000e-07	-5.327872e-06	-1.239751e-09	-3.775520e+01	-8.344552e+01
2.300000e-07	-5.319774e-06	-1.288528e-09	-3.769781e+01	-8.348517e+01
2.400000e-07	-5.311363e-06	-1.240966e-09	-3.763821e+01	-8.354096e+01
2.500000e-07	-5.302526e-06	-1.234373e-09	-3.757559e+01	-8.360950e+01
2.600000e-07	-5.293043e-06	-1.314312e-09	-3.750839e+01	-8.368694e+01
2.700000e-07	-5.282723e-06	-1.330922e-09	-3.743526e+01	-8.376915e+01
2.800000e-07	-5.271826e-06	-1.266044e-09	-3.735804e+01	-8.385185e+01
2.900000e-07	-5.260586e-06	-1.298920e-09	-3.727838e+01	-8.393075e+01
3.000000e-07	-5.248893e-06	-1.332170e-09	-3.719552e+01	-8.400170e+01
3.100000e-07	-5.236847e-06	-1.265791e-09	-3.711016e+01	-8.406081e+01
3.200000e-07	-5.224435e-06	-1.240023e-09	-3.702221e+01	-8.410463e+01
3.300000e-07	-5.211598e-06	-1.359122e-09	-3.693124e+01	-8.413019e+01
3.400000e-07	-5.198362e-06	-1.350090e-09	-3.683744e+01	-8.413512e+01
3.500000e-07	-5.184778e-06	-1.279854e-09	-3.674119e+01	-8.411773e+01
3.600000e-07	-5.170842e-06	-1.292119e-09	-3.664243e+01	-8.407698e+01
3.700000e-07	-5.156571e-06	-1.353734e-09	-3.654130e+01	-8.401257e+01
3.800000e-07	-5.141819e-06	-1.270084e-09	-3.643676e+01	-8.392483e+01
3.900000e-07	-5.126376e-06	-1.253722e-09	-3.632733e+01	-8.381473e+01
4.000000e-07	-5.110295e-06	-1.291731e-09	-3.621337e+01	-8.368379e+01
4.100000e-07	-5.093688e-06	-1.299142e-09	-3.609569e+01	-8.353398e+01
4.200000e-07	-5.076726e-06	-1.275449e-09	-3.597549e+01	-8.336760e+01
4.300000e-07	-5.059539e-06	-1.323084e-09	-3.585370e+01	-8.318721e+01
4.400000e-07	-5.042051e-06	-1.308236e-09	-3.572977e+01	-8.299547e+01
4.500000e-07	-5.024356e-06	-1.265338e-09	-3.560438e+01	-8.279501e+01
4.600000e-07	-5.006406e-06	-1.275619e-09	-3.547717e+01	-8.258838e+01
4.700000e-07	-4.988015e-06	-1.300957e-09	-3.534685e+01	-8.237788e+01
4.800000e-07	-4.969201e-06	-1.260775e-09	-3.521353e+01	-8.216553e+01
4.900000e-07	-4.949959e-06	-1.253784e-09	-3.507717e+01	-8.195299e+01
5.000000e-07	-4.930353e-06	-1.279218e-09	-3.493824e+01	-8.174151e+01
5.100000e-07	-4.910508e-06	-1.274857e-09	-3.479760e+01	-8.153193e+01
5.200000e-07	-4.890463e-06	-1.260219e-09	-3.465556e+01	-8.132467e+01
5.300000e-07	-4.870233e-06	-1.256636e-09	-3.451221e+01	-8.111977e+01
5.400000e-07	-4.849669e-06	-1.253227e-09	-3.436648e+01	-8.091691e+01
5.500000e-07	-4.828764e-06	-1.257163e-09	-3.421834e+01	-8.071549e+01
5.600000e-07	-4.807555e-06	-1.267352e-09	-3.406805e+01	-8.051471e+01
5.700000e-07	-4.785974e-06	-1.248190e-09	-3.391511e+01	-8.031362e+01
5.800000e-07	-4.764080e-06	-1.240140e-09	-3.375997e+01	-8.011121e+01
5.900000e-07	-4.741891e-06	-1.243225e-09	-3.360273e+01	-7.990650e+01
6.000000e-07	-4.719385e-06	-1.239472e-09	-3.344324e+01	-7.969862e+01
6.100000e-07	-4.696532e-06	-1.223488e-09	-3.328130e+01	-7.948681e+01
6.200000e-07	-4.673278e-06	-1.227556e-09	-3.311651e+01	-7.927057e+01
6.300000e-07	-4.649774e-06	-1.224539e-09	-3.294995e+01	-7.904960e+01
6.400000e-07	-4.626042e-06	-1.236292e-09	-3.278178e+01	-7.882388e+01
6.500000e-07	-4.602052e-06	-1.234640e-09	-3.261178e+01	-7.859362e+01
6.600000e-07	-4.577919e-06	-1.222059e-09	-3.244077e+01	-7.835928e+01
6.700000e-07	-4.553442e-06	-1.206396e-09	-3.226731e+01	-7.812154e+01
6.800000e-07	-4.528552e-06	-1.216926e-09	-3.209093e+01	-7.788123e+01
6.900000e-07	-4.503309e-06	-1.207739e-09	-3.191205e+01	-7.763929e+01
7.000000e-07	-4.477578e-06	-1.195110e-09	-3.172971e+01	-7.739671e+01
7.100000e-07	-4.451316e-06	-1.189141e-09	-3.154361e+01	-7.715449e+01
7.200000e-07	-4.424493e-06	-1.200052e-09	-3.135353e+01	-7.691354e+01
7.300000e-07	-4.397194e-06	-1.199426e-09	-3.116008e+01	-7.667465e+01
7.400000e-07	-4.369601e-06	-1.193900e-09	-3.096455e+01	-7.643846e+01
7.500000e-07	-4.341778e-06	-1.179958e-09	-3.076739e+01	-7.620538e+01
7.600000e-07	-4.313838e-06	-1.180593e-09	-3.056939e+01	-7.597559e+01
7.700000e-07	-4.285744e-06	-1.181859e-09	-3.037031e+01	-7.574906e+01
7.800000e-07	-4.257417e-06	-1.175150e-09	-3.016957e+01	-7.552549e+01
7.900000e-07	-4.228778e-06	-1.164780e-09	-2.996663e+01	-7.530438e+01
8.000000e-07	-4.199776e-06	-1.167822e-09	-2.976111e+01	-7.508504e+01
8.100000e-07	-4.170447e-06	-1.171506e-09	-2.955327e+01	-7.486662e+01
8.200000e-07	-4.140814e-06	-1.164674e-09	-2.934328e+01	-7.464819e+01
8.300000e-07	-4.110963e-06	-1.152316e-09	-2.913175e+01	-7.442876e+01
8.400000e-07	-4.080891e-06	-1.144814e-09	-2.891865e+01	-7.420733e+01
8.500000e-07	-4.050542e-06	-1.148526e-09	-2.870359e+01	-7.398298e+01
8.600000e-07	-4.019901e-06	-1.150837e-09	-2.848645e+01	-7.375489e+01
8.700000e-07	-3.988878e-06	-1.148195e-09	-2.826661e+01	-7.352237e+01
8.800000e-07	-3.957627e-06	-1.140051e-09	-2.804516e+01	-7.328494e+01
8.900000e-07	-3.926235e-06	-1.139855e-09	-2.782270e+01	-7.304229e+01
9.000000e-07	-3.894668e-06	-1.134814e-09	-2.759900e+01	-7.279434e+01
9.100000e-07	-3.862902e-06	-1.122795e-09	-2.737390e+01	-7.254122e+01
9.200000e-07	-3.830945e-06	-1.108318e-09	-2.714744e+01	-7.228323e+01
9.300000e-07	-3.798822e-06	-1.111577e-09	-2.691980e+01	-7.202087e+01
9.400000e-07	-3.766424e-06	-1.118760e-09	-2.669022e+01	-7.175476e+01
9.500000e-07	-3.733684e-06	-1.122694e-09	-2.645821e+01	-7.148563e+01
9.600000e-07	-3.700539e-06	-1.117280e-09	-2.622334e+01	-7.121425e+01
9.700000e-07	-3.666865e-06	-1.114101e-09	-2.598471e+01	-7.094143e+01
9.800000e-07	-3.632686e-06	-1.105167e-09	-2.574251e+01	-7.066791e+01
9.900000e-07	-3.598107e-06	-1.095391e-09	-2.549747e+01	-7.039440e+01
1.000000e-06	-3.563246e-06	-1.081149e-09	-2.525043e+01	-7.012147e+01
1.010000e-06	-3.528117e-06	-1.076568e-09	-2.500150e+01	-6.984957e+01
1.020000e-06	-3.492704e-06	-1.081509e-09	-2.475054e+01	-6.957902e+01
1.030000e-06	-3.457083e-06	-1.089407e-09	-2.449812e+01	-6.930995e+01
1.040000e-06	-3.421239e-06	-1.086069e-09	-2.424412e+01	-6.904237e+01
1.050000e-06	-3.385218e-06	-1.077904e-09	-2.398886e+01	-6.877611e+01
1.060000e-06	-3.349058e-06	-1.066331e-09	-2.373261e+01	-6.851088e+01
1.070000e-06	-3.312701e-06	-1.060071e-09	-2.347498e+01	-6.824632e+01
1.080000e-06	-3.276171e-06	-1.052380e-09	-2.321612e+01	-6.798196e+01
1.090000e-06	-3.239431e-06	-1.047345e-09	-2.295576e+01	-6.771729e+01
1.100000e-06	-3.202410e-06	-1.047122e-09	-2.269341e+01	-6.745182e+01
1.110000e-06	-3.165158e-06	-1.051262e-09	-2.242944e+01	-6.718506e+01
1.120000e-06	-3.127720e-06	-1.048812e-09	-2.216414e+01	-6.691656e+01
1.130000e-06	-3.090104e-06	-1.034032e-09	-2.189758e+01	-6.664596e+01
1.140000e-06	-3.052275e-06	-1.017548e-09	-2.162951e+01	-6.637299e+01
1.150000e-06	-3.014207e-06	-1.006954e-09	-2.135975e+01	-6.609744e+01
1.160000e-06	-2.975859e-06	-1.006599e-09	-2.108800e+01	-6.581922e+01
1.170000e-06	-2.937276e-06	-1.007554e-09	-2.081458e+01	-6.553832e+01
1.180000e-06	-2.898444e-06	-1.007946e-09	-2.053941e+01	-6.525481e+01
1.190000e-06	-2.859522e-06	-1.007968e-09	-2.026359e+01	-6.496880e+01
1.200000e-06	-2.820509e-06	-1.007732e-09	-1.998713e+01	-6.468045e+01
1.210000e-06	-2.781157e-06	-9.995663e-10	-1.970827e+01	-6.438991e+01
1.220000e-06	-2.741613e-06	-9.843429e-10	-1.942805e+01	-6.409732e+01
1.230000e-06	-2.702030e-06	-9.688282e-10	-1.914754e+01	-6.380279e+01
1.240000e-06	-2.662281e-06	-9.638521e-10	-1.886587e+01	-6.350636e+01
1.250000e-06	-2.622390e-06	-9.657893e-10	-1.858319e+01	-6.320800e+01
1.260000e-06	-2.582387e-06	-9.709356e-10	-1.829972e+01	-6.290760e+01
1.270000e-06	-2.542258e-06	-9.716588e-10	-1.801535e+01	-6.260495e+01
1.280000e-06	-2.502088e-06	-9.736214e-10	-1.773069e+01	-6.229978e+01
1.290000e-06	-2.461829e-06	-9.681131e-10	-1.744539e+01	-6.199175e+01
1.300000e-06	-2.421408e-06	-9.521171e-10	-1.715896e+01	-6.168046e+01
1.310000e-06	-2.380652e-06	-9.277754e-10	-1.687015e+01	-6.136547e+01
1.320000e-06	-2.339558e-06	-9.145928e-10	-1.657894e+01	-6.104636e+01
1.330000e-06	-2.298299e-06	-9.153023e-10	-1.628657e+01	-6.072272e+01
1.340000e-06	-2.256778e-06	-9.226088e-10	-1.599233e+01	-6.039419e+01
1.350000e-06	-2.214958e-06	-9.277362e-10	-1.569598e+01	-6.006046e+01
1.360000e-06	-2.172951e-06	-9.318271e-10	-1.539830e+01	-5.972136e+01
1.370000e-06	-2.130534e-06	-9.311402e-10	-1.509772e+01	-5.937677e+01
1.380000e-06	-2.087789e-06	-9.197665e-10	-1.479481e+01	-5.902673e+01
1.390000e-06	-2.044929e-06	-8.966573e-10	-1.449109e+01	-5.867136e+01
1.400000e-06	-2.001967e-06	-8.763902e-10	-1.418665e+01	-5.831090e+01
1.410000e-06	-1.958849e-06	-8.715362e-10	-1.388110e+01	-5.794567e+01
1.420000e-06	-1.915418e-06	-8.769219e-10	-1.357334e+01	-5.757606e+01
1.430000e-06	-1.871823e-06	-8.794351e-10	-1.326440e+01	-5.720249e+01
1.440000e-06	-1.828154e-06	-8.789510e-10	-1.295495e+01	-5.682540e+01
1.450000e-06	-1.784387e-06	-8.793548e-10	-1.264480e+01	-5.644517e+01
1.460000e-06	-1.740583e-06	-8.745706e-10	-1.233439e+01	-5.606214e+01
1.470000e-06	-1.696739e-06	-8.602862e-10	-1.202369e+01	-5.567654e+01
1.480000e-06	-1.652795e-06	-8.413193e-10	-1.171229e+01	-5.528848e+01
1.490000e-06	-1.608784e-06	-8.326620e-10	-1.140042e+01	-5.489790e+01
1.500000e-06	-1.564698e-06	-8.350046e-10	-1.108801e+01	-5.450460e+01
1.510000e-06	-1.520537e-06	-8.388602e-10	-1.077507e+01	-5.410820e+01
1.520000e-06	-1.476362e-06	-8.372086e-10	-1.046203e+01	-5.370814e+01
1.530000e-06	-1.432101e-06	-8.334923e-10	-1.014838e+01	-5.330371e+01
1.540000e-06	-1.387701e-06	-8.276474e-10	-9.833743e+00	-5.289407e+01
1.550000e-06	-1.343210e-06	-8.195076e-10	-9.518465e+00	-5.247828e+01
1.560000e-06	-1.298608e-06	-8.036622e-10	-9.202401e+00	-5.205531e+01
1.570000e-06	-1.253914e-06	-7.913762e-10	-8.885682e+00	-5.162413e+01
1.580000e-06	-1.209133e-06	-7.914599e-10	-8.568344e+00	-5.118370e+01
1.590000e-06	-1.164272e-06	-7.927794e-10	-8.250445e+00	-5.073305e+01
1.600000e-06	-1.119378e-06	-7.854411e-10	-7.932309e+00	-5.027130e+01
1.610000e-06	-1.074382e-06	-7.754787e-10	-7.613453e+00	-4.979769e+01
1.620000e-06	-1.029205e-06	-7.715512e-10	-7.293312e+00	-4.931163e+01
1.630000e-06	-9.839113e-07	-7.667115e-10	-6.972346e+00	-4.881268e+01
1.640000e-06	-9.385738e-07	-7.516476e-10	-6.651068e+00	-4.830060e+01
1.650000e-06	-8.932245e-07	-7.365208e-10	-6.329707e+00	-4.777530e+01
1.660000e-06	-8.478867e-07	-7.266167e-10	-6.008427e+00	-4.723686e+01
1.670000e-06	-8.024473e-07	-7.225344e-10	-5.686427e+00	-4.668548e+01
1.680000e-06	-7.568899e-07	-7.178522e-10	-5.363591e+00	-4.612145e+01
1.690000e-06	-7.113174e-07	-7.098282e-10	-5.040648e+00	-4.554512e+01
1.700000e-06	-6.656554e-07	-7.023599e-10	-4.717071e+00	-4.495683e+01
1.710000e-06	-6.198887e-07	-6.967979e-10	-4.392752e+00	-4.435687e+01
1.720000e-06	-5.741616e-07	-6.881210e-10	-4.068713e+00	-4.374542e+01
1.730000e-06	-5.284306e-07	-6.753875e-10	-3.744647e+00	-4.312252e+01
1.740000e-06	-4.826326e-07	-6.619283e-10	-3.420106e+00	-4.248801e+01
1.750000e-06	-4.368579e-07	-6.499313e-10	-3.095730e+00	-4.184150e+01
1.760000e-06	-3.910527e-07	-6.386224e-10	-2.771139e+00	-4.118235e+01
1.770000e-06	-3.452112e-07	-6.243377e-10	-2.446290e+00	-4.050968e+01
1.780000e-06	-2.994354e-07	-6.128121e-10	-2.121906e+00	-3.982231e+01
1.790000e-06	-2.536333e-07	-6.056439e-10	-1.797336e+00	-3.911886e+01
1.800000e-06	-2.077403e-07	-6.008000e-10	-1.472122e+00	-3.839772e+01
1.810000e-06	-1.618313e-07	-5.921050e-10	-1.146794e+00	-3.765711e+01
1.820000e-06	-1.159365e-07	-5.784747e-10	-8.215670e-01	-3.689513e+01
1.830000e-06	-7.003639e-08	-5.630485e-10	-4.963028e-01	-3.610983e+01
1.840000e-06	-2.411091e-08	-5.456971e-10	-1.708585e-01	-3.529925e+01
1.850000e-06	2.184403e-08	-5.266624e-10	1.547946e-01	-3.446150e+01
1.860000e-06	6.780796e-08	-5.098298e-10	4.805113e-01	-3.359484e+01
1.870000e-06	1.138445e-07	-5.013074e-10	8.067424e-01	-3.269770e+01
1.880000e-06	1.598510e-07	-5.008586e-10	1.132761e+00	-3.176878e+01
1.890000e-06	2.057408e-07	-4.961927e-10	1.457953e+00	-3.080703e+01
1.900000e-06	2.516358e-07	-4.805303e-10	1.783181e+00	-2.981173e+01
1.910000e-06	2.975478e-07	-4.578173e-10	2.108529e+00	-2.878252e+01
1.920000e-06	3.433778e-07	-4.346635e-10	2.433297e+00	-2.771932e+01
1.930000e-06	3.891913e-07	-4.104716e-10	2.757948e+00	-2.662240e+01
1.940000e-06	4.350305e-07	-3.871084e-10	3.082781e+00	-2.549231e+01
1.950000e-06	4.807618e-07	-3.670511e-10	3.406849e+00	-2.432986e+01
1.960000e-06	5.265058e-07	-3.535567e-10	3.731008e+00	-2.313605e+01
1.970000e-06	5.723142e-07	-3.447474e-10	4.055622e+00	-2.191204e+01
1.980000e-06	6.180196e-07	-3.311222e-10	4.379507e+00	-2.065907e+01
1.990000e-06	6.636484e-07	-3.109915e-10	4.702849e+00	-1.937839e+01
2.000000e-06	7.092444e-07	-2.876780e-10	5.025958e+00	-1.807123e+01
2.010000e-06	7.547252e-07	-2.647585e-10	5.348252e+00	-1.673874e+01
2.020000e-06	8.001633e-07	-2.403995e-10	5.670242e+00	-1.538190e+01
2.030000e-06	8.455514e-07	-2.166594e-10	5.991879e+00	-1.400155e+01
2.040000e-06	8.908180e-07	-1.950922e-10	6.312654e+00	-1.259832e+01
2.050000e-06	9.360884e-07	-1.766745e-10	6.633456e+00	-1.117263e+01
2.060000e-06	9.813144e-07	-1.600506e-10	6.953943e+00	-9.724700e+00
2.070000e-06	1.026372e-06	-1.418097e-10	7.273240e+00	-8.254581e+00
2.080000e-06	1.071372e-06	-1.193338e-10	7.592122e+00	-6.762156e+00
2.090000e-06	1.116300e-06	-9.206936e-11	7.910501e+00	-5.247202e+00
2.100000e-06	1.161102e-06	-6.361219e-11	8.227979e+00	-3.709435e+00
2.110000e-06	1.205810e-06	-3.590096e-11	8.544796e+00	-2.148573e+00
2.120000e-06	1.250397e-06	-1.028239e-11	8.860759e+00	-5.643895e-01
2.130000e-06	1.294864e-06	1.241241e-11	9.175867e+00	1.043220e+00
2.140000e-06	1.339283e-06	3.498000e-11	9.490635e+00	2.674182e+00
2.150000e-06	1.383671e-06	5.809884e-11	9.805185e+00	4.328190e+00
2.160000e-06	1.427971e-06	8.120553e-11	1.011911e+01	6.004662e+00
2.170000e-06	1.472215e-06	1.043763e-10	1.043264e+01	7.702703e+00
2.180000e-06	1.516406e-06	1.293555e-10	1.074579e+01	9.421089e+00
2.190000e-06	1.560481e-06	1.565760e-10	1.105812e+01	1.115825e+01
2.200000e-06	1.604491e-06	1.842301e-10	1.137000e+01	1.291228e+01
2.210000e-06	1.648469e-06	2.086267e-10	1.168164e+01	1.468095e+01
2.220000e-06	1.692389e-06	2.341211e-10	1.199287e+01	1.646174e+01
2.230000e-06	1.736274e-06	2.640549e-10	1.230386e+01	1.825188e+01
2.240000e-06	1.780084e-06	2.961632e-10	1.261431e+01	2.004840e+01
2.250000e-06	1.823844e-06	3.260428e-10	1.292441e+01	2.184819e+01
2.260000e-06	1.867579e-06	3.524392e-10	1.323433e+01	2.364804e+01
2.270000e-06	1.911184e-06	3.792144e-10	1.354333e+01	2.544472e+01
2.280000e-06	1.954608e-06	4.053473e-10	1.385104e+01	2.723504e+01
2.290000e-06	1.997761e-06	4.324796e-10	1.415685e+01	2.901589e+01
2.300000e-06	2.040688e-06	4.592392e-10	1.446104e+01	3.078431e+01
2.310000e-06	2.083419e-06	4.846092e-10	1.476385e+01	3.253753e+01
2.320000e-06	2.126055e-06	5.126121e-10	1.506599e+01	3.427297e+01
2.330000e-06	2.168461e-06	5.431810e-10	1.536649e+01	3.598831e+01
2.340000e-06	2.210481e-06	5.695255e-10	1.566425e+01	3.768149e+01
2.350000e-06	2.252193e-06	5.911884e-10	1.595984e+01	3.935069e+01
2.360000e-06	2.293489e-06	6.105052e-10	1.625248e+01	4.099437e+01
2.370000e-06	2.334439e-06	6.308462e-10	1.654267e+01	4.261119e+01
2.380000e-06	2.375194e-06	6.555741e-10	1.683147e+01	4.420008e+01
2.390000e-06	2.415776e-06	6.816698e-10	1.711905e+01	4.576012e+01
2.400000e-06	2.456238e-06	7.053858e-10	1.740578e+01	4.729058e+01
2.410000e-06	2.496588e-06	7.282343e-10	1.769171e+01	4.879088e+01
2.420000e-06	2.536735e-06	7.539019e-10	1.797621e+01	5.026051e+01
2.430000e-06	2.576755e-06	7.799497e-10	1.825980e+01	5.169909e+01
2.440000e-06	2.616680e-06	8.008513e-10	1.854272e+01	5.310625e+01
2.450000e-06	2.656519e-06	8.176653e-10	1.882504e+01	5.448170e+01
2.460000e-06	2.696257e-06	8.384123e-10	1.910664e+01	5.582513e+01
2.470000e-06	2.735935e-06	8.624900e-10	1.938781e+01	5.713627e+01
2.480000e-06	2.775436e-06	8.832679e-10	1.966773e+01	5.841487e+01
2.490000e-06	2.814602e-06	8.997321e-10	1.994527e+01	5.966065e+01
2.500000e-06	2.853516e-06	9.162376e-10	2.022103e+01	6.087339e+01
2.510000e-06	2.892251e-06	9.373481e-10	2.049552e+01	6.205286e+01
2.520000e-06	2.930836e-06	9.595274e-10	2.076894e+01	6.319889e+01
2.530000e-06	2.969277e-06	9.801293e-10	2.104135e+01	6.431134e+01
2.540000e-06	3.007541e-06	1.000495e-09	2.131251e+01	6.539015e+01
2.550000e-06	3.045616e-06	1.020276e-09	2.158232e+01	6.643532e+01
2.560000e-06	3.083472e-06	1.035516e-09	2.185058e+01	6.744696e+01
2.570000e-06	3.121152e-06	1.045411e-09	2.211759e+01	6.842526e+01
2.580000e-06	3.158650e-06	1.053885e-09	2.238332e+01	6.937049e+01
2.590000e-06	3.195848e-06	1.065110e-09	2.264691e+01	7.028307e+01
2.600000e-06	3.232726e-06	1.083094e-09	2.290825e+01	7.116348e+01
2.610000e-06	3.269343e-06	1.105668e-09	2.316773e+01	7.201231e+01
2.620000e-06	3.305768e-06	1.125539e-09	2.342585e+01	7.283023e+01
2.630000e-06	3.342031e-06	1.140060e-09	2.368282e+01	7.361799e+01
2.640000e-06	3.378130e-06	1.149013e-09	2.393863e+01	7.437638e+01
2.650000e-06	3.414067e-06	1.154170e-09	2.419329e+01	7.510625e+01
2.660000e-06	3.449901e-06	1.155780e-09	2.444723e+01	7.580847e+01
2.670000e-06	3.485618e-06	1.159296e-09	2.470033e+01	7.648391e+01
2.680000e-06	3.521158e-06	1.171358e-09	2.495218e+01	7.713343e+01
2.690000e-06	3.556480e-06	1.187302e-09	2.520248e+01	7.775788e+01
2.700000e-06	3.591502e-06	1.201188e-09	2.545066e+01	7.835806e+01
2.710000e-06	3.626080e-06	1.213575e-09	2.569569e+01	7.893472e+01
2.720000e-06	3.660144e-06	1.225624e-09	2.593708e+01	7.948856e+01
2.730000e-06	3.693711e-06	1.234324e-09	2.617495e+01	8.002023e+01
2.740000e-06	3.726856e-06	1.237330e-09	2.640983e+01	8.053031e+01
2.750000e-06	3.759678e-06	1.237262e-09	2.664241e+01	8.101930e+01
2.760000e-06	3.792168e-06	1.240502e-09	2.687266e+01	8.148766e+01
2.770000e-06	3.824393e-06	1.246769e-09	2.710101e+01	8.193580e+01
2.780000e-06	3.856430e-06	1.253809e-09	2.732804e+01	8.236408e+01
2.790000e-06	3.888297e-06	1.262460e-09	2.755386e+01	8.277281e+01
2.800000e-06	3.919994e-06	1.270936e-09	2.777848e+01	8.316229e+01
2.810000e-06	3.951435e-06	1.276031e-09	2.800127e+01	8.353279e+01
2.820000e-06	3.982626e-06	1.277110e-09	2.822230e+01	8.388458e+01
2.830000e-06	4.013472e-06	1.274038e-09	2.844089e+01	8.421792e+01
2.840000e-06	4.044026e-06	1.271387e-09	2.865741e+01	8.453311e+01
2.850000e-06	4.074384e-06	1.273753e-09	2.887254e+01	8.483044e+01
2.860000e-06	4.104443e-06	1.279191e-09	2.908555e+01	8.511025e+01
2.870000e-06	4.134282e-06	1.286157e-09	2.929700e+01	8.537292e+01
2.880000e-06	4.163915e-06	1.295924e-09	2.950699e+01	8.561887e+01
2.890000e-06	4.193366e-06	1.302508e-09	2.971568e+01	8.584856e+01
2.900000e-06	4.222524e-06	1.302854e-09	2.992231e+01	8.606253e+01
2.910000e-06	4.251247e-06	1.300787e-09	3.012585e+01	8.626134e+01
2.920000e-06	4.279693e-06	1.298832e-09	3.032743e+01	8.644564e+01
2.930000e-06	4.307896e-06	1.299394e-09	3.052728e+01	8.661611e+01
2.940000e-06	4.335898e-06	1.300921e-09	3.072572e+01	8.677350e+01
2.950000e-06	4.363776e-06	1.301870e-09	3.092327e+01	8.691861e+01
2.960000e-06	4.391497e-06	1.304290e-09	3.111971e+01	8.705226e+01
2.970000e-06	4.418918e-06	1.309133e-09	3.131402e+01	8.717534e+01
2.980000e-06	4.445897e-06	1.311848e-09	3.150521e+01	8.728873e+01
2.990000e-06	4.472423e-06	1.310423e-09	3.169318e+01	8.739335e+01
3.000000e-06	4.498404e-06	1.309549e-09	3.187729e+01	8.749009e+01
3.010000e-06	4.523782e-06	1.310866e-09	3.205713e+01	8.757984e+01
3.020000e-06	4.548664e-06	1.312002e-09	3.223345e+01	8.766346e+01
3.030000e-06	4.573167e-06	1.313238e-09	3.240709e+01	8.774177e+01
3.040000e-06	4.597377e-06	1.314290e-09	3.257865e+01	8.781551e+01
3.050000e-06	4.621360e-06	1.314856e-09	3.274860e+01	8.788534e+01
3.060000e-06	4.645115e-06	1.314827e-09	3.291694e+01	8.795186e+01
3.070000e-06	4.668594e-06	1.314494e-09	3.308332e+01	8.801553e+01
3.080000e-06	4.691763e-06	1.316621e-09	3.324750e+01	8.807672e+01
3.090000e-06	4.714601e-06	1.321052e-09	3.340934e+01	8.813570e+01
3.100000e-06	4.737066e-06	1.323532e-09	3.356854e+01	8.819259e+01
3.110000e-06	4.759211e-06	1.322564e-09	3.372547e+01	8.824743e+01
3.120000e-06	4.781078e-06	1.321265e-09	3.388042e+01	8.830014e+01
3.130000e-06	4.802650e-06	1.321900e-09	3.403329e+01	8.835054e+01
3.140000e-06	4.823868e-06	1.323867e-09	3.418365e+01	8.839838e+01
3.150000e-06	4.844689e-06	1.324786e-09	3.433119e+01	8.844337e+01
3.160000e-06	4.865188e-06	1.322992e-09	3.447646e+01	8.848514e+01
3.170000e-06	4.885423e-06	1.323196e-09	3.461984e+01	8.852333e+01
3.180000e-06	4.905435e-06	1.327151e-09	3.476166e+01	8.855760e+01
3.190000e-06	4.925267e-06	1.329148e-09	3.490220e+01	8.858760e+01
3.200000e-06	4.944913e-06	1.327951e-09	3.504141e+01	8.861306e+01
3.210000e-06	4.964233e-06	1.327157e-09	3.517832e+01	8.863378e+01
3.220000e-06	4.983145e-06	1.328526e-09	3.531234e+01	8.864963e+01
3.230000e-06	5.001573e-06	1.330597e-09	3.544293e+01	8.866058e+01
3.240000e-06	5.019565e-06	1.331003e-09	3.557043e+01	8.866669e+01
3.250000e-06	5.037186e-06	1.329306e-09	3.569529e+01	8.866814e+01
3.260000e-06	5.054473e-06	1.330668e-09	3.581779e+01	8.866518e+01
3.270000e-06	5.071581e-06	1.332792e-09	3.593903e+01	8.865815e+01
3.280000e-06	5.088496e-06	1.331803e-09	3.605890e+01	8.864745e+01
3.290000e-06	5.104976e-06	1.332655e-09	3.617568e+01	8.863352e+01
3.300000e-06	5.120920e-06	1.337372e-09	3.628866e+01	8.861682e+01
3.310000e-06	5.136477e-06	1.340901e-09	3.639890e+01	8.859783e+01
3.320000e-06	5.151538e-06	1.342163e-09	3.650563e+01	8.857698e+01
3.330000e-06	5.166066e-06	1.341996e-09	3.660859e+01	8.855464e+01
3.340000e-06	5.180247e-06	1.340249e-09	3.670908e+01	8.853114e+01
3.350000e-06	5.194213e-06	1.338185e-09	3.680804e+01	8.850670e+01
3.360000e-06	5.207901e-06	1.335162e-09	3.690504e+01	8.848145e+01
3.370000e-06	5.221071e-06	1.332141e-09	3.699837e+01	8.845543e+01
3.380000e-06	5.233697e-06	1.329799e-09	3.708784e+01	8.842856e+01
3.390000e-06	5.245994e-06	1.330160e-09	3.717498e+01	8.840069e+01
3.400000e-06	5.258085e-06	1.333792e-09	3.726066e+01	8.837158e+01
3.410000e-06	5.269794e-06	1.337414e-09	3.734363e+01	8.834093e+01
3.420000e-06	5.281025e-06	1.337058e-09	3.742322e+01	8.830844e+01
3.430000e-06	5.291732e-06	1.334747e-09	3.749910e+01	8.827375e+01
3.440000e-06	5.301826e-06	1.331564e-09	3.757063e+01	8.823658e+01
3.450000e-06	5.311254e-06	1.326251e-09	3.763743e+01	8.819665e+01
3.460000e-06	5.320033e-06	1.322046e-09	3.769964e+01	8.815377e+01
3.470000e-06	5.328393e-06	1.320018e-09	3.775889e+01	8.810786e+01
3.480000e-06	5.336504e-06	1.322041e-09	3.781637e+01	8.805891e+01
3.490000e-06	5.344445e-06	1.325766e-09	3.787264e+01	8.800704e+01
3.500000e-06	5.352159e-06	1.327386e-09	3.792730e+01	8.795248e+01
3.510000e-06	5.359500e-06	1.328432e-09	3.797932e+01	8.789555e+01
3.520000e-06	5.366439e-06	1.328493e-09	3.802850e+01	8.783663e+01
3.530000e-06	5.372974e-06	1.324874e-09	3.807480e+01	8.777619e+01
3.540000e-06	5.379102e-06	1.319678e-09	3.811823e+01	8.771468e+01
3.550000e-06	5.384899e-06	1.315285e-09	3.815931e+01	8.765254e+01
3.560000e-06	5.390346e-06	1.313804e-09	3.819791e+01	8.759016e+01
3.570000e-06	5.395353e-06	1.315750e-09	3.823340e+01	8.752779e+01
3.580000e-06	5.400019e-06	1.318683e-09	3.826646e+01	8.746558e+01
3.590000e-06	5.404343e-06	1.322142e-09	3.829710e+01	8.740348e+01
3.600000e-06	5.408391e-06	1.324713e-09	3.832578e+01	8.734125e+01
3.610000e-06	5.412287e-06	1.323279e-09	3.835339e+01	8.727841e+01
3.620000e-06	5.415963e-06	1.318993e-09	3.837944e+01	8.721429e+01
3.630000e-06	5.419372e-06	1.315439e-09	3.840360e+01	8.714802e+01
3.640000e-06	5.422195e-06	1.314118e-09	3.842361e+01	8.707850e+01
3.650000e-06	5.424304e-06	1.314850e-09	3.843855e+01	8.700454e+01
3.660000e-06	5.425808e-06	1.315546e-09	3.844921e+01	8.692481e+01
3.670000e-06	5.426747e-06	1.318603e-09	3.845586e+01	8.683798e+01
3.680000e-06	5.427221e-06	1.322676e-09	3.845922e+01	8.674274e+01
3.690000e-06	5.427331e-06	1.321208e-09	3.846000e+01	8.663791e+01
3.700000e-06	5.427215e-06	1.316818e-09	3.845917e+01	8.652249e+01
3.710000e-06	5.426916e-06	1.315574e-09	3.845706e+01	8.639575e+01
3.720000e-06	5.426274e-06	1.317453e-09	3.845251e+01	8.625730e+01
3.730000e-06	5.425177e-06	1.318224e-09	3.844473e+01	8.610716e+01
3.740000e-06	5.423732e-06	1.312587e-09	3.843449e+01	8.594579e+01
3.750000e-06	5.422062e-06	1.303940e-09	3.842266e+01	8.577412e+01
3.760000e-06	5.420137e-06	1.300262e-09	3.840902e+01	8.559356e+01
3.770000e-06	5.417827e-06	1.300822e-09	3.839265e+01	8.540601e+01
3.780000e-06	5.415113e-06	1.313287e-09	3.837342e+01	8.521380e+01
3.790000e-06	5.411988e-06	1.291420e-09	3.835127e+01	8.501963e+01
3.800000e-06	5.408337e-06	1.197869e-09	3.832540e+01	8.482653e+01
3.810000e-06	5.404236e-06	1.210035e-09	3.829634e+01	8.463773e+01
3.820000e-06	5.400035e-06	1.343939e-09	3.826657e+01	8.445655e+01
3.830000e-06	5.395744e-06	1.323610e-09	3.823616e+01	8.428631e+01
3.840000e-06	5.390986e-06	1.218565e-09	3.820245e+01	8.413018e+01
3.850000e-06	5.385545e-06	1.195240e-09	3.816389e+01	8.399107e+01
3.860000e-06	5.379453e-06	1.361751e-09	3.812072e+01	8.387148e+01
3.870000e-06	5.372982e-06	1.353052e-09	3.807486e+01	8.377343e+01
3.880000e-06	5.366291e-06	1.149876e-09	3.802745e+01	8.369834e+01
3.890000e-06	5.359095e-06	1.160361e-09	3.797646e+01	8.364695e+01
3.900000e-06	5.351276e-06	1.332814e-09	3.792105e+01	8.361931e+01
3.910000e-06	5.343149e-06	1.343881e-09	3.786345e+01	8.361470e+01
3.920000e-06	5.334795e-06	1.141458e-09	3.780425e+01	8.363169e+01
3.930000e-06	5.326185e-06	1.211093e-09	3.774325e+01	8.366813e+01
3.940000e-06	5.317270e-06	1.351462e-09	3.768007e+01	8.372125e+01
3.950000e-06	5.307988e-06	1.270466e-09	3.761430e+01	8.378770e+01
3.960000e-06	5.298346e-06	1.099961e-09	3.754596e+01	8.386372e+01
3.970000e-06	5.288265e-06	1.228278e-09	3.747453e+01	8.394521e+01
3.980000e-06	5.277736e-06	1.342608e-09	3.739992e+01	8.402791e+01
3.990000e-06	5.266886e-06	1.231925e-09	3.732303e+01	8.410752e+01
4.000000e-06	5.255646e-06	1.176296e-09	3.724338e+01	8.417985e+01
4.010000e-06	5.243966e-06	1.337412e-09	3.716061e+01	8.424098e+01
4.020000e-06	5.231981e-06	1.357882e-09	3.707568e+01	8.428735e+01
4.030000e-06	5.219564e-06	1.197115e-09	3.698769e+01	8.431591e+01
4.040000e-06	5.206681e-06	1.236203e-09	3.689640e+01	8.432420e+01
4.050000e-06	5.193399e-06	1.350335e-09	3.680228e+01	8.431040e+01
4.060000e-06	5.179598e-06	1.266647e-09	3.670448e+01	8.427337e+01
4.070000e-06	5.165074e-06	1.192732e-09	3.660155e+01	8.421268e+01
4.080000e-06	5.149859e-06	1.324121e-09	3.649374e+01	8.412856e+01
4.090000e-06	5.134303e-06	1.326982e-09	3.638350e+01	8.402188e+01
4.100000e-06	5.118509e-06	1.217387e-09	3.627158e+01	8.389407e+01
4.110000e-06	5.102408e-06	1.239831e-09	3.615748e+01	8.374703e+01
4.120000e-06	5.086028e-06	1.294486e-09	3.604141e+01	8.358303e+01
4.130000e-06	5.069322e-06	1.210565e-09	3.592302e+01	8.340457e+01
4.140000e-06	5.052249e-06	1.217907e-09	3.580204e+01	8.321432e+01
4.150000e-06	5.034784e-06	1.277243e-09	3.567828e+01	8.301492e+01
4.160000e-06	5.016987e-06	1.252349e-09	3.555216e+01	8.280893e+01
4.170000e-06	4.998864e-06	1.208387e-09	3.542373e+01	8.259870e+01
4.180000e-06	4.980440e-06	1.266916e-09	3.529317e+01	8.238632e+01
4.190000e-06	4.961715e-06	1.246435e-09	3.516048e+01	8.217350e+01
4.200000e-06	4.942655e-06	1.199613e-09	3.502542e+01	8.196156e+01
4.210000e-06	4.923165e-06	1.209195e-09	3.488730e+01	8.175140e+01
4.220000e-06	4.903338e-06	1.225190e-09	3.474680e+01	8.154353e+01
4.230000e-06	4.883356e-06	1.208004e-09	3.460520e+01	8.133803e+01
4.240000e-06	4.863230e-06	1.217357e-09	3.446258e+01	8.113464e+01
4.250000e-06	4.842904e-06	1.207244e-09	3.431854e+01	8.093282e+01
4.260000e-06	4.822132e-06	1.195331e-09	3.417134e+01	8.073178e+01
4.270000e-06	4.800862e-06	1.210876e-09	3.402062e+01	8.053059e+01
4.280000e-06	4.779004e-06	1.202507e-09	3.386573e+01	8.032825e+01
4.290000e-06	4.756501e-06	1.179127e-09	3.370626e+01	8.012378e+01
4.300000e-06	4.733520e-06	1.191022e-09	3.354341e+01	7.991626e+01
4.310000e-06	4.710155e-06	1.194718e-09	3.337784e+01	7.970493e+01
4.320000e-06	4.686496e-06	1.175597e-09	3.321018e+01	7.948924e+01
4.330000e-06	4.662577e-06	1.179326e-09	3.304068e+01	7.926885e+01
4.340000e-06	4.638434e-06	1.169675e-09	3.286960e+01	7.904369e+01
4.350000e-06	4.614084e-06	1.157166e-09	3.269704e+01	7.881394e+01
4.360000e-06	4.589464e-06	1.164137e-09	3.252258e+01	7.858003e+01
4.370000e-06	4.564452e-06	1.159875e-09	3.234533e+01	7.834258e+01
4.380000e-06	4.539072e-06	1.134007e-09	3.216548e+01	7.810242e+01
4.390000e-06	4.513385e-06	1.147132e-09	3.198345e+01	7.786046e+01
4.400000e-06	4.487411e-06	1.155285e-09	3.179940e+01	7.761771e+01
4.410000e-06	4.461176e-06	1.139895e-09	3.161348e+01	7.737514e+01
4.420000e-06	4.434603e-06	1.125021e-09	3.142518e+01	7.713370e+01
4.430000e-06	4.407722e-06	1.129702e-09	3.123468e+01	7.689421e+01
4.440000e-06	4.380549e-06	1.128526e-09	3.104213e+01	7.665731e+01
4.450000e-06	4.353045e-06	1.132393e-09	3.084723e+01	7.642347e+01
4.460000e-06	4.325300e-06	1.121893e-09	3.065062e+01	7.619292e+01
4.470000e-06	4.297404e-06	1.119806e-09	3.045293e+01	7.596564e+01
4.480000e-06	4.269329e-06	1.127728e-09	3.025399e+01	7.574139e+01
4.490000e-06	4.240998e-06	1.131577e-09	3.005322e+01	7.551970e+01
4.500000e-06	4.212367e-06	1.119471e-09	2.985033e+01	7.529990e+01
4.510000e-06	4.183321e-06	1.117927e-09	2.964450e+01	7.508117e+01
4.520000e-06	4.153756e-06	1.117022e-09	2.943499e+01	7.486260e+01
4.530000e-06	4.123814e-06	1.117475e-09	2.922281e+01	7.464318e+01
4.540000e-06	4.093468e-06	1.116438e-09	2.900777e+01	7.442194e+01
4.550000e-06	4.062566e-06	1.113336e-09	2.878879e+01	7.419792e+01
4.560000e-06	4.031241e-06	1.108652e-09	2.856681e+01	7.397028e+01
4.570000e-06	3.999632e-06	1.106812e-09	2.834281e+01	7.373832e+01
4.580000e-06	3.967780e-06	1.101151e-09	2.811710e+01	7.350152e+01
4.590000e-06	3.935818e-06	1.091950e-09	2.789061e+01	7.325953e+01
4.600000e-06	3.903774e-06	1.088702e-09	2.766353e+01	7.301225e+01
4.610000e-06	3.871494e-06	1.091571e-09	2.743478e+01	7.275975e+01
4.620000e-06	3.838886e-06	1.092644e-09	2.720371e+01	7.250233e+01
4.630000e-06	3.806016e-06	1.083525e-09	2.697078e+01	7.224044e+01
4.640000e-06	3.772851e-06	1.075566e-09	2.673577e+01	7.197469e+01
4.650000e-06	3.739437e-06	1.073912e-09	2.649898e+01	7.170579e+01
4.660000e-06	3.705865e-06	1.073664e-09	2.626108e+01	7.143452e+01
4.670000e-06	3.672093e-06	1.064754e-09	2.602176e+01	7.116166e+01
4.680000e-06	3.638071e-06	1.060881e-09	2.578067e+01	7.088799e+01
4.690000e-06	3.603683e-06	1.060485e-09	2.553698e+01	7.061422e+01
4.700000e-06	3.569021e-06	1.062414e-09	2.529135e+01	7.034094e+01
4.710000e-06	3.534216e-06	1.058030e-09	2.504471e+01	7.006863e+01
4.720000e-06	3.499107e-06	1.052456e-09	2.479592e+01	6.979762e+01
4.730000e-06	3.463658e-06	1.047806e-09	2.454471e+01	6.952808e+01
4.740000e-06	3.428055e-06	1.045955e-09	2.429242e+01	6.926004e+01
4.750000e-06	3.392328e-06	1.038178e-09	2.403925e+01	6.899336e+01
4.760000e-06	3.356431e-06	1.032105e-09	2.378487e+01	6.872777e+01
4.770000e-06	3.320429e-06	1.027284e-09	2.352974e+01	6.846291e+01
4.780000e-06	3.284300e-06	1.025483e-09	2.327372e+01	6.819833e+01
4.790000e-06	3.247934e-06	1.019601e-09	2.301602e+01	6.793353e+01
4.800000e-06	3.211393e-06	1.014767e-09	2.275708e+01	6.766801e+01
4.810000e-06	3.174600e-06	1.012107e-09	2.249635e+01	6.740128e+01
4.820000e-06	3.137423e-06	1.013236e-09	2.223289e+01	6.713288e+01
4.830000e-06	3.099836e-06	1.011616e-09	2.196654e+01	6.686244e+01
4.840000e-06	3.061852e-06	1.005891e-09	2.169737e+01	6.658966e+01
4.850000e-06	3.023508e-06	9.989533e-10	2.142565e+01	6.631433e+01
4.860000e-06	2.984747e-06	9.947340e-10	2.115098e+01	6.603634e+01
4.870000e-06	2.945651e-06	9.905334e-10	2.087393e+01	6.575567e+01
4.880000e-06	2.906336e-06	9.859214e-10	2.059533e+01	6.547237e+01
4.890000e-06	2.866791e-06	9.808427e-10	2.031510e+01	6.518655e+01
4.900000e-06	2.827059e-06	9.801772e-10	2.003355e+01	6.489836e+01
4.910000e-06	2.787232e-06	9.818502e-10	1.975132e+01	6.460795e+01
4.920000e-06	2.747308e-06	9.784479e-10	1.946840e+01	6.431548e+01
4.930000e-06	2.707245e-06	9.686748e-10	1.918450e+01	6.402105e+01
4.940000e-06	2.667089e-06	9.578534e-10	1.889995e+01	6.372472e+01
4.950000e-06	2.626759e-06	9.508950e-10	1.861415e+01	6.342647e+01
4.960000e-06	2.586203e-06	9.435927e-10	1.832675e+01	6.312620e+01
4.970000e-06	2.545546e-06	9.410403e-10	1.803865e+01	6.282373e+01
4.980000e-06	2.504648e-06	9.431274e-10	1.774883e+01	6.251879e+01
4.990000e-06	2.463539e-06	9.492822e-10	1.745752e+01	6.221105e+01
5.000000e-06	2.422377e-06	9.504810e-10	1.716583e+01	6.190011e+01
5.010000e-06	2.381030e-06	9.448310e-10	1.687283e+01	6.158555e+01
5.020000e-06	2.339421e-06	9.307060e-10	1.657797e+01	6.126694e+01
5.030000e-06	2.297671e-06	9.161072e-10	1.628212e+01	6.094386e+01
5.040000e-06	2.255849e-06	9.069234e-10	1.598575e+01	6.061595e+01
5.050000e-06	2.213808e-06	9.036788e-10	1.568783e+01	6.028289e+01
5.060000e-06	2.171577e-06	9.058112e-10	1.538857e+01	5.994447e+01
5.070000e-06	2.129215e-06	9.135220e-10	1.508838e+01	5.960059e+01
5.080000e-06	2.086764e-06	9.154820e-10	1.478755e+01	5.925123e+01
5.090000e-06	2.044189e-06	9.100134e-10	1.448585e+01	5.889652e+01
5.100000e-06	2.001467e-06	8.969530e-10	1.418311e+01	5.853667e+01
5.110000e-06	1.958577e-06	8.828613e-10	1.387918e+01	5.817199e+01
5.120000e-06	1.915468e-06	8.722576e-10	1.357369e+01	5.780286e+01
5.130000e-06	1.872168e-06	8.697984e-10	1.326685e+01	5.742971e+01
5.140000e-06	1.828749e-06	8.715631e-10	1.295917e+01	5.705295e+01
5.150000e-06	1.785363e-06	8.753159e-10	1.265172e+01	5.667300e+01
5.160000e-06	1.741855e-06	8.789470e-10	1.234341e+01	5.629020e+01
5.170000e-06	1.698140e-06	8.774057e-10	1.203362e+01	5.590480e+01
5.180000e-06	1.654331e-06	8.672773e-10	1.172318e+01	5.551693e+01
5.190000e-06	1.610479e-06	8.512132e-10	1.141242e+01	5.512657e+01
5.200000e-06	1.566606e-06	8.377154e-10	1.110153e+01	5.473353e+01
5.210000e-06	1.522707e-06	8.298493e-10	1.079044e+01	5.433746e+01
5.220000e-06	1.478767e-06	8.273204e-10	1.047907e+01	5.393784e+01
5.230000e-06	1.434798e-06	8.275600e-10	1.016749e+01	5.353397e+01
5.240000e-06	1.390746e-06	8.290505e-10	9.855319e+00	5.312505e+01
5.250000e-06	1.346590e-06	8.289948e-10	9.542419e+00	5.271013e+01
5.260000e-06	1.302373e-06	8.236580e-10	9.229076e+00	5.228822e+01
5.270000e-06	1.258137e-06	8.110810e-10	8.915607e+00	5.185826e+01
5.280000e-06	1.213821e-06	7.939637e-10	8.601565e+00	5.141922e+01
5.290000e-06	1.169413e-06	7.802713e-10	8.286878e+00	5.097013e+01
5.300000e-06	1.124916e-06	7.756537e-10	7.971557e+00	5.051006e+01
5.310000e-06	1.080350e-06	7.734878e-10	7.655744e+00	5.003826e+01
5.320000e-06	1.035762e-06	7.706102e-10	7.339778e+00	4.955409e+01
5.330000e-06	9.910779e-07	7.654252e-10	7.023131e+00	4.905709e+01
5.340000e-06	9.462417e-07	7.604261e-10	6.705406e+00	4.854699e+01
5.350000e-06	9.013526e-07	7.509291e-10	6.387306e+00	4.802368e+01
5.360000e-06	8.565719e-07	7.360961e-10	6.069973e+00	4.748720e+01
5.370000e-06	8.117663e-07	7.208442e-10	5.752465e+00	4.693774e+01
5.380000e-06	7.668017e-07	7.113630e-10	5.433830e+00	4.637558e+01
5.390000e-06	7.217333e-07	7.036094e-10	5.114459e+00	4.580106e+01
5.400000e-06	6.765840e-07	6.957809e-10	4.794515e+00	4.521452e+01
5.410000e-06	6.314387e-07	6.886653e-10	4.474600e+00	4.461627e+01
5.420000e-06	5.862642e-07	6.817385e-10	4.154477e+00	4.400651e+01
5.430000e-06	5.409014e-07	6.740424e-10	3.833020e+00	4.338531e+01
5.440000e-06	4.954767e-07	6.624441e-10	3.511124e+00	4.275254e+01
5.450000e-06	4.499924e-07	6.512836e-10	3.188806e+00	4.210785e+01
5.460000e-06	4.045264e-07	6.366457e-10	2.866618e+00	4.145065e+01
5.470000e-06	3.591369e-07	6.232540e-10	2.544972e+00	4.078008e+01
5.480000e-06	3.136059e-07	6.116979e-10	2.222323e+00	4.009503e+01
5.490000e-06	2.679414e-07	6.007988e-10	1.898728e+00	3.939415e+01
5.500000e-06	2.222369e-07	5.926217e-10	1.574850e+00	3.867586e+01
5.510000e-06	1.766473e-07	5.843164e-10	1.251786e+00	3.793841e+01
5.520000e-06	1.311389e-07	5.769602e-10	9.292970e-01	3.717991e+01
5.530000e-06	8.558867e-08	5.662380e-10	6.065118e-01	3.639841e+01
5.540000e-06	4.000799e-08	5.504872e-10	2.835109e-01	3.559196e+01
5.550000e-06	-5.521669e-09	5.323086e-10	-3.912851e-02	3.475865e+01
5.560000e-06	-5.105136e-08	5.127972e-10	-3.617681e-01	3.389671e+01
5.570000e-06	-9.669888e-08	4.932508e-10	-6.852427e-01	3.300453e+01
5.580000e-06	-1.423888e-07	4.766088e-10	-1.009018e+00	3.208077e+01
5.590000e-06	-1.880542e-07	4.663414e-10	-1.332619e+00	3.112433e+01
5.600000e-06	-2.335709e-07	4.594252e-10	-1.655167e+00	3.013444e+01
5.610000e-06	-2.790306e-07	4.498848e-10	-1.977310e+00	2.911068e+01
5.620000e-06	-3.244921e-07	4.349043e-10	-2.299467e+00	2.805291e+01
5.630000e-06	-3.698792e-07	4.161127e-10	-2.621095e+00	2.696137e+01
5.640000e-06	-4.151587e-07	3.963901e-10	-2.941962e+00	2.583654e+01
5.650000e-06	-4.604434e-07	3.747330e-10	-3.262866e+00	2.467920e+01
5.660000e-06	-5.057624e-07	3.520027e-10	-3.584013e+00	2.349033e+01
5.670000e-06	-5.509532e-07	3.327000e-10	-3.904251e+00	2.227105e+01
5.680000e-06	-5.961491e-07	3.202334e-10	-4.224525e+00	2.102259e+01
5.690000e-06	-6.413027e-07	3.075675e-10	-4.544499e+00	1.974623e+01
5.700000e-06	-6.864124e-07	2.895622e-10	-4.864163e+00	1.844318e+01
5.710000e-06	-7.314454e-07	2.680303e-10	-5.183283e+00	1.711462e+01
5.720000e-06	-7.764010e-07	2.488024e-10	-5.501854e+00	1.576156e+01
5.730000e-06	-8.212946e-07	2.314178e-10	-5.819986e+00	1.438486e+01
5.740000e-06	-8.660905e-07	2.134839e-10	-6.137426e+00	1.298519e+01
5.750000e-06	-9.108835e-07	1.930145e-10	-6.454845e+00	1.156300e+01
5.760000e-06	-9.555601e-07	1.707171e-10	-6.771439e+00	1.011856e+01
5.770000e-06	-1.000142e-06	1.469472e-10	-7.087362e+00	8.651928e+00
5.780000e-06	-1.044740e-06	1.217565e-10	-7.403399e+00	7.163016e+00
5.790000e-06	-1.089258e-06	9.347957e-11	-7.718870e+00	5.651617e+00
5.800000e-06	-1.133620e-06	6.567870e-11	-8.033238e+00	4.117456e+00
5.810000e-06	-1.177928e-06	4.413515e-11	-8.347215e+00	2.560244e+00
5.820000e-06	-1.222217e-06	2.787049e-11	-8.661063e+00	9.797410e-01
5.830000e-06	-1.266379e-06	9.708726e-12	-8.974009e+00	-6.241814e-01
5.840000e-06	-1.310442e-06	-1.284282e-11	-9.286256e+00	-2.251483e+00
5.850000e-06	-1.354493e-06	-3.622513e-11	-9.598418e+00	-3.901900e+00
5.860000e-06	-1.398514e-06	-6.218193e-11	-9.910367e+00	-5.574898e+00
5.870000e-06	-1.442565e-06	-9.106399e-11	-1.022253e+01	-7.269638e+00
5.880000e-06	-1.486590e-06	-1.229240e-10	-1.053450e+01	-8.984950e+00
5.890000e-06	-1.530512e-06	-1.532869e-10	-1.084575e+01	-1.071932e+01
5.900000e-06	-1.574357e-06	-1.762943e-10	-1.115646e+01	-1.247090e+01
5.910000e-06	-1.618132e-06	-1.932721e-10	-1.146666e+01	-1.423752e+01
5.920000e-06	-1.661838e-06	-2.119503e-10	-1.177637e+01	-1.601669e+01
5.930000e-06	-1.705439e-06	-2.361716e-10	-1.208535e+01	-1.780569e+01
5.940000e-06	-1.749001e-06	-2.653298e-10	-1.239404e+01	-1.960158e+01
5.950000e-06	-1.792453e-06	-2.965795e-10	-1.270196e+01	-2.140126e+01
5.960000e-06	-1.835753e-06	-3.288803e-10	-1.300880e+01	-2.320154e+01
5.970000e-06	-1.878893e-06	-3.617019e-10	-1.331450e+01	-2.499919e+01
5.980000e-06	-1.921806e-06	-3.909228e-10	-1.361860e+01	-2.679101e+01
5.990000e-06	-1.964562e-06	-4.130984e-10	-1.392159e+01	-2.857387e+01
6.000000e-06	-2.007111e-06	-4.347644e-10	-1.422311e+01	-3.034478e+01
6.010000e-06	-2.049528e-06	-4.617539e-10	-1.452369e+01	-3.210093e+01
6.020000e-06	-2.091883e-06	-4.916308e-10	-1.482382e+01	-3.383972e+01
6.030000e-06	-2.134048e-06	-5.195219e-10	-1.512263e+01	-3.555878e+01
6.040000e-06	-2.176085e-06	-5.460556e-10	-1.542052e+01	-3.725600e+01
6.050000e-06	-2.218039e-06	-5.753004e-10	-1.571781e+01	-3.892953e+01
6.060000e-06	-2.259839e-06	-6.027791e-10	-1.601402e+01	-4.057778e+01
6.070000e-06	-2.301479e-06	-6.256235e-10	-1.630910e+01	-4.219938e+01
6.080000e-06	-2.342953e-06	-6.476940e-10	-1.660300e+01	-4.379320e+01
6.090000e-06	-2.384209e-06	-6.708428e-10	-1.689535e+01	-4.535832e+01
6.100000e-06	-2.425236e-06	-6.950918e-10	-1.718609e+01	-4.689398e+01
6.110000e-06	-2.466117e-06	-7.189485e-10	-1.747578e+01	-4.839955e+01
6.120000e-06	-2.506842e-06	-7.418091e-10	-1.776438e+01	-4.987455e+01
6.130000e-06	-2.547451e-06	-7.619481e-10	-1.805215e+01	-5.131854e+01
6.140000e-06	-2.587888e-06	-7.800903e-10	-1.833869e+01	-5.273118e+01
6.150000e-06	-2.628067e-06	-7.986151e-10	-1.862342e+01	-5.411215e+01
6.160000e-06	-2.668129e-06	-8.197235e-10	-1.890731e+01	-5.546115e+01
6.170000e-06	-2.708146e-06	-8.433050e-10	-1.919088e+01	-5.677792e+01
6.180000e-06	-2.748090e-06	-8.663035e-10	-1.947394e+01	-5.806217e+01
6.190000e-06	-2.787976e-06	-8.857832e-10	-1.975659e+01	-5.931366e+01
6.200000e-06	-2.827826e-06	-9.013686e-10	-2.003898e+01	-6.053214e+01
6.210000e-06	-2.867486e-06	-9.148166e-10	-2.032002e+01	-6.171738e+01
6.220000e-06	-2.906792e-06	-9.283463e-10	-2.059856e+01	-6.286921e+01
6.230000e-06	-2.945831e-06	-9.419963e-10	-2.087521e+01	-6.398748e+01
6.240000e-06	-2.984642e-06	-9.570509e-10	-2.115024e+01	-6.507212e+01
6.250000e-06	-3.023078e-06	-9.754743e-10	-2.142261e+01	-6.612311e+01
6.260000e-06	-3.061113e-06	-9.961924e-10	-2.169214e+01	-6.714055e+01
6.270000e-06	-3.098757e-06	-1.016933e-09	-2.195890e+01	-6.812460e+01
6.280000e-06	-3.136048e-06	-1.031325e-09	-2.222315e+01	-6.907554e+01
6.290000e-06	-3.173118e-06	-1.040764e-09	-2.248584e+01	-6.999375e+01
6.300000e-06	-3.209857e-06	-1.049412e-09	-2.274619e+01	-7.087970e+01
6.310000e-06	-3.246277e-06	-1.060117e-09	-2.300427e+01	-7.173396e+01
6.320000e-06	-3.282553e-06	-1.072746e-09	-2.326134e+01	-7.255720e+01
6.330000e-06	-3.318709e-06	-1.086754e-09	-2.351756e+01	-7.335015e+01
6.340000e-06	-3.354729e-06	-1.102457e-09	-2.377280e+01	-7.411360e+01
6.350000e-06	-3.390613e-06	-1.117893e-09	-2.402709e+01	-7.484838e+01
6.360000e-06	-3.426342e-06	-1.129879e-09	-2.428028e+01	-7.555536e+01
6.370000e-06	-3.461847e-06	-1.134276e-09	-2.453188e+01	-7.623542e+01
6.380000e-06	-3.497059e-06	-1.134328e-09	-2.478140e+01	-7.688942e+01
6.390000e-06	-3.532000e-06	-1.136542e-09	-2.502901e+01	-7.751821e+01
6.400000e-06	-3.566676e-06	-1.145371e-09	-2.527474e+01	-7.812259e+01
6.410000e-06	-3.601079e-06	-1.158869e-09	-2.551853e+01	-7.870334e+01
6.420000e-06	-3.635286e-06	-1.171759e-09	-2.576093e+01	-7.926116e+01
6.430000e-06	-3.669336e-06	-1.182433e-09	-2.600222e+01	-7.979670e+01
6.440000e-06	-3.703136e-06	-1.190018e-09	-2.624174e+01	-8.031055e+01
6.450000e-06	-3.736628e-06	-1.192863e-09	-2.647907e+01	-8.080324e+01
6.460000e-06	-3.769806e-06	-1.192128e-09	-2.671418e+01	-8.127523e+01
6.470000e-06	-3.802677e-06	-1.191780e-09	-2.694712e+01	-8.172694e+01
6.480000e-06	-3.835278e-06	-1.196010e-09	-2.717815e+01	-8.215872e+01
6.490000e-06	-3.867598e-06	-1.206371e-09	-2.740718e+01	-8.257091e+01
6.500000e-06	-3.899704e-06	-1.219283e-09	-2.763469e+01	-8.296379e+01
6.510000e-06	-3.931692e-06	-1.231051e-09	-2.786137e+01	-8.333765e+01
6.520000e-06	-3.963532e-06	-1.240089e-09	-2.808700e+01	-8.369276e+01
6.530000e-06	-3.995138e-06	-1.246420e-09	-2.831097e+01	-8.402937e+01
6.540000e-06	-4.026403e-06	-1.248716e-09	-2.853253e+01	-8.434778e+01
6.550000e-06	-4.057291e-06	-1.247153e-09	-2.875141e+01	-8.464828e+01
6.560000e-06	-4.087708e-06	-1.247872e-09	-2.896695e+01	-8.493121e+01
6.570000e-06	-4.117582e-06	-1.252970e-09	-2.917865e+01	-8.519693e+01
6.580000e-06	-4.146940e-06	-1.259889e-09	-2.938669e+01	-8.544585e+01
6.590000e-06	-4.175968e-06	-1.264820e-09	-2.959239e+01	-8.567843e+01
6.600000e-06	-4.204717e-06	-1.267166e-09	-2.979612e+01	-8.589520e+01
6.610000e-06	-4.233077e-06	-1.269879e-09	-2.999709e+01	-8.609671e+01
6.620000e-06	-4.261226e-06	-1.272576e-09	-3.019656e+01	-8.628360e+01
6.630000e-06	-4.289254e-06	-1.273558e-09	-3.039518e+01	-8.645654e+01
6.640000e-06	-4.317134e-06	-1.273596e-09	-3.059275e+01	-8.661627e+01
6.650000e-06	-4.344766e-06	-1.274123e-09	-3.078856e+01	-8.676359e+01
6.660000e-06	-4.372069e-06	-1.275711e-09	-3.098203e+01	-8.689931e+01
6.670000e-06	-4.399032e-06	-1.279425e-09	-3.117310e+01	-8.702431e+01
6.680000e-06	-4.425610e-06	-1.284599e-09	-3.136145e+01	-8.713947e+01
6.690000e-06	-4.451860e-06	-1.287873e-09	-3.154747e+01	-8.724570e+01
6.700000e-06	-4.477897e-06	-1.289676e-09	-3.173197e+01	-8.734391e+01
6.710000e-06	-4.503642e-06	-1.291359e-09	-3.191441e+01	-8.743498e+01
6.720000e-06	-4.528983e-06	-1.293717e-09	-3.209399e+01	-8.751979e+01
6.730000e-06	-4.553975e-06	-1.296683e-09	-3.227109e+01	-8.759914e+01
6.740000e-06	-4.578656e-06	-1.299158e-09	-3.244599e+01	-8.767381e+01
6.750000e-06	-4.603099e-06	-1.301103e-09	-3.261920e+01	-8.774447e+01
6.760000e-06	-4.627352e-06	-1.302526e-09	-3.279106e+01	-8.781172e+01
6.770000e-06	-4.651357e-06	-1.303561e-09	-3.296117e+01	-8.787605e+01
6.780000e-06	-4.675134e-06	-1.305357e-09	-3.312967e+01	-8.793786e+01
6.790000e-06	-4.698624e-06	-1.307798e-09	-3.329612e+01	-8.799741e+01
6.800000e-06	-4.721733e-06	-1.310807e-09	-3.345988e+01	-8.805486e+01
6.810000e-06	-4.744348e-06	-1.314246e-09	-3.362014e+01	-8.811026e+01
6.820000e-06	-4.766389e-06	-1.316793e-09	-3.377633e+01	-8.816355e+01
6.830000e-06	-4.787964e-06	-1.316328e-09	-3.392922e+01	-8.821457e+01
6.840000e-06	-4.809112e-06	-1.311851e-09	-3.407908e+01	-8.826308e+01
6.850000e-06	-4.829742e-06	-1.309894e-09	-3.422527e+01	-8.830878e+01
6.860000e-06	-4.849985e-06	-1.314537e-09	-3.436872e+01	-8.835133e+01
6.870000e-06	-4.870038e-06	-1.321627e-09	-3.451083e+01	-8.839036e+01
6.880000e-06	-4.889929e-06	-1.325448e-09	-3.465178e+01	-8.842552e+01
6.890000e-06	-4.909642e-06	-1.325779e-09	-3.479147e+01	-8.845647e+01
6.900000e-06	-4.928984e-06	-1.326052e-09	-3.492854e+01	-8.848292e+01
6.910000e-06	-4.947881e-06	-1.325536e-09	-3.506245e+01	-8.850466e+01
6.920000e-06	-4.966454e-06	-1.320970e-09	-3.519406e+01	-8.852154e+01
6.930000e-06	-4.984760e-06	-1.316537e-09	-3.532379e+01	-8.853352e+01
6.940000e-06	-5.002813e-06	-1.316629e-09	-3.545172e+01	-8.854065e+01
6.950000e-06	-5.020530e-06	-1.321439e-09	-3.557726e+01	-8.854308e+01
6.960000e-06	-5.037830e-06	-1.325658e-09	-3.569985e+01	-8.854106e+01
6.970000e-06	-5.054773e-06	-1.326423e-09	-3.581992e+01	-8.853489e+01
6.980000e-06	-5.071392e-06	-1.326637e-09	-3.593769e+01	-8.852499e+01
6.990000e-06	-5.087738e-06	-1.326117e-09	-3.605352e+01	-8.851178e+01
7.000000e-06	-5.103856e-06	-1.321658e-09	-3.616774e+01	-8.849573e+01
7.010000e-06	-5.119749e-06	-1.315079e-09	-3.628037e+01	-8.847731e+01
7.020000e-06	-5.135306e-06	-1.312059e-09	-3.639060e+01	-8.845696e+01
7.030000e-06	-5.150259e-06	-1.313464e-09	-3.649657e+01	-8.843506e+01
7.040000e-06	-5.164616e-06	-1.315892e-09	-3.659831e+01	-8.841195e+01
7.050000e-06	-5.178339e-06	-1.312091e-09	-3.669555e+01	-8.838788e+01
7.060000e-06	-5.191418e-06	-1.307841e-09	-3.678824e+01	-8.836298e+01
7.070000e-06	-5.204077e-06	-1.305896e-09	-3.687794e+01	-8.833730e+01
7.080000e-06	-5.216401e-06	-1.303065e-09	-3.696527e+01	-8.831080e+01
7.090000e-06	-5.228375e-06	-1.302907e-09	-3.705012e+01	-8.828333e+01
7.100000e-06	-5.240020e-06	-1.304555e-09	-3.713265e+01	-8.825466e+01
7.110000e-06	-5.251374e-06	-1.308687e-09	-3.721311e+01	-8.822451e+01
7.120000e-06	-5.262333e-06	-1.310552e-09	-3.729076e+01	-8.819256e+01
7.130000e-06	-5.272824e-06	-1.307792e-09	-3.736511e+01	-8.815848e+01
7.140000e-06	-5.282938e-06	-1.301154e-09	-3.743678e+01	-8.812196e+01
7.150000e-06	-5.292814e-06	-1.293820e-09	-3.750677e+01	-8.808272e+01
7.160000e-06	-5.302430e-06	-1.290241e-09	-3.757491e+01	-8.804057e+01
7.170000e-06	-5.311562e-06	-1.287582e-09	-3.763962e+01	-8.799538e+01
7.180000e-06	-5.320235e-06	-1.287195e-09	-3.770108e+01	-8.794715e+01
7.190000e-06	-5.328569e-06	-1.291179e-09	-3.776013e+01	-8.789597e+01
7.200000e-06	-5.336665e-06	-1.295486e-09	-3.781751e+01	-8.784206e+01
7.210000e-06	-5.344630e-06	-1.299900e-09	-3.787395e+01	-8.778571e+01
7.220000e-06	-5.352315e-06	-1.298396e-09	-3.792841e+01	-8.772731e+01
7.230000e-06	-5.359606e-06	-1.292093e-09	-3.798007e+01	-8.766731e+01
7.240000e-06	-5.366395e-06	-1.283221e-09	-3.802819e+01	-8.760616e+01
7.250000e-06	-5.372575e-06	-1.274912e-09	-3.807198e+01	-8.754432e+01
7.260000e-06	-5.378073e-06	-1.270691e-09	-3.811094e+01	-8.748217e+01
7.270000e-06	-5.383020e-06	-1.271647e-09	-3.814599e+01	-8.742001e+01
7.280000e-06	-5.387593e-06	-1.277454e-09	-3.817840e+01	-8.735799e+01
7.290000e-06	-5.391840e-06	-1.282006e-09	-3.820850e+01	-8.729610e+01
7.300000e-06	-5.395823e-06	-1.281522e-09	-3.823673e+01	-8.723412e+01
7.310000e-06	-5.399571e-06	-1.277536e-09	-3.826328e+01	-8.717165e+01
7.320000e-06	-5.403038e-06	-1.273082e-09	-3.828785e+01	-8.710802e+01
7.330000e-06	-5.406079e-06	-1.267863e-09	-3.830940e+01	-8.704239e+01
7.340000e-06	-5.408658e-06	-1.263472e-09	-3.832767e+01	-8.697371e+01
7.350000e-06	-5.410928e-06	-1.262074e-09	-3.834377e+01	-8.690079e+01
7.360000e-06	-5.412965e-06	-1.265076e-09	-3.835820e+01	-8.682234e+01
7.370000e-06	-5.414759e-06	-1.267413e-09	-3.837091e+01	-8.673700e+01
7.380000e-06	-5.416082e-06	-1.267400e-09	-3.838029e+01	-8.664347e+01
7.390000e-06	-5.416805e-06	-1.265287e-09	-3.838541e+01	-8.654053e+01
7.400000e-06	-5.417232e-06	-1.263834e-09	-3.838844e+01	-8.642715e+01
