# Temperatura_=_14.82
# Concentracion g/m^3_=_4090.0
# C_Vs_to_Am_M_A/Vsm_=_65563218390.804596
# pendiente_HvsI_1/m_=_3716.3
# ordenada_HvsI_A/m_=_1297.0
# frecuencia_Hz_=_135087.08540209258

Tiempo_(s)	Campo_(V.s)	Magnetizacion_(V.s)	Campo_(kA/m)	Magnetizacion_(A/m)
0.000000e+00	-5.402574e-06	-1.261666e-09	-3.839552e+01	-8.648504e+01
1.000000e-08	-5.402742e-06	-1.258999e-09	-3.839670e+01	-8.633039e+01
2.000000e-08	-5.402724e-06	-1.254302e-09	-3.839658e+01	-8.616427e+01
3.000000e-08	-5.402439e-06	-1.248392e-09	-3.839455e+01	-8.598794e+01
4.000000e-08	-5.401864e-06	-1.246831e-09	-3.839047e+01	-8.580334e+01
5.000000e-08	-5.400806e-06	-1.250788e-09	-3.838295e+01	-8.561307e+01
6.000000e-08	-5.399062e-06	-1.252374e-09	-3.837055e+01	-8.542034e+01
7.000000e-08	-5.396697e-06	-1.246631e-09	-3.835375e+01	-8.522884e+01
8.000000e-08	-5.393628e-06	-1.243592e-09	-3.833194e+01	-8.504265e+01
9.000000e-08	-5.389990e-06	-1.240245e-09	-3.830608e+01	-8.486606e+01
1.000000e-07	-5.385952e-06	-1.245900e-09	-3.827738e+01	-8.470345e+01
1.100000e-07	-5.381596e-06	-1.255477e-09	-3.824642e+01	-8.455903e+01
1.200000e-07	-5.377072e-06	-1.298305e-09	-3.821427e+01	-8.443674e+01
1.300000e-07	-5.372354e-06	-1.224295e-09	-3.818075e+01	-8.433998e+01
1.400000e-07	-5.367289e-06	-1.243716e-09	-3.814475e+01	-8.427154e+01
1.500000e-07	-5.361769e-06	-1.265516e-09	-3.810552e+01	-8.423339e+01
1.600000e-07	-5.355854e-06	-1.308747e-09	-3.806348e+01	-8.422656e+01
1.700000e-07	-5.349581e-06	-1.218381e-09	-3.801890e+01	-8.425111e+01
1.800000e-07	-5.342976e-06	-1.175905e-09	-3.797196e+01	-8.430609e+01
1.900000e-07	-5.336121e-06	-1.276623e-09	-3.792324e+01	-8.438948e+01
2.000000e-07	-5.329025e-06	-1.325820e-09	-3.787281e+01	-8.449832e+01
2.100000e-07	-5.321551e-06	-1.292309e-09	-3.781969e+01	-8.462875e+01
2.200000e-07	-5.313745e-06	-1.251771e-09	-3.776421e+01	-8.477615e+01
2.300000e-07	-5.305674e-06	-1.367295e-09	-3.770686e+01	-8.493533e+01
2.400000e-07	-5.297309e-06	-1.372656e-09	-3.764741e+01	-8.510066e+01
2.500000e-07	-5.288426e-06	-1.334196e-09	-3.758428e+01	-8.526634e+01
2.600000e-07	-5.278720e-06	-1.315091e-09	-3.751530e+01	-8.542656e+01
2.700000e-07	-5.268385e-06	-1.406015e-09	-3.744185e+01	-8.557575e+01
2.800000e-07	-5.257520e-06	-1.358472e-09	-3.736463e+01	-8.570875e+01
2.900000e-07	-5.246199e-06	-1.306748e-09	-3.728418e+01	-8.582101e+01
3.000000e-07	-5.234509e-06	-1.327035e-09	-3.720109e+01	-8.590874e+01
3.100000e-07	-5.222415e-06	-1.381359e-09	-3.711514e+01	-8.596903e+01
3.200000e-07	-5.209887e-06	-1.323538e-09	-3.702611e+01	-8.599991e+01
3.300000e-07	-5.197038e-06	-1.323434e-09	-3.693479e+01	-8.600043e+01
3.400000e-07	-5.183811e-06	-1.368083e-09	-3.684079e+01	-8.597060e+01
3.500000e-07	-5.170174e-06	-1.360330e-09	-3.674387e+01	-8.591138e+01
3.600000e-07	-5.156315e-06	-1.309227e-09	-3.664538e+01	-8.582460e+01
3.700000e-07	-5.142069e-06	-1.337530e-09	-3.654413e+01	-8.571279e+01
3.800000e-07	-5.127116e-06	-1.327895e-09	-3.643786e+01	-8.557910e+01
3.900000e-07	-5.111579e-06	-1.292799e-09	-3.632745e+01	-8.542706e+01
4.000000e-07	-5.095544e-06	-1.310353e-09	-3.621349e+01	-8.526048e+01
4.100000e-07	-5.078988e-06	-1.346667e-09	-3.609582e+01	-8.508319e+01
4.200000e-07	-5.062047e-06	-1.315401e-09	-3.597542e+01	-8.489893e+01
4.300000e-07	-5.044744e-06	-1.299945e-09	-3.585245e+01	-8.471115e+01
4.400000e-07	-5.027202e-06	-1.346557e-09	-3.572779e+01	-8.452289e+01
4.500000e-07	-5.009490e-06	-1.320432e-09	-3.560191e+01	-8.433666e+01
4.600000e-07	-4.991434e-06	-1.281617e-09	-3.547359e+01	-8.415437e+01
4.700000e-07	-4.973008e-06	-1.284134e-09	-3.534263e+01	-8.397729e+01
4.800000e-07	-4.954222e-06	-1.313958e-09	-3.520913e+01	-8.380602e+01
4.900000e-07	-4.935060e-06	-1.285577e-09	-3.507294e+01	-8.364054e+01
5.000000e-07	-4.915658e-06	-1.296649e-09	-3.493506e+01	-8.348024e+01
5.100000e-07	-4.895944e-06	-1.295093e-09	-3.479495e+01	-8.332403e+01
5.200000e-07	-4.875966e-06	-1.298325e-09	-3.465296e+01	-8.317044e+01
5.300000e-07	-4.855823e-06	-1.290253e-09	-3.450981e+01	-8.301772e+01
5.400000e-07	-4.835446e-06	-1.307519e-09	-3.436500e+01	-8.286398e+01
5.500000e-07	-4.814622e-06	-1.277389e-09	-3.421701e+01	-8.270733e+01
5.600000e-07	-4.793415e-06	-1.281010e-09	-3.406629e+01	-8.254597e+01
5.700000e-07	-4.771894e-06	-1.285009e-09	-3.391334e+01	-8.237834e+01
5.800000e-07	-4.750080e-06	-1.281543e-09	-3.375831e+01	-8.220317e+01
5.900000e-07	-4.728048e-06	-1.250644e-09	-3.360173e+01	-8.201956e+01
6.000000e-07	-4.705714e-06	-1.260701e-09	-3.344300e+01	-8.182703e+01
6.100000e-07	-4.683100e-06	-1.266439e-09	-3.328229e+01	-8.162554e+01
6.200000e-07	-4.660000e-06	-1.273285e-09	-3.311812e+01	-8.141544e+01
6.300000e-07	-4.636404e-06	-1.268381e-09	-3.295043e+01	-8.119750e+01
6.400000e-07	-4.612616e-06	-1.272546e-09	-3.278137e+01	-8.097277e+01
6.500000e-07	-4.588668e-06	-1.270641e-09	-3.261117e+01	-8.074259e+01
6.600000e-07	-4.564506e-06	-1.270040e-09	-3.243945e+01	-8.050842e+01
6.700000e-07	-4.539987e-06	-1.253231e-09	-3.226520e+01	-8.027182e+01
6.800000e-07	-4.515156e-06	-1.237174e-09	-3.208873e+01	-8.003431e+01
6.900000e-07	-4.489922e-06	-1.233744e-09	-3.190940e+01	-7.979727e+01
7.000000e-07	-4.463988e-06	-1.235868e-09	-3.172508e+01	-7.956192e+01
7.100000e-07	-4.437425e-06	-1.238336e-09	-3.153630e+01	-7.932918e+01
7.200000e-07	-4.410434e-06	-1.238367e-09	-3.134448e+01	-7.909967e+01
7.300000e-07	-4.383164e-06	-1.245819e-09	-3.115068e+01	-7.887367e+01
7.400000e-07	-4.355724e-06	-1.244261e-09	-3.095567e+01	-7.865111e+01
7.500000e-07	-4.328050e-06	-1.240271e-09	-3.075899e+01	-7.843159e+01
7.600000e-07	-4.300117e-06	-1.219414e-09	-3.056047e+01	-7.821440e+01
7.700000e-07	-4.271968e-06	-1.211565e-09	-3.036042e+01	-7.799861e+01
7.800000e-07	-4.243612e-06	-1.205993e-09	-3.015890e+01	-7.778309e+01
7.900000e-07	-4.215057e-06	-1.213547e-09	-2.995596e+01	-7.756660e+01
8.000000e-07	-4.186183e-06	-1.209807e-09	-2.975075e+01	-7.734788e+01
8.100000e-07	-4.156941e-06	-1.213759e-09	-2.954294e+01	-7.712573e+01
8.200000e-07	-4.127421e-06	-1.209392e-09	-2.933314e+01	-7.689907e+01
8.300000e-07	-4.097626e-06	-1.209517e-09	-2.912139e+01	-7.666700e+01
8.400000e-07	-4.067518e-06	-1.194149e-09	-2.890741e+01	-7.642889e+01
8.500000e-07	-4.037150e-06	-1.185394e-09	-2.869159e+01	-7.618436e+01
8.600000e-07	-4.006507e-06	-1.177438e-09	-2.847381e+01	-7.593335e+01
8.700000e-07	-3.975632e-06	-1.184567e-09	-2.825439e+01	-7.567609e+01
8.800000e-07	-3.944503e-06	-1.182873e-09	-2.803316e+01	-7.541309e+01
8.900000e-07	-3.913079e-06	-1.181246e-09	-2.780983e+01	-7.514512e+01
9.000000e-07	-3.881427e-06	-1.171926e-09	-2.758489e+01	-7.487312e+01
9.100000e-07	-3.849617e-06	-1.170432e-09	-2.735881e+01	-7.459820e+01
9.200000e-07	-3.817705e-06	-1.165055e-09	-2.713202e+01	-7.432151e+01
9.300000e-07	-3.785608e-06	-1.163509e-09	-2.690391e+01	-7.404422e+01
9.400000e-07	-3.753182e-06	-1.162600e-09	-2.667346e+01	-7.376744e+01
9.500000e-07	-3.720442e-06	-1.165512e-09	-2.644078e+01	-7.349213e+01
9.600000e-07	-3.687338e-06	-1.164554e-09	-2.620552e+01	-7.321907e+01
9.700000e-07	-3.653822e-06	-1.156128e-09	-2.596732e+01	-7.294881e+01
9.800000e-07	-3.620017e-06	-1.143530e-09	-2.572708e+01	-7.268163e+01
9.900000e-07	-3.585667e-06	-1.132529e-09	-2.548295e+01	-7.241754e+01
1.000000e-06	-3.550826e-06	-1.126569e-09	-2.523534e+01	-7.215629e+01
1.010000e-06	-3.515747e-06	-1.123401e-09	-2.498603e+01	-7.189735e+01
1.020000e-06	-3.480288e-06	-1.126732e-09	-2.473404e+01	-7.164000e+01
1.030000e-06	-3.444598e-06	-1.129680e-09	-2.448039e+01	-7.138330e+01
1.040000e-06	-3.408767e-06	-1.132958e-09	-2.422574e+01	-7.112623e+01
1.050000e-06	-3.372742e-06	-1.127587e-09	-2.396972e+01	-7.086765e+01
1.060000e-06	-3.336645e-06	-1.117034e-09	-2.371318e+01	-7.060646e+01
1.070000e-06	-3.300458e-06	-1.100046e-09	-2.345600e+01	-7.034159e+01
1.080000e-06	-3.264098e-06	-1.088957e-09	-2.319759e+01	-7.007209e+01
1.090000e-06	-3.227506e-06	-1.081318e-09	-2.293754e+01	-6.979717e+01
1.100000e-06	-3.190580e-06	-1.086148e-09	-2.267511e+01	-6.951621e+01
1.110000e-06	-3.153387e-06	-1.090589e-09	-2.241078e+01	-6.922885e+01
1.120000e-06	-3.115983e-06	-1.094991e-09	-2.214496e+01	-6.893494e+01
1.130000e-06	-3.078380e-06	-1.089396e-09	-2.187771e+01	-6.863456e+01
1.140000e-06	-3.040595e-06	-1.082453e-09	-2.160918e+01	-6.832801e+01
1.150000e-06	-3.002599e-06	-1.069878e-09	-2.133915e+01	-6.801581e+01
1.160000e-06	-2.964448e-06	-1.059464e-09	-2.106801e+01	-6.769859e+01
1.170000e-06	-2.926182e-06	-1.049572e-09	-2.079606e+01	-6.737714e+01
1.180000e-06	-2.887651e-06	-1.046021e-09	-2.052222e+01	-6.705230e+01
1.190000e-06	-2.848840e-06	-1.042669e-09	-2.024640e+01	-6.672492e+01
1.200000e-06	-2.809745e-06	-1.045085e-09	-1.996856e+01	-6.639585e+01
1.210000e-06	-2.770428e-06	-1.046853e-09	-1.968914e+01	-6.606585e+01
1.220000e-06	-2.730962e-06	-1.045530e-09	-1.940865e+01	-6.573559e+01
1.230000e-06	-2.691326e-06	-1.037999e-09	-1.912697e+01	-6.540561e+01
1.240000e-06	-2.651632e-06	-1.029572e-09	-1.884486e+01	-6.507629e+01
1.250000e-06	-2.611801e-06	-1.020476e-09	-1.856179e+01	-6.474787e+01
1.260000e-06	-2.571865e-06	-1.013218e-09	-1.827797e+01	-6.442043e+01
1.270000e-06	-2.531867e-06	-1.008124e-09	-1.799371e+01	-6.409390e+01
1.280000e-06	-2.491755e-06	-1.002356e-09	-1.770863e+01	-6.376810e+01
1.290000e-06	-2.451573e-06	-1.000224e-09	-1.742307e+01	-6.344275e+01
1.300000e-06	-2.411151e-06	-9.993816e-10	-1.713579e+01	-6.311750e+01
1.310000e-06	-2.370459e-06	-9.935527e-10	-1.684660e+01	-6.279197e+01
1.320000e-06	-2.329620e-06	-9.828366e-10	-1.655636e+01	-6.246578e+01
1.330000e-06	-2.288688e-06	-9.750165e-10	-1.626546e+01	-6.213855e+01
1.340000e-06	-2.247512e-06	-9.709494e-10	-1.597283e+01	-6.180997e+01
1.350000e-06	-2.206045e-06	-9.705007e-10	-1.567812e+01	-6.147977e+01
1.360000e-06	-2.164326e-06	-9.678646e-10	-1.538164e+01	-6.114774e+01
1.370000e-06	-2.122318e-06	-9.643099e-10	-1.508309e+01	-6.081376e+01
1.380000e-06	-2.080021e-06	-9.581858e-10	-1.478248e+01	-6.047774e+01
1.390000e-06	-2.037314e-06	-9.527328e-10	-1.447897e+01	-6.013965e+01
1.400000e-06	-1.994467e-06	-9.424553e-10	-1.417446e+01	-5.979945e+01
1.410000e-06	-1.951617e-06	-9.318114e-10	-1.386993e+01	-5.945713e+01
1.420000e-06	-1.908480e-06	-9.263031e-10	-1.356337e+01	-5.911260e+01
1.430000e-06	-1.865082e-06	-9.276515e-10	-1.325494e+01	-5.876575e+01
1.440000e-06	-1.821545e-06	-9.269110e-10	-1.294553e+01	-5.841635e+01
1.450000e-06	-1.777887e-06	-9.235907e-10	-1.263525e+01	-5.806407e+01
1.460000e-06	-1.734186e-06	-9.175947e-10	-1.232468e+01	-5.770845e+01
1.470000e-06	-1.690383e-06	-9.140888e-10	-1.201337e+01	-5.734889e+01
1.480000e-06	-1.646446e-06	-9.077729e-10	-1.170112e+01	-5.698469e+01
1.490000e-06	-1.602447e-06	-8.982361e-10	-1.138842e+01	-5.661500e+01
1.500000e-06	-1.558401e-06	-8.900206e-10	-1.107539e+01	-5.623889e+01
1.510000e-06	-1.514326e-06	-8.899642e-10	-1.076216e+01	-5.585536e+01
1.520000e-06	-1.470110e-06	-8.899652e-10	-1.044792e+01	-5.546336e+01
1.530000e-06	-1.425759e-06	-8.828004e-10	-1.013272e+01	-5.506186e+01
1.540000e-06	-1.381369e-06	-8.725726e-10	-9.817241e+00	-5.464987e+01
1.550000e-06	-1.337012e-06	-8.641055e-10	-9.502004e+00	-5.422648e+01
1.560000e-06	-1.292642e-06	-8.540043e-10	-9.186671e+00	-5.379092e+01
1.570000e-06	-1.248107e-06	-8.437038e-10	-8.870162e+00	-5.334256e+01
1.580000e-06	-1.203487e-06	-8.339127e-10	-8.553056e+00	-5.288096e+01
1.590000e-06	-1.158732e-06	-8.265942e-10	-8.234985e+00	-5.240587e+01
1.600000e-06	-1.113800e-06	-8.226817e-10	-7.915654e+00	-5.191726e+01
1.610000e-06	-1.068896e-06	-8.189871e-10	-7.596531e+00	-5.141527e+01
1.620000e-06	-1.023955e-06	-8.134066e-10	-7.277140e+00	-5.090022e+01
1.630000e-06	-9.787737e-07	-8.053863e-10	-6.956040e+00	-5.037259e+01
1.640000e-06	-9.334680e-07	-7.944498e-10	-6.634057e+00	-4.983296e+01
1.650000e-06	-8.882146e-07	-7.802207e-10	-6.312446e+00	-4.928194e+01
1.660000e-06	-8.430018e-07	-7.663308e-10	-5.991124e+00	-4.872019e+01
1.670000e-06	-7.976814e-07	-7.564135e-10	-5.669036e+00	-4.814830e+01
1.680000e-06	-7.522327e-07	-7.512233e-10	-5.346037e+00	-4.756676e+01
1.690000e-06	-7.067249e-07	-7.446692e-10	-5.022618e+00	-4.697589e+01
1.700000e-06	-6.612049e-07	-7.383040e-10	-4.699113e+00	-4.637585e+01
1.710000e-06	-6.156942e-07	-7.293102e-10	-4.375673e+00	-4.576653e+01
1.720000e-06	-5.701310e-07	-7.181752e-10	-4.051860e+00	-4.514759e+01
1.730000e-06	-5.245475e-07	-7.054373e-10	-3.727903e+00	-4.451841e+01
1.740000e-06	-4.789372e-07	-6.942161e-10	-3.403755e+00	-4.387811e+01
1.750000e-06	-4.333245e-07	-6.844048e-10	-3.079591e+00	-4.322554e+01
1.760000e-06	-3.876714e-07	-6.743341e-10	-2.755139e+00	-4.255936e+01
1.770000e-06	-3.418962e-07	-6.585997e-10	-2.429819e+00	-4.187800e+01
1.780000e-06	-2.961302e-07	-6.447666e-10	-2.104566e+00	-4.117980e+01
1.790000e-06	-2.503264e-07	-6.370866e-10	-1.779043e+00	-4.046298e+01
1.800000e-06	-2.044994e-07	-6.316320e-10	-1.453355e+00	-3.972577e+01
1.810000e-06	-1.587370e-07	-6.177012e-10	-1.128127e+00	-3.896641e+01
1.820000e-06	-1.130158e-07	-5.995222e-10	-8.031914e-01	-3.818325e+01
1.830000e-06	-6.724784e-08	-5.852493e-10	-4.779232e-01	-3.737479e+01
1.840000e-06	-2.143661e-08	-5.724655e-10	-1.523477e-01	-3.653971e+01
1.850000e-06	2.430558e-08	-5.578435e-10	1.727372e-01	-3.567692e+01
1.860000e-06	7.004593e-08	-5.416254e-10	4.978089e-01	-3.478558e+01
1.870000e-06	1.158149e-07	-5.287895e-10	8.230840e-01	-3.386512e+01
1.880000e-06	1.615954e-07	-5.205100e-10	1.148441e+00	-3.291521e+01
1.890000e-06	2.073190e-07	-5.088384e-10	1.473394e+00	-3.193576e+01
1.900000e-06	2.530406e-07	-4.885278e-10	1.798333e+00	-3.092691e+01
1.910000e-06	2.987777e-07	-4.652022e-10	2.123381e+00	-2.988896e+01
1.920000e-06	3.444768e-07	-4.448723e-10	2.448160e+00	-2.882235e+01
1.930000e-06	3.901280e-07	-4.277864e-10	2.772598e+00	-2.772762e+01
1.940000e-06	4.357071e-07	-4.088485e-10	3.096524e+00	-2.660533e+01
1.950000e-06	4.812421e-07	-3.897890e-10	3.420136e+00	-2.545604e+01
1.960000e-06	5.268817e-07	-3.746288e-10	3.744492e+00	-2.428026e+01
1.970000e-06	5.724960e-07	-3.615483e-10	4.068667e+00	-2.307840e+01
1.980000e-06	6.178964e-07	-3.438678e-10	4.391323e+00	-2.185078e+01
1.990000e-06	6.633261e-07	-3.204688e-10	4.714187e+00	-2.059756e+01
2.000000e-06	7.087566e-07	-2.970131e-10	5.037057e+00	-1.931877e+01
2.010000e-06	7.540845e-07	-2.779691e-10	5.359198e+00	-1.801432e+01
2.020000e-06	7.994074e-07	-2.580831e-10	5.681303e+00	-1.668400e+01
2.030000e-06	8.447246e-07	-2.350063e-10	6.003367e+00	-1.532751e+01
2.040000e-06	8.898990e-07	-2.123165e-10	6.324417e+00	-1.394449e+01
2.050000e-06	9.349878e-07	-1.919661e-10	6.644858e+00	-1.253460e+01
2.060000e-06	9.799714e-07	-1.696238e-10	6.964552e+00	-1.109750e+01
2.070000e-06	1.024858e-06	-1.449497e-10	7.283559e+00	-9.632983e+00
2.080000e-06	1.069706e-06	-1.180512e-10	7.602289e+00	-8.140932e+00
2.090000e-06	1.114490e-06	-9.297347e-11	7.920559e+00	-6.621429e+00
2.100000e-06	1.159174e-06	-7.035813e-11	8.238127e+00	-5.074761e+00
2.110000e-06	1.203769e-06	-4.708067e-11	8.555060e+00	-3.501457e+00
2.120000e-06	1.248262e-06	-2.268978e-11	8.871263e+00	-1.902305e+00
2.130000e-06	1.292596e-06	-5.483206e-13	9.186343e+00	-2.783590e-01
2.140000e-06	1.336880e-06	2.113777e-11	9.501061e+00	1.369059e+00
2.150000e-06	1.381113e-06	4.751617e-11	9.815420e+00	3.038374e+00
2.160000e-06	1.425341e-06	7.512168e-11	1.012974e+01	4.727783e+00
2.170000e-06	1.469556e-06	1.002108e-10	1.044397e+01	6.435277e+00
2.180000e-06	1.513659e-06	1.257239e-10	1.075741e+01	8.158687e+00
2.190000e-06	1.557676e-06	1.541142e-10	1.107024e+01	9.895715e+00
2.200000e-06	1.601655e-06	1.820693e-10	1.138279e+01	1.164398e+01
2.210000e-06	1.645552e-06	2.069232e-10	1.169476e+01	1.340108e+01
2.220000e-06	1.689385e-06	2.312599e-10	1.200628e+01	1.516458e+01
2.230000e-06	1.733234e-06	2.592281e-10	1.231791e+01	1.693210e+01
2.240000e-06	1.777031e-06	2.884758e-10	1.262917e+01	1.870135e+01
2.250000e-06	1.820623e-06	3.146508e-10	1.293897e+01	2.047008e+01
2.260000e-06	1.864056e-06	3.387930e-10	1.324764e+01	2.223620e+01
2.270000e-06	1.907421e-06	3.669038e-10	1.355584e+01	2.399770e+01
2.280000e-06	1.950636e-06	3.973576e-10	1.386296e+01	2.575270e+01
2.290000e-06	1.993718e-06	4.270489e-10	1.416914e+01	2.749942e+01
2.300000e-06	2.036623e-06	4.544127e-10	1.447406e+01	2.923621e+01
2.310000e-06	2.079199e-06	4.799510e-10	1.477664e+01	3.096149e+01
2.320000e-06	2.121479e-06	5.069169e-10	1.507713e+01	3.267374e+01
2.330000e-06	2.163479e-06	5.321197e-10	1.537561e+01	3.437150e+01
2.340000e-06	2.205303e-06	5.532231e-10	1.567285e+01	3.605335e+01
2.350000e-06	2.246873e-06	5.745968e-10	1.596828e+01	3.771789e+01
2.360000e-06	2.288014e-06	6.031087e-10	1.626067e+01	3.936373e+01
2.370000e-06	2.328894e-06	6.345636e-10	1.655120e+01	4.098948e+01
2.380000e-06	2.369579e-06	6.610572e-10	1.684035e+01	4.259375e+01
2.390000e-06	2.410052e-06	6.811998e-10	1.712798e+01	4.417514e+01
2.400000e-06	2.450336e-06	7.004233e-10	1.741427e+01	4.573230e+01
2.410000e-06	2.490515e-06	7.209708e-10	1.769982e+01	4.726386e+01
2.420000e-06	2.530564e-06	7.425417e-10	1.798445e+01	4.876851e+01
2.430000e-06	2.570503e-06	7.707198e-10	1.826829e+01	5.024500e+01
2.440000e-06	2.610390e-06	8.026213e-10	1.855176e+01	5.169216e+01
2.450000e-06	2.650161e-06	8.296073e-10	1.883441e+01	5.310889e+01
2.460000e-06	2.689858e-06	8.485270e-10	1.911653e+01	5.449421e+01
2.470000e-06	2.729455e-06	8.611446e-10	1.939794e+01	5.584729e+01
2.480000e-06	2.768833e-06	8.713380e-10	1.967780e+01	5.716741e+01
2.490000e-06	2.807954e-06	8.863372e-10	1.995583e+01	5.845400e+01
2.500000e-06	2.846750e-06	9.081354e-10	2.023155e+01	5.970663e+01
2.510000e-06	2.885359e-06	9.366172e-10	2.050594e+01	6.092502e+01
2.520000e-06	2.923875e-06	9.683923e-10	2.077967e+01	6.210902e+01
2.530000e-06	2.962129e-06	9.967057e-10	2.105153e+01	6.325861e+01
2.540000e-06	3.000124e-06	1.014740e-09	2.132156e+01	6.437386e+01
2.550000e-06	3.037992e-06	1.021957e-09	2.159069e+01	6.545498e+01
2.560000e-06	3.075700e-06	1.025184e-09	2.185867e+01	6.650221e+01
2.570000e-06	3.113233e-06	1.031097e-09	2.212541e+01	6.751590e+01
2.580000e-06	3.150547e-06	1.043015e-09	2.239060e+01	6.849641e+01
2.590000e-06	3.187587e-06	1.061085e-09	2.265384e+01	6.944416e+01
2.600000e-06	3.224419e-06	1.083303e-09	2.291560e+01	7.035962e+01
2.610000e-06	3.260978e-06	1.107005e-09	2.317542e+01	7.124326e+01
2.620000e-06	3.297228e-06	1.124778e-09	2.343304e+01	7.209558e+01
2.630000e-06	3.333276e-06	1.136656e-09	2.368923e+01	7.291711e+01
2.640000e-06	3.369231e-06	1.143364e-09	2.394476e+01	7.370841e+01
2.650000e-06	3.405079e-06	1.148017e-09	2.419953e+01	7.447009e+01
2.660000e-06	3.440868e-06	1.151805e-09	2.445388e+01	7.520277e+01
2.670000e-06	3.476636e-06	1.156579e-09	2.470808e+01	7.590716e+01
2.680000e-06	3.512076e-06	1.166958e-09	2.495995e+01	7.658399e+01
2.690000e-06	3.547116e-06	1.180671e-09	2.520897e+01	7.723407e+01
2.700000e-06	3.581836e-06	1.195452e-09	2.545572e+01	7.785826e+01
2.710000e-06	3.616178e-06	1.209870e-09	2.569979e+01	7.845747e+01
2.720000e-06	3.650020e-06	1.220999e-09	2.594030e+01	7.903264e+01
2.730000e-06	3.683383e-06	1.229637e-09	2.617741e+01	7.958477e+01
2.740000e-06	3.716345e-06	1.237331e-09	2.641167e+01	8.011483e+01
2.750000e-06	3.748939e-06	1.239806e-09	2.664330e+01	8.062380e+01
2.760000e-06	3.781316e-06	1.239703e-09	2.687341e+01	8.111263e+01
2.770000e-06	3.813491e-06	1.241704e-09	2.710207e+01	8.158218e+01
2.780000e-06	3.845499e-06	1.250704e-09	2.732955e+01	8.203327e+01
2.790000e-06	3.877314e-06	1.263183e-09	2.755565e+01	8.246657e+01
2.800000e-06	3.908959e-06	1.272245e-09	2.778055e+01	8.288265e+01
2.810000e-06	3.940354e-06	1.277836e-09	2.800367e+01	8.328194e+01
2.820000e-06	3.971452e-06	1.281468e-09	2.822468e+01	8.366473e+01
2.830000e-06	4.002240e-06	1.283645e-09	2.844349e+01	8.403117e+01
2.840000e-06	4.032705e-06	1.283075e-09	2.866001e+01	8.438127e+01
2.850000e-06	4.062915e-06	1.279225e-09	2.887470e+01	8.471496e+01
2.860000e-06	4.092833e-06	1.279697e-09	2.908733e+01	8.503205e+01
2.870000e-06	4.122491e-06	1.287104e-09	2.929811e+01	8.533234e+01
2.880000e-06	4.151986e-06	1.298259e-09	2.950772e+01	8.561558e+01
2.890000e-06	4.181264e-06	1.305754e-09	2.971579e+01	8.588159e+01
2.900000e-06	4.210258e-06	1.309726e-09	2.992185e+01	8.613024e+01
2.910000e-06	4.238953e-06	1.313470e-09	3.012579e+01	8.636151e+01
2.920000e-06	4.267307e-06	1.313781e-09	3.032729e+01	8.657556e+01
2.930000e-06	4.295432e-06	1.307801e-09	3.052717e+01	8.677270e+01
2.940000e-06	4.323421e-06	1.300752e-09	3.072609e+01	8.695347e+01
2.950000e-06	4.351284e-06	1.302122e-09	3.092411e+01	8.711859e+01
2.960000e-06	4.378971e-06	1.309940e-09	3.112087e+01	8.726905e+01
2.970000e-06	4.406396e-06	1.316114e-09	3.131578e+01	8.740598e+01
2.980000e-06	4.433447e-06	1.317428e-09	3.150803e+01	8.753073e+01
2.990000e-06	4.459955e-06	1.318441e-09	3.169642e+01	8.764478e+01
3.000000e-06	4.485762e-06	1.319564e-09	3.187983e+01	8.774969e+01
3.010000e-06	4.510890e-06	1.319282e-09	3.205841e+01	8.784709e+01
3.020000e-06	4.535578e-06	1.317625e-09	3.223387e+01	8.793856e+01
3.030000e-06	4.559989e-06	1.317845e-09	3.240735e+01	8.802562e+01
3.040000e-06	4.584160e-06	1.322653e-09	3.257913e+01	8.810964e+01
3.050000e-06	4.608098e-06	1.327240e-09	3.274926e+01	8.819181e+01
3.060000e-06	4.631809e-06	1.327609e-09	3.291777e+01	8.827306e+01
3.070000e-06	4.655305e-06	1.325746e-09	3.308476e+01	8.835406e+01
3.080000e-06	4.678500e-06	1.326788e-09	3.324960e+01	8.843515e+01
3.090000e-06	4.701214e-06	1.330679e-09	3.341102e+01	8.851639e+01
3.100000e-06	4.723485e-06	1.333264e-09	3.356930e+01	8.859751e+01
3.110000e-06	4.745520e-06	1.333936e-09	3.372590e+01	8.867797e+01
3.120000e-06	4.767376e-06	1.334074e-09	3.388123e+01	8.875698e+01
3.130000e-06	4.788926e-06	1.334747e-09	3.403438e+01	8.883356e+01
3.140000e-06	4.810091e-06	1.335347e-09	3.418480e+01	8.890658e+01
3.150000e-06	4.830936e-06	1.334615e-09	3.433294e+01	8.897487e+01
3.160000e-06	4.851471e-06	1.331941e-09	3.447888e+01	8.903724e+01
3.170000e-06	4.871684e-06	1.331479e-09	3.462253e+01	8.909259e+01
3.180000e-06	4.891670e-06	1.334523e-09	3.476458e+01	8.913998e+01
3.190000e-06	4.911510e-06	1.338667e-09	3.490557e+01	8.917866e+01
3.200000e-06	4.931142e-06	1.340120e-09	3.504510e+01	8.920815e+01
3.210000e-06	4.950489e-06	1.340181e-09	3.518259e+01	8.922827e+01
3.220000e-06	4.969533e-06	1.340073e-09	3.531794e+01	8.923913e+01
3.230000e-06	4.988155e-06	1.339210e-09	3.545028e+01	8.924116e+01
3.240000e-06	5.006205e-06	1.337193e-09	3.557857e+01	8.923511e+01
3.250000e-06	5.023804e-06	1.333112e-09	3.570364e+01	8.922196e+01
3.260000e-06	5.041156e-06	1.333103e-09	3.582696e+01	8.920293e+01
3.270000e-06	5.058160e-06	1.335092e-09	3.594780e+01	8.917935e+01
3.280000e-06	5.074873e-06	1.335018e-09	3.606658e+01	8.915269e+01
3.290000e-06	5.091319e-06	1.336726e-09	3.618346e+01	8.912436e+01
3.300000e-06	5.107370e-06	1.341841e-09	3.629753e+01	8.909574e+01
3.310000e-06	5.122945e-06	1.346747e-09	3.640822e+01	8.906803e+01
3.320000e-06	5.137948e-06	1.348038e-09	3.651484e+01	8.904225e+01
3.330000e-06	5.152547e-06	1.346169e-09	3.661860e+01	8.901912e+01
3.340000e-06	5.166773e-06	1.344370e-09	3.671970e+01	8.899906e+01
3.350000e-06	5.180553e-06	1.342905e-09	3.681763e+01	8.898217e+01
3.360000e-06	5.193961e-06	1.340964e-09	3.691292e+01	8.896822e+01
3.370000e-06	5.206987e-06	1.338250e-09	3.700550e+01	8.895664e+01
3.380000e-06	5.219577e-06	1.336882e-09	3.709498e+01	8.894662e+01
3.390000e-06	5.231782e-06	1.338409e-09	3.718172e+01	8.893710e+01
3.400000e-06	5.243737e-06	1.341149e-09	3.726668e+01	8.892684e+01
3.410000e-06	5.255402e-06	1.341649e-09	3.734958e+01	8.891455e+01
3.420000e-06	5.266718e-06	1.340528e-09	3.743000e+01	8.889891e+01
3.430000e-06	5.277536e-06	1.339055e-09	3.750688e+01	8.887867e+01
3.440000e-06	5.287549e-06	1.335279e-09	3.757805e+01	8.885274e+01
3.450000e-06	5.296863e-06	1.330440e-09	3.764424e+01	8.882025e+01
3.460000e-06	5.305641e-06	1.328631e-09	3.770662e+01	8.878058e+01
3.470000e-06	5.314002e-06	1.331201e-09	3.776604e+01	8.873342e+01
3.480000e-06	5.322085e-06	1.335261e-09	3.782349e+01	8.867880e+01
3.490000e-06	5.329913e-06	1.337439e-09	3.787912e+01	8.861705e+01
3.500000e-06	5.337425e-06	1.337655e-09	3.793251e+01	8.854881e+01
3.510000e-06	5.344665e-06	1.337899e-09	3.798396e+01	8.847495e+01
3.520000e-06	5.351561e-06	1.337367e-09	3.803297e+01	8.839654e+01
3.530000e-06	5.358027e-06	1.332995e-09	3.807892e+01	8.831476e+01
3.540000e-06	5.364169e-06	1.327809e-09	3.812257e+01	8.823082e+01
3.550000e-06	5.369945e-06	1.325959e-09	3.816363e+01	8.814584e+01
3.560000e-06	5.375363e-06	1.325514e-09	3.820213e+01	8.806083e+01
3.570000e-06	5.380432e-06	1.323664e-09	3.823815e+01	8.797655e+01
3.580000e-06	5.385082e-06	1.321246e-09	3.827120e+01	8.789344e+01
3.590000e-06	5.389368e-06	1.320306e-09	3.830166e+01	8.781163e+01
3.600000e-06	5.393387e-06	1.322297e-09	3.833022e+01	8.773084e+01
3.610000e-06	5.397181e-06	1.323565e-09	3.835719e+01	8.765043e+01
3.620000e-06	5.400724e-06	1.320182e-09	3.838237e+01	8.756937e+01
3.630000e-06	5.403944e-06	1.315093e-09	3.840525e+01	8.748636e+01
3.640000e-06	5.406628e-06	1.313130e-09	3.842433e+01	8.739981e+01
3.650000e-06	5.408599e-06	1.312320e-09	3.843833e+01	8.730801e+01
3.660000e-06	5.409990e-06	1.308690e-09	3.844822e+01	8.720922e+01
3.670000e-06	5.410879e-06	1.307798e-09	3.845454e+01	8.710175e+01
3.680000e-06	5.411414e-06	1.311981e-09	3.845834e+01	8.698414e+01
3.690000e-06	5.411648e-06	1.317924e-09	3.846000e+01	8.685526e+01
3.700000e-06	5.411601e-06	1.319868e-09	3.845967e+01	8.671443e+01
3.710000e-06	5.411346e-06	1.317325e-09	3.845786e+01	8.656150e+01
3.720000e-06	5.410747e-06	1.314861e-09	3.845360e+01	8.639696e+01
3.730000e-06	5.409699e-06	1.310689e-09	3.844615e+01	8.622195e+01
3.740000e-06	5.408308e-06	1.302452e-09	3.843627e+01	8.603830e+01
3.750000e-06	5.406647e-06	1.292172e-09	3.842446e+01	8.584851e+01
3.760000e-06	5.404689e-06	1.284904e-09	3.841055e+01	8.565568e+01
3.770000e-06	5.402427e-06	1.286501e-09	3.839447e+01	8.546343e+01
3.780000e-06	5.399785e-06	1.279469e-09	3.837569e+01	8.527579e+01
3.790000e-06	5.396660e-06	1.276446e-09	3.835348e+01	8.509704e+01
3.800000e-06	5.392914e-06	1.273595e-09	3.832686e+01	8.493153e+01
3.810000e-06	5.388795e-06	1.213181e-09	3.829759e+01	8.478354e+01
3.820000e-06	5.384648e-06	1.256503e-09	3.826812e+01	8.465704e+01
3.830000e-06	5.380385e-06	1.276406e-09	3.823782e+01	8.455555e+01
3.840000e-06	5.375639e-06	1.236104e-09	3.820409e+01	8.448197e+01
3.850000e-06	5.370202e-06	1.203776e-09	3.816545e+01	8.443840e+01
3.860000e-06	5.364334e-06	1.217222e-09	3.812375e+01	8.442605e+01
3.870000e-06	5.358173e-06	1.321151e-09	3.807996e+01	8.444516e+01
3.880000e-06	5.351439e-06	1.241693e-09	3.803210e+01	8.449491e+01
3.890000e-06	5.344118e-06	1.174095e-09	3.798007e+01	8.457348e+01
3.900000e-06	5.336380e-06	1.210104e-09	3.792508e+01	8.467806e+01
3.910000e-06	5.328339e-06	1.319231e-09	3.786793e+01	8.480493e+01
3.920000e-06	5.319984e-06	1.245995e-09	3.780855e+01	8.494958e+01
3.930000e-06	5.311309e-06	1.146533e-09	3.774691e+01	8.510692e+01
3.940000e-06	5.302343e-06	1.233825e-09	3.768318e+01	8.527136e+01
3.950000e-06	5.293054e-06	1.310381e-09	3.761716e+01	8.543712e+01
3.960000e-06	5.283380e-06	1.218257e-09	3.754841e+01	8.559839e+01
3.970000e-06	5.273273e-06	1.143020e-09	3.747658e+01	8.574952e+01
3.980000e-06	5.262868e-06	1.288361e-09	3.740264e+01	8.588529e+01
3.990000e-06	5.252090e-06	1.360659e-09	3.732604e+01	8.600103e+01
4.000000e-06	5.240948e-06	1.270484e-09	3.724685e+01	8.609281e+01
4.010000e-06	5.229428e-06	1.264775e-09	3.716498e+01	8.615757e+01
4.020000e-06	5.217427e-06	1.394765e-09	3.707970e+01	8.619319e+01
4.030000e-06	5.205012e-06	1.352324e-09	3.699146e+01	8.619852e+01
4.040000e-06	5.192312e-06	1.247047e-09	3.690121e+01	8.617344e+01
4.050000e-06	5.179184e-06	1.271774e-09	3.680790e+01	8.611876e+01
4.060000e-06	5.165321e-06	1.350683e-09	3.670939e+01	8.603614e+01
4.070000e-06	5.150796e-06	1.276875e-09	3.660615e+01	8.592804e+01
4.080000e-06	5.135690e-06	1.280084e-09	3.649880e+01	8.579749e+01
4.090000e-06	5.120135e-06	1.336471e-09	3.638825e+01	8.564799e+01
4.100000e-06	5.104300e-06	1.315852e-09	3.627571e+01	8.548330e+01
4.110000e-06	5.088192e-06	1.258432e-09	3.616124e+01	8.530727e+01
4.120000e-06	5.071879e-06	1.304316e-09	3.604530e+01	8.512366e+01
4.130000e-06	5.055228e-06	1.292891e-09	3.592697e+01	8.493598e+01
4.140000e-06	5.038168e-06	1.228500e-09	3.580572e+01	8.474734e+01
4.150000e-06	5.020695e-06	1.261645e-09	3.568154e+01	8.456036e+01
4.160000e-06	5.002851e-06	1.315924e-09	3.555472e+01	8.437705e+01
4.170000e-06	4.984731e-06	1.273710e-09	3.542595e+01	8.419877e+01
4.180000e-06	4.966403e-06	1.257729e-09	3.529570e+01	8.402626e+01
4.190000e-06	4.947790e-06	1.302295e-09	3.516342e+01	8.385957e+01
4.200000e-06	4.928737e-06	1.277111e-09	3.502801e+01	8.369821e+01
4.210000e-06	4.909253e-06	1.243731e-09	3.488954e+01	8.354115e+01
4.220000e-06	4.889512e-06	1.246169e-09	3.474924e+01	8.338697e+01
4.230000e-06	4.869621e-06	1.249334e-09	3.460787e+01	8.323397e+01
4.240000e-06	4.849511e-06	1.239860e-09	3.446495e+01	8.308027e+01
4.250000e-06	4.829181e-06	1.269973e-09	3.432047e+01	8.292396e+01
4.260000e-06	4.808580e-06	1.259308e-09	3.417406e+01	8.276325e+01
4.270000e-06	4.787536e-06	1.247276e-09	3.402450e+01	8.259649e+01
4.280000e-06	4.765893e-06	1.251357e-09	3.387069e+01	8.242239e+01
4.290000e-06	4.743656e-06	1.253764e-09	3.371266e+01	8.223996e+01
4.300000e-06	4.720768e-06	1.215296e-09	3.354999e+01	8.204867e+01
4.310000e-06	4.697368e-06	1.212103e-09	3.338369e+01	8.184840e+01
4.320000e-06	4.673732e-06	1.210844e-09	3.321571e+01	8.163943e+01
4.330000e-06	4.649873e-06	1.221552e-09	3.304615e+01	8.142246e+01
4.340000e-06	4.625778e-06	1.220629e-09	3.287491e+01	8.119852e+01
4.350000e-06	4.601486e-06	1.217662e-09	3.270227e+01	8.096888e+01
4.360000e-06	4.576867e-06	1.206063e-09	3.252730e+01	8.073501e+01
4.370000e-06	4.551894e-06	1.215557e-09	3.234983e+01	8.049844e+01
4.380000e-06	4.526590e-06	1.199073e-09	3.216999e+01	8.026071e+01
4.390000e-06	4.500958e-06	1.182237e-09	3.198783e+01	8.002324e+01
4.400000e-06	4.475015e-06	1.180290e-09	3.180345e+01	7.978727e+01
4.410000e-06	4.448719e-06	1.188149e-09	3.161657e+01	7.955378e+01
4.420000e-06	4.422138e-06	1.184566e-09	3.142766e+01	7.932344e+01
4.430000e-06	4.395206e-06	1.181567e-09	3.123626e+01	7.909658e+01
4.440000e-06	4.367943e-06	1.174932e-09	3.104250e+01	7.887321e+01
4.450000e-06	4.340453e-06	1.174800e-09	3.084714e+01	7.865296e+01
4.460000e-06	4.312717e-06	1.174655e-09	3.065002e+01	7.843518e+01
4.470000e-06	4.284819e-06	1.163400e-09	3.045175e+01	7.821897e+01
4.480000e-06	4.256769e-06	1.156515e-09	3.025240e+01	7.800322e+01
4.490000e-06	4.228521e-06	1.163674e-09	3.005165e+01	7.778671e+01
4.500000e-06	4.200032e-06	1.172443e-09	2.984918e+01	7.756819e+01
4.510000e-06	4.171256e-06	1.165614e-09	2.964467e+01	7.734643e+01
4.520000e-06	4.142016e-06	1.159337e-09	2.943686e+01	7.712032e+01
4.530000e-06	4.112294e-06	1.154543e-09	2.922564e+01	7.688894e+01
4.540000e-06	4.082077e-06	1.161668e-09	2.901088e+01	7.665160e+01
4.550000e-06	4.051183e-06	1.157967e-09	2.879132e+01	7.640789e+01
4.560000e-06	4.019825e-06	1.151229e-09	2.856846e+01	7.615769e+01
4.570000e-06	3.988240e-06	1.142446e-09	2.834399e+01	7.590118e+01
4.580000e-06	3.956468e-06	1.147114e-09	2.811820e+01	7.563883e+01
4.590000e-06	3.924535e-06	1.144358e-09	2.789125e+01	7.537136e+01
4.600000e-06	3.892438e-06	1.140721e-09	2.766314e+01	7.509969e+01
4.610000e-06	3.860116e-06	1.130983e-09	2.743343e+01	7.482491e+01
4.620000e-06	3.827590e-06	1.130204e-09	2.720227e+01	7.454817e+01
4.630000e-06	3.794847e-06	1.124130e-09	2.696957e+01	7.427065e+01
4.640000e-06	3.761805e-06	1.117661e-09	2.673474e+01	7.399345e+01
4.650000e-06	3.728467e-06	1.107744e-09	2.649781e+01	7.371757e+01
4.660000e-06	3.694877e-06	1.108656e-09	2.625909e+01	7.344382e+01
4.670000e-06	3.661054e-06	1.106095e-09	2.601872e+01	7.317280e+01
4.680000e-06	3.627007e-06	1.104092e-09	2.577675e+01	7.290483e+01
4.690000e-06	3.592689e-06	1.100094e-09	2.553285e+01	7.263998e+01
4.700000e-06	3.558057e-06	1.101956e-09	2.528673e+01	7.237802e+01
4.710000e-06	3.523183e-06	1.102686e-09	2.503888e+01	7.211848e+01
4.720000e-06	3.488106e-06	1.098536e-09	2.478960e+01	7.186065e+01
4.730000e-06	3.452771e-06	1.090476e-09	2.453847e+01	7.160366e+01
4.740000e-06	3.417231e-06	1.085156e-09	2.428589e+01	7.134645e+01
4.750000e-06	3.381498e-06	1.081793e-09	2.403194e+01	7.108794e+01
4.760000e-06	3.345611e-06	1.076782e-09	2.377690e+01	7.082700e+01
4.770000e-06	3.309629e-06	1.072607e-09	2.352118e+01	7.056255e+01
4.780000e-06	3.273539e-06	1.070649e-09	2.326469e+01	7.029362e+01
4.790000e-06	3.237243e-06	1.069477e-09	2.300674e+01	7.001938e+01
4.800000e-06	3.200705e-06	1.063009e-09	2.274707e+01	6.973920e+01
4.810000e-06	3.163865e-06	1.056098e-09	2.248525e+01	6.945266e+01
4.820000e-06	3.126688e-06	1.050013e-09	2.222104e+01	6.915957e+01
4.830000e-06	3.089264e-06	1.044305e-09	2.195507e+01	6.885999e+01
4.840000e-06	3.051499e-06	1.035072e-09	2.168668e+01	6.855418e+01
4.850000e-06	3.013325e-06	1.029457e-09	2.141538e+01	6.824261e+01
4.860000e-06	2.974822e-06	1.023275e-09	2.114174e+01	6.792592e+01
4.870000e-06	2.936070e-06	1.021887e-09	2.086633e+01	6.760485e+01
4.880000e-06	2.897048e-06	1.020247e-09	2.058901e+01	6.728025e+01
4.890000e-06	2.857731e-06	1.019601e-09	2.030959e+01	6.695297e+01
4.900000e-06	2.818140e-06	1.014479e-09	2.002822e+01	6.662386e+01
4.910000e-06	2.778378e-06	1.009818e-09	1.974563e+01	6.629370e+01
4.920000e-06	2.738504e-06	1.002276e-09	1.946225e+01	6.596318e+01
4.930000e-06	2.698466e-06	9.951777e-10	1.917771e+01	6.563286e+01
4.940000e-06	2.658268e-06	9.884469e-10	1.889203e+01	6.530315e+01
4.950000e-06	2.618093e-06	9.863288e-10	1.860650e+01	6.497430e+01
4.960000e-06	2.577794e-06	9.825203e-10	1.832011e+01	6.464643e+01
4.970000e-06	2.537180e-06	9.817498e-10	1.803147e+01	6.431950e+01
4.980000e-06	2.496352e-06	9.794744e-10	1.774130e+01	6.399333e+01
4.990000e-06	2.455466e-06	9.750226e-10	1.745073e+01	6.366766e+01
5.000000e-06	2.414502e-06	9.687478e-10	1.715960e+01	6.334216e+01
5.010000e-06	2.373282e-06	9.625198e-10	1.686666e+01	6.301644e+01
5.020000e-06	2.331800e-06	9.520989e-10	1.657185e+01	6.269012e+01
5.030000e-06	2.290184e-06	9.439879e-10	1.627609e+01	6.236283e+01
5.040000e-06	2.248472e-06	9.411625e-10	1.597965e+01	6.203422e+01
5.050000e-06	2.206641e-06	9.384781e-10	1.568236e+01	6.170404e+01
5.060000e-06	2.164641e-06	9.376711e-10	1.538387e+01	6.137207e+01
5.070000e-06	2.122429e-06	9.376361e-10	1.508388e+01	6.103815e+01
5.080000e-06	2.080092e-06	9.327736e-10	1.478299e+01	6.070221e+01
5.090000e-06	2.037696e-06	9.258980e-10	1.448169e+01	6.036420e+01
5.100000e-06	1.995072e-06	9.216088e-10	1.417876e+01	6.002410e+01
5.110000e-06	1.952274e-06	9.165556e-10	1.387461e+01	5.968187e+01
5.120000e-06	1.909450e-06	9.117363e-10	1.357026e+01	5.933745e+01
5.130000e-06	1.866397e-06	9.069969e-10	1.326429e+01	5.899074e+01
5.140000e-06	1.823150e-06	9.054380e-10	1.295693e+01	5.864152e+01
5.150000e-06	1.779822e-06	9.022127e-10	1.264900e+01	5.828948e+01
5.160000e-06	1.736428e-06	8.962168e-10	1.234061e+01	5.793419e+01
5.170000e-06	1.692958e-06	8.857385e-10	1.203167e+01	5.757507e+01
5.180000e-06	1.649319e-06	8.776938e-10	1.172153e+01	5.721143e+01
5.190000e-06	1.605521e-06	8.716742e-10	1.141027e+01	5.684246e+01
5.200000e-06	1.561686e-06	8.658487e-10	1.109874e+01	5.646722e+01
5.210000e-06	1.517741e-06	8.612722e-10	1.078642e+01	5.608474e+01
5.220000e-06	1.473711e-06	8.560701e-10	1.047351e+01	5.569396e+01
5.230000e-06	1.429725e-06	8.529892e-10	1.016090e+01	5.529384e+01
5.240000e-06	1.385726e-06	8.500216e-10	9.848205e+00	5.488340e+01
5.250000e-06	1.341672e-06	8.428623e-10	9.535121e+00	5.446171e+01
5.260000e-06	1.297574e-06	8.366006e-10	9.221717e+00	5.402796e+01
5.270000e-06	1.253382e-06	8.319690e-10	8.907649e+00	5.358150e+01
5.280000e-06	1.209119e-06	8.249882e-10	8.593080e+00	5.312187e+01
5.290000e-06	1.164806e-06	8.132401e-10	8.278151e+00	5.264878e+01
5.300000e-06	1.120410e-06	8.050784e-10	7.962631e+00	5.216215e+01
5.310000e-06	1.076047e-06	7.996662e-10	7.647351e+00	5.166210e+01
5.320000e-06	1.031659e-06	7.928397e-10	7.331890e+00	5.114894e+01
5.330000e-06	9.870454e-07	7.832636e-10	7.014826e+00	5.062311e+01
5.340000e-06	9.423214e-07	7.736106e-10	6.696977e+00	5.008516e+01
5.350000e-06	8.976141e-07	7.657876e-10	6.379248e+00	4.953574e+01
5.360000e-06	8.528933e-07	7.564890e-10	6.061421e+00	4.897547e+01
5.370000e-06	8.081056e-07	7.446694e-10	5.743120e+00	4.840497e+01
5.380000e-06	7.631181e-07	7.338207e-10	5.423398e+00	4.782474e+01
5.390000e-06	7.181352e-07	7.262245e-10	5.103710e+00	4.723515e+01
5.400000e-06	6.732341e-07	7.216993e-10	4.784603e+00	4.663637e+01
5.410000e-06	6.282256e-07	7.148855e-10	4.464732e+00	4.602835e+01
5.420000e-06	5.831149e-07	7.043431e-10	4.144135e+00	4.541079e+01
5.430000e-06	5.378402e-07	6.944075e-10	3.822373e+00	4.478311e+01
5.440000e-06	4.925201e-07	6.862654e-10	3.500287e+00	4.414446e+01
5.450000e-06	4.473210e-07	6.759760e-10	3.179062e+00	4.349377e+01
5.460000e-06	4.020478e-07	6.608422e-10	2.857310e+00	4.282969e+01
5.470000e-06	3.567436e-07	6.464443e-10	2.535339e+00	4.215071e+01
5.480000e-06	3.114132e-07	6.387612e-10	2.213180e+00	4.145517e+01
5.490000e-06	2.660368e-07	6.324142e-10	1.890695e+00	4.074132e+01
5.500000e-06	2.207151e-07	6.202059e-10	1.568598e+00	4.000737e+01
5.510000e-06	1.753032e-07	6.053503e-10	1.245861e+00	3.925155e+01
5.520000e-06	1.298014e-07	5.929885e-10	9.224847e-01	3.847221e+01
5.530000e-06	8.434029e-08	5.832219e-10	5.993974e-01	3.766779e+01
5.540000e-06	3.888249e-08	5.714405e-10	2.763337e-01	3.683696e+01
5.550000e-06	-6.553006e-09	5.569841e-10	-4.657151e-02	3.597859e+01
5.560000e-06	-5.183282e-08	5.439208e-10	-3.683703e-01	3.509180e+01
5.570000e-06	-9.716957e-08	5.332261e-10	-6.905737e-01	3.417596e+01
5.580000e-06	-1.426125e-07	5.195716e-10	-1.013532e+00	3.323070e+01
5.590000e-06	-1.879685e-07	5.017794e-10	-1.335872e+00	3.225591e+01
5.600000e-06	-2.333033e-07	4.828538e-10	-1.658062e+00	3.125167e+01
5.610000e-06	-2.786877e-07	4.685725e-10	-1.980604e+00	3.021828e+01
5.620000e-06	-3.240169e-07	4.575100e-10	-2.302753e+00	2.915615e+01
5.630000e-06	-3.693074e-07	4.432696e-10	-2.624628e+00	2.806580e+01
5.640000e-06	-4.146417e-07	4.263176e-10	-2.946814e+00	2.694780e+01
5.650000e-06	-4.599036e-07	4.112384e-10	-3.268486e+00	2.580271e+01
5.660000e-06	-5.049973e-07	3.959956e-10	-3.588962e+00	2.463105e+01
5.670000e-06	-5.499721e-07	3.775774e-10	-3.908593e+00	2.343325e+01
5.680000e-06	-5.949125e-07	3.557939e-10	-4.227979e+00	2.220964e+01
5.690000e-06	-6.399060e-07	3.364344e-10	-4.547743e+00	2.096042e+01
5.700000e-06	-6.848152e-07	3.164475e-10	-4.866908e+00	1.968563e+01
5.710000e-06	-7.296214e-07	2.926587e-10	-5.185341e+00	1.838521e+01
5.720000e-06	-7.745103e-07	2.744843e-10	-5.504362e+00	1.705895e+01
5.730000e-06	-8.193454e-07	2.640568e-10	-5.823000e+00	1.570658e+01
5.740000e-06	-8.640240e-07	2.536333e-10	-6.140526e+00	1.432775e+01
5.750000e-06	-9.086542e-07	2.372625e-10	-6.457708e+00	1.292209e+01
5.760000e-06	-9.532065e-07	2.156914e-10	-6.774337e+00	1.148929e+01
5.770000e-06	-9.977628e-07	1.897764e-10	-7.090993e+00	1.002908e+01
5.780000e-06	-1.042313e-06	1.615711e-10	-7.407605e+00	8.541357e+00
5.790000e-06	-1.086738e-06	1.289904e-10	-7.723328e+00	7.026151e+00
5.800000e-06	-1.131073e-06	9.844063e-11	-8.038415e+00	5.483717e+00
5.810000e-06	-1.175281e-06	7.842887e-11	-8.352597e+00	3.914540e+00
5.820000e-06	-1.219443e-06	6.623197e-11	-8.666454e+00	2.319366e+00
5.830000e-06	-1.263570e-06	5.089612e-11	-8.980055e+00	6.992035e-01
5.840000e-06	-1.307619e-06	2.942700e-11	-9.293105e+00	-9.446689e-01
5.850000e-06	-1.351661e-06	4.362420e-12	-9.606111e+00	-2.610718e+00
5.860000e-06	-1.395730e-06	-2.310713e-11	-9.919301e+00	-4.297177e+00
5.870000e-06	-1.439737e-06	-5.354132e-11	-1.023206e+01	-6.002068e+00
5.880000e-06	-1.483650e-06	-8.795124e-11	-1.054414e+01	-7.723245e+00
5.890000e-06	-1.527472e-06	-1.184206e-10	-1.085558e+01	-9.458431e+00
5.900000e-06	-1.571278e-06	-1.392169e-10	-1.116691e+01	-1.120526e+01
5.910000e-06	-1.615054e-06	-1.576441e-10	-1.147802e+01	-1.296131e+01
5.920000e-06	-1.658735e-06	-1.795524e-10	-1.178845e+01	-1.472418e+01
5.930000e-06	-1.702269e-06	-2.038898e-10	-1.209784e+01	-1.649146e+01
5.940000e-06	-1.745620e-06	-2.281604e-10	-1.240593e+01	-1.826084e+01
5.950000e-06	-1.788894e-06	-2.560312e-10	-1.271348e+01	-2.003007e+01
5.960000e-06	-1.832026e-06	-2.902021e-10	-1.302001e+01	-2.179703e+01
5.970000e-06	-1.874904e-06	-3.235167e-10	-1.332474e+01	-2.355970e+01
5.980000e-06	-1.917648e-06	-3.514791e-10	-1.362852e+01	-2.531617e+01
5.990000e-06	-1.960340e-06	-3.744422e-10	-1.393192e+01	-2.706466e+01
6.000000e-06	-2.002882e-06	-3.986638e-10	-1.423427e+01	-2.880348e+01
6.010000e-06	-2.045270e-06	-4.262526e-10	-1.453552e+01	-3.053104e+01
6.020000e-06	-2.087572e-06	-4.520107e-10	-1.483615e+01	-3.224583e+01
6.030000e-06	-2.129763e-06	-4.737944e-10	-1.513600e+01	-3.394637e+01
6.040000e-06	-2.171783e-06	-4.974646e-10	-1.543463e+01	-3.563123e+01
6.050000e-06	-2.213658e-06	-5.254909e-10	-1.573223e+01	-3.729902e+01
6.060000e-06	-2.255402e-06	-5.527272e-10	-1.602890e+01	-3.894834e+01
6.070000e-06	-2.296964e-06	-5.800389e-10	-1.632428e+01	-4.057780e+01
6.080000e-06	-2.338375e-06	-6.085199e-10	-1.661858e+01	-4.218600e+01
6.090000e-06	-2.379617e-06	-6.325636e-10	-1.691168e+01	-4.377157e+01
6.100000e-06	-2.420515e-06	-6.554344e-10	-1.720234e+01	-4.533312e+01
6.110000e-06	-2.461192e-06	-6.776613e-10	-1.749143e+01	-4.686931e+01
6.120000e-06	-2.501766e-06	-6.996147e-10	-1.777978e+01	-4.837880e+01
6.130000e-06	-2.542173e-06	-7.208009e-10	-1.806695e+01	-4.986033e+01
6.140000e-06	-2.582485e-06	-7.390856e-10	-1.835344e+01	-5.131272e+01
6.150000e-06	-2.622660e-06	-7.576753e-10	-1.863896e+01	-5.273485e+01
6.160000e-06	-2.662694e-06	-7.801782e-10	-1.892348e+01	-5.412574e+01
6.170000e-06	-2.702677e-06	-8.048977e-10	-1.920763e+01	-5.548451e+01
6.180000e-06	-2.742619e-06	-8.277604e-10	-1.949150e+01	-5.681043e+01
6.190000e-06	-2.782403e-06	-8.484464e-10	-1.977424e+01	-5.810291e+01
6.200000e-06	-2.822034e-06	-8.687358e-10	-2.005589e+01	-5.936149e+01
6.210000e-06	-2.861507e-06	-8.876715e-10	-2.033642e+01	-6.058586e+01
6.220000e-06	-2.900702e-06	-9.004972e-10	-2.061498e+01	-6.177586e+01
6.230000e-06	-2.939635e-06	-9.109898e-10	-2.089167e+01	-6.293144e+01
6.240000e-06	-2.978305e-06	-9.256576e-10	-2.116650e+01	-6.405268e+01
6.250000e-06	-3.016709e-06	-9.471027e-10	-2.143942e+01	-6.513973e+01
6.260000e-06	-3.054752e-06	-9.700005e-10	-2.170979e+01	-6.619285e+01
6.270000e-06	-3.092449e-06	-9.879415e-10	-2.197770e+01	-6.721237e+01
6.280000e-06	-3.129735e-06	-1.001434e-09	-2.224269e+01	-6.819864e+01
6.290000e-06	-3.166577e-06	-1.015515e-09	-2.250452e+01	-6.915209e+01
6.300000e-06	-3.203140e-06	-1.028121e-09	-2.276437e+01	-7.007317e+01
6.310000e-06	-3.239457e-06	-1.037254e-09	-2.302247e+01	-7.096234e+01
6.320000e-06	-3.275602e-06	-1.045005e-09	-2.327935e+01	-7.182010e+01
6.330000e-06	-3.311644e-06	-1.056305e-09	-2.353550e+01	-7.264699e+01
6.340000e-06	-3.347598e-06	-1.072943e-09	-2.379102e+01	-7.344356e+01
6.350000e-06	-3.383417e-06	-1.090563e-09	-2.404558e+01	-7.421039e+01
6.360000e-06	-3.419052e-06	-1.104048e-09	-2.429883e+01	-7.494812e+01
6.370000e-06	-3.454410e-06	-1.112455e-09	-2.455012e+01	-7.565744e+01
6.380000e-06	-3.489514e-06	-1.120015e-09	-2.479960e+01	-7.633907e+01
6.390000e-06	-3.524401e-06	-1.126086e-09	-2.504754e+01	-7.699382e+01
6.400000e-06	-3.558951e-06	-1.129586e-09	-2.529308e+01	-7.762252e+01
6.410000e-06	-3.593228e-06	-1.133978e-09	-2.553669e+01	-7.822609e+01
6.420000e-06	-3.627386e-06	-1.144817e-09	-2.577944e+01	-7.880547e+01
6.430000e-06	-3.661325e-06	-1.160062e-09	-2.602065e+01	-7.936163e+01
6.440000e-06	-3.694923e-06	-1.172638e-09	-2.625943e+01	-7.989557e+01
6.450000e-06	-3.728303e-06	-1.177942e-09	-2.649665e+01	-8.040825e+01
6.460000e-06	-3.761453e-06	-1.180467e-09	-2.673224e+01	-8.090064e+01
6.470000e-06	-3.794250e-06	-1.183724e-09	-2.696533e+01	-8.137361e+01
6.480000e-06	-3.826780e-06	-1.187754e-09	-2.719651e+01	-8.182799e+01
6.490000e-06	-3.859099e-06	-1.194128e-09	-2.742620e+01	-8.226448e+01
6.500000e-06	-3.891229e-06	-1.201591e-09	-2.765455e+01	-8.268366e+01
6.510000e-06	-3.923212e-06	-1.212785e-09	-2.788185e+01	-8.308599e+01
6.520000e-06	-3.954978e-06	-1.224088e-09	-2.810760e+01	-8.347178e+01
6.530000e-06	-3.986453e-06	-1.232224e-09	-2.833129e+01	-8.384120e+01
6.540000e-06	-4.017517e-06	-1.235969e-09	-2.855206e+01	-8.419429e+01
6.550000e-06	-4.048192e-06	-1.238293e-09	-2.877006e+01	-8.453099e+01
6.560000e-06	-4.078520e-06	-1.242622e-09	-2.898560e+01	-8.485113e+01
6.570000e-06	-4.108354e-06	-1.247827e-09	-2.919763e+01	-8.515449e+01
6.580000e-06	-4.137710e-06	-1.254182e-09	-2.940626e+01	-8.544086e+01
6.590000e-06	-4.166629e-06	-1.258746e-09	-2.961178e+01	-8.571001e+01
6.600000e-06	-4.195133e-06	-1.262742e-09	-2.981436e+01	-8.596182e+01
6.610000e-06	-4.223398e-06	-1.268266e-09	-3.001523e+01	-8.619625e+01
6.620000e-06	-4.251504e-06	-1.273184e-09	-3.021498e+01	-8.641342e+01
6.630000e-06	-4.279421e-06	-1.275110e-09	-3.041338e+01	-8.661361e+01
6.640000e-06	-4.307194e-06	-1.274957e-09	-3.061077e+01	-8.679732e+01
6.650000e-06	-4.334759e-06	-1.275412e-09	-3.080667e+01	-8.696526e+01
6.660000e-06	-4.361974e-06	-1.276356e-09	-3.100008e+01	-8.711835e+01
6.670000e-06	-4.388839e-06	-1.278011e-09	-3.119101e+01	-8.725771e+01
6.680000e-06	-4.415433e-06	-1.279836e-09	-3.138001e+01	-8.738466e+01
6.690000e-06	-4.441712e-06	-1.284207e-09	-3.156677e+01	-8.750064e+01
6.700000e-06	-4.467613e-06	-1.291252e-09	-3.175085e+01	-8.760723e+01
6.710000e-06	-4.493174e-06	-1.291844e-09	-3.193250e+01	-8.770603e+01
6.720000e-06	-4.518471e-06	-1.291453e-09	-3.211229e+01	-8.779865e+01
6.730000e-06	-4.543493e-06	-1.291518e-09	-3.229012e+01	-8.788660e+01
6.740000e-06	-4.568069e-06	-1.297969e-09	-3.246478e+01	-8.797131e+01
6.750000e-06	-4.592376e-06	-1.305333e-09	-3.263753e+01	-8.805398e+01
6.760000e-06	-4.616507e-06	-1.311694e-09	-3.280902e+01	-8.813560e+01
6.770000e-06	-4.640418e-06	-1.315263e-09	-3.297895e+01	-8.821686e+01
6.780000e-06	-4.664155e-06	-1.315045e-09	-3.314765e+01	-8.829820e+01
6.790000e-06	-4.687562e-06	-1.312830e-09	-3.331400e+01	-8.837968e+01
6.800000e-06	-4.710564e-06	-1.307254e-09	-3.347747e+01	-8.846112e+01
6.810000e-06	-4.733193e-06	-1.304950e-09	-3.363830e+01	-8.854200e+01
6.820000e-06	-4.755274e-06	-1.311086e-09	-3.379522e+01	-8.862159e+01
6.830000e-06	-4.776721e-06	-1.322493e-09	-3.394765e+01	-8.869891e+01
6.840000e-06	-4.797681e-06	-1.332424e-09	-3.409661e+01	-8.877287e+01
6.850000e-06	-4.818216e-06	-1.334285e-09	-3.424254e+01	-8.884229e+01
6.860000e-06	-4.838423e-06	-1.329414e-09	-3.438615e+01	-8.890599e+01
6.870000e-06	-4.858442e-06	-1.324876e-09	-3.452843e+01	-8.896284e+01
6.880000e-06	-4.878350e-06	-1.320901e-09	-3.466991e+01	-8.901188e+01
6.890000e-06	-4.897969e-06	-1.316926e-09	-3.480934e+01	-8.905232e+01
6.900000e-06	-4.917180e-06	-1.319189e-09	-3.494587e+01	-8.908363e+01
6.910000e-06	-4.936015e-06	-1.330710e-09	-3.507973e+01	-8.910557e+01
6.920000e-06	-4.954518e-06	-1.342968e-09	-3.521123e+01	-8.911822e+01
6.930000e-06	-4.972707e-06	-1.349904e-09	-3.534049e+01	-8.912195e+01
6.940000e-06	-4.990611e-06	-1.346257e-09	-3.546774e+01	-8.911744e+01
6.950000e-06	-5.008268e-06	-1.337707e-09	-3.559322e+01	-8.910566e+01
6.960000e-06	-5.025561e-06	-1.327409e-09	-3.571612e+01	-8.908778e+01
6.970000e-06	-5.042488e-06	-1.321474e-09	-3.583642e+01	-8.906513e+01
6.980000e-06	-5.059106e-06	-1.321020e-09	-3.595453e+01	-8.903914e+01
6.990000e-06	-5.075436e-06	-1.325767e-09	-3.607058e+01	-8.901126e+01
7.000000e-06	-5.091520e-06	-1.333478e-09	-3.618489e+01	-8.898286e+01
7.010000e-06	-5.107367e-06	-1.339922e-09	-3.629751e+01	-8.895519e+01
7.020000e-06	-5.122824e-06	-1.340527e-09	-3.640736e+01	-8.892929e+01
7.030000e-06	-5.137684e-06	-1.335658e-09	-3.651297e+01	-8.890594e+01
7.040000e-06	-5.151942e-06	-1.327699e-09	-3.661430e+01	-8.888562e+01
7.050000e-06	-5.165659e-06	-1.319532e-09	-3.671179e+01	-8.886848e+01
7.060000e-06	-5.178764e-06	-1.315289e-09	-3.680492e+01	-8.885433e+01
7.070000e-06	-5.191383e-06	-1.316682e-09	-3.689460e+01	-8.884267e+01
7.080000e-06	-5.203746e-06	-1.321257e-09	-3.698246e+01	-8.883273e+01
7.090000e-06	-5.215811e-06	-1.326831e-09	-3.706821e+01	-8.882346e+01
7.100000e-06	-5.227473e-06	-1.330269e-09	-3.715109e+01	-8.881368e+01
7.110000e-06	-5.238687e-06	-1.327816e-09	-3.723079e+01	-8.880209e+01
7.120000e-06	-5.249459e-06	-1.321574e-09	-3.730734e+01	-8.878736e+01
7.130000e-06	-5.259857e-06	-1.315287e-09	-3.738124e+01	-8.876823e+01
7.140000e-06	-5.269943e-06	-1.310873e-09	-3.745292e+01	-8.874358e+01
7.150000e-06	-5.279678e-06	-1.310174e-09	-3.752211e+01	-8.871250e+01
7.160000e-06	-5.289093e-06	-1.311225e-09	-3.758902e+01	-8.867431e+01
7.170000e-06	-5.298188e-06	-1.310586e-09	-3.765365e+01	-8.862868e+01
7.180000e-06	-5.306765e-06	-1.309434e-09	-3.771461e+01	-8.857555e+01
7.190000e-06	-5.314948e-06	-1.308090e-09	-3.777277e+01	-8.851522e+01
7.200000e-06	-5.323020e-06	-1.307226e-09	-3.783013e+01	-8.844827e+01
7.210000e-06	-5.330973e-06	-1.304926e-09	-3.788665e+01	-8.837554e+01
7.220000e-06	-5.338665e-06	-1.303698e-09	-3.794132e+01	-8.829807e+01
7.230000e-06	-5.345926e-06	-1.303762e-09	-3.799292e+01	-8.821704e+01
7.240000e-06	-5.352616e-06	-1.303304e-09	-3.804047e+01	-8.813363e+01
7.250000e-06	-5.358612e-06	-1.304324e-09	-3.808308e+01	-8.804902e+01
7.260000e-06	-5.363971e-06	-1.303853e-09	-3.812117e+01	-8.796422e+01
7.270000e-06	-5.368877e-06	-1.302413e-09	-3.815604e+01	-8.788004e+01
7.280000e-06	-5.373371e-06	-1.299917e-09	-3.818797e+01	-8.779698e+01
7.290000e-06	-5.377551e-06	-1.294182e-09	-3.821768e+01	-8.771523e+01
7.300000e-06	-5.381527e-06	-1.286535e-09	-3.824594e+01	-8.763457e+01
7.310000e-06	-5.385227e-06	-1.280716e-09	-3.827223e+01	-8.755442e+01
7.320000e-06	-5.388571e-06	-1.278668e-09	-3.829599e+01	-8.747382e+01
7.330000e-06	-5.391570e-06	-1.279835e-09	-3.831731e+01	-8.739149e+01
7.340000e-06	-5.394137e-06	-1.282791e-09	-3.833555e+01	-8.730591e+01
7.350000e-06	-5.396342e-06	-1.284844e-09	-3.835123e+01	-8.721538e+01
7.360000e-06	-5.398266e-06	-1.281538e-09	-3.836490e+01	-8.711814e+01
7.370000e-06	-5.399895e-06	-1.275266e-09	-3.837647e+01	-8.701249e+01
7.380000e-06	-5.401072e-06	-1.269440e-09	-3.838484e+01	-8.689692e+01
7.390000e-06	-5.401782e-06	-1.264677e-09	-3.838989e+01	-8.677025e+01
7.400000e-06	-5.402257e-06	-1.263025e-09	-3.839326e+01	-8.663170e+01
