# Temperatura_=_1.14
# Concentracion g/m^3_=_4090.0
# C_Vs_to_Am_M_A/Vsm_=_65563218390.804596
# pendiente_HvsI_1/m_=_3716.3
# ordenada_HvsI_A/m_=_1297.0
# frecuencia_Hz_=_135083.23639984863

Tiempo_(s)	Campo_(V.s)	Magnetizacion_(V.s)	Campo_(kA/m)	Magnetizacion_(A/m)
0.000000e+00	-5.419916e-06	-1.612162e-09	-3.838560e+01	-1.074795e+02
1.000000e-08	-5.420155e-06	-1.604608e-09	-3.838729e+01	-1.073697e+02
2.000000e-08	-5.420111e-06	-1.597717e-09	-3.838698e+01	-1.072421e+02
3.000000e-08	-5.419774e-06	-1.591009e-09	-3.838459e+01	-1.070968e+02
4.000000e-08	-5.419019e-06	-1.588698e-09	-3.837924e+01	-1.069343e+02
5.000000e-08	-5.417753e-06	-1.594789e-09	-3.837028e+01	-1.067563e+02
6.000000e-08	-5.415869e-06	-1.614565e-09	-3.835694e+01	-1.065654e+02
7.000000e-08	-5.413298e-06	-1.650025e-09	-3.833873e+01	-1.063652e+02
8.000000e-08	-5.410123e-06	-1.614806e-09	-3.831624e+01	-1.061599e+02
9.000000e-08	-5.406479e-06	-1.519163e-09	-3.829043e+01	-1.059546e+02
1.000000e-07	-5.402446e-06	-1.543467e-09	-3.826187e+01	-1.057547e+02
1.100000e-07	-5.398113e-06	-1.659543e-09	-3.823118e+01	-1.055660e+02
1.200000e-07	-5.393650e-06	-1.628954e-09	-3.819957e+01	-1.053945e+02
1.300000e-07	-5.389066e-06	-1.498807e-09	-3.816711e+01	-1.052460e+02
1.400000e-07	-5.384050e-06	-1.520713e-09	-3.813158e+01	-1.051257e+02
1.500000e-07	-5.378548e-06	-1.719019e-09	-3.809262e+01	-1.050383e+02
1.600000e-07	-5.372624e-06	-1.673457e-09	-3.805066e+01	-1.049877e+02
1.700000e-07	-5.366382e-06	-1.496722e-09	-3.800645e+01	-1.049766e+02
1.800000e-07	-5.359769e-06	-1.472787e-09	-3.795962e+01	-1.050065e+02
1.900000e-07	-5.352699e-06	-1.644555e-09	-3.790954e+01	-1.050777e+02
2.000000e-07	-5.345320e-06	-1.612686e-09	-3.785729e+01	-1.051890e+02
2.100000e-07	-5.337744e-06	-1.535304e-09	-3.780363e+01	-1.053380e+02
2.200000e-07	-5.329914e-06	-1.602355e-09	-3.774818e+01	-1.055207e+02
2.300000e-07	-5.321793e-06	-1.700136e-09	-3.769066e+01	-1.057323e+02
2.400000e-07	-5.313245e-06	-1.630745e-09	-3.763012e+01	-1.059666e+02
2.500000e-07	-5.304293e-06	-1.600168e-09	-3.756672e+01	-1.062169e+02
2.600000e-07	-5.294689e-06	-1.702708e-09	-3.749870e+01	-1.064758e+02
2.700000e-07	-5.284249e-06	-1.695193e-09	-3.742476e+01	-1.067356e+02
2.800000e-07	-5.273341e-06	-1.606921e-09	-3.734751e+01	-1.069885e+02
2.900000e-07	-5.262107e-06	-1.649627e-09	-3.726795e+01	-1.072272e+02
3.000000e-07	-5.250459e-06	-1.740067e-09	-3.718545e+01	-1.074448e+02
3.100000e-07	-5.238428e-06	-1.640630e-09	-3.710024e+01	-1.076351e+02
3.200000e-07	-5.226082e-06	-1.607512e-09	-3.701280e+01	-1.077929e+02
3.300000e-07	-5.213271e-06	-1.681897e-09	-3.692207e+01	-1.079144e+02
3.400000e-07	-5.199975e-06	-1.708484e-09	-3.682790e+01	-1.079967e+02
3.500000e-07	-5.186303e-06	-1.629012e-09	-3.673108e+01	-1.080384e+02
3.600000e-07	-5.172259e-06	-1.682077e-09	-3.663161e+01	-1.080393e+02
3.700000e-07	-5.157680e-06	-1.688361e-09	-3.652836e+01	-1.080007e+02
3.800000e-07	-5.142550e-06	-1.631571e-09	-3.642120e+01	-1.079247e+02
3.900000e-07	-5.126938e-06	-1.627509e-09	-3.631064e+01	-1.078146e+02
4.000000e-07	-5.110932e-06	-1.684641e-09	-3.619727e+01	-1.076746e+02
4.100000e-07	-5.094434e-06	-1.628438e-09	-3.608043e+01	-1.075093e+02
4.200000e-07	-5.077516e-06	-1.615854e-09	-3.596061e+01	-1.073237e+02
4.300000e-07	-5.060304e-06	-1.676537e-09	-3.583871e+01	-1.071231e+02
4.400000e-07	-5.042860e-06	-1.686993e-09	-3.571516e+01	-1.069123e+02
4.500000e-07	-5.025194e-06	-1.623021e-09	-3.559005e+01	-1.066962e+02
4.600000e-07	-5.007163e-06	-1.626572e-09	-3.546235e+01	-1.064790e+02
4.700000e-07	-4.988707e-06	-1.634871e-09	-3.533164e+01	-1.062641e+02
4.800000e-07	-4.969837e-06	-1.617172e-09	-3.519800e+01	-1.060544e+02
4.900000e-07	-4.950607e-06	-1.609995e-09	-3.506180e+01	-1.058517e+02
5.000000e-07	-4.931039e-06	-1.615139e-09	-3.492322e+01	-1.056571e+02
5.100000e-07	-4.911262e-06	-1.612329e-09	-3.478315e+01	-1.054708e+02
5.200000e-07	-4.891315e-06	-1.634806e-09	-3.464187e+01	-1.052922e+02
5.300000e-07	-4.871083e-06	-1.639261e-09	-3.449858e+01	-1.051201e+02
5.400000e-07	-4.850508e-06	-1.604920e-09	-3.435287e+01	-1.049525e+02
5.500000e-07	-4.829547e-06	-1.597544e-09	-3.420441e+01	-1.047873e+02
5.600000e-07	-4.808221e-06	-1.611931e-09	-3.405337e+01	-1.046221e+02
5.700000e-07	-4.786607e-06	-1.607350e-09	-3.390030e+01	-1.044542e+02
5.800000e-07	-4.764780e-06	-1.588606e-09	-3.374572e+01	-1.042814e+02
5.900000e-07	-4.742597e-06	-1.587293e-09	-3.358860e+01	-1.041015e+02
6.000000e-07	-4.720083e-06	-1.591332e-09	-3.342915e+01	-1.039126e+02
6.100000e-07	-4.697188e-06	-1.608420e-09	-3.326701e+01	-1.037134e+02
6.200000e-07	-4.673895e-06	-1.595087e-09	-3.310204e+01	-1.035031e+02
6.300000e-07	-4.650461e-06	-1.573558e-09	-3.293607e+01	-1.032816e+02
6.400000e-07	-4.626809e-06	-1.573220e-09	-3.276856e+01	-1.030491e+02
6.500000e-07	-4.602891e-06	-1.596546e-09	-3.259917e+01	-1.028065e+02
6.600000e-07	-4.578769e-06	-1.582464e-09	-3.242832e+01	-1.025553e+02
6.700000e-07	-4.554267e-06	-1.565839e-09	-3.225479e+01	-1.022970e+02
6.800000e-07	-4.529248e-06	-1.559686e-09	-3.207760e+01	-1.020337e+02
6.900000e-07	-4.503724e-06	-1.569236e-09	-3.189683e+01	-1.017676e+02
7.000000e-07	-4.477679e-06	-1.562210e-09	-3.171237e+01	-1.015008e+02
7.100000e-07	-4.451102e-06	-1.551413e-09	-3.152415e+01	-1.012353e+02
7.200000e-07	-4.424086e-06	-1.538769e-09	-3.133281e+01	-1.009731e+02
7.300000e-07	-4.396799e-06	-1.552002e-09	-3.113955e+01	-1.007156e+02
7.400000e-07	-4.369224e-06	-1.556589e-09	-3.094426e+01	-1.004641e+02
7.500000e-07	-4.341441e-06	-1.544775e-09	-3.074749e+01	-1.002192e+02
7.600000e-07	-4.313562e-06	-1.529276e-09	-3.055004e+01	-9.998138e+01
7.700000e-07	-4.285509e-06	-1.534377e-09	-3.035136e+01	-9.975034e+01
7.800000e-07	-4.257136e-06	-1.532535e-09	-3.015041e+01	-9.952550e+01
7.900000e-07	-4.228393e-06	-1.519823e-09	-2.994685e+01	-9.930591e+01
8.000000e-07	-4.199284e-06	-1.505187e-09	-2.974069e+01	-9.909026e+01
8.100000e-07	-4.169891e-06	-1.504357e-09	-2.953252e+01	-9.887706e+01
8.200000e-07	-4.140219e-06	-1.512095e-09	-2.932237e+01	-9.866466e+01
8.300000e-07	-4.110215e-06	-1.510861e-09	-2.910988e+01	-9.845141e+01
8.400000e-07	-4.080032e-06	-1.496866e-09	-2.889611e+01	-9.823569e+01
8.500000e-07	-4.049623e-06	-1.487177e-09	-2.868074e+01	-9.801606e+01
8.600000e-07	-4.018875e-06	-1.490210e-09	-2.846297e+01	-9.779127e+01
8.700000e-07	-3.987817e-06	-1.489125e-09	-2.824301e+01	-9.756038e+01
8.800000e-07	-3.956507e-06	-1.481102e-09	-2.802126e+01	-9.732278e+01
8.900000e-07	-3.925091e-06	-1.470667e-09	-2.779877e+01	-9.707817e+01
9.000000e-07	-3.893517e-06	-1.470155e-09	-2.757515e+01	-9.682662e+01
9.100000e-07	-3.861746e-06	-1.467955e-09	-2.735014e+01	-9.656851e+01
9.200000e-07	-3.829773e-06	-1.462183e-09	-2.712369e+01	-9.630450e+01
9.300000e-07	-3.797523e-06	-1.454459e-09	-2.689529e+01	-9.603547e+01
9.400000e-07	-3.764905e-06	-1.461130e-09	-2.666428e+01	-9.576247e+01
9.500000e-07	-3.731866e-06	-1.464770e-09	-2.643028e+01	-9.548664e+01
9.600000e-07	-3.698403e-06	-1.463342e-09	-2.619329e+01	-9.520912e+01
9.700000e-07	-3.664535e-06	-1.451288e-09	-2.595342e+01	-9.493103e+01
9.800000e-07	-3.630198e-06	-1.444527e-09	-2.571023e+01	-9.465334e+01
9.900000e-07	-3.595436e-06	-1.437809e-09	-2.546404e+01	-9.437688e+01
1.000000e-06	-3.560366e-06	-1.432861e-09	-2.521567e+01	-9.410224e+01
1.010000e-06	-3.525023e-06	-1.426847e-09	-2.496535e+01	-9.382979e+01
1.020000e-06	-3.489553e-06	-1.430352e-09	-2.471414e+01	-9.355968e+01
1.030000e-06	-3.453904e-06	-1.434472e-09	-2.446166e+01	-9.329180e+01
1.040000e-06	-3.418102e-06	-1.433897e-09	-2.420810e+01	-9.302582e+01
1.050000e-06	-3.382191e-06	-1.424829e-09	-2.395377e+01	-9.276125e+01
1.060000e-06	-3.346133e-06	-1.416517e-09	-2.369840e+01	-9.249747e+01
1.070000e-06	-3.309858e-06	-1.407686e-09	-2.344148e+01	-9.223377e+01
1.080000e-06	-3.273297e-06	-1.400815e-09	-2.318254e+01	-9.196939e+01
1.090000e-06	-3.236529e-06	-1.394729e-09	-2.292214e+01	-9.170364e+01
1.100000e-06	-3.199534e-06	-1.393101e-09	-2.266013e+01	-9.143586e+01
1.110000e-06	-3.162213e-06	-1.393778e-09	-2.239581e+01	-9.116554e+01
1.120000e-06	-3.124660e-06	-1.394317e-09	-2.212985e+01	-9.089229e+01
1.130000e-06	-3.086960e-06	-1.390857e-09	-2.186285e+01	-9.061591e+01
1.140000e-06	-3.049085e-06	-1.384075e-09	-2.159461e+01	-9.033635e+01
1.150000e-06	-3.010999e-06	-1.379381e-09	-2.132487e+01	-9.005376e+01
1.160000e-06	-2.972673e-06	-1.374593e-09	-2.105343e+01	-8.976841e+01
1.170000e-06	-2.934109e-06	-1.369778e-09	-2.078031e+01	-8.948071e+01
1.180000e-06	-2.895274e-06	-1.363623e-09	-2.050526e+01	-8.919114e+01
1.190000e-06	-2.856328e-06	-1.359171e-09	-2.022944e+01	-8.890024e+01
1.200000e-06	-2.817265e-06	-1.357191e-09	-1.995278e+01	-8.860852e+01
1.210000e-06	-2.777976e-06	-1.358673e-09	-1.967453e+01	-8.831646e+01
1.220000e-06	-2.738554e-06	-1.356874e-09	-1.939533e+01	-8.802443e+01
1.230000e-06	-2.698997e-06	-1.355023e-09	-1.911517e+01	-8.773267e+01
1.240000e-06	-2.659298e-06	-1.348563e-09	-1.883401e+01	-8.744126e+01
1.250000e-06	-2.619505e-06	-1.342101e-09	-1.855218e+01	-8.715011e+01
1.260000e-06	-2.579562e-06	-1.334121e-09	-1.826930e+01	-8.685893e+01
1.270000e-06	-2.539456e-06	-1.326746e-09	-1.798525e+01	-8.656727e+01
1.280000e-06	-2.499261e-06	-1.320474e-09	-1.770057e+01	-8.627448e+01
1.290000e-06	-2.458944e-06	-1.318590e-09	-1.741504e+01	-8.597979e+01
1.300000e-06	-2.418467e-06	-1.316333e-09	-1.712837e+01	-8.568234e+01
1.310000e-06	-2.377797e-06	-1.310517e-09	-1.684033e+01	-8.538118e+01
1.320000e-06	-2.336875e-06	-1.301941e-09	-1.655051e+01	-8.507534e+01
1.330000e-06	-2.295526e-06	-1.295907e-09	-1.625765e+01	-8.476388e+01
1.340000e-06	-2.253731e-06	-1.291167e-09	-1.596165e+01	-8.444590e+01
1.350000e-06	-2.211692e-06	-1.288434e-09	-1.566392e+01	-8.412063e+01
1.360000e-06	-2.169498e-06	-1.283999e-09	-1.536509e+01	-8.378741e+01
1.370000e-06	-2.127086e-06	-1.279383e-09	-1.506471e+01	-8.344571e+01
1.380000e-06	-2.084399e-06	-1.273579e-09	-1.476239e+01	-8.309519e+01
1.390000e-06	-2.041582e-06	-1.266512e-09	-1.445914e+01	-8.273566e+01
1.400000e-06	-1.998603e-06	-1.258322e-09	-1.415476e+01	-8.236707e+01
1.410000e-06	-1.955399e-06	-1.248577e-09	-1.384877e+01	-8.198952e+01
1.420000e-06	-1.912125e-06	-1.241242e-09	-1.354229e+01	-8.160320e+01
1.430000e-06	-1.868706e-06	-1.238211e-09	-1.323478e+01	-8.120839e+01
1.440000e-06	-1.825099e-06	-1.235612e-09	-1.292594e+01	-8.080539e+01
1.450000e-06	-1.781419e-06	-1.230023e-09	-1.261659e+01	-8.039455e+01
1.460000e-06	-1.737698e-06	-1.223494e-09	-1.230694e+01	-7.997614e+01
1.470000e-06	-1.693919e-06	-1.217349e-09	-1.199688e+01	-7.955042e+01
1.480000e-06	-1.650047e-06	-1.209748e-09	-1.168617e+01	-7.911755e+01
1.490000e-06	-1.606043e-06	-1.199617e-09	-1.137452e+01	-7.867760e+01
1.500000e-06	-1.561921e-06	-1.190667e-09	-1.106203e+01	-7.823055e+01
1.510000e-06	-1.517684e-06	-1.186230e-09	-1.074873e+01	-7.777625e+01
1.520000e-06	-1.473417e-06	-1.182577e-09	-1.043522e+01	-7.731450e+01
1.530000e-06	-1.429152e-06	-1.174244e-09	-1.012171e+01	-7.684502e+01
1.540000e-06	-1.384724e-06	-1.162822e-09	-9.807062e+00	-7.636746e+01
1.550000e-06	-1.340214e-06	-1.153474e-09	-9.491830e+00	-7.588149e+01
1.560000e-06	-1.295641e-06	-1.147283e-09	-9.176151e+00	-7.538677e+01
1.570000e-06	-1.250943e-06	-1.138788e-09	-8.859584e+00	-7.488299e+01
1.580000e-06	-1.206228e-06	-1.129345e-09	-8.542895e+00	-7.436992e+01
1.590000e-06	-1.161482e-06	-1.122155e-09	-8.225990e+00	-7.384742e+01
1.600000e-06	-1.116548e-06	-1.117420e-09	-7.907753e+00	-7.331544e+01
1.610000e-06	-1.071421e-06	-1.109414e-09	-7.588149e+00	-7.277401e+01
1.620000e-06	-1.026246e-06	-1.098205e-09	-7.268205e+00	-7.222330e+01
1.630000e-06	-9.810259e-07	-1.085202e-09	-6.947943e+00	-7.166351e+01
1.640000e-06	-9.357553e-07	-1.076652e-09	-6.627322e+00	-7.109491e+01
1.650000e-06	-8.904174e-07	-1.070076e-09	-6.306224e+00	-7.051780e+01
1.660000e-06	-8.449262e-07	-1.062234e-09	-5.984041e+00	-6.993244e+01
1.670000e-06	-7.992968e-07	-1.053100e-09	-5.660878e+00	-6.933901e+01
1.680000e-06	-7.537382e-07	-1.044682e-09	-5.338218e+00	-6.873759e+01
1.690000e-06	-7.082419e-07	-1.035443e-09	-5.015998e+00	-6.812810e+01
1.700000e-06	-6.625717e-07	-1.024334e-09	-4.692547e+00	-6.751025e+01
1.710000e-06	-6.168096e-07	-1.012239e-09	-4.368445e+00	-6.688350e+01
1.720000e-06	-5.710959e-07	-1.004034e-09	-4.044686e+00	-6.624708e+01
1.730000e-06	-5.253687e-07	-1.000483e-09	-3.720831e+00	-6.559993e+01
1.740000e-06	-4.796044e-07	-9.947920e-10	-3.396714e+00	-6.494071e+01
1.750000e-06	-4.338533e-07	-9.838725e-10	-3.072689e+00	-6.426785e+01
1.760000e-06	-3.879767e-07	-9.708064e-10	-2.747776e+00	-6.357951e+01
1.770000e-06	-3.420673e-07	-9.561754e-10	-2.422631e+00	-6.287371e+01
1.780000e-06	-2.962111e-07	-9.407671e-10	-2.097863e+00	-6.214829e+01
1.790000e-06	-2.502622e-07	-9.271508e-10	-1.772438e+00	-6.140103e+01
1.800000e-06	-2.042583e-07	-9.161947e-10	-1.446624e+00	-6.062969e+01
1.810000e-06	-1.582983e-07	-9.072302e-10	-1.121120e+00	-5.983208e+01
1.820000e-06	-1.124245e-07	-8.977821e-10	-7.962268e-01	-5.900614e+01
1.830000e-06	-6.654317e-08	-8.860048e-10	-4.712802e-01	-5.814996e+01
1.840000e-06	-2.059807e-08	-8.708822e-10	-1.458822e-01	-5.726188e+01
1.850000e-06	2.529004e-08	-8.562376e-10	1.791122e-01	-5.634050e+01
1.860000e-06	7.115146e-08	-8.420864e-10	5.039176e-01	-5.538472e+01
1.870000e-06	1.171488e-07	-8.277652e-10	8.296858e-01	-5.439377e+01
1.880000e-06	1.631576e-07	-8.124289e-10	1.155535e+00	-5.336716e+01
1.890000e-06	2.090631e-07	-7.994465e-10	1.480652e+00	-5.230472e+01
1.900000e-06	2.549213e-07	-7.857771e-10	1.805435e+00	-5.120651e+01
1.910000e-06	3.008431e-07	-7.667215e-10	2.130668e+00	-5.007286e+01
1.920000e-06	3.467516e-07	-7.439371e-10	2.455807e+00	-4.890424e+01
1.930000e-06	3.925919e-07	-7.219096e-10	2.780463e+00	-4.770121e+01
1.940000e-06	4.383769e-07	-7.011433e-10	3.104727e+00	-4.646443e+01
1.950000e-06	4.841260e-07	-6.821090e-10	3.428737e+00	-4.519449e+01
1.960000e-06	5.299073e-07	-6.649878e-10	3.752975e+00	-4.389196e+01
1.970000e-06	5.756029e-07	-6.468181e-10	4.076606e+00	-4.255724e+01
1.980000e-06	6.212030e-07	-6.252543e-10	4.399560e+00	-4.119061e+01
1.990000e-06	6.668080e-07	-6.002696e-10	4.722550e+00	-3.979213e+01
2.000000e-06	7.124911e-07	-5.731240e-10	5.046093e+00	-3.836166e+01
2.010000e-06	7.581381e-07	-5.499024e-10	5.369379e+00	-3.689888e+01
2.020000e-06	8.035586e-07	-5.286232e-10	5.691062e+00	-3.540324e+01
2.030000e-06	8.489875e-07	-5.058270e-10	6.012804e+00	-3.387406e+01
2.040000e-06	8.944460e-07	-4.830873e-10	6.334756e+00	-3.231052e+01
2.050000e-06	9.397946e-07	-4.605437e-10	6.655930e+00	-3.071175e+01
2.060000e-06	9.851407e-07	-4.353383e-10	6.977085e+00	-2.907683e+01
2.070000e-06	1.030350e-06	-4.055153e-10	7.297269e+00	-2.740490e+01
2.080000e-06	1.075364e-06	-3.744519e-10	7.616078e+00	-2.569519e+01
2.090000e-06	1.120308e-06	-3.463888e-10	7.934387e+00	-2.394709e+01
2.100000e-06	1.165249e-06	-3.211501e-10	8.252667e+00	-2.216018e+01
2.110000e-06	1.210096e-06	-2.930118e-10	8.570291e+00	-2.033429e+01
2.120000e-06	1.254793e-06	-2.618995e-10	8.886851e+00	-1.846951e+01
2.130000e-06	1.299313e-06	-2.340240e-10	9.202156e+00	-1.656619e+01
2.140000e-06	1.343730e-06	-2.082975e-10	9.516729e+00	-1.462501e+01
2.150000e-06	1.388042e-06	-1.784586e-10	9.830560e+00	-1.264687e+01
2.160000e-06	1.432201e-06	-1.477276e-10	1.014331e+01	-1.063296e+01
2.170000e-06	1.476327e-06	-1.175695e-10	1.045583e+01	-8.584681e+00
2.180000e-06	1.520467e-06	-8.787931e-11	1.076844e+01	-6.503607e+00
2.190000e-06	1.564519e-06	-5.692668e-11	1.108043e+01	-4.391470e+00
2.200000e-06	1.608488e-06	-2.234857e-11	1.139184e+01	-2.250095e+00
2.210000e-06	1.652445e-06	1.208963e-11	1.170315e+01	-8.137382e-02
2.220000e-06	1.696319e-06	4.319375e-11	1.201388e+01	2.112780e+00
2.230000e-06	1.740116e-06	7.594470e-11	1.232406e+01	4.330453e+00
2.240000e-06	1.783846e-06	1.128621e-10	1.263377e+01	6.569751e+00
2.250000e-06	1.827537e-06	1.477315e-10	1.294321e+01	8.828811e+00
2.260000e-06	1.871205e-06	1.788316e-10	1.325248e+01	1.110579e+01
2.270000e-06	1.914778e-06	2.113580e-10	1.356108e+01	1.339887e+01
2.280000e-06	1.958225e-06	2.478178e-10	1.386878e+01	1.570620e+01
2.290000e-06	2.001550e-06	2.853767e-10	1.417563e+01	1.802590e+01
2.300000e-06	2.044695e-06	3.185789e-10	1.448119e+01	2.035601e+01
2.310000e-06	2.087618e-06	3.499798e-10	1.478519e+01	2.269444e+01
2.320000e-06	2.130452e-06	3.850793e-10	1.508855e+01	2.503894e+01
2.330000e-06	2.173148e-06	4.232412e-10	1.539094e+01	2.738709e+01
2.340000e-06	2.215450e-06	4.559867e-10	1.569054e+01	2.973621e+01
2.350000e-06	2.257262e-06	4.852583e-10	1.598666e+01	3.208341e+01
2.360000e-06	2.298642e-06	5.188206e-10	1.627973e+01	3.442553e+01
2.370000e-06	2.339746e-06	5.569013e-10	1.657084e+01	3.675919e+01
2.380000e-06	2.380700e-06	5.944443e-10	1.686089e+01	3.908078e+01
2.390000e-06	2.421495e-06	6.277967e-10	1.714981e+01	4.138649e+01
2.400000e-06	2.462072e-06	6.604464e-10	1.743719e+01	4.367241e+01
2.410000e-06	2.502399e-06	6.898771e-10	1.772280e+01	4.593454e+01
2.420000e-06	2.542493e-06	7.203451e-10	1.800675e+01	4.816886e+01
2.430000e-06	2.582480e-06	7.555887e-10	1.828996e+01	5.037147e+01
2.440000e-06	2.622357e-06	7.940008e-10	1.857238e+01	5.253857e+01
2.450000e-06	2.662067e-06	8.301743e-10	1.885362e+01	5.466663e+01
2.460000e-06	2.701705e-06	8.634884e-10	1.913435e+01	5.675241e+01
2.470000e-06	2.741263e-06	8.939626e-10	1.941451e+01	5.879304e+01
2.480000e-06	2.780724e-06	9.201163e-10	1.969399e+01	6.078606e+01
2.490000e-06	2.820028e-06	9.425062e-10	1.997235e+01	6.272950e+01
2.500000e-06	2.859118e-06	9.660841e-10	2.024920e+01	6.462184e+01
2.510000e-06	2.897947e-06	9.959324e-10	2.052420e+01	6.646206e+01
2.520000e-06	2.936507e-06	1.032518e-09	2.079729e+01	6.824960e+01
2.530000e-06	2.974901e-06	1.069911e-09	2.106921e+01	6.998436e+01
2.540000e-06	3.013090e-06	1.101382e-09	2.133968e+01	7.166662e+01
2.550000e-06	3.051137e-06	1.124699e-09	2.160914e+01	7.329700e+01
2.560000e-06	3.089054e-06	1.142378e-09	2.187768e+01	7.487642e+01
2.570000e-06	3.126746e-06	1.158959e-09	2.214462e+01	7.640598e+01
2.580000e-06	3.164115e-06	1.176725e-09	2.240928e+01	7.788690e+01
2.590000e-06	3.201187e-06	1.196223e-09	2.267184e+01	7.932049e+01
2.600000e-06	3.238136e-06	1.220973e-09	2.293353e+01	8.070802e+01
2.610000e-06	3.274805e-06	1.252633e-09	2.319323e+01	8.205071e+01
2.620000e-06	3.311167e-06	1.281572e-09	2.345076e+01	8.334967e+01
2.630000e-06	3.347378e-06	1.301756e-09	2.370721e+01	8.460587e+01
2.640000e-06	3.383430e-06	1.314794e-09	2.396254e+01	8.582012e+01
2.650000e-06	3.419376e-06	1.326249e-09	2.421712e+01	8.699308e+01
2.660000e-06	3.455167e-06	1.336704e-09	2.447061e+01	8.812525e+01
2.670000e-06	3.490808e-06	1.346808e-09	2.472303e+01	8.921701e+01
2.680000e-06	3.526372e-06	1.360053e-09	2.497490e+01	9.026866e+01
2.690000e-06	3.561717e-06	1.378749e-09	2.522523e+01	9.128044e+01
2.700000e-06	3.596708e-06	1.401482e-09	2.547305e+01	9.225261e+01
2.710000e-06	3.631250e-06	1.422490e-09	2.571769e+01	9.318547e+01
2.720000e-06	3.665387e-06	1.436937e-09	2.595945e+01	9.407941e+01
2.730000e-06	3.699057e-06	1.449882e-09	2.619792e+01	9.493494e+01
2.740000e-06	3.732173e-06	1.462868e-09	2.643246e+01	9.575273e+01
2.750000e-06	3.764913e-06	1.471434e-09	2.666433e+01	9.653366e+01
2.760000e-06	3.797326e-06	1.474731e-09	2.689389e+01	9.727874e+01
2.770000e-06	3.829462e-06	1.480374e-09	2.712149e+01	9.798920e+01
2.780000e-06	3.861466e-06	1.493569e-09	2.734815e+01	9.866640e+01
2.790000e-06	3.893279e-06	1.509148e-09	2.757346e+01	9.931185e+01
2.800000e-06	3.924898e-06	1.519294e-09	2.779740e+01	9.992713e+01
2.810000e-06	3.956421e-06	1.524058e-09	2.802065e+01	1.005139e+02
2.820000e-06	3.987656e-06	1.529774e-09	2.824187e+01	1.010737e+02
2.830000e-06	4.018566e-06	1.536943e-09	2.846079e+01	1.016082e+02
2.840000e-06	4.049222e-06	1.541825e-09	2.867790e+01	1.021188e+02
2.850000e-06	4.079476e-06	1.546298e-09	2.889217e+01	1.026068e+02
2.860000e-06	4.109385e-06	1.556767e-09	2.910399e+01	1.030734e+02
2.870000e-06	4.139098e-06	1.570057e-09	2.931443e+01	1.035195e+02
2.880000e-06	4.168576e-06	1.578284e-09	2.952320e+01	1.039458e+02
2.890000e-06	4.197841e-06	1.578661e-09	2.973047e+01	1.043528e+02
2.900000e-06	4.226901e-06	1.577095e-09	2.993628e+01	1.047409e+02
2.910000e-06	4.255615e-06	1.579446e-09	3.013964e+01	1.051101e+02
2.920000e-06	4.284009e-06	1.583168e-09	3.034074e+01	1.054605e+02
2.930000e-06	4.312168e-06	1.585602e-09	3.054017e+01	1.057921e+02
2.940000e-06	4.340119e-06	1.589311e-09	3.073813e+01	1.061048e+02
2.950000e-06	4.367941e-06	1.597196e-09	3.093517e+01	1.063984e+02
2.960000e-06	4.395613e-06	1.604244e-09	3.113115e+01	1.066730e+02
2.970000e-06	4.422999e-06	1.605221e-09	3.132511e+01	1.069288e+02
2.980000e-06	4.450007e-06	1.601735e-09	3.151639e+01	1.071659e+02
2.990000e-06	4.476521e-06	1.600595e-09	3.170417e+01	1.073849e+02
3.000000e-06	4.502569e-06	1.604537e-09	3.188865e+01	1.075863e+02
3.010000e-06	4.528116e-06	1.607921e-09	3.206958e+01	1.077711e+02
3.020000e-06	4.553094e-06	1.608821e-09	3.224648e+01	1.079403e+02
3.030000e-06	4.577684e-06	1.612498e-09	3.242064e+01	1.080952e+02
3.040000e-06	4.601933e-06	1.620544e-09	3.259238e+01	1.082369e+02
3.050000e-06	4.625868e-06	1.625874e-09	3.276189e+01	1.083669e+02
3.060000e-06	4.649530e-06	1.624510e-09	3.292947e+01	1.084867e+02
3.070000e-06	4.672937e-06	1.619241e-09	3.309525e+01	1.085976e+02
3.080000e-06	4.696026e-06	1.617333e-09	3.325877e+01	1.087010e+02
3.090000e-06	4.718852e-06	1.619957e-09	3.342043e+01	1.087979e+02
3.100000e-06	4.741359e-06	1.620733e-09	3.357984e+01	1.088894e+02
3.110000e-06	4.763517e-06	1.619520e-09	3.373677e+01	1.089762e+02
3.120000e-06	4.785429e-06	1.622838e-09	3.389196e+01	1.090588e+02
3.130000e-06	4.807042e-06	1.628820e-09	3.404502e+01	1.091376e+02
3.140000e-06	4.828263e-06	1.631260e-09	3.419532e+01	1.092125e+02
3.150000e-06	4.849140e-06	1.630485e-09	3.434318e+01	1.092834e+02
3.160000e-06	4.869714e-06	1.627852e-09	3.448889e+01	1.093499e+02
3.170000e-06	4.889971e-06	1.625152e-09	3.463235e+01	1.094115e+02
3.180000e-06	4.909992e-06	1.623609e-09	3.477415e+01	1.094676e+02
3.190000e-06	4.929753e-06	1.620807e-09	3.491410e+01	1.095177e+02
3.200000e-06	4.949270e-06	1.622431e-09	3.505233e+01	1.095611e+02
3.210000e-06	4.968496e-06	1.630007e-09	3.518850e+01	1.095973e+02
3.220000e-06	4.987425e-06	1.634331e-09	3.532256e+01	1.096260e+02
3.230000e-06	5.005953e-06	1.634363e-09	3.545378e+01	1.096471e+02
3.240000e-06	5.024001e-06	1.632626e-09	3.558160e+01	1.096607e+02
3.250000e-06	5.041713e-06	1.630818e-09	3.570704e+01	1.096668e+02
3.260000e-06	5.059062e-06	1.628877e-09	3.582992e+01	1.096661e+02
3.270000e-06	5.076058e-06	1.625057e-09	3.595028e+01	1.096593e+02
3.280000e-06	5.092855e-06	1.623592e-09	3.606925e+01	1.096471e+02
3.290000e-06	5.109339e-06	1.628545e-09	3.618599e+01	1.096306e+02
3.300000e-06	5.125358e-06	1.636079e-09	3.629945e+01	1.096107e+02
3.310000e-06	5.140821e-06	1.639596e-09	3.640895e+01	1.095885e+02
3.320000e-06	5.155734e-06	1.639474e-09	3.651457e+01	1.095650e+02
3.330000e-06	5.170322e-06	1.639678e-09	3.661790e+01	1.095411e+02
3.340000e-06	5.184593e-06	1.638914e-09	3.671896e+01	1.095173e+02
3.350000e-06	5.198489e-06	1.634540e-09	3.681738e+01	1.094943e+02
3.360000e-06	5.211970e-06	1.629290e-09	3.691286e+01	1.094721e+02
3.370000e-06	5.225038e-06	1.627148e-09	3.700541e+01	1.094509e+02
3.380000e-06	5.237673e-06	1.628303e-09	3.709489e+01	1.094302e+02
3.390000e-06	5.249886e-06	1.632748e-09	3.718139e+01	1.094095e+02
3.400000e-06	5.261833e-06	1.636883e-09	3.726600e+01	1.093880e+02
3.410000e-06	5.273469e-06	1.638355e-09	3.734841e+01	1.093650e+02
3.420000e-06	5.284684e-06	1.636783e-09	3.742784e+01	1.093394e+02
3.430000e-06	5.295322e-06	1.633244e-09	3.750319e+01	1.093102e+02
3.440000e-06	5.305228e-06	1.629068e-09	3.757334e+01	1.092765e+02
3.450000e-06	5.314600e-06	1.626863e-09	3.763971e+01	1.092376e+02
3.460000e-06	5.323511e-06	1.629591e-09	3.770282e+01	1.091929e+02
3.470000e-06	5.331949e-06	1.632571e-09	3.776258e+01	1.091421e+02
3.480000e-06	5.340087e-06	1.633532e-09	3.782023e+01	1.090851e+02
3.490000e-06	5.347941e-06	1.635651e-09	3.787585e+01	1.090224e+02
3.500000e-06	5.355500e-06	1.637836e-09	3.792938e+01	1.089545e+02
3.510000e-06	5.362794e-06	1.637996e-09	3.798104e+01	1.088825e+02
3.520000e-06	5.369766e-06	1.636364e-09	3.803042e+01	1.088075e+02
3.530000e-06	5.376450e-06	1.633622e-09	3.807776e+01	1.087310e+02
3.540000e-06	5.382682e-06	1.630749e-09	3.812189e+01	1.086544e+02
3.550000e-06	5.388402e-06	1.628041e-09	3.816241e+01	1.085793e+02
3.560000e-06	5.393769e-06	1.626312e-09	3.820042e+01	1.085070e+02
3.570000e-06	5.398769e-06	1.626985e-09	3.823583e+01	1.084387e+02
3.580000e-06	5.403392e-06	1.627192e-09	3.826857e+01	1.083755e+02
3.590000e-06	5.407736e-06	1.625607e-09	3.829933e+01	1.083177e+02
3.600000e-06	5.411808e-06	1.624432e-09	3.832818e+01	1.082653e+02
3.610000e-06	5.415557e-06	1.623307e-09	3.835473e+01	1.082181e+02
3.620000e-06	5.419063e-06	1.622756e-09	3.837956e+01	1.081748e+02
3.630000e-06	5.422229e-06	1.623186e-09	3.840198e+01	1.081341e+02
3.640000e-06	5.424958e-06	1.624126e-09	3.842131e+01	1.080940e+02
3.650000e-06	5.427123e-06	1.625305e-09	3.843664e+01	1.080522e+02
3.660000e-06	5.428668e-06	1.624279e-09	3.844758e+01	1.080059e+02
3.670000e-06	5.429671e-06	1.623278e-09	3.845469e+01	1.079525e+02
3.680000e-06	5.430221e-06	1.623022e-09	3.845858e+01	1.078891e+02
3.690000e-06	5.430421e-06	1.620585e-09	3.846000e+01	1.078132e+02
3.700000e-06	5.430343e-06	1.617984e-09	3.845944e+01	1.077226e+02
3.710000e-06	5.429947e-06	1.615751e-09	3.845664e+01	1.076154e+02
3.720000e-06	5.429205e-06	1.615941e-09	3.845138e+01	1.074907e+02
3.730000e-06	5.428159e-06	1.618924e-09	3.844398e+01	1.073481e+02
3.740000e-06	5.426624e-06	1.618121e-09	3.843311e+01	1.071882e+02
3.750000e-06	5.424705e-06	1.607398e-09	3.841951e+01	1.070125e+02
3.760000e-06	5.422564e-06	1.563188e-09	3.840435e+01	1.068234e+02
3.770000e-06	5.420183e-06	1.535033e-09	3.838749e+01	1.066243e+02
3.780000e-06	5.417453e-06	1.629702e-09	3.836816e+01	1.064193e+02
3.790000e-06	5.414216e-06	1.687801e-09	3.834523e+01	1.062134e+02
3.800000e-06	5.410565e-06	1.558257e-09	3.831937e+01	1.060120e+02
3.810000e-06	5.406607e-06	1.517546e-09	3.829134e+01	1.058209e+02
3.820000e-06	5.402420e-06	1.601381e-09	3.826169e+01	1.056460e+02
3.830000e-06	5.397936e-06	1.677200e-09	3.822993e+01	1.054931e+02
3.840000e-06	5.393100e-06	1.507653e-09	3.819568e+01	1.053675e+02
3.850000e-06	5.387801e-06	1.404196e-09	3.815815e+01	1.052742e+02
3.860000e-06	5.381996e-06	1.613032e-09	3.811704e+01	1.052170e+02
3.870000e-06	5.375741e-06	1.718327e-09	3.807274e+01	1.051990e+02
3.880000e-06	5.368979e-06	1.548085e-09	3.802485e+01	1.052219e+02
3.890000e-06	5.361659e-06	1.432497e-09	3.797300e+01	1.052861e+02
3.900000e-06	5.353867e-06	1.653419e-09	3.791782e+01	1.053907e+02
3.910000e-06	5.345697e-06	1.662891e-09	3.785995e+01	1.055334e+02
3.920000e-06	5.337225e-06	1.436764e-09	3.779995e+01	1.057107e+02
3.930000e-06	5.328488e-06	1.413404e-09	3.773808e+01	1.059176e+02
3.940000e-06	5.319403e-06	1.676583e-09	3.767373e+01	1.061484e+02
3.950000e-06	5.309916e-06	1.630594e-09	3.760655e+01	1.063964e+02
3.960000e-06	5.300138e-06	1.441887e-09	3.753729e+01	1.066542e+02
3.970000e-06	5.290040e-06	1.539581e-09	3.746578e+01	1.069142e+02
3.980000e-06	5.279553e-06	1.724238e-09	3.739150e+01	1.071686e+02
3.990000e-06	5.268675e-06	1.600221e-09	3.731446e+01	1.074100e+02
4.000000e-06	5.257380e-06	1.511485e-09	3.723447e+01	1.076314e+02
4.010000e-06	5.245703e-06	1.711500e-09	3.715176e+01	1.078264e+02
4.020000e-06	5.233655e-06	1.764017e-09	3.706644e+01	1.079898e+02
4.030000e-06	5.221138e-06	1.592816e-09	3.697779e+01	1.081174e+02
4.040000e-06	5.208256e-06	1.603075e-09	3.688655e+01	1.082062e+02
4.050000e-06	5.194889e-06	1.729076e-09	3.679188e+01	1.082545e+02
4.060000e-06	5.180796e-06	1.632268e-09	3.669207e+01	1.082620e+02
4.070000e-06	5.166125e-06	1.578107e-09	3.658817e+01	1.082296e+02
4.080000e-06	5.150993e-06	1.687054e-09	3.648100e+01	1.081595e+02
4.090000e-06	5.135442e-06	1.686594e-09	3.637086e+01	1.080547e+02
4.100000e-06	5.119521e-06	1.603955e-09	3.625811e+01	1.079192e+02
4.110000e-06	5.103342e-06	1.680285e-09	3.614352e+01	1.077576e+02
4.120000e-06	5.086935e-06	1.678624e-09	3.602732e+01	1.075749e+02
4.130000e-06	5.070178e-06	1.575874e-09	3.590864e+01	1.073762e+02
4.140000e-06	5.052981e-06	1.579457e-09	3.578685e+01	1.071666e+02
4.150000e-06	5.035393e-06	1.672480e-09	3.566228e+01	1.069509e+02
4.160000e-06	5.017475e-06	1.624476e-09	3.553538e+01	1.067334e+02
4.170000e-06	4.999226e-06	1.611741e-09	3.540613e+01	1.065177e+02
4.180000e-06	4.980629e-06	1.658323e-09	3.527443e+01	1.063068e+02
4.190000e-06	4.961695e-06	1.660332e-09	3.514033e+01	1.061027e+02
4.200000e-06	4.942394e-06	1.623631e-09	3.500363e+01	1.059066e+02
4.210000e-06	4.922790e-06	1.620715e-09	3.486479e+01	1.057187e+02
4.220000e-06	4.902972e-06	1.587325e-09	3.472444e+01	1.055387e+02
4.230000e-06	4.883001e-06	1.590234e-09	3.458299e+01	1.053654e+02
4.240000e-06	4.862756e-06	1.618615e-09	3.443961e+01	1.051971e+02
4.250000e-06	4.842232e-06	1.609188e-09	3.429426e+01	1.050315e+02
4.260000e-06	4.821393e-06	1.597439e-09	3.414667e+01	1.048662e+02
4.270000e-06	4.800101e-06	1.622801e-09	3.399587e+01	1.046988e+02
4.280000e-06	4.778366e-06	1.617173e-09	3.384193e+01	1.045268e+02
4.290000e-06	4.755989e-06	1.594849e-09	3.368345e+01	1.043480e+02
4.300000e-06	4.732963e-06	1.582408e-09	3.352037e+01	1.041605e+02
4.310000e-06	4.709534e-06	1.562179e-09	3.335444e+01	1.039629e+02
4.320000e-06	4.685722e-06	1.566613e-09	3.318580e+01	1.037544e+02
4.330000e-06	4.661659e-06	1.581113e-09	3.301537e+01	1.035345e+02
4.340000e-06	4.637439e-06	1.560675e-09	3.284384e+01	1.033037e+02
4.350000e-06	4.613047e-06	1.547447e-09	3.267109e+01	1.030625e+02
4.360000e-06	4.588379e-06	1.572834e-09	3.249638e+01	1.028124e+02
4.370000e-06	4.563336e-06	1.566374e-09	3.231902e+01	1.025550e+02
4.380000e-06	4.537974e-06	1.543017e-09	3.213940e+01	1.022923e+02
4.390000e-06	4.512278e-06	1.536390e-09	3.195742e+01	1.020263e+02
4.400000e-06	4.486242e-06	1.541969e-09	3.177302e+01	1.017592e+02
4.410000e-06	4.459876e-06	1.535820e-09	3.158629e+01	1.014932e+02
4.420000e-06	4.433237e-06	1.528207e-09	3.139762e+01	1.012301e+02
4.430000e-06	4.406299e-06	1.508205e-09	3.120683e+01	1.009716e+02
4.440000e-06	4.378966e-06	1.512908e-09	3.101326e+01	1.007189e+02
4.450000e-06	4.351289e-06	1.523943e-09	3.081724e+01	1.004727e+02
4.460000e-06	4.323411e-06	1.519451e-09	3.061980e+01	1.002335e+02
4.470000e-06	4.295437e-06	1.504371e-09	3.042167e+01	1.000012e+02
4.480000e-06	4.267276e-06	1.508372e-09	3.022223e+01	9.977520e+01
4.490000e-06	4.238852e-06	1.508131e-09	3.002092e+01	9.955464e+01
4.500000e-06	4.210138e-06	1.504572e-09	2.981756e+01	9.933825e+01
4.510000e-06	4.181095e-06	1.491500e-09	2.961187e+01	9.912458e+01
4.520000e-06	4.151605e-06	1.484260e-09	2.940301e+01	9.891199e+01
4.530000e-06	4.121626e-06	1.487712e-09	2.919069e+01	9.869882e+01
4.540000e-06	4.091107e-06	1.497029e-09	2.897454e+01	9.848344e+01
4.550000e-06	4.060045e-06	1.492819e-09	2.875455e+01	9.826437e+01
4.560000e-06	4.028635e-06	1.486858e-09	2.853210e+01	9.804034e+01
4.570000e-06	3.996921e-06	1.486327e-09	2.830749e+01	9.781034e+01
4.580000e-06	3.965029e-06	1.489218e-09	2.808162e+01	9.757371e+01
4.590000e-06	3.933000e-06	1.482183e-09	2.785478e+01	9.733010e+01
4.600000e-06	3.900818e-06	1.467833e-09	2.762686e+01	9.707951e+01
4.610000e-06	3.868469e-06	1.463129e-09	2.739775e+01	9.682228e+01
4.620000e-06	3.835846e-06	1.467553e-09	2.716670e+01	9.655901e+01
4.630000e-06	3.802908e-06	1.465175e-09	2.693343e+01	9.629058e+01
4.640000e-06	3.769756e-06	1.455493e-09	2.669863e+01	9.601798e+01
4.650000e-06	3.736315e-06	1.454061e-09	2.646179e+01	9.574236e+01
4.660000e-06	3.702543e-06	1.455889e-09	2.622261e+01	9.546488e+01
4.670000e-06	3.668610e-06	1.454259e-09	2.598228e+01	9.518663e+01
4.680000e-06	3.634485e-06	1.443831e-09	2.574060e+01	9.490864e+01
4.690000e-06	3.600036e-06	1.437830e-09	2.549662e+01	9.463174e+01
4.700000e-06	3.565299e-06	1.436774e-09	2.525060e+01	9.435659e+01
4.710000e-06	3.530355e-06	1.436398e-09	2.500312e+01	9.408359e+01
4.720000e-06	3.495171e-06	1.429709e-09	2.475393e+01	9.381291e+01
4.730000e-06	3.459736e-06	1.426530e-09	2.450297e+01	9.354449e+01
4.740000e-06	3.424114e-06	1.424654e-09	2.425068e+01	9.327805e+01
4.750000e-06	3.388256e-06	1.427435e-09	2.399673e+01	9.301311e+01
4.760000e-06	3.352199e-06	1.423135e-09	2.374136e+01	9.274907e+01
4.770000e-06	3.316074e-06	1.415265e-09	2.348551e+01	9.248523e+01
4.780000e-06	3.279832e-06	1.407215e-09	2.322883e+01	9.222084e+01
4.790000e-06	3.243431e-06	1.402492e-09	2.297103e+01	9.195519e+01
4.800000e-06	3.206837e-06	1.396274e-09	2.271186e+01	9.168761e+01
4.810000e-06	3.169945e-06	1.391493e-09	2.245058e+01	9.141756e+01
4.820000e-06	3.132655e-06	1.388987e-09	2.218647e+01	9.114465e+01
4.830000e-06	3.095052e-06	1.389472e-09	2.192016e+01	9.086862e+01
4.840000e-06	3.057167e-06	1.386792e-09	2.165185e+01	9.058941e+01
4.850000e-06	3.018892e-06	1.381135e-09	2.138077e+01	9.030713e+01
4.860000e-06	2.980246e-06	1.372554e-09	2.110707e+01	9.002204e+01
4.870000e-06	2.941289e-06	1.367012e-09	2.083116e+01	8.973452e+01
4.880000e-06	2.901977e-06	1.365046e-09	2.055274e+01	8.944505e+01
4.890000e-06	2.862338e-06	1.361828e-09	2.027200e+01	8.915415e+01
4.900000e-06	2.822479e-06	1.356718e-09	1.998971e+01	8.886236e+01
4.910000e-06	2.782543e-06	1.354990e-09	1.970687e+01	8.857015e+01
4.920000e-06	2.742531e-06	1.355205e-09	1.942349e+01	8.827791e+01
4.930000e-06	2.702376e-06	1.349894e-09	1.913910e+01	8.798592e+01
4.940000e-06	2.662102e-06	1.342058e-09	1.885387e+01	8.769428e+01
4.950000e-06	2.621754e-06	1.336074e-09	1.856811e+01	8.740293e+01
4.960000e-06	2.581237e-06	1.332165e-09	1.828116e+01	8.711160e+01
4.970000e-06	2.540576e-06	1.327493e-09	1.799318e+01	8.681988e+01
4.980000e-06	2.499760e-06	1.323708e-09	1.770411e+01	8.652715e+01
4.990000e-06	2.458791e-06	1.319871e-09	1.741395e+01	8.623266e+01
5.000000e-06	2.417701e-06	1.317607e-09	1.712294e+01	8.593556e+01
5.010000e-06	2.376347e-06	1.312329e-09	1.683006e+01	8.563491e+01
5.020000e-06	2.334770e-06	1.305393e-09	1.653560e+01	8.532974e+01
5.030000e-06	2.293021e-06	1.299032e-09	1.623992e+01	8.501910e+01
5.040000e-06	2.251131e-06	1.295482e-09	1.594324e+01	8.470209e+01
5.050000e-06	2.209066e-06	1.290664e-09	1.564532e+01	8.437791e+01
5.060000e-06	2.166905e-06	1.286305e-09	1.534672e+01	8.404587e+01
5.070000e-06	2.124635e-06	1.281354e-09	1.504735e+01	8.370544e+01
5.080000e-06	2.082163e-06	1.275113e-09	1.474655e+01	8.335623e+01
5.090000e-06	2.039545e-06	1.267648e-09	1.444472e+01	8.299803e+01
5.100000e-06	1.996832e-06	1.261283e-09	1.414221e+01	8.263077e+01
5.110000e-06	1.953995e-06	1.256260e-09	1.383882e+01	8.225453e+01
5.120000e-06	1.910961e-06	1.254298e-09	1.353405e+01	8.186947e+01
5.130000e-06	1.867735e-06	1.253907e-09	1.322791e+01	8.147588e+01
5.140000e-06	1.824334e-06	1.253609e-09	1.292053e+01	8.107405e+01
5.150000e-06	1.780787e-06	1.249440e-09	1.261211e+01	8.066431e+01
5.160000e-06	1.737099e-06	1.239904e-09	1.230270e+01	8.024697e+01
5.170000e-06	1.693337e-06	1.228491e-09	1.199276e+01	7.982228e+01
5.180000e-06	1.649496e-06	1.218458e-09	1.168226e+01	7.939042e+01
5.190000e-06	1.605585e-06	1.210739e-09	1.137127e+01	7.895147e+01
5.200000e-06	1.561607e-06	1.207006e-09	1.105981e+01	7.850542e+01
5.210000e-06	1.517527e-06	1.205515e-09	1.074762e+01	7.805217e+01
5.220000e-06	1.473410e-06	1.202653e-09	1.043517e+01	7.759151e+01
5.230000e-06	1.429254e-06	1.197327e-09	1.012244e+01	7.712316e+01
5.240000e-06	1.385088e-06	1.190254e-09	9.809640e+00	7.664680e+01
5.250000e-06	1.340958e-06	1.180929e-09	9.497097e+00	7.616207e+01
5.260000e-06	1.296782e-06	1.171633e-09	9.184232e+00	7.566865e+01
5.270000e-06	1.252528e-06	1.164879e-09	8.870811e+00	7.516622e+01
5.280000e-06	1.208187e-06	1.158596e-09	8.556772e+00	7.465454e+01
5.290000e-06	1.163810e-06	1.154060e-09	8.242478e+00	7.413344e+01
5.300000e-06	1.119359e-06	1.147943e-09	7.927666e+00	7.360286e+01
5.310000e-06	1.074854e-06	1.139233e-09	7.612465e+00	7.306283e+01
5.320000e-06	1.030375e-06	1.128485e-09	7.297448e+00	7.251347e+01
5.330000e-06	9.857921e-07	1.116605e-09	6.981699e+00	7.195499e+01
5.340000e-06	9.410892e-07	1.108959e-09	6.665098e+00	7.138767e+01
5.350000e-06	8.962550e-07	1.104623e-09	6.347568e+00	7.081178e+01
5.360000e-06	8.513165e-07	1.097008e-09	6.029299e+00	7.022760e+01
5.370000e-06	8.063854e-07	1.088432e-09	5.711082e+00	6.963533e+01
5.380000e-06	7.614731e-07	1.080941e-09	5.392999e+00	6.903507e+01
5.390000e-06	7.164279e-07	1.074461e-09	5.073974e+00	6.842676e+01
5.400000e-06	6.712941e-07	1.065757e-09	4.754322e+00	6.781015e+01
5.410000e-06	6.261259e-07	1.053706e-09	4.434426e+00	6.718476e+01
5.420000e-06	5.809062e-07	1.041011e-09	4.114166e+00	6.654984e+01
5.430000e-06	5.356667e-07	1.030824e-09	3.793765e+00	6.590438e+01
5.440000e-06	4.903858e-07	1.022560e-09	3.473071e+00	6.524710e+01
5.450000e-06	4.450485e-07	1.012967e-09	3.151977e+00	6.457646e+01
5.460000e-06	3.996439e-07	1.001922e-09	2.830407e+00	6.389066e+01
5.470000e-06	3.543105e-07	9.930942e-10	2.509341e+00	6.318774e+01
5.480000e-06	3.088963e-07	9.848143e-10	2.187704e+00	6.246556e+01
5.490000e-06	2.633866e-07	9.735423e-10	1.865389e+00	6.172192e+01
5.500000e-06	2.178624e-07	9.571084e-10	1.542972e+00	6.095457e+01
5.510000e-06	1.722395e-07	9.389869e-10	1.219856e+00	6.016131e+01
5.520000e-06	1.266990e-07	9.252613e-10	8.973236e-01	5.934005e+01
5.530000e-06	8.122656e-08	9.137929e-10	5.752728e-01	5.848885e+01
5.540000e-06	3.567542e-08	9.007671e-10	2.526648e-01	5.760602e+01
5.550000e-06	-9.962059e-09	8.890270e-10	-7.055453e-02	5.669010e+01
5.560000e-06	-5.554774e-08	8.790445e-10	-3.934071e-01	5.573994e+01
5.570000e-06	-1.010776e-07	8.654401e-10	-7.158642e-01	5.475472e+01
5.580000e-06	-1.466466e-07	8.471694e-10	-1.038599e+00	5.373389e+01
5.590000e-06	-1.922263e-07	8.273194e-10	-1.361409e+00	5.267724e+01
5.600000e-06	-2.377280e-07	8.081002e-10	-1.683667e+00	5.158481e+01
5.610000e-06	-2.831137e-07	7.903888e-10	-2.005103e+00	5.045686e+01
5.620000e-06	-3.285576e-07	7.743643e-10	-2.326951e+00	4.929385e+01
5.630000e-06	-3.740155e-07	7.565446e-10	-2.648899e+00	4.809634e+01
5.640000e-06	-4.193745e-07	7.371600e-10	-2.970146e+00	4.686496e+01
5.650000e-06	-4.645913e-07	7.201990e-10	-3.290386e+00	4.560033e+01
5.660000e-06	-5.097161e-07	7.044808e-10	-3.609974e+00	4.430302e+01
5.670000e-06	-5.549229e-07	6.878639e-10	-3.930143e+00	4.297346e+01
5.680000e-06	-6.001214e-07	6.669060e-10	-4.250254e+00	4.161196e+01
5.690000e-06	-6.452408e-07	6.414017e-10	-4.569804e+00	4.021862e+01
5.700000e-06	-6.903367e-07	6.137359e-10	-4.889188e+00	3.879332e+01
5.710000e-06	-7.353934e-07	5.871438e-10	-5.208294e+00	3.733578e+01
5.720000e-06	-7.803588e-07	5.659236e-10	-5.526753e+00	3.584548e+01
5.730000e-06	-8.252580e-07	5.470857e-10	-5.844744e+00	3.432177e+01
5.740000e-06	-8.700551e-07	5.289985e-10	-6.162012e+00	3.276385e+01
5.750000e-06	-9.147513e-07	5.111786e-10	-6.478564e+00	3.117083e+01
5.760000e-06	-9.593954e-07	4.919122e-10	-6.794748e+00	2.954182e+01
5.770000e-06	-1.003957e-06	4.646771e-10	-7.110347e+00	2.787593e+01
5.780000e-06	-1.048490e-06	4.317685e-10	-7.425745e+00	2.617239e+01
5.790000e-06	-1.092985e-06	3.972116e-10	-7.740872e+00	2.443055e+01
5.800000e-06	-1.137407e-06	3.646395e-10	-8.055481e+00	2.264995e+01
5.810000e-06	-1.181722e-06	3.369864e-10	-8.369338e+00	2.083038e+01
5.820000e-06	-1.225973e-06	3.132769e-10	-8.682734e+00	1.897189e+01
5.830000e-06	-1.270190e-06	2.915342e-10	-8.995895e+00	1.707478e+01
5.840000e-06	-1.314338e-06	2.692513e-10	-9.308564e+00	1.513967e+01
5.850000e-06	-1.358472e-06	2.438968e-10	-9.621141e+00	1.316744e+01
5.860000e-06	-1.402605e-06	2.131851e-10	-9.933701e+00	1.115923e+01
5.870000e-06	-1.446717e-06	1.788037e-10	-1.024612e+01	9.116391e+00
5.880000e-06	-1.490765e-06	1.421619e-10	-1.055808e+01	7.040489e+00
5.890000e-06	-1.534733e-06	1.061609e-10	-1.086948e+01	4.933227e+00
5.900000e-06	-1.578653e-06	7.536724e-11	-1.118053e+01	2.796419e+00
5.910000e-06	-1.622474e-06	4.789201e-11	-1.149089e+01	6.319451e-01
5.920000e-06	-1.666181e-06	1.932089e-11	-1.180043e+01	-1.558280e+00
5.930000e-06	-1.709756e-06	-1.026919e-11	-1.210904e+01	-3.772342e+00
5.940000e-06	-1.753195e-06	-4.211740e-11	-1.241670e+01	-6.008344e+00
5.950000e-06	-1.796561e-06	-7.889228e-11	-1.272382e+01	-8.264416e+00
5.960000e-06	-1.839800e-06	-1.184470e-10	-1.303006e+01	-1.053872e+01
5.970000e-06	-1.882832e-06	-1.559213e-10	-1.333482e+01	-1.282941e+01
5.980000e-06	-1.925696e-06	-1.900635e-10	-1.363840e+01	-1.513468e+01
5.990000e-06	-1.968441e-06	-2.237803e-10	-1.394113e+01	-1.745263e+01
6.000000e-06	-2.011035e-06	-2.602972e-10	-1.424280e+01	-1.978132e+01
6.010000e-06	-2.053489e-06	-2.970387e-10	-1.454348e+01	-2.211869e+01
6.020000e-06	-2.095834e-06	-3.334278e-10	-1.484338e+01	-2.446252e+01
6.030000e-06	-2.138117e-06	-3.697369e-10	-1.514283e+01	-2.681041e+01
6.040000e-06	-2.180202e-06	-4.079839e-10	-1.544090e+01	-2.915974e+01
6.050000e-06	-2.222094e-06	-4.474598e-10	-1.573759e+01	-3.150765e+01
6.060000e-06	-2.263965e-06	-4.845149e-10	-1.603413e+01	-3.385103e+01
6.070000e-06	-2.305674e-06	-5.199827e-10	-1.632953e+01	-3.618652e+01
6.080000e-06	-2.347188e-06	-5.543533e-10	-1.662355e+01	-3.851055e+01
6.090000e-06	-2.388491e-06	-5.871487e-10	-1.691606e+01	-4.081936e+01
6.100000e-06	-2.429501e-06	-6.197955e-10	-1.720651e+01	-4.310903e+01
6.110000e-06	-2.470336e-06	-6.559699e-10	-1.749572e+01	-4.537558e+01
6.120000e-06	-2.511052e-06	-6.955259e-10	-1.778409e+01	-4.761499e+01
6.130000e-06	-2.551595e-06	-7.326285e-10	-1.807122e+01	-4.982333e+01
6.140000e-06	-2.592035e-06	-7.650287e-10	-1.835763e+01	-5.199678e+01
6.150000e-06	-2.632352e-06	-7.960229e-10	-1.864317e+01	-5.413175e+01
6.160000e-06	-2.672533e-06	-8.287682e-10	-1.892775e+01	-5.622497e+01
6.170000e-06	-2.712627e-06	-8.620326e-10	-1.921170e+01	-5.827348e+01
6.180000e-06	-2.752632e-06	-8.922805e-10	-1.949503e+01	-6.027477e+01
6.190000e-06	-2.792481e-06	-9.210722e-10	-1.977726e+01	-6.222677e+01
6.200000e-06	-2.832152e-06	-9.530236e-10	-2.005822e+01	-6.412788e+01
6.210000e-06	-2.871701e-06	-9.845914e-10	-2.033831e+01	-6.597702e+01
6.220000e-06	-2.911014e-06	-1.011368e-09	-2.061674e+01	-6.777353e+01
6.230000e-06	-2.950028e-06	-1.033641e-09	-2.089306e+01	-6.951726e+01
6.240000e-06	-2.988706e-06	-1.057106e-09	-2.116698e+01	-7.120841e+01
6.250000e-06	-3.027061e-06	-1.083974e-09	-2.143863e+01	-7.284756e+01
6.260000e-06	-3.065015e-06	-1.110182e-09	-2.170743e+01	-7.443558e+01
6.270000e-06	-3.102518e-06	-1.133366e-09	-2.197304e+01	-7.597354e+01
6.280000e-06	-3.139704e-06	-1.157141e-09	-2.223640e+01	-7.746266e+01
6.290000e-06	-3.176643e-06	-1.183954e-09	-2.249801e+01	-7.890422e+01
6.300000e-06	-3.213299e-06	-1.207526e-09	-2.275762e+01	-8.029951e+01
6.310000e-06	-3.249663e-06	-1.225258e-09	-2.301516e+01	-8.164977e+01
6.320000e-06	-3.285910e-06	-1.242464e-09	-2.327188e+01	-8.295613e+01
6.330000e-06	-3.322074e-06	-1.264414e-09	-2.352800e+01	-8.421957e+01
6.340000e-06	-3.358096e-06	-1.288895e-09	-2.378313e+01	-8.544095e+01
6.350000e-06	-3.394070e-06	-1.309867e-09	-2.403790e+01	-8.662093e+01
6.360000e-06	-3.429825e-06	-1.325573e-09	-2.429113e+01	-8.776004e+01
6.370000e-06	-3.465262e-06	-1.339613e-09	-2.454211e+01	-8.885869e+01
6.380000e-06	-3.500452e-06	-1.353286e-09	-2.479133e+01	-8.991718e+01
6.390000e-06	-3.535329e-06	-1.363638e-09	-2.503835e+01	-9.093577e+01
6.400000e-06	-3.569941e-06	-1.374052e-09	-2.528347e+01	-9.191470e+01
6.410000e-06	-3.604322e-06	-1.390694e-09	-2.552697e+01	-9.285426e+01
6.420000e-06	-3.638478e-06	-1.411694e-09	-2.576888e+01	-9.375483e+01
6.430000e-06	-3.672411e-06	-1.430375e-09	-2.600920e+01	-9.461690e+01
6.440000e-06	-3.706091e-06	-1.441583e-09	-2.624773e+01	-9.544110e+01
6.450000e-06	-3.739535e-06	-1.450575e-09	-2.648459e+01	-9.622828e+01
6.460000e-06	-3.772697e-06	-1.462687e-09	-2.671946e+01	-9.697944e+01
6.470000e-06	-3.805489e-06	-1.472517e-09	-2.695171e+01	-9.769575e+01
6.480000e-06	-3.838079e-06	-1.479124e-09	-2.718251e+01	-9.837858e+01
6.490000e-06	-3.870490e-06	-1.489476e-09	-2.741206e+01	-9.902939e+01
6.500000e-06	-3.902656e-06	-1.505949e-09	-2.763987e+01	-9.964976e+01
6.510000e-06	-3.934688e-06	-1.521429e-09	-2.786674e+01	-1.002413e+02
6.520000e-06	-3.966543e-06	-1.529151e-09	-2.809234e+01	-1.008057e+02
6.530000e-06	-3.998128e-06	-1.533822e-09	-2.831604e+01	-1.013445e+02
6.540000e-06	-4.029385e-06	-1.539760e-09	-2.853740e+01	-1.018591e+02
6.550000e-06	-4.060164e-06	-1.545394e-09	-2.875539e+01	-1.023510e+02
6.560000e-06	-4.090468e-06	-1.550109e-09	-2.897002e+01	-1.028213e+02
6.570000e-06	-4.120339e-06	-1.557075e-09	-2.918157e+01	-1.032709e+02
6.580000e-06	-4.149702e-06	-1.566961e-09	-2.938953e+01	-1.037006e+02
6.590000e-06	-4.178682e-06	-1.576429e-09	-2.959477e+01	-1.041110e+02
6.600000e-06	-4.207352e-06	-1.582492e-09	-2.979783e+01	-1.045024e+02
6.610000e-06	-4.235736e-06	-1.585982e-09	-2.999885e+01	-1.048750e+02
6.620000e-06	-4.263941e-06	-1.591762e-09	-3.019861e+01	-1.052287e+02
6.630000e-06	-4.292005e-06	-1.599954e-09	-3.039737e+01	-1.055636e+02
6.640000e-06	-4.319815e-06	-1.604222e-09	-3.059432e+01	-1.058796e+02
6.650000e-06	-4.347288e-06	-1.602983e-09	-3.078890e+01	-1.061766e+02
6.660000e-06	-4.374538e-06	-1.603006e-09	-3.098189e+01	-1.064546e+02
6.670000e-06	-4.401472e-06	-1.609871e-09	-3.117265e+01	-1.067136e+02
6.680000e-06	-4.428023e-06	-1.619534e-09	-3.136069e+01	-1.069540e+02
6.690000e-06	-4.454355e-06	-1.624516e-09	-3.154718e+01	-1.071761e+02
6.700000e-06	-4.480448e-06	-1.626651e-09	-3.173198e+01	-1.073806e+02
6.710000e-06	-4.506125e-06	-1.630588e-09	-3.191383e+01	-1.075683e+02
6.720000e-06	-4.531382e-06	-1.635694e-09	-3.209271e+01	-1.077402e+02
6.730000e-06	-4.556385e-06	-1.636545e-09	-3.226979e+01	-1.078975e+02
6.740000e-06	-4.581063e-06	-1.634543e-09	-3.244457e+01	-1.080415e+02
6.750000e-06	-4.605437e-06	-1.637354e-09	-3.261720e+01	-1.081736e+02
6.760000e-06	-4.629689e-06	-1.643198e-09	-3.278895e+01	-1.082951e+02
6.770000e-06	-4.653755e-06	-1.645438e-09	-3.295940e+01	-1.084076e+02
6.780000e-06	-4.677544e-06	-1.643626e-09	-3.312788e+01	-1.085123e+02
6.790000e-06	-4.701037e-06	-1.644350e-09	-3.329426e+01	-1.086104e+02
6.800000e-06	-4.724097e-06	-1.648197e-09	-3.345758e+01	-1.087029e+02
6.810000e-06	-4.746613e-06	-1.650545e-09	-3.361705e+01	-1.087906e+02
6.820000e-06	-4.768657e-06	-1.653165e-09	-3.377317e+01	-1.088741e+02
6.830000e-06	-4.790234e-06	-1.658729e-09	-3.392598e+01	-1.089537e+02
6.840000e-06	-4.811244e-06	-1.665161e-09	-3.407479e+01	-1.090295e+02
6.850000e-06	-4.831845e-06	-1.665671e-09	-3.422069e+01	-1.091012e+02
6.860000e-06	-4.852218e-06	-1.661043e-09	-3.436497e+01	-1.091687e+02
6.870000e-06	-4.872387e-06	-1.657514e-09	-3.450782e+01	-1.092313e+02
6.880000e-06	-4.892352e-06	-1.657756e-09	-3.464922e+01	-1.092886e+02
6.890000e-06	-4.912065e-06	-1.659904e-09	-3.478883e+01	-1.093398e+02
6.900000e-06	-4.931365e-06	-1.663690e-09	-3.492552e+01	-1.093845e+02
6.910000e-06	-4.950270e-06	-1.670073e-09	-3.505941e+01	-1.094222e+02
6.920000e-06	-4.968878e-06	-1.677743e-09	-3.519120e+01	-1.094524e+02
6.930000e-06	-4.987168e-06	-1.680230e-09	-3.532074e+01	-1.094749e+02
6.940000e-06	-5.005120e-06	-1.675890e-09	-3.544788e+01	-1.094899e+02
6.950000e-06	-5.022688e-06	-1.670032e-09	-3.557230e+01	-1.094974e+02
6.960000e-06	-5.039871e-06	-1.667727e-09	-3.569400e+01	-1.094980e+02
6.970000e-06	-5.056727e-06	-1.669118e-09	-3.581338e+01	-1.094923e+02
6.980000e-06	-5.073317e-06	-1.671284e-09	-3.593087e+01	-1.094811e+02
6.990000e-06	-5.089677e-06	-1.674032e-09	-3.604674e+01	-1.094654e+02
7.000000e-06	-5.105807e-06	-1.678327e-09	-3.616098e+01	-1.094462e+02
7.010000e-06	-5.121619e-06	-1.683145e-09	-3.627296e+01	-1.094245e+02
7.020000e-06	-5.136953e-06	-1.683196e-09	-3.638156e+01	-1.094013e+02
7.030000e-06	-5.151748e-06	-1.678922e-09	-3.648634e+01	-1.093776e+02
7.040000e-06	-5.166024e-06	-1.673424e-09	-3.658746e+01	-1.093540e+02
7.050000e-06	-5.179812e-06	-1.668170e-09	-3.668511e+01	-1.093309e+02
7.060000e-06	-5.193146e-06	-1.663297e-09	-3.677954e+01	-1.093088e+02
7.070000e-06	-5.205989e-06	-1.660583e-09	-3.687050e+01	-1.092876e+02
7.080000e-06	-5.218425e-06	-1.662671e-09	-3.695858e+01	-1.092670e+02
7.090000e-06	-5.230514e-06	-1.670599e-09	-3.704419e+01	-1.092465e+02
7.100000e-06	-5.242252e-06	-1.678664e-09	-3.712732e+01	-1.092255e+02
7.110000e-06	-5.253592e-06	-1.680141e-09	-3.720764e+01	-1.092029e+02
7.120000e-06	-5.264539e-06	-1.674838e-09	-3.728517e+01	-1.091780e+02
7.130000e-06	-5.275143e-06	-1.666998e-09	-3.736027e+01	-1.091496e+02
7.140000e-06	-5.285389e-06	-1.659522e-09	-3.743284e+01	-1.091170e+02
7.150000e-06	-5.295314e-06	-1.653366e-09	-3.750312e+01	-1.090792e+02
7.160000e-06	-5.304898e-06	-1.648420e-09	-3.757101e+01	-1.090356e+02
7.170000e-06	-5.314061e-06	-1.648663e-09	-3.763590e+01	-1.089860e+02
7.180000e-06	-5.322810e-06	-1.654340e-09	-3.769786e+01	-1.089302e+02
7.190000e-06	-5.331196e-06	-1.659195e-09	-3.775726e+01	-1.088686e+02
7.200000e-06	-5.339348e-06	-1.658607e-09	-3.781499e+01	-1.088017e+02
7.210000e-06	-5.347299e-06	-1.654868e-09	-3.787130e+01	-1.087305e+02
7.220000e-06	-5.355000e-06	-1.649364e-09	-3.792584e+01	-1.086561e+02
7.230000e-06	-5.362254e-06	-1.640691e-09	-3.797722e+01	-1.085799e+02
7.240000e-06	-5.368982e-06	-1.633402e-09	-3.802487e+01	-1.085034e+02
7.250000e-06	-5.375110e-06	-1.632624e-09	-3.806827e+01	-1.084281e+02
7.260000e-06	-5.380536e-06	-1.636516e-09	-3.810670e+01	-1.083554e+02
7.270000e-06	-5.385438e-06	-1.640158e-09	-3.814141e+01	-1.082866e+02
7.280000e-06	-5.389976e-06	-1.640356e-09	-3.817356e+01	-1.082226e+02
7.290000e-06	-5.394254e-06	-1.637772e-09	-3.820385e+01	-1.081640e+02
7.300000e-06	-5.398306e-06	-1.633986e-09	-3.823255e+01	-1.081110e+02
7.310000e-06	-5.402067e-06	-1.627371e-09	-3.825918e+01	-1.080631e+02
7.320000e-06	-5.405504e-06	-1.620472e-09	-3.828353e+01	-1.080195e+02
7.330000e-06	-5.408554e-06	-1.616395e-09	-3.830513e+01	-1.079787e+02
7.340000e-06	-5.411231e-06	-1.617890e-09	-3.832409e+01	-1.079388e+02
7.350000e-06	-5.413604e-06	-1.623892e-09	-3.834089e+01	-1.078976e+02
7.360000e-06	-5.415637e-06	-1.627033e-09	-3.835529e+01	-1.078524e+02
7.370000e-06	-5.417148e-06	-1.624416e-09	-3.836599e+01	-1.078005e+02
7.380000e-06	-5.418208e-06	-1.621725e-09	-3.837350e+01	-1.077392e+02
7.390000e-06	-5.418966e-06	-1.620225e-09	-3.837887e+01	-1.076657e+02
7.400000e-06	-5.419468e-06	-1.617250e-09	-3.838242e+01	-1.075779e+02
