# Temperatura_=_-0.51
# Concentracion g/m^3_=_4090.0
# C_Vs_to_Am_M_A/Vsm_=_65563218390.804596
# pendiente_HvsI_1/m_=_3716.3
# ordenada_HvsI_A/m_=_1297.0
# frecuencia_Hz_=_135080.68344868143

Tiempo_(s)	Campo_(V.s)	Magnetizacion_(V.s)	Campo_(kA/m)	Magnetizacion_(A/m)
0.000000e+00	-5.406467e-06	-1.975981e-09	-3.837969e+01	-1.330273e+02
1.000000e-08	-5.406660e-06	-1.971652e-09	-3.838107e+01	-1.328999e+02
2.000000e-08	-5.406580e-06	-1.962764e-09	-3.838050e+01	-1.327551e+02
3.000000e-08	-5.406180e-06	-1.952698e-09	-3.837766e+01	-1.325933e+02
4.000000e-08	-5.405384e-06	-1.946431e-09	-3.837201e+01	-1.324162e+02
5.000000e-08	-5.403942e-06	-1.944725e-09	-3.836177e+01	-1.322259e+02
6.000000e-08	-5.401873e-06	-1.949818e-09	-3.834708e+01	-1.320256e+02
7.000000e-08	-5.399219e-06	-1.949384e-09	-3.832824e+01	-1.318193e+02
8.000000e-08	-5.395876e-06	-1.935794e-09	-3.830451e+01	-1.316117e+02
9.000000e-08	-5.392060e-06	-1.952743e-09	-3.827743e+01	-1.314078e+02
1.000000e-07	-5.387920e-06	-2.010934e-09	-3.824803e+01	-1.312133e+02
1.100000e-07	-5.383385e-06	-1.960744e-09	-3.821584e+01	-1.310337e+02
1.200000e-07	-5.378786e-06	-1.915733e-09	-3.818319e+01	-1.308746e+02
1.300000e-07	-5.374073e-06	-1.914245e-09	-3.814974e+01	-1.307412e+02
1.400000e-07	-5.368841e-06	-1.985016e-09	-3.811259e+01	-1.306381e+02
1.500000e-07	-5.363225e-06	-1.962133e-09	-3.807273e+01	-1.305693e+02
1.600000e-07	-5.357455e-06	-1.890611e-09	-3.803177e+01	-1.305376e+02
1.700000e-07	-5.351355e-06	-1.940671e-09	-3.798846e+01	-1.305448e+02
1.800000e-07	-5.344520e-06	-2.002447e-09	-3.793995e+01	-1.305916e+02
1.900000e-07	-5.337178e-06	-1.995352e-09	-3.788783e+01	-1.306772e+02
2.000000e-07	-5.329753e-06	-1.947446e-09	-3.783512e+01	-1.307995e+02
2.100000e-07	-5.322232e-06	-1.999674e-09	-3.778173e+01	-1.309554e+02
2.200000e-07	-5.314421e-06	-2.023172e-09	-3.772628e+01	-1.311404e+02
2.300000e-07	-5.306326e-06	-2.002785e-09	-3.766881e+01	-1.313490e+02
2.400000e-07	-5.297931e-06	-1.995967e-09	-3.760922e+01	-1.315750e+02
2.500000e-07	-5.288889e-06	-2.058413e-09	-3.754503e+01	-1.318115e+02
2.600000e-07	-5.279024e-06	-2.054898e-09	-3.747500e+01	-1.320512e+02
2.700000e-07	-5.268564e-06	-2.036661e-09	-3.740074e+01	-1.322869e+02
2.800000e-07	-5.257633e-06	-2.065432e-09	-3.732315e+01	-1.325114e+02
2.900000e-07	-5.246206e-06	-2.079088e-09	-3.724203e+01	-1.327180e+02
3.000000e-07	-5.234395e-06	-2.015626e-09	-3.715818e+01	-1.329006e+02
3.100000e-07	-5.222287e-06	-2.015824e-09	-3.707223e+01	-1.330542e+02
3.200000e-07	-5.209784e-06	-2.083576e-09	-3.698348e+01	-1.331746e+02
3.300000e-07	-5.196831e-06	-2.069699e-09	-3.689152e+01	-1.332587e+02
3.400000e-07	-5.183584e-06	-2.011869e-09	-3.679748e+01	-1.333049e+02
3.500000e-07	-5.169967e-06	-2.042040e-09	-3.670082e+01	-1.333126e+02
3.600000e-07	-5.155858e-06	-2.070020e-09	-3.660066e+01	-1.332825e+02
3.700000e-07	-5.141296e-06	-2.025624e-09	-3.649729e+01	-1.332163e+02
3.800000e-07	-5.126236e-06	-2.003515e-09	-3.639038e+01	-1.331167e+02
3.900000e-07	-5.110507e-06	-2.031040e-09	-3.627872e+01	-1.329873e+02
4.000000e-07	-5.094204e-06	-2.028995e-09	-3.616299e+01	-1.328322e+02
4.100000e-07	-5.077580e-06	-2.024537e-09	-3.604498e+01	-1.326558e+02
4.200000e-07	-5.060616e-06	-2.048389e-09	-3.592455e+01	-1.324627e+02
4.300000e-07	-5.043308e-06	-2.031364e-09	-3.580169e+01	-1.322576e+02
4.400000e-07	-5.025819e-06	-2.018150e-09	-3.567753e+01	-1.320447e+02
4.500000e-07	-5.008140e-06	-2.028085e-09	-3.555204e+01	-1.318278e+02
4.600000e-07	-4.990081e-06	-2.025159e-09	-3.542384e+01	-1.316103e+02
4.700000e-07	-4.971559e-06	-1.995134e-09	-3.529235e+01	-1.313946e+02
4.800000e-07	-4.952581e-06	-2.005332e-09	-3.515763e+01	-1.311826e+02
4.900000e-07	-4.933179e-06	-2.014995e-09	-3.501990e+01	-1.309752e+02
5.000000e-07	-4.913512e-06	-2.015237e-09	-3.488029e+01	-1.307728e+02
5.100000e-07	-4.893694e-06	-2.012294e-09	-3.473960e+01	-1.305747e+02
5.200000e-07	-4.873727e-06	-2.012060e-09	-3.459785e+01	-1.303801e+02
5.300000e-07	-4.853537e-06	-1.998515e-09	-3.445453e+01	-1.301872e+02
5.400000e-07	-4.832986e-06	-2.009230e-09	-3.430864e+01	-1.299943e+02
5.500000e-07	-4.811992e-06	-2.002657e-09	-3.415961e+01	-1.297993e+02
5.600000e-07	-4.790628e-06	-1.982154e-09	-3.400795e+01	-1.296002e+02
5.700000e-07	-4.768957e-06	-1.983276e-09	-3.385411e+01	-1.293949e+02
5.800000e-07	-4.747004e-06	-1.993006e-09	-3.369827e+01	-1.291819e+02
5.900000e-07	-4.724777e-06	-1.972579e-09	-3.354048e+01	-1.289598e+02
6.000000e-07	-4.702239e-06	-1.969203e-09	-3.338049e+01	-1.287279e+02
6.100000e-07	-4.679378e-06	-1.981172e-09	-3.321820e+01	-1.284858e+02
6.200000e-07	-4.656087e-06	-1.976151e-09	-3.305286e+01	-1.282336e+02
6.300000e-07	-4.632470e-06	-1.968946e-09	-3.288521e+01	-1.279723e+02
6.400000e-07	-4.608713e-06	-1.975616e-09	-3.271656e+01	-1.277029e+02
6.500000e-07	-4.584782e-06	-1.965227e-09	-3.254668e+01	-1.274270e+02
6.600000e-07	-4.560696e-06	-1.952618e-09	-3.237570e+01	-1.271466e+02
6.700000e-07	-4.536278e-06	-1.952966e-09	-3.220236e+01	-1.268636e+02
6.800000e-07	-4.511385e-06	-1.945581e-09	-3.202564e+01	-1.265800e+02
6.900000e-07	-4.485982e-06	-1.934718e-09	-3.184531e+01	-1.262980e+02
7.000000e-07	-4.459930e-06	-1.934751e-09	-3.166037e+01	-1.260192e+02
7.100000e-07	-4.433394e-06	-1.937136e-09	-3.147200e+01	-1.257452e+02
7.200000e-07	-4.406448e-06	-1.932973e-09	-3.128071e+01	-1.254769e+02
7.300000e-07	-4.379058e-06	-1.932491e-09	-3.108628e+01	-1.252150e+02
7.400000e-07	-4.351405e-06	-1.925871e-09	-3.088997e+01	-1.249597e+02
7.500000e-07	-4.323665e-06	-1.920483e-09	-3.069305e+01	-1.247105e+02
7.600000e-07	-4.295794e-06	-1.914085e-09	-3.049520e+01	-1.244665e+02
7.700000e-07	-4.267621e-06	-1.907790e-09	-3.029520e+01	-1.242265e+02
7.800000e-07	-4.239214e-06	-1.897951e-09	-3.009355e+01	-1.239889e+02
7.900000e-07	-4.210599e-06	-1.894992e-09	-2.989041e+01	-1.237519e+02
8.000000e-07	-4.181562e-06	-1.891428e-09	-2.968428e+01	-1.235134e+02
8.100000e-07	-4.152091e-06	-1.890802e-09	-2.947507e+01	-1.232714e+02
8.200000e-07	-4.122394e-06	-1.887514e-09	-2.926426e+01	-1.230241e+02
8.300000e-07	-4.092496e-06	-1.884194e-09	-2.905201e+01	-1.227698e+02
8.400000e-07	-4.062325e-06	-1.876658e-09	-2.883783e+01	-1.225070e+02
8.500000e-07	-4.031918e-06	-1.874894e-09	-2.862198e+01	-1.222347e+02
8.600000e-07	-4.001195e-06	-1.869036e-09	-2.840388e+01	-1.219525e+02
8.700000e-07	-3.970144e-06	-1.862904e-09	-2.818345e+01	-1.216602e+02
8.800000e-07	-3.938895e-06	-1.854768e-09	-2.796163e+01	-1.213580e+02
8.900000e-07	-3.907470e-06	-1.850004e-09	-2.773854e+01	-1.210469e+02
9.000000e-07	-3.875846e-06	-1.843895e-09	-2.751405e+01	-1.207279e+02
9.100000e-07	-3.844053e-06	-1.839395e-09	-2.728836e+01	-1.204024e+02
9.200000e-07	-3.812137e-06	-1.836303e-09	-2.706179e+01	-1.200723e+02
9.300000e-07	-3.779991e-06	-1.839056e-09	-2.683359e+01	-1.197391e+02
9.400000e-07	-3.747415e-06	-1.840903e-09	-2.660233e+01	-1.194047e+02
9.500000e-07	-3.714442e-06	-1.836605e-09	-2.636826e+01	-1.190708e+02
9.600000e-07	-3.681105e-06	-1.828463e-09	-2.613161e+01	-1.187388e+02
9.700000e-07	-3.647417e-06	-1.815627e-09	-2.589246e+01	-1.184099e+02
9.800000e-07	-3.613366e-06	-1.802698e-09	-2.565074e+01	-1.180848e+02
9.900000e-07	-3.578821e-06	-1.792033e-09	-2.540551e+01	-1.177640e+02
1.000000e-06	-3.543932e-06	-1.789458e-09	-2.515784e+01	-1.174475e+02
1.010000e-06	-3.508771e-06	-1.794501e-09	-2.490824e+01	-1.171348e+02
1.020000e-06	-3.473355e-06	-1.802426e-09	-2.465683e+01	-1.168250e+02
1.030000e-06	-3.437726e-06	-1.804619e-09	-2.440390e+01	-1.165170e+02
1.040000e-06	-3.401891e-06	-1.800211e-09	-2.414951e+01	-1.162092e+02
1.050000e-06	-3.365919e-06	-1.789009e-09	-2.389415e+01	-1.159001e+02
1.060000e-06	-3.329860e-06	-1.774244e-09	-2.363818e+01	-1.155879e+02
1.070000e-06	-3.293674e-06	-1.757069e-09	-2.338130e+01	-1.152708e+02
1.080000e-06	-3.257188e-06	-1.745970e-09	-2.312229e+01	-1.149472e+02
1.090000e-06	-3.220311e-06	-1.743685e-09	-2.286050e+01	-1.146155e+02
1.100000e-06	-3.183148e-06	-1.750170e-09	-2.259669e+01	-1.142747e+02
1.110000e-06	-3.145841e-06	-1.756984e-09	-2.233185e+01	-1.139239e+02
1.120000e-06	-3.108353e-06	-1.758747e-09	-2.206573e+01	-1.135625e+02
1.130000e-06	-3.070647e-06	-1.751676e-09	-2.179806e+01	-1.131904e+02
1.140000e-06	-3.032749e-06	-1.741151e-09	-2.152903e+01	-1.128080e+02
1.150000e-06	-2.994705e-06	-1.726441e-09	-2.125896e+01	-1.124157e+02
1.160000e-06	-2.956486e-06	-1.710358e-09	-2.098765e+01	-1.120146e+02
1.170000e-06	-2.918014e-06	-1.698998e-09	-2.071454e+01	-1.116058e+02
1.180000e-06	-2.879354e-06	-1.695054e-09	-2.044011e+01	-1.111907e+02
1.190000e-06	-2.840417e-06	-1.693874e-09	-2.016370e+01	-1.107707e+02
1.200000e-06	-2.801247e-06	-1.695956e-09	-1.988563e+01	-1.103471e+02
1.210000e-06	-2.762004e-06	-1.696604e-09	-1.960705e+01	-1.099214e+02
1.220000e-06	-2.722536e-06	-1.695222e-09	-1.932688e+01	-1.094947e+02
1.230000e-06	-2.682879e-06	-1.688779e-09	-1.904535e+01	-1.090679e+02
1.240000e-06	-2.643156e-06	-1.676508e-09	-1.876337e+01	-1.086417e+02
1.250000e-06	-2.603306e-06	-1.664660e-09	-1.848048e+01	-1.082165e+02
1.260000e-06	-2.563338e-06	-1.653691e-09	-1.819675e+01	-1.077922e+02
1.270000e-06	-2.523285e-06	-1.643954e-09	-1.791242e+01	-1.073686e+02
1.280000e-06	-2.483129e-06	-1.640237e-09	-1.762736e+01	-1.069450e+02
1.290000e-06	-2.442859e-06	-1.640565e-09	-1.734149e+01	-1.065207e+02
1.300000e-06	-2.402461e-06	-1.639940e-09	-1.705471e+01	-1.060947e+02
1.310000e-06	-2.361764e-06	-1.632149e-09	-1.676581e+01	-1.056657e+02
1.320000e-06	-2.320776e-06	-1.619036e-09	-1.647484e+01	-1.052327e+02
1.330000e-06	-2.279686e-06	-1.605736e-09	-1.618315e+01	-1.047944e+02
1.340000e-06	-2.238344e-06	-1.595978e-09	-1.588967e+01	-1.043498e+02
1.350000e-06	-2.196532e-06	-1.592045e-09	-1.559285e+01	-1.038980e+02
1.360000e-06	-2.154315e-06	-1.589141e-09	-1.529316e+01	-1.034383e+02
1.370000e-06	-2.111850e-06	-1.585979e-09	-1.499170e+01	-1.029702e+02
1.380000e-06	-2.069134e-06	-1.580879e-09	-1.468847e+01	-1.024935e+02
1.390000e-06	-2.026218e-06	-1.572782e-09	-1.438382e+01	-1.020082e+02
1.400000e-06	-1.983169e-06	-1.558955e-09	-1.407822e+01	-1.015146e+02
1.410000e-06	-1.939991e-06	-1.543690e-09	-1.377170e+01	-1.010131e+02
1.420000e-06	-1.896688e-06	-1.530887e-09	-1.346430e+01	-1.005043e+02
1.430000e-06	-1.853257e-06	-1.523416e-09	-1.315600e+01	-9.998897e+01
1.440000e-06	-1.809705e-06	-1.520345e-09	-1.284683e+01	-9.946768e+01
1.450000e-06	-1.766043e-06	-1.518635e-09	-1.253687e+01	-9.894111e+01
1.460000e-06	-1.722301e-06	-1.513615e-09	-1.222636e+01	-9.840978e+01
1.470000e-06	-1.678511e-06	-1.505381e-09	-1.191550e+01	-9.787402e+01
1.480000e-06	-1.634669e-06	-1.493353e-09	-1.160427e+01	-9.733397e+01
1.490000e-06	-1.590738e-06	-1.479309e-09	-1.129241e+01	-9.678946e+01
1.500000e-06	-1.546689e-06	-1.466575e-09	-1.097971e+01	-9.624009e+01
1.510000e-06	-1.502528e-06	-1.460408e-09	-1.066622e+01	-9.568516e+01
1.520000e-06	-1.458225e-06	-1.457740e-09	-1.035172e+01	-9.512372e+01
1.530000e-06	-1.413922e-06	-1.453258e-09	-1.003722e+01	-9.455461e+01
1.540000e-06	-1.369671e-06	-1.443193e-09	-9.723089e+00	-9.397650e+01
1.550000e-06	-1.325346e-06	-1.429562e-09	-9.408430e+00	-9.338794e+01
1.560000e-06	-1.280986e-06	-1.416004e-09	-9.093524e+00	-9.278747e+01
1.570000e-06	-1.236473e-06	-1.403548e-09	-8.777534e+00	-9.217364e+01
1.580000e-06	-1.191771e-06	-1.392793e-09	-8.460206e+00	-9.154515e+01
1.590000e-06	-1.146956e-06	-1.384660e-09	-8.142069e+00	-9.090085e+01
1.600000e-06	-1.102051e-06	-1.378779e-09	-7.823293e+00	-9.023986e+01
1.610000e-06	-1.057144e-06	-1.371994e-09	-7.504503e+00	-8.956156e+01
1.620000e-06	-1.012156e-06	-1.361657e-09	-7.185141e+00	-8.886566e+01
1.630000e-06	-9.669814e-07	-1.347119e-09	-6.864455e+00	-8.815220e+01
1.640000e-06	-9.216792e-07	-1.331262e-09	-6.542862e+00	-8.742150e+01
1.650000e-06	-8.763890e-07	-1.316894e-09	-6.221354e+00	-8.667419e+01
1.660000e-06	-8.310958e-07	-1.303011e-09	-5.899825e+00	-8.591111e+01
1.670000e-06	-7.857094e-07	-1.292290e-09	-5.577633e+00	-8.513326e+01
1.680000e-06	-7.402858e-07	-1.285919e-09	-5.255178e+00	-8.434176e+01
1.690000e-06	-6.947579e-07	-1.276936e-09	-4.931982e+00	-8.353768e+01
1.700000e-06	-6.490977e-07	-1.262794e-09	-4.607847e+00	-8.272203e+01
1.710000e-06	-6.034689e-07	-1.247540e-09	-4.283935e+00	-8.189564e+01
1.720000e-06	-5.578846e-07	-1.233362e-09	-3.960339e+00	-8.105907e+01
1.730000e-06	-5.122598e-07	-1.219027e-09	-3.636456e+00	-8.021255e+01
1.740000e-06	-4.665786e-07	-1.206279e-09	-3.312172e+00	-7.935593e+01
1.750000e-06	-4.208703e-07	-1.194440e-09	-2.987695e+00	-7.848861e+01
1.760000e-06	-3.751371e-07	-1.183552e-09	-2.663042e+00	-7.760958e+01
1.770000e-06	-3.293514e-07	-1.170998e-09	-2.338016e+00	-7.671737e+01
1.780000e-06	-2.835517e-07	-1.156345e-09	-2.012891e+00	-7.581010e+01
1.790000e-06	-2.377626e-07	-1.140060e-09	-1.687841e+00	-7.488555e+01
1.800000e-06	-1.919272e-07	-1.124209e-09	-1.362462e+00	-7.394116e+01
1.810000e-06	-1.461315e-07	-1.108019e-09	-1.037366e+00	-7.297418e+01
1.820000e-06	-1.003508e-07	-1.093422e-09	-7.123753e-01	-7.198173e+01
1.830000e-06	-5.451939e-08	-1.079068e-09	-3.870249e-01	-7.096088e+01
1.840000e-06	-8.668417e-09	-1.062877e-09	-6.153579e-02	-6.990878e+01
1.850000e-06	3.725927e-08	-1.045860e-09	2.644979e-01	-6.882273e+01
1.860000e-06	8.316950e-08	-1.028224e-09	5.904078e-01	-6.770025e+01
1.870000e-06	1.289564e-07	-1.009729e-09	9.154420e-01	-6.653921e+01
1.880000e-06	1.746493e-07	-9.909999e-10	1.239809e+00	-6.533780e+01
1.890000e-06	2.204040e-07	-9.700540e-10	1.564615e+00	-6.409464e+01
1.900000e-06	2.662480e-07	-9.461410e-10	1.890055e+00	-6.280875e+01
1.910000e-06	3.120185e-07	-9.230124e-10	2.214972e+00	-6.147954e+01
1.920000e-06	3.577528e-07	-9.025027e-10	2.539633e+00	-6.010684e+01
1.930000e-06	4.035859e-07	-8.847255e-10	2.864996e+00	-5.869079e+01
1.940000e-06	4.494058e-07	-8.645431e-10	3.190265e+00	-5.723182e+01
1.950000e-06	4.951372e-07	-8.405785e-10	3.514905e+00	-5.573056e+01
1.960000e-06	5.408576e-07	-8.161967e-10	3.839467e+00	-5.418779e+01
1.970000e-06	5.865717e-07	-7.895062e-10	4.163984e+00	-5.260433e+01
1.980000e-06	6.321915e-07	-7.599579e-10	4.487832e+00	-5.098100e+01
1.990000e-06	6.776924e-07	-7.309831e-10	4.810836e+00	-4.931851e+01
2.000000e-06	7.231213e-07	-7.056591e-10	5.133329e+00	-4.761744e+01
2.010000e-06	7.685370e-07	-6.837989e-10	5.455728e+00	-4.587816e+01
2.020000e-06	8.139466e-07	-6.606113e-10	5.778085e+00	-4.410083e+01
2.030000e-06	8.592880e-07	-6.337495e-10	6.099956e+00	-4.228535e+01
2.040000e-06	9.045616e-07	-6.041760e-10	6.421347e+00	-4.043141e+01
2.050000e-06	9.497371e-07	-5.733695e-10	6.742041e+00	-3.853848e+01
2.060000e-06	9.947173e-07	-5.399265e-10	7.061349e+00	-3.660585e+01
2.070000e-06	1.039650e-06	-5.027701e-10	7.380321e+00	-3.463270e+01
2.080000e-06	1.084622e-06	-4.660647e-10	7.699570e+00	-3.261813e+01
2.090000e-06	1.129491e-06	-4.360104e-10	8.018090e+00	-3.056126e+01
2.100000e-06	1.174229e-06	-4.106266e-10	8.335676e+00	-2.846126e+01
2.110000e-06	1.218874e-06	-3.825358e-10	8.652606e+00	-2.631746e+01
2.120000e-06	1.263430e-06	-3.471809e-10	8.968901e+00	-2.412936e+01
2.130000e-06	1.307893e-06	-3.101507e-10	9.284535e+00	-2.189674e+01
2.140000e-06	1.352271e-06	-2.760250e-10	9.599570e+00	-1.961965e+01
2.150000e-06	1.396540e-06	-2.405947e-10	9.913831e+00	-1.729850e+01
2.160000e-06	1.440730e-06	-2.024547e-10	1.022753e+01	-1.493399e+01
2.170000e-06	1.484854e-06	-1.647232e-10	1.054075e+01	-1.252719e+01
2.180000e-06	1.528932e-06	-1.323397e-10	1.085366e+01	-1.007951e+01
2.190000e-06	1.572945e-06	-1.016472e-10	1.116610e+01	-7.592628e+00
2.200000e-06	1.616859e-06	-6.618761e-11	1.147784e+01	-5.068515e+00
2.210000e-06	1.660676e-06	-2.737462e-11	1.178889e+01	-2.509363e+00
2.220000e-06	1.704447e-06	1.301481e-11	1.209961e+01	8.245732e-02
2.230000e-06	1.748202e-06	5.346509e-11	1.241022e+01	2.704441e+00
2.240000e-06	1.791908e-06	9.681379e-11	1.272049e+01	5.353996e+00
2.250000e-06	1.835557e-06	1.393200e-10	1.303035e+01	8.028483e+00
2.260000e-06	1.879054e-06	1.782380e-10	1.333912e+01	1.072525e+01
2.270000e-06	1.922368e-06	2.151051e-10	1.364660e+01	1.344166e+01
2.280000e-06	1.965546e-06	2.534325e-10	1.395311e+01	1.617510e+01
2.290000e-06	2.008610e-06	2.955898e-10	1.425882e+01	1.892298e+01
2.300000e-06	2.051545e-06	3.371936e-10	1.456361e+01	2.168275e+01
2.310000e-06	2.094207e-06	3.781699e-10	1.486646e+01	2.445186e+01
2.320000e-06	2.136534e-06	4.208149e-10	1.516694e+01	2.722775e+01
2.330000e-06	2.178651e-06	4.640238e-10	1.546592e+01	3.000780e+01
2.340000e-06	2.220539e-06	5.022914e-10	1.576327e+01	3.278935e+01
2.350000e-06	2.262106e-06	5.377391e-10	1.605835e+01	3.556961e+01
2.360000e-06	2.303392e-06	5.745975e-10	1.635143e+01	3.834567e+01
2.370000e-06	2.344376e-06	6.171967e-10	1.664237e+01	4.111445e+01
2.380000e-06	2.385070e-06	6.621703e-10	1.693125e+01	4.387272e+01
2.390000e-06	2.425572e-06	7.037300e-10	1.721877e+01	4.661706e+01
2.400000e-06	2.465908e-06	7.423863e-10	1.750511e+01	4.934390e+01
2.410000e-06	2.506031e-06	7.807496e-10	1.778993e+01	5.204950e+01
2.420000e-06	2.545990e-06	8.216451e-10	1.807360e+01	5.473001e+01
2.430000e-06	2.585894e-06	8.628968e-10	1.835687e+01	5.738151e+01
2.440000e-06	2.625713e-06	9.027651e-10	1.863954e+01	6.000001e+01
2.450000e-06	2.665434e-06	9.399619e-10	1.892152e+01	6.258160e+01
2.460000e-06	2.705055e-06	9.766248e-10	1.920278e+01	6.512242e+01
2.470000e-06	2.744584e-06	1.012447e-09	1.948339e+01	6.761876e+01
2.480000e-06	2.783929e-06	1.045205e-09	1.976269e+01	7.006715e+01
2.490000e-06	2.823035e-06	1.078825e-09	2.004030e+01	7.246436e+01
2.500000e-06	2.861919e-06	1.115928e-09	2.031633e+01	7.480752e+01
2.510000e-06	2.900518e-06	1.153926e-09	2.059034e+01	7.709410e+01
2.520000e-06	2.938881e-06	1.192413e-09	2.086267e+01	7.932200e+01
2.530000e-06	2.977064e-06	1.231833e-09	2.113373e+01	8.148953e+01
2.540000e-06	3.015047e-06	1.268176e-09	2.140336e+01	8.359544e+01
2.550000e-06	3.052848e-06	1.297095e-09	2.167171e+01	8.563893e+01
2.560000e-06	3.090526e-06	1.320813e-09	2.193918e+01	8.761960e+01
2.570000e-06	3.128031e-06	1.343488e-09	2.220542e+01	8.953746e+01
2.580000e-06	3.165286e-06	1.367491e-09	2.246989e+01	9.139287e+01
2.590000e-06	3.202265e-06	1.394291e-09	2.273240e+01	9.318653e+01
2.600000e-06	3.238966e-06	1.425452e-09	2.299293e+01	9.491940e+01
2.610000e-06	3.275431e-06	1.460099e-09	2.325180e+01	9.659266e+01
2.620000e-06	3.311674e-06	1.493108e-09	2.350908e+01	9.820771e+01
2.630000e-06	3.347715e-06	1.521151e-09	2.376493e+01	9.976604e+01
2.640000e-06	3.383661e-06	1.542519e-09	2.402010e+01	1.012692e+02
2.650000e-06	3.419543e-06	1.557684e-09	2.427482e+01	1.027190e+02
2.660000e-06	3.455336e-06	1.569399e-09	2.452891e+01	1.041169e+02
2.670000e-06	3.490942e-06	1.582952e-09	2.478167e+01	1.054647e+02
2.680000e-06	3.526270e-06	1.601389e-09	2.503246e+01	1.067640e+02
2.690000e-06	3.561399e-06	1.624366e-09	2.528184e+01	1.080165e+02
2.700000e-06	3.596273e-06	1.651894e-09	2.552940e+01	1.092236e+02
2.710000e-06	3.630685e-06	1.680959e-09	2.577369e+01	1.103870e+02
2.720000e-06	3.664579e-06	1.702807e-09	2.601430e+01	1.115080e+02
2.730000e-06	3.697985e-06	1.715964e-09	2.625144e+01	1.125882e+02
2.740000e-06	3.731029e-06	1.724992e-09	2.648601e+01	1.136289e+02
2.750000e-06	3.763657e-06	1.732634e-09	2.671763e+01	1.146315e+02
2.760000e-06	3.795922e-06	1.741117e-09	2.694668e+01	1.155973e+02
2.770000e-06	3.827970e-06	1.754537e-09	2.717419e+01	1.165275e+02
2.780000e-06	3.859805e-06	1.775488e-09	2.740018e+01	1.174234e+02
2.790000e-06	3.891528e-06	1.799058e-09	2.762537e+01	1.182863e+02
2.800000e-06	3.923143e-06	1.815464e-09	2.784980e+01	1.191171e+02
2.810000e-06	3.954560e-06	1.822567e-09	2.807283e+01	1.199170e+02
2.820000e-06	3.985725e-06	1.828087e-09	2.829406e+01	1.206868e+02
2.830000e-06	4.016539e-06	1.836076e-09	2.851281e+01	1.214276e+02
2.840000e-06	4.047030e-06	1.844707e-09	2.872926e+01	1.221400e+02
2.850000e-06	4.077268e-06	1.853830e-09	2.894391e+01	1.228248e+02
2.860000e-06	4.107147e-06	1.866143e-09	2.915602e+01	1.234825e+02
2.870000e-06	4.136697e-06	1.881158e-09	2.936579e+01	1.241137e+02
2.880000e-06	4.165971e-06	1.894620e-09	2.957360e+01	1.247187e+02
2.890000e-06	4.195014e-06	1.901011e-09	2.977977e+01	1.252979e+02
2.900000e-06	4.223791e-06	1.902839e-09	2.998406e+01	1.258516e+02
2.910000e-06	4.252297e-06	1.906928e-09	3.018642e+01	1.263802e+02
2.920000e-06	4.280532e-06	1.912624e-09	3.038686e+01	1.268838e+02
2.930000e-06	4.308504e-06	1.917306e-09	3.058542e+01	1.273628e+02
2.940000e-06	4.336352e-06	1.923686e-09	3.078311e+01	1.278177e+02
2.950000e-06	4.364095e-06	1.935483e-09	3.098006e+01	1.282489e+02
2.960000e-06	4.391685e-06	1.948185e-09	3.117591e+01	1.286569e+02
2.970000e-06	4.419010e-06	1.954167e-09	3.136988e+01	1.290426e+02
2.980000e-06	4.445894e-06	1.952498e-09	3.156073e+01	1.294067e+02
2.990000e-06	4.472199e-06	1.951075e-09	3.174747e+01	1.297502e+02
3.000000e-06	4.497898e-06	1.953531e-09	3.192990e+01	1.300742e+02
3.010000e-06	4.523099e-06	1.956408e-09	3.210880e+01	1.303799e+02
3.020000e-06	4.547856e-06	1.960658e-09	3.228455e+01	1.306685e+02
3.030000e-06	4.572168e-06	1.968723e-09	3.245713e+01	1.309414e+02
3.040000e-06	4.596196e-06	1.977090e-09	3.262771e+01	1.311998e+02
3.050000e-06	4.620079e-06	1.981142e-09	3.279725e+01	1.314452e+02
3.060000e-06	4.643746e-06	1.981749e-09	3.296525e+01	1.316785e+02
3.070000e-06	4.667121e-06	1.981580e-09	3.313119e+01	1.319011e+02
3.080000e-06	4.690150e-06	1.982697e-09	3.329467e+01	1.321138e+02
3.090000e-06	4.712822e-06	1.987008e-09	3.345562e+01	1.323174e+02
3.100000e-06	4.735145e-06	1.991986e-09	3.361408e+01	1.325125e+02
3.110000e-06	4.757148e-06	1.997554e-09	3.377028e+01	1.326995e+02
3.120000e-06	4.778927e-06	2.004501e-09	3.392488e+01	1.328787e+02
3.130000e-06	4.800422e-06	2.008221e-09	3.407748e+01	1.330498e+02
3.140000e-06	4.821565e-06	2.008357e-09	3.422757e+01	1.332130e+02
3.150000e-06	4.842349e-06	2.003761e-09	3.437510e+01	1.333677e+02
3.160000e-06	4.862807e-06	1.999855e-09	3.452034e+01	1.335138e+02
3.170000e-06	4.883026e-06	2.001578e-09	3.466387e+01	1.336506e+02
3.180000e-06	4.903004e-06	2.008414e-09	3.480569e+01	1.337778e+02
3.190000e-06	4.922780e-06	2.017008e-09	3.494608e+01	1.338951e+02
3.200000e-06	4.942337e-06	2.026124e-09	3.508491e+01	1.340022e+02
3.210000e-06	4.961585e-06	2.033420e-09	3.522155e+01	1.340988e+02
3.220000e-06	4.980485e-06	2.034453e-09	3.535571e+01	1.341851e+02
3.230000e-06	4.998884e-06	2.029681e-09	3.548633e+01	1.342613e+02
3.240000e-06	5.016733e-06	2.022282e-09	3.561303e+01	1.343278e+02
3.250000e-06	5.034160e-06	2.017862e-09	3.573674e+01	1.343852e+02
3.260000e-06	5.051303e-06	2.019511e-09	3.585844e+01	1.344343e+02
3.270000e-06	5.068279e-06	2.024623e-09	3.597895e+01	1.344759e+02
3.280000e-06	5.085040e-06	2.032860e-09	3.609794e+01	1.345112e+02
3.290000e-06	5.101462e-06	2.042151e-09	3.621451e+01	1.345411e+02
3.300000e-06	5.117393e-06	2.047834e-09	3.632761e+01	1.345667e+02
3.310000e-06	5.132798e-06	2.046519e-09	3.643696e+01	1.345891e+02
3.320000e-06	5.147773e-06	2.042903e-09	3.654327e+01	1.346090e+02
3.330000e-06	5.162271e-06	2.040118e-09	3.664618e+01	1.346273e+02
3.340000e-06	5.176324e-06	2.037658e-09	3.674595e+01	1.346444e+02
3.350000e-06	5.190181e-06	2.036248e-09	3.684432e+01	1.346605e+02
3.360000e-06	5.203667e-06	2.037885e-09	3.694005e+01	1.346759e+02
3.370000e-06	5.216553e-06	2.041800e-09	3.703153e+01	1.346901e+02
3.380000e-06	5.229004e-06	2.045518e-09	3.711991e+01	1.347029e+02
3.390000e-06	5.241139e-06	2.050254e-09	3.720606e+01	1.347135e+02
3.400000e-06	5.253001e-06	2.054052e-09	3.729026e+01	1.347212e+02
3.410000e-06	5.264573e-06	2.054922e-09	3.737242e+01	1.347252e+02
3.420000e-06	5.275722e-06	2.050449e-09	3.745156e+01	1.347246e+02
3.430000e-06	5.286288e-06	2.043940e-09	3.752656e+01	1.347184e+02
3.440000e-06	5.296148e-06	2.039116e-09	3.759656e+01	1.347062e+02
3.450000e-06	5.305371e-06	2.037777e-09	3.766203e+01	1.346872e+02
3.460000e-06	5.314061e-06	2.040312e-09	3.772372e+01	1.346611e+02
3.470000e-06	5.322280e-06	2.044408e-09	3.778207e+01	1.346280e+02
3.480000e-06	5.330261e-06	2.050442e-09	3.783872e+01	1.345881e+02
3.490000e-06	5.338096e-06	2.057323e-09	3.789434e+01	1.345420e+02
3.500000e-06	5.345686e-06	2.058911e-09	3.794822e+01	1.344904e+02
3.510000e-06	5.352943e-06	2.054842e-09	3.799974e+01	1.344344e+02
3.520000e-06	5.359776e-06	2.049437e-09	3.804825e+01	1.343754e+02
3.530000e-06	5.366149e-06	2.045262e-09	3.809348e+01	1.343146e+02
3.540000e-06	5.372142e-06	2.043323e-09	3.813603e+01	1.342534e+02
3.550000e-06	5.377742e-06	2.043657e-09	3.817578e+01	1.341932e+02
3.560000e-06	5.382978e-06	2.045991e-09	3.821296e+01	1.341352e+02
3.570000e-06	5.387899e-06	2.051465e-09	3.824789e+01	1.340801e+02
3.580000e-06	5.392408e-06	2.055321e-09	3.827989e+01	1.340287e+02
3.590000e-06	5.396582e-06	2.054724e-09	3.830952e+01	1.339809e+02
3.600000e-06	5.400542e-06	2.051986e-09	3.833764e+01	1.339365e+02
3.610000e-06	5.404243e-06	2.048625e-09	3.836391e+01	1.338947e+02
3.620000e-06	5.407683e-06	2.044620e-09	3.838833e+01	1.338543e+02
3.630000e-06	5.410752e-06	2.040317e-09	3.841011e+01	1.338135e+02
3.640000e-06	5.413306e-06	2.038556e-09	3.842825e+01	1.337703e+02
3.650000e-06	5.415335e-06	2.040330e-09	3.844265e+01	1.337222e+02
3.660000e-06	5.416741e-06	2.044683e-09	3.845263e+01	1.336669e+02
3.670000e-06	5.417489e-06	2.050999e-09	3.845794e+01	1.336018e+02
3.680000e-06	5.417779e-06	2.052652e-09	3.846000e+01	1.335245e+02
3.690000e-06	5.417762e-06	2.048462e-09	3.845988e+01	1.334328e+02
3.700000e-06	5.417533e-06	2.044336e-09	3.845825e+01	1.333252e+02
3.710000e-06	5.417058e-06	2.039588e-09	3.845488e+01	1.332004e+02
3.720000e-06	5.416307e-06	2.034957e-09	3.844955e+01	1.330583e+02
3.730000e-06	5.415201e-06	2.030439e-09	3.844170e+01	1.328991e+02
3.740000e-06	5.413562e-06	2.026182e-09	3.843006e+01	1.327241e+02
3.750000e-06	5.411657e-06	2.021757e-09	3.841654e+01	1.325356e+02
3.760000e-06	5.409551e-06	2.011488e-09	3.840159e+01	1.323365e+02
3.770000e-06	5.407022e-06	2.021576e-09	3.838364e+01	1.321307e+02
3.780000e-06	5.404050e-06	2.021826e-09	3.836254e+01	1.319228e+02
3.790000e-06	5.400610e-06	1.945395e-09	3.833812e+01	1.317177e+02
3.800000e-06	5.396699e-06	1.946161e-09	3.831036e+01	1.315210e+02
3.810000e-06	5.392484e-06	2.007024e-09	3.828044e+01	1.313383e+02
3.820000e-06	5.388182e-06	2.016224e-09	3.824989e+01	1.311752e+02
3.830000e-06	5.383741e-06	1.957044e-09	3.821837e+01	1.310370e+02
3.840000e-06	5.378906e-06	1.910392e-09	3.818405e+01	1.309284e+02
3.850000e-06	5.373361e-06	2.016184e-09	3.814468e+01	1.308534e+02
3.860000e-06	5.367305e-06	2.032632e-09	3.810169e+01	1.308151e+02
3.870000e-06	5.361038e-06	1.931488e-09	3.805720e+01	1.308156e+02
3.880000e-06	5.354148e-06	1.894627e-09	3.800829e+01	1.308556e+02
3.890000e-06	5.346506e-06	1.999095e-09	3.795404e+01	1.309346e+02
3.900000e-06	5.338527e-06	2.020653e-09	3.789740e+01	1.310508e+02
3.910000e-06	5.330385e-06	1.914134e-09	3.783960e+01	1.312012e+02
3.920000e-06	5.322006e-06	1.925461e-09	3.778012e+01	1.313814e+02
3.930000e-06	5.313258e-06	2.010929e-09	3.771802e+01	1.315863e+02
3.940000e-06	5.304197e-06	1.981599e-09	3.765370e+01	1.318097e+02
3.950000e-06	5.294886e-06	1.892696e-09	3.758760e+01	1.320447e+02
3.960000e-06	5.285149e-06	1.949625e-09	3.751848e+01	1.322842e+02
3.970000e-06	5.275007e-06	2.006728e-09	3.744648e+01	1.325208e+02
3.980000e-06	5.264577e-06	1.950776e-09	3.737244e+01	1.327475e+02
3.990000e-06	5.253688e-06	1.949819e-09	3.729514e+01	1.329573e+02
4.000000e-06	5.242263e-06	2.054778e-09	3.721404e+01	1.331441e+02
4.010000e-06	5.230531e-06	2.058103e-09	3.713075e+01	1.333026e+02
4.020000e-06	5.218577e-06	1.989253e-09	3.704589e+01	1.334285e+02
4.030000e-06	5.206158e-06	2.026145e-09	3.695773e+01	1.335187e+02
4.040000e-06	5.193172e-06	2.086896e-09	3.686555e+01	1.335711e+02
4.050000e-06	5.179653e-06	1.996162e-09	3.676958e+01	1.335849e+02
4.060000e-06	5.165551e-06	1.968208e-09	3.666947e+01	1.335608e+02
4.070000e-06	5.150781e-06	2.059871e-09	3.656462e+01	1.335003e+02
4.080000e-06	5.135479e-06	2.069908e-09	3.645599e+01	1.334058e+02
4.090000e-06	5.119833e-06	1.996929e-09	3.634492e+01	1.332809e+02
4.100000e-06	5.103831e-06	2.019654e-09	3.623133e+01	1.331296e+02
4.110000e-06	5.087552e-06	2.047256e-09	3.611577e+01	1.329562e+02
4.120000e-06	5.071057e-06	1.996522e-09	3.599867e+01	1.327654e+02
4.130000e-06	5.054213e-06	1.987734e-09	3.587910e+01	1.325618e+02
4.140000e-06	5.036921e-06	2.010771e-09	3.575635e+01	1.323497e+02
4.150000e-06	5.019263e-06	1.992841e-09	3.563099e+01	1.321330e+02
4.160000e-06	5.001341e-06	1.993501e-09	3.550377e+01	1.319152e+02
4.170000e-06	4.983176e-06	2.023141e-09	3.537482e+01	1.316988e+02
4.180000e-06	4.964667e-06	2.001170e-09	3.524343e+01	1.314859e+02
4.190000e-06	4.945819e-06	1.980372e-09	3.510963e+01	1.312775e+02
4.200000e-06	4.926631e-06	1.983246e-09	3.497341e+01	1.310740e+02
4.210000e-06	4.907106e-06	1.977383e-09	3.483481e+01	1.308751e+02
4.220000e-06	4.887267e-06	1.968621e-09	3.469398e+01	1.306798e+02
4.230000e-06	4.867185e-06	1.974141e-09	3.455141e+01	1.304865e+02
4.240000e-06	4.846929e-06	1.960309e-09	3.440762e+01	1.302936e+02
4.250000e-06	4.826471e-06	1.970534e-09	3.426240e+01	1.300989e+02
4.260000e-06	4.805683e-06	1.980152e-09	3.411482e+01	1.299003e+02
4.270000e-06	4.784419e-06	1.951043e-09	3.396387e+01	1.296960e+02
4.280000e-06	4.762543e-06	1.935838e-09	3.380858e+01	1.294842e+02
4.290000e-06	4.740110e-06	1.963086e-09	3.364933e+01	1.292635e+02
4.300000e-06	4.717148e-06	1.945827e-09	3.348633e+01	1.290330e+02
4.310000e-06	4.693597e-06	1.922982e-09	3.331914e+01	1.287924e+02
4.320000e-06	4.669684e-06	1.932710e-09	3.314939e+01	1.285417e+02
4.330000e-06	4.645582e-06	1.929079e-09	3.297829e+01	1.282816e+02
4.340000e-06	4.621369e-06	1.907979e-09	3.280640e+01	1.280132e+02
4.350000e-06	4.596991e-06	1.914380e-09	3.263335e+01	1.277381e+02
4.360000e-06	4.572324e-06	1.904576e-09	3.245824e+01	1.274581e+02
4.370000e-06	4.547294e-06	1.890597e-09	3.228056e+01	1.271751e+02
4.380000e-06	4.521840e-06	1.904672e-09	3.209986e+01	1.268913e+02
4.390000e-06	4.496064e-06	1.909910e-09	3.191688e+01	1.266087e+02
4.400000e-06	4.470038e-06	1.887943e-09	3.173213e+01	1.263291e+02
4.410000e-06	4.443702e-06	1.878980e-09	3.154518e+01	1.260539e+02
4.420000e-06	4.417026e-06	1.878165e-09	3.135581e+01	1.257844e+02
4.430000e-06	4.390075e-06	1.869657e-09	3.116449e+01	1.255213e+02
4.440000e-06	4.362780e-06	1.863344e-09	3.097072e+01	1.252646e+02
4.450000e-06	4.335175e-06	1.858382e-09	3.077475e+01	1.250142e+02
4.460000e-06	4.307386e-06	1.861017e-09	3.057748e+01	1.247693e+02
4.470000e-06	4.279354e-06	1.866697e-09	3.037849e+01	1.245285e+02
4.480000e-06	4.251151e-06	1.861826e-09	3.017828e+01	1.242905e+02
4.490000e-06	4.222754e-06	1.853937e-09	2.997670e+01	1.240533e+02
4.500000e-06	4.194051e-06	1.856263e-09	2.977294e+01	1.238149e+02
4.510000e-06	4.164932e-06	1.849801e-09	2.956623e+01	1.235735e+02
4.520000e-06	4.135389e-06	1.840349e-09	2.935650e+01	1.233270e+02
4.530000e-06	4.105277e-06	1.837367e-09	2.914274e+01	1.230737e+02
4.540000e-06	4.074651e-06	1.840913e-09	2.892534e+01	1.228122e+02
4.550000e-06	4.043619e-06	1.839381e-09	2.870504e+01	1.225414e+02
4.560000e-06	4.012236e-06	1.836764e-09	2.848226e+01	1.222606e+02
4.570000e-06	3.980651e-06	1.831671e-09	2.825805e+01	1.219697e+02
4.580000e-06	3.948827e-06	1.831310e-09	2.803213e+01	1.216689e+02
4.590000e-06	3.916797e-06	1.826666e-09	2.780476e+01	1.213590e+02
4.600000e-06	3.884589e-06	1.821474e-09	2.757612e+01	1.210410e+02
4.610000e-06	3.852213e-06	1.814030e-09	2.734628e+01	1.207164e+02
4.620000e-06	3.819579e-06	1.807932e-09	2.711462e+01	1.203866e+02
4.630000e-06	3.786649e-06	1.802197e-09	2.688085e+01	1.200537e+02
4.640000e-06	3.753520e-06	1.799111e-09	2.664567e+01	1.197192e+02
4.650000e-06	3.720164e-06	1.794249e-09	2.640889e+01	1.193849e+02
4.660000e-06	3.686476e-06	1.790623e-09	2.616974e+01	1.190522e+02
4.670000e-06	3.652494e-06	1.789688e-09	2.592851e+01	1.187225e+02
4.680000e-06	3.618318e-06	1.790472e-09	2.568589e+01	1.183966e+02
4.690000e-06	3.583927e-06	1.785468e-09	2.544176e+01	1.180748e+02
4.700000e-06	3.549246e-06	1.779895e-09	2.519556e+01	1.177574e+02
4.710000e-06	3.514273e-06	1.778097e-09	2.494730e+01	1.174439e+02
4.720000e-06	3.479046e-06	1.776783e-09	2.469723e+01	1.171335e+02
4.730000e-06	3.443551e-06	1.771096e-09	2.444525e+01	1.168250e+02
4.740000e-06	3.407934e-06	1.762823e-09	2.419241e+01	1.165171e+02
4.750000e-06	3.372163e-06	1.758486e-09	2.393848e+01	1.162082e+02
4.760000e-06	3.336157e-06	1.755154e-09	2.368288e+01	1.158964e+02
4.770000e-06	3.300046e-06	1.750705e-09	2.342653e+01	1.155800e+02
4.780000e-06	3.263810e-06	1.744420e-09	2.316930e+01	1.152574e+02
4.790000e-06	3.227393e-06	1.740460e-09	2.291078e+01	1.149270e+02
4.800000e-06	3.190844e-06	1.738063e-09	2.265132e+01	1.145876e+02
4.810000e-06	3.154122e-06	1.735480e-09	2.239064e+01	1.142382e+02
4.820000e-06	3.117039e-06	1.731224e-09	2.212739e+01	1.138784e+02
4.830000e-06	3.079497e-06	1.726819e-09	2.186089e+01	1.135079e+02
4.840000e-06	3.041511e-06	1.718926e-09	2.159123e+01	1.131269e+02
4.850000e-06	3.003167e-06	1.711265e-09	2.131903e+01	1.127360e+02
4.860000e-06	2.964529e-06	1.701304e-09	2.104475e+01	1.123361e+02
4.870000e-06	2.925591e-06	1.693309e-09	2.076833e+01	1.119283e+02
4.880000e-06	2.886333e-06	1.687661e-09	2.048965e+01	1.115139e+02
4.890000e-06	2.846789e-06	1.684503e-09	2.020893e+01	1.110944e+02
4.900000e-06	2.807031e-06	1.681877e-09	1.992669e+01	1.106711e+02
4.910000e-06	2.767112e-06	1.680305e-09	1.964332e+01	1.102455e+02
4.920000e-06	2.727038e-06	1.676003e-09	1.935883e+01	1.098187e+02
4.930000e-06	2.686871e-06	1.665764e-09	1.907369e+01	1.093916e+02
4.940000e-06	2.646661e-06	1.652055e-09	1.878825e+01	1.089651e+02
4.950000e-06	2.606365e-06	1.642910e-09	1.850219e+01	1.085395e+02
4.960000e-06	2.565937e-06	1.635974e-09	1.821520e+01	1.081149e+02
4.970000e-06	2.525334e-06	1.629882e-09	1.792697e+01	1.076910e+02
4.980000e-06	2.484575e-06	1.625294e-09	1.763763e+01	1.072672e+02
4.990000e-06	2.443710e-06	1.623867e-09	1.734753e+01	1.068429e+02
5.000000e-06	2.402593e-06	1.622574e-09	1.705565e+01	1.064170e+02
5.010000e-06	2.361248e-06	1.615494e-09	1.676215e+01	1.059884e+02
5.020000e-06	2.319780e-06	1.602536e-09	1.646777e+01	1.055560e+02
5.030000e-06	2.278106e-06	1.592005e-09	1.617193e+01	1.051184e+02
5.040000e-06	2.236317e-06	1.584601e-09	1.587528e+01	1.046748e+02
5.050000e-06	2.194395e-06	1.575192e-09	1.557768e+01	1.042240e+02
5.060000e-06	2.152232e-06	1.568681e-09	1.527837e+01	1.037654e+02
5.070000e-06	2.109885e-06	1.565392e-09	1.497776e+01	1.032985e+02
5.080000e-06	2.067406e-06	1.561210e-09	1.467621e+01	1.028231e+02
5.090000e-06	2.024811e-06	1.554584e-09	1.437383e+01	1.023390e+02
5.100000e-06	1.982055e-06	1.548609e-09	1.407031e+01	1.018465e+02
5.110000e-06	1.939125e-06	1.542142e-09	1.376556e+01	1.013461e+02
5.120000e-06	1.896132e-06	1.537069e-09	1.346035e+01	1.008383e+02
5.130000e-06	1.853042e-06	1.530219e-09	1.315447e+01	1.003238e+02
5.140000e-06	1.809794e-06	1.521402e-09	1.284746e+01	9.980319e+01
5.150000e-06	1.766369e-06	1.513747e-09	1.253919e+01	9.927726e+01
5.160000e-06	1.722735e-06	1.508047e-09	1.222944e+01	9.874648e+01
5.170000e-06	1.679004e-06	1.502333e-09	1.191900e+01	9.821124e+01
5.180000e-06	1.635207e-06	1.495510e-09	1.160809e+01	9.767169e+01
5.190000e-06	1.591328e-06	1.488091e-09	1.129660e+01	9.712774e+01
5.200000e-06	1.547402e-06	1.482951e-09	1.098477e+01	9.657901e+01
5.210000e-06	1.503438e-06	1.478859e-09	1.067268e+01	9.602486e+01
5.220000e-06	1.459396e-06	1.472055e-09	1.036004e+01	9.546438e+01
5.230000e-06	1.415296e-06	1.461486e-09	1.004698e+01	9.489643e+01
5.240000e-06	1.371155e-06	1.451587e-09	9.733626e+00	9.431970e+01
5.250000e-06	1.326944e-06	1.443972e-09	9.419773e+00	9.373278e+01
5.260000e-06	1.282730e-06	1.437085e-09	9.105908e+00	9.313418e+01
5.270000e-06	1.238464e-06	1.429417e-09	8.791670e+00	9.252247e+01
5.280000e-06	1.194099e-06	1.420740e-09	8.476729e+00	9.189630e+01
5.290000e-06	1.149740e-06	1.413790e-09	8.161830e+00	9.125449e+01
5.300000e-06	1.105326e-06	1.407127e-09	7.846545e+00	9.059613e+01
5.310000e-06	1.060862e-06	1.396125e-09	7.530898e+00	8.992053e+01
5.320000e-06	1.016266e-06	1.382723e-09	7.214319e+00	8.922737e+01
5.330000e-06	9.715832e-07	1.372100e-09	6.897123e+00	8.851661e+01
5.340000e-06	9.269659e-07	1.365974e-09	6.580392e+00	8.778854e+01
5.350000e-06	8.822729e-07	1.357845e-09	6.263123e+00	8.704374e+01
5.360000e-06	8.374895e-07	1.344593e-09	5.945212e+00	8.628301e+01
5.370000e-06	7.926065e-07	1.333004e-09	5.626595e+00	8.550734e+01
5.380000e-06	7.476920e-07	1.323489e-09	5.307754e+00	8.471782e+01
5.390000e-06	7.028242e-07	1.310769e-09	4.989244e+00	8.391556e+01
5.400000e-06	6.578480e-07	1.293962e-09	4.669964e+00	8.310157e+01
5.410000e-06	6.127200e-07	1.277037e-09	4.349607e+00	8.227671e+01
5.420000e-06	5.675035e-07	1.264338e-09	4.028622e+00	8.144161e+01
5.430000e-06	5.223317e-07	1.255657e-09	3.707954e+00	8.059654e+01
5.440000e-06	4.771965e-07	1.245811e-09	3.387546e+00	7.974142e+01
5.450000e-06	4.319569e-07	1.234990e-09	3.066397e+00	7.887573e+01
5.460000e-06	3.866552e-07	1.223730e-09	2.744807e+00	7.799854e+01
5.470000e-06	3.413067e-07	1.210924e-09	2.422885e+00	7.710843e+01
5.480000e-06	2.958728e-07	1.192829e-09	2.100357e+00	7.620361e+01
5.490000e-06	2.504123e-07	1.172841e-09	1.777639e+00	7.528190e+01
5.500000e-06	2.048898e-07	1.154351e-09	1.454482e+00	7.434079e+01
5.510000e-06	1.594030e-07	1.137505e-09	1.131578e+00	7.337757e+01
5.520000e-06	1.140244e-07	1.123371e-09	8.094424e-01	7.238936e+01
5.530000e-06	6.866100e-08	1.113046e-09	4.874141e-01	7.137324e+01
5.540000e-06	2.330787e-08	1.103582e-09	1.654591e-01	7.032633e+01
5.550000e-06	-2.207671e-08	1.090039e-09	-1.567192e-01	6.924591e+01
5.560000e-06	-6.742038e-08	1.071313e-09	-4.786072e-01	6.812945e+01
5.570000e-06	-1.127161e-07	1.049995e-09	-8.001545e-01	6.697476e+01
5.580000e-06	-1.580645e-07	1.027998e-09	-1.122076e+00	6.577998e+01
5.590000e-06	-2.034641e-07	1.005845e-09	-1.444361e+00	6.454365e+01
5.600000e-06	-2.487762e-07	9.837410e-10	-1.766025e+00	6.326472e+01
5.610000e-06	-2.940428e-07	9.638557e-10	-2.087366e+00	6.194255e+01
5.620000e-06	-3.393403e-07	9.473090e-10	-2.408926e+00	6.057689e+01
5.630000e-06	-3.845371e-07	9.297172e-10	-2.729771e+00	5.916783e+01
5.640000e-06	-4.296749e-07	9.076087e-10	-3.050198e+00	5.771576e+01
5.650000e-06	-4.748821e-07	8.841724e-10	-3.371117e+00	5.622129e+01
5.660000e-06	-5.200823e-07	8.613062e-10	-3.691986e+00	5.468517e+01
5.670000e-06	-5.651567e-07	8.364667e-10	-4.011963e+00	5.310823e+01
5.680000e-06	-6.101557e-07	8.075774e-10	-4.331404e+00	5.149128e+01
5.690000e-06	-6.551752e-07	7.773105e-10	-4.650990e+00	4.983507e+01
5.700000e-06	-7.002126e-07	7.490548e-10	-4.970704e+00	4.814019e+01
5.710000e-06	-7.451572e-07	7.232380e-10	-5.289759e+00	4.640706e+01
5.720000e-06	-7.899586e-07	7.013995e-10	-5.607797e+00	4.463586e+01
5.730000e-06	-8.346251e-07	6.795671e-10	-5.924878e+00	4.282654e+01
5.740000e-06	-8.792084e-07	6.575532e-10	-6.241368e+00	4.097884e+01
5.750000e-06	-9.237545e-07	6.335456e-10	-6.557594e+00	3.909224e+01
5.760000e-06	-9.683368e-07	6.055796e-10	-6.874078e+00	3.716607e+01
5.770000e-06	-1.012900e-06	5.701424e-10	-7.190424e+00	3.519953e+01
5.780000e-06	-1.057326e-06	5.317843e-10	-7.505801e+00	3.319172e+01
5.790000e-06	-1.101695e-06	4.947151e-10	-7.820766e+00	3.114175e+01
5.800000e-06	-1.146052e-06	4.603568e-10	-8.135654e+00	2.904878e+01
5.810000e-06	-1.190395e-06	4.303746e-10	-8.450433e+00	2.691211e+01
5.820000e-06	-1.234687e-06	4.039210e-10	-8.764859e+00	2.473121e+01
5.830000e-06	-1.278855e-06	3.773301e-10	-9.078399e+00	2.250580e+01
5.840000e-06	-1.322916e-06	3.485973e-10	-9.391182e+00	2.023590e+01
5.850000e-06	-1.366954e-06	3.143480e-10	-9.703802e+00	1.792184e+01
5.860000e-06	-1.410999e-06	2.720078e-10	-1.001647e+01	1.556428e+01
5.870000e-06	-1.455001e-06	2.268010e-10	-1.032884e+01	1.316424e+01
5.880000e-06	-1.498901e-06	1.842789e-10	-1.064047e+01	1.072305e+01
5.890000e-06	-1.542714e-06	1.434078e-10	-1.095150e+01	8.242365e+00
5.900000e-06	-1.586430e-06	1.073972e-10	-1.126183e+01	5.724102e+00
5.910000e-06	-1.630099e-06	7.577702e-11	-1.157183e+01	3.170421e+00
5.920000e-06	-1.673681e-06	4.443647e-11	-1.188121e+01	5.836660e-01
5.930000e-06	-1.717149e-06	1.182899e-11	-1.218978e+01	-2.033677e+00
5.940000e-06	-1.760550e-06	-2.765091e-11	-1.249788e+01	-4.679028e+00
5.950000e-06	-1.803789e-06	-7.562687e-11	-1.280483e+01	-7.349753e+00
5.960000e-06	-1.846892e-06	-1.247650e-10	-1.311081e+01	-1.004320e+01
5.970000e-06	-1.889885e-06	-1.708720e-10	-1.341601e+01	-1.275673e+01
5.980000e-06	-1.932715e-06	-2.141350e-10	-1.372006e+01	-1.548771e+01
5.990000e-06	-1.975435e-06	-2.540891e-10	-1.402332e+01	-1.823358e+01
6.000000e-06	-2.017976e-06	-2.927794e-10	-1.432531e+01	-2.099175e+01
6.010000e-06	-2.060354e-06	-3.319537e-10	-1.462614e+01	-2.375969e+01
6.020000e-06	-2.102672e-06	-3.745730e-10	-1.492655e+01	-2.653483e+01
6.030000e-06	-2.144862e-06	-4.201903e-10	-1.522605e+01	-2.931459e+01
6.040000e-06	-2.186919e-06	-4.674923e-10	-1.552461e+01	-3.209629e+01
6.050000e-06	-2.228794e-06	-5.134045e-10	-1.582188e+01	-3.487717e+01
6.060000e-06	-2.270478e-06	-5.578514e-10	-1.611779e+01	-3.765434e+01
6.070000e-06	-2.311989e-06	-6.018464e-10	-1.641246e+01	-4.042476e+01
6.080000e-06	-2.353284e-06	-6.459160e-10	-1.670561e+01	-4.318523e+01
6.090000e-06	-2.394432e-06	-6.887254e-10	-1.699771e+01	-4.593234e+01
6.100000e-06	-2.435434e-06	-7.304194e-10	-1.728878e+01	-4.866256e+01
6.110000e-06	-2.476236e-06	-7.718094e-10	-1.757843e+01	-5.137218e+01
6.120000e-06	-2.516870e-06	-8.126214e-10	-1.786688e+01	-5.405735e+01
6.130000e-06	-2.557382e-06	-8.505006e-10	-1.815447e+01	-5.671416e+01
6.140000e-06	-2.597727e-06	-8.875439e-10	-1.844087e+01	-5.933865e+01
6.150000e-06	-2.637912e-06	-9.273358e-10	-1.872614e+01	-6.192687e+01
6.160000e-06	-2.678026e-06	-9.698091e-10	-1.901090e+01	-6.447495e+01
6.170000e-06	-2.718090e-06	-1.013457e-09	-1.929531e+01	-6.697916e+01
6.180000e-06	-2.758072e-06	-1.056192e-09	-1.957914e+01	-6.943598e+01
6.190000e-06	-2.797854e-06	-1.095980e-09	-1.986154e+01	-7.184214e+01
6.200000e-06	-2.837433e-06	-1.132010e-09	-2.014251e+01	-7.419470e+01
6.210000e-06	-2.876773e-06	-1.164449e-09	-2.042178e+01	-7.649108e+01
6.220000e-06	-2.915768e-06	-1.194618e-09	-2.069860e+01	-7.872910e+01
6.230000e-06	-2.954546e-06	-1.222826e-09	-2.097388e+01	-8.090700e+01
6.240000e-06	-2.993044e-06	-1.255988e-09	-2.124717e+01	-8.302346e+01
6.250000e-06	-3.031169e-06	-1.294038e-09	-2.151781e+01	-8.507760e+01
6.260000e-06	-3.068891e-06	-1.329648e-09	-2.178560e+01	-8.706896e+01
6.270000e-06	-3.106166e-06	-1.360816e-09	-2.205020e+01	-8.899748e+01
6.280000e-06	-3.143153e-06	-1.390362e-09	-2.231277e+01	-9.086346e+01
6.290000e-06	-3.179835e-06	-1.420087e-09	-2.257317e+01	-9.266756e+01
6.300000e-06	-3.216238e-06	-1.444158e-09	-2.283159e+01	-9.441069e+01
6.310000e-06	-3.252511e-06	-1.461057e-09	-2.308909e+01	-9.609401e+01
6.320000e-06	-3.288699e-06	-1.477558e-09	-2.334598e+01	-9.771887e+01
6.330000e-06	-3.324782e-06	-1.502321e-09	-2.360213e+01	-9.928675e+01
6.340000e-06	-3.360706e-06	-1.534284e-09	-2.385714e+01	-1.007992e+02
6.350000e-06	-3.396451e-06	-1.566046e-09	-2.411090e+01	-1.022580e+02
6.360000e-06	-3.431940e-06	-1.591912e-09	-2.436283e+01	-1.036646e+02
6.370000e-06	-3.467181e-06	-1.612879e-09	-2.461300e+01	-1.050209e+02
6.380000e-06	-3.502238e-06	-1.629393e-09	-2.486186e+01	-1.063284e+02
6.390000e-06	-3.536970e-06	-1.642167e-09	-2.510842e+01	-1.075887e+02
6.400000e-06	-3.571428e-06	-1.653901e-09	-2.535303e+01	-1.088035e+02
6.410000e-06	-3.605742e-06	-1.665791e-09	-2.559662e+01	-1.099743e+02
6.420000e-06	-3.639845e-06	-1.682179e-09	-2.583871e+01	-1.111025e+02
6.430000e-06	-3.673666e-06	-1.703323e-09	-2.607881e+01	-1.121896e+02
6.440000e-06	-3.707284e-06	-1.725234e-09	-2.631745e+01	-1.132370e+02
6.450000e-06	-3.740676e-06	-1.743814e-09	-2.655450e+01	-1.142460e+02
6.460000e-06	-3.773795e-06	-1.756546e-09	-2.678961e+01	-1.152181e+02
6.470000e-06	-3.806601e-06	-1.766905e-09	-2.702249e+01	-1.161543e+02
6.480000e-06	-3.839068e-06	-1.777835e-09	-2.725297e+01	-1.170561e+02
6.490000e-06	-3.871338e-06	-1.788307e-09	-2.748205e+01	-1.179246e+02
6.500000e-06	-3.903438e-06	-1.799605e-09	-2.770992e+01	-1.187609e+02
6.510000e-06	-3.935276e-06	-1.815489e-09	-2.793593e+01	-1.195661e+02
6.520000e-06	-3.966917e-06	-1.833988e-09	-2.816055e+01	-1.203411e+02
6.530000e-06	-3.998380e-06	-1.847495e-09	-2.838390e+01	-1.210868e+02
6.540000e-06	-4.029410e-06	-1.854993e-09	-2.860417e+01	-1.218042e+02
6.550000e-06	-4.059923e-06	-1.862074e-09	-2.882079e+01	-1.224937e+02
6.560000e-06	-4.090042e-06	-1.870843e-09	-2.903460e+01	-1.231561e+02
6.570000e-06	-4.119707e-06	-1.877984e-09	-2.924518e+01	-1.237919e+02
6.580000e-06	-4.148748e-06	-1.884004e-09	-2.945134e+01	-1.244014e+02
6.590000e-06	-4.177423e-06	-1.892366e-09	-2.965490e+01	-1.249851e+02
6.600000e-06	-4.205951e-06	-1.902854e-09	-2.985742e+01	-1.255433e+02
6.610000e-06	-4.234295e-06	-1.912210e-09	-3.005862e+01	-1.260762e+02
6.620000e-06	-4.262482e-06	-1.916883e-09	-3.025872e+01	-1.265842e+02
6.630000e-06	-4.290407e-06	-1.920736e-09	-3.045696e+01	-1.270675e+02
6.640000e-06	-4.318067e-06	-1.926954e-09	-3.065331e+01	-1.275266e+02
6.650000e-06	-4.345479e-06	-1.931193e-09	-3.084790e+01	-1.279619e+02
6.660000e-06	-4.372528e-06	-1.933302e-09	-3.103992e+01	-1.283739e+02
6.670000e-06	-4.399271e-06	-1.935669e-09	-3.122976e+01	-1.287635e+02
6.680000e-06	-4.425699e-06	-1.941014e-09	-3.141737e+01	-1.291313e+02
6.690000e-06	-4.451759e-06	-1.949556e-09	-3.160237e+01	-1.294784e+02
6.700000e-06	-4.477567e-06	-1.957241e-09	-3.178557e+01	-1.298058e+02
6.710000e-06	-4.503174e-06	-1.963167e-09	-3.196736e+01	-1.301146e+02
6.720000e-06	-4.528407e-06	-1.969829e-09	-3.214648e+01	-1.304062e+02
6.730000e-06	-4.553213e-06	-1.976416e-09	-3.232258e+01	-1.306818e+02
6.740000e-06	-4.577714e-06	-1.978392e-09	-3.249650e+01	-1.309428e+02
6.750000e-06	-4.602008e-06	-1.978225e-09	-3.266896e+01	-1.311904e+02
6.760000e-06	-4.626144e-06	-1.980099e-09	-3.284030e+01	-1.314260e+02
6.770000e-06	-4.650089e-06	-1.985913e-09	-3.301028e+01	-1.316505e+02
6.780000e-06	-4.673831e-06	-1.993853e-09	-3.317882e+01	-1.318649e+02
6.790000e-06	-4.697293e-06	-2.000474e-09	-3.334538e+01	-1.320702e+02
6.800000e-06	-4.720239e-06	-2.005211e-09	-3.350827e+01	-1.322669e+02
6.810000e-06	-4.742470e-06	-2.008221e-09	-3.366608e+01	-1.324555e+02
6.820000e-06	-4.764118e-06	-2.008936e-09	-3.381976e+01	-1.326361e+02
6.830000e-06	-4.785320e-06	-2.008569e-09	-3.397027e+01	-1.328089e+02
6.840000e-06	-4.806106e-06	-2.007787e-09	-3.411782e+01	-1.329735e+02
6.850000e-06	-4.826593e-06	-2.006845e-09	-3.426326e+01	-1.331299e+02
6.860000e-06	-4.846887e-06	-2.009117e-09	-3.440732e+01	-1.332777e+02
6.870000e-06	-4.866974e-06	-2.013224e-09	-3.454991e+01	-1.334163e+02
6.880000e-06	-4.886809e-06	-2.016884e-09	-3.469073e+01	-1.335453e+02
6.890000e-06	-4.906343e-06	-2.019510e-09	-3.482939e+01	-1.336645e+02
6.900000e-06	-4.925576e-06	-2.022754e-09	-3.496592e+01	-1.337735e+02
6.910000e-06	-4.944421e-06	-2.026936e-09	-3.509970e+01	-1.338721e+02
6.920000e-06	-4.962797e-06	-2.029384e-09	-3.523015e+01	-1.339603e+02
6.930000e-06	-4.980857e-06	-2.029330e-09	-3.535836e+01	-1.340384e+02
6.940000e-06	-4.998681e-06	-2.028603e-09	-3.548489e+01	-1.341067e+02
6.950000e-06	-5.016205e-06	-2.030117e-09	-3.560929e+01	-1.341657e+02
6.960000e-06	-5.033400e-06	-2.032355e-09	-3.573135e+01	-1.342163e+02
6.970000e-06	-5.050261e-06	-2.032915e-09	-3.585104e+01	-1.342594e+02
6.980000e-06	-5.066760e-06	-2.034530e-09	-3.596817e+01	-1.342958e+02
6.990000e-06	-5.082983e-06	-2.038249e-09	-3.608333e+01	-1.343268e+02
7.000000e-06	-5.099004e-06	-2.041534e-09	-3.619706e+01	-1.343532e+02
7.010000e-06	-5.114729e-06	-2.041069e-09	-3.630869e+01	-1.343763e+02
7.020000e-06	-5.129957e-06	-2.037599e-09	-3.641680e+01	-1.343968e+02
7.030000e-06	-5.144669e-06	-2.036121e-09	-3.652123e+01	-1.344155e+02
7.040000e-06	-5.158860e-06	-2.033725e-09	-3.662197e+01	-1.344330e+02
7.050000e-06	-5.172465e-06	-2.030706e-09	-3.671855e+01	-1.344495e+02
7.060000e-06	-5.185535e-06	-2.028232e-09	-3.681133e+01	-1.344652e+02
7.070000e-06	-5.198102e-06	-2.029702e-09	-3.690054e+01	-1.344798e+02
7.080000e-06	-5.210324e-06	-2.034382e-09	-3.698730e+01	-1.344931e+02
7.090000e-06	-5.222298e-06	-2.038517e-09	-3.707231e+01	-1.345043e+02
7.100000e-06	-5.233909e-06	-2.040455e-09	-3.715474e+01	-1.345128e+02
7.110000e-06	-5.245111e-06	-2.036873e-09	-3.723426e+01	-1.345177e+02
7.120000e-06	-5.255861e-06	-2.031585e-09	-3.731057e+01	-1.345180e+02
7.130000e-06	-5.266215e-06	-2.027622e-09	-3.738407e+01	-1.345131e+02
7.140000e-06	-5.276265e-06	-2.023994e-09	-3.745541e+01	-1.345021e+02
7.150000e-06	-5.285920e-06	-2.022647e-09	-3.752395e+01	-1.344845e+02
7.160000e-06	-5.295131e-06	-2.024385e-09	-3.758934e+01	-1.344598e+02
7.170000e-06	-5.303942e-06	-2.026832e-09	-3.765189e+01	-1.344281e+02
7.180000e-06	-5.312458e-06	-2.026615e-09	-3.771234e+01	-1.343895e+02
7.190000e-06	-5.320755e-06	-2.021194e-09	-3.777124e+01	-1.343446e+02
7.200000e-06	-5.328865e-06	-2.017352e-09	-3.782881e+01	-1.342940e+02
7.210000e-06	-5.336729e-06	-2.016575e-09	-3.788464e+01	-1.342389e+02
7.220000e-06	-5.344305e-06	-2.017215e-09	-3.793842e+01	-1.341805e+02
7.230000e-06	-5.351455e-06	-2.015723e-09	-3.798917e+01	-1.341201e+02
7.240000e-06	-5.358020e-06	-2.014244e-09	-3.803578e+01	-1.340591e+02
7.250000e-06	-5.363874e-06	-2.014164e-09	-3.807733e+01	-1.339989e+02
7.260000e-06	-5.369084e-06	-2.010705e-09	-3.811432e+01	-1.339406e+02
7.270000e-06	-5.373858e-06	-2.004856e-09	-3.814821e+01	-1.338852e+02
7.280000e-06	-5.378314e-06	-1.999695e-09	-3.817984e+01	-1.338333e+02
7.290000e-06	-5.382554e-06	-1.997192e-09	-3.820994e+01	-1.337852e+02
7.300000e-06	-5.386530e-06	-1.996139e-09	-3.823817e+01	-1.337405e+02
7.310000e-06	-5.390123e-06	-1.993620e-09	-3.826367e+01	-1.336986e+02
7.320000e-06	-5.393298e-06	-1.992235e-09	-3.828621e+01	-1.336582e+02
7.330000e-06	-5.396075e-06	-1.991987e-09	-3.830593e+01	-1.336178e+02
7.340000e-06	-5.398503e-06	-1.990631e-09	-3.832317e+01	-1.335754e+02
7.350000e-06	-5.400622e-06	-1.987350e-09	-3.833821e+01	-1.335285e+02
7.360000e-06	-5.402482e-06	-1.982946e-09	-3.835141e+01	-1.334748e+02
7.370000e-06	-5.404018e-06	-1.978853e-09	-3.836231e+01	-1.334117e+02
7.380000e-06	-5.405026e-06	-1.975313e-09	-3.836947e+01	-1.333367e+02
7.390000e-06	-5.405667e-06	-1.974181e-09	-3.837402e+01	-1.332478e+02
7.400000e-06	-5.406138e-06	-1.975291e-09	-3.837736e+01	-1.331431e+02
