# Temperatura_=_15.13
# Concentracion g/m^3_=_4090.0
# C_Vs_to_Am_M_A/Vsm_=_65563218390.804596
# pendiente_HvsI_1/m_=_3716.3
# ordenada_HvsI_A/m_=_1297.0
# frecuencia_Hz_=_135087.02772634648

Tiempo_(s)	Campo_(V.s)	Magnetizacion_(V.s)	Campo_(kA/m)	Magnetizacion_(A/m)
0.000000e+00	-5.425979e-06	-1.208636e-09	-3.838883e+01	-8.526939e+01
1.000000e-08	-5.426127e-06	-1.207322e-09	-3.838988e+01	-8.512488e+01
2.000000e-08	-5.425998e-06	-1.205788e-09	-3.838897e+01	-8.495877e+01
3.000000e-08	-5.425633e-06	-1.202576e-09	-3.838638e+01	-8.477125e+01
4.000000e-08	-5.424946e-06	-1.199062e-09	-3.838153e+01	-8.456368e+01
5.000000e-08	-5.423865e-06	-1.197261e-09	-3.837388e+01	-8.433861e+01
6.000000e-08	-5.422377e-06	-1.198983e-09	-3.836335e+01	-8.409973e+01
7.000000e-08	-5.420150e-06	-1.212262e-09	-3.834760e+01	-8.385183e+01
8.000000e-08	-5.417209e-06	-1.230134e-09	-3.832678e+01	-8.360063e+01
9.000000e-08	-5.413755e-06	-1.197497e-09	-3.830235e+01	-8.335263e+01
1.000000e-07	-5.409799e-06	-1.144101e-09	-3.827436e+01	-8.311484e+01
1.100000e-07	-5.405588e-06	-1.212102e-09	-3.824457e+01	-8.289455e+01
1.200000e-07	-5.401240e-06	-1.269660e-09	-3.821380e+01	-8.269903e+01
1.300000e-07	-5.396595e-06	-1.217271e-09	-3.818094e+01	-8.253521e+01
1.400000e-07	-5.391572e-06	-1.119893e-09	-3.814540e+01	-8.240942e+01
1.500000e-07	-5.386192e-06	-1.188548e-09	-3.810734e+01	-8.232708e+01
1.600000e-07	-5.380390e-06	-1.318263e-09	-3.806629e+01	-8.229247e+01
1.700000e-07	-5.374169e-06	-1.209904e-09	-3.802228e+01	-8.230849e+01
1.800000e-07	-5.367602e-06	-1.090556e-09	-3.797581e+01	-8.237655e+01
1.900000e-07	-5.360698e-06	-1.159831e-09	-3.792697e+01	-8.249639e+01
2.000000e-07	-5.353507e-06	-1.298438e-09	-3.787609e+01	-8.266612e+01
2.100000e-07	-5.346040e-06	-1.231839e-09	-3.782326e+01	-8.288223e+01
2.200000e-07	-5.338265e-06	-1.190886e-09	-3.776825e+01	-8.313966e+01
2.300000e-07	-5.330240e-06	-1.282936e-09	-3.771148e+01	-8.343199e+01
2.400000e-07	-5.321896e-06	-1.341269e-09	-3.765245e+01	-8.375164e+01
2.500000e-07	-5.313038e-06	-1.272226e-09	-3.758977e+01	-8.409017e+01
2.600000e-07	-5.303598e-06	-1.312256e-09	-3.752299e+01	-8.443852e+01
2.700000e-07	-5.293514e-06	-1.402728e-09	-3.745164e+01	-8.478738e+01
2.800000e-07	-5.282814e-06	-1.357889e-09	-3.737594e+01	-8.512751e+01
2.900000e-07	-5.271597e-06	-1.281843e-09	-3.729658e+01	-8.545004e+01
3.000000e-07	-5.259908e-06	-1.346714e-09	-3.721388e+01	-8.574680e+01
3.100000e-07	-5.247791e-06	-1.397105e-09	-3.712815e+01	-8.601061e+01
3.200000e-07	-5.235345e-06	-1.307032e-09	-3.704010e+01	-8.623545e+01
3.300000e-07	-5.222676e-06	-1.294853e-09	-3.695047e+01	-8.641666e+01
3.400000e-07	-5.209624e-06	-1.378980e-09	-3.685812e+01	-8.655109e+01
3.500000e-07	-5.195986e-06	-1.382008e-09	-3.676163e+01	-8.663709e+01
3.600000e-07	-5.182000e-06	-1.325767e-09	-3.666268e+01	-8.667454e+01
3.700000e-07	-5.167789e-06	-1.353034e-09	-3.656214e+01	-8.666473e+01
3.800000e-07	-5.153018e-06	-1.351274e-09	-3.645763e+01	-8.661028e+01
3.900000e-07	-5.137601e-06	-1.306384e-09	-3.634855e+01	-8.651492e+01
4.000000e-07	-5.121568e-06	-1.315982e-09	-3.623513e+01	-8.638327e+01
4.100000e-07	-5.105104e-06	-1.348349e-09	-3.611864e+01	-8.622062e+01
4.200000e-07	-5.088376e-06	-1.298219e-09	-3.600029e+01	-8.603264e+01
4.300000e-07	-5.071342e-06	-1.306523e-09	-3.587977e+01	-8.582513e+01
4.400000e-07	-5.053915e-06	-1.362095e-09	-3.575648e+01	-8.560374e+01
4.500000e-07	-5.036150e-06	-1.353620e-09	-3.563079e+01	-8.537379e+01
4.600000e-07	-5.018079e-06	-1.291306e-09	-3.550294e+01	-8.514000e+01
4.700000e-07	-4.999693e-06	-1.306829e-09	-3.537285e+01	-8.490640e+01
4.800000e-07	-4.980990e-06	-1.319163e-09	-3.524054e+01	-8.467616e+01
4.900000e-07	-4.961832e-06	-1.300747e-09	-3.510499e+01	-8.445155e+01
5.000000e-07	-4.942332e-06	-1.282962e-09	-3.496703e+01	-8.423393e+01
5.100000e-07	-4.922617e-06	-1.289158e-09	-3.482754e+01	-8.402377e+01
5.200000e-07	-4.902594e-06	-1.292953e-09	-3.468588e+01	-8.382073e+01
5.300000e-07	-4.882394e-06	-1.312256e-09	-3.454297e+01	-8.362379e+01
5.400000e-07	-4.862024e-06	-1.304333e-09	-3.439885e+01	-8.343135e+01
5.500000e-07	-4.841253e-06	-1.276641e-09	-3.425189e+01	-8.324145e+01
5.600000e-07	-4.820034e-06	-1.275556e-09	-3.410177e+01	-8.305191e+01
5.700000e-07	-4.798449e-06	-1.295017e-09	-3.394905e+01	-8.286050e+01
5.800000e-07	-4.776627e-06	-1.279102e-09	-3.379466e+01	-8.266512e+01
5.900000e-07	-4.754586e-06	-1.252875e-09	-3.363872e+01	-8.246394e+01
6.000000e-07	-4.732191e-06	-1.255702e-09	-3.348028e+01	-8.225552e+01
6.100000e-07	-4.709382e-06	-1.274690e-09	-3.331890e+01	-8.203888e+01
6.200000e-07	-4.686216e-06	-1.281601e-09	-3.315500e+01	-8.181359e+01
6.300000e-07	-4.662787e-06	-1.265770e-09	-3.298924e+01	-8.157976e+01
6.400000e-07	-4.639162e-06	-1.255018e-09	-3.282210e+01	-8.133803e+01
6.500000e-07	-4.615314e-06	-1.263020e-09	-3.265337e+01	-8.108951e+01
6.600000e-07	-4.591173e-06	-1.273398e-09	-3.248257e+01	-8.083574e+01
6.700000e-07	-4.566712e-06	-1.253829e-09	-3.230951e+01	-8.057852e+01
6.800000e-07	-4.541827e-06	-1.236851e-09	-3.213346e+01	-8.031986e+01
6.900000e-07	-4.516362e-06	-1.237631e-09	-3.195329e+01	-8.006181e+01
7.000000e-07	-4.490419e-06	-1.250922e-09	-3.176974e+01	-7.980637e+01
7.100000e-07	-4.464060e-06	-1.243386e-09	-3.158325e+01	-7.955533e+01
7.200000e-07	-4.437159e-06	-1.233983e-09	-3.139293e+01	-7.931021e+01
7.300000e-07	-4.409831e-06	-1.233373e-09	-3.119958e+01	-7.907215e+01
7.400000e-07	-4.382278e-06	-1.248445e-09	-3.100464e+01	-7.884186e+01
7.500000e-07	-4.354544e-06	-1.244362e-09	-3.080843e+01	-7.861958e+01
7.600000e-07	-4.326609e-06	-1.228256e-09	-3.061078e+01	-7.840511e+01
7.700000e-07	-4.298384e-06	-1.217069e-09	-3.041109e+01	-7.819778e+01
7.800000e-07	-4.269925e-06	-1.224244e-09	-3.020974e+01	-7.799655e+01
7.900000e-07	-4.241276e-06	-1.221910e-09	-3.000705e+01	-7.780005e+01
8.000000e-07	-4.212329e-06	-1.213205e-09	-2.980225e+01	-7.760670e+01
8.100000e-07	-4.183048e-06	-1.204975e-09	-2.959509e+01	-7.741476e+01
8.200000e-07	-4.153444e-06	-1.210775e-09	-2.938564e+01	-7.722248e+01
8.300000e-07	-4.123574e-06	-1.216287e-09	-2.917431e+01	-7.702820e+01
8.400000e-07	-4.093434e-06	-1.213286e-09	-2.896107e+01	-7.683040e+01
8.500000e-07	-4.063024e-06	-1.202968e-09	-2.874592e+01	-7.662784e+01
8.600000e-07	-4.032262e-06	-1.203741e-09	-2.852827e+01	-7.641958e+01
8.700000e-07	-4.001225e-06	-1.209953e-09	-2.830869e+01	-7.620504e+01
8.800000e-07	-3.969971e-06	-1.205452e-09	-2.808757e+01	-7.598401e+01
8.900000e-07	-3.938449e-06	-1.191517e-09	-2.786455e+01	-7.575664e+01
9.000000e-07	-3.906716e-06	-1.184494e-09	-2.764004e+01	-7.552346e+01
9.100000e-07	-3.874812e-06	-1.187734e-09	-2.741432e+01	-7.528524e+01
9.200000e-07	-3.842774e-06	-1.186633e-09	-2.718765e+01	-7.504301e+01
9.300000e-07	-3.810497e-06	-1.180382e-09	-2.695929e+01	-7.479795e+01
9.400000e-07	-3.778005e-06	-1.177876e-09	-2.672941e+01	-7.455128e+01
9.500000e-07	-3.745255e-06	-1.184696e-09	-2.649770e+01	-7.430423e+01
9.600000e-07	-3.712142e-06	-1.187059e-09	-2.626342e+01	-7.405790e+01
9.700000e-07	-3.678653e-06	-1.178536e-09	-2.602649e+01	-7.381322e+01
9.800000e-07	-3.644740e-06	-1.161915e-09	-2.578655e+01	-7.357086e+01
9.900000e-07	-3.610326e-06	-1.154239e-09	-2.554308e+01	-7.333122e+01
1.000000e-06	-3.575476e-06	-1.150248e-09	-2.529652e+01	-7.309437e+01
1.010000e-06	-3.540261e-06	-1.147758e-09	-2.504737e+01	-7.286008e+01
1.020000e-06	-3.504707e-06	-1.143173e-09	-2.479582e+01	-7.262781e+01
1.030000e-06	-3.469013e-06	-1.144447e-09	-2.454329e+01	-7.239673e+01
1.040000e-06	-3.433195e-06	-1.145659e-09	-2.428988e+01	-7.216582e+01
1.050000e-06	-3.397185e-06	-1.145048e-09	-2.403510e+01	-7.193388e+01
1.060000e-06	-3.361049e-06	-1.134515e-09	-2.377944e+01	-7.169964e+01
1.070000e-06	-3.324756e-06	-1.123059e-09	-2.352267e+01	-7.146184e+01
1.080000e-06	-3.288190e-06	-1.113266e-09	-2.326397e+01	-7.121927e+01
1.090000e-06	-3.251401e-06	-1.108170e-09	-2.300368e+01	-7.097087e+01
1.100000e-06	-3.214380e-06	-1.103119e-09	-2.274176e+01	-7.071581e+01
1.110000e-06	-3.177084e-06	-1.101607e-09	-2.247789e+01	-7.045349e+01
1.120000e-06	-3.139531e-06	-1.103945e-09	-2.221220e+01	-7.018361e+01
1.130000e-06	-3.101774e-06	-1.105620e-09	-2.194507e+01	-6.990618e+01
1.140000e-06	-3.063830e-06	-1.097461e-09	-2.167661e+01	-6.962150e+01
1.150000e-06	-3.025709e-06	-1.086521e-09	-2.140691e+01	-6.933016e+01
1.160000e-06	-2.987468e-06	-1.079472e-09	-2.113636e+01	-6.903299e+01
1.170000e-06	-2.949012e-06	-1.075762e-09	-2.086428e+01	-6.873101e+01
1.180000e-06	-2.910262e-06	-1.071231e-09	-2.059012e+01	-6.842534e+01
1.190000e-06	-2.871305e-06	-1.066366e-09	-2.031450e+01	-6.811719e+01
1.200000e-06	-2.832157e-06	-1.064896e-09	-2.003753e+01	-6.780773e+01
1.210000e-06	-2.792771e-06	-1.066228e-09	-1.975887e+01	-6.749805e+01
1.220000e-06	-2.753174e-06	-1.066110e-09	-1.947872e+01	-6.718909e+01
1.230000e-06	-2.713500e-06	-1.059265e-09	-1.919803e+01	-6.688159e+01
1.240000e-06	-2.673724e-06	-1.050917e-09	-1.891661e+01	-6.657602e+01
1.250000e-06	-2.633802e-06	-1.044423e-09	-1.863417e+01	-6.627260e+01
1.260000e-06	-2.593759e-06	-1.041793e-09	-1.835086e+01	-6.597126e+01
1.270000e-06	-2.553627e-06	-1.037427e-09	-1.806693e+01	-6.567165e+01
1.280000e-06	-2.513479e-06	-1.033165e-09	-1.778288e+01	-6.537318e+01
1.290000e-06	-2.473177e-06	-1.030196e-09	-1.749774e+01	-6.507504e+01
1.300000e-06	-2.432612e-06	-1.028536e-09	-1.721074e+01	-6.477626e+01
1.310000e-06	-2.391860e-06	-1.021537e-09	-1.692242e+01	-6.447574e+01
1.320000e-06	-2.350983e-06	-1.011418e-09	-1.663321e+01	-6.417237e+01
1.330000e-06	-2.309843e-06	-1.004624e-09	-1.634215e+01	-6.386503e+01
1.340000e-06	-2.268343e-06	-1.003530e-09	-1.604854e+01	-6.355269e+01
1.350000e-06	-2.226566e-06	-1.002196e-09	-1.575297e+01	-6.323443e+01
1.360000e-06	-2.184545e-06	-9.989601e-10	-1.545567e+01	-6.290953e+01
1.370000e-06	-2.142177e-06	-9.936036e-10	-1.515592e+01	-6.257743e+01
1.380000e-06	-2.099523e-06	-9.891605e-10	-1.485414e+01	-6.223783e+01
1.390000e-06	-2.056721e-06	-9.828599e-10	-1.455131e+01	-6.189061e+01
1.400000e-06	-2.013799e-06	-9.745363e-10	-1.424764e+01	-6.153586e+01
1.410000e-06	-1.970611e-06	-9.649641e-10	-1.394208e+01	-6.117387e+01
1.420000e-06	-1.927232e-06	-9.575092e-10	-1.363518e+01	-6.080503e+01
1.430000e-06	-1.883735e-06	-9.534341e-10	-1.332744e+01	-6.042987e+01
1.440000e-06	-1.840029e-06	-9.504361e-10	-1.301822e+01	-6.004891e+01
1.450000e-06	-1.796260e-06	-9.447535e-10	-1.270855e+01	-5.966269e+01
1.460000e-06	-1.752457e-06	-9.378070e-10	-1.239864e+01	-5.927168e+01
1.470000e-06	-1.708572e-06	-9.334077e-10	-1.208816e+01	-5.887623e+01
1.480000e-06	-1.664556e-06	-9.280285e-10	-1.177674e+01	-5.847657e+01
1.490000e-06	-1.620435e-06	-9.206972e-10	-1.146459e+01	-5.807270e+01
1.500000e-06	-1.576277e-06	-9.139538e-10	-1.115217e+01	-5.766449e+01
1.510000e-06	-1.532085e-06	-9.089503e-10	-1.083951e+01	-5.725157e+01
1.520000e-06	-1.487817e-06	-9.031381e-10	-1.052632e+01	-5.683342e+01
1.530000e-06	-1.443422e-06	-8.914489e-10	-1.021222e+01	-5.640934e+01
1.540000e-06	-1.398978e-06	-8.759453e-10	-9.897774e+00	-5.597852e+01
1.550000e-06	-1.354509e-06	-8.634767e-10	-9.583162e+00	-5.554006e+01
1.560000e-06	-1.309986e-06	-8.559292e-10	-9.268155e+00	-5.509303e+01
1.570000e-06	-1.265291e-06	-8.521369e-10	-8.951943e+00	-5.463653e+01
1.580000e-06	-1.220426e-06	-8.478967e-10	-8.634521e+00	-5.416970e+01
1.590000e-06	-1.175544e-06	-8.425215e-10	-8.316982e+00	-5.369182e+01
1.600000e-06	-1.130606e-06	-8.355446e-10	-7.999047e+00	-5.320229e+01
1.610000e-06	-1.085491e-06	-8.246026e-10	-7.679854e+00	-5.270071e+01
1.620000e-06	-1.040215e-06	-8.087459e-10	-7.359530e+00	-5.218683e+01
1.630000e-06	-9.949216e-07	-7.940409e-10	-7.039076e+00	-5.166062e+01
1.640000e-06	-9.496168e-07	-7.842094e-10	-6.718544e+00	-5.112219e+01
1.650000e-06	-9.042156e-07	-7.777747e-10	-6.397331e+00	-5.057182e+01
1.660000e-06	-8.587586e-07	-7.701394e-10	-6.075722e+00	-5.000987e+01
1.670000e-06	-8.132720e-07	-7.632030e-10	-5.753904e+00	-4.943678e+01
1.680000e-06	-7.677340e-07	-7.583405e-10	-5.431722e+00	-4.885298e+01
1.690000e-06	-7.221615e-07	-7.493190e-10	-5.109297e+00	-4.825883e+01
1.700000e-06	-6.764435e-07	-7.339486e-10	-4.785841e+00	-4.765460e+01
1.710000e-06	-6.305951e-07	-7.193335e-10	-4.461464e+00	-4.704038e+01
1.720000e-06	-5.847953e-07	-7.103164e-10	-4.137430e+00	-4.641604e+01
1.730000e-06	-5.390095e-07	-7.035695e-10	-3.813495e+00	-4.578120e+01
1.740000e-06	-4.931890e-07	-6.926492e-10	-3.489315e+00	-4.513521e+01
1.750000e-06	-4.472636e-07	-6.788755e-10	-3.164393e+00	-4.447714e+01
1.760000e-06	-4.013229e-07	-6.697921e-10	-2.839362e+00	-4.380577e+01
1.770000e-06	-3.554769e-07	-6.614774e-10	-2.515001e+00	-4.311965e+01
1.780000e-06	-3.095896e-07	-6.454911e-10	-2.190348e+00	-4.241708e+01
1.790000e-06	-2.635933e-07	-6.277664e-10	-1.864924e+00	-4.169622e+01
1.800000e-06	-2.175034e-07	-6.170340e-10	-1.538838e+00	-4.095511e+01
1.810000e-06	-1.714203e-07	-6.108726e-10	-1.212799e+00	-4.019175e+01
1.820000e-06	-1.254203e-07	-5.984856e-10	-8.873491e-01	-3.940418e+01
1.830000e-06	-7.941447e-08	-5.828458e-10	-5.618579e-01	-3.859052e+01
1.840000e-06	-3.339825e-08	-5.698825e-10	-2.362928e-01	-3.774906e+01
1.850000e-06	1.262868e-08	-5.570918e-10	8.934800e-02	-3.687833e+01
1.860000e-06	5.868730e-08	-5.425732e-10	4.152130e-01	-3.597712e+01
1.870000e-06	1.047571e-07	-5.250087e-10	7.411569e-01	-3.504451e+01
1.880000e-06	1.507838e-07	-5.108084e-10	1.066796e+00	-3.407993e+01
1.890000e-06	1.967819e-07	-5.032307e-10	1.392233e+00	-3.308313e+01
1.900000e-06	2.427759e-07	-4.925945e-10	1.717641e+00	-3.205416e+01
1.910000e-06	2.886768e-07	-4.729192e-10	2.042390e+00	-3.099338e+01
1.920000e-06	3.345949e-07	-4.524214e-10	2.367261e+00	-2.990139e+01
1.930000e-06	3.804789e-07	-4.360292e-10	2.691891e+00	-2.877901e+01
1.940000e-06	4.262678e-07	-4.200425e-10	3.015847e+00	-2.762718e+01
1.950000e-06	4.720763e-07	-3.995224e-10	3.339942e+00	-2.644693e+01
1.960000e-06	5.178798e-07	-3.791239e-10	3.664003e+00	-2.523931e+01
1.970000e-06	5.636773e-07	-3.640899e-10	3.988020e+00	-2.400535e+01
1.980000e-06	6.094210e-07	-3.506807e-10	4.311657e+00	-2.274596e+01
1.990000e-06	6.551301e-07	-3.319755e-10	4.635049e+00	-2.146193e+01
2.000000e-06	7.008227e-07	-3.063251e-10	4.958325e+00	-2.015390e+01
2.010000e-06	7.463990e-07	-2.808514e-10	5.280777e+00	-1.882229e+01
2.020000e-06	7.920152e-07	-2.607303e-10	5.603512e+00	-1.746738e+01
2.030000e-06	8.376521e-07	-2.434168e-10	5.926393e+00	-1.608924e+01
2.040000e-06	8.831050e-07	-2.229476e-10	6.247973e+00	-1.468780e+01
2.050000e-06	9.284978e-07	-1.987091e-10	6.569127e+00	-1.326287e+01
2.060000e-06	9.738213e-07	-1.753042e-10	6.889791e+00	-1.181418e+01
2.070000e-06	1.019111e-06	-1.522389e-10	7.210216e+00	-1.034144e+01
2.080000e-06	1.064367e-06	-1.271429e-10	7.530402e+00	-8.844375e+00
2.090000e-06	1.109394e-06	-1.008395e-10	7.848969e+00	-7.322804e+00
2.100000e-06	1.154335e-06	-7.764044e-11	8.166925e+00	-5.776671e+00
2.110000e-06	1.199204e-06	-5.641270e-11	8.484373e+00	-4.206096e+00
2.120000e-06	1.243918e-06	-3.219186e-11	8.800728e+00	-2.611408e+00
2.130000e-06	1.288594e-06	-5.457741e-12	9.116812e+00	-9.931754e-01
2.140000e-06	1.333170e-06	1.839833e-11	9.432187e+00	6.477798e-01
2.150000e-06	1.377589e-06	4.234826e-11	9.746452e+00	2.310382e+00
2.160000e-06	1.421975e-06	6.831070e-11	1.006048e+01	3.993305e+00
2.170000e-06	1.466304e-06	9.356933e-11	1.037411e+01	5.694996e+00
2.180000e-06	1.510508e-06	1.159303e-10	1.068685e+01	7.413698e+00
2.190000e-06	1.554623e-06	1.363922e-10	1.099897e+01	9.147487e+00
2.200000e-06	1.598717e-06	1.612543e-10	1.131093e+01	1.089431e+01
2.210000e-06	1.642829e-06	1.908289e-10	1.162303e+01	1.265203e+01
2.220000e-06	1.686884e-06	2.206708e-10	1.193471e+01	1.441844e+01
2.230000e-06	1.730849e-06	2.494454e-10	1.224577e+01	1.619135e+01
2.240000e-06	1.774761e-06	2.798221e-10	1.255645e+01	1.796856e+01
2.250000e-06	1.818635e-06	3.088289e-10	1.286685e+01	1.974794e+01
2.260000e-06	1.862417e-06	3.332705e-10	1.317661e+01	2.152739e+01
2.270000e-06	1.906095e-06	3.550285e-10	1.348563e+01	2.330488e+01
2.280000e-06	1.949630e-06	3.799963e-10	1.379365e+01	2.507847e+01
2.290000e-06	1.992979e-06	4.111307e-10	1.410033e+01	2.684624e+01
2.300000e-06	2.036156e-06	4.443379e-10	1.440581e+01	2.860633e+01
2.310000e-06	2.079138e-06	4.746333e-10	1.470992e+01	3.035689e+01
2.320000e-06	2.121735e-06	5.022792e-10	1.501129e+01	3.209610e+01
2.330000e-06	2.164049e-06	5.277609e-10	1.531066e+01	3.382208e+01
2.340000e-06	2.206183e-06	5.509087e-10	1.560875e+01	3.553294e+01
2.350000e-06	2.248038e-06	5.703905e-10	1.590488e+01	3.722672e+01
2.360000e-06	2.289601e-06	5.901537e-10	1.619894e+01	3.890144e+01
2.370000e-06	2.330771e-06	6.178505e-10	1.649022e+01	4.055501e+01
2.380000e-06	2.371698e-06	6.487713e-10	1.677978e+01	4.218534e+01
2.390000e-06	2.412437e-06	6.753511e-10	1.706801e+01	4.379029e+01
2.400000e-06	2.452966e-06	6.960207e-10	1.735475e+01	4.536774e+01
2.410000e-06	2.493339e-06	7.168833e-10	1.764039e+01	4.691560e+01
2.420000e-06	2.533580e-06	7.395300e-10	1.792509e+01	4.843185e+01
2.430000e-06	2.573737e-06	7.636325e-10	1.820920e+01	4.991462e+01
2.440000e-06	2.613841e-06	7.889396e-10	1.849294e+01	5.136221e+01
2.450000e-06	2.653818e-06	8.138740e-10	1.877577e+01	5.277314e+01
2.460000e-06	2.693650e-06	8.380946e-10	1.905759e+01	5.414618e+01
2.470000e-06	2.733393e-06	8.587068e-10	1.933877e+01	5.548041e+01
2.480000e-06	2.772909e-06	8.734778e-10	1.961835e+01	5.677524e+01
2.490000e-06	2.812120e-06	8.873493e-10	1.989577e+01	5.803040e+01
2.500000e-06	2.851165e-06	9.039073e-10	2.017201e+01	5.924599e+01
2.510000e-06	2.890164e-06	9.240781e-10	2.044793e+01	6.042240e+01
2.520000e-06	2.928932e-06	9.486600e-10	2.072221e+01	6.156035e+01
2.530000e-06	2.967341e-06	9.765080e-10	2.099396e+01	6.266084e+01
2.540000e-06	3.005565e-06	1.001404e-09	2.126439e+01	6.372508e+01
2.550000e-06	3.043630e-06	1.016388e-09	2.153370e+01	6.475446e+01
2.560000e-06	3.081582e-06	1.021910e-09	2.180221e+01	6.575047e+01
2.570000e-06	3.119364e-06	1.024916e-09	2.206952e+01	6.671466e+01
2.580000e-06	3.156871e-06	1.032352e-09	2.233488e+01	6.764856e+01
2.590000e-06	3.194103e-06	1.045630e-09	2.259830e+01	6.855365e+01
2.600000e-06	3.231095e-06	1.064212e-09	2.286002e+01	6.943126e+01
2.610000e-06	3.267897e-06	1.085975e-09	2.312039e+01	7.028257e+01
2.620000e-06	3.304390e-06	1.108253e-09	2.337858e+01	7.110856e+01
2.630000e-06	3.340659e-06	1.124058e-09	2.363518e+01	7.190999e+01
2.640000e-06	3.376827e-06	1.129171e-09	2.389107e+01	7.268741e+01
2.650000e-06	3.412872e-06	1.129332e-09	2.414609e+01	7.344114e+01
2.660000e-06	3.448818e-06	1.130292e-09	2.440041e+01	7.417132e+01
2.670000e-06	3.484591e-06	1.133627e-09	2.465350e+01	7.487790e+01
2.680000e-06	3.520234e-06	1.142858e-09	2.490568e+01	7.556072e+01
2.690000e-06	3.555759e-06	1.158639e-09	2.515702e+01	7.621954e+01
2.700000e-06	3.590890e-06	1.176674e-09	2.540557e+01	7.685407e+01
2.710000e-06	3.625576e-06	1.191197e-09	2.565097e+01	7.746405e+01
2.720000e-06	3.659802e-06	1.200389e-09	2.589312e+01	7.804928e+01
2.730000e-06	3.693480e-06	1.205893e-09	2.613139e+01	7.860963e+01
2.740000e-06	3.726718e-06	1.212071e-09	2.636655e+01	7.914514e+01
2.750000e-06	3.759525e-06	1.216818e-09	2.659866e+01	7.965599e+01
2.760000e-06	3.791992e-06	1.220220e-09	2.682837e+01	8.014253e+01
2.770000e-06	3.824257e-06	1.224034e-09	2.705664e+01	8.060528e+01
2.780000e-06	3.856397e-06	1.230262e-09	2.728403e+01	8.104492e+01
2.790000e-06	3.888431e-06	1.240725e-09	2.751067e+01	8.146229e+01
2.800000e-06	3.920313e-06	1.248854e-09	2.773624e+01	8.185833e+01
2.810000e-06	3.952002e-06	1.250448e-09	2.796044e+01	8.223408e+01
2.820000e-06	3.983398e-06	1.248612e-09	2.818256e+01	8.259063e+01
2.830000e-06	4.014488e-06	1.250204e-09	2.840253e+01	8.292906e+01
2.840000e-06	4.045274e-06	1.255542e-09	2.862034e+01	8.325046e+01
2.850000e-06	4.075742e-06	1.259539e-09	2.883590e+01	8.355583e+01
2.860000e-06	4.105924e-06	1.261514e-09	2.904943e+01	8.384610e+01
2.870000e-06	4.135812e-06	1.265843e-09	2.926089e+01	8.412209e+01
2.880000e-06	4.165431e-06	1.272015e-09	2.947045e+01	8.438452e+01
2.890000e-06	4.194865e-06	1.274548e-09	2.967869e+01	8.463395e+01
2.900000e-06	4.224029e-06	1.274820e-09	2.988503e+01	8.487089e+01
2.910000e-06	4.252826e-06	1.279914e-09	3.008877e+01	8.509569e+01
2.920000e-06	4.281365e-06	1.288767e-09	3.029068e+01	8.530866e+01
2.930000e-06	4.309655e-06	1.291824e-09	3.049083e+01	8.551005e+01
2.940000e-06	4.337786e-06	1.290712e-09	3.068986e+01	8.570009e+01
2.950000e-06	4.365820e-06	1.292676e-09	3.088820e+01	8.587902e+01
2.960000e-06	4.393664e-06	1.298062e-09	3.108520e+01	8.604712e+01
2.970000e-06	4.421235e-06	1.303104e-09	3.128026e+01	8.620472e+01
2.980000e-06	4.448420e-06	1.303919e-09	3.147260e+01	8.635222e+01
2.990000e-06	4.475215e-06	1.305137e-09	3.166217e+01	8.649014e+01
3.000000e-06	4.501418e-06	1.308977e-09	3.184756e+01	8.661905e+01
3.010000e-06	4.526936e-06	1.310644e-09	3.202810e+01	8.673962e+01
3.020000e-06	4.551875e-06	1.310181e-09	3.220454e+01	8.685259e+01
3.030000e-06	4.576347e-06	1.312896e-09	3.237768e+01	8.695873e+01
3.040000e-06	4.600609e-06	1.318559e-09	3.254934e+01	8.705884e+01
3.050000e-06	4.624700e-06	1.322800e-09	3.271978e+01	8.715369e+01
3.060000e-06	4.648564e-06	1.323674e-09	3.288862e+01	8.724401e+01
3.070000e-06	4.672264e-06	1.321645e-09	3.305629e+01	8.733043e+01
3.080000e-06	4.695658e-06	1.321939e-09	3.322181e+01	8.741347e+01
3.090000e-06	4.718581e-06	1.324162e-09	3.338399e+01	8.749354e+01
3.100000e-06	4.741112e-06	1.322812e-09	3.354339e+01	8.757086e+01
3.110000e-06	4.763391e-06	1.320003e-09	3.370102e+01	8.764552e+01
3.120000e-06	4.785403e-06	1.321828e-09	3.385676e+01	8.771744e+01
3.130000e-06	4.807011e-06	1.326661e-09	3.400963e+01	8.778641e+01
3.140000e-06	4.828288e-06	1.329837e-09	3.416016e+01	8.785211e+01
3.150000e-06	4.849237e-06	1.330793e-09	3.430838e+01	8.791412e+01
3.160000e-06	4.869854e-06	1.331571e-09	3.445424e+01	8.797199e+01
3.170000e-06	4.890191e-06	1.332832e-09	3.459813e+01	8.802525e+01
3.180000e-06	4.910290e-06	1.332948e-09	3.474033e+01	8.807349e+01
3.190000e-06	4.930227e-06	1.331063e-09	3.488138e+01	8.811637e+01
3.200000e-06	4.949928e-06	1.330051e-09	3.502077e+01	8.815367e+01
3.210000e-06	4.969324e-06	1.332401e-09	3.515800e+01	8.818531e+01
3.220000e-06	4.988383e-06	1.334132e-09	3.529284e+01	8.821139e+01
3.230000e-06	5.007040e-06	1.336041e-09	3.542484e+01	8.823216e+01
3.240000e-06	5.025178e-06	1.337512e-09	3.555316e+01	8.824804e+01
3.250000e-06	5.042864e-06	1.336301e-09	3.567829e+01	8.825959e+01
3.260000e-06	5.060244e-06	1.335143e-09	3.580126e+01	8.826747e+01
3.270000e-06	5.077465e-06	1.333199e-09	3.592309e+01	8.827241e+01
3.280000e-06	5.094408e-06	1.332101e-09	3.604297e+01	8.827516e+01
3.290000e-06	5.110949e-06	1.334855e-09	3.616000e+01	8.827642e+01
3.300000e-06	5.127091e-06	1.336996e-09	3.627420e+01	8.827677e+01
3.310000e-06	5.142780e-06	1.336406e-09	3.638520e+01	8.827665e+01
3.320000e-06	5.157998e-06	1.337173e-09	3.649286e+01	8.827630e+01
3.330000e-06	5.172698e-06	1.341135e-09	3.659687e+01	8.827570e+01
3.340000e-06	5.187039e-06	1.343450e-09	3.669833e+01	8.827455e+01
3.350000e-06	5.201048e-06	1.341461e-09	3.679744e+01	8.827231e+01
3.360000e-06	5.214630e-06	1.338395e-09	3.689353e+01	8.826812e+01
3.370000e-06	5.227733e-06	1.336050e-09	3.698624e+01	8.826094e+01
3.380000e-06	5.240469e-06	1.332807e-09	3.707635e+01	8.824950e+01
3.390000e-06	5.252950e-06	1.329418e-09	3.716465e+01	8.823242e+01
3.400000e-06	5.265020e-06	1.331012e-09	3.725005e+01	8.820826e+01
3.410000e-06	5.276707e-06	1.337758e-09	3.733273e+01	8.817564e+01
3.420000e-06	5.287967e-06	1.341864e-09	3.741240e+01	8.813329e+01
3.430000e-06	5.298682e-06	1.337689e-09	3.748821e+01	8.808017e+01
3.440000e-06	5.308852e-06	1.330041e-09	3.756016e+01	8.801554e+01
3.450000e-06	5.318350e-06	1.326131e-09	3.762736e+01	8.793903e+01
3.460000e-06	5.327329e-06	1.325340e-09	3.769088e+01	8.785071e+01
3.470000e-06	5.335915e-06	1.322838e-09	3.775163e+01	8.775111e+01
3.480000e-06	5.344132e-06	1.319975e-09	3.780977e+01	8.764123e+01
3.490000e-06	5.352125e-06	1.321318e-09	3.786631e+01	8.752252e+01
3.500000e-06	5.359868e-06	1.325329e-09	3.792110e+01	8.739682e+01
3.510000e-06	5.367266e-06	1.327138e-09	3.797344e+01	8.726633e+01
3.520000e-06	5.374328e-06	1.324188e-09	3.802340e+01	8.713345e+01
3.530000e-06	5.381018e-06	1.320194e-09	3.807073e+01	8.700071e+01
3.540000e-06	5.387241e-06	1.318467e-09	3.811476e+01	8.687059e+01
3.550000e-06	5.393139e-06	1.314740e-09	3.815649e+01	8.674544e+01
3.560000e-06	5.398720e-06	1.309452e-09	3.819597e+01	8.662730e+01
3.570000e-06	5.403827e-06	1.306996e-09	3.823210e+01	8.651776e+01
3.580000e-06	5.408480e-06	1.307877e-09	3.826503e+01	8.641788e+01
3.590000e-06	5.412860e-06	1.310219e-09	3.829602e+01	8.632809e+01
3.600000e-06	5.417030e-06	1.310975e-09	3.832552e+01	8.624808e+01
3.610000e-06	5.420977e-06	1.311502e-09	3.835345e+01	8.617686e+01
3.620000e-06	5.424679e-06	1.313682e-09	3.837964e+01	8.611269e+01
3.630000e-06	5.427964e-06	1.312689e-09	3.840288e+01	8.605321e+01
3.640000e-06	5.430681e-06	1.308272e-09	3.842210e+01	8.599545e+01
3.650000e-06	5.432802e-06	1.302990e-09	3.843710e+01	8.593606e+01
3.660000e-06	5.434343e-06	1.300644e-09	3.844801e+01	8.587137e+01
3.670000e-06	5.435331e-06	1.300928e-09	3.845500e+01	8.579768e+01
3.680000e-06	5.435840e-06	1.304008e-09	3.845860e+01	8.571138e+01
3.690000e-06	5.436038e-06	1.310007e-09	3.846000e+01	8.560924e+01
3.700000e-06	5.436022e-06	1.313842e-09	3.845988e+01	8.548854e+01
3.710000e-06	5.435726e-06	1.313418e-09	3.845779e+01	8.534734e+01
3.720000e-06	5.435164e-06	1.308959e-09	3.845382e+01	8.518461e+01
3.730000e-06	5.434228e-06	1.301794e-09	3.844719e+01	8.500036e+01
3.740000e-06	5.432914e-06	1.293474e-09	3.843790e+01	8.479576e+01
3.750000e-06	5.431256e-06	1.286225e-09	3.842617e+01	8.457314e+01
3.760000e-06	5.429223e-06	1.278593e-09	3.841178e+01	8.433603e+01
3.770000e-06	5.426907e-06	1.251911e-09	3.839540e+01	8.408902e+01
3.780000e-06	5.424278e-06	1.255488e-09	3.837680e+01	8.383770e+01
3.790000e-06	5.421158e-06	1.327692e-09	3.835472e+01	8.358846e+01
3.800000e-06	5.417522e-06	1.308006e-09	3.832900e+01	8.334823e+01
3.810000e-06	5.413575e-06	1.200747e-09	3.830107e+01	8.312428e+01
3.820000e-06	5.409464e-06	1.189447e-09	3.827199e+01	8.292390e+01
3.830000e-06	5.405189e-06	1.261605e-09	3.824175e+01	8.275410e+01
3.840000e-06	5.400446e-06	1.274861e-09	3.820819e+01	8.262133e+01
3.850000e-06	5.395091e-06	1.132241e-09	3.817030e+01	8.253119e+01
3.860000e-06	5.389294e-06	1.147008e-09	3.812929e+01	8.248814e+01
3.870000e-06	5.383028e-06	1.323077e-09	3.808496e+01	8.249536e+01
3.880000e-06	5.376312e-06	1.324746e-09	3.803743e+01	8.255448e+01
3.890000e-06	5.369186e-06	1.141649e-09	3.798702e+01	8.266554e+01
3.900000e-06	5.361606e-06	1.134177e-09	3.793340e+01	8.282692e+01
3.910000e-06	5.353640e-06	1.320355e-09	3.787703e+01	8.303538e+01
3.920000e-06	5.345296e-06	1.245500e-09	3.781800e+01	8.328610e+01
3.930000e-06	5.336699e-06	1.069559e-09	3.775717e+01	8.357287e+01
3.940000e-06	5.327811e-06	1.151332e-09	3.769429e+01	8.388831e+01
3.950000e-06	5.318402e-06	1.341600e-09	3.762773e+01	8.422407e+01
3.960000e-06	5.308603e-06	1.225290e-09	3.755839e+01	8.457119e+01
3.970000e-06	5.298522e-06	1.104095e-09	3.748707e+01	8.492038e+01
3.980000e-06	5.288148e-06	1.263015e-09	3.741368e+01	8.526236e+01
3.990000e-06	5.277435e-06	1.366565e-09	3.733788e+01	8.558817e+01
4.000000e-06	5.266228e-06	1.220061e-09	3.725860e+01	8.588953e+01
4.010000e-06	5.254622e-06	1.213554e-09	3.717648e+01	8.615905e+01
4.020000e-06	5.242593e-06	1.394175e-09	3.709137e+01	8.639051e+01
4.030000e-06	5.230222e-06	1.380629e-09	3.700385e+01	8.657902e+01
4.040000e-06	5.217453e-06	1.224714e-09	3.691351e+01	8.672117e+01
4.050000e-06	5.204051e-06	1.278402e-09	3.681869e+01	8.681505e+01
4.060000e-06	5.190122e-06	1.366823e-09	3.672014e+01	8.686030e+01
4.070000e-06	5.175589e-06	1.279842e-09	3.661732e+01	8.685799e+01
4.080000e-06	5.160479e-06	1.248430e-09	3.651042e+01	8.681051e+01
4.090000e-06	5.145006e-06	1.329273e-09	3.640095e+01	8.672143e+01
4.100000e-06	5.129212e-06	1.306938e-09	3.628920e+01	8.659524e+01
4.110000e-06	5.113178e-06	1.248965e-09	3.617577e+01	8.643714e+01
4.120000e-06	5.096942e-06	1.303862e-09	3.606089e+01	8.625275e+01
4.130000e-06	5.080335e-06	1.285904e-09	3.594340e+01	8.604785e+01
4.140000e-06	5.063346e-06	1.213835e-09	3.582320e+01	8.582817e+01
4.150000e-06	5.046045e-06	1.252614e-09	3.570080e+01	8.559906e+01
4.160000e-06	5.028385e-06	1.315435e-09	3.557585e+01	8.536538e+01
4.170000e-06	5.010384e-06	1.257664e-09	3.544849e+01	8.513127e+01
4.180000e-06	4.992028e-06	1.241872e-09	3.531863e+01	8.490005e+01
4.190000e-06	4.973271e-06	1.272990e-09	3.518592e+01	8.467415e+01
4.200000e-06	4.954141e-06	1.260939e-09	3.505058e+01	8.445507e+01
4.210000e-06	4.934710e-06	1.226238e-09	3.491310e+01	8.424344e+01
4.220000e-06	4.915081e-06	1.231836e-09	3.477423e+01	8.403903e+01
4.230000e-06	4.895221e-06	1.230955e-09	3.463372e+01	8.384093e+01
4.240000e-06	4.875069e-06	1.251405e-09	3.449114e+01	8.364764e+01
4.250000e-06	4.854685e-06	1.270522e-09	3.434692e+01	8.345723e+01
4.260000e-06	4.833890e-06	1.249213e-09	3.419980e+01	8.326755e+01
4.270000e-06	4.812431e-06	1.222369e-09	3.404797e+01	8.307637e+01
4.280000e-06	4.790364e-06	1.230993e-09	3.389185e+01	8.288155e+01
4.290000e-06	4.767818e-06	1.220814e-09	3.373234e+01	8.268122e+01
4.300000e-06	4.744906e-06	1.200719e-09	3.357024e+01	8.247385e+01
4.310000e-06	4.721619e-06	1.200594e-09	3.340548e+01	8.225839e+01
4.320000e-06	4.697976e-06	1.217237e-09	3.323821e+01	8.203431e+01
4.330000e-06	4.674070e-06	1.229621e-09	3.306907e+01	8.180164e+01
4.340000e-06	4.649982e-06	1.219306e-09	3.289865e+01	8.156092e+01
4.350000e-06	4.625694e-06	1.182383e-09	3.272681e+01	8.131321e+01
4.360000e-06	4.601095e-06	1.166897e-09	3.255278e+01	8.105996e+01
4.370000e-06	4.576167e-06	1.179386e-09	3.237641e+01	8.080294e+01
4.380000e-06	4.550859e-06	1.173519e-09	3.219736e+01	8.054415e+01
4.390000e-06	4.525172e-06	1.162456e-09	3.201562e+01	8.028562e+01
4.400000e-06	4.499179e-06	1.172372e-09	3.183172e+01	8.002938e+01
4.410000e-06	4.472917e-06	1.191808e-09	3.164591e+01	7.977726e+01
4.420000e-06	4.446342e-06	1.187093e-09	3.145789e+01	7.953082e+01
4.430000e-06	4.419497e-06	1.164839e-09	3.126796e+01	7.929129e+01
4.440000e-06	4.392385e-06	1.144011e-09	3.107615e+01	7.905944e+01
4.450000e-06	4.364933e-06	1.148868e-09	3.088192e+01	7.883560e+01
4.460000e-06	4.337256e-06	1.155719e-09	3.068611e+01	7.861962e+01
4.470000e-06	4.309403e-06	1.150415e-09	3.048905e+01	7.841093e+01
4.480000e-06	4.281349e-06	1.145629e-09	3.029057e+01	7.820854e+01
4.490000e-06	4.253052e-06	1.158885e-09	3.009037e+01	7.801112e+01
4.500000e-06	4.224476e-06	1.162573e-09	2.988819e+01	7.781712e+01
4.510000e-06	4.195523e-06	1.149692e-09	2.968335e+01	7.762484e+01
4.520000e-06	4.166082e-06	1.130875e-09	2.947505e+01	7.743250e+01
4.530000e-06	4.136186e-06	1.128201e-09	2.926354e+01	7.723843e+01
4.540000e-06	4.105834e-06	1.134618e-09	2.904880e+01	7.704108e+01
4.550000e-06	4.074949e-06	1.139077e-09	2.883028e+01	7.683915e+01
4.560000e-06	4.043586e-06	1.130304e-09	2.860840e+01	7.663166e+01
4.570000e-06	4.012022e-06	1.122941e-09	2.838508e+01	7.641795e+01
4.580000e-06	3.980323e-06	1.121557e-09	2.816081e+01	7.619776e+01
4.590000e-06	3.948396e-06	1.118528e-09	2.793492e+01	7.597120e+01
4.600000e-06	3.916227e-06	1.106004e-09	2.770733e+01	7.573869e+01
4.610000e-06	3.883855e-06	1.099491e-09	2.747830e+01	7.550101e+01
4.620000e-06	3.851292e-06	1.105661e-09	2.724792e+01	7.525914e+01
4.630000e-06	3.818436e-06	1.110859e-09	2.701545e+01	7.501423e+01
4.640000e-06	3.785320e-06	1.100840e-09	2.678116e+01	7.476751e+01
4.650000e-06	3.752035e-06	1.085383e-09	2.654567e+01	7.452021e+01
4.660000e-06	3.718456e-06	1.080485e-09	2.630810e+01	7.427346e+01
4.670000e-06	3.684560e-06	1.080593e-09	2.606829e+01	7.402821e+01
4.680000e-06	3.650364e-06	1.076770e-09	2.582634e+01	7.378519e+01
4.690000e-06	3.615943e-06	1.071181e-09	2.558282e+01	7.354485e+01
4.700000e-06	3.581345e-06	1.075694e-09	2.533804e+01	7.330731e+01
4.710000e-06	3.546517e-06	1.084040e-09	2.509162e+01	7.307239e+01
4.720000e-06	3.511436e-06	1.083514e-09	2.484343e+01	7.283960e+01
4.730000e-06	3.476024e-06	1.071164e-09	2.459289e+01	7.260815e+01
4.740000e-06	3.440352e-06	1.060085e-09	2.434051e+01	7.237705e+01
4.750000e-06	3.404599e-06	1.054698e-09	2.408756e+01	7.214514e+01
4.760000e-06	3.368792e-06	1.054119e-09	2.383422e+01	7.191114e+01
4.770000e-06	3.332821e-06	1.050562e-09	2.357973e+01	7.167378e+01
4.780000e-06	3.296718e-06	1.047821e-09	2.332430e+01	7.143185e+01
4.790000e-06	3.260320e-06	1.046645e-09	2.306678e+01	7.118426e+01
4.800000e-06	3.223630e-06	1.047469e-09	2.280720e+01	7.093012e+01
4.810000e-06	3.186665e-06	1.041103e-09	2.254567e+01	7.066880e+01
4.820000e-06	3.149254e-06	1.029770e-09	2.228099e+01	7.039996e+01
4.830000e-06	3.111525e-06	1.019100e-09	2.201405e+01	7.012354e+01
4.840000e-06	3.073518e-06	1.015004e-09	2.174516e+01	6.983980e+01
4.850000e-06	3.035003e-06	1.011971e-09	2.147267e+01	6.954928e+01
4.860000e-06	2.996138e-06	1.007472e-09	2.119769e+01	6.925279e+01
4.870000e-06	2.957096e-06	1.003933e-09	2.092147e+01	6.895129e+01
4.880000e-06	2.917718e-06	1.005698e-09	2.064287e+01	6.864592e+01
4.890000e-06	2.878123e-06	1.005162e-09	2.036274e+01	6.833786e+01
4.900000e-06	2.838431e-06	9.994147e-10	2.008192e+01	6.802831e+01
4.910000e-06	2.798627e-06	9.911807e-10	1.980030e+01	6.771836e+01
4.920000e-06	2.758698e-06	9.850957e-10	1.951780e+01	6.740899e+01
4.930000e-06	2.718643e-06	9.811961e-10	1.923441e+01	6.710097e+01
4.940000e-06	2.678442e-06	9.761945e-10	1.894999e+01	6.679482e+01
4.950000e-06	2.638127e-06	9.713293e-10	1.866476e+01	6.649081e+01
4.960000e-06	2.597652e-06	9.701246e-10	1.837841e+01	6.618890e+01
4.970000e-06	2.556941e-06	9.711767e-10	1.809037e+01	6.588881e+01
4.980000e-06	2.516010e-06	9.690705e-10	1.780078e+01	6.558997e+01
4.990000e-06	2.475071e-06	9.636607e-10	1.751114e+01	6.529160e+01
5.000000e-06	2.434015e-06	9.585582e-10	1.722067e+01	6.499276e+01
5.010000e-06	2.392601e-06	9.549272e-10	1.692766e+01	6.469237e+01
5.020000e-06	2.351064e-06	9.474541e-10	1.663379e+01	6.438932e+01
5.030000e-06	2.309428e-06	9.389294e-10	1.633922e+01	6.408248e+01
5.040000e-06	2.267602e-06	9.330405e-10	1.604329e+01	6.377081e+01
5.050000e-06	2.225568e-06	9.313550e-10	1.574591e+01	6.345336e+01
5.060000e-06	2.183406e-06	9.302663e-10	1.544761e+01	6.312937e+01
5.070000e-06	2.141108e-06	9.295024e-10	1.514835e+01	6.279827e+01
5.080000e-06	2.098561e-06	9.269414e-10	1.484733e+01	6.245970e+01
5.090000e-06	2.055818e-06	9.235308e-10	1.454492e+01	6.211351e+01
5.100000e-06	2.012991e-06	9.196991e-10	1.424192e+01	6.175977e+01
5.110000e-06	1.970031e-06	9.148988e-10	1.393798e+01	6.139872e+01
5.120000e-06	1.926873e-06	9.087939e-10	1.363264e+01	6.103076e+01
5.130000e-06	1.883577e-06	9.034537e-10	1.332632e+01	6.065637e+01
5.140000e-06	1.840216e-06	8.995198e-10	1.301954e+01	6.027611e+01
5.150000e-06	1.796830e-06	8.988083e-10	1.271258e+01	5.989050e+01
5.160000e-06	1.753290e-06	8.985382e-10	1.240454e+01	5.950002e+01
5.170000e-06	1.709641e-06	8.958606e-10	1.209572e+01	5.910506e+01
5.180000e-06	1.665968e-06	8.915630e-10	1.178673e+01	5.870586e+01
5.190000e-06	1.622210e-06	8.849221e-10	1.147714e+01	5.830246e+01
5.200000e-06	1.578346e-06	8.771348e-10	1.116681e+01	5.789476e+01
5.210000e-06	1.534414e-06	8.688104e-10	1.085599e+01	5.748243e+01
5.220000e-06	1.490485e-06	8.579369e-10	1.054519e+01	5.706496e+01
5.230000e-06	1.446464e-06	8.499797e-10	1.023374e+01	5.664168e+01
5.240000e-06	1.402364e-06	8.464861e-10	9.921733e+00	5.621181e+01
5.250000e-06	1.358264e-06	8.439878e-10	9.609729e+00	5.577445e+01
5.260000e-06	1.314115e-06	8.407657e-10	9.297368e+00	5.532868e+01
5.270000e-06	1.269922e-06	8.387916e-10	8.984704e+00	5.487358e+01
5.280000e-06	1.225647e-06	8.346810e-10	8.671456e+00	5.440830e+01
5.290000e-06	1.181242e-06	8.238655e-10	8.357292e+00	5.393207e+01
5.300000e-06	1.136745e-06	8.104948e-10	8.042475e+00	5.344428e+01
5.310000e-06	1.092140e-06	8.002038e-10	7.726898e+00	5.294449e+01
5.320000e-06	1.047468e-06	7.952090e-10	7.410839e+00	5.243244e+01
5.330000e-06	1.002684e-06	7.912178e-10	7.093993e+00	5.190804e+01
5.340000e-06	9.577858e-07	7.857845e-10	6.776340e+00	5.137140e+01
5.350000e-06	9.128139e-07	7.795733e-10	6.458164e+00	5.082276e+01
5.360000e-06	8.677182e-07	7.725298e-10	6.139111e+00	5.026248e+01
5.370000e-06	8.226344e-07	7.638882e-10	5.820143e+00	4.969098e+01
5.380000e-06	7.775649e-07	7.527085e-10	5.501276e+00	4.910870e+01
5.390000e-06	7.323941e-07	7.404945e-10	5.181692e+00	4.851602e+01
5.400000e-06	6.871527e-07	7.298263e-10	4.861609e+00	4.791323e+01
5.410000e-06	6.418467e-07	7.210707e-10	4.541069e+00	4.730044e+01
5.420000e-06	5.964170e-07	7.121588e-10	4.219654e+00	4.667757e+01
5.430000e-06	5.509186e-07	7.027468e-10	3.897752e+00	4.604428e+01
5.440000e-06	5.054190e-07	6.925586e-10	3.575842e+00	4.539998e+01
5.450000e-06	4.599467e-07	6.813438e-10	3.254125e+00	4.474376e+01
5.460000e-06	4.145289e-07	6.702910e-10	2.932795e+00	4.407447e+01
5.470000e-06	3.690548e-07	6.586909e-10	2.611065e+00	4.339068e+01
5.480000e-06	3.234370e-07	6.492384e-10	2.288318e+00	4.269074e+01
5.490000e-06	2.777525e-07	6.411558e-10	1.965100e+00	4.197283e+01
5.500000e-06	2.320831e-07	6.313554e-10	1.641989e+00	4.123500e+01
5.510000e-06	1.863490e-07	6.189971e-10	1.318420e+00	4.047525e+01
5.520000e-06	1.405850e-07	6.062642e-10	9.946396e-01	3.969161e+01
5.530000e-06	9.489080e-08	5.943875e-10	6.713530e-01	3.888219e+01
5.540000e-06	4.922199e-08	5.823179e-10	3.482459e-01	3.804524e+01
5.550000e-06	3.604531e-09	5.695524e-10	2.550208e-02	3.717925e+01
5.560000e-06	-4.207867e-08	5.577505e-10	-2.977068e-01	3.628296e+01
5.570000e-06	-8.779172e-08	5.451594e-10	-6.211270e-01	3.535540e+01
5.580000e-06	-1.334813e-07	5.301736e-10	-9.443811e-01	3.439594e+01
5.590000e-06	-1.791751e-07	5.129296e-10	-1.267665e+00	3.340427e+01
5.600000e-06	-2.249005e-07	4.960787e-10	-1.591172e+00	3.238041e+01
5.610000e-06	-2.706051e-07	4.821246e-10	-1.914533e+00	3.132466e+01
5.620000e-06	-3.162305e-07	4.697561e-10	-2.237333e+00	3.023759e+01
5.630000e-06	-3.617254e-07	4.540274e-10	-2.559210e+00	2.911997e+01
5.640000e-06	-4.071507e-07	4.348525e-10	-2.880593e+00	2.797274e+01
5.650000e-06	-4.525892e-07	4.190520e-10	-3.202071e+00	2.679692e+01
5.660000e-06	-4.979640e-07	4.062556e-10	-3.523098e+00	2.559356e+01
5.670000e-06	-5.433434e-07	3.915735e-10	-3.844157e+00	2.436369e+01
5.680000e-06	-5.886735e-07	3.714014e-10	-4.164868e+00	2.310824e+01
5.690000e-06	-6.340120e-07	3.489447e-10	-4.485639e+00	2.182804e+01
5.700000e-06	-6.794222e-07	3.259270e-10	-4.806916e+00	2.052374e+01
5.710000e-06	-7.247501e-07	3.027404e-10	-5.127611e+00	1.919580e+01
5.720000e-06	-7.698047e-07	2.833537e-10	-5.446373e+00	1.784453e+01
5.730000e-06	-8.147346e-07	2.687060e-10	-5.764252e+00	1.647003e+01
5.740000e-06	-8.596958e-07	2.553685e-10	-6.082353e+00	1.507225e+01
5.750000e-06	-9.045886e-07	2.392237e-10	-6.399969e+00	1.365102e+01
5.760000e-06	-9.493856e-07	2.190838e-10	-6.716909e+00	1.220607e+01
5.770000e-06	-9.939934e-07	1.946155e-10	-7.032509e+00	1.073712e+01
5.780000e-06	-1.038414e-06	1.676791e-10	-7.346783e+00	9.243894e+00
5.790000e-06	-1.082809e-06	1.390975e-10	-7.660877e+00	7.726181e+00
5.800000e-06	-1.127210e-06	1.122378e-10	-7.975014e+00	6.183904e+00
5.810000e-06	-1.171502e-06	9.099121e-11	-8.288385e+00	4.617151e+00
5.820000e-06	-1.215780e-06	7.449557e-11	-8.601649e+00	3.026214e+00
5.830000e-06	-1.260050e-06	5.554184e-11	-8.914861e+00	1.411621e+00
5.840000e-06	-1.304219e-06	3.107270e-11	-9.227356e+00	-2.258493e-01
5.850000e-06	-1.348336e-06	4.608690e-12	-9.539485e+00	-1.885163e+00
5.860000e-06	-1.392398e-06	-2.216279e-11	-9.851224e+00	-3.565036e+00
5.870000e-06	-1.436386e-06	-4.957532e-11	-1.016244e+01	-5.263951e+00
5.880000e-06	-1.480349e-06	-7.983901e-11	-1.047348e+01	-6.980182e+00
5.890000e-06	-1.524311e-06	-1.079881e-10	-1.078451e+01	-8.711831e+00
5.900000e-06	-1.568210e-06	-1.328650e-10	-1.109510e+01	-1.045686e+01
5.910000e-06	-1.612045e-06	-1.559837e-10	-1.140523e+01	-1.221315e+01
5.920000e-06	-1.655848e-06	-1.804493e-10	-1.171513e+01	-1.397850e+01
5.930000e-06	-1.699560e-06	-2.082672e-10	-1.202440e+01	-1.575071e+01
5.940000e-06	-1.743157e-06	-2.367853e-10	-1.233285e+01	-1.752760e+01
5.950000e-06	-1.786652e-06	-2.642927e-10	-1.264057e+01	-1.930699e+01
5.960000e-06	-1.830045e-06	-2.915160e-10	-1.294758e+01	-2.108681e+01
5.970000e-06	-1.873354e-06	-3.192664e-10	-1.325399e+01	-2.286500e+01
5.980000e-06	-1.916501e-06	-3.474882e-10	-1.355925e+01	-2.463961e+01
5.990000e-06	-1.959488e-06	-3.782327e-10	-1.386339e+01	-2.640871e+01
6.000000e-06	-2.002273e-06	-4.073337e-10	-1.416609e+01	-2.817044e+01
6.010000e-06	-2.044842e-06	-4.362734e-10	-1.446727e+01	-2.992296e+01
6.020000e-06	-2.087256e-06	-4.640870e-10	-1.476735e+01	-3.166442e+01
6.030000e-06	-2.129539e-06	-4.895930e-10	-1.506650e+01	-3.339297e+01
6.040000e-06	-2.171683e-06	-5.150206e-10	-1.536467e+01	-3.510672e+01
6.050000e-06	-2.213650e-06	-5.408216e-10	-1.566159e+01	-3.680372e+01
6.060000e-06	-2.255506e-06	-5.678118e-10	-1.595772e+01	-3.848199e+01
6.070000e-06	-2.297236e-06	-5.967921e-10	-1.625296e+01	-4.013947e+01
6.080000e-06	-2.338828e-06	-6.275733e-10	-1.654722e+01	-4.177405e+01
6.090000e-06	-2.380296e-06	-6.514107e-10	-1.684061e+01	-4.338362e+01
6.100000e-06	-2.421512e-06	-6.677058e-10	-1.713221e+01	-4.496603e+01
6.110000e-06	-2.462512e-06	-6.830692e-10	-1.742229e+01	-4.651919e+01
6.120000e-06	-2.503394e-06	-7.020695e-10	-1.771153e+01	-4.804108e+01
6.130000e-06	-2.544076e-06	-7.249333e-10	-1.799935e+01	-4.952980e+01
6.140000e-06	-2.584514e-06	-7.504707e-10	-1.828545e+01	-5.098359e+01
6.150000e-06	-2.624794e-06	-7.772075e-10	-1.857043e+01	-5.240096e+01
6.160000e-06	-2.664936e-06	-8.046278e-10	-1.885444e+01	-5.378062e+01
6.170000e-06	-2.704956e-06	-8.283759e-10	-1.913758e+01	-5.512160e+01
6.180000e-06	-2.744885e-06	-8.431776e-10	-1.942007e+01	-5.642326e+01
6.190000e-06	-2.784740e-06	-8.505600e-10	-1.970205e+01	-5.768528e+01
6.200000e-06	-2.824554e-06	-8.582215e-10	-1.998374e+01	-5.890767e+01
6.210000e-06	-2.864275e-06	-8.712277e-10	-2.026476e+01	-6.009080e+01
6.220000e-06	-2.903846e-06	-8.924240e-10	-2.054473e+01	-6.123534e+01
6.230000e-06	-2.943182e-06	-9.166575e-10	-2.082303e+01	-6.234223e+01
6.240000e-06	-2.982250e-06	-9.406628e-10	-2.109943e+01	-6.341265e+01
6.250000e-06	-3.021031e-06	-9.608459e-10	-2.137381e+01	-6.444797e+01
6.260000e-06	-3.059429e-06	-9.770571e-10	-2.164548e+01	-6.544967e+01
6.270000e-06	-3.097421e-06	-9.855077e-10	-2.191427e+01	-6.641929e+01
6.280000e-06	-3.135047e-06	-9.862807e-10	-2.218047e+01	-6.735837e+01
6.290000e-06	-3.172247e-06	-9.904496e-10	-2.244367e+01	-6.826840e+01
6.300000e-06	-3.209120e-06	-1.002505e-09	-2.270454e+01	-6.915074e+01
6.310000e-06	-3.245673e-06	-1.022765e-09	-2.296316e+01	-7.000659e+01
6.320000e-06	-3.281881e-06	-1.042005e-09	-2.321933e+01	-7.083698e+01
6.330000e-06	-3.317950e-06	-1.062030e-09	-2.347451e+01	-7.164270e+01
6.340000e-06	-3.353892e-06	-1.080300e-09	-2.372881e+01	-7.242433e+01
6.350000e-06	-3.389689e-06	-1.093395e-09	-2.398207e+01	-7.318222e+01
6.360000e-06	-3.425474e-06	-1.096635e-09	-2.423525e+01	-7.391656e+01
6.370000e-06	-3.461149e-06	-1.092343e-09	-2.448765e+01	-7.462731e+01
6.380000e-06	-3.496575e-06	-1.091226e-09	-2.473829e+01	-7.531434e+01
6.390000e-06	-3.531735e-06	-1.097170e-09	-2.498705e+01	-7.597742e+01
6.400000e-06	-3.566578e-06	-1.109714e-09	-2.523356e+01	-7.661625e+01
6.410000e-06	-3.601089e-06	-1.127091e-09	-2.547772e+01	-7.723058e+01
6.420000e-06	-3.635304e-06	-1.145538e-09	-2.571980e+01	-7.782017e+01
6.430000e-06	-3.669271e-06	-1.162095e-09	-2.596011e+01	-7.838491e+01
6.440000e-06	-3.703080e-06	-1.169910e-09	-2.619931e+01	-7.892479e+01
6.450000e-06	-3.736703e-06	-1.169678e-09	-2.643720e+01	-7.943996e+01
6.460000e-06	-3.770094e-06	-1.165432e-09	-2.667343e+01	-7.993075e+01
6.470000e-06	-3.803204e-06	-1.162128e-09	-2.690769e+01	-8.039766e+01
6.480000e-06	-3.835949e-06	-1.167175e-09	-2.713936e+01	-8.084133e+01
6.490000e-06	-3.868336e-06	-1.178299e-09	-2.736850e+01	-8.126258e+01
6.500000e-06	-3.900454e-06	-1.193467e-09	-2.759573e+01	-8.166235e+01
6.510000e-06	-3.932489e-06	-1.209649e-09	-2.782238e+01	-8.204164e+01
6.520000e-06	-3.964381e-06	-1.220894e-09	-2.804802e+01	-8.240154e+01
6.530000e-06	-3.995953e-06	-1.223153e-09	-2.827139e+01	-8.274316e+01
6.540000e-06	-4.027260e-06	-1.220285e-09	-2.849289e+01	-8.306756e+01
6.550000e-06	-4.058330e-06	-1.217461e-09	-2.871271e+01	-8.337576e+01
6.560000e-06	-4.089099e-06	-1.219972e-09	-2.893040e+01	-8.366873e+01
6.570000e-06	-4.119340e-06	-1.225600e-09	-2.914436e+01	-8.394728e+01
6.580000e-06	-4.148992e-06	-1.232656e-09	-2.935414e+01	-8.421216e+01
6.590000e-06	-4.178134e-06	-1.239996e-09	-2.956032e+01	-8.446396e+01
6.600000e-06	-4.206783e-06	-1.245818e-09	-2.976302e+01	-8.470318e+01
6.610000e-06	-4.235094e-06	-1.249530e-09	-2.996332e+01	-8.493021e+01
6.620000e-06	-4.263178e-06	-1.251113e-09	-3.016201e+01	-8.514537e+01
6.630000e-06	-4.291127e-06	-1.251205e-09	-3.035975e+01	-8.534891e+01
6.640000e-06	-4.318989e-06	-1.250923e-09	-3.055687e+01	-8.554106e+01
6.650000e-06	-4.346638e-06	-1.250775e-09	-3.075249e+01	-8.572207e+01
6.660000e-06	-4.374040e-06	-1.251762e-09	-3.094636e+01	-8.589218e+01
6.670000e-06	-4.401159e-06	-1.254448e-09	-3.113822e+01	-8.605174e+01
6.680000e-06	-4.427872e-06	-1.258992e-09	-3.132722e+01	-8.620113e+01
6.690000e-06	-4.454252e-06	-1.263113e-09	-3.151386e+01	-8.634084e+01
6.700000e-06	-4.480329e-06	-1.265211e-09	-3.169835e+01	-8.647144e+01
6.710000e-06	-4.506096e-06	-1.266733e-09	-3.188065e+01	-8.659359e+01
6.720000e-06	-4.531561e-06	-1.269203e-09	-3.206082e+01	-8.670800e+01
6.730000e-06	-4.556603e-06	-1.271487e-09	-3.223799e+01	-8.681546e+01
6.740000e-06	-4.581254e-06	-1.272238e-09	-3.241240e+01	-8.691676e+01
6.750000e-06	-4.605667e-06	-1.272694e-09	-3.258512e+01	-8.701267e+01
6.760000e-06	-4.629892e-06	-1.275222e-09	-3.275651e+01	-8.710393e+01
6.770000e-06	-4.653991e-06	-1.280052e-09	-3.292701e+01	-8.719119e+01
6.780000e-06	-4.677851e-06	-1.284919e-09	-3.309582e+01	-8.727500e+01
6.790000e-06	-4.701413e-06	-1.289141e-09	-3.326252e+01	-8.735578e+01
6.800000e-06	-4.724733e-06	-1.291227e-09	-3.342751e+01	-8.743378e+01
6.810000e-06	-4.747664e-06	-1.290221e-09	-3.358975e+01	-8.750912e+01
6.820000e-06	-4.770033e-06	-1.286920e-09	-3.374801e+01	-8.758174e+01
6.830000e-06	-4.791785e-06	-1.283981e-09	-3.390191e+01	-8.765146e+01
6.840000e-06	-4.812983e-06	-1.282947e-09	-3.405188e+01	-8.771797e+01
6.850000e-06	-4.833743e-06	-1.283956e-09	-3.419876e+01	-8.778086e+01
6.860000e-06	-4.854118e-06	-1.286048e-09	-3.434291e+01	-8.783968e+01
6.870000e-06	-4.874256e-06	-1.288712e-09	-3.448539e+01	-8.789398e+01
6.880000e-06	-4.894215e-06	-1.290570e-09	-3.462660e+01	-8.794331e+01
6.890000e-06	-4.913892e-06	-1.290185e-09	-3.476582e+01	-8.798734e+01
6.900000e-06	-4.933248e-06	-1.287289e-09	-3.490276e+01	-8.802581e+01
6.910000e-06	-4.952302e-06	-1.284983e-09	-3.503757e+01	-8.805864e+01
6.920000e-06	-4.971053e-06	-1.285821e-09	-3.517023e+01	-8.808586e+01
6.930000e-06	-4.989437e-06	-1.287758e-09	-3.530030e+01	-8.810773e+01
6.940000e-06	-5.007494e-06	-1.286348e-09	-3.542805e+01	-8.812462e+01
6.950000e-06	-5.025270e-06	-1.284993e-09	-3.555381e+01	-8.813708e+01
6.960000e-06	-5.042706e-06	-1.286251e-09	-3.567717e+01	-8.814576e+01
6.970000e-06	-5.059742e-06	-1.285894e-09	-3.579770e+01	-8.815137e+01
6.980000e-06	-5.076371e-06	-1.282810e-09	-3.591535e+01	-8.815467e+01
6.990000e-06	-5.092713e-06	-1.279707e-09	-3.603097e+01	-8.815637e+01
7.000000e-06	-5.108839e-06	-1.279185e-09	-3.614507e+01	-8.815707e+01
7.010000e-06	-5.124673e-06	-1.280077e-09	-3.625709e+01	-8.815725e+01
7.020000e-06	-5.140228e-06	-1.280423e-09	-3.636715e+01	-8.815716e+01
7.030000e-06	-5.155492e-06	-1.280455e-09	-3.647514e+01	-8.815685e+01
7.040000e-06	-5.170169e-06	-1.279218e-09	-3.657898e+01	-8.815606e+01
7.050000e-06	-5.184095e-06	-1.276445e-09	-3.667750e+01	-8.815428e+01
7.060000e-06	-5.197476e-06	-1.273445e-09	-3.677217e+01	-8.815072e+01
7.070000e-06	-5.210357e-06	-1.270112e-09	-3.686331e+01	-8.814436e+01
7.080000e-06	-5.222757e-06	-1.266606e-09	-3.695104e+01	-8.813395e+01
7.090000e-06	-5.234843e-06	-1.263754e-09	-3.703654e+01	-8.811815e+01
7.100000e-06	-5.246609e-06	-1.263022e-09	-3.711979e+01	-8.809550e+01
7.110000e-06	-5.257955e-06	-1.262495e-09	-3.720006e+01	-8.806462e+01
7.120000e-06	-5.269008e-06	-1.261926e-09	-3.727826e+01	-8.802421e+01
7.130000e-06	-5.279754e-06	-1.261539e-09	-3.735429e+01	-8.797318e+01
7.140000e-06	-5.290058e-06	-1.260485e-09	-3.742719e+01	-8.791073e+01
7.150000e-06	-5.299958e-06	-1.259405e-09	-3.749724e+01	-8.783645e+01
7.160000e-06	-5.309462e-06	-1.256825e-09	-3.756447e+01	-8.775031e+01
7.170000e-06	-5.318597e-06	-1.252958e-09	-3.762910e+01	-8.765276e+01
7.180000e-06	-5.327307e-06	-1.248670e-09	-3.769073e+01	-8.754474e+01
7.190000e-06	-5.335657e-06	-1.244469e-09	-3.774981e+01	-8.742762e+01
7.200000e-06	-5.343793e-06	-1.242423e-09	-3.780736e+01	-8.730318e+01
7.210000e-06	-5.351696e-06	-1.243817e-09	-3.786328e+01	-8.717356e+01
7.220000e-06	-5.359366e-06	-1.245679e-09	-3.791755e+01	-8.704114e+01
7.230000e-06	-5.366695e-06	-1.243578e-09	-3.796940e+01	-8.690843e+01
7.240000e-06	-5.373550e-06	-1.239785e-09	-3.801790e+01	-8.677794e+01
7.250000e-06	-5.379862e-06	-1.237696e-09	-3.806255e+01	-8.665205e+01
7.260000e-06	-5.385546e-06	-1.235530e-09	-3.810277e+01	-8.653285e+01
7.270000e-06	-5.390578e-06	-1.231640e-09	-3.813837e+01	-8.642202e+01
7.280000e-06	-5.395172e-06	-1.229334e-09	-3.817087e+01	-8.632072e+01
7.290000e-06	-5.399494e-06	-1.229881e-09	-3.820145e+01	-8.622948e+01
7.300000e-06	-5.403550e-06	-1.230246e-09	-3.823014e+01	-8.614813e+01
7.310000e-06	-5.407316e-06	-1.227879e-09	-3.825679e+01	-8.607578e+01
7.320000e-06	-5.410734e-06	-1.224338e-09	-3.828097e+01	-8.601082e+01
7.330000e-06	-5.413870e-06	-1.222501e-09	-3.830316e+01	-8.595098e+01
7.340000e-06	-5.416679e-06	-1.222948e-09	-3.832304e+01	-8.589339e+01
7.350000e-06	-5.419068e-06	-1.223449e-09	-3.833994e+01	-8.583475e+01
7.360000e-06	-5.421067e-06	-1.221282e-09	-3.835408e+01	-8.577144e+01
7.370000e-06	-5.422768e-06	-1.217547e-09	-3.836612e+01	-8.569974e+01
7.380000e-06	-5.424199e-06	-1.214657e-09	-3.837624e+01	-8.561602e+01
7.390000e-06	-5.425176e-06	-1.212304e-09	-3.838315e+01	-8.551695e+01
7.400000e-06	-5.425673e-06	-1.210488e-09	-3.838667e+01	-8.539974e+01
