# Temperatura_=_12.11
# Concentracion g/m^3_=_1620.0
# C_Vs_to_Am_M_A/Vsm_=_65563218390.804596
# pendiente_HvsI_1/m_=_3716.3
# ordenada_HvsI_A/m_=_1297.0
# frecuencia_Hz_=_135096.7017473954

Tiempo_(s)	Campo_(V.s)	Magnetizacion_(V.s)	Campo_(kA/m)	Magnetizacion_(A/m)
0.000000e+00	-5.523126e-06	-1.700674e-09	-3.837146e+01	-1.103862e+02
1.000000e-08	-5.523262e-06	-1.695234e-09	-3.837240e+01	-1.103052e+02
2.000000e-08	-5.523166e-06	-1.690523e-09	-3.837174e+01	-1.102313e+02
3.000000e-08	-5.522799e-06	-1.689107e-09	-3.836919e+01	-1.101652e+02
4.000000e-08	-5.522003e-06	-1.689651e-09	-3.836366e+01	-1.101074e+02
5.000000e-08	-5.520624e-06	-1.687145e-09	-3.835408e+01	-1.100583e+02
6.000000e-08	-5.518629e-06	-1.680499e-09	-3.834022e+01	-1.100182e+02
7.000000e-08	-5.516056e-06	-1.688832e-09	-3.832234e+01	-1.099870e+02
8.000000e-08	-5.512943e-06	-1.713554e-09	-3.830072e+01	-1.099646e+02
9.000000e-08	-5.509296e-06	-1.726459e-09	-3.827538e+01	-1.099504e+02
1.000000e-07	-5.505192e-06	-1.677650e-09	-3.824687e+01	-1.099440e+02
1.100000e-07	-5.500821e-06	-1.661054e-09	-3.821650e+01	-1.099445e+02
1.200000e-07	-5.496279e-06	-1.685999e-09	-3.818495e+01	-1.099509e+02
1.300000e-07	-5.491485e-06	-1.687859e-09	-3.815164e+01	-1.099621e+02
1.400000e-07	-5.486333e-06	-1.657753e-09	-3.811584e+01	-1.099767e+02
1.500000e-07	-5.480765e-06	-1.671993e-09	-3.807716e+01	-1.099934e+02
1.600000e-07	-5.474744e-06	-1.702216e-09	-3.803533e+01	-1.100106e+02
1.700000e-07	-5.468299e-06	-1.704180e-09	-3.799056e+01	-1.100266e+02
1.800000e-07	-5.461432e-06	-1.658661e-09	-3.794285e+01	-1.100400e+02
1.900000e-07	-5.454234e-06	-1.672598e-09	-3.789284e+01	-1.100489e+02
2.000000e-07	-5.446697e-06	-1.670590e-09	-3.784048e+01	-1.100518e+02
2.100000e-07	-5.438841e-06	-1.689247e-09	-3.778590e+01	-1.100470e+02
2.200000e-07	-5.430846e-06	-1.686134e-09	-3.773035e+01	-1.100331e+02
2.300000e-07	-5.422644e-06	-1.695081e-09	-3.767337e+01	-1.100086e+02
2.400000e-07	-5.413958e-06	-1.685294e-09	-3.761303e+01	-1.099722e+02
2.500000e-07	-5.404611e-06	-1.681343e-09	-3.754809e+01	-1.099228e+02
2.600000e-07	-5.394654e-06	-1.670222e-09	-3.747892e+01	-1.098595e+02
2.700000e-07	-5.384098e-06	-1.663877e-09	-3.740558e+01	-1.097813e+02
2.800000e-07	-5.372929e-06	-1.676003e-09	-3.732798e+01	-1.096879e+02
2.900000e-07	-5.361355e-06	-1.668773e-09	-3.724757e+01	-1.095788e+02
3.000000e-07	-5.349432e-06	-1.661764e-09	-3.716474e+01	-1.094538e+02
3.100000e-07	-5.337030e-06	-1.645171e-09	-3.707857e+01	-1.093131e+02
3.200000e-07	-5.324258e-06	-1.667364e-09	-3.698984e+01	-1.091569e+02
3.300000e-07	-5.311206e-06	-1.653489e-09	-3.689916e+01	-1.089857e+02
3.400000e-07	-5.297732e-06	-1.647704e-09	-3.680556e+01	-1.088001e+02
3.500000e-07	-5.283783e-06	-1.630540e-09	-3.670865e+01	-1.086011e+02
3.600000e-07	-5.269470e-06	-1.659162e-09	-3.660921e+01	-1.083897e+02
3.700000e-07	-5.254768e-06	-1.632780e-09	-3.650707e+01	-1.081669e+02
3.800000e-07	-5.239548e-06	-1.609880e-09	-3.640133e+01	-1.079340e+02
3.900000e-07	-5.223797e-06	-1.618110e-09	-3.629190e+01	-1.076925e+02
4.000000e-07	-5.207520e-06	-1.646413e-09	-3.617882e+01	-1.074437e+02
4.100000e-07	-5.190789e-06	-1.605210e-09	-3.606258e+01	-1.071890e+02
4.200000e-07	-5.173716e-06	-1.601713e-09	-3.594396e+01	-1.069299e+02
4.300000e-07	-5.156351e-06	-1.634325e-09	-3.582332e+01	-1.066677e+02
4.400000e-07	-5.138696e-06	-1.617252e-09	-3.570067e+01	-1.064040e+02
4.500000e-07	-5.120658e-06	-1.566976e-09	-3.557535e+01	-1.061398e+02
4.600000e-07	-5.102263e-06	-1.598818e-09	-3.544755e+01	-1.058765e+02
4.700000e-07	-5.083505e-06	-1.611808e-09	-3.531723e+01	-1.056151e+02
4.800000e-07	-5.064372e-06	-1.566683e-09	-3.518431e+01	-1.053565e+02
4.900000e-07	-5.044941e-06	-1.573832e-09	-3.504931e+01	-1.051015e+02
5.000000e-07	-5.025291e-06	-1.617268e-09	-3.491279e+01	-1.048507e+02
5.100000e-07	-5.005350e-06	-1.577636e-09	-3.477425e+01	-1.046046e+02
5.200000e-07	-4.985090e-06	-1.549656e-09	-3.463350e+01	-1.043634e+02
5.300000e-07	-4.964511e-06	-1.595712e-09	-3.449053e+01	-1.041273e+02
5.400000e-07	-4.943613e-06	-1.583800e-09	-3.434535e+01	-1.038961e+02
5.500000e-07	-4.922360e-06	-1.536772e-09	-3.419769e+01	-1.036698e+02
5.600000e-07	-4.900782e-06	-1.566462e-09	-3.404778e+01	-1.034478e+02
5.700000e-07	-4.878894e-06	-1.587427e-09	-3.389571e+01	-1.032297e+02
5.800000e-07	-4.856579e-06	-1.535292e-09	-3.374069e+01	-1.030148e+02
5.900000e-07	-4.833956e-06	-1.544705e-09	-3.358351e+01	-1.028025e+02
6.000000e-07	-4.811097e-06	-1.582188e-09	-3.342470e+01	-1.025919e+02
6.100000e-07	-4.787769e-06	-1.552900e-09	-3.326263e+01	-1.023822e+02
6.200000e-07	-4.764098e-06	-1.525663e-09	-3.309818e+01	-1.021724e+02
6.300000e-07	-4.740344e-06	-1.560859e-09	-3.293315e+01	-1.019617e+02
6.400000e-07	-4.716311e-06	-1.546631e-09	-3.276618e+01	-1.017490e+02
6.500000e-07	-4.691937e-06	-1.515461e-09	-3.259684e+01	-1.015336e+02
6.600000e-07	-4.667197e-06	-1.531375e-09	-3.242497e+01	-1.013146e+02
6.700000e-07	-4.641995e-06	-1.546258e-09	-3.224988e+01	-1.010911e+02
6.800000e-07	-4.616248e-06	-1.514458e-09	-3.207100e+01	-1.008625e+02
6.900000e-07	-4.589896e-06	-1.521821e-09	-3.188793e+01	-1.006282e+02
7.000000e-07	-4.563077e-06	-1.533568e-09	-3.170160e+01	-1.003876e+02
7.100000e-07	-4.535865e-06	-1.511909e-09	-3.151255e+01	-1.001403e+02
7.200000e-07	-4.508359e-06	-1.493960e-09	-3.132145e+01	-9.988608e+01
7.300000e-07	-4.480709e-06	-1.506522e-09	-3.112936e+01	-9.962468e+01
7.400000e-07	-4.452865e-06	-1.494305e-09	-3.093591e+01	-9.935605e+01
7.500000e-07	-4.424871e-06	-1.480204e-09	-3.074142e+01	-9.908023e+01
7.600000e-07	-4.396686e-06	-1.486568e-09	-3.054561e+01	-9.879735e+01
7.700000e-07	-4.368193e-06	-1.483935e-09	-3.034766e+01	-9.850764e+01
7.800000e-07	-4.339295e-06	-1.464742e-09	-3.014690e+01	-9.821143e+01
7.900000e-07	-4.309899e-06	-1.464249e-09	-2.994267e+01	-9.790909e+01
8.000000e-07	-4.280221e-06	-1.464284e-09	-2.973648e+01	-9.760105e+01
8.100000e-07	-4.250345e-06	-1.448407e-09	-2.952892e+01	-9.728780e+01
8.200000e-07	-4.220201e-06	-1.439966e-09	-2.931950e+01	-9.696984e+01
8.300000e-07	-4.189784e-06	-1.436889e-09	-2.910818e+01	-9.664767e+01
8.400000e-07	-4.159028e-06	-1.426210e-09	-2.889451e+01	-9.632181e+01
8.500000e-07	-4.127970e-06	-1.419450e-09	-2.867873e+01	-9.599272e+01
8.600000e-07	-4.096685e-06	-1.423732e-09	-2.846138e+01	-9.566086e+01
8.700000e-07	-4.065218e-06	-1.409876e-09	-2.824277e+01	-9.532662e+01
8.800000e-07	-4.033600e-06	-1.393349e-09	-2.802310e+01	-9.499034e+01
8.900000e-07	-4.001800e-06	-1.388572e-09	-2.780217e+01	-9.465229e+01
9.000000e-07	-3.969768e-06	-1.384026e-09	-2.757964e+01	-9.431267e+01
9.100000e-07	-3.937451e-06	-1.370517e-09	-2.735512e+01	-9.397158e+01
9.200000e-07	-3.904792e-06	-1.371476e-09	-2.712822e+01	-9.362907e+01
9.300000e-07	-3.871739e-06	-1.370927e-09	-2.689859e+01	-9.328509e+01
9.400000e-07	-3.838142e-06	-1.361531e-09	-2.666518e+01	-9.293952e+01
9.500000e-07	-3.804074e-06	-1.351544e-09	-2.642849e+01	-9.259216e+01
9.600000e-07	-3.769578e-06	-1.347591e-09	-2.618883e+01	-9.224275e+01
9.700000e-07	-3.734657e-06	-1.333431e-09	-2.594622e+01	-9.189097e+01
9.800000e-07	-3.699439e-06	-1.323495e-09	-2.570155e+01	-9.153644e+01
9.900000e-07	-3.663982e-06	-1.321079e-09	-2.545521e+01	-9.117875e+01
1.000000e-06	-3.628352e-06	-1.318162e-09	-2.520768e+01	-9.081747e+01
1.010000e-06	-3.592576e-06	-1.309781e-09	-2.495912e+01	-9.045216e+01
1.020000e-06	-3.556733e-06	-1.308902e-09	-2.471011e+01	-9.008237e+01
1.030000e-06	-3.520775e-06	-1.302145e-09	-2.446030e+01	-8.970766e+01
1.040000e-06	-3.484504e-06	-1.289893e-09	-2.420830e+01	-8.932763e+01
1.050000e-06	-3.447961e-06	-1.282743e-09	-2.395442e+01	-8.894190e+01
1.060000e-06	-3.411284e-06	-1.279010e-09	-2.369961e+01	-8.855015e+01
1.070000e-06	-3.374297e-06	-1.270932e-09	-2.344265e+01	-8.815210e+01
1.080000e-06	-3.336919e-06	-1.266033e-09	-2.318297e+01	-8.774754e+01
1.090000e-06	-3.299289e-06	-1.265512e-09	-2.292154e+01	-8.733635e+01
1.100000e-06	-3.261471e-06	-1.258449e-09	-2.265880e+01	-8.691843e+01
1.110000e-06	-3.223468e-06	-1.247986e-09	-2.239478e+01	-8.649381e+01
1.120000e-06	-3.185264e-06	-1.242542e-09	-2.212936e+01	-8.606254e+01
1.130000e-06	-3.146861e-06	-1.235963e-09	-2.186256e+01	-8.562477e+01
1.140000e-06	-3.108256e-06	-1.226565e-09	-2.159435e+01	-8.518071e+01
1.150000e-06	-3.069400e-06	-1.221958e-09	-2.132440e+01	-8.473061e+01
1.160000e-06	-3.030220e-06	-1.217896e-09	-2.105220e+01	-8.427478e+01
1.170000e-06	-2.990823e-06	-1.210365e-09	-2.077850e+01	-8.381357e+01
1.180000e-06	-2.951289e-06	-1.201173e-09	-2.050383e+01	-8.334736e+01
1.190000e-06	-2.911680e-06	-1.199130e-09	-2.022866e+01	-8.287653e+01
1.200000e-06	-2.871983e-06	-1.193151e-09	-1.995287e+01	-8.240147e+01
1.210000e-06	-2.832148e-06	-1.185371e-09	-1.967612e+01	-8.192256e+01
1.220000e-06	-2.792177e-06	-1.177993e-09	-1.939842e+01	-8.144015e+01
1.230000e-06	-2.751988e-06	-1.173651e-09	-1.911921e+01	-8.095457e+01
1.240000e-06	-2.711640e-06	-1.168802e-09	-1.883889e+01	-8.046607e+01
1.250000e-06	-2.671159e-06	-1.165875e-09	-1.855766e+01	-7.997487e+01
1.260000e-06	-2.630458e-06	-1.159695e-09	-1.827489e+01	-7.948111e+01
1.270000e-06	-2.589453e-06	-1.149163e-09	-1.799001e+01	-7.898484e+01
1.280000e-06	-2.548191e-06	-1.137563e-09	-1.770335e+01	-7.848604e+01
1.290000e-06	-2.506665e-06	-1.128952e-09	-1.741485e+01	-7.798459e+01
1.300000e-06	-2.464765e-06	-1.120148e-09	-1.712375e+01	-7.748029e+01
1.310000e-06	-2.422602e-06	-1.111972e-09	-1.683083e+01	-7.697283e+01
1.320000e-06	-2.380244e-06	-1.106527e-09	-1.653655e+01	-7.646181e+01
1.330000e-06	-2.337611e-06	-1.101506e-09	-1.624036e+01	-7.594676e+01
1.340000e-06	-2.294625e-06	-1.093174e-09	-1.594172e+01	-7.542709e+01
1.350000e-06	-2.251329e-06	-1.085598e-09	-1.564092e+01	-7.490216e+01
1.360000e-06	-2.207894e-06	-1.076520e-09	-1.533916e+01	-7.437125e+01
1.370000e-06	-2.164402e-06	-1.065186e-09	-1.503700e+01	-7.383356e+01
1.380000e-06	-2.120778e-06	-1.052433e-09	-1.473393e+01	-7.328828e+01
1.390000e-06	-2.077017e-06	-1.042377e-09	-1.442990e+01	-7.273452e+01
1.400000e-06	-2.033208e-06	-1.034949e-09	-1.412555e+01	-7.217138e+01
1.410000e-06	-1.989356e-06	-1.026921e-09	-1.382088e+01	-7.159793e+01
1.420000e-06	-1.945432e-06	-1.017972e-09	-1.351573e+01	-7.101327e+01
1.430000e-06	-1.901486e-06	-1.007526e-09	-1.321042e+01	-7.041645e+01
1.440000e-06	-1.857440e-06	-9.948319e-10	-1.290441e+01	-6.980660e+01
1.450000e-06	-1.813171e-06	-9.810269e-10	-1.259686e+01	-6.918282e+01
1.460000e-06	-1.768775e-06	-9.677175e-10	-1.228842e+01	-6.854429e+01
1.470000e-06	-1.724249e-06	-9.524797e-10	-1.197908e+01	-6.789020e+01
1.480000e-06	-1.679572e-06	-9.398605e-10	-1.166869e+01	-6.721980e+01
1.490000e-06	-1.634937e-06	-9.285022e-10	-1.135859e+01	-6.653241e+01
1.500000e-06	-1.590225e-06	-9.163789e-10	-1.104795e+01	-6.582738e+01
1.510000e-06	-1.545271e-06	-9.018824e-10	-1.073564e+01	-6.510411e+01
1.520000e-06	-1.500127e-06	-8.897150e-10	-1.042201e+01	-6.436208e+01
1.530000e-06	-1.454862e-06	-8.779307e-10	-1.010753e+01	-6.360080e+01
1.540000e-06	-1.409520e-06	-8.643897e-10	-9.792527e+00	-6.281983e+01
1.550000e-06	-1.364030e-06	-8.477331e-10	-9.476485e+00	-6.201876e+01
1.560000e-06	-1.318439e-06	-8.335242e-10	-9.159748e+00	-6.119723e+01
1.570000e-06	-1.272774e-06	-8.191070e-10	-8.842490e+00	-6.035488e+01
1.580000e-06	-1.227086e-06	-8.034898e-10	-8.525078e+00	-5.949139e+01
1.590000e-06	-1.181379e-06	-7.871827e-10	-8.207532e+00	-5.860641e+01
1.600000e-06	-1.135610e-06	-7.732052e-10	-7.889559e+00	-5.769962e+01
1.610000e-06	-1.089711e-06	-7.609615e-10	-7.570681e+00	-5.677065e+01
1.620000e-06	-1.043692e-06	-7.487057e-10	-7.250965e+00	-5.581914e+01
1.630000e-06	-9.976580e-07	-7.365796e-10	-6.931147e+00	-5.484465e+01
1.640000e-06	-9.515351e-07	-7.238203e-10	-6.610712e+00	-5.384674e+01
1.650000e-06	-9.053380e-07	-7.080599e-10	-6.289761e+00	-5.282489e+01
1.660000e-06	-8.590775e-07	-6.895068e-10	-5.968370e+00	-5.177856e+01
1.670000e-06	-8.127420e-07	-6.696656e-10	-5.646458e+00	-5.070712e+01
1.680000e-06	-7.664143e-07	-6.494971e-10	-5.324600e+00	-4.960989e+01
1.690000e-06	-7.200481e-07	-6.307516e-10	-5.002475e+00	-4.848615e+01
1.700000e-06	-6.735912e-07	-6.128677e-10	-4.679719e+00	-4.733510e+01
1.710000e-06	-6.269924e-07	-5.976035e-10	-4.355978e+00	-4.615590e+01
1.720000e-06	-5.803456e-07	-5.824253e-10	-4.031903e+00	-4.494767e+01
1.730000e-06	-5.337264e-07	-5.655057e-10	-3.708020e+00	-4.370949e+01
1.740000e-06	-4.870627e-07	-5.442947e-10	-3.383828e+00	-4.244041e+01
1.750000e-06	-4.403619e-07	-5.197604e-10	-3.059378e+00	-4.113948e+01
1.760000e-06	-3.936649e-07	-4.949986e-10	-2.734955e+00	-3.980574e+01
1.770000e-06	-3.469443e-07	-4.742457e-10	-2.410367e+00	-3.843825e+01
1.780000e-06	-3.001502e-07	-4.571766e-10	-2.085268e+00	-3.703612e+01
1.790000e-06	-2.532910e-07	-4.413474e-10	-1.759719e+00	-3.559849e+01
1.800000e-06	-2.064435e-07	-4.248572e-10	-1.434249e+00	-3.412456e+01
1.810000e-06	-1.597304e-07	-4.071805e-10	-1.109714e+00	-3.261366e+01
1.820000e-06	-1.130412e-07	-3.843357e-10	-7.853444e-01	-3.106518e+01
1.830000e-06	-6.621803e-08	-3.589616e-10	-4.600443e-01	-2.947864e+01
1.840000e-06	-1.931900e-08	-3.344744e-10	-1.342171e-01	-2.785373e+01
1.850000e-06	2.763686e-08	-3.135852e-10	1.920048e-01	-2.619024e+01
1.860000e-06	7.454164e-08	-2.942850e-10	5.178719e-01	-2.448818e+01
1.870000e-06	1.213070e-07	-2.742755e-10	8.427705e-01	-2.274771e+01
1.880000e-06	1.680632e-07	-2.507832e-10	1.167605e+00	-2.096919e+01
1.890000e-06	2.149153e-07	-2.222229e-10	1.493106e+00	-1.915317e+01
1.900000e-06	2.618009e-07	-1.915038e-10	1.818840e+00	-1.730040e+01
1.910000e-06	3.086404e-07	-1.629910e-10	2.144254e+00	-1.541187e+01
1.920000e-06	3.555513e-07	-1.375138e-10	2.470163e+00	-1.348875e+01
1.930000e-06	4.024637e-07	-1.142015e-10	2.796083e+00	-1.153243e+01
1.940000e-06	4.492669e-07	-9.309621e-11	3.121245e+00	-9.544491e+00
1.950000e-06	4.958838e-07	-7.004411e-11	3.445112e+00	-7.526738e+00
1.960000e-06	5.423911e-07	-4.065547e-11	3.768217e+00	-5.481151e+00
1.970000e-06	5.888977e-07	-7.824275e-12	4.091319e+00	-3.409893e+00
1.980000e-06	6.352974e-07	2.429450e-11	4.413676e+00	-1.315296e+00
1.990000e-06	6.816688e-07	5.549787e-11	4.735838e+00	8.001566e-01
2.000000e-06	7.281176e-07	8.612842e-11	5.058537e+00	2.933842e+00
2.010000e-06	7.745167e-07	1.160416e-10	5.380891e+00	5.083021e+00
2.020000e-06	8.208586e-07	1.443766e-10	5.702847e+00	7.244851e+00
2.030000e-06	8.671281e-07	1.743157e-10	6.024301e+00	9.416412e+00
2.040000e-06	9.132968e-07	2.041096e-10	6.345054e+00	1.159472e+01
2.050000e-06	9.594261e-07	2.363588e-10	6.665533e+00	1.377676e+01
2.060000e-06	1.005516e-06	2.703812e-10	6.985740e+00	1.595949e+01
2.070000e-06	1.051512e-06	3.039794e-10	7.305295e+00	1.813988e+01
2.080000e-06	1.097372e-06	3.373320e-10	7.623904e+00	2.031491e+01
2.090000e-06	1.143219e-06	3.686466e-10	7.942421e+00	2.248162e+01
2.100000e-06	1.189027e-06	3.976047e-10	8.260665e+00	2.463710e+01
2.110000e-06	1.234689e-06	4.276217e-10	8.577899e+00	2.677853e+01
2.120000e-06	1.280205e-06	4.603013e-10	8.894116e+00	2.890319e+01
2.130000e-06	1.325672e-06	4.933265e-10	9.209995e+00	3.100847e+01
2.140000e-06	1.371122e-06	5.230773e-10	9.525760e+00	3.309189e+01
2.150000e-06	1.416554e-06	5.514771e-10	9.841389e+00	3.515111e+01
2.160000e-06	1.461830e-06	5.777681e-10	1.015594e+01	3.718395e+01
2.170000e-06	1.506877e-06	6.031759e-10	1.046890e+01	3.918837e+01
2.180000e-06	1.551832e-06	6.286738e-10	1.078123e+01	4.116254e+01
2.190000e-06	1.596722e-06	6.558928e-10	1.109310e+01	4.310477e+01
2.200000e-06	1.641420e-06	6.875444e-10	1.140363e+01	4.501356e+01
2.210000e-06	1.685895e-06	7.201240e-10	1.171262e+01	4.688760e+01
2.220000e-06	1.730311e-06	7.498504e-10	1.202119e+01	4.872576e+01
2.230000e-06	1.774607e-06	7.732723e-10	1.232894e+01	5.052710e+01
2.240000e-06	1.818767e-06	7.919689e-10	1.263573e+01	5.229083e+01
2.250000e-06	1.862859e-06	8.094422e-10	1.294206e+01	5.401638e+01
2.260000e-06	1.906866e-06	8.278985e-10	1.324780e+01	5.570333e+01
2.270000e-06	1.950823e-06	8.504675e-10	1.355318e+01	5.735140e+01
2.280000e-06	1.994741e-06	8.766762e-10	1.385830e+01	5.896052e+01
2.290000e-06	2.038602e-06	9.016817e-10	1.416302e+01	6.053071e+01
2.300000e-06	2.082430e-06	9.240144e-10	1.446751e+01	6.206218e+01
2.310000e-06	2.126185e-06	9.438667e-10	1.477149e+01	6.355523e+01
2.320000e-06	2.169863e-06	9.605060e-10	1.507494e+01	6.501028e+01
2.330000e-06	2.213436e-06	9.751728e-10	1.537766e+01	6.642788e+01
2.340000e-06	2.256779e-06	9.922835e-10	1.567879e+01	6.780864e+01
2.350000e-06	2.299902e-06	1.011051e-09	1.597838e+01	6.915326e+01
2.360000e-06	2.342803e-06	1.032887e-09	1.627643e+01	7.046251e+01
2.370000e-06	2.385453e-06	1.055713e-09	1.657274e+01	7.173720e+01
2.380000e-06	2.427825e-06	1.075299e-09	1.686712e+01	7.297819e+01
2.390000e-06	2.469865e-06	1.090912e-09	1.715918e+01	7.418636e+01
2.400000e-06	2.511520e-06	1.104095e-09	1.744858e+01	7.536261e+01
2.410000e-06	2.552794e-06	1.117300e-09	1.773532e+01	7.650784e+01
2.420000e-06	2.593796e-06	1.129167e-09	1.802018e+01	7.762292e+01
2.430000e-06	2.634630e-06	1.140631e-09	1.830388e+01	7.870872e+01
2.440000e-06	2.675217e-06	1.153819e-09	1.858585e+01	7.976609e+01
2.450000e-06	2.715548e-06	1.170174e-09	1.886604e+01	8.079582e+01
2.460000e-06	2.755718e-06	1.187254e-09	1.914512e+01	8.179866e+01
2.470000e-06	2.795739e-06	1.200679e-09	1.942316e+01	8.277530e+01
2.480000e-06	2.835620e-06	1.211060e-09	1.970024e+01	8.372639e+01
2.490000e-06	2.875392e-06	1.220752e-09	1.997655e+01	8.465250e+01
2.500000e-06	2.915035e-06	1.231712e-09	2.025196e+01	8.555416e+01
2.510000e-06	2.954513e-06	1.242534e-09	2.052624e+01	8.643180e+01
2.520000e-06	2.993834e-06	1.252551e-09	2.079942e+01	8.728582e+01
2.530000e-06	3.032983e-06	1.262834e-09	2.107140e+01	8.811654e+01
2.540000e-06	3.071902e-06	1.272897e-09	2.134178e+01	8.892423e+01
2.550000e-06	3.110527e-06	1.283349e-09	2.161013e+01	8.970909e+01
2.560000e-06	3.148938e-06	1.293862e-09	2.187699e+01	9.047129e+01
2.570000e-06	3.187207e-06	1.303916e-09	2.214286e+01	9.121095e+01
2.580000e-06	3.225287e-06	1.312150e-09	2.240742e+01	9.192818e+01
2.590000e-06	3.263172e-06	1.319449e-09	2.267062e+01	9.262303e+01
2.600000e-06	3.300851e-06	1.326963e-09	2.293239e+01	9.329558e+01
2.610000e-06	3.338283e-06	1.333966e-09	2.319244e+01	9.394587e+01
2.620000e-06	3.375466e-06	1.342696e-09	2.345077e+01	9.457398e+01
2.630000e-06	3.412395e-06	1.352811e-09	2.370733e+01	9.517999e+01
2.640000e-06	3.449080e-06	1.362717e-09	2.396220e+01	9.576403e+01
2.650000e-06	3.485512e-06	1.371016e-09	2.421531e+01	9.632625e+01
2.660000e-06	3.521729e-06	1.376891e-09	2.446692e+01	9.686687e+01
2.670000e-06	3.557780e-06	1.383877e-09	2.471739e+01	9.738617e+01
2.680000e-06	3.593688e-06	1.391203e-09	2.496685e+01	9.788448e+01
2.690000e-06	3.629431e-06	1.398267e-09	2.521517e+01	9.836224e+01
2.700000e-06	3.665017e-06	1.407026e-09	2.546240e+01	9.881995e+01
2.710000e-06	3.700492e-06	1.416927e-09	2.570886e+01	9.925818e+01
2.720000e-06	3.735674e-06	1.426053e-09	2.595329e+01	9.967763e+01
2.730000e-06	3.770444e-06	1.433730e-09	2.619485e+01	1.000790e+02
2.740000e-06	3.804862e-06	1.439213e-09	2.643396e+01	1.004632e+02
2.750000e-06	3.838857e-06	1.443459e-09	2.667014e+01	1.008312e+02
2.760000e-06	3.872321e-06	1.445498e-09	2.690263e+01	1.011839e+02
2.770000e-06	3.905297e-06	1.448253e-09	2.713173e+01	1.015224e+02
2.780000e-06	3.937952e-06	1.455344e-09	2.735859e+01	1.018478e+02
2.790000e-06	3.970311e-06	1.465750e-09	2.758341e+01	1.021613e+02
2.800000e-06	4.002367e-06	1.478817e-09	2.780611e+01	1.024641e+02
2.810000e-06	4.034204e-06	1.487359e-09	2.802730e+01	1.027575e+02
2.820000e-06	4.065885e-06	1.491292e-09	2.824740e+01	1.030425e+02
2.830000e-06	4.097437e-06	1.493876e-09	2.846660e+01	1.033206e+02
2.840000e-06	4.128736e-06	1.494627e-09	2.868405e+01	1.035927e+02
2.850000e-06	4.159699e-06	1.494246e-09	2.889917e+01	1.038602e+02
2.860000e-06	4.190430e-06	1.496667e-09	2.911267e+01	1.041240e+02
2.870000e-06	4.220929e-06	1.504383e-09	2.932456e+01	1.043851e+02
2.880000e-06	4.251066e-06	1.514991e-09	2.953393e+01	1.046445e+02
2.890000e-06	4.280851e-06	1.523173e-09	2.974086e+01	1.049029e+02
2.900000e-06	4.310431e-06	1.526734e-09	2.994637e+01	1.051610e+02
2.910000e-06	4.339729e-06	1.526766e-09	3.014991e+01	1.054194e+02
2.920000e-06	4.368680e-06	1.527735e-09	3.035105e+01	1.056785e+02
2.930000e-06	4.397295e-06	1.531292e-09	3.054984e+01	1.059385e+02
2.940000e-06	4.425641e-06	1.536265e-09	3.074678e+01	1.061996e+02
2.950000e-06	4.453798e-06	1.540918e-09	3.094239e+01	1.064617e+02
2.960000e-06	4.481729e-06	1.546035e-09	3.113644e+01	1.067248e+02
2.970000e-06	4.509463e-06	1.550467e-09	3.132913e+01	1.069884e+02
2.980000e-06	4.537041e-06	1.554778e-09	3.152072e+01	1.072521e+02
2.990000e-06	4.564336e-06	1.561121e-09	3.171035e+01	1.075154e+02
3.000000e-06	4.591169e-06	1.568055e-09	3.189677e+01	1.077776e+02
3.010000e-06	4.617592e-06	1.573770e-09	3.208034e+01	1.080379e+02
3.020000e-06	4.643416e-06	1.575566e-09	3.225975e+01	1.082956e+02
3.030000e-06	4.668689e-06	1.576585e-09	3.243533e+01	1.085495e+02
3.040000e-06	4.693521e-06	1.578164e-09	3.260785e+01	1.087989e+02
3.050000e-06	4.717889e-06	1.580464e-09	3.277715e+01	1.090428e+02
3.060000e-06	4.741964e-06	1.584961e-09	3.294441e+01	1.092801e+02
3.070000e-06	4.765774e-06	1.589558e-09	3.310982e+01	1.095099e+02
3.080000e-06	4.789382e-06	1.594278e-09	3.327384e+01	1.097313e+02
3.090000e-06	4.812715e-06	1.600095e-09	3.343594e+01	1.099435e+02
3.100000e-06	4.835618e-06	1.602351e-09	3.359506e+01	1.101456e+02
3.110000e-06	4.858163e-06	1.602729e-09	3.375168e+01	1.103370e+02
3.120000e-06	4.880409e-06	1.602660e-09	3.390624e+01	1.105171e+02
3.130000e-06	4.902293e-06	1.606245e-09	3.405828e+01	1.106855e+02
3.140000e-06	4.923862e-06	1.613860e-09	3.420813e+01	1.108417e+02
3.150000e-06	4.945086e-06	1.620947e-09	3.435557e+01	1.109858e+02
3.160000e-06	4.965892e-06	1.625379e-09	3.450012e+01	1.111175e+02
3.170000e-06	4.986422e-06	1.627251e-09	3.464276e+01	1.112370e+02
3.180000e-06	5.006722e-06	1.626956e-09	3.478379e+01	1.113446e+02
3.190000e-06	5.026764e-06	1.626188e-09	3.492303e+01	1.114405e+02
3.200000e-06	5.046563e-06	1.627078e-09	3.506058e+01	1.115255e+02
3.210000e-06	5.066101e-06	1.630943e-09	3.519632e+01	1.115999e+02
3.220000e-06	5.085309e-06	1.636206e-09	3.532977e+01	1.116646e+02
3.230000e-06	5.104142e-06	1.639019e-09	3.546060e+01	1.117204e+02
3.240000e-06	5.122531e-06	1.638170e-09	3.558836e+01	1.117681e+02
3.250000e-06	5.140405e-06	1.637245e-09	3.571254e+01	1.118087e+02
3.260000e-06	5.157893e-06	1.638596e-09	3.583403e+01	1.118432e+02
3.270000e-06	5.175166e-06	1.640232e-09	3.595404e+01	1.118724e+02
3.280000e-06	5.192047e-06	1.643085e-09	3.607132e+01	1.118973e+02
3.290000e-06	5.208596e-06	1.648536e-09	3.618629e+01	1.119189e+02
3.300000e-06	5.224907e-06	1.655456e-09	3.629961e+01	1.119381e+02
3.310000e-06	5.240789e-06	1.660060e-09	3.640995e+01	1.119555e+02
3.320000e-06	5.256125e-06	1.660837e-09	3.651649e+01	1.119719e+02
3.330000e-06	5.270980e-06	1.659173e-09	3.661970e+01	1.119879e+02
3.340000e-06	5.285415e-06	1.657835e-09	3.671999e+01	1.120039e+02
3.350000e-06	5.299380e-06	1.657552e-09	3.681701e+01	1.120204e+02
3.360000e-06	5.312993e-06	1.659877e-09	3.691158e+01	1.120374e+02
3.370000e-06	5.326221e-06	1.664601e-09	3.700348e+01	1.120552e+02
3.380000e-06	5.339058e-06	1.668492e-09	3.709267e+01	1.120737e+02
3.390000e-06	5.351535e-06	1.671416e-09	3.717935e+01	1.120926e+02
3.400000e-06	5.363687e-06	1.674667e-09	3.726377e+01	1.121117e+02
3.410000e-06	5.375511e-06	1.677504e-09	3.734592e+01	1.121306e+02
3.420000e-06	5.386934e-06	1.679435e-09	3.742528e+01	1.121487e+02
3.430000e-06	5.397934e-06	1.681452e-09	3.750170e+01	1.121654e+02
3.440000e-06	5.408397e-06	1.682697e-09	3.757439e+01	1.121801e+02
3.450000e-06	5.418059e-06	1.682191e-09	3.764152e+01	1.121920e+02
3.460000e-06	5.426982e-06	1.683981e-09	3.770351e+01	1.122004e+02
3.470000e-06	5.435506e-06	1.687951e-09	3.776273e+01	1.122044e+02
3.480000e-06	5.443795e-06	1.691842e-09	3.782032e+01	1.122035e+02
3.490000e-06	5.451823e-06	1.694685e-09	3.787609e+01	1.121969e+02
3.500000e-06	5.459575e-06	1.696918e-09	3.792995e+01	1.121839e+02
3.510000e-06	5.467018e-06	1.698059e-09	3.798166e+01	1.121640e+02
3.520000e-06	5.473994e-06	1.698432e-09	3.803013e+01	1.121368e+02
3.530000e-06	5.480537e-06	1.699261e-09	3.807558e+01	1.121019e+02
3.540000e-06	5.486720e-06	1.700593e-09	3.811853e+01	1.120591e+02
3.550000e-06	5.492582e-06	1.702091e-09	3.815926e+01	1.120083e+02
3.560000e-06	5.498139e-06	1.701449e-09	3.819787e+01	1.119497e+02
3.570000e-06	5.503306e-06	1.701865e-09	3.823377e+01	1.118834e+02
3.580000e-06	5.508025e-06	1.701858e-09	3.826655e+01	1.118099e+02
3.590000e-06	5.512346e-06	1.704650e-09	3.829657e+01	1.117298e+02
3.600000e-06	5.516351e-06	1.708222e-09	3.832439e+01	1.116436e+02
3.610000e-06	5.520199e-06	1.710156e-09	3.835113e+01	1.115523e+02
3.620000e-06	5.523879e-06	1.711892e-09	3.837669e+01	1.114568e+02
3.630000e-06	5.527233e-06	1.712213e-09	3.839999e+01	1.113581e+02
3.640000e-06	5.530161e-06	1.713258e-09	3.842034e+01	1.112573e+02
3.650000e-06	5.532571e-06	1.714589e-09	3.843708e+01	1.111557e+02
3.660000e-06	5.534307e-06	1.717216e-09	3.844914e+01	1.110544e+02
3.670000e-06	5.535305e-06	1.716953e-09	3.845608e+01	1.109547e+02
3.680000e-06	5.535757e-06	1.715576e-09	3.845922e+01	1.108579e+02
3.690000e-06	5.535870e-06	1.714254e-09	3.846000e+01	1.107650e+02
3.700000e-06	5.535712e-06	1.712125e-09	3.845890e+01	1.106772e+02
3.710000e-06	5.535312e-06	1.709982e-09	3.845612e+01	1.105955e+02
3.720000e-06	5.534583e-06	1.707453e-09	3.845106e+01	1.105208e+02
3.730000e-06	5.533444e-06	1.705013e-09	3.844315e+01	1.104538e+02
3.740000e-06	5.531915e-06	1.702479e-09	3.843252e+01	1.103951e+02
3.750000e-06	5.530008e-06	1.704152e-09	3.841927e+01	1.103451e+02
3.760000e-06	5.527922e-06	1.704782e-09	3.840478e+01	1.103040e+02
3.770000e-06	5.525496e-06	1.672486e-09	3.838793e+01	1.102719e+02
3.780000e-06	5.522504e-06	1.632859e-09	3.836714e+01	1.102486e+02
3.790000e-06	5.519000e-06	1.670520e-09	3.834280e+01	1.102336e+02
3.800000e-06	5.515129e-06	1.709737e-09	3.831590e+01	1.102264e+02
3.810000e-06	5.511011e-06	1.700933e-09	3.828729e+01	1.102261e+02
3.820000e-06	5.506711e-06	1.684645e-09	3.825742e+01	1.102319e+02
3.830000e-06	5.502128e-06	1.711884e-09	3.822558e+01	1.102425e+02
3.840000e-06	5.496989e-06	1.719714e-09	3.818988e+01	1.102567e+02
3.850000e-06	5.491366e-06	1.677758e-09	3.815081e+01	1.102731e+02
3.860000e-06	5.485465e-06	1.635552e-09	3.810981e+01	1.102901e+02
3.870000e-06	5.479080e-06	1.682404e-09	3.806546e+01	1.103061e+02
3.880000e-06	5.472015e-06	1.733729e-09	3.801637e+01	1.103195e+02
3.890000e-06	5.464529e-06	1.680499e-09	3.796436e+01	1.103287e+02
3.900000e-06	5.456745e-06	1.638448e-09	3.791028e+01	1.103320e+02
3.910000e-06	5.448511e-06	1.666717e-09	3.785308e+01	1.103277e+02
3.920000e-06	5.439833e-06	1.719461e-09	3.779279e+01	1.103144e+02
3.930000e-06	5.430892e-06	1.651694e-09	3.773067e+01	1.102907e+02
3.940000e-06	5.421694e-06	1.638083e-09	3.766677e+01	1.102551e+02
3.950000e-06	5.412002e-06	1.676295e-09	3.759944e+01	1.102067e+02
3.960000e-06	5.401918e-06	1.700611e-09	3.752938e+01	1.101443e+02
3.970000e-06	5.391546e-06	1.631449e-09	3.745732e+01	1.100673e+02
3.980000e-06	5.380758e-06	1.634332e-09	3.738237e+01	1.099749e+02
3.990000e-06	5.369539e-06	1.681733e-09	3.730443e+01	1.098669e+02
4.000000e-06	5.357987e-06	1.685849e-09	3.722418e+01	1.097431e+02
4.010000e-06	5.346144e-06	1.646622e-09	3.714190e+01	1.096035e+02
4.020000e-06	5.333817e-06	1.641401e-09	3.705625e+01	1.094484e+02
4.030000e-06	5.321006e-06	1.671814e-09	3.696725e+01	1.092782e+02
4.040000e-06	5.307770e-06	1.658730e-09	3.687529e+01	1.090936e+02
4.050000e-06	5.293959e-06	1.629976e-09	3.677935e+01	1.088955e+02
4.060000e-06	5.279468e-06	1.628510e-09	3.667867e+01	1.086848e+02
4.070000e-06	5.264428e-06	1.677696e-09	3.657418e+01	1.084628e+02
4.080000e-06	5.248996e-06	1.679066e-09	3.646697e+01	1.082305e+02
4.090000e-06	5.233126e-06	1.633887e-09	3.635671e+01	1.079895e+02
4.100000e-06	5.216903e-06	1.625470e-09	3.624400e+01	1.077410e+02
4.110000e-06	5.200463e-06	1.684384e-09	3.612979e+01	1.074866e+02
4.120000e-06	5.183740e-06	1.648529e-09	3.601361e+01	1.072276e+02
4.130000e-06	5.166729e-06	1.600416e-09	3.589542e+01	1.069654e+02
4.140000e-06	5.149323e-06	1.646296e-09	3.577449e+01	1.067016e+02
4.150000e-06	5.131592e-06	1.688587e-09	3.565131e+01	1.064372e+02
4.160000e-06	5.113519e-06	1.596614e-09	3.552575e+01	1.061736e+02
4.170000e-06	5.095002e-06	1.594744e-09	3.539711e+01	1.059118e+02
4.180000e-06	5.076139e-06	1.669520e-09	3.526606e+01	1.056527e+02
4.190000e-06	5.056895e-06	1.631650e-09	3.513236e+01	1.053972e+02
4.200000e-06	5.037359e-06	1.569237e-09	3.499664e+01	1.051459e+02
4.210000e-06	5.017610e-06	1.652359e-09	3.485943e+01	1.048992e+02
4.220000e-06	4.997566e-06	1.663989e-09	3.472018e+01	1.046574e+02
4.230000e-06	4.977243e-06	1.583704e-09	3.457898e+01	1.044206e+02
4.240000e-06	4.956676e-06	1.616309e-09	3.443610e+01	1.041889e+02
4.250000e-06	4.935780e-06	1.663512e-09	3.429093e+01	1.039619e+02
4.260000e-06	4.914336e-06	1.586454e-09	3.414194e+01	1.037394e+02
4.270000e-06	4.892321e-06	1.584798e-09	3.398899e+01	1.035208e+02
4.280000e-06	4.869760e-06	1.658875e-09	3.383226e+01	1.033055e+02
4.290000e-06	4.846578e-06	1.613227e-09	3.367120e+01	1.030928e+02
4.300000e-06	4.822951e-06	1.567753e-09	3.350705e+01	1.028820e+02
4.310000e-06	4.799088e-06	1.631993e-09	3.334127e+01	1.026720e+02
4.320000e-06	4.775004e-06	1.629250e-09	3.317394e+01	1.024621e+02
4.330000e-06	4.750642e-06	1.564201e-09	3.300469e+01	1.022512e+02
4.340000e-06	4.726029e-06	1.597750e-09	3.283369e+01	1.020386e+02
4.350000e-06	4.701181e-06	1.626252e-09	3.266107e+01	1.018233e+02
4.360000e-06	4.676015e-06	1.577239e-09	3.248623e+01	1.016044e+02
4.370000e-06	4.650433e-06	1.571740e-09	3.230850e+01	1.013811e+02
4.380000e-06	4.624535e-06	1.611015e-09	3.212857e+01	1.011528e+02
4.390000e-06	4.598352e-06	1.582384e-09	3.194667e+01	1.009188e+02
4.400000e-06	4.571748e-06	1.558971e-09	3.176184e+01	1.006785e+02
4.410000e-06	4.544834e-06	1.583103e-09	3.157486e+01	1.004316e+02
4.420000e-06	4.517682e-06	1.584335e-09	3.138623e+01	1.001778e+02
4.430000e-06	4.490178e-06	1.555152e-09	3.119514e+01	9.991679e+01
4.440000e-06	4.462383e-06	1.561133e-09	3.100204e+01	9.964858e+01
4.450000e-06	4.434386e-06	1.562308e-09	3.080753e+01	9.937316e+01
4.460000e-06	4.406269e-06	1.540930e-09	3.061219e+01	9.909067e+01
4.470000e-06	4.377989e-06	1.533867e-09	3.041572e+01	9.880133e+01
4.480000e-06	4.349401e-06	1.543110e-09	3.021710e+01	9.850545e+01
4.490000e-06	4.320398e-06	1.526426e-09	3.001561e+01	9.820341e+01
4.500000e-06	4.290992e-06	1.518918e-09	2.981132e+01	9.789564e+01
4.510000e-06	4.261161e-06	1.525017e-09	2.960407e+01	9.758262e+01
4.520000e-06	4.230805e-06	1.516951e-09	2.939317e+01	9.726484e+01
4.530000e-06	4.199919e-06	1.500138e-09	2.917859e+01	9.694281e+01
4.540000e-06	4.168562e-06	1.502000e-09	2.896074e+01	9.661705e+01
4.550000e-06	4.136907e-06	1.495763e-09	2.874082e+01	9.628802e+01
4.560000e-06	4.105001e-06	1.482494e-09	2.851916e+01	9.595618e+01
4.570000e-06	4.072878e-06	1.485430e-09	2.829598e+01	9.562194e+01
4.580000e-06	4.040584e-06	1.483385e-09	2.807163e+01	9.528563e+01
4.590000e-06	4.008121e-06	1.470334e-09	2.784609e+01	9.494752e+01
4.600000e-06	3.975465e-06	1.468636e-09	2.761921e+01	9.460783e+01
4.610000e-06	3.942428e-06	1.470822e-09	2.738969e+01	9.426667e+01
4.620000e-06	3.909054e-06	1.461074e-09	2.715783e+01	9.392409e+01
4.630000e-06	3.875451e-06	1.459003e-09	2.692438e+01	9.358005e+01
4.640000e-06	3.841579e-06	1.460530e-09	2.668905e+01	9.323443e+01
4.650000e-06	3.807486e-06	1.448278e-09	2.645220e+01	9.288704e+01
4.660000e-06	3.773174e-06	1.433534e-09	2.621382e+01	9.253762e+01
4.670000e-06	3.738635e-06	1.435172e-09	2.597386e+01	9.218585e+01
4.680000e-06	3.703764e-06	1.433149e-09	2.573159e+01	9.183137e+01
4.690000e-06	3.668603e-06	1.426999e-09	2.548732e+01	9.147378e+01
4.700000e-06	3.633224e-06	1.427068e-09	2.524152e+01	9.111263e+01
4.710000e-06	3.597550e-06	1.428809e-09	2.499368e+01	9.074748e+01
4.720000e-06	3.561648e-06	1.419434e-09	2.474425e+01	9.037788e+01
4.730000e-06	3.525629e-06	1.413591e-09	2.449402e+01	9.000341e+01
4.740000e-06	3.489491e-06	1.410173e-09	2.424295e+01	8.962364e+01
4.750000e-06	3.453228e-06	1.400366e-09	2.399102e+01	8.923821e+01
4.760000e-06	3.416849e-06	1.390207e-09	2.373827e+01	8.884678e+01
4.770000e-06	3.380303e-06	1.392458e-09	2.348438e+01	8.844907e+01
4.780000e-06	3.343402e-06	1.390542e-09	2.322801e+01	8.804488e+01
4.790000e-06	3.306119e-06	1.384262e-09	2.296899e+01	8.763405e+01
4.800000e-06	3.268559e-06	1.382459e-09	2.270804e+01	8.721650e+01
4.810000e-06	3.230597e-06	1.380040e-09	2.244431e+01	8.679224e+01
4.820000e-06	3.192229e-06	1.373396e-09	2.217774e+01	8.636133e+01
4.830000e-06	3.153535e-06	1.371259e-09	2.190892e+01	8.592391e+01
4.840000e-06	3.114458e-06	1.367941e-09	2.163744e+01	8.548017e+01
4.850000e-06	3.075019e-06	1.356108e-09	2.136344e+01	8.503037e+01
4.860000e-06	3.035338e-06	1.345770e-09	2.108776e+01	8.457482e+01
4.870000e-06	2.995443e-06	1.342372e-09	2.081059e+01	8.411386e+01
4.880000e-06	2.955390e-06	1.337186e-09	2.053233e+01	8.364785e+01
4.890000e-06	2.915235e-06	1.327612e-09	2.025336e+01	8.317720e+01
4.900000e-06	2.875046e-06	1.322927e-09	1.997414e+01	8.270229e+01
4.910000e-06	2.834781e-06	1.318793e-09	1.969441e+01	8.222349e+01
4.920000e-06	2.794260e-06	1.310414e-09	1.941289e+01	8.174118e+01
4.930000e-06	2.753544e-06	1.303262e-09	1.913002e+01	8.125565e+01
4.940000e-06	2.712710e-06	1.297965e-09	1.884633e+01	8.076720e+01
4.950000e-06	2.671655e-06	1.290326e-09	1.856110e+01	8.027603e+01
4.960000e-06	2.630409e-06	1.285359e-09	1.827455e+01	7.978228e+01
4.970000e-06	2.589009e-06	1.282411e-09	1.798693e+01	7.928603e+01
4.980000e-06	2.547315e-06	1.276914e-09	1.769726e+01	7.878725e+01
4.990000e-06	2.505472e-06	1.264609e-09	1.740656e+01	7.828584e+01
5.000000e-06	2.463611e-06	1.253671e-09	1.711574e+01	7.778160e+01
5.010000e-06	2.421622e-06	1.244104e-09	1.682402e+01	7.727422e+01
5.020000e-06	2.379430e-06	1.235393e-09	1.653089e+01	7.676333e+01
5.030000e-06	2.337033e-06	1.229980e-09	1.623634e+01	7.624844e+01
5.040000e-06	2.294450e-06	1.226880e-09	1.594050e+01	7.572899e+01
5.050000e-06	2.251723e-06	1.219693e-09	1.564366e+01	7.520433e+01
5.060000e-06	2.208778e-06	1.209718e-09	1.534530e+01	7.467376e+01
5.070000e-06	2.165565e-06	1.199841e-09	1.504509e+01	7.413648e+01
5.080000e-06	2.122228e-06	1.188519e-09	1.474400e+01	7.359167e+01
5.090000e-06	2.078744e-06	1.174299e-09	1.444190e+01	7.303846e+01
5.100000e-06	2.035105e-06	1.163461e-09	1.413873e+01	7.247594e+01
5.110000e-06	1.991417e-06	1.156069e-09	1.383520e+01	7.190320e+01
5.120000e-06	1.947691e-06	1.150011e-09	1.353142e+01	7.131932e+01
5.130000e-06	1.903820e-06	1.144234e-09	1.322663e+01	7.072336e+01
5.140000e-06	1.859854e-06	1.136605e-09	1.292119e+01	7.011443e+01
5.150000e-06	1.815836e-06	1.124845e-09	1.261537e+01	6.949166e+01
5.160000e-06	1.771758e-06	1.110611e-09	1.230915e+01	6.885419e+01
5.170000e-06	1.727677e-06	1.099413e-09	1.200290e+01	6.820124e+01
5.180000e-06	1.683506e-06	1.090345e-09	1.169602e+01	6.753204e+01
5.190000e-06	1.639230e-06	1.078601e-09	1.138842e+01	6.684590e+01
5.200000e-06	1.594803e-06	1.064563e-09	1.107976e+01	6.614217e+01
5.210000e-06	1.550265e-06	1.053406e-09	1.077034e+01	6.542025e+01
5.220000e-06	1.505689e-06	1.042273e-09	1.046065e+01	6.467961e+01
5.230000e-06	1.461024e-06	1.031297e-09	1.015035e+01	6.391976e+01
5.240000e-06	1.416346e-06	1.019517e-09	9.839944e+00	6.314026e+01
5.250000e-06	1.371555e-06	1.006247e-09	9.528768e+00	6.234069e+01
5.260000e-06	1.326637e-06	9.939429e-10	9.216702e+00	6.152068e+01
5.270000e-06	1.281553e-06	9.833212e-10	8.903480e+00	6.067989e+01
5.280000e-06	1.236314e-06	9.701886e-10	8.589190e+00	5.981798e+01
5.290000e-06	1.190964e-06	9.566313e-10	8.274124e+00	5.893462e+01
5.300000e-06	1.145433e-06	9.455900e-10	7.957803e+00	5.802947e+01
5.310000e-06	1.099834e-06	9.338525e-10	7.641009e+00	5.710217e+01
5.320000e-06	1.054240e-06	9.233136e-10	7.324246e+00	5.615236e+01
5.330000e-06	1.008536e-06	9.133237e-10	7.006721e+00	5.517961e+01
5.340000e-06	9.627062e-07	9.006159e-10	6.688322e+00	5.418348e+01
5.350000e-06	9.167847e-07	8.828079e-10	6.369286e+00	5.316346e+01
5.360000e-06	8.707442e-07	8.637410e-10	6.049423e+00	5.211900e+01
5.370000e-06	8.247114e-07	8.446131e-10	5.729615e+00	5.104948e+01
5.380000e-06	7.787291e-07	8.250670e-10	5.410156e+00	4.995424e+01
5.390000e-06	7.326471e-07	8.093375e-10	5.090005e+00	4.883254e+01
5.400000e-06	6.864328e-07	7.964576e-10	4.768936e+00	4.768361e+01
5.410000e-06	6.402202e-07	7.840422e-10	4.447877e+00	4.650660e+01
5.420000e-06	5.939772e-07	7.688664e-10	4.126607e+00	4.530063e+01
5.430000e-06	5.476495e-07	7.510899e-10	3.804750e+00	4.406479e+01
5.440000e-06	5.012223e-07	7.275474e-10	3.482201e+00	4.279813e+01
5.450000e-06	4.547580e-07	7.020835e-10	3.159393e+00	4.149970e+01
5.460000e-06	4.082679e-07	6.780726e-10	2.836407e+00	4.016854e+01
5.470000e-06	3.616753e-07	6.581251e-10	2.512709e+00	3.880371e+01
5.480000e-06	3.151353e-07	6.409356e-10	2.189376e+00	3.740431e+01
5.490000e-06	2.686347e-07	6.238373e-10	1.866318e+00	3.596947e+01
5.500000e-06	2.220809e-07	6.036034e-10	1.542889e+00	3.449841e+01
5.510000e-06	1.755375e-07	5.789291e-10	1.219532e+00	3.299042e+01
5.520000e-06	1.290185e-07	5.543659e-10	8.963455e-01	3.144490e+01
5.530000e-06	8.251513e-08	5.263822e-10	5.732671e-01	2.986136e+01
5.540000e-06	3.604400e-08	4.991711e-10	2.504127e-01	2.823946e+01
5.550000e-06	-1.046962e-08	4.758016e-10	-7.273679e-02	2.657901e+01
5.560000e-06	-5.705354e-08	4.488428e-10	-3.963748e-01	2.487997e+01
5.570000e-06	-1.036160e-07	4.198621e-10	-7.198638e-01	2.314250e+01
5.580000e-06	-1.501517e-07	3.902600e-10	-1.043166e+00	2.136693e+01
5.590000e-06	-1.966444e-07	3.624847e-10	-1.366171e+00	1.955382e+01
5.600000e-06	-2.431609e-07	3.362263e-10	-1.689340e+00	1.770389e+01
5.610000e-06	-2.897824e-07	3.070416e-10	-2.013239e+00	1.581811e+01
5.620000e-06	-3.363687e-07	2.763049e-10	-2.336894e+00	1.389763e+01
5.630000e-06	-3.828983e-07	2.431579e-10	-2.660155e+00	1.194382e+01
5.640000e-06	-4.293551e-07	2.105408e-10	-2.982909e+00	9.958263e+00
5.650000e-06	-4.756955e-07	1.765391e-10	-3.304855e+00	7.942731e+00
5.660000e-06	-5.219772e-07	1.414216e-10	-3.626393e+00	5.899192e+00
5.670000e-06	-5.682290e-07	1.075989e-10	-3.947724e+00	3.829795e+00
5.680000e-06	-6.145433e-07	7.600199e-11	-4.269489e+00	1.736859e+00
5.690000e-06	-6.608065e-07	4.447683e-11	-4.590899e+00	-3.771443e-01
5.700000e-06	-7.069587e-07	1.069210e-11	-4.911537e+00	-2.509605e+00
5.710000e-06	-7.530228e-07	-2.667935e-11	-5.231564e+00	-4.657790e+00
5.720000e-06	-7.990085e-07	-6.622723e-11	-5.551046e+00	-6.818868e+00
5.730000e-06	-8.449789e-07	-1.060194e-10	-5.870422e+00	-8.989922e+00
5.740000e-06	-8.908734e-07	-1.434313e-10	-6.189269e+00	-1.116798e+01
5.750000e-06	-9.367583e-07	-1.763669e-10	-6.508051e+00	-1.335001e+01
5.760000e-06	-9.826262e-07	-2.070949e-10	-6.826715e+00	-1.553299e+01
5.770000e-06	-1.028378e-06	-2.381707e-10	-7.144574e+00	-1.771388e+01
5.780000e-06	-1.074014e-06	-2.751252e-10	-7.461624e+00	-1.988966e+01
5.790000e-06	-1.119532e-06	-3.173496e-10	-7.777859e+00	-2.205736e+01
5.800000e-06	-1.164982e-06	-3.590331e-10	-8.093619e+00	-2.421408e+01
5.810000e-06	-1.210282e-06	-3.999008e-10	-8.408331e+00	-2.635698e+01
5.820000e-06	-1.255412e-06	-4.365628e-10	-8.721869e+00	-2.848333e+01
5.830000e-06	-1.300520e-06	-4.676596e-10	-9.035254e+00	-3.059052e+01
5.840000e-06	-1.345489e-06	-4.982932e-10	-9.347676e+00	-3.267604e+01
5.850000e-06	-1.390250e-06	-5.302832e-10	-9.658646e+00	-3.473755e+01
5.860000e-06	-1.434858e-06	-5.648680e-10	-9.968556e+00	-3.677286e+01
5.870000e-06	-1.479401e-06	-6.016257e-10	-1.027801e+01	-3.877991e+01
5.880000e-06	-1.523937e-06	-6.394887e-10	-1.058743e+01	-4.075686e+01
5.890000e-06	-1.568381e-06	-6.749777e-10	-1.089620e+01	-4.270200e+01
5.900000e-06	-1.612734e-06	-7.103277e-10	-1.120433e+01	-4.461382e+01
5.910000e-06	-1.657036e-06	-7.438046e-10	-1.151212e+01	-4.649100e+01
5.920000e-06	-1.701245e-06	-7.731168e-10	-1.181926e+01	-4.833238e+01
5.930000e-06	-1.745351e-06	-7.973672e-10	-1.212569e+01	-5.013700e+01
5.940000e-06	-1.789429e-06	-8.215607e-10	-1.243191e+01	-5.190409e+01
5.950000e-06	-1.833467e-06	-8.484938e-10	-1.273786e+01	-5.363303e+01
5.960000e-06	-1.877446e-06	-8.767303e-10	-1.304340e+01	-5.532340e+01
5.970000e-06	-1.921299e-06	-9.087129e-10	-1.334807e+01	-5.697491e+01
5.980000e-06	-1.965037e-06	-9.413362e-10	-1.365193e+01	-5.858746e+01
5.990000e-06	-2.008776e-06	-9.703243e-10	-1.395580e+01	-6.016109e+01
6.000000e-06	-2.052403e-06	-9.956309e-10	-1.425890e+01	-6.169596e+01
6.010000e-06	-2.095869e-06	-1.017980e-09	-1.456088e+01	-6.319238e+01
6.020000e-06	-2.139205e-06	-1.037860e-09	-1.486195e+01	-6.465078e+01
6.030000e-06	-2.182327e-06	-1.054946e-09	-1.516153e+01	-6.607166e+01
6.040000e-06	-2.225292e-06	-1.073018e-09	-1.546004e+01	-6.745566e+01
6.050000e-06	-2.268033e-06	-1.094158e-09	-1.575697e+01	-6.880345e+01
6.060000e-06	-2.310540e-06	-1.116541e-09	-1.605229e+01	-7.011581e+01
6.070000e-06	-2.352921e-06	-1.142011e-09	-1.634672e+01	-7.139354e+01
6.080000e-06	-2.395129e-06	-1.165326e-09	-1.663996e+01	-7.263750e+01
6.090000e-06	-2.437153e-06	-1.183240e-09	-1.693192e+01	-7.384856e+01
6.100000e-06	-2.479045e-06	-1.197420e-09	-1.722296e+01	-7.502763e+01
6.110000e-06	-2.520858e-06	-1.210526e-09	-1.751345e+01	-7.617559e+01
6.120000e-06	-2.562438e-06	-1.222322e-09	-1.780232e+01	-7.729334e+01
6.130000e-06	-2.603752e-06	-1.237939e-09	-1.808935e+01	-7.838175e+01
6.140000e-06	-2.644960e-06	-1.258884e-09	-1.837564e+01	-7.944165e+01
6.150000e-06	-2.685999e-06	-1.280120e-09	-1.866076e+01	-8.047384e+01
6.160000e-06	-2.726781e-06	-1.299865e-09	-1.894409e+01	-8.147908e+01
6.170000e-06	-2.767398e-06	-1.318378e-09	-1.922627e+01	-8.245807e+01
6.180000e-06	-2.807824e-06	-1.332764e-09	-1.950712e+01	-8.341146e+01
6.190000e-06	-2.848114e-06	-1.340628e-09	-1.978704e+01	-8.433983e+01
6.200000e-06	-2.888333e-06	-1.346338e-09	-2.006645e+01	-8.524369e+01
6.210000e-06	-2.928404e-06	-1.357638e-09	-2.034485e+01	-8.612351e+01
6.220000e-06	-2.968344e-06	-1.372962e-09	-2.062233e+01	-8.697968e+01
6.230000e-06	-3.008184e-06	-1.389462e-09	-2.089911e+01	-8.781252e+01
6.240000e-06	-3.047843e-06	-1.406198e-09	-2.117464e+01	-8.862231e+01
6.250000e-06	-3.087256e-06	-1.421946e-09	-2.144846e+01	-8.940925e+01
6.260000e-06	-3.126394e-06	-1.433102e-09	-2.172037e+01	-9.017353e+01
6.270000e-06	-3.165182e-06	-1.440780e-09	-2.198984e+01	-9.091526e+01
6.280000e-06	-3.203572e-06	-1.450882e-09	-2.225655e+01	-9.163454e+01
6.290000e-06	-3.241557e-06	-1.462136e-09	-2.252045e+01	-9.233145e+01
6.300000e-06	-3.279168e-06	-1.476207e-09	-2.278175e+01	-9.300604e+01
6.310000e-06	-3.316468e-06	-1.490681e-09	-2.304089e+01	-9.365838e+01
6.320000e-06	-3.353399e-06	-1.502375e-09	-2.329747e+01	-9.428852e+01
6.330000e-06	-3.390008e-06	-1.512949e-09	-2.355180e+01	-9.489656e+01
6.340000e-06	-3.426425e-06	-1.523240e-09	-2.380480e+01	-9.548261e+01
6.350000e-06	-3.462687e-06	-1.532754e-09	-2.405673e+01	-9.604684e+01
6.360000e-06	-3.498827e-06	-1.541217e-09	-2.430782e+01	-9.658944e+01
6.370000e-06	-3.534775e-06	-1.550264e-09	-2.455756e+01	-9.711069e+01
6.380000e-06	-3.570513e-06	-1.560025e-09	-2.480585e+01	-9.761093e+01
6.390000e-06	-3.606029e-06	-1.571723e-09	-2.505259e+01	-9.809058e+01
6.400000e-06	-3.641336e-06	-1.582991e-09	-2.529788e+01	-9.855013e+01
6.410000e-06	-3.676462e-06	-1.591762e-09	-2.554192e+01	-9.899015e+01
6.420000e-06	-3.711328e-06	-1.599752e-09	-2.578415e+01	-9.941132e+01
6.430000e-06	-3.745865e-06	-1.606055e-09	-2.602409e+01	-9.981439e+01
6.440000e-06	-3.780115e-06	-1.609608e-09	-2.626204e+01	-1.002002e+02
6.450000e-06	-3.814167e-06	-1.613058e-09	-2.649861e+01	-1.005697e+02
6.460000e-06	-3.847918e-06	-1.618737e-09	-2.673310e+01	-1.009238e+02
6.470000e-06	-3.881407e-06	-1.624051e-09	-2.696575e+01	-1.012636e+02
6.480000e-06	-3.914633e-06	-1.630572e-09	-2.719659e+01	-1.015903e+02
6.490000e-06	-3.947519e-06	-1.640229e-09	-2.742507e+01	-1.019049e+02
6.500000e-06	-3.980085e-06	-1.649721e-09	-2.765131e+01	-1.022088e+02
6.510000e-06	-4.012371e-06	-1.656395e-09	-2.787562e+01	-1.025030e+02
6.520000e-06	-4.044526e-06	-1.662121e-09	-2.809901e+01	-1.027889e+02
6.530000e-06	-4.076557e-06	-1.666520e-09	-2.832155e+01	-1.030677e+02
6.540000e-06	-4.108419e-06	-1.669028e-09	-2.854290e+01	-1.033405e+02
6.550000e-06	-4.140032e-06	-1.670122e-09	-2.876253e+01	-1.036085e+02
6.560000e-06	-4.171338e-06	-1.674220e-09	-2.898002e+01	-1.038727e+02
6.570000e-06	-4.202140e-06	-1.682087e-09	-2.919402e+01	-1.041342e+02
6.580000e-06	-4.232380e-06	-1.690404e-09	-2.940411e+01	-1.043939e+02
6.590000e-06	-4.262223e-06	-1.698780e-09	-2.961144e+01	-1.046526e+02
6.600000e-06	-4.291636e-06	-1.706008e-09	-2.981578e+01	-1.049109e+02
6.610000e-06	-4.320600e-06	-1.711868e-09	-3.001701e+01	-1.051694e+02
6.620000e-06	-4.349254e-06	-1.715204e-09	-3.021608e+01	-1.054286e+02
6.630000e-06	-4.377634e-06	-1.714383e-09	-3.041325e+01	-1.056887e+02
6.640000e-06	-4.405757e-06	-1.713484e-09	-3.060863e+01	-1.059499e+02
6.650000e-06	-4.433661e-06	-1.716133e-09	-3.080249e+01	-1.062122e+02
6.660000e-06	-4.461360e-06	-1.722377e-09	-3.099493e+01	-1.064754e+02
6.670000e-06	-4.488829e-06	-1.731041e-09	-3.118577e+01	-1.067391e+02
6.680000e-06	-4.515975e-06	-1.738078e-09	-3.137436e+01	-1.070030e+02
6.690000e-06	-4.542771e-06	-1.741742e-09	-3.156053e+01	-1.072666e+02
6.700000e-06	-4.569276e-06	-1.743824e-09	-3.174467e+01	-1.075291e+02
6.710000e-06	-4.595507e-06	-1.743768e-09	-3.192690e+01	-1.077898e+02
6.720000e-06	-4.621415e-06	-1.741427e-09	-3.210690e+01	-1.080479e+02
6.730000e-06	-4.646925e-06	-1.741548e-09	-3.228413e+01	-1.083024e+02
6.740000e-06	-4.672019e-06	-1.745470e-09	-3.245846e+01	-1.085524e+02
6.750000e-06	-4.696794e-06	-1.751691e-09	-3.263059e+01	-1.087969e+02
6.760000e-06	-4.721324e-06	-1.757671e-09	-3.280101e+01	-1.090350e+02
6.770000e-06	-4.745657e-06	-1.763430e-09	-3.297006e+01	-1.092657e+02
6.780000e-06	-4.769692e-06	-1.768324e-09	-3.313704e+01	-1.094880e+02
6.790000e-06	-4.793484e-06	-1.770454e-09	-3.330233e+01	-1.097012e+02
6.800000e-06	-4.817093e-06	-1.771068e-09	-3.346636e+01	-1.099044e+02
6.810000e-06	-4.840343e-06	-1.770694e-09	-3.362788e+01	-1.100969e+02
6.820000e-06	-4.863124e-06	-1.769416e-09	-3.378615e+01	-1.102781e+02
6.830000e-06	-4.885299e-06	-1.767727e-09	-3.394021e+01	-1.104477e+02
6.840000e-06	-4.906904e-06	-1.767382e-09	-3.409031e+01	-1.106051e+02
6.850000e-06	-4.928006e-06	-1.769252e-09	-3.423691e+01	-1.107504e+02
6.860000e-06	-4.948682e-06	-1.770312e-09	-3.438056e+01	-1.108833e+02
6.870000e-06	-4.969124e-06	-1.768603e-09	-3.452258e+01	-1.110040e+02
6.880000e-06	-4.989314e-06	-1.766584e-09	-3.466284e+01	-1.111128e+02
6.890000e-06	-5.009143e-06	-1.766458e-09	-3.480061e+01	-1.112099e+02
6.900000e-06	-5.028700e-06	-1.767350e-09	-3.493648e+01	-1.112959e+02
6.910000e-06	-5.047977e-06	-1.767578e-09	-3.507040e+01	-1.113714e+02
6.920000e-06	-5.066943e-06	-1.766203e-09	-3.520217e+01	-1.114371e+02
6.930000e-06	-5.085597e-06	-1.764580e-09	-3.533177e+01	-1.114938e+02
6.940000e-06	-5.103830e-06	-1.766331e-09	-3.545844e+01	-1.115423e+02
6.950000e-06	-5.121815e-06	-1.768899e-09	-3.558339e+01	-1.115837e+02
6.960000e-06	-5.139533e-06	-1.767420e-09	-3.570648e+01	-1.116188e+02
6.970000e-06	-5.156790e-06	-1.762706e-09	-3.582637e+01	-1.116486e+02
6.980000e-06	-5.173639e-06	-1.759654e-09	-3.594343e+01	-1.116740e+02
6.990000e-06	-5.190152e-06	-1.760206e-09	-3.605815e+01	-1.116961e+02
7.000000e-06	-5.206445e-06	-1.762347e-09	-3.617135e+01	-1.117156e+02
7.010000e-06	-5.222504e-06	-1.765399e-09	-3.628291e+01	-1.117333e+02
7.020000e-06	-5.238227e-06	-1.768800e-09	-3.639215e+01	-1.117499e+02
7.030000e-06	-5.253500e-06	-1.770029e-09	-3.649825e+01	-1.117661e+02
7.040000e-06	-5.268216e-06	-1.767593e-09	-3.660050e+01	-1.117823e+02
7.050000e-06	-5.282288e-06	-1.766040e-09	-3.669826e+01	-1.117989e+02
7.060000e-06	-5.295681e-06	-1.765851e-09	-3.679131e+01	-1.118162e+02
7.070000e-06	-5.308637e-06	-1.765421e-09	-3.688132e+01	-1.118341e+02
7.080000e-06	-5.321281e-06	-1.767210e-09	-3.696916e+01	-1.118527e+02
7.090000e-06	-5.333513e-06	-1.770711e-09	-3.705414e+01	-1.118718e+02
7.100000e-06	-5.345329e-06	-1.775541e-09	-3.713623e+01	-1.118911e+02
7.110000e-06	-5.356773e-06	-1.779501e-09	-3.721574e+01	-1.119102e+02
7.120000e-06	-5.367818e-06	-1.779563e-09	-3.729248e+01	-1.119286e+02
7.130000e-06	-5.378434e-06	-1.774410e-09	-3.736622e+01	-1.119456e+02
7.140000e-06	-5.388628e-06	-1.765872e-09	-3.743705e+01	-1.119607e+02
7.150000e-06	-5.398513e-06	-1.760325e-09	-3.750572e+01	-1.119730e+02
7.160000e-06	-5.408078e-06	-1.759108e-09	-3.757218e+01	-1.119819e+02
7.170000e-06	-5.417243e-06	-1.759425e-09	-3.763585e+01	-1.119866e+02
7.180000e-06	-5.426003e-06	-1.760076e-09	-3.769671e+01	-1.119863e+02
7.190000e-06	-5.434431e-06	-1.761474e-09	-3.775526e+01	-1.119803e+02
7.200000e-06	-5.442637e-06	-1.763759e-09	-3.781227e+01	-1.119681e+02
7.210000e-06	-5.450592e-06	-1.763636e-09	-3.786754e+01	-1.119490e+02
7.220000e-06	-5.458252e-06	-1.759835e-09	-3.792076e+01	-1.119226e+02
7.230000e-06	-5.465526e-06	-1.755456e-09	-3.797129e+01	-1.118885e+02
7.240000e-06	-5.472228e-06	-1.750282e-09	-3.801785e+01	-1.118465e+02
7.250000e-06	-5.478352e-06	-1.744868e-09	-3.806040e+01	-1.117966e+02
7.260000e-06	-5.483912e-06	-1.743363e-09	-3.809902e+01	-1.117388e+02
7.270000e-06	-5.489006e-06	-1.744090e-09	-3.813442e+01	-1.116734e+02
7.280000e-06	-5.493650e-06	-1.743915e-09	-3.816668e+01	-1.116007e+02
7.290000e-06	-5.497920e-06	-1.742449e-09	-3.819634e+01	-1.115213e+02
7.300000e-06	-5.501981e-06	-1.739651e-09	-3.822456e+01	-1.114358e+02
7.310000e-06	-5.505710e-06	-1.733847e-09	-3.825047e+01	-1.113450e+02
7.320000e-06	-5.509079e-06	-1.725493e-09	-3.827387e+01	-1.112500e+02
7.330000e-06	-5.512122e-06	-1.718212e-09	-3.829501e+01	-1.111517e+02
7.340000e-06	-5.514763e-06	-1.713111e-09	-3.831336e+01	-1.110513e+02
7.350000e-06	-5.517042e-06	-1.710962e-09	-3.832919e+01	-1.109499e+02
7.360000e-06	-5.519034e-06	-1.710976e-09	-3.834303e+01	-1.108487e+02
7.370000e-06	-5.520622e-06	-1.710511e-09	-3.835407e+01	-1.107490e+02
7.380000e-06	-5.521681e-06	-1.709713e-09	-3.836143e+01	-1.106521e+02
7.390000e-06	-5.522376e-06	-1.708438e-09	-3.836625e+01	-1.105590e+02
7.400000e-06	-5.522843e-06	-1.705079e-09	-3.836950e+01	-1.104710e+02
