# Temperatura_=_11.1
# Concentracion g/m^3_=_1620.0
# C_Vs_to_Am_M_A/Vsm_=_65563218390.804596
# pendiente_HvsI_1/m_=_3716.3
# ordenada_HvsI_A/m_=_1297.0
# frecuencia_Hz_=_135095.48089719616

Tiempo_(s)	Campo_(V.s)	Magnetizacion_(V.s)	Campo_(kA/m)	Magnetizacion_(A/m)
0.000000e+00	-5.534433e-06	-1.635364e-09	-3.838085e+01	-1.073465e+02
1.000000e-08	-5.534624e-06	-1.632807e-09	-3.838218e+01	-1.072882e+02
2.000000e-08	-5.534522e-06	-1.631419e-09	-3.838147e+01	-1.072329e+02
3.000000e-08	-5.533927e-06	-1.630468e-09	-3.837734e+01	-1.071807e+02
4.000000e-08	-5.532700e-06	-1.629061e-09	-3.836883e+01	-1.071319e+02
5.000000e-08	-5.530839e-06	-1.624122e-09	-3.835592e+01	-1.070866e+02
6.000000e-08	-5.528330e-06	-1.612277e-09	-3.833853e+01	-1.070447e+02
7.000000e-08	-5.525317e-06	-1.619948e-09	-3.831763e+01	-1.070061e+02
8.000000e-08	-5.521915e-06	-1.687581e-09	-3.829404e+01	-1.069706e+02
9.000000e-08	-5.518070e-06	-1.724796e-09	-3.826738e+01	-1.069377e+02
1.000000e-07	-5.513815e-06	-1.634950e-09	-3.823787e+01	-1.069071e+02
1.100000e-07	-5.509350e-06	-1.510095e-09	-3.820690e+01	-1.068781e+02
1.200000e-07	-5.504758e-06	-1.558277e-09	-3.817506e+01	-1.068500e+02
1.300000e-07	-5.499805e-06	-1.686113e-09	-3.814071e+01	-1.068222e+02
1.400000e-07	-5.494330e-06	-1.691608e-09	-3.810274e+01	-1.067937e+02
1.500000e-07	-5.488454e-06	-1.563474e-09	-3.806199e+01	-1.067638e+02
1.600000e-07	-5.482336e-06	-1.579602e-09	-3.801956e+01	-1.067315e+02
1.700000e-07	-5.475756e-06	-1.666456e-09	-3.797393e+01	-1.066959e+02
1.800000e-07	-5.468642e-06	-1.693462e-09	-3.792460e+01	-1.066562e+02
1.900000e-07	-5.461261e-06	-1.561416e-09	-3.787341e+01	-1.066113e+02
2.000000e-07	-5.453672e-06	-1.552749e-09	-3.782078e+01	-1.065604e+02
2.100000e-07	-5.445792e-06	-1.649980e-09	-3.776613e+01	-1.065027e+02
2.200000e-07	-5.437624e-06	-1.714617e-09	-3.770949e+01	-1.064375e+02
2.300000e-07	-5.429131e-06	-1.639872e-09	-3.765059e+01	-1.063641e+02
2.400000e-07	-5.420093e-06	-1.580879e-09	-3.758791e+01	-1.062818e+02
2.500000e-07	-5.410221e-06	-1.628181e-09	-3.751945e+01	-1.061903e+02
2.600000e-07	-5.399667e-06	-1.655794e-09	-3.744626e+01	-1.060891e+02
2.700000e-07	-5.388746e-06	-1.627314e-09	-3.737052e+01	-1.059779e+02
2.800000e-07	-5.377431e-06	-1.591452e-09	-3.729205e+01	-1.058568e+02
2.900000e-07	-5.365694e-06	-1.637014e-09	-3.721066e+01	-1.057255e+02
3.000000e-07	-5.353588e-06	-1.632681e-09	-3.712670e+01	-1.055843e+02
3.100000e-07	-5.341067e-06	-1.608814e-09	-3.703987e+01	-1.054334e+02
3.200000e-07	-5.328088e-06	-1.578767e-09	-3.694987e+01	-1.052732e+02
3.300000e-07	-5.314715e-06	-1.639598e-09	-3.685713e+01	-1.051040e+02
3.400000e-07	-5.300955e-06	-1.626892e-09	-3.676170e+01	-1.049265e+02
3.500000e-07	-5.286781e-06	-1.603045e-09	-3.666340e+01	-1.047413e+02
3.600000e-07	-5.272137e-06	-1.587126e-09	-3.656185e+01	-1.045490e+02
3.700000e-07	-5.257099e-06	-1.623537e-09	-3.645757e+01	-1.043505e+02
3.800000e-07	-5.241487e-06	-1.577004e-09	-3.634930e+01	-1.041466e+02
3.900000e-07	-5.225264e-06	-1.570217e-09	-3.623679e+01	-1.039381e+02
4.000000e-07	-5.208688e-06	-1.609098e-09	-3.612184e+01	-1.037258e+02
4.100000e-07	-5.191813e-06	-1.613071e-09	-3.600481e+01	-1.035106e+02
4.200000e-07	-5.174616e-06	-1.552752e-09	-3.588555e+01	-1.032933e+02
4.300000e-07	-5.157108e-06	-1.582380e-09	-3.576413e+01	-1.030747e+02
4.400000e-07	-5.139233e-06	-1.627689e-09	-3.564017e+01	-1.028555e+02
4.500000e-07	-5.120916e-06	-1.573202e-09	-3.551314e+01	-1.026364e+02
4.600000e-07	-5.102176e-06	-1.534967e-09	-3.538319e+01	-1.024180e+02
4.700000e-07	-5.083114e-06	-1.589063e-09	-3.525099e+01	-1.022008e+02
4.800000e-07	-5.063788e-06	-1.591708e-09	-3.511696e+01	-1.019852e+02
4.900000e-07	-5.044200e-06	-1.536342e-09	-3.498112e+01	-1.017715e+02
5.000000e-07	-5.024394e-06	-1.558355e-09	-3.484377e+01	-1.015600e+02
5.100000e-07	-5.004365e-06	-1.574306e-09	-3.470487e+01	-1.013508e+02
5.200000e-07	-4.984002e-06	-1.533488e-09	-3.456366e+01	-1.011438e+02
5.300000e-07	-4.963220e-06	-1.539510e-09	-3.441954e+01	-1.009391e+02
5.400000e-07	-4.942053e-06	-1.587834e-09	-3.427274e+01	-1.007364e+02
5.500000e-07	-4.920555e-06	-1.544332e-09	-3.412366e+01	-1.005355e+02
5.600000e-07	-4.898776e-06	-1.511835e-09	-3.397262e+01	-1.003361e+02
5.700000e-07	-4.876648e-06	-1.546077e-09	-3.381917e+01	-1.001376e+02
5.800000e-07	-4.854030e-06	-1.551685e-09	-3.366231e+01	-9.993971e+01
5.900000e-07	-4.831090e-06	-1.507280e-09	-3.350323e+01	-9.974183e+01
6.000000e-07	-4.807995e-06	-1.526014e-09	-3.334306e+01	-9.954340e+01
6.100000e-07	-4.784611e-06	-1.539639e-09	-3.318090e+01	-9.934384e+01
6.200000e-07	-4.760971e-06	-1.517021e-09	-3.301695e+01	-9.914254e+01
6.300000e-07	-4.737148e-06	-1.506845e-09	-3.285175e+01	-9.893890e+01
6.400000e-07	-4.712921e-06	-1.526778e-09	-3.268373e+01	-9.873232e+01
6.500000e-07	-4.688199e-06	-1.508891e-09	-3.251229e+01	-9.852224e+01
6.600000e-07	-4.662967e-06	-1.503504e-09	-3.233730e+01	-9.830810e+01
6.700000e-07	-4.637115e-06	-1.511748e-09	-3.215802e+01	-9.808942e+01
6.800000e-07	-4.610785e-06	-1.508399e-09	-3.197543e+01	-9.786573e+01
6.900000e-07	-4.584043e-06	-1.490844e-09	-3.178997e+01	-9.763665e+01
7.000000e-07	-4.556908e-06	-1.496962e-09	-3.160179e+01	-9.740182e+01
7.100000e-07	-4.529529e-06	-1.493625e-09	-3.141192e+01	-9.716099e+01
7.200000e-07	-4.501955e-06	-1.484369e-09	-3.122070e+01	-9.691393e+01
7.300000e-07	-4.474210e-06	-1.482108e-09	-3.102829e+01	-9.666051e+01
7.400000e-07	-4.446252e-06	-1.482489e-09	-3.083440e+01	-9.640065e+01
7.500000e-07	-4.417959e-06	-1.470535e-09	-3.063819e+01	-9.613434e+01
7.600000e-07	-4.389335e-06	-1.460801e-09	-3.043969e+01	-9.586162e+01
7.700000e-07	-4.360380e-06	-1.453299e-09	-3.023889e+01	-9.558260e+01
7.800000e-07	-4.331127e-06	-1.444777e-09	-3.003602e+01	-9.529743e+01
7.900000e-07	-4.301619e-06	-1.442824e-09	-2.983139e+01	-9.500631e+01
8.000000e-07	-4.271858e-06	-1.440687e-09	-2.962500e+01	-9.470947e+01
8.100000e-07	-4.241886e-06	-1.431790e-09	-2.941714e+01	-9.440717e+01
8.200000e-07	-4.211590e-06	-1.420736e-09	-2.920704e+01	-9.409971e+01
8.300000e-07	-4.180927e-06	-1.421560e-09	-2.899440e+01	-9.378738e+01
8.400000e-07	-4.150009e-06	-1.415418e-09	-2.877998e+01	-9.347049e+01
8.500000e-07	-4.118838e-06	-1.410218e-09	-2.856381e+01	-9.314935e+01
8.600000e-07	-4.087432e-06	-1.407941e-09	-2.834601e+01	-9.282427e+01
8.700000e-07	-4.055838e-06	-1.405859e-09	-2.812691e+01	-9.249554e+01
8.800000e-07	-4.024061e-06	-1.392074e-09	-2.790654e+01	-9.216344e+01
8.900000e-07	-3.992053e-06	-1.387490e-09	-2.768457e+01	-9.182821e+01
9.000000e-07	-3.959756e-06	-1.381960e-09	-2.746059e+01	-9.149009e+01
9.100000e-07	-3.927092e-06	-1.373430e-09	-2.723407e+01	-9.114928e+01
9.200000e-07	-3.894057e-06	-1.365661e-09	-2.700498e+01	-9.080595e+01
9.300000e-07	-3.860558e-06	-1.370028e-09	-2.677266e+01	-9.046023e+01
9.400000e-07	-3.826521e-06	-1.363592e-09	-2.653662e+01	-9.011223e+01
9.500000e-07	-3.792028e-06	-1.354757e-09	-2.629741e+01	-8.976203e+01
9.600000e-07	-3.757193e-06	-1.349092e-09	-2.605583e+01	-8.940967e+01
9.700000e-07	-3.722154e-06	-1.343212e-09	-2.581284e+01	-8.905517e+01
9.800000e-07	-3.686903e-06	-1.328263e-09	-2.556838e+01	-8.869853e+01
9.900000e-07	-3.651443e-06	-1.321194e-09	-2.532246e+01	-8.833970e+01
1.000000e-06	-3.615798e-06	-1.316706e-09	-2.507527e+01	-8.797864e+01
1.010000e-06	-3.579985e-06	-1.311467e-09	-2.482691e+01	-8.761529e+01
1.020000e-06	-3.543992e-06	-1.306110e-09	-2.457730e+01	-8.724954e+01
1.030000e-06	-3.507791e-06	-1.305617e-09	-2.432625e+01	-8.688132e+01
1.040000e-06	-3.471340e-06	-1.299698e-09	-2.407346e+01	-8.651051e+01
1.050000e-06	-3.434603e-06	-1.288804e-09	-2.381870e+01	-8.613701e+01
1.060000e-06	-3.397643e-06	-1.281283e-09	-2.356238e+01	-8.576070e+01
1.070000e-06	-3.360464e-06	-1.274039e-09	-2.330455e+01	-8.538147e+01
1.080000e-06	-3.322984e-06	-1.264847e-09	-2.304463e+01	-8.499921e+01
1.090000e-06	-3.285278e-06	-1.257392e-09	-2.278314e+01	-8.461379e+01
1.100000e-06	-3.247415e-06	-1.252246e-09	-2.252056e+01	-8.422510e+01
1.110000e-06	-3.209314e-06	-1.242908e-09	-2.225634e+01	-8.383304e+01
1.120000e-06	-3.170921e-06	-1.235520e-09	-2.199008e+01	-8.343747e+01
1.130000e-06	-3.132356e-06	-1.229356e-09	-2.172264e+01	-8.303830e+01
1.140000e-06	-3.093491e-06	-1.224919e-09	-2.145311e+01	-8.263539e+01
1.150000e-06	-3.054281e-06	-1.217970e-09	-2.118119e+01	-8.222863e+01
1.160000e-06	-3.014976e-06	-1.211451e-09	-2.090862e+01	-8.181788e+01
1.170000e-06	-2.975570e-06	-1.200946e-09	-2.063534e+01	-8.140301e+01
1.180000e-06	-2.936100e-06	-1.192443e-09	-2.036162e+01	-8.098386e+01
1.190000e-06	-2.896542e-06	-1.186074e-09	-2.008729e+01	-8.056028e+01
1.200000e-06	-2.856804e-06	-1.181953e-09	-1.981171e+01	-8.013209e+01
1.210000e-06	-2.816902e-06	-1.174385e-09	-1.953499e+01	-7.969909e+01
1.220000e-06	-2.776830e-06	-1.169138e-09	-1.925710e+01	-7.926108e+01
1.230000e-06	-2.736486e-06	-1.165617e-09	-1.897731e+01	-7.881783e+01
1.240000e-06	-2.695860e-06	-1.159863e-09	-1.869558e+01	-7.836908e+01
1.250000e-06	-2.655058e-06	-1.149851e-09	-1.841262e+01	-7.791458e+01
1.260000e-06	-2.614088e-06	-1.140997e-09	-1.812849e+01	-7.745403e+01
1.270000e-06	-2.572792e-06	-1.131597e-09	-1.784210e+01	-7.698713e+01
1.280000e-06	-2.531114e-06	-1.122742e-09	-1.755307e+01	-7.651355e+01
1.290000e-06	-2.489146e-06	-1.113901e-09	-1.726203e+01	-7.603296e+01
1.300000e-06	-2.446894e-06	-1.106598e-09	-1.696901e+01	-7.554499e+01
1.310000e-06	-2.404307e-06	-1.097111e-09	-1.667367e+01	-7.504930e+01
1.320000e-06	-2.361425e-06	-1.088841e-09	-1.637629e+01	-7.454550e+01
1.330000e-06	-2.318351e-06	-1.080710e-09	-1.607758e+01	-7.403321e+01
1.340000e-06	-2.275162e-06	-1.074055e-09	-1.577806e+01	-7.351206e+01
1.350000e-06	-2.231860e-06	-1.068007e-09	-1.547777e+01	-7.298166e+01
1.360000e-06	-2.188409e-06	-1.058670e-09	-1.517645e+01	-7.244163e+01
1.370000e-06	-2.144853e-06	-1.047803e-09	-1.487438e+01	-7.189160e+01
1.380000e-06	-2.101195e-06	-1.035944e-09	-1.457162e+01	-7.133119e+01
1.390000e-06	-2.057360e-06	-1.023420e-09	-1.426763e+01	-7.076005e+01
1.400000e-06	-2.013375e-06	-1.012652e-09	-1.396260e+01	-7.017784e+01
1.410000e-06	-1.969469e-06	-1.002790e-09	-1.365811e+01	-6.958421e+01
1.420000e-06	-1.925532e-06	-9.916178e-10	-1.335341e+01	-6.897885e+01
1.430000e-06	-1.881365e-06	-9.833067e-10	-1.304712e+01	-6.836143e+01
1.440000e-06	-1.837137e-06	-9.740899e-10	-1.274040e+01	-6.773166e+01
1.450000e-06	-1.792868e-06	-9.616818e-10	-1.243340e+01	-6.708923e+01
1.460000e-06	-1.748450e-06	-9.464523e-10	-1.212536e+01	-6.643387e+01
1.470000e-06	-1.703910e-06	-9.328591e-10	-1.181648e+01	-6.576528e+01
1.480000e-06	-1.659210e-06	-9.192537e-10	-1.150649e+01	-6.508318e+01
1.490000e-06	-1.614339e-06	-9.046531e-10	-1.119531e+01	-6.438727e+01
1.500000e-06	-1.569318e-06	-8.890951e-10	-1.088309e+01	-6.367725e+01
1.510000e-06	-1.524102e-06	-8.760381e-10	-1.056953e+01	-6.295281e+01
1.520000e-06	-1.478747e-06	-8.637084e-10	-1.025499e+01	-6.221360e+01
1.530000e-06	-1.433329e-06	-8.513621e-10	-9.940025e+00	-6.145926e+01
1.540000e-06	-1.387880e-06	-8.381076e-10	-9.624838e+00	-6.068940e+01
1.550000e-06	-1.342354e-06	-8.259996e-10	-9.309119e+00	-5.990358e+01
1.560000e-06	-1.296680e-06	-8.126866e-10	-8.992374e+00	-5.910134e+01
1.570000e-06	-1.250880e-06	-8.010330e-10	-8.674750e+00	-5.828216e+01
1.580000e-06	-1.205005e-06	-7.884659e-10	-8.356611e+00	-5.744547e+01
1.590000e-06	-1.159093e-06	-7.735557e-10	-8.038219e+00	-5.659067e+01
1.600000e-06	-1.113092e-06	-7.582756e-10	-7.719207e+00	-5.571707e+01
1.610000e-06	-1.066995e-06	-7.457833e-10	-7.399524e+00	-5.482396e+01
1.620000e-06	-1.020908e-06	-7.357414e-10	-7.079913e+00	-5.391056e+01
1.630000e-06	-9.748480e-07	-7.254309e-10	-6.760493e+00	-5.297604e+01
1.640000e-06	-9.286732e-07	-7.113233e-10	-6.440274e+00	-5.201951e+01
1.650000e-06	-8.823291e-07	-6.935835e-10	-6.118882e+00	-5.104003e+01
1.660000e-06	-8.358932e-07	-6.734484e-10	-5.796852e+00	-5.003665e+01
1.670000e-06	-7.893608e-07	-6.524547e-10	-5.474154e+00	-4.900833e+01
1.680000e-06	-7.427073e-07	-6.351786e-10	-5.150616e+00	-4.795405e+01
1.690000e-06	-6.960273e-07	-6.168610e-10	-4.826894e+00	-4.687273e+01
1.700000e-06	-6.494007e-07	-5.989660e-10	-4.503542e+00	-4.576330e+01
1.710000e-06	-6.027527e-07	-5.850257e-10	-4.180042e+00	-4.462468e+01
1.720000e-06	-5.559713e-07	-5.702780e-10	-3.855617e+00	-4.345578e+01
1.730000e-06	-5.091934e-07	-5.494303e-10	-3.531215e+00	-4.225556e+01
1.740000e-06	-4.624177e-07	-5.270437e-10	-3.206830e+00	-4.102299e+01
1.750000e-06	-4.155236e-07	-5.053304e-10	-2.881623e+00	-3.975710e+01
1.760000e-06	-3.686661e-07	-4.833438e-10	-2.556670e+00	-3.845695e+01
1.770000e-06	-3.218043e-07	-4.630962e-10	-2.231687e+00	-3.712169e+01
1.780000e-06	-2.748511e-07	-4.456598e-10	-1.906070e+00	-3.575055e+01
1.790000e-06	-2.278113e-07	-4.272851e-10	-1.579853e+00	-3.434285e+01
1.800000e-06	-1.808665e-07	-4.077541e-10	-1.254294e+00	-3.289800e+01
1.810000e-06	-1.340300e-07	-3.865652e-10	-9.294876e-01	-3.141557e+01
1.820000e-06	-8.712668e-08	-3.649388e-10	-6.042166e-01	-2.989521e+01
1.830000e-06	-4.023227e-08	-3.430953e-10	-2.790076e-01	-2.833672e+01
1.840000e-06	6.636520e-09	-3.218332e-10	4.602374e-02	-2.674007e+01
1.850000e-06	5.351506e-08	-3.006323e-10	3.711227e-01	-2.510535e+01
1.860000e-06	1.004073e-07	-2.781777e-10	6.963165e-01	-2.343283e+01
1.870000e-06	1.473138e-07	-2.541827e-10	1.021610e+00	-2.172294e+01
1.880000e-06	1.942096e-07	-2.303634e-10	1.346828e+00	-1.997627e+01
1.890000e-06	2.411304e-07	-2.059799e-10	1.672220e+00	-1.819358e+01
1.900000e-06	2.880830e-07	-1.795086e-10	1.997833e+00	-1.637582e+01
1.910000e-06	3.349866e-07	-1.527787e-10	2.323105e+00	-1.452410e+01
1.920000e-06	3.818992e-07	-1.266662e-10	2.648441e+00	-1.263969e+01
1.930000e-06	4.287334e-07	-1.018922e-10	2.973232e+00	-1.072403e+01
1.940000e-06	4.754501e-07	-7.634858e-11	3.297208e+00	-8.778728e+00
1.950000e-06	5.221482e-07	-4.976616e-11	3.621056e+00	-6.805550e+00
1.960000e-06	5.687267e-07	-2.386720e-11	3.944074e+00	-4.806402e+00
1.970000e-06	6.152857e-07	2.867856e-12	4.266958e+00	-2.783334e+00
1.980000e-06	6.619189e-07	3.106581e-11	4.590354e+00	-7.385279e-01
1.990000e-06	7.084849e-07	6.240800e-11	4.913286e+00	1.325713e+00
2.000000e-06	7.549810e-07	9.557852e-11	5.235733e+00	3.406977e+00
2.010000e-06	8.014329e-07	1.256629e-10	5.557873e+00	5.502752e+00
2.020000e-06	8.478519e-07	1.535021e-10	5.879786e+00	7.610442e+00
2.030000e-06	8.942295e-07	1.801430e-10	6.201411e+00	9.727380e+00
2.040000e-06	9.404954e-07	2.064123e-10	6.522261e+00	1.185084e+01
2.050000e-06	9.867158e-07	2.346863e-10	6.842795e+00	1.397805e+01
2.060000e-06	1.032878e-06	2.656383e-10	7.162927e+00	1.610621e+01
2.070000e-06	1.078943e-06	2.981467e-10	7.482385e+00	1.823252e+01
2.080000e-06	1.124921e-06	3.299693e-10	7.801239e+00	2.035415e+01
2.090000e-06	1.170813e-06	3.606006e-10	8.119493e+00	2.246831e+01
2.100000e-06	1.216599e-06	3.911312e-10	8.437020e+00	2.457225e+01
2.110000e-06	1.262267e-06	4.212977e-10	8.753720e+00	2.666323e+01
2.120000e-06	1.307838e-06	4.515385e-10	9.069753e+00	2.873862e+01
2.130000e-06	1.353404e-06	4.791702e-10	9.385751e+00	3.079581e+01
2.140000e-06	1.398916e-06	5.036502e-10	9.701374e+00	3.283234e+01
2.150000e-06	1.444324e-06	5.289566e-10	1.001628e+01	3.484580e+01
2.160000e-06	1.489554e-06	5.560259e-10	1.032993e+01	3.683392e+01
2.170000e-06	1.534648e-06	5.827557e-10	1.064266e+01	3.879457e+01
2.180000e-06	1.579690e-06	6.085659e-10	1.095502e+01	4.072573e+01
2.190000e-06	1.624608e-06	6.357471e-10	1.126653e+01	4.262556e+01
2.200000e-06	1.669419e-06	6.643147e-10	1.157729e+01	4.449234e+01
2.210000e-06	1.714094e-06	6.912404e-10	1.188711e+01	4.632455e+01
2.220000e-06	1.758610e-06	7.169384e-10	1.219582e+01	4.812082e+01
2.230000e-06	1.802940e-06	7.398184e-10	1.250325e+01	4.987998e+01
2.240000e-06	1.847116e-06	7.594349e-10	1.280960e+01	5.160102e+01
2.250000e-06	1.891201e-06	7.784523e-10	1.311533e+01	5.328312e+01
2.260000e-06	1.935188e-06	7.993969e-10	1.342038e+01	5.492564e+01
2.270000e-06	1.979030e-06	8.224079e-10	1.372442e+01	5.652814e+01
2.280000e-06	2.022778e-06	8.446715e-10	1.402780e+01	5.809033e+01
2.290000e-06	2.066494e-06	8.667352e-10	1.433097e+01	5.961214e+01
2.300000e-06	2.110160e-06	8.893278e-10	1.463379e+01	6.109363e+01
2.310000e-06	2.153777e-06	9.106165e-10	1.493627e+01	6.253503e+01
2.320000e-06	2.197350e-06	9.291602e-10	1.523845e+01	6.393675e+01
2.330000e-06	2.240856e-06	9.454723e-10	1.554015e+01	6.529931e+01
2.340000e-06	2.284183e-06	9.610032e-10	1.584063e+01	6.662339e+01
2.350000e-06	2.327344e-06	9.778876e-10	1.613995e+01	6.790977e+01
2.360000e-06	2.370322e-06	9.961693e-10	1.643800e+01	6.915934e+01
2.370000e-06	2.413007e-06	1.013806e-09	1.673401e+01	7.037309e+01
2.380000e-06	2.455408e-06	1.029402e-09	1.702806e+01	7.155208e+01
2.390000e-06	2.497507e-06	1.045494e-09	1.732001e+01	7.269742e+01
2.400000e-06	2.539284e-06	1.060807e-09	1.760973e+01	7.381028e+01
2.410000e-06	2.580667e-06	1.073648e-09	1.789672e+01	7.489183e+01
2.420000e-06	2.621723e-06	1.085466e-09	1.818144e+01	7.594328e+01
2.430000e-06	2.662539e-06	1.096853e-09	1.846450e+01	7.696581e+01
2.440000e-06	2.703084e-06	1.107483e-09	1.874567e+01	7.796059e+01
2.450000e-06	2.743353e-06	1.118916e-09	1.902494e+01	7.892876e+01
2.460000e-06	2.783480e-06	1.133500e-09	1.930321e+01	7.987140e+01
2.470000e-06	2.823509e-06	1.148521e-09	1.958081e+01	8.078954e+01
2.480000e-06	2.863395e-06	1.161741e-09	1.985742e+01	8.168414e+01
2.490000e-06	2.903138e-06	1.174116e-09	2.013303e+01	8.255607e+01
2.500000e-06	2.942730e-06	1.183954e-09	2.040760e+01	8.340612e+01
2.510000e-06	2.982211e-06	1.192550e-09	2.068140e+01	8.423499e+01
2.520000e-06	3.021563e-06	1.201747e-09	2.095430e+01	8.504328e+01
2.530000e-06	3.060793e-06	1.211684e-09	2.122636e+01	8.583152e+01
2.540000e-06	3.099801e-06	1.222283e-09	2.149687e+01	8.660011e+01
2.550000e-06	3.138506e-06	1.231068e-09	2.176529e+01	8.734938e+01
2.560000e-06	3.176943e-06	1.240645e-09	2.203185e+01	8.807957e+01
2.570000e-06	3.215135e-06	1.252203e-09	2.229671e+01	8.879084e+01
2.580000e-06	3.253078e-06	1.262261e-09	2.255983e+01	8.948329e+01
2.590000e-06	3.290858e-06	1.270700e-09	2.282184e+01	9.015694e+01
2.600000e-06	3.328477e-06	1.279034e-09	2.308272e+01	9.081177e+01
2.610000e-06	3.365862e-06	1.288285e-09	2.334199e+01	9.144772e+01
2.620000e-06	3.402958e-06	1.297857e-09	2.359924e+01	9.206471e+01
2.630000e-06	3.439689e-06	1.308075e-09	2.385397e+01	9.266265e+01
2.640000e-06	3.476122e-06	1.318412e-09	2.410663e+01	9.324144e+01
2.650000e-06	3.512344e-06	1.325026e-09	2.435783e+01	9.380100e+01
2.660000e-06	3.548425e-06	1.330330e-09	2.460804e+01	9.434128e+01
2.670000e-06	3.584337e-06	1.337871e-09	2.485709e+01	9.486227e+01
2.680000e-06	3.620082e-06	1.346365e-09	2.510498e+01	9.536402e+01
2.690000e-06	3.655744e-06	1.354432e-09	2.535229e+01	9.584663e+01
2.700000e-06	3.691322e-06	1.362525e-09	2.559903e+01	9.631027e+01
2.710000e-06	3.726717e-06	1.370635e-09	2.584448e+01	9.675520e+01
2.720000e-06	3.761918e-06	1.379409e-09	2.608860e+01	9.718175e+01
2.730000e-06	3.796819e-06	1.387724e-09	2.633064e+01	9.759035e+01
2.740000e-06	3.831300e-06	1.395165e-09	2.656976e+01	9.798149e+01
2.750000e-06	3.865240e-06	1.399856e-09	2.680513e+01	9.835579e+01
2.760000e-06	3.898570e-06	1.403987e-09	2.703627e+01	9.871391e+01
2.770000e-06	3.931446e-06	1.408964e-09	2.726426e+01	9.905661e+01
2.780000e-06	3.963951e-06	1.415735e-09	2.748969e+01	9.938473e+01
2.790000e-06	3.996141e-06	1.426205e-09	2.771292e+01	9.969914e+01
2.800000e-06	4.028123e-06	1.433890e-09	2.793471e+01	1.000008e+02
2.810000e-06	4.059896e-06	1.436919e-09	2.815505e+01	1.002907e+02
2.820000e-06	4.091473e-06	1.440696e-09	2.837404e+01	1.005698e+02
2.830000e-06	4.122859e-06	1.446225e-09	2.859170e+01	1.008392e+02
2.840000e-06	4.154006e-06	1.450928e-09	2.880770e+01	1.010999e+02
2.850000e-06	4.184887e-06	1.453610e-09	2.902186e+01	1.013528e+02
2.860000e-06	4.215472e-06	1.456940e-09	2.923396e+01	1.015990e+02
2.870000e-06	4.245733e-06	1.459608e-09	2.944382e+01	1.018395e+02
2.880000e-06	4.275637e-06	1.460697e-09	2.965120e+01	1.020750e+02
2.890000e-06	4.305204e-06	1.464072e-09	2.985625e+01	1.023063e+02
2.900000e-06	4.334537e-06	1.467727e-09	3.005967e+01	1.025342e+02
2.910000e-06	4.363614e-06	1.474506e-09	3.026132e+01	1.027594e+02
2.920000e-06	4.392382e-06	1.482323e-09	3.046082e+01	1.029823e+02
2.930000e-06	4.420844e-06	1.488277e-09	3.065820e+01	1.032033e+02
2.940000e-06	4.449015e-06	1.490437e-09	3.085357e+01	1.034228e+02
2.950000e-06	4.476996e-06	1.491667e-09	3.104761e+01	1.036409e+02
2.960000e-06	4.504814e-06	1.494176e-09	3.124052e+01	1.038577e+02
2.970000e-06	4.532460e-06	1.496596e-09	3.143225e+01	1.040731e+02
2.980000e-06	4.559928e-06	1.502549e-09	3.162274e+01	1.042872e+02
2.990000e-06	4.587149e-06	1.508941e-09	3.181151e+01	1.044995e+02
3.000000e-06	4.613903e-06	1.515173e-09	3.199705e+01	1.047098e+02
3.010000e-06	4.640059e-06	1.520630e-09	3.217844e+01	1.049176e+02
3.020000e-06	4.665680e-06	1.522800e-09	3.235612e+01	1.051225e+02
3.030000e-06	4.690746e-06	1.524200e-09	3.252995e+01	1.053239e+02
3.040000e-06	4.715322e-06	1.525746e-09	3.270038e+01	1.055213e+02
3.050000e-06	4.739564e-06	1.529759e-09	3.286850e+01	1.057141e+02
3.060000e-06	4.763550e-06	1.535125e-09	3.303484e+01	1.059016e+02
3.070000e-06	4.787260e-06	1.539094e-09	3.319927e+01	1.060833e+02
3.080000e-06	4.810626e-06	1.542587e-09	3.336131e+01	1.062586e+02
3.090000e-06	4.833725e-06	1.544979e-09	3.352150e+01	1.064269e+02
3.100000e-06	4.856416e-06	1.548027e-09	3.367886e+01	1.065877e+02
3.110000e-06	4.878706e-06	1.551077e-09	3.383344e+01	1.067407e+02
3.120000e-06	4.900832e-06	1.556056e-09	3.398688e+01	1.068854e+02
3.130000e-06	4.922659e-06	1.561477e-09	3.413825e+01	1.070215e+02
3.140000e-06	4.944074e-06	1.566291e-09	3.428676e+01	1.071490e+02
3.150000e-06	4.965135e-06	1.569736e-09	3.443281e+01	1.072677e+02
3.160000e-06	4.985898e-06	1.570402e-09	3.457681e+01	1.073775e+02
3.170000e-06	5.006382e-06	1.571080e-09	3.471886e+01	1.074786e+02
3.180000e-06	5.026489e-06	1.572898e-09	3.485830e+01	1.075712e+02
3.190000e-06	5.046262e-06	1.576745e-09	3.499542e+01	1.076555e+02
3.200000e-06	5.065876e-06	1.580976e-09	3.513145e+01	1.077320e+02
3.210000e-06	5.085273e-06	1.584025e-09	3.526596e+01	1.078010e+02
3.220000e-06	5.104413e-06	1.585360e-09	3.539870e+01	1.078630e+02
3.230000e-06	5.123099e-06	1.586135e-09	3.552828e+01	1.079187e+02
3.240000e-06	5.141208e-06	1.587173e-09	3.565387e+01	1.079686e+02
3.250000e-06	5.158930e-06	1.588878e-09	3.577677e+01	1.080133e+02
3.260000e-06	5.176278e-06	1.591791e-09	3.589708e+01	1.080536e+02
3.270000e-06	5.193249e-06	1.594937e-09	3.601477e+01	1.080899e+02
3.280000e-06	5.209967e-06	1.597696e-09	3.613070e+01	1.081231e+02
3.290000e-06	5.226464e-06	1.600080e-09	3.624511e+01	1.081536e+02
3.300000e-06	5.242663e-06	1.603222e-09	3.635745e+01	1.081821e+02
3.310000e-06	5.258426e-06	1.608212e-09	3.646676e+01	1.082090e+02
3.320000e-06	5.273704e-06	1.610299e-09	3.657272e+01	1.082348e+02
3.330000e-06	5.288450e-06	1.611165e-09	3.667498e+01	1.082599e+02
3.340000e-06	5.302604e-06	1.611161e-09	3.677313e+01	1.082846e+02
3.350000e-06	5.316399e-06	1.609329e-09	3.686880e+01	1.083090e+02
3.360000e-06	5.329949e-06	1.608587e-09	3.696277e+01	1.083334e+02
3.370000e-06	5.343123e-06	1.610532e-09	3.705413e+01	1.083576e+02
3.380000e-06	5.355760e-06	1.614257e-09	3.714177e+01	1.083818e+02
3.390000e-06	5.367991e-06	1.616589e-09	3.722659e+01	1.084058e+02
3.400000e-06	5.380040e-06	1.619700e-09	3.731015e+01	1.084292e+02
3.410000e-06	5.391730e-06	1.622667e-09	3.739122e+01	1.084519e+02
3.420000e-06	5.402982e-06	1.625621e-09	3.746925e+01	1.084736e+02
3.430000e-06	5.413769e-06	1.627694e-09	3.754406e+01	1.084937e+02
3.440000e-06	5.423901e-06	1.627611e-09	3.761432e+01	1.085120e+02
3.450000e-06	5.433233e-06	1.627277e-09	3.767904e+01	1.085278e+02
3.460000e-06	5.441948e-06	1.628322e-09	3.773948e+01	1.085409e+02
3.470000e-06	5.450243e-06	1.630225e-09	3.779700e+01	1.085506e+02
3.480000e-06	5.458201e-06	1.629971e-09	3.785219e+01	1.085565e+02
3.490000e-06	5.465889e-06	1.628550e-09	3.790550e+01	1.085583e+02
3.500000e-06	5.473321e-06	1.628926e-09	3.795704e+01	1.085555e+02
3.510000e-06	5.480479e-06	1.631004e-09	3.800669e+01	1.085479e+02
3.520000e-06	5.487307e-06	1.636047e-09	3.805404e+01	1.085351e+02
3.530000e-06	5.493897e-06	1.642013e-09	3.809974e+01	1.085170e+02
3.540000e-06	5.500135e-06	1.643883e-09	3.814300e+01	1.084935e+02
3.550000e-06	5.505904e-06	1.640881e-09	3.818300e+01	1.084646e+02
3.560000e-06	5.511289e-06	1.637433e-09	3.822035e+01	1.084304e+02
3.570000e-06	5.516329e-06	1.635435e-09	3.825530e+01	1.083910e+02
3.580000e-06	5.520869e-06	1.634046e-09	3.828678e+01	1.083467e+02
3.590000e-06	5.524970e-06	1.636174e-09	3.831523e+01	1.082979e+02
3.600000e-06	5.528813e-06	1.642034e-09	3.834188e+01	1.082450e+02
3.610000e-06	5.532428e-06	1.646732e-09	3.836695e+01	1.081884e+02
3.620000e-06	5.535838e-06	1.649522e-09	3.839059e+01	1.081287e+02
3.630000e-06	5.538877e-06	1.650789e-09	3.841167e+01	1.080666e+02
3.640000e-06	5.541400e-06	1.648335e-09	3.842917e+01	1.080027e+02
3.650000e-06	5.543360e-06	1.647672e-09	3.844276e+01	1.079377e+02
3.660000e-06	5.544693e-06	1.644151e-09	3.845200e+01	1.078721e+02
3.670000e-06	5.545490e-06	1.640287e-09	3.845753e+01	1.078068e+02
3.680000e-06	5.545846e-06	1.640565e-09	3.846000e+01	1.077423e+02
3.690000e-06	5.545799e-06	1.644346e-09	3.845967e+01	1.076792e+02
3.700000e-06	5.545475e-06	1.648861e-09	3.845743e+01	1.076182e+02
3.710000e-06	5.544941e-06	1.651576e-09	3.845373e+01	1.075596e+02
3.720000e-06	5.544106e-06	1.651979e-09	3.844793e+01	1.075038e+02
3.730000e-06	5.542846e-06	1.646168e-09	3.843919e+01	1.074512e+02
3.740000e-06	5.541170e-06	1.640749e-09	3.842757e+01	1.074020e+02
3.750000e-06	5.539207e-06	1.646410e-09	3.841396e+01	1.073562e+02
3.760000e-06	5.536942e-06	1.655857e-09	3.839825e+01	1.073140e+02
3.770000e-06	5.534274e-06	1.608602e-09	3.837975e+01	1.072750e+02
3.780000e-06	5.531119e-06	1.517591e-09	3.835787e+01	1.072391e+02
3.790000e-06	5.527379e-06	1.557508e-09	3.833193e+01	1.072059e+02
3.800000e-06	5.523182e-06	1.720253e-09	3.830283e+01	1.071750e+02
3.810000e-06	5.518877e-06	1.762781e-09	3.827297e+01	1.071457e+02
3.820000e-06	5.514575e-06	1.646361e-09	3.824314e+01	1.071174e+02
3.830000e-06	5.509885e-06	1.548637e-09	3.821062e+01	1.070895e+02
3.840000e-06	5.504462e-06	1.672683e-09	3.817301e+01	1.070610e+02
3.850000e-06	5.498530e-06	1.728625e-09	3.813186e+01	1.070311e+02
3.860000e-06	5.492365e-06	1.608190e-09	3.808911e+01	1.069989e+02
3.870000e-06	5.485840e-06	1.536161e-09	3.804386e+01	1.069635e+02
3.880000e-06	5.478669e-06	1.678726e-09	3.799413e+01	1.069239e+02
3.890000e-06	5.470900e-06	1.794639e-09	3.794026e+01	1.068794e+02
3.900000e-06	5.462848e-06	1.591888e-09	3.788442e+01	1.068289e+02
3.910000e-06	5.454531e-06	1.465385e-09	3.782674e+01	1.067717e+02
3.920000e-06	5.445671e-06	1.598966e-09	3.776530e+01	1.067070e+02
3.930000e-06	5.436488e-06	1.769990e-09	3.770161e+01	1.066342e+02
3.940000e-06	5.427231e-06	1.626712e-09	3.763742e+01	1.065525e+02
3.950000e-06	5.417473e-06	1.518846e-09	3.756974e+01	1.064616e+02
3.960000e-06	5.407092e-06	1.597249e-09	3.749775e+01	1.063611e+02
3.970000e-06	5.396455e-06	1.693136e-09	3.742399e+01	1.062507e+02
3.980000e-06	5.385595e-06	1.592291e-09	3.734867e+01	1.061302e+02
3.990000e-06	5.374263e-06	1.545279e-09	3.727009e+01	1.059996e+02
4.000000e-06	5.362493e-06	1.640276e-09	3.718846e+01	1.058591e+02
4.010000e-06	5.350380e-06	1.672655e-09	3.710446e+01	1.057089e+02
4.020000e-06	5.337869e-06	1.582712e-09	3.701770e+01	1.055493e+02
4.030000e-06	5.324766e-06	1.546906e-09	3.692683e+01	1.053807e+02
4.040000e-06	5.311129e-06	1.653793e-09	3.683225e+01	1.052037e+02
4.050000e-06	5.297178e-06	1.657576e-09	3.673550e+01	1.050190e+02
4.060000e-06	5.282611e-06	1.567750e-09	3.663449e+01	1.048272e+02
4.070000e-06	5.267306e-06	1.559413e-09	3.652835e+01	1.046290e+02
4.080000e-06	5.251600e-06	1.681600e-09	3.641942e+01	1.044254e+02
4.090000e-06	5.235642e-06	1.642970e-09	3.630876e+01	1.042171e+02
4.100000e-06	5.219331e-06	1.531098e-09	3.619564e+01	1.040049e+02
4.110000e-06	5.202664e-06	1.569425e-09	3.608006e+01	1.037898e+02
4.120000e-06	5.185688e-06	1.681304e-09	3.596233e+01	1.035725e+02
4.130000e-06	5.168294e-06	1.594434e-09	3.584171e+01	1.033539e+02
4.140000e-06	5.150488e-06	1.538324e-09	3.571822e+01	1.031346e+02
4.150000e-06	5.132433e-06	1.614758e-09	3.559302e+01	1.029153e+02
4.160000e-06	5.114121e-06	1.618479e-09	3.546602e+01	1.026967e+02
4.170000e-06	5.095416e-06	1.514408e-09	3.533631e+01	1.024792e+02
4.180000e-06	5.076318e-06	1.574009e-09	3.520386e+01	1.022633e+02
4.190000e-06	5.056842e-06	1.640392e-09	3.506879e+01	1.020494e+02
4.200000e-06	5.037041e-06	1.552280e-09	3.493148e+01	1.018375e+02
4.210000e-06	5.016996e-06	1.525982e-09	3.479247e+01	1.016280e+02
4.220000e-06	4.996778e-06	1.610765e-09	3.465226e+01	1.014207e+02
4.230000e-06	4.976297e-06	1.571932e-09	3.451022e+01	1.012157e+02
4.240000e-06	4.955410e-06	1.519248e-09	3.436537e+01	1.010127e+02
4.250000e-06	4.934090e-06	1.591460e-09	3.421752e+01	1.008115e+02
4.260000e-06	4.912257e-06	1.588925e-09	3.406611e+01	1.006118e+02
4.270000e-06	4.889843e-06	1.512781e-09	3.391067e+01	1.004132e+02
4.280000e-06	4.866936e-06	1.554745e-09	3.375182e+01	1.002151e+02
4.290000e-06	4.843558e-06	1.603896e-09	3.358969e+01	1.000171e+02
4.300000e-06	4.819776e-06	1.531102e-09	3.342476e+01	9.981860e+01
4.310000e-06	4.795792e-06	1.518073e-09	3.325844e+01	9.961902e+01
4.320000e-06	4.771586e-06	1.571267e-09	3.309057e+01	9.941775e+01
4.330000e-06	4.747109e-06	1.558680e-09	3.292082e+01	9.921420e+01
4.340000e-06	4.722397e-06	1.524531e-09	3.274945e+01	9.900775e+01
4.350000e-06	4.697348e-06	1.547116e-09	3.257573e+01	9.879785e+01
4.360000e-06	4.671785e-06	1.536092e-09	3.239846e+01	9.858394e+01
4.370000e-06	4.645837e-06	1.516344e-09	3.221851e+01	9.836552e+01
4.380000e-06	4.619682e-06	1.531253e-09	3.203712e+01	9.814213e+01
4.390000e-06	4.593250e-06	1.540467e-09	3.185383e+01	9.791337e+01
4.400000e-06	4.566516e-06	1.515325e-09	3.166843e+01	9.767890e+01
4.410000e-06	4.539426e-06	1.515193e-09	3.148056e+01	9.743844e+01
4.420000e-06	4.511980e-06	1.519035e-09	3.129022e+01	9.719177e+01
4.430000e-06	4.484248e-06	1.514175e-09	3.109791e+01	9.693875e+01
4.440000e-06	4.456253e-06	1.509887e-09	3.090376e+01	9.667929e+01
4.450000e-06	4.428063e-06	1.510862e-09	3.070827e+01	9.641338e+01
4.460000e-06	4.399714e-06	1.493487e-09	3.051167e+01	9.614106e+01
4.470000e-06	4.371203e-06	1.486927e-09	3.031394e+01	9.586243e+01
4.480000e-06	4.342370e-06	1.486123e-09	3.011399e+01	9.557763e+01
4.490000e-06	4.313187e-06	1.480749e-09	2.991161e+01	9.528686e+01
4.500000e-06	4.283560e-06	1.472821e-09	2.970614e+01	9.499035e+01
4.510000e-06	4.253344e-06	1.473264e-09	2.949660e+01	9.468837e+01
4.520000e-06	4.222584e-06	1.464847e-09	2.928329e+01	9.438119e+01
4.530000e-06	4.191320e-06	1.456684e-09	2.906647e+01	9.406911e+01
4.540000e-06	4.159713e-06	1.461158e-09	2.884728e+01	9.375246e+01
4.550000e-06	4.127832e-06	1.456838e-09	2.862619e+01	9.343153e+01
4.560000e-06	4.095714e-06	1.437710e-09	2.840345e+01	9.310663e+01
4.570000e-06	4.063464e-06	1.433905e-09	2.817980e+01	9.277806e+01
4.580000e-06	4.031061e-06	1.442026e-09	2.795509e+01	9.244609e+01
4.590000e-06	3.998446e-06	1.430842e-09	2.772890e+01	9.211098e+01
4.600000e-06	3.965532e-06	1.421259e-09	2.750065e+01	9.177296e+01
4.610000e-06	3.932235e-06	1.425449e-09	2.726973e+01	9.143223e+01
4.620000e-06	3.898697e-06	1.421417e-09	2.703715e+01	9.108897e+01
4.630000e-06	3.864978e-06	1.406921e-09	2.680332e+01	9.074331e+01
4.640000e-06	3.830963e-06	1.408345e-09	2.656742e+01	9.039536e+01
4.650000e-06	3.796662e-06	1.404199e-09	2.632955e+01	9.004521e+01
4.660000e-06	3.762164e-06	1.389365e-09	2.609031e+01	8.969289e+01
4.670000e-06	3.727372e-06	1.383792e-09	2.584902e+01	8.933844e+01
4.680000e-06	3.692261e-06	1.393391e-09	2.560554e+01	8.898184e+01
4.690000e-06	3.656877e-06	1.386806e-09	2.536015e+01	8.862306e+01
4.700000e-06	3.621213e-06	1.378471e-09	2.511282e+01	8.826206e+01
4.710000e-06	3.585331e-06	1.378459e-09	2.486399e+01	8.789876e+01
4.720000e-06	3.549267e-06	1.374558e-09	2.461388e+01	8.753309e+01
4.730000e-06	3.513083e-06	1.362515e-09	2.436295e+01	8.716494e+01
4.740000e-06	3.476786e-06	1.361828e-09	2.411123e+01	8.679421e+01
4.750000e-06	3.440391e-06	1.359743e-09	2.385883e+01	8.642081e+01
4.760000e-06	3.403810e-06	1.351419e-09	2.360515e+01	8.604460e+01
4.770000e-06	3.366973e-06	1.345498e-09	2.334969e+01	8.566549e+01
4.780000e-06	3.329833e-06	1.347751e-09	2.309213e+01	8.528334e+01
4.790000e-06	3.292333e-06	1.341537e-09	2.283207e+01	8.489806e+01
4.800000e-06	3.254511e-06	1.334247e-09	2.256978e+01	8.450952e+01
4.810000e-06	3.216284e-06	1.330909e-09	2.230467e+01	8.411760e+01
4.820000e-06	3.177589e-06	1.325970e-09	2.203633e+01	8.372220e+01
4.830000e-06	3.138476e-06	1.320068e-09	2.176508e+01	8.332319e+01
4.840000e-06	3.099042e-06	1.317332e-09	2.149161e+01	8.292047e+01
4.850000e-06	3.059394e-06	1.313118e-09	2.121665e+01	8.251390e+01
4.860000e-06	3.019548e-06	1.305345e-09	2.094033e+01	8.210335e+01
4.870000e-06	2.979548e-06	1.301757e-09	2.066292e+01	8.168869e+01
4.880000e-06	2.939424e-06	1.297848e-09	2.038467e+01	8.126977e+01
4.890000e-06	2.899141e-06	1.291154e-09	2.010531e+01	8.084643e+01
4.900000e-06	2.858715e-06	1.282482e-09	1.982496e+01	8.041850e+01
4.910000e-06	2.818259e-06	1.278599e-09	1.954440e+01	7.998577e+01
4.920000e-06	2.777716e-06	1.274222e-09	1.926324e+01	7.954806e+01
4.930000e-06	2.736966e-06	1.271798e-09	1.898064e+01	7.910512e+01
4.940000e-06	2.696011e-06	1.270395e-09	1.869662e+01	7.865670e+01
4.950000e-06	2.654824e-06	1.267704e-09	1.841099e+01	7.820256e+01
4.960000e-06	2.613380e-06	1.262015e-09	1.812358e+01	7.774239e+01
4.970000e-06	2.571679e-06	1.258922e-09	1.783439e+01	7.727589e+01
4.980000e-06	2.529810e-06	1.252283e-09	1.754403e+01	7.680275e+01
4.990000e-06	2.487930e-06	1.240280e-09	1.725359e+01	7.632262e+01
5.000000e-06	2.445948e-06	1.228081e-09	1.696245e+01	7.583515e+01
5.010000e-06	2.403726e-06	1.222779e-09	1.666965e+01	7.533998e+01
5.020000e-06	2.361345e-06	1.217933e-09	1.637574e+01	7.483673e+01
5.030000e-06	2.318830e-06	1.215290e-09	1.608090e+01	7.432503e+01
5.040000e-06	2.276103e-06	1.212793e-09	1.578459e+01	7.380450e+01
5.050000e-06	2.233179e-06	1.208408e-09	1.548692e+01	7.327475e+01
5.060000e-06	2.190054e-06	1.200561e-09	1.518785e+01	7.273540e+01
5.070000e-06	2.146719e-06	1.191891e-09	1.488732e+01	7.218608e+01
5.080000e-06	2.103199e-06	1.179961e-09	1.458552e+01	7.162642e+01
5.090000e-06	2.059477e-06	1.165804e-09	1.428231e+01	7.105605e+01
5.100000e-06	2.015678e-06	1.154747e-09	1.397857e+01	7.047464e+01
5.110000e-06	1.971887e-06	1.148367e-09	1.367488e+01	6.988184e+01
5.120000e-06	1.928007e-06	1.144574e-09	1.337057e+01	6.927733e+01
5.130000e-06	1.883962e-06	1.139176e-09	1.306512e+01	6.866080e+01
5.140000e-06	1.839839e-06	1.130800e-09	1.275914e+01	6.803193e+01
5.150000e-06	1.795669e-06	1.118793e-09	1.245282e+01	6.739044e+01
5.160000e-06	1.751431e-06	1.107432e-09	1.214604e+01	6.673603e+01
5.170000e-06	1.707125e-06	1.098847e-09	1.183877e+01	6.606842e+01
5.180000e-06	1.662722e-06	1.089603e-09	1.153085e+01	6.538732e+01
5.190000e-06	1.618237e-06	1.075542e-09	1.122235e+01	6.469244e+01
5.200000e-06	1.573667e-06	1.063249e-09	1.091326e+01	6.398347e+01
5.210000e-06	1.528973e-06	1.053307e-09	1.060331e+01	6.326011e+01
5.220000e-06	1.484223e-06	1.045695e-09	1.029297e+01	6.252201e+01
5.230000e-06	1.439409e-06	1.034835e-09	9.982189e+00	6.176881e+01
5.240000e-06	1.394477e-06	1.023667e-09	9.670588e+00	6.100012e+01
5.250000e-06	1.349474e-06	1.013190e-09	9.358495e+00	6.021552e+01
5.260000e-06	1.304314e-06	1.003640e-09	9.045311e+00	5.941453e+01
5.270000e-06	1.259046e-06	9.930681e-10	8.731382e+00	5.859665e+01
5.280000e-06	1.213768e-06	9.784023e-10	8.417385e+00	5.776131e+01
5.290000e-06	1.168356e-06	9.637765e-10	8.102455e+00	5.690790e+01
5.300000e-06	1.122781e-06	9.503579e-10	7.786400e+00	5.603576e+01
5.310000e-06	1.077004e-06	9.379539e-10	7.468936e+00	5.514418e+01
5.320000e-06	1.031256e-06	9.281706e-10	7.151682e+00	5.423236e+01
5.330000e-06	9.855503e-07	9.177871e-10	6.834713e+00	5.329950e+01
5.340000e-06	9.396514e-07	9.037823e-10	6.516408e+00	5.234470e+01
5.350000e-06	8.935787e-07	8.870573e-10	6.196897e+00	5.136704e+01
5.360000e-06	8.473962e-07	8.694967e-10	5.876625e+00	5.036555e+01
5.370000e-06	8.012107e-07	8.536901e-10	5.556332e+00	4.933922e+01
5.380000e-06	7.550149e-07	8.394459e-10	5.235968e+00	4.828701e+01
5.390000e-06	7.088210e-07	8.248996e-10	4.915617e+00	4.720785e+01
5.400000e-06	6.626011e-07	8.106481e-10	4.595086e+00	4.610067e+01
5.410000e-06	6.162523e-07	7.964276e-10	4.273661e+00	4.496438e+01
5.420000e-06	5.698435e-07	7.813068e-10	3.951819e+00	4.379791e+01
5.430000e-06	5.234171e-07	7.622144e-10	3.629856e+00	4.260021e+01
5.440000e-06	4.769466e-07	7.399562e-10	3.307587e+00	4.137024e+01
5.450000e-06	4.305065e-07	7.170925e-10	2.985528e+00	4.010702e+01
5.460000e-06	3.839837e-07	6.929576e-10	2.662896e+00	3.880963e+01
5.470000e-06	3.373908e-07	6.738723e-10	2.339778e+00	3.747719e+01
5.480000e-06	2.907766e-07	6.570076e-10	2.016513e+00	3.610893e+01
5.490000e-06	2.441521e-07	6.364733e-10	1.693175e+00	3.470416e+01
5.500000e-06	1.975942e-07	6.149458e-10	1.370300e+00	3.326230e+01
5.510000e-06	1.509837e-07	5.944830e-10	1.047060e+00	3.178288e+01
5.520000e-06	1.043530e-07	5.699373e-10	7.236796e-01	3.026555e+01
5.530000e-06	5.773827e-08	5.427737e-10	4.004103e-01	2.871011e+01
5.540000e-06	1.108645e-08	5.195317e-10	7.688365e-02	2.711650e+01
5.550000e-06	-3.557847e-08	4.950747e-10	-2.467338e-01	2.548482e+01
5.560000e-06	-8.229383e-08	4.670434e-10	-5.707012e-01	2.381530e+01
5.570000e-06	-1.289534e-07	4.380701e-10	-8.942812e-01	2.210836e+01
5.580000e-06	-1.754951e-07	4.085334e-10	-1.217045e+00	2.036460e+01
5.590000e-06	-2.220814e-07	3.800248e-10	-1.540117e+00	1.858475e+01
5.600000e-06	-2.687098e-07	3.505492e-10	-1.863481e+00	1.676973e+01
5.610000e-06	-3.152840e-07	3.215997e-10	-2.186470e+00	1.492066e+01
5.620000e-06	-3.618481e-07	2.883700e-10	-2.509387e+00	1.303878e+01
5.630000e-06	-4.084704e-07	2.541262e-10	-2.832710e+00	1.112553e+01
5.640000e-06	-4.550647e-07	2.219932e-10	-3.155838e+00	9.182504e+00
5.650000e-06	-5.015040e-07	1.894856e-10	-3.477890e+00	7.211443e+00
5.660000e-06	-5.479351e-07	1.577214e-10	-3.799887e+00	5.214248e+00
5.670000e-06	-5.943352e-07	1.274447e-10	-4.121667e+00	3.192957e+00
5.680000e-06	-6.405981e-07	9.639334e-11	-4.442497e+00	1.149742e+00
5.690000e-06	-6.868109e-07	6.157573e-11	-4.762979e+00	-9.131052e-01
5.700000e-06	-7.330141e-07	2.280734e-11	-5.083394e+00	-2.993179e+00
5.710000e-06	-7.792074e-07	-1.673690e-11	-5.403741e+00	-5.087978e+00
5.720000e-06	-8.253380e-07	-5.521667e-11	-5.723653e+00	-7.194911e+00
5.730000e-06	-8.714366e-07	-9.205417e-11	-6.043343e+00	-9.311317e+00
5.740000e-06	-9.174042e-07	-1.240733e-10	-6.362125e+00	-1.143447e+01
5.750000e-06	-9.632812e-07	-1.549617e-10	-6.680278e+00	-1.356161e+01
5.760000e-06	-1.009133e-06	-1.855057e-10	-6.998260e+00	-1.568994e+01
5.770000e-06	-1.054806e-06	-2.208184e-10	-7.314997e+00	-1.781664e+01
5.780000e-06	-1.100370e-06	-2.612338e-10	-7.630982e+00	-1.993890e+01
5.790000e-06	-1.145907e-06	-3.018049e-10	-7.946776e+00	-2.205393e+01
5.800000e-06	-1.191271e-06	-3.438085e-10	-8.261369e+00	-2.415895e+01
5.810000e-06	-1.236448e-06	-3.822635e-10	-8.574672e+00	-2.625126e+01
5.820000e-06	-1.281586e-06	-4.140699e-10	-8.887695e+00	-2.832817e+01
5.830000e-06	-1.326604e-06	-4.424694e-10	-9.199891e+00	-3.038712e+01
5.840000e-06	-1.371470e-06	-4.715612e-10	-9.511037e+00	-3.242559e+01
5.850000e-06	-1.416337e-06	-5.019617e-10	-9.822186e+00	-3.444120e+01
5.860000e-06	-1.461155e-06	-5.349680e-10	-1.013299e+01	-3.643165e+01
5.870000e-06	-1.505789e-06	-5.711332e-10	-1.044253e+01	-3.839480e+01
5.880000e-06	-1.550286e-06	-6.088937e-10	-1.075111e+01	-4.032863e+01
5.890000e-06	-1.594727e-06	-6.458307e-10	-1.105930e+01	-4.223127e+01
5.900000e-06	-1.639150e-06	-6.782023e-10	-1.136738e+01	-4.410100e+01
5.910000e-06	-1.683506e-06	-7.057843e-10	-1.167498e+01	-4.593628e+01
5.920000e-06	-1.727804e-06	-7.317389e-10	-1.198218e+01	-4.773573e+01
5.930000e-06	-1.772091e-06	-7.570932e-10	-1.228931e+01	-4.949816e+01
5.940000e-06	-1.816290e-06	-7.844857e-10	-1.259582e+01	-5.122254e+01
5.950000e-06	-1.860437e-06	-8.153076e-10	-1.290198e+01	-5.290804e+01
5.960000e-06	-1.904524e-06	-8.452184e-10	-1.320772e+01	-5.455402e+01
5.970000e-06	-1.948534e-06	-8.728085e-10	-1.351292e+01	-5.616000e+01
5.980000e-06	-1.992410e-06	-8.998517e-10	-1.381720e+01	-5.772570e+01
5.990000e-06	-2.036146e-06	-9.259087e-10	-1.412051e+01	-5.925100e+01
6.000000e-06	-2.079782e-06	-9.497783e-10	-1.442313e+01	-6.073598e+01
6.010000e-06	-2.123208e-06	-9.725914e-10	-1.472428e+01	-6.218084e+01
6.020000e-06	-2.166426e-06	-9.953490e-10	-1.502399e+01	-6.358598e+01
6.030000e-06	-2.209478e-06	-1.018729e-09	-1.532256e+01	-6.495192e+01
6.040000e-06	-2.252338e-06	-1.041602e-09	-1.561978e+01	-6.627931e+01
6.050000e-06	-2.295051e-06	-1.064189e-09	-1.591599e+01	-6.756893e+01
6.060000e-06	-2.337641e-06	-1.084978e-09	-1.621135e+01	-6.882167e+01
6.070000e-06	-2.380063e-06	-1.104733e-09	-1.650555e+01	-7.003851e+01
6.080000e-06	-2.422372e-06	-1.123044e-09	-1.679895e+01	-7.122048e+01
6.090000e-06	-2.464542e-06	-1.143707e-09	-1.709141e+01	-7.236872e+01
6.100000e-06	-2.506472e-06	-1.164264e-09	-1.738219e+01	-7.348437e+01
6.110000e-06	-2.548204e-06	-1.182183e-09	-1.767159e+01	-7.456862e+01
6.120000e-06	-2.589798e-06	-1.197884e-09	-1.796004e+01	-7.562267e+01
6.130000e-06	-2.631224e-06	-1.214114e-09	-1.824733e+01	-7.664769e+01
6.140000e-06	-2.672389e-06	-1.233980e-09	-1.853281e+01	-7.764488e+01
6.150000e-06	-2.713360e-06	-1.253770e-09	-1.881694e+01	-7.861536e+01
6.160000e-06	-2.754149e-06	-1.271234e-09	-1.909981e+01	-7.956023e+01
6.170000e-06	-2.794710e-06	-1.285323e-09	-1.938109e+01	-8.048051e+01
6.180000e-06	-2.835206e-06	-1.298540e-09	-1.966193e+01	-8.137717e+01
6.190000e-06	-2.875602e-06	-1.310800e-09	-1.994207e+01	-8.225109e+01
6.200000e-06	-2.915906e-06	-1.322441e-09	-2.022158e+01	-8.310306e+01
6.210000e-06	-2.956111e-06	-1.335572e-09	-2.050040e+01	-8.393381e+01
6.220000e-06	-2.996090e-06	-1.352648e-09	-2.077765e+01	-8.474394e+01
6.230000e-06	-3.035888e-06	-1.369535e-09	-2.105364e+01	-8.553396e+01
6.240000e-06	-3.075549e-06	-1.384023e-09	-2.132869e+01	-8.630431e+01
6.250000e-06	-3.114928e-06	-1.395757e-09	-2.160178e+01	-8.705531e+01
6.260000e-06	-3.153940e-06	-1.401858e-09	-2.187232e+01	-8.778722e+01
6.270000e-06	-3.192696e-06	-1.407448e-09	-2.214109e+01	-8.850020e+01
6.280000e-06	-3.231006e-06	-1.416438e-09	-2.240677e+01	-8.919435e+01
6.290000e-06	-3.268783e-06	-1.429776e-09	-2.266875e+01	-8.986970e+01
6.300000e-06	-3.306207e-06	-1.444426e-09	-2.292828e+01	-9.052623e+01
6.310000e-06	-3.343272e-06	-1.457542e-09	-2.318533e+01	-9.116390e+01
6.320000e-06	-3.380023e-06	-1.468737e-09	-2.344019e+01	-9.178261e+01
6.330000e-06	-3.416573e-06	-1.476150e-09	-2.369366e+01	-9.238227e+01
6.340000e-06	-3.452983e-06	-1.484062e-09	-2.394616e+01	-9.296279e+01
6.350000e-06	-3.489270e-06	-1.491732e-09	-2.419781e+01	-9.352409e+01
6.360000e-06	-3.525408e-06	-1.497608e-09	-2.444843e+01	-9.406611e+01
6.370000e-06	-3.561418e-06	-1.507234e-09	-2.469815e+01	-9.458885e+01
6.380000e-06	-3.597249e-06	-1.521536e-09	-2.494663e+01	-9.509233e+01
6.390000e-06	-3.632813e-06	-1.535242e-09	-2.519327e+01	-9.557667e+01
6.400000e-06	-3.668100e-06	-1.544503e-09	-2.543798e+01	-9.604201e+01
6.410000e-06	-3.703117e-06	-1.550969e-09	-2.568082e+01	-9.648863e+01
6.420000e-06	-3.737825e-06	-1.556390e-09	-2.592152e+01	-9.691683e+01
6.430000e-06	-3.772184e-06	-1.559917e-09	-2.615979e+01	-9.732704e+01
6.440000e-06	-3.806337e-06	-1.561943e-09	-2.639664e+01	-9.771975e+01
6.450000e-06	-3.840271e-06	-1.564142e-09	-2.663197e+01	-9.809556e+01
6.460000e-06	-3.873918e-06	-1.567925e-09	-2.686531e+01	-9.845514e+01
6.470000e-06	-3.907270e-06	-1.571729e-09	-2.709660e+01	-9.879923e+01
6.480000e-06	-3.940218e-06	-1.576458e-09	-2.732510e+01	-9.912866e+01
6.490000e-06	-3.972907e-06	-1.584165e-09	-2.755179e+01	-9.944431e+01
6.500000e-06	-4.005491e-06	-1.593481e-09	-2.777776e+01	-9.974713e+01
6.510000e-06	-4.037915e-06	-1.603981e-09	-2.800262e+01	-1.000381e+02
6.520000e-06	-4.070185e-06	-1.612595e-09	-2.822641e+01	-1.003182e+02
6.530000e-06	-4.102312e-06	-1.615268e-09	-2.844921e+01	-1.005885e+02
6.540000e-06	-4.134108e-06	-1.614025e-09	-2.866971e+01	-1.008500e+02
6.550000e-06	-4.165514e-06	-1.614884e-09	-2.888751e+01	-1.011037e+02
6.560000e-06	-4.196665e-06	-1.618170e-09	-2.910354e+01	-1.013506e+02
6.570000e-06	-4.227401e-06	-1.622776e-09	-2.931669e+01	-1.015916e+02
6.580000e-06	-4.257548e-06	-1.629257e-09	-2.952576e+01	-1.018276e+02
6.590000e-06	-4.287120e-06	-1.636047e-09	-2.973084e+01	-1.020594e+02
6.600000e-06	-4.316227e-06	-1.641558e-09	-2.993269e+01	-1.022877e+02
6.610000e-06	-4.345022e-06	-1.644968e-09	-3.013238e+01	-1.025132e+02
6.620000e-06	-4.373556e-06	-1.646688e-09	-3.033026e+01	-1.027364e+02
6.630000e-06	-4.401893e-06	-1.649005e-09	-3.052677e+01	-1.029577e+02
6.640000e-06	-4.430089e-06	-1.651591e-09	-3.072231e+01	-1.031774e+02
6.650000e-06	-4.458115e-06	-1.654198e-09	-3.091668e+01	-1.033958e+02
6.660000e-06	-4.485805e-06	-1.658438e-09	-3.110870e+01	-1.036128e+02
6.670000e-06	-4.513093e-06	-1.662823e-09	-3.129794e+01	-1.038285e+02
6.680000e-06	-4.540053e-06	-1.666354e-09	-3.148491e+01	-1.040428e+02
6.690000e-06	-4.566724e-06	-1.669193e-09	-3.166987e+01	-1.042554e+02
6.700000e-06	-4.593084e-06	-1.671264e-09	-3.185267e+01	-1.044660e+02
6.710000e-06	-4.619117e-06	-1.671934e-09	-3.203321e+01	-1.046742e+02
6.720000e-06	-4.644774e-06	-1.673284e-09	-3.221114e+01	-1.048795e+02
6.730000e-06	-4.670030e-06	-1.676269e-09	-3.238628e+01	-1.050814e+02
6.740000e-06	-4.695003e-06	-1.679499e-09	-3.255947e+01	-1.052793e+02
6.750000e-06	-4.719752e-06	-1.683193e-09	-3.273110e+01	-1.054726e+02
6.760000e-06	-4.744233e-06	-1.686207e-09	-3.290087e+01	-1.056607e+02
6.770000e-06	-4.768505e-06	-1.688442e-09	-3.306920e+01	-1.058430e+02
6.780000e-06	-4.792579e-06	-1.691439e-09	-3.323615e+01	-1.060190e+02
6.790000e-06	-4.816287e-06	-1.696366e-09	-3.340057e+01	-1.061880e+02
6.800000e-06	-4.839553e-06	-1.702657e-09	-3.356191e+01	-1.063496e+02
6.810000e-06	-4.862428e-06	-1.708235e-09	-3.372055e+01	-1.065034e+02
6.820000e-06	-4.884860e-06	-1.710201e-09	-3.387612e+01	-1.066489e+02
6.830000e-06	-4.906700e-06	-1.709161e-09	-3.402757e+01	-1.067860e+02
6.840000e-06	-4.927988e-06	-1.707132e-09	-3.417520e+01	-1.069143e+02
6.850000e-06	-4.948877e-06	-1.703661e-09	-3.432006e+01	-1.070338e+02
6.860000e-06	-4.969452e-06	-1.699591e-09	-3.446275e+01	-1.071445e+02
6.870000e-06	-4.989785e-06	-1.696158e-09	-3.460376e+01	-1.072465e+02
6.880000e-06	-5.009926e-06	-1.695338e-09	-3.474344e+01	-1.073399e+02
6.890000e-06	-5.029793e-06	-1.698225e-09	-3.488121e+01	-1.074251e+02
6.900000e-06	-5.049267e-06	-1.700276e-09	-3.501626e+01	-1.075023e+02
6.910000e-06	-5.068376e-06	-1.698484e-09	-3.514878e+01	-1.075720e+02
6.920000e-06	-5.087177e-06	-1.696704e-09	-3.527916e+01	-1.076348e+02
6.930000e-06	-5.105628e-06	-1.695709e-09	-3.540712e+01	-1.076911e+02
6.940000e-06	-5.123715e-06	-1.695845e-09	-3.553256e+01	-1.077416e+02
6.950000e-06	-5.141459e-06	-1.696643e-09	-3.565561e+01	-1.077868e+02
6.960000e-06	-5.158890e-06	-1.694510e-09	-3.577649e+01	-1.078276e+02
6.970000e-06	-5.176008e-06	-1.691694e-09	-3.589521e+01	-1.078644e+02
6.980000e-06	-5.192784e-06	-1.690590e-09	-3.601154e+01	-1.078979e+02
6.990000e-06	-5.209207e-06	-1.690539e-09	-3.612544e+01	-1.079288e+02
7.000000e-06	-5.225430e-06	-1.690134e-09	-3.623794e+01	-1.079575e+02
7.010000e-06	-5.241417e-06	-1.691352e-09	-3.634881e+01	-1.079847e+02
7.020000e-06	-5.256872e-06	-1.694909e-09	-3.645599e+01	-1.080107e+02
7.030000e-06	-5.271708e-06	-1.696664e-09	-3.655887e+01	-1.080360e+02
7.040000e-06	-5.285927e-06	-1.695530e-09	-3.665748e+01	-1.080608e+02
7.050000e-06	-5.299519e-06	-1.691983e-09	-3.675174e+01	-1.080854e+02
7.060000e-06	-5.312567e-06	-1.687753e-09	-3.684223e+01	-1.081099e+02
7.070000e-06	-5.325243e-06	-1.686694e-09	-3.693013e+01	-1.081343e+02
7.080000e-06	-5.337667e-06	-1.690494e-09	-3.701629e+01	-1.081586e+02
7.090000e-06	-5.349759e-06	-1.694666e-09	-3.710015e+01	-1.081827e+02
7.100000e-06	-5.361406e-06	-1.697292e-09	-3.718092e+01	-1.082064e+02
7.110000e-06	-5.372601e-06	-1.700126e-09	-3.725856e+01	-1.082293e+02
7.120000e-06	-5.383446e-06	-1.699545e-09	-3.733377e+01	-1.082512e+02
7.130000e-06	-5.393955e-06	-1.695791e-09	-3.740665e+01	-1.082716e+02
7.140000e-06	-5.404041e-06	-1.691438e-09	-3.747659e+01	-1.082902e+02
7.150000e-06	-5.413828e-06	-1.688223e-09	-3.754447e+01	-1.083064e+02
7.160000e-06	-5.423260e-06	-1.685872e-09	-3.760987e+01	-1.083198e+02
7.170000e-06	-5.432201e-06	-1.680575e-09	-3.767188e+01	-1.083299e+02
7.180000e-06	-5.440849e-06	-1.676581e-09	-3.773185e+01	-1.083363e+02
7.190000e-06	-5.449297e-06	-1.675878e-09	-3.779044e+01	-1.083386e+02
7.200000e-06	-5.457518e-06	-1.675323e-09	-3.784745e+01	-1.083364e+02
7.210000e-06	-5.465441e-06	-1.674527e-09	-3.790240e+01	-1.083293e+02
7.220000e-06	-5.473013e-06	-1.674600e-09	-3.795491e+01	-1.083171e+02
7.230000e-06	-5.480089e-06	-1.676172e-09	-3.800398e+01	-1.082996e+02
7.240000e-06	-5.486473e-06	-1.676665e-09	-3.804826e+01	-1.082767e+02
7.250000e-06	-5.492131e-06	-1.676036e-09	-3.808749e+01	-1.082483e+02
7.260000e-06	-5.497223e-06	-1.673274e-09	-3.812280e+01	-1.082147e+02
7.270000e-06	-5.502001e-06	-1.667918e-09	-3.815594e+01	-1.081759e+02
7.280000e-06	-5.506510e-06	-1.665351e-09	-3.818721e+01	-1.081321e+02
7.290000e-06	-5.510740e-06	-1.664467e-09	-3.821654e+01	-1.080838e+02
7.300000e-06	-5.514684e-06	-1.662557e-09	-3.824390e+01	-1.080313e+02
7.310000e-06	-5.518257e-06	-1.662065e-09	-3.826867e+01	-1.079751e+02
7.320000e-06	-5.521419e-06	-1.660755e-09	-3.829060e+01	-1.079159e+02
7.330000e-06	-5.524232e-06	-1.656434e-09	-3.831011e+01	-1.078541e+02
7.340000e-06	-5.526782e-06	-1.651108e-09	-3.832779e+01	-1.077904e+02
7.350000e-06	-5.529020e-06	-1.647195e-09	-3.834331e+01	-1.077256e+02
7.360000e-06	-5.530802e-06	-1.643769e-09	-3.835567e+01	-1.076602e+02
7.370000e-06	-5.532102e-06	-1.640276e-09	-3.836469e+01	-1.075950e+02
7.380000e-06	-5.533027e-06	-1.639541e-09	-3.837110e+01	-1.075305e+02
7.390000e-06	-5.533651e-06	-1.640238e-09	-3.837543e+01	-1.074674e+02
7.400000e-06	-5.534085e-06	-1.638623e-09	-3.837844e+01	-1.074063e+02
