# Temperatura_=_12.7
# Concentracion g/m^3_=_1620.0
# C_Vs_to_Am_M_A/Vsm_=_65563218390.804596
# pendiente_HvsI_1/m_=_3716.3
# ordenada_HvsI_A/m_=_1297.0
# frecuencia_Hz_=_135097.10542135988

Tiempo_(s)	Campo_(V.s)	Magnetizacion_(V.s)	Campo_(kA/m)	Magnetizacion_(A/m)
0.000000e+00	-5.519775e-06	-1.671216e-09	-3.837033e+01	-1.091284e+02
1.000000e-08	-5.519919e-06	-1.669411e-09	-3.837133e+01	-1.090530e+02
2.000000e-08	-5.519892e-06	-1.669493e-09	-3.837114e+01	-1.089791e+02
3.000000e-08	-5.519592e-06	-1.671226e-09	-3.836905e+01	-1.089077e+02
4.000000e-08	-5.518851e-06	-1.673363e-09	-3.836391e+01	-1.088396e+02
5.000000e-08	-5.517500e-06	-1.668910e-09	-3.835452e+01	-1.087752e+02
6.000000e-08	-5.515509e-06	-1.652372e-09	-3.834068e+01	-1.087154e+02
7.000000e-08	-5.512978e-06	-1.630371e-09	-3.832308e+01	-1.086604e+02
8.000000e-08	-5.509975e-06	-1.678501e-09	-3.830221e+01	-1.086106e+02
9.000000e-08	-5.506487e-06	-1.765607e-09	-3.827796e+01	-1.085662e+02
1.000000e-07	-5.502407e-06	-1.722446e-09	-3.824960e+01	-1.085272e+02
1.100000e-07	-5.497964e-06	-1.569318e-09	-3.821872e+01	-1.084936e+02
1.200000e-07	-5.493486e-06	-1.584155e-09	-3.818758e+01	-1.084650e+02
1.300000e-07	-5.488816e-06	-1.694539e-09	-3.815512e+01	-1.084411e+02
1.400000e-07	-5.483677e-06	-1.737142e-09	-3.811940e+01	-1.084212e+02
1.500000e-07	-5.478098e-06	-1.590075e-09	-3.808061e+01	-1.084048e+02
1.600000e-07	-5.472198e-06	-1.603518e-09	-3.803960e+01	-1.083910e+02
1.700000e-07	-5.465810e-06	-1.705821e-09	-3.799520e+01	-1.083790e+02
1.800000e-07	-5.458919e-06	-1.742875e-09	-3.794730e+01	-1.083677e+02
1.900000e-07	-5.451680e-06	-1.622800e-09	-3.789697e+01	-1.083560e+02
2.000000e-07	-5.444155e-06	-1.573693e-09	-3.784467e+01	-1.083430e+02
2.100000e-07	-5.436380e-06	-1.648198e-09	-3.779062e+01	-1.083273e+02
2.200000e-07	-5.428361e-06	-1.716568e-09	-3.773487e+01	-1.083078e+02
2.300000e-07	-5.420184e-06	-1.696283e-09	-3.767803e+01	-1.082834e+02
2.400000e-07	-5.411567e-06	-1.644254e-09	-3.761813e+01	-1.082530e+02
2.500000e-07	-5.402258e-06	-1.674640e-09	-3.755342e+01	-1.082154e+02
2.600000e-07	-5.392311e-06	-1.688382e-09	-3.748427e+01	-1.081697e+02
2.700000e-07	-5.381867e-06	-1.670612e-09	-3.741167e+01	-1.081149e+02
2.800000e-07	-5.370946e-06	-1.618462e-09	-3.733575e+01	-1.080503e+02
2.900000e-07	-5.359448e-06	-1.664246e-09	-3.725583e+01	-1.079751e+02
3.000000e-07	-5.347527e-06	-1.672267e-09	-3.717296e+01	-1.078888e+02
3.100000e-07	-5.335236e-06	-1.658326e-09	-3.708752e+01	-1.077910e+02
3.200000e-07	-5.322519e-06	-1.609362e-09	-3.699912e+01	-1.076813e+02
3.300000e-07	-5.309453e-06	-1.673323e-09	-3.690829e+01	-1.075596e+02
3.400000e-07	-5.296068e-06	-1.677439e-09	-3.681524e+01	-1.074260e+02
3.500000e-07	-5.282234e-06	-1.636997e-09	-3.671908e+01	-1.072807e+02
3.600000e-07	-5.267941e-06	-1.614541e-09	-3.661973e+01	-1.071239e+02
3.700000e-07	-5.253344e-06	-1.679410e-09	-3.651826e+01	-1.069560e+02
3.800000e-07	-5.238146e-06	-1.634095e-09	-3.641260e+01	-1.067778e+02
3.900000e-07	-5.222128e-06	-1.593409e-09	-3.630126e+01	-1.065897e+02
4.000000e-07	-5.205724e-06	-1.653778e-09	-3.618723e+01	-1.063927e+02
4.100000e-07	-5.189028e-06	-1.668155e-09	-3.607117e+01	-1.061875e+02
4.200000e-07	-5.171989e-06	-1.567369e-09	-3.595272e+01	-1.059752e+02
4.300000e-07	-5.154693e-06	-1.599047e-09	-3.583249e+01	-1.057566e+02
4.400000e-07	-5.137116e-06	-1.694974e-09	-3.571030e+01	-1.055328e+02
4.500000e-07	-5.119185e-06	-1.612366e-09	-3.558565e+01	-1.053047e+02
4.600000e-07	-5.100667e-06	-1.544768e-09	-3.545693e+01	-1.050735e+02
4.700000e-07	-5.081744e-06	-1.636206e-09	-3.532539e+01	-1.048399e+02
4.800000e-07	-5.062576e-06	-1.633986e-09	-3.519214e+01	-1.046050e+02
4.900000e-07	-5.043083e-06	-1.528037e-09	-3.505664e+01	-1.043696e+02
5.000000e-07	-5.023347e-06	-1.593823e-09	-3.491945e+01	-1.041345e+02
5.100000e-07	-5.003411e-06	-1.644158e-09	-3.478086e+01	-1.039003e+02
5.200000e-07	-4.983202e-06	-1.550050e-09	-3.464038e+01	-1.036676e+02
5.300000e-07	-4.962640e-06	-1.553618e-09	-3.449744e+01	-1.034369e+02
5.400000e-07	-4.941714e-06	-1.654708e-09	-3.435198e+01	-1.032086e+02
5.500000e-07	-4.920436e-06	-1.574618e-09	-3.420406e+01	-1.029828e+02
5.600000e-07	-4.898818e-06	-1.509749e-09	-3.405379e+01	-1.027598e+02
5.700000e-07	-4.876875e-06	-1.585836e-09	-3.390125e+01	-1.025393e+02
5.800000e-07	-4.854568e-06	-1.591998e-09	-3.374619e+01	-1.023214e+02
5.900000e-07	-4.831870e-06	-1.509075e-09	-3.358840e+01	-1.021058e+02
6.000000e-07	-4.808843e-06	-1.558778e-09	-3.342833e+01	-1.018921e+02
6.100000e-07	-4.785538e-06	-1.587447e-09	-3.326633e+01	-1.016799e+02
6.200000e-07	-4.761924e-06	-1.524828e-09	-3.310218e+01	-1.014686e+02
6.300000e-07	-4.738019e-06	-1.518295e-09	-3.293601e+01	-1.012576e+02
6.400000e-07	-4.713966e-06	-1.563713e-09	-3.276881e+01	-1.010462e+02
6.500000e-07	-4.689727e-06	-1.523771e-09	-3.260031e+01	-1.008338e+02
6.600000e-07	-4.665183e-06	-1.510021e-09	-3.242969e+01	-1.006195e+02
6.700000e-07	-4.640115e-06	-1.542872e-09	-3.225544e+01	-1.004027e+02
6.800000e-07	-4.614340e-06	-1.528879e-09	-3.207626e+01	-1.001824e+02
6.900000e-07	-4.588022e-06	-1.495466e-09	-3.189331e+01	-9.995803e+01
7.000000e-07	-4.561295e-06	-1.515990e-09	-3.170752e+01	-9.972876e+01
7.100000e-07	-4.534156e-06	-1.515469e-09	-3.151887e+01	-9.949389e+01
7.200000e-07	-4.506675e-06	-1.490586e-09	-3.132784e+01	-9.925279e+01
7.300000e-07	-4.478966e-06	-1.498512e-09	-3.113522e+01	-9.900484e+01
7.400000e-07	-4.451117e-06	-1.512099e-09	-3.094163e+01	-9.874953e+01
7.500000e-07	-4.423039e-06	-1.496487e-09	-3.074645e+01	-9.848639e+01
7.600000e-07	-4.394658e-06	-1.486468e-09	-3.054916e+01	-9.821506e+01
7.700000e-07	-4.366000e-06	-1.485411e-09	-3.034994e+01	-9.793525e+01
7.800000e-07	-4.337046e-06	-1.466323e-09	-3.014867e+01	-9.764675e+01
7.900000e-07	-4.307698e-06	-1.460967e-09	-2.994466e+01	-9.734944e+01
8.000000e-07	-4.277995e-06	-1.466822e-09	-2.973818e+01	-9.704330e+01
8.100000e-07	-4.248118e-06	-1.459954e-09	-2.953049e+01	-9.672839e+01
8.200000e-07	-4.218048e-06	-1.442839e-09	-2.932146e+01	-9.640483e+01
8.300000e-07	-4.187675e-06	-1.447273e-09	-2.911033e+01	-9.607285e+01
8.400000e-07	-4.156885e-06	-1.439585e-09	-2.889629e+01	-9.573272e+01
8.500000e-07	-4.125761e-06	-1.427119e-09	-2.867994e+01	-9.538479e+01
8.600000e-07	-4.094362e-06	-1.427585e-09	-2.846167e+01	-9.502944e+01
8.700000e-07	-4.062744e-06	-1.433010e-09	-2.824188e+01	-9.466714e+01
8.800000e-07	-4.031051e-06	-1.412472e-09	-2.802157e+01	-9.429836e+01
8.900000e-07	-3.999197e-06	-1.404738e-09	-2.780014e+01	-9.392360e+01
9.000000e-07	-3.967093e-06	-1.401557e-09	-2.757697e+01	-9.354341e+01
9.100000e-07	-3.934710e-06	-1.388559e-09	-2.735186e+01	-9.315832e+01
9.200000e-07	-3.901989e-06	-1.376829e-09	-2.712440e+01	-9.276887e+01
9.300000e-07	-3.868901e-06	-1.387990e-09	-2.689439e+01	-9.237561e+01
9.400000e-07	-3.835367e-06	-1.384666e-09	-2.666129e+01	-9.197905e+01
9.500000e-07	-3.801349e-06	-1.372481e-09	-2.642481e+01	-9.157970e+01
9.600000e-07	-3.766906e-06	-1.369903e-09	-2.618538e+01	-9.117804e+01
9.700000e-07	-3.732076e-06	-1.365875e-09	-2.594326e+01	-9.077449e+01
9.800000e-07	-3.696945e-06	-1.343676e-09	-2.569906e+01	-9.036948e+01
9.900000e-07	-3.661584e-06	-1.333884e-09	-2.545324e+01	-8.996336e+01
1.000000e-06	-3.625959e-06	-1.333021e-09	-2.520560e+01	-8.955643e+01
1.010000e-06	-3.590163e-06	-1.322487e-09	-2.495677e+01	-8.914898e+01
1.020000e-06	-3.554274e-06	-1.317604e-09	-2.470729e+01	-8.874122e+01
1.030000e-06	-3.518233e-06	-1.325101e-09	-2.445675e+01	-8.833330e+01
1.040000e-06	-3.481997e-06	-1.323079e-09	-2.420486e+01	-8.792534e+01
1.050000e-06	-3.445576e-06	-1.308286e-09	-2.395168e+01	-8.751740e+01
1.060000e-06	-3.408929e-06	-1.300785e-09	-2.369693e+01	-8.710949e+01
1.070000e-06	-3.371917e-06	-1.289979e-09	-2.343964e+01	-8.670155e+01
1.080000e-06	-3.334630e-06	-1.274566e-09	-2.318045e+01	-8.629350e+01
1.090000e-06	-3.297167e-06	-1.264951e-09	-2.292002e+01	-8.588519e+01
1.100000e-06	-3.259440e-06	-1.262693e-09	-2.265777e+01	-8.547643e+01
1.110000e-06	-3.221510e-06	-1.252505e-09	-2.239410e+01	-8.506700e+01
1.120000e-06	-3.183440e-06	-1.244674e-09	-2.212946e+01	-8.465661e+01
1.130000e-06	-3.145098e-06	-1.243450e-09	-2.186293e+01	-8.424495e+01
1.140000e-06	-3.106487e-06	-1.239232e-09	-2.159453e+01	-8.383169e+01
1.150000e-06	-3.067647e-06	-1.225997e-09	-2.132453e+01	-8.341644e+01
1.160000e-06	-3.028597e-06	-1.217220e-09	-2.105308e+01	-8.299879e+01
1.170000e-06	-2.989336e-06	-1.206717e-09	-2.078016e+01	-8.257831e+01
1.180000e-06	-2.949867e-06	-1.195776e-09	-2.050580e+01	-8.215453e+01
1.190000e-06	-2.910290e-06	-1.187973e-09	-2.023068e+01	-8.172699e+01
1.200000e-06	-2.870572e-06	-1.186870e-09	-1.995458e+01	-8.129518e+01
1.210000e-06	-2.830711e-06	-1.179706e-09	-1.967749e+01	-8.085861e+01
1.220000e-06	-2.790712e-06	-1.173591e-09	-1.939944e+01	-8.041676e+01
1.230000e-06	-2.750545e-06	-1.170348e-09	-1.912022e+01	-7.996910e+01
1.240000e-06	-2.710247e-06	-1.164546e-09	-1.884010e+01	-7.951512e+01
1.250000e-06	-2.669814e-06	-1.155348e-09	-1.855903e+01	-7.905429e+01
1.260000e-06	-2.629202e-06	-1.148642e-09	-1.827671e+01	-7.858610e+01
1.270000e-06	-2.588332e-06	-1.140265e-09	-1.799261e+01	-7.811003e+01
1.280000e-06	-2.547062e-06	-1.128940e-09	-1.770573e+01	-7.762561e+01
1.290000e-06	-2.505513e-06	-1.118697e-09	-1.741690e+01	-7.713234e+01
1.300000e-06	-2.463728e-06	-1.110978e-09	-1.712644e+01	-7.662978e+01
1.310000e-06	-2.421666e-06	-1.101109e-09	-1.683404e+01	-7.611748e+01
1.320000e-06	-2.379342e-06	-1.091642e-09	-1.653983e+01	-7.559503e+01
1.330000e-06	-2.336720e-06	-1.083776e-09	-1.624355e+01	-7.506206e+01
1.340000e-06	-2.293817e-06	-1.076033e-09	-1.594531e+01	-7.451820e+01
1.350000e-06	-2.250576e-06	-1.069138e-09	-1.564472e+01	-7.396315e+01
1.360000e-06	-2.207140e-06	-1.062707e-09	-1.534278e+01	-7.339660e+01
1.370000e-06	-2.163634e-06	-1.053621e-09	-1.504035e+01	-7.281832e+01
1.380000e-06	-2.119998e-06	-1.040076e-09	-1.473702e+01	-7.222807e+01
1.390000e-06	-2.076261e-06	-1.025484e-09	-1.443298e+01	-7.162567e+01
1.400000e-06	-2.032439e-06	-1.011046e-09	-1.412836e+01	-7.101097e+01
1.410000e-06	-1.988501e-06	-9.982291e-10	-1.382293e+01	-7.038383e+01
1.420000e-06	-1.944508e-06	-9.859941e-10	-1.351711e+01	-6.974415e+01
1.430000e-06	-1.900456e-06	-9.790194e-10	-1.321089e+01	-6.909186e+01
1.440000e-06	-1.856322e-06	-9.733660e-10	-1.290409e+01	-6.842690e+01
1.450000e-06	-1.812126e-06	-9.662550e-10	-1.259687e+01	-6.774921e+01
1.460000e-06	-1.767829e-06	-9.542325e-10	-1.228894e+01	-6.705876e+01
1.470000e-06	-1.723415e-06	-9.379762e-10	-1.198020e+01	-6.635549e+01
1.480000e-06	-1.678847e-06	-9.194040e-10	-1.167039e+01	-6.563938e+01
1.490000e-06	-1.634062e-06	-9.020801e-10	-1.135907e+01	-6.491034e+01
1.500000e-06	-1.589171e-06	-8.844020e-10	-1.104701e+01	-6.416831e+01
1.510000e-06	-1.544233e-06	-8.707293e-10	-1.073463e+01	-6.341317e+01
1.520000e-06	-1.499158e-06	-8.607590e-10	-1.042129e+01	-6.264476e+01
1.530000e-06	-1.453934e-06	-8.530682e-10	-1.010692e+01	-6.186290e+01
1.540000e-06	-1.408611e-06	-8.432619e-10	-9.791860e+00	-6.106735e+01
1.550000e-06	-1.363207e-06	-8.322174e-10	-9.476237e+00	-6.025779e+01
1.560000e-06	-1.317759e-06	-8.177386e-10	-9.160309e+00	-5.943387e+01
1.570000e-06	-1.272197e-06	-8.027374e-10	-8.843587e+00	-5.859514e+01
1.580000e-06	-1.226575e-06	-7.873302e-10	-8.526451e+00	-5.774110e+01
1.590000e-06	-1.180889e-06	-7.703083e-10	-8.208871e+00	-5.687116e+01
1.600000e-06	-1.135062e-06	-7.528819e-10	-7.890303e+00	-5.598465e+01
1.610000e-06	-1.089230e-06	-7.411962e-10	-7.571707e+00	-5.508084e+01
1.620000e-06	-1.043267e-06	-7.330627e-10	-7.252198e+00	-5.415889e+01
1.630000e-06	-9.971590e-07	-7.250534e-10	-6.931681e+00	-5.321790e+01
1.640000e-06	-9.510425e-07	-7.162088e-10	-6.611106e+00	-5.225690e+01
1.650000e-06	-9.049299e-07	-7.022140e-10	-6.290557e+00	-5.127484e+01
1.660000e-06	-8.587960e-07	-6.834709e-10	-5.969860e+00	-5.027063e+01
1.670000e-06	-8.125462e-07	-6.616883e-10	-5.648358e+00	-4.924309e+01
1.680000e-06	-7.662427e-07	-6.422450e-10	-5.326483e+00	-4.819103e+01
1.690000e-06	-7.199334e-07	-6.249112e-10	-5.004567e+00	-4.711321e+01
1.700000e-06	-6.735582e-07	-6.080635e-10	-4.682193e+00	-4.600837e+01
1.710000e-06	-6.271129e-07	-5.907698e-10	-4.359332e+00	-4.487524e+01
1.720000e-06	-5.806710e-07	-5.746803e-10	-4.036494e+00	-4.371255e+01
1.730000e-06	-5.341365e-07	-5.574736e-10	-3.713013e+00	-4.251905e+01
1.740000e-06	-4.875190e-07	-5.388446e-10	-3.388955e+00	-4.129353e+01
1.750000e-06	-4.408471e-07	-5.186304e-10	-3.064518e+00	-4.003481e+01
1.760000e-06	-3.940911e-07	-4.969430e-10	-2.739496e+00	-3.874181e+01
1.770000e-06	-3.473243e-07	-4.729157e-10	-2.414400e+00	-3.741348e+01
1.780000e-06	-3.005322e-07	-4.496218e-10	-2.089129e+00	-3.604889e+01
1.790000e-06	-2.537801e-07	-4.272995e-10	-1.764134e+00	-3.464722e+01
1.800000e-06	-2.070058e-07	-4.058871e-10	-1.438986e+00	-3.320775e+01
1.810000e-06	-1.601991e-07	-3.861403e-10	-1.113613e+00	-3.172991e+01
1.820000e-06	-1.133884e-07	-3.678092e-10	-7.882118e-01	-3.021327e+01
1.830000e-06	-6.651384e-08	-3.485134e-10	-4.623663e-01	-2.865754e+01
1.840000e-06	-1.966239e-08	-3.293373e-10	-1.366818e-01	-2.706260e+01
1.850000e-06	2.713786e-08	-3.083543e-10	1.886470e-01	-2.542852e+01
1.860000e-06	7.397276e-08	-2.843056e-10	5.142165e-01	-2.375550e+01
1.870000e-06	1.208216e-07	-2.578242e-10	8.398827e-01	-2.204397e+01
1.880000e-06	1.676600e-07	-2.296356e-10	1.165477e+00	-2.029450e+01
1.890000e-06	2.144452e-07	-2.024225e-10	1.490701e+00	-1.850787e+01
1.900000e-06	2.611413e-07	-1.749514e-10	1.815305e+00	-1.668502e+01
1.910000e-06	3.077597e-07	-1.461909e-10	2.139370e+00	-1.482709e+01
1.920000e-06	3.543820e-07	-1.175441e-10	2.463462e+00	-1.293539e+01
1.930000e-06	4.010299e-07	-9.198356e-11	2.787731e+00	-1.101138e+01
1.940000e-06	4.476635e-07	-6.793867e-11	3.111901e+00	-9.056714e+00
1.950000e-06	4.942579e-07	-4.228596e-11	3.435799e+00	-7.073180e+00
1.960000e-06	5.408023e-07	-1.451413e-11	3.759349e+00	-5.062720e+00
1.970000e-06	5.872032e-07	1.477326e-11	4.081902e+00	-3.027411e+00
1.980000e-06	6.334607e-07	4.264475e-11	4.403458e+00	-9.694544e-01
1.990000e-06	6.797182e-07	7.146887e-11	4.725013e+00	1.108833e+00
2.000000e-06	7.259927e-07	1.038906e-10	5.046687e+00	3.205035e+00
2.010000e-06	7.723369e-07	1.365353e-10	5.368846e+00	5.316647e+00
2.020000e-06	8.187110e-07	1.658838e-10	5.691213e+00	7.441087e+00
2.030000e-06	8.649516e-07	1.925322e-10	6.012650e+00	9.575713e+00
2.040000e-06	9.110777e-07	2.186756e-10	6.333293e+00	1.171784e+01
2.050000e-06	9.571648e-07	2.446512e-10	6.653664e+00	1.386473e+01
2.060000e-06	1.003181e-06	2.722597e-10	6.973540e+00	1.601364e+01
2.070000e-06	1.049118e-06	3.037550e-10	7.292867e+00	1.816182e+01
2.080000e-06	1.094965e-06	3.376901e-10	7.611569e+00	2.030652e+01
2.090000e-06	1.140752e-06	3.707729e-10	7.929860e+00	2.244500e+01
2.100000e-06	1.186484e-06	4.029610e-10	8.247757e+00	2.457457e+01
2.110000e-06	1.232086e-06	4.326973e-10	8.564760e+00	2.669255e+01
2.120000e-06	1.277639e-06	4.589174e-10	8.881415e+00	2.879634e+01
2.130000e-06	1.323159e-06	4.857504e-10	9.197846e+00	3.088341e+01
2.140000e-06	1.368499e-06	5.126655e-10	9.513026e+00	3.295128e+01
2.150000e-06	1.413666e-06	5.371816e-10	9.826998e+00	3.499759e+01
2.160000e-06	1.458809e-06	5.631749e-10	1.014081e+01	3.702003e+01
2.170000e-06	1.503976e-06	5.920340e-10	1.045479e+01	3.901645e+01
2.180000e-06	1.548987e-06	6.225904e-10	1.076768e+01	4.098477e+01
2.190000e-06	1.593775e-06	6.525566e-10	1.107902e+01	4.292307e+01
2.200000e-06	1.638483e-06	6.818561e-10	1.138980e+01	4.482952e+01
2.210000e-06	1.683139e-06	7.090793e-10	1.170023e+01	4.670246e+01
2.220000e-06	1.727629e-06	7.340820e-10	1.200949e+01	4.854037e+01
2.230000e-06	1.772016e-06	7.573483e-10	1.231804e+01	5.034187e+01
2.240000e-06	1.816288e-06	7.769351e-10	1.262580e+01	5.210574e+01
2.250000e-06	1.860376e-06	7.956480e-10	1.293227e+01	5.383092e+01
2.260000e-06	1.904408e-06	8.166827e-10	1.323836e+01	5.551651e+01
2.270000e-06	1.948393e-06	8.391542e-10	1.354412e+01	5.716176e+01
2.280000e-06	1.992324e-06	8.630668e-10	1.384950e+01	5.876613e+01
2.290000e-06	2.036227e-06	8.871240e-10	1.415469e+01	6.032919e+01
2.300000e-06	2.080062e-06	9.091567e-10	1.445941e+01	6.185071e+01
2.310000e-06	2.123841e-06	9.291990e-10	1.476373e+01	6.333061e+01
2.320000e-06	2.167562e-06	9.480484e-10	1.506766e+01	6.476898e+01
2.330000e-06	2.211117e-06	9.658894e-10	1.537042e+01	6.616605e+01
2.340000e-06	2.254397e-06	9.834498e-10	1.567128e+01	6.752220e+01
2.350000e-06	2.297484e-06	1.001446e-09	1.597080e+01	6.883796e+01
2.360000e-06	2.340411e-06	1.019300e-09	1.626921e+01	7.011399e+01
2.370000e-06	2.383136e-06	1.037087e-09	1.656620e+01	7.135105e+01
2.380000e-06	2.425524e-06	1.054248e-09	1.686086e+01	7.255006e+01
2.390000e-06	2.467365e-06	1.070507e-09	1.715172e+01	7.371198e+01
2.400000e-06	2.508847e-06	1.087002e-09	1.744008e+01	7.483791e+01
2.410000e-06	2.550149e-06	1.104162e-09	1.772718e+01	7.592899e+01
2.420000e-06	2.591261e-06	1.119707e-09	1.801297e+01	7.698643e+01
2.430000e-06	2.632137e-06	1.132085e-09	1.829712e+01	7.801148e+01
2.440000e-06	2.672820e-06	1.141961e-09	1.857992e+01	7.900544e+01
2.450000e-06	2.713332e-06	1.152027e-09	1.886154e+01	7.996958e+01
2.460000e-06	2.753586e-06	1.164261e-09	1.914136e+01	8.090522e+01
2.470000e-06	2.793595e-06	1.177542e-09	1.941948e+01	8.181364e+01
2.480000e-06	2.833485e-06	1.190673e-09	1.969677e+01	8.269608e+01
2.490000e-06	2.873298e-06	1.203247e-09	1.997353e+01	8.355375e+01
2.500000e-06	2.913052e-06	1.215419e-09	2.024988e+01	8.438783e+01
2.510000e-06	2.952694e-06	1.227236e-09	2.052545e+01	8.519939e+01
2.520000e-06	2.992069e-06	1.238651e-09	2.079916e+01	8.598945e+01
2.530000e-06	3.031222e-06	1.248749e-09	2.107133e+01	8.675895e+01
2.540000e-06	3.070193e-06	1.257811e-09	2.134223e+01	8.750874e+01
2.550000e-06	3.108946e-06	1.266691e-09	2.161162e+01	8.823956e+01
2.560000e-06	3.147446e-06	1.274166e-09	2.187925e+01	8.895208e+01
2.570000e-06	3.185689e-06	1.282792e-09	2.214510e+01	8.964685e+01
2.580000e-06	3.223759e-06	1.294389e-09	2.240973e+01	9.032433e+01
2.590000e-06	3.261651e-06	1.307101e-09	2.267314e+01	9.098491e+01
2.600000e-06	3.299245e-06	1.319635e-09	2.293447e+01	9.162886e+01
2.610000e-06	3.336658e-06	1.330066e-09	2.319454e+01	9.225640e+01
2.620000e-06	3.373920e-06	1.339117e-09	2.345357e+01	9.286764e+01
2.630000e-06	3.410805e-06	1.347380e-09	2.370997e+01	9.346267e+01
2.640000e-06	3.447360e-06	1.355912e-09	2.396408e+01	9.404151e+01
2.650000e-06	3.483709e-06	1.363340e-09	2.421676e+01	9.460412e+01
2.660000e-06	3.519876e-06	1.368644e-09	2.446817e+01	9.515047e+01
2.670000e-06	3.555921e-06	1.376076e-09	2.471874e+01	9.568049e+01
2.680000e-06	3.591855e-06	1.385951e-09	2.496853e+01	9.619412e+01
2.690000e-06	3.627646e-06	1.395116e-09	2.521733e+01	9.669130e+01
2.700000e-06	3.663283e-06	1.403838e-09	2.546505e+01	9.717200e+01
2.710000e-06	3.698755e-06	1.413721e-09	2.571163e+01	9.763623e+01
2.720000e-06	3.734019e-06	1.421606e-09	2.595677e+01	9.808404e+01
2.730000e-06	3.768865e-06	1.424790e-09	2.619900e+01	9.851555e+01
2.740000e-06	3.803246e-06	1.426579e-09	2.643800e+01	9.893092e+01
2.750000e-06	3.837161e-06	1.430566e-09	2.667376e+01	9.933039e+01
2.760000e-06	3.870512e-06	1.434165e-09	2.690559e+01	9.971429e+01
2.770000e-06	3.903412e-06	1.437513e-09	2.713429e+01	1.000830e+02
2.780000e-06	3.935986e-06	1.443593e-09	2.736073e+01	1.004370e+02
2.790000e-06	3.968285e-06	1.453149e-09	2.758526e+01	1.007768e+02
2.800000e-06	4.000349e-06	1.463700e-09	2.780814e+01	1.011031e+02
2.810000e-06	4.032251e-06	1.471013e-09	2.802991e+01	1.014165e+02
2.820000e-06	4.064026e-06	1.475110e-09	2.825079e+01	1.017178e+02
2.830000e-06	4.095688e-06	1.479010e-09	2.847089e+01	1.020078e+02
2.840000e-06	4.127051e-06	1.482082e-09	2.868891e+01	1.022872e+02
2.850000e-06	4.158009e-06	1.482549e-09	2.890411e+01	1.025571e+02
2.860000e-06	4.188676e-06	1.481535e-09	2.911729e+01	1.028182e+02
2.870000e-06	4.219027e-06	1.483402e-09	2.932827e+01	1.030714e+02
2.880000e-06	4.249073e-06	1.487469e-09	2.953714e+01	1.033176e+02
2.890000e-06	4.278833e-06	1.493366e-09	2.974401e+01	1.035576e+02
2.900000e-06	4.308325e-06	1.500886e-09	2.994902e+01	1.037923e+02
2.910000e-06	4.337595e-06	1.506573e-09	3.015249e+01	1.040223e+02
2.920000e-06	4.366566e-06	1.511610e-09	3.035388e+01	1.042484e+02
2.930000e-06	4.395185e-06	1.514301e-09	3.055282e+01	1.044711e+02
2.940000e-06	4.423504e-06	1.516209e-09	3.074968e+01	1.046910e+02
2.950000e-06	4.451580e-06	1.516681e-09	3.094485e+01	1.049085e+02
2.960000e-06	4.479452e-06	1.516230e-09	3.113860e+01	1.051238e+02
2.970000e-06	4.507183e-06	1.517229e-09	3.133137e+01	1.053373e+02
2.980000e-06	4.534761e-06	1.520927e-09	3.152308e+01	1.055489e+02
2.990000e-06	4.562035e-06	1.529186e-09	3.171267e+01	1.057588e+02
3.000000e-06	4.588756e-06	1.537745e-09	3.189842e+01	1.059668e+02
3.010000e-06	4.614984e-06	1.544802e-09	3.208074e+01	1.061727e+02
3.020000e-06	4.640747e-06	1.549498e-09	3.225983e+01	1.063762e+02
3.030000e-06	4.665933e-06	1.550189e-09	3.243490e+01	1.065769e+02
3.040000e-06	4.690640e-06	1.551316e-09	3.260666e+01	1.067744e+02
3.050000e-06	4.714992e-06	1.551565e-09	3.277594e+01	1.069681e+02
3.060000e-06	4.739044e-06	1.553079e-09	3.294313e+01	1.071576e+02
3.070000e-06	4.762816e-06	1.555099e-09	3.310838e+01	1.073422e+02
3.080000e-06	4.786347e-06	1.558199e-09	3.327196e+01	1.075213e+02
3.090000e-06	4.809537e-06	1.565051e-09	3.343316e+01	1.076943e+02
3.100000e-06	4.832362e-06	1.571712e-09	3.359182e+01	1.078608e+02
3.110000e-06	4.854877e-06	1.578203e-09	3.374834e+01	1.080200e+02
3.120000e-06	4.877064e-06	1.581974e-09	3.390257e+01	1.081716e+02
3.130000e-06	4.898970e-06	1.586366e-09	3.405485e+01	1.083150e+02
3.140000e-06	4.920602e-06	1.590175e-09	3.420522e+01	1.084500e+02
3.150000e-06	4.941841e-06	1.591689e-09	3.435286e+01	1.085762e+02
3.160000e-06	4.962658e-06	1.591763e-09	3.449757e+01	1.086934e+02
3.170000e-06	4.983094e-06	1.591786e-09	3.463963e+01	1.088017e+02
3.180000e-06	5.003256e-06	1.594177e-09	3.477979e+01	1.089010e+02
3.190000e-06	5.023289e-06	1.598422e-09	3.491904e+01	1.089913e+02
3.200000e-06	5.043170e-06	1.605197e-09	3.505725e+01	1.090731e+02
3.210000e-06	5.062759e-06	1.612205e-09	3.519341e+01	1.091465e+02
3.220000e-06	5.082015e-06	1.616809e-09	3.532727e+01	1.092121e+02
3.230000e-06	5.100824e-06	1.620116e-09	3.545802e+01	1.092703e+02
3.240000e-06	5.119162e-06	1.617883e-09	3.558549e+01	1.093218e+02
3.250000e-06	5.137239e-06	1.615462e-09	3.571116e+01	1.093672e+02
3.260000e-06	5.154965e-06	1.615107e-09	3.583438e+01	1.094072e+02
3.270000e-06	5.172261e-06	1.616891e-09	3.595461e+01	1.094425e+02
3.280000e-06	5.189269e-06	1.621545e-09	3.607284e+01	1.094741e+02
3.290000e-06	5.205959e-06	1.626362e-09	3.618886e+01	1.095025e+02
3.300000e-06	5.222246e-06	1.631754e-09	3.630208e+01	1.095287e+02
3.310000e-06	5.238093e-06	1.635703e-09	3.641223e+01	1.095533e+02
3.320000e-06	5.253440e-06	1.637273e-09	3.651892e+01	1.095770e+02
3.330000e-06	5.268275e-06	1.636135e-09	3.662205e+01	1.096005e+02
3.340000e-06	5.282661e-06	1.635573e-09	3.672205e+01	1.096244e+02
3.350000e-06	5.296700e-06	1.635716e-09	3.681964e+01	1.096491e+02
3.360000e-06	5.310359e-06	1.635461e-09	3.691459e+01	1.096750e+02
3.370000e-06	5.323614e-06	1.635881e-09	3.700673e+01	1.097023e+02
3.380000e-06	5.336496e-06	1.636692e-09	3.709628e+01	1.097313e+02
3.390000e-06	5.348905e-06	1.637961e-09	3.718254e+01	1.097620e+02
3.400000e-06	5.360952e-06	1.641165e-09	3.726628e+01	1.097944e+02
3.410000e-06	5.372712e-06	1.645412e-09	3.734803e+01	1.098282e+02
3.420000e-06	5.384161e-06	1.649815e-09	3.742762e+01	1.098632e+02
3.430000e-06	5.395139e-06	1.653848e-09	3.750393e+01	1.098991e+02
3.440000e-06	5.405462e-06	1.655924e-09	3.757569e+01	1.099353e+02
3.450000e-06	5.415115e-06	1.654473e-09	3.764279e+01	1.099713e+02
3.460000e-06	5.424116e-06	1.652828e-09	3.770536e+01	1.100065e+02
3.470000e-06	5.432662e-06	1.653864e-09	3.776477e+01	1.100402e+02
3.480000e-06	5.440882e-06	1.656986e-09	3.782191e+01	1.100717e+02
3.490000e-06	5.448881e-06	1.659339e-09	3.787751e+01	1.101004e+02
3.500000e-06	5.456690e-06	1.662023e-09	3.793180e+01	1.101255e+02
3.510000e-06	5.464215e-06	1.665019e-09	3.798411e+01	1.101464e+02
3.520000e-06	5.471327e-06	1.666848e-09	3.803355e+01	1.101623e+02
3.530000e-06	5.477959e-06	1.669212e-09	3.807965e+01	1.101728e+02
3.540000e-06	5.484184e-06	1.671443e-09	3.812292e+01	1.101772e+02
3.550000e-06	5.490037e-06	1.670510e-09	3.816361e+01	1.101751e+02
3.560000e-06	5.495498e-06	1.666832e-09	3.820157e+01	1.101663e+02
3.570000e-06	5.500601e-06	1.663646e-09	3.823704e+01	1.101504e+02
3.580000e-06	5.505396e-06	1.661919e-09	3.827038e+01	1.101274e+02
3.590000e-06	5.509800e-06	1.662320e-09	3.830099e+01	1.100972e+02
3.600000e-06	5.513922e-06	1.666067e-09	3.832964e+01	1.100601e+02
3.610000e-06	5.517882e-06	1.672372e-09	3.835717e+01	1.100162e+02
3.620000e-06	5.521532e-06	1.677655e-09	3.838254e+01	1.099659e+02
3.630000e-06	5.524721e-06	1.679197e-09	3.840471e+01	1.099098e+02
3.640000e-06	5.527377e-06	1.677752e-09	3.842318e+01	1.098483e+02
3.650000e-06	5.529440e-06	1.674186e-09	3.843751e+01	1.097823e+02
3.660000e-06	5.530910e-06	1.670933e-09	3.844773e+01	1.097125e+02
3.670000e-06	5.531938e-06	1.669559e-09	3.845488e+01	1.096396e+02
3.680000e-06	5.532509e-06	1.670758e-09	3.845885e+01	1.095647e+02
3.690000e-06	5.532675e-06	1.675599e-09	3.846000e+01	1.094886e+02
3.700000e-06	5.532618e-06	1.680027e-09	3.845961e+01	1.094123e+02
3.710000e-06	5.532263e-06	1.683294e-09	3.845714e+01	1.093366e+02
3.720000e-06	5.531480e-06	1.684521e-09	3.845169e+01	1.092624e+02
3.730000e-06	5.530338e-06	1.680049e-09	3.844376e+01	1.091906e+02
3.740000e-06	5.528851e-06	1.671612e-09	3.843342e+01	1.091219e+02
3.750000e-06	5.527014e-06	1.672238e-09	3.842065e+01	1.090571e+02
3.760000e-06	5.524843e-06	1.694480e-09	3.840556e+01	1.089967e+02
3.770000e-06	5.522331e-06	1.683913e-09	3.838810e+01	1.089411e+02
3.780000e-06	5.519426e-06	1.566365e-09	3.836790e+01	1.088907e+02
3.790000e-06	5.515949e-06	1.530959e-09	3.834373e+01	1.088457e+02
3.800000e-06	5.511955e-06	1.705908e-09	3.831597e+01	1.088061e+02
3.810000e-06	5.507775e-06	1.776510e-09	3.828691e+01	1.087718e+02
3.820000e-06	5.503596e-06	1.706346e-09	3.825786e+01	1.087427e+02
3.830000e-06	5.499237e-06	1.592366e-09	3.822756e+01	1.087182e+02
3.840000e-06	5.494113e-06	1.685323e-09	3.819194e+01	1.086979e+02
3.850000e-06	5.488201e-06	1.786426e-09	3.815084e+01	1.086810e+02
3.860000e-06	5.482131e-06	1.635145e-09	3.810865e+01	1.086669e+02
3.870000e-06	5.475792e-06	1.530076e-09	3.806459e+01	1.086546e+02
3.880000e-06	5.468757e-06	1.665995e-09	3.801568e+01	1.086431e+02
3.890000e-06	5.461144e-06	1.863139e-09	3.796276e+01	1.086313e+02
3.900000e-06	5.453293e-06	1.681659e-09	3.790819e+01	1.086182e+02
3.910000e-06	5.445208e-06	1.507157e-09	3.785198e+01	1.086026e+02
3.920000e-06	5.436596e-06	1.606862e-09	3.779212e+01	1.085833e+02
3.930000e-06	5.427771e-06	1.790993e-09	3.773077e+01	1.085592e+02
3.940000e-06	5.418879e-06	1.670360e-09	3.766896e+01	1.085292e+02
3.950000e-06	5.409463e-06	1.559721e-09	3.760351e+01	1.084921e+02
3.960000e-06	5.399349e-06	1.652923e-09	3.753320e+01	1.084469e+02
3.970000e-06	5.388892e-06	1.737565e-09	3.746051e+01	1.083927e+02
3.980000e-06	5.378308e-06	1.639792e-09	3.738693e+01	1.083288e+02
3.990000e-06	5.367261e-06	1.575948e-09	3.731014e+01	1.082544e+02
4.000000e-06	5.355633e-06	1.664264e-09	3.722931e+01	1.081688e+02
4.010000e-06	5.343757e-06	1.700162e-09	3.714676e+01	1.080718e+02
4.020000e-06	5.331513e-06	1.634309e-09	3.706164e+01	1.079629e+02
4.030000e-06	5.318517e-06	1.585225e-09	3.697130e+01	1.078421e+02
4.040000e-06	5.305098e-06	1.682253e-09	3.687802e+01	1.077093e+02
4.050000e-06	5.291510e-06	1.706966e-09	3.678356e+01	1.075648e+02
4.060000e-06	5.277325e-06	1.613073e-09	3.668496e+01	1.074087e+02
4.070000e-06	5.262316e-06	1.555826e-09	3.658062e+01	1.072416e+02
4.080000e-06	5.246838e-06	1.700398e-09	3.647303e+01	1.070640e+02
4.090000e-06	5.231078e-06	1.714982e-09	3.636347e+01	1.068766e+02
4.100000e-06	5.214794e-06	1.572194e-09	3.625028e+01	1.066801e+02
4.110000e-06	5.198172e-06	1.582183e-09	3.613473e+01	1.064754e+02
4.120000e-06	5.181541e-06	1.740596e-09	3.601912e+01	1.062634e+02
4.130000e-06	5.164560e-06	1.639974e-09	3.590108e+01	1.060452e+02
4.140000e-06	5.147071e-06	1.535936e-09	3.577950e+01	1.058216e+02
4.150000e-06	5.129286e-06	1.675977e-09	3.565587e+01	1.055937e+02
4.160000e-06	5.111211e-06	1.698960e-09	3.553022e+01	1.053625e+02
4.170000e-06	5.092645e-06	1.510871e-09	3.540116e+01	1.051289e+02
4.180000e-06	5.073782e-06	1.591714e-09	3.527004e+01	1.048939e+02
4.190000e-06	5.054752e-06	1.731531e-09	3.513775e+01	1.046583e+02
4.200000e-06	5.035289e-06	1.569806e-09	3.500246e+01	1.044230e+02
4.210000e-06	5.015444e-06	1.517270e-09	3.486451e+01	1.041885e+02
4.220000e-06	4.995429e-06	1.694538e-09	3.472537e+01	1.039555e+02
4.230000e-06	4.975143e-06	1.620445e-09	3.458436e+01	1.037245e+02
4.240000e-06	4.954510e-06	1.488478e-09	3.444093e+01	1.034958e+02
4.250000e-06	4.933570e-06	1.648275e-09	3.429536e+01	1.032696e+02
4.260000e-06	4.912121e-06	1.670103e-09	3.414626e+01	1.030462e+02
4.270000e-06	4.889944e-06	1.496532e-09	3.399211e+01	1.028254e+02
4.280000e-06	4.867127e-06	1.562566e-09	3.383349e+01	1.026071e+02
4.290000e-06	4.843901e-06	1.677041e-09	3.367204e+01	1.023911e+02
4.300000e-06	4.820328e-06	1.538749e-09	3.350817e+01	1.021771e+02
4.310000e-06	4.796485e-06	1.514454e-09	3.334243e+01	1.019646e+02
4.320000e-06	4.772467e-06	1.627620e-09	3.317547e+01	1.017531e+02
4.330000e-06	4.748226e-06	1.588490e-09	3.300696e+01	1.015419e+02
4.340000e-06	4.723764e-06	1.527947e-09	3.283692e+01	1.013304e+02
4.350000e-06	4.698994e-06	1.598523e-09	3.266473e+01	1.011180e+02
4.360000e-06	4.673761e-06	1.578818e-09	3.248932e+01	1.009037e+02
4.370000e-06	4.648208e-06	1.513753e-09	3.231169e+01	1.006869e+02
4.380000e-06	4.622396e-06	1.546647e-09	3.213227e+01	1.004668e+02
4.390000e-06	4.596214e-06	1.578101e-09	3.195026e+01	1.002426e+02
4.400000e-06	4.569633e-06	1.534141e-09	3.176548e+01	1.000136e+02
4.410000e-06	4.542734e-06	1.537393e-09	3.157850e+01	9.977905e+01
4.420000e-06	4.515527e-06	1.557101e-09	3.138937e+01	9.953832e+01
4.430000e-06	4.487975e-06	1.540356e-09	3.119785e+01	9.929079e+01
4.440000e-06	4.460212e-06	1.525724e-09	3.100485e+01	9.903594e+01
4.450000e-06	4.432306e-06	1.539105e-09	3.081086e+01	9.877330e+01
4.460000e-06	4.404253e-06	1.525809e-09	3.061586e+01	9.850249e+01
4.470000e-06	4.375991e-06	1.507751e-09	3.041940e+01	9.822322e+01
4.480000e-06	4.347344e-06	1.510626e-09	3.022026e+01	9.793528e+01
4.490000e-06	4.318312e-06	1.509495e-09	3.001845e+01	9.763854e+01
4.500000e-06	4.288841e-06	1.496346e-09	2.981358e+01	9.733296e+01
4.510000e-06	4.258805e-06	1.499787e-09	2.960478e+01	9.701861e+01
4.520000e-06	4.228243e-06	1.502376e-09	2.939233e+01	9.669559e+01
4.530000e-06	4.197204e-06	1.489280e-09	2.917657e+01	9.636413e+01
4.540000e-06	4.165774e-06	1.494434e-09	2.895808e+01	9.602450e+01
4.550000e-06	4.134090e-06	1.499191e-09	2.873784e+01	9.567703e+01
4.560000e-06	4.102226e-06	1.474473e-09	2.851634e+01	9.532211e+01
4.570000e-06	4.070203e-06	1.460141e-09	2.829373e+01	9.496020e+01
4.580000e-06	4.038043e-06	1.473897e-09	2.807017e+01	9.459177e+01
4.590000e-06	4.005635e-06	1.462809e-09	2.784489e+01	9.421732e+01
4.600000e-06	3.972873e-06	1.449717e-09	2.761715e+01	9.383739e+01
4.610000e-06	3.939785e-06	1.457760e-09	2.738714e+01	9.345251e+01
4.620000e-06	3.906406e-06	1.457437e-09	2.715511e+01	9.306324e+01
4.630000e-06	3.872808e-06	1.439539e-09	2.692155e+01	9.267010e+01
4.640000e-06	3.838960e-06	1.446666e-09	2.668626e+01	9.227363e+01
4.650000e-06	3.804875e-06	1.447077e-09	2.644932e+01	9.187432e+01
4.660000e-06	3.770590e-06	1.422634e-09	2.621099e+01	9.147266e+01
4.670000e-06	3.736040e-06	1.407121e-09	2.597082e+01	9.106909e+01
4.680000e-06	3.701245e-06	1.417746e-09	2.572895e+01	9.066401e+01
4.690000e-06	3.666126e-06	1.410420e-09	2.548482e+01	9.025779e+01
4.700000e-06	3.630706e-06	1.397702e-09	2.523860e+01	8.985076e+01
4.710000e-06	3.595133e-06	1.402613e-09	2.499132e+01	8.944317e+01
4.720000e-06	3.559393e-06	1.404032e-09	2.474287e+01	8.903525e+01
4.730000e-06	3.523492e-06	1.388366e-09	2.449331e+01	8.862717e+01
4.740000e-06	3.487505e-06	1.385808e-09	2.424315e+01	8.821904e+01
4.750000e-06	3.451370e-06	1.385458e-09	2.399196e+01	8.781093e+01
4.760000e-06	3.415040e-06	1.370077e-09	2.373941e+01	8.740284e+01
4.770000e-06	3.378439e-06	1.360193e-09	2.348498e+01	8.699474e+01
4.780000e-06	3.341559e-06	1.364117e-09	2.322862e+01	8.658653e+01
4.790000e-06	3.304403e-06	1.357139e-09	2.297033e+01	8.617808e+01
4.800000e-06	3.266885e-06	1.346619e-09	2.270953e+01	8.576919e+01
4.810000e-06	3.228909e-06	1.347012e-09	2.244554e+01	8.535965e+01
4.820000e-06	3.190478e-06	1.345208e-09	2.217839e+01	8.494918e+01
4.830000e-06	3.151611e-06	1.336742e-09	2.190820e+01	8.453748e+01
4.840000e-06	3.112366e-06	1.331059e-09	2.163540e+01	8.412419e+01
4.850000e-06	3.072898e-06	1.327379e-09	2.136103e+01	8.370895e+01
4.860000e-06	3.033210e-06	1.313325e-09	2.108515e+01	8.329134e+01
4.870000e-06	2.993335e-06	1.306279e-09	2.080796e+01	8.287094e+01
4.880000e-06	2.953356e-06	1.305396e-09	2.053005e+01	8.244729e+01
4.890000e-06	2.913305e-06	1.301315e-09	2.025163e+01	8.201990e+01
4.900000e-06	2.873113e-06	1.290915e-09	1.997224e+01	8.158830e+01
4.910000e-06	2.832765e-06	1.283644e-09	1.969177e+01	8.115198e+01
4.920000e-06	2.792246e-06	1.275623e-09	1.941010e+01	8.071041e+01
4.930000e-06	2.751600e-06	1.270530e-09	1.912756e+01	8.026309e+01
4.940000e-06	2.710884e-06	1.270766e-09	1.884452e+01	7.980948e+01
4.950000e-06	2.669909e-06	1.272710e-09	1.855968e+01	7.934907e+01
4.960000e-06	2.628569e-06	1.265475e-09	1.827231e+01	7.888134e+01
4.970000e-06	2.587071e-06	1.256402e-09	1.798384e+01	7.840578e+01
4.980000e-06	2.545484e-06	1.249186e-09	1.769475e+01	7.792190e+01
4.990000e-06	2.503761e-06	1.237046e-09	1.740472e+01	7.742922e+01
5.000000e-06	2.461910e-06	1.221382e-09	1.711380e+01	7.692727e+01
5.010000e-06	2.419875e-06	1.215651e-09	1.682159e+01	7.641563e+01
5.020000e-06	2.377659e-06	1.213939e-09	1.652813e+01	7.589387e+01
5.030000e-06	2.335263e-06	1.207770e-09	1.623342e+01	7.536162e+01
5.040000e-06	2.292675e-06	1.201646e-09	1.593737e+01	7.481851e+01
5.050000e-06	2.249937e-06	1.196858e-09	1.564028e+01	7.426423e+01
5.060000e-06	2.207038e-06	1.188105e-09	1.534207e+01	7.369848e+01
5.070000e-06	2.163952e-06	1.177531e-09	1.504256e+01	7.312101e+01
5.080000e-06	2.120723e-06	1.168588e-09	1.474206e+01	7.253160e+01
5.090000e-06	2.077363e-06	1.156845e-09	1.444064e+01	7.193004e+01
5.100000e-06	2.033783e-06	1.145014e-09	1.413770e+01	7.131620e+01
5.110000e-06	1.990081e-06	1.135015e-09	1.383391e+01	7.068993e+01
5.120000e-06	1.946340e-06	1.128676e-09	1.352984e+01	7.005113e+01
5.130000e-06	1.902506e-06	1.122375e-09	1.322514e+01	6.939972e+01
5.140000e-06	1.858569e-06	1.118077e-09	1.291971e+01	6.873565e+01
5.150000e-06	1.814512e-06	1.112469e-09	1.261346e+01	6.805885e+01
5.160000e-06	1.770418e-06	1.103427e-09	1.230694e+01	6.736929e+01
5.170000e-06	1.726318e-06	1.091258e-09	1.200038e+01	6.666692e+01
5.180000e-06	1.682140e-06	1.080583e-09	1.169328e+01	6.595171e+01
5.190000e-06	1.637884e-06	1.066701e-09	1.138564e+01	6.522358e+01
5.200000e-06	1.593550e-06	1.051911e-09	1.107745e+01	6.448247e+01
5.210000e-06	1.549107e-06	1.045186e-09	1.076851e+01	6.372825e+01
5.220000e-06	1.504594e-06	1.042683e-09	1.045908e+01	6.296078e+01
5.230000e-06	1.459968e-06	1.038354e-09	1.014887e+01	6.217988e+01
5.240000e-06	1.415191e-06	1.031530e-09	9.837604e+00	6.138531e+01
5.250000e-06	1.370319e-06	1.022082e-09	9.525674e+00	6.057676e+01
5.260000e-06	1.325467e-06	1.008262e-09	9.213889e+00	5.975388e+01
5.270000e-06	1.280564e-06	9.915256e-10	8.901754e+00	5.891623e+01
5.280000e-06	1.235421e-06	9.719769e-10	8.587941e+00	5.806332e+01
5.290000e-06	1.190172e-06	9.554331e-10	8.273397e+00	5.719455e+01
5.300000e-06	1.144800e-06	9.435067e-10	7.957997e+00	5.630929e+01
5.310000e-06	1.099272e-06	9.339940e-10	7.641513e+00	5.540677e+01
5.320000e-06	1.053675e-06	9.261709e-10	7.324547e+00	5.448619e+01
5.330000e-06	1.007933e-06	9.210231e-10	7.006574e+00	5.354665e+01
5.340000e-06	9.621233e-07	9.122082e-10	6.688133e+00	5.258719e+01
5.350000e-06	9.162896e-07	8.946665e-10	6.369523e+00	5.160676e+01
5.360000e-06	8.703273e-07	8.728753e-10	6.050019e+00	5.060426e+01
5.370000e-06	8.242954e-07	8.509725e-10	5.730032e+00	4.957855e+01
5.380000e-06	7.783028e-07	8.320798e-10	5.410318e+00	4.852841e+01
5.390000e-06	7.322354e-07	8.154630e-10	5.090083e+00	4.745261e+01
5.400000e-06	6.860982e-07	8.025524e-10	4.769364e+00	4.634990e+01
5.410000e-06	6.399224e-07	7.887689e-10	4.448376e+00	4.521900e+01
5.420000e-06	5.937027e-07	7.731213e-10	4.127083e+00	4.405865e+01
5.430000e-06	5.474679e-07	7.566542e-10	3.805685e+00	4.286759e+01
5.440000e-06	5.012722e-07	7.345796e-10	3.484559e+00	4.164461e+01
5.450000e-06	4.550166e-07	7.071337e-10	3.163016e+00	4.038854e+01
5.460000e-06	4.086459e-07	6.815923e-10	2.840673e+00	3.909826e+01
5.470000e-06	3.621929e-07	6.611264e-10	2.517758e+00	3.777274e+01
5.480000e-06	3.157318e-07	6.433774e-10	2.194788e+00	3.641104e+01
5.490000e-06	2.692380e-07	6.249274e-10	1.871589e+00	3.501231e+01
5.500000e-06	2.227626e-07	6.040194e-10	1.548518e+00	3.357585e+01
5.510000e-06	1.763132e-07	5.808924e-10	1.225629e+00	3.210105e+01
5.520000e-06	1.297467e-07	5.550167e-10	9.019253e-01	3.058748e+01
5.530000e-06	8.329264e-08	5.274475e-10	5.790030e-01	2.903484e+01
5.540000e-06	3.694248e-08	5.016450e-10	2.568031e-01	2.744300e+01
5.550000e-06	-9.408207e-09	4.770967e-10	-6.540049e-02	2.581200e+01
5.560000e-06	-5.583302e-08	4.506611e-10	-3.881193e-01	2.414205e+01
5.570000e-06	-1.024002e-07	4.228648e-10	-7.118276e-01	2.243353e+01
5.580000e-06	-1.489343e-07	3.927383e-10	-1.035306e+00	2.068703e+01
5.590000e-06	-1.953361e-07	3.616407e-10	-1.357866e+00	1.890329e+01
5.600000e-06	-2.416998e-07	3.314564e-10	-1.680159e+00	1.708325e+01
5.610000e-06	-2.881246e-07	2.993562e-10	-2.002878e+00	1.522802e+01
5.620000e-06	-3.345941e-07	2.678250e-10	-2.325908e+00	1.333891e+01
5.630000e-06	-3.809953e-07	2.373589e-10	-2.648462e+00	1.141736e+01
5.640000e-06	-4.272997e-07	2.084065e-10	-2.970344e+00	9.465011e+00
5.650000e-06	-4.735645e-07	1.796077e-10	-3.291950e+00	7.483639e+00
5.660000e-06	-5.198825e-07	1.482360e-10	-3.613927e+00	5.475174e+00
5.670000e-06	-5.662255e-07	1.145313e-10	-3.936077e+00	3.441682e+00
5.680000e-06	-6.124505e-07	7.968741e-11	-4.257407e+00	1.385354e+00
5.690000e-06	-6.585812e-07	4.499181e-11	-4.578081e+00	-6.915012e-01
5.700000e-06	-7.046752e-07	7.916078e-12	-4.898501e+00	-2.786476e+00
5.710000e-06	-7.507630e-07	-3.159329e-11	-5.218876e+00	-4.897072e+00
5.720000e-06	-7.968335e-07	-6.876582e-11	-5.539132e+00	-7.020715e+00
5.730000e-06	-8.428507e-07	-1.025135e-10	-5.859018e+00	-9.154766e+00
5.740000e-06	-8.888358e-07	-1.351019e-10	-6.178680e+00	-1.129654e+01
5.750000e-06	-9.347675e-07	-1.653590e-10	-6.497971e+00	-1.344331e+01
5.760000e-06	-9.805769e-07	-1.967143e-10	-6.816412e+00	-1.559233e+01
5.770000e-06	-1.026304e-06	-2.322683e-10	-7.134278e+00	-1.774085e+01
5.780000e-06	-1.071947e-06	-2.716623e-10	-7.451562e+00	-1.988612e+01
5.790000e-06	-1.117462e-06	-3.120477e-10	-7.767961e+00	-2.202539e+01
5.800000e-06	-1.162917e-06	-3.518292e-10	-8.083937e+00	-2.415597e+01
5.810000e-06	-1.208206e-06	-3.890173e-10	-8.398757e+00	-2.627519e+01
5.820000e-06	-1.253292e-06	-4.211480e-10	-8.712171e+00	-2.838044e+01
5.830000e-06	-1.298318e-06	-4.494109e-10	-9.025168e+00	-3.046916e+01
5.840000e-06	-1.343238e-06	-4.793639e-10	-9.337424e+00	-3.253890e+01
5.850000e-06	-1.388002e-06	-5.118742e-10	-9.648598e+00	-3.458726e+01
5.860000e-06	-1.432638e-06	-5.463724e-10	-9.958883e+00	-3.661195e+01
5.870000e-06	-1.477170e-06	-5.827430e-10	-1.026845e+01	-3.861079e+01
5.880000e-06	-1.521649e-06	-6.188566e-10	-1.057764e+01	-4.058170e+01
5.890000e-06	-1.566052e-06	-6.550492e-10	-1.088630e+01	-4.252274e+01
5.900000e-06	-1.610355e-06	-6.890838e-10	-1.119427e+01	-4.443208e+01
5.910000e-06	-1.654542e-06	-7.198369e-10	-1.150143e+01	-4.630805e+01
5.920000e-06	-1.698651e-06	-7.473107e-10	-1.180806e+01	-4.814911e+01
5.930000e-06	-1.742756e-06	-7.728162e-10	-1.211465e+01	-4.995386e+01
5.940000e-06	-1.786828e-06	-7.984121e-10	-1.242101e+01	-5.172108e+01
5.950000e-06	-1.830839e-06	-8.248946e-10	-1.272695e+01	-5.344969e+01
5.960000e-06	-1.874778e-06	-8.520831e-10	-1.303239e+01	-5.513878e+01
5.970000e-06	-1.918641e-06	-8.810145e-10	-1.333730e+01	-5.678759e+01
5.980000e-06	-1.962428e-06	-9.106583e-10	-1.364168e+01	-5.839555e+01
5.990000e-06	-2.006148e-06	-9.394116e-10	-1.394559e+01	-5.996223e+01
6.000000e-06	-2.049778e-06	-9.677621e-10	-1.424889e+01	-6.148739e+01
6.010000e-06	-2.093255e-06	-9.948688e-10	-1.455111e+01	-6.297093e+01
6.020000e-06	-2.136663e-06	-1.017946e-09	-1.485287e+01	-6.441293e+01
6.030000e-06	-2.179894e-06	-1.037506e-09	-1.515338e+01	-6.581360e+01
6.040000e-06	-2.222860e-06	-1.055182e-09	-1.545206e+01	-6.717331e+01
6.050000e-06	-2.265626e-06	-1.073839e-09	-1.574934e+01	-6.849259e+01
6.060000e-06	-2.308188e-06	-1.095318e-09	-1.604521e+01	-6.977207e+01
6.070000e-06	-2.350586e-06	-1.119022e-09	-1.633993e+01	-7.101252e+01
6.080000e-06	-2.392801e-06	-1.143244e-09	-1.663339e+01	-7.221483e+01
6.090000e-06	-2.434882e-06	-1.165469e-09	-1.692591e+01	-7.337998e+01
6.100000e-06	-2.476861e-06	-1.187223e-09	-1.721772e+01	-7.450903e+01
6.110000e-06	-2.518666e-06	-1.205981e-09	-1.750833e+01	-7.560314e+01
6.120000e-06	-2.560200e-06	-1.219904e-09	-1.779705e+01	-7.666351e+01
6.130000e-06	-2.601614e-06	-1.232091e-09	-1.808494e+01	-7.769139e+01
6.140000e-06	-2.642929e-06	-1.247576e-09	-1.837213e+01	-7.868805e+01
6.150000e-06	-2.683907e-06	-1.266650e-09	-1.865699e+01	-7.965480e+01
6.160000e-06	-2.724586e-06	-1.285509e-09	-1.893977e+01	-8.059294e+01
6.170000e-06	-2.765101e-06	-1.303053e-09	-1.922141e+01	-8.150375e+01
6.180000e-06	-2.805456e-06	-1.318427e-09	-1.950193e+01	-8.238847e+01
6.190000e-06	-2.845673e-06	-1.331947e-09	-1.978150e+01	-8.324834e+01
6.200000e-06	-2.885788e-06	-1.344755e-09	-2.006035e+01	-8.408451e+01
6.210000e-06	-2.925821e-06	-1.359142e-09	-2.033864e+01	-8.489808e+01
6.220000e-06	-2.965696e-06	-1.372374e-09	-2.061583e+01	-8.569007e+01
6.230000e-06	-3.005450e-06	-1.383363e-09	-2.089218e+01	-8.646142e+01
6.240000e-06	-3.045131e-06	-1.396316e-09	-2.116802e+01	-8.721299e+01
6.250000e-06	-3.084624e-06	-1.409812e-09	-2.144255e+01	-8.794554e+01
6.260000e-06	-3.123824e-06	-1.419785e-09	-2.171505e+01	-8.865973e+01
6.270000e-06	-3.162738e-06	-1.427461e-09	-2.198555e+01	-8.935613e+01
6.280000e-06	-3.201317e-06	-1.437482e-09	-2.225373e+01	-9.003521e+01
6.290000e-06	-3.239448e-06	-1.448160e-09	-2.251880e+01	-9.069736e+01
6.300000e-06	-3.277186e-06	-1.460085e-09	-2.278113e+01	-9.134286e+01
6.310000e-06	-3.314595e-06	-1.475992e-09	-2.304118e+01	-9.197193e+01
6.320000e-06	-3.351620e-06	-1.490742e-09	-2.329855e+01	-9.258470e+01
6.330000e-06	-3.388253e-06	-1.500953e-09	-2.355320e+01	-9.318125e+01
6.340000e-06	-3.424639e-06	-1.508180e-09	-2.380614e+01	-9.376161e+01
6.350000e-06	-3.460850e-06	-1.514319e-09	-2.405786e+01	-9.432575e+01
6.360000e-06	-3.496890e-06	-1.518841e-09	-2.430838e+01	-9.487363e+01
6.370000e-06	-3.532783e-06	-1.522039e-09	-2.455789e+01	-9.540518e+01
6.380000e-06	-3.568556e-06	-1.528404e-09	-2.480656e+01	-9.592034e+01
6.390000e-06	-3.604173e-06	-1.541062e-09	-2.505416e+01	-9.641906e+01
6.400000e-06	-3.639555e-06	-1.557512e-09	-2.530011e+01	-9.690131e+01
6.410000e-06	-3.674695e-06	-1.571635e-09	-2.554439e+01	-9.736708e+01
6.420000e-06	-3.709486e-06	-1.582555e-09	-2.578623e+01	-9.781644e+01
6.430000e-06	-3.743976e-06	-1.588766e-09	-2.602599e+01	-9.824947e+01
6.440000e-06	-3.778256e-06	-1.588052e-09	-2.626428e+01	-9.866634e+01
6.450000e-06	-3.812301e-06	-1.584780e-09	-2.650095e+01	-9.906730e+01
6.460000e-06	-3.846144e-06	-1.585144e-09	-2.673620e+01	-9.945265e+01
6.470000e-06	-3.879698e-06	-1.589458e-09	-2.696945e+01	-9.982278e+01
6.480000e-06	-3.912915e-06	-1.596369e-09	-2.720035e+01	-1.001782e+02
6.490000e-06	-3.945727e-06	-1.606248e-09	-2.742845e+01	-1.005193e+02
6.500000e-06	-3.978263e-06	-1.617208e-09	-2.765461e+01	-1.008469e+02
6.510000e-06	-4.010664e-06	-1.626567e-09	-2.787985e+01	-1.011615e+02
6.520000e-06	-4.042854e-06	-1.632105e-09	-2.810361e+01	-1.014639e+02
6.530000e-06	-4.074860e-06	-1.633548e-09	-2.832611e+01	-1.017550e+02
6.540000e-06	-4.106688e-06	-1.632084e-09	-2.854735e+01	-1.020355e+02
6.550000e-06	-4.138212e-06	-1.632274e-09	-2.876649e+01	-1.023063e+02
6.560000e-06	-4.169436e-06	-1.636337e-09	-2.898354e+01	-1.025682e+02
6.570000e-06	-4.200259e-06	-1.642365e-09	-2.919780e+01	-1.028222e+02
6.580000e-06	-4.230568e-06	-1.649314e-09	-2.940850e+01	-1.030692e+02
6.590000e-06	-4.260347e-06	-1.656120e-09	-2.961551e+01	-1.033098e+02
6.600000e-06	-4.289563e-06	-1.662707e-09	-2.981860e+01	-1.035451e+02
6.610000e-06	-4.318316e-06	-1.669929e-09	-3.001847e+01	-1.037757e+02
6.620000e-06	-4.346779e-06	-1.675071e-09	-3.021633e+01	-1.040022e+02
6.630000e-06	-4.375025e-06	-1.677595e-09	-3.041268e+01	-1.042254e+02
6.640000e-06	-4.403087e-06	-1.679018e-09	-3.060775e+01	-1.044456e+02
6.650000e-06	-4.431050e-06	-1.680422e-09	-3.080213e+01	-1.046634e+02
6.660000e-06	-4.458813e-06	-1.682557e-09	-3.099513e+01	-1.048791e+02
6.670000e-06	-4.486255e-06	-1.686580e-09	-3.118589e+01	-1.050929e+02
6.680000e-06	-4.513446e-06	-1.689824e-09	-3.137490e+01	-1.053049e+02
6.690000e-06	-4.540295e-06	-1.692030e-09	-3.156154e+01	-1.055151e+02
6.700000e-06	-4.566725e-06	-1.695997e-09	-3.174527e+01	-1.057234e+02
6.710000e-06	-4.592830e-06	-1.698833e-09	-3.192674e+01	-1.059297e+02
6.720000e-06	-4.618568e-06	-1.699972e-09	-3.210565e+01	-1.061335e+02
6.730000e-06	-4.643979e-06	-1.699825e-09	-3.228229e+01	-1.063347e+02
6.740000e-06	-4.669052e-06	-1.700027e-09	-3.245659e+01	-1.065326e+02
6.750000e-06	-4.693733e-06	-1.702108e-09	-3.262816e+01	-1.067269e+02
6.760000e-06	-4.718188e-06	-1.704137e-09	-3.279816e+01	-1.069169e+02
6.770000e-06	-4.742491e-06	-1.705734e-09	-3.296710e+01	-1.071021e+02
6.780000e-06	-4.766577e-06	-1.707921e-09	-3.313453e+01	-1.072818e+02
6.790000e-06	-4.790402e-06	-1.711461e-09	-3.330014e+01	-1.074556e+02
6.800000e-06	-4.813906e-06	-1.717127e-09	-3.346353e+01	-1.076228e+02
6.810000e-06	-4.837016e-06	-1.725087e-09	-3.362418e+01	-1.077828e+02
6.820000e-06	-4.859680e-06	-1.731099e-09	-3.378173e+01	-1.079352e+02
6.830000e-06	-4.881825e-06	-1.730637e-09	-3.393566e+01	-1.080795e+02
6.840000e-06	-4.903321e-06	-1.726618e-09	-3.408509e+01	-1.082153e+02
6.850000e-06	-4.924225e-06	-1.722948e-09	-3.423040e+01	-1.083424e+02
6.860000e-06	-4.944765e-06	-1.720275e-09	-3.437319e+01	-1.084606e+02
6.870000e-06	-4.965099e-06	-1.720349e-09	-3.451454e+01	-1.085698e+02
6.880000e-06	-4.985241e-06	-1.721494e-09	-3.465455e+01	-1.086700e+02
6.890000e-06	-5.005177e-06	-1.725231e-09	-3.479314e+01	-1.087613e+02
6.900000e-06	-5.024823e-06	-1.733331e-09	-3.492971e+01	-1.088439e+02
6.910000e-06	-5.044139e-06	-1.737976e-09	-3.506398e+01	-1.089182e+02
6.920000e-06	-5.063088e-06	-1.737894e-09	-3.519570e+01	-1.089846e+02
6.930000e-06	-5.081612e-06	-1.737142e-09	-3.532447e+01	-1.090436e+02
6.940000e-06	-5.099845e-06	-1.736233e-09	-3.545121e+01	-1.090958e+02
6.950000e-06	-5.117817e-06	-1.735703e-09	-3.557615e+01	-1.091418e+02
6.960000e-06	-5.135470e-06	-1.734793e-09	-3.569886e+01	-1.091824e+02
6.970000e-06	-5.152826e-06	-1.733068e-09	-3.581951e+01	-1.092183e+02
6.980000e-06	-5.169815e-06	-1.730972e-09	-3.593761e+01	-1.092502e+02
6.990000e-06	-5.186382e-06	-1.729431e-09	-3.605277e+01	-1.092791e+02
7.000000e-06	-5.202636e-06	-1.730449e-09	-3.616576e+01	-1.093056e+02
7.010000e-06	-5.218627e-06	-1.733400e-09	-3.627692e+01	-1.093305e+02
7.020000e-06	-5.234374e-06	-1.736638e-09	-3.638639e+01	-1.093544e+02
7.030000e-06	-5.249825e-06	-1.736767e-09	-3.649379e+01	-1.093781e+02
7.040000e-06	-5.264648e-06	-1.732887e-09	-3.659683e+01	-1.094021e+02
7.050000e-06	-5.278746e-06	-1.728015e-09	-3.669484e+01	-1.094269e+02
7.060000e-06	-5.292224e-06	-1.724312e-09	-3.678852e+01	-1.094528e+02
7.070000e-06	-5.305184e-06	-1.721937e-09	-3.687862e+01	-1.094802e+02
7.080000e-06	-5.317771e-06	-1.721808e-09	-3.696611e+01	-1.095092e+02
7.090000e-06	-5.330025e-06	-1.723762e-09	-3.705129e+01	-1.095400e+02
7.100000e-06	-5.341907e-06	-1.725123e-09	-3.713389e+01	-1.095724e+02
7.110000e-06	-5.353368e-06	-1.726091e-09	-3.721356e+01	-1.096062e+02
7.120000e-06	-5.364364e-06	-1.725662e-09	-3.729000e+01	-1.096414e+02
7.130000e-06	-5.374983e-06	-1.723807e-09	-3.736382e+01	-1.096773e+02
7.140000e-06	-5.385294e-06	-1.720855e-09	-3.743550e+01	-1.097137e+02
7.150000e-06	-5.395283e-06	-1.716576e-09	-3.750493e+01	-1.097499e+02
7.160000e-06	-5.404841e-06	-1.712935e-09	-3.757137e+01	-1.097853e+02
7.170000e-06	-5.413978e-06	-1.708828e-09	-3.763489e+01	-1.098194e+02
7.180000e-06	-5.422759e-06	-1.706438e-09	-3.769593e+01	-1.098513e+02
7.190000e-06	-5.431193e-06	-1.706058e-09	-3.775456e+01	-1.098804e+02
7.200000e-06	-5.439438e-06	-1.708542e-09	-3.781187e+01	-1.099061e+02
7.210000e-06	-5.447491e-06	-1.712454e-09	-3.786785e+01	-1.099275e+02
7.220000e-06	-5.455278e-06	-1.714630e-09	-3.792198e+01	-1.099440e+02
7.230000e-06	-5.462589e-06	-1.714622e-09	-3.797281e+01	-1.099551e+02
7.240000e-06	-5.469309e-06	-1.712810e-09	-3.801952e+01	-1.099602e+02
7.250000e-06	-5.475437e-06	-1.709205e-09	-3.806212e+01	-1.099589e+02
7.260000e-06	-5.480962e-06	-1.703418e-09	-3.810052e+01	-1.099508e+02
7.270000e-06	-5.485931e-06	-1.699477e-09	-3.813506e+01	-1.099357e+02
7.280000e-06	-5.490449e-06	-1.696907e-09	-3.816647e+01	-1.099134e+02
7.290000e-06	-5.494691e-06	-1.697218e-09	-3.819596e+01	-1.098840e+02
7.300000e-06	-5.498715e-06	-1.701135e-09	-3.822393e+01	-1.098476e+02
7.310000e-06	-5.502435e-06	-1.703289e-09	-3.824979e+01	-1.098044e+02
7.320000e-06	-5.505738e-06	-1.701111e-09	-3.827275e+01	-1.097548e+02
7.330000e-06	-5.508662e-06	-1.695459e-09	-3.829308e+01	-1.096993e+02
7.340000e-06	-5.511243e-06	-1.688861e-09	-3.831102e+01	-1.096385e+02
7.350000e-06	-5.513591e-06	-1.682467e-09	-3.832734e+01	-1.095730e+02
7.360000e-06	-5.515703e-06	-1.677743e-09	-3.834203e+01	-1.095036e+02
7.370000e-06	-5.517299e-06	-1.676297e-09	-3.835312e+01	-1.094312e+02
7.380000e-06	-5.518337e-06	-1.676069e-09	-3.836034e+01	-1.093566e+02
7.390000e-06	-5.519078e-06	-1.677455e-09	-3.836549e+01	-1.092807e+02
7.400000e-06	-5.519533e-06	-1.676785e-09	-3.836865e+01	-1.092045e+02
