# Temperatura_=_-22.88
# Concentracion g/m^3_=_1620.0
# C_Vs_to_Am_M_A/Vsm_=_65563218390.804596
# pendiente_HvsI_1/m_=_3716.3
# ordenada_HvsI_A/m_=_1297.0
# frecuencia_Hz_=_135105.29336230177

Tiempo_(s)	Campo_(V.s)	Magnetizacion_(V.s)	Campo_(kA/m)	Magnetizacion_(A/m)
0.000000e+00	-5.515836e-06	-7.958542e-10	-3.837416e+01	-5.236634e+01
1.000000e-08	-5.515970e-06	-7.913424e-10	-3.837509e+01	-5.237103e+01
2.000000e-08	-5.515916e-06	-7.889872e-10	-3.837471e+01	-5.237999e+01
3.000000e-08	-5.515410e-06	-7.900417e-10	-3.837120e+01	-5.239280e+01
4.000000e-08	-5.514333e-06	-7.933167e-10	-3.836370e+01	-5.240897e+01
5.000000e-08	-5.512674e-06	-7.908491e-10	-3.835216e+01	-5.242790e+01
6.000000e-08	-5.510440e-06	-7.765330e-10	-3.833662e+01	-5.244897e+01
7.000000e-08	-5.507636e-06	-7.629858e-10	-3.831711e+01	-5.247146e+01
8.000000e-08	-5.504298e-06	-7.742702e-10	-3.829389e+01	-5.249464e+01
9.000000e-08	-5.500500e-06	-8.409731e-10	-3.826747e+01	-5.251776e+01
1.000000e-07	-5.496305e-06	-9.023496e-10	-3.823828e+01	-5.254002e+01
1.100000e-07	-5.491785e-06	-8.295829e-10	-3.820684e+01	-5.256068e+01
1.200000e-07	-5.487066e-06	-6.653139e-10	-3.817400e+01	-5.257897e+01
1.300000e-07	-5.482201e-06	-7.249648e-10	-3.814016e+01	-5.259421e+01
1.400000e-07	-5.476958e-06	-8.442462e-10	-3.810368e+01	-5.260573e+01
1.500000e-07	-5.471246e-06	-8.619096e-10	-3.806395e+01	-5.261295e+01
1.600000e-07	-5.465086e-06	-7.114206e-10	-3.802109e+01	-5.261538e+01
1.700000e-07	-5.458612e-06	-7.300084e-10	-3.797605e+01	-5.261260e+01
1.800000e-07	-5.451795e-06	-8.810406e-10	-3.792862e+01	-5.260433e+01
1.900000e-07	-5.444474e-06	-8.542542e-10	-3.787769e+01	-5.259036e+01
2.000000e-07	-5.436846e-06	-7.211971e-10	-3.782462e+01	-5.257063e+01
2.100000e-07	-5.429038e-06	-7.042723e-10	-3.777030e+01	-5.254520e+01
2.200000e-07	-5.420980e-06	-8.405644e-10	-3.771424e+01	-5.251422e+01
2.300000e-07	-5.412569e-06	-8.466569e-10	-3.765572e+01	-5.247800e+01
2.400000e-07	-5.403696e-06	-7.735797e-10	-3.759399e+01	-5.243694e+01
2.500000e-07	-5.394138e-06	-7.254250e-10	-3.752750e+01	-5.239156e+01
2.600000e-07	-5.383741e-06	-7.878840e-10	-3.745516e+01	-5.234249e+01
2.700000e-07	-5.372798e-06	-7.783498e-10	-3.737903e+01	-5.229041e+01
2.800000e-07	-5.361552e-06	-7.600828e-10	-3.730079e+01	-5.223612e+01
2.900000e-07	-5.349908e-06	-7.462888e-10	-3.721978e+01	-5.218047e+01
3.000000e-07	-5.337845e-06	-7.911037e-10	-3.713586e+01	-5.212433e+01
3.100000e-07	-5.325402e-06	-7.845332e-10	-3.704929e+01	-5.206864e+01
3.200000e-07	-5.312536e-06	-7.611808e-10	-3.695979e+01	-5.201431e+01
3.300000e-07	-5.299275e-06	-7.341832e-10	-3.686752e+01	-5.196228e+01
3.400000e-07	-5.285732e-06	-7.705222e-10	-3.677331e+01	-5.191345e+01
3.500000e-07	-5.271829e-06	-7.876609e-10	-3.667658e+01	-5.186867e+01
3.600000e-07	-5.257276e-06	-7.533007e-10	-3.657533e+01	-5.182876e+01
3.700000e-07	-5.242038e-06	-7.479110e-10	-3.646932e+01	-5.179445e+01
3.800000e-07	-5.226477e-06	-8.031726e-10	-3.636107e+01	-5.176640e+01
3.900000e-07	-5.210400e-06	-7.790791e-10	-3.624922e+01	-5.174515e+01
4.000000e-07	-5.193734e-06	-7.202776e-10	-3.613327e+01	-5.173118e+01
4.100000e-07	-5.176878e-06	-7.887166e-10	-3.601600e+01	-5.172481e+01
4.200000e-07	-5.159833e-06	-8.218160e-10	-3.589741e+01	-5.172629e+01
4.300000e-07	-5.142409e-06	-7.291487e-10	-3.577620e+01	-5.173571e+01
4.400000e-07	-5.124660e-06	-7.309468e-10	-3.565271e+01	-5.175308e+01
4.500000e-07	-5.106604e-06	-8.512704e-10	-3.552710e+01	-5.177826e+01
4.600000e-07	-5.088029e-06	-7.755908e-10	-3.539787e+01	-5.181103e+01
4.700000e-07	-5.068963e-06	-6.917607e-10	-3.526523e+01	-5.185105e+01
4.800000e-07	-5.049646e-06	-7.948501e-10	-3.513084e+01	-5.189789e+01
4.900000e-07	-5.030168e-06	-8.351379e-10	-3.499532e+01	-5.195102e+01
5.000000e-07	-5.010438e-06	-7.106606e-10	-3.485806e+01	-5.200986e+01
5.100000e-07	-4.990505e-06	-7.600653e-10	-3.471939e+01	-5.207376e+01
5.200000e-07	-4.970297e-06	-8.338852e-10	-3.457880e+01	-5.214202e+01
5.300000e-07	-4.949651e-06	-7.478069e-10	-3.443516e+01	-5.221391e+01
5.400000e-07	-4.928593e-06	-7.327325e-10	-3.428866e+01	-5.228870e+01
5.500000e-07	-4.907250e-06	-8.462823e-10	-3.414018e+01	-5.236564e+01
5.600000e-07	-4.885603e-06	-7.781095e-10	-3.398957e+01	-5.244399e+01
5.700000e-07	-4.863584e-06	-7.093480e-10	-3.383639e+01	-5.252305e+01
5.800000e-07	-4.841269e-06	-8.058191e-10	-3.368114e+01	-5.260214e+01
5.900000e-07	-4.818650e-06	-8.233247e-10	-3.352378e+01	-5.268066e+01
6.000000e-07	-4.795640e-06	-7.304565e-10	-3.336369e+01	-5.275802e+01
6.100000e-07	-4.772284e-06	-7.790357e-10	-3.320121e+01	-5.283374e+01
6.200000e-07	-4.748661e-06	-8.221515e-10	-3.303686e+01	-5.290739e+01
6.300000e-07	-4.724808e-06	-7.539439e-10	-3.287091e+01	-5.297862e+01
6.400000e-07	-4.700720e-06	-7.608476e-10	-3.270333e+01	-5.304717e+01
6.500000e-07	-4.676301e-06	-8.177670e-10	-3.253344e+01	-5.311282e+01
6.600000e-07	-4.651353e-06	-7.808598e-10	-3.235988e+01	-5.317548e+01
6.700000e-07	-4.625856e-06	-7.695342e-10	-3.218249e+01	-5.323510e+01
6.800000e-07	-4.599818e-06	-8.184674e-10	-3.200134e+01	-5.329170e+01
6.900000e-07	-4.573248e-06	-8.007189e-10	-3.181649e+01	-5.334537e+01
7.000000e-07	-4.546225e-06	-7.778602e-10	-3.162849e+01	-5.339626e+01
7.100000e-07	-4.518857e-06	-8.067377e-10	-3.143809e+01	-5.344455e+01
7.200000e-07	-4.491329e-06	-8.092186e-10	-3.124657e+01	-5.349047e+01
7.300000e-07	-4.463640e-06	-7.859312e-10	-3.105394e+01	-5.353428e+01
7.400000e-07	-4.435821e-06	-8.082604e-10	-3.086040e+01	-5.357623e+01
7.500000e-07	-4.407819e-06	-8.114131e-10	-3.066559e+01	-5.361661e+01
7.600000e-07	-4.379493e-06	-7.915709e-10	-3.046852e+01	-5.365569e+01
7.700000e-07	-4.350836e-06	-7.933318e-10	-3.026915e+01	-5.369373e+01
7.800000e-07	-4.321774e-06	-8.049030e-10	-3.006696e+01	-5.373098e+01
7.900000e-07	-4.292359e-06	-7.877210e-10	-2.986232e+01	-5.376765e+01
8.000000e-07	-4.262675e-06	-7.964595e-10	-2.965581e+01	-5.380393e+01
8.100000e-07	-4.232749e-06	-8.081994e-10	-2.944761e+01	-5.383996e+01
8.200000e-07	-4.202560e-06	-7.957562e-10	-2.923758e+01	-5.387585e+01
8.300000e-07	-4.172028e-06	-7.824577e-10	-2.902517e+01	-5.391166e+01
8.400000e-07	-4.141275e-06	-7.998130e-10	-2.881122e+01	-5.394741e+01
8.500000e-07	-4.110278e-06	-7.981588e-10	-2.859557e+01	-5.398308e+01
8.600000e-07	-4.078942e-06	-7.887813e-10	-2.837756e+01	-5.401861e+01
8.700000e-07	-4.047454e-06	-7.950979e-10	-2.815850e+01	-5.405389e+01
8.800000e-07	-4.015851e-06	-8.017257e-10	-2.793863e+01	-5.408881e+01
8.900000e-07	-3.984077e-06	-7.871062e-10	-2.771758e+01	-5.412320e+01
9.000000e-07	-3.952168e-06	-7.891402e-10	-2.749559e+01	-5.415690e+01
9.100000e-07	-3.920010e-06	-7.977950e-10	-2.727186e+01	-5.418971e+01
9.200000e-07	-3.887335e-06	-7.909960e-10	-2.704453e+01	-5.422145e+01
9.300000e-07	-3.854101e-06	-7.887103e-10	-2.681332e+01	-5.425192e+01
9.400000e-07	-3.820470e-06	-8.023670e-10	-2.657935e+01	-5.428096e+01
9.500000e-07	-3.786326e-06	-8.002213e-10	-2.634181e+01	-5.430839e+01
9.600000e-07	-3.751703e-06	-7.883537e-10	-2.610093e+01	-5.433409e+01
9.700000e-07	-3.716750e-06	-7.935708e-10	-2.585776e+01	-5.435794e+01
9.800000e-07	-3.681531e-06	-7.953909e-10	-2.561274e+01	-5.437986e+01
9.900000e-07	-3.646104e-06	-7.852447e-10	-2.536627e+01	-5.439983e+01
1.000000e-06	-3.610547e-06	-7.849571e-10	-2.511890e+01	-5.441785e+01
1.010000e-06	-3.574881e-06	-7.964911e-10	-2.487076e+01	-5.443395e+01
1.020000e-06	-3.539039e-06	-7.933951e-10	-2.462141e+01	-5.444823e+01
1.030000e-06	-3.503095e-06	-7.916065e-10	-2.437134e+01	-5.446080e+01
1.040000e-06	-3.466959e-06	-7.973885e-10	-2.411994e+01	-5.447185e+01
1.050000e-06	-3.430476e-06	-7.986700e-10	-2.386613e+01	-5.448155e+01
1.060000e-06	-3.393631e-06	-7.917720e-10	-2.360979e+01	-5.449014e+01
1.070000e-06	-3.356494e-06	-7.962508e-10	-2.335143e+01	-5.449786e+01
1.080000e-06	-3.319127e-06	-7.984494e-10	-2.309146e+01	-5.450498e+01
1.090000e-06	-3.281527e-06	-7.971623e-10	-2.282988e+01	-5.451176e+01
1.100000e-06	-3.243725e-06	-7.978617e-10	-2.256688e+01	-5.451849e+01
1.110000e-06	-3.205741e-06	-8.010263e-10	-2.230262e+01	-5.452541e+01
1.120000e-06	-3.167603e-06	-7.941362e-10	-2.203730e+01	-5.453278e+01
1.130000e-06	-3.129314e-06	-7.908836e-10	-2.177091e+01	-5.454081e+01
1.140000e-06	-3.090759e-06	-7.922326e-10	-2.150268e+01	-5.454970e+01
1.150000e-06	-3.051930e-06	-7.936446e-10	-2.123255e+01	-5.455959e+01
1.160000e-06	-3.012858e-06	-7.889233e-10	-2.096072e+01	-5.457058e+01
1.170000e-06	-2.973523e-06	-7.896261e-10	-2.068706e+01	-5.458272e+01
1.180000e-06	-2.934074e-06	-7.935222e-10	-2.041261e+01	-5.459598e+01
1.190000e-06	-2.894538e-06	-7.959371e-10	-2.013756e+01	-5.461032e+01
1.200000e-06	-2.854874e-06	-7.972090e-10	-1.986161e+01	-5.462557e+01
1.210000e-06	-2.815141e-06	-7.999722e-10	-1.958519e+01	-5.464156e+01
1.220000e-06	-2.775270e-06	-8.000036e-10	-1.930780e+01	-5.465801e+01
1.230000e-06	-2.735215e-06	-8.005837e-10	-1.902913e+01	-5.467459e+01
1.240000e-06	-2.694954e-06	-8.019742e-10	-1.874903e+01	-5.469093e+01
1.250000e-06	-2.654492e-06	-8.004144e-10	-1.846754e+01	-5.470659e+01
1.260000e-06	-2.613811e-06	-7.973778e-10	-1.818452e+01	-5.472108e+01
1.270000e-06	-2.572910e-06	-7.964623e-10	-1.789996e+01	-5.473386e+01
1.280000e-06	-2.531795e-06	-7.975838e-10	-1.761392e+01	-5.474437e+01
1.290000e-06	-2.490342e-06	-7.958044e-10	-1.732553e+01	-5.475202e+01
1.300000e-06	-2.448479e-06	-7.958708e-10	-1.703429e+01	-5.475620e+01
1.310000e-06	-2.406283e-06	-7.965166e-10	-1.674073e+01	-5.475627e+01
1.320000e-06	-2.363810e-06	-7.967930e-10	-1.644524e+01	-5.475161e+01
1.330000e-06	-2.321051e-06	-7.928913e-10	-1.614776e+01	-5.474159e+01
1.340000e-06	-2.278020e-06	-7.910092e-10	-1.584839e+01	-5.472562e+01
1.350000e-06	-2.234761e-06	-7.904328e-10	-1.554743e+01	-5.470309e+01
1.360000e-06	-2.191350e-06	-7.941846e-10	-1.524542e+01	-5.467345e+01
1.370000e-06	-2.147846e-06	-7.979732e-10	-1.494275e+01	-5.463616e+01
1.380000e-06	-2.104243e-06	-8.012141e-10	-1.463941e+01	-5.459074e+01
1.390000e-06	-2.060554e-06	-7.981404e-10	-1.433545e+01	-5.453673e+01
1.400000e-06	-2.016831e-06	-7.932599e-10	-1.403127e+01	-5.447372e+01
1.410000e-06	-1.973046e-06	-7.871393e-10	-1.372666e+01	-5.440135e+01
1.420000e-06	-1.929158e-06	-7.811121e-10	-1.342132e+01	-5.431928e+01
1.430000e-06	-1.885160e-06	-7.796649e-10	-1.311523e+01	-5.422725e+01
1.440000e-06	-1.841112e-06	-7.847216e-10	-1.280878e+01	-5.412501e+01
1.450000e-06	-1.796996e-06	-7.868538e-10	-1.250186e+01	-5.401234e+01
1.460000e-06	-1.752738e-06	-7.842362e-10	-1.219395e+01	-5.388907e+01
1.470000e-06	-1.708329e-06	-7.781438e-10	-1.188500e+01	-5.375503e+01
1.480000e-06	-1.663730e-06	-7.715800e-10	-1.157472e+01	-5.361008e+01
1.490000e-06	-1.618991e-06	-7.635386e-10	-1.126346e+01	-5.345409e+01
1.500000e-06	-1.574166e-06	-7.537092e-10	-1.095161e+01	-5.328692e+01
1.510000e-06	-1.529187e-06	-7.498531e-10	-1.063869e+01	-5.310844e+01
1.520000e-06	-1.484071e-06	-7.523065e-10	-1.032482e+01	-5.291848e+01
1.530000e-06	-1.438876e-06	-7.556059e-10	-1.001039e+01	-5.271685e+01
1.540000e-06	-1.393509e-06	-7.533164e-10	-9.694762e+00	-5.250336e+01
1.550000e-06	-1.347991e-06	-7.453052e-10	-9.378091e+00	-5.227774e+01
1.560000e-06	-1.302494e-06	-7.349510e-10	-9.061565e+00	-5.203970e+01
1.570000e-06	-1.256939e-06	-7.262960e-10	-8.744637e+00	-5.178890e+01
1.580000e-06	-1.211239e-06	-7.185629e-10	-8.426697e+00	-5.152492e+01
1.590000e-06	-1.165516e-06	-7.111909e-10	-8.108598e+00	-5.124731e+01
1.600000e-06	-1.119785e-06	-7.056732e-10	-7.790443e+00	-5.095554e+01
1.610000e-06	-1.073957e-06	-7.046779e-10	-7.471616e+00	-5.064904e+01
1.620000e-06	-1.027947e-06	-7.028973e-10	-7.151520e+00	-5.032714e+01
1.630000e-06	-9.817984e-07	-7.005426e-10	-6.830458e+00	-4.998915e+01
1.640000e-06	-9.356441e-07	-6.941749e-10	-6.509359e+00	-4.963430e+01
1.650000e-06	-8.894930e-07	-6.842080e-10	-6.188282e+00	-4.926177e+01
1.660000e-06	-8.433175e-07	-6.715530e-10	-5.867035e+00	-4.887068e+01
1.670000e-06	-7.970487e-07	-6.604161e-10	-5.545138e+00	-4.846012e+01
1.680000e-06	-7.506605e-07	-6.523252e-10	-5.222412e+00	-4.802913e+01
1.690000e-06	-7.042766e-07	-6.460083e-10	-4.899715e+00	-4.757674e+01
1.700000e-06	-6.579807e-07	-6.407274e-10	-4.577630e+00	-4.710192e+01
1.710000e-06	-6.116523e-07	-6.379774e-10	-4.255319e+00	-4.660367e+01
1.720000e-06	-5.651603e-07	-6.355130e-10	-3.931871e+00	-4.608095e+01
1.730000e-06	-5.186372e-07	-6.272581e-10	-3.608205e+00	-4.553275e+01
1.740000e-06	-4.720959e-07	-6.137348e-10	-3.284413e+00	-4.495805e+01
1.750000e-06	-4.254330e-07	-5.987419e-10	-2.959775e+00	-4.435587e+01
1.760000e-06	-3.788039e-07	-5.849344e-10	-2.635372e+00	-4.372525e+01
1.770000e-06	-3.321795e-07	-5.735259e-10	-2.311002e+00	-4.306527e+01
1.780000e-06	-2.854892e-07	-5.667014e-10	-1.986174e+00	-4.237508e+01
1.790000e-06	-2.387532e-07	-5.625575e-10	-1.661027e+00	-4.165384e+01
1.800000e-06	-1.919310e-07	-5.557513e-10	-1.335281e+00	-4.090083e+01
1.810000e-06	-1.451067e-07	-5.430296e-10	-1.009520e+00	-4.011535e+01
1.820000e-06	-9.835276e-08	-5.260490e-10	-6.842489e-01	-3.929681e+01
1.830000e-06	-5.162804e-08	-5.092360e-10	-3.591808e-01	-3.844469e+01
1.840000e-06	-4.901607e-09	-4.956581e-10	-3.410091e-02	-3.755856e+01
1.850000e-06	4.191128e-08	-4.849058e-10	2.915805e-01	-3.663807e+01
1.860000e-06	8.877584e-08	-4.744899e-10	6.176214e-01	-3.568299e+01
1.870000e-06	1.356118e-07	-4.628137e-10	9.434635e-01	-3.469317e+01
1.880000e-06	1.824373e-07	-4.496445e-10	1.269232e+00	-3.366856e+01
1.890000e-06	2.292252e-07	-4.341303e-10	1.594740e+00	-3.260924e+01
1.900000e-06	2.760267e-07	-4.154983e-10	1.920342e+00	-3.151538e+01
1.910000e-06	3.228335e-07	-3.940516e-10	2.245981e+00	-3.038724e+01
1.920000e-06	3.695692e-07	-3.736202e-10	2.571126e+00	-2.922524e+01
1.930000e-06	4.162381e-07	-3.569499e-10	2.895805e+00	-2.802987e+01
1.940000e-06	4.629179e-07	-3.423996e-10	3.220561e+00	-2.680175e+01
1.950000e-06	5.095548e-07	-3.281930e-10	3.545018e+00	-2.554161e+01
1.960000e-06	5.560051e-07	-3.120528e-10	3.868177e+00	-2.425030e+01
1.970000e-06	6.023211e-07	-2.946738e-10	4.190401e+00	-2.292877e+01
1.980000e-06	6.486401e-07	-2.766116e-10	4.512647e+00	-2.157811e+01
1.990000e-06	6.950605e-07	-2.558502e-10	4.835598e+00	-2.019950e+01
2.000000e-06	7.414908e-07	-2.341059e-10	5.158617e+00	-1.879424e+01
2.010000e-06	7.877717e-07	-2.126661e-10	5.480597e+00	-1.736373e+01
2.020000e-06	8.339606e-07	-1.920131e-10	5.801938e+00	-1.590951e+01
2.030000e-06	8.801161e-07	-1.716105e-10	6.123046e+00	-1.443319e+01
2.040000e-06	9.261701e-07	-1.526351e-10	6.443447e+00	-1.293650e+01
2.050000e-06	9.721409e-07	-1.336771e-10	6.763270e+00	-1.142127e+01
2.060000e-06	1.018121e-06	-1.138951e-10	7.083158e+00	-9.889421e+00
2.070000e-06	1.064018e-06	-9.267731e-11	7.402464e+00	-8.342953e+00
2.080000e-06	1.109825e-06	-7.108246e-11	7.721150e+00	-6.783955e+00
2.090000e-06	1.155597e-06	-4.982963e-11	8.039593e+00	-5.214589e+00
2.100000e-06	1.201249e-06	-2.684250e-11	8.357194e+00	-3.637077e+00
2.110000e-06	1.246770e-06	-4.271932e-12	8.673892e+00	-2.053699e+00
2.120000e-06	1.292213e-06	1.798005e-11	8.990043e+00	-4.667779e-01
2.130000e-06	1.337591e-06	3.892749e-11	9.305740e+00	1.121332e+00
2.140000e-06	1.382909e-06	5.607875e-11	9.621019e+00	2.708255e+00
2.150000e-06	1.428106e-06	7.352424e-11	9.935457e+00	4.291609e+00
2.160000e-06	1.473126e-06	9.246668e-11	1.024867e+01	5.869015e+00
2.170000e-06	1.518094e-06	1.120731e-10	1.056152e+01	7.438117e+00
2.180000e-06	1.562967e-06	1.339070e-10	1.087370e+01	8.996592e+00
2.190000e-06	1.607646e-06	1.583271e-10	1.118454e+01	1.054217e+01
2.200000e-06	1.652195e-06	1.826250e-10	1.149447e+01	1.207263e+01
2.210000e-06	1.696647e-06	2.037706e-10	1.180373e+01	1.358584e+01
2.220000e-06	1.741017e-06	2.236328e-10	1.211241e+01	1.507977e+01
2.230000e-06	1.785264e-06	2.432391e-10	1.242024e+01	1.655245e+01
2.240000e-06	1.829341e-06	2.623316e-10	1.272688e+01	1.800208e+01
2.250000e-06	1.873293e-06	2.808075e-10	1.303267e+01	1.942695e+01
2.260000e-06	1.917237e-06	2.993646e-10	1.333839e+01	2.082549e+01
2.270000e-06	1.961164e-06	3.183678e-10	1.364399e+01	2.219628e+01
2.280000e-06	2.004969e-06	3.380005e-10	1.394875e+01	2.353805e+01
2.290000e-06	2.048669e-06	3.567384e-10	1.425277e+01	2.484967e+01
2.300000e-06	2.092335e-06	3.740349e-10	1.455656e+01	2.613020e+01
2.310000e-06	2.135924e-06	3.902073e-10	1.485981e+01	2.737883e+01
2.320000e-06	2.179403e-06	4.057960e-10	1.516230e+01	2.859492e+01
2.330000e-06	2.222792e-06	4.228421e-10	1.546416e+01	2.977798e+01
2.340000e-06	2.266098e-06	4.404970e-10	1.576545e+01	3.092768e+01
2.350000e-06	2.309280e-06	4.555874e-10	1.606587e+01	3.204382e+01
2.360000e-06	2.352229e-06	4.689244e-10	1.636466e+01	3.312636e+01
2.370000e-06	2.394826e-06	4.839917e-10	1.666102e+01	3.417537e+01
2.380000e-06	2.437088e-06	4.989207e-10	1.695504e+01	3.519105e+01
2.390000e-06	2.479077e-06	5.138410e-10	1.724716e+01	3.617369e+01
2.400000e-06	2.520746e-06	5.288257e-10	1.753706e+01	3.712370e+01
2.410000e-06	2.562091e-06	5.412405e-10	1.782470e+01	3.804155e+01
2.420000e-06	2.603165e-06	5.504630e-10	1.811045e+01	3.892778e+01
2.430000e-06	2.643982e-06	5.596775e-10	1.839442e+01	3.978299e+01
2.440000e-06	2.684550e-06	5.698671e-10	1.867665e+01	4.060783e+01
2.450000e-06	2.724905e-06	5.802681e-10	1.895741e+01	4.140294e+01
2.460000e-06	2.765081e-06	5.915999e-10	1.923691e+01	4.216902e+01
2.470000e-06	2.805054e-06	6.027099e-10	1.951501e+01	4.290676e+01
2.480000e-06	2.844867e-06	6.122654e-10	1.979199e+01	4.361682e+01
2.490000e-06	2.884583e-06	6.201095e-10	2.006830e+01	4.429987e+01
2.500000e-06	2.924194e-06	6.267262e-10	2.034388e+01	4.495656e+01
2.510000e-06	2.963640e-06	6.340895e-10	2.061831e+01	4.558749e+01
2.520000e-06	3.002871e-06	6.431843e-10	2.089124e+01	4.619325e+01
2.530000e-06	3.041848e-06	6.533407e-10	2.116240e+01	4.677438e+01
2.540000e-06	3.080569e-06	6.629437e-10	2.143180e+01	4.733138e+01
2.550000e-06	3.119076e-06	6.697722e-10	2.169969e+01	4.786472e+01
2.560000e-06	3.157400e-06	6.744283e-10	2.196631e+01	4.837484e+01
2.570000e-06	3.195556e-06	6.799495e-10	2.223177e+01	4.886215e+01
2.580000e-06	3.233513e-06	6.861787e-10	2.249584e+01	4.932703e+01
2.590000e-06	3.271241e-06	6.911779e-10	2.275831e+01	4.976984e+01
2.600000e-06	3.308707e-06	6.961917e-10	2.301897e+01	5.019093e+01
2.610000e-06	3.345972e-06	7.027998e-10	2.327822e+01	5.059064e+01
2.620000e-06	3.383010e-06	7.105939e-10	2.353590e+01	5.096933e+01
2.630000e-06	3.419796e-06	7.167971e-10	2.379182e+01	5.132735e+01
2.640000e-06	3.456348e-06	7.217187e-10	2.404612e+01	5.166507e+01
2.650000e-06	3.492658e-06	7.267934e-10	2.429873e+01	5.198292e+01
2.660000e-06	3.528732e-06	7.306756e-10	2.454970e+01	5.228131e+01
2.670000e-06	3.564614e-06	7.332470e-10	2.479933e+01	5.256073e+01
2.680000e-06	3.600366e-06	7.362899e-10	2.504806e+01	5.282171e+01
2.690000e-06	3.635983e-06	7.404803e-10	2.529586e+01	5.306481e+01
2.700000e-06	3.671486e-06	7.448790e-10	2.554285e+01	5.329065e+01
2.710000e-06	3.706780e-06	7.499649e-10	2.578840e+01	5.349991e+01
2.720000e-06	3.741759e-06	7.556197e-10	2.603175e+01	5.369330e+01
2.730000e-06	3.776348e-06	7.591523e-10	2.627238e+01	5.387161e+01
2.740000e-06	3.810544e-06	7.637647e-10	2.651029e+01	5.403565e+01
2.750000e-06	3.844345e-06	7.675844e-10	2.674545e+01	5.418626e+01
2.760000e-06	3.877595e-06	7.699401e-10	2.697678e+01	5.432434e+01
2.770000e-06	3.910333e-06	7.708693e-10	2.720453e+01	5.445080e+01
2.780000e-06	3.942730e-06	7.704745e-10	2.742992e+01	5.456656e+01
2.790000e-06	3.974870e-06	7.720841e-10	2.765352e+01	5.467256e+01
2.800000e-06	4.006769e-06	7.760640e-10	2.787544e+01	5.476971e+01
2.810000e-06	4.038500e-06	7.816726e-10	2.809620e+01	5.485893e+01
2.820000e-06	4.070124e-06	7.869802e-10	2.831621e+01	5.494109e+01
2.830000e-06	4.101563e-06	7.921173e-10	2.853494e+01	5.501702e+01
2.840000e-06	4.132727e-06	7.942670e-10	2.875175e+01	5.508752e+01
2.850000e-06	4.163604e-06	7.910785e-10	2.896656e+01	5.515330e+01
2.860000e-06	4.194179e-06	7.846266e-10	2.917927e+01	5.521503e+01
2.870000e-06	4.224413e-06	7.813957e-10	2.938962e+01	5.527327e+01
2.880000e-06	4.254339e-06	7.833788e-10	2.959781e+01	5.532852e+01
2.890000e-06	4.283963e-06	7.895178e-10	2.980391e+01	5.538119e+01
2.900000e-06	4.313405e-06	7.957237e-10	3.000874e+01	5.543157e+01
2.910000e-06	4.342731e-06	8.000697e-10	3.021276e+01	5.547988e+01
2.920000e-06	4.371734e-06	8.023243e-10	3.041454e+01	5.552625e+01
2.930000e-06	4.400293e-06	7.998362e-10	3.061323e+01	5.557069e+01
2.940000e-06	4.428474e-06	7.926038e-10	3.080928e+01	5.561316e+01
2.950000e-06	4.456415e-06	7.865694e-10	3.100368e+01	5.565350e+01
2.960000e-06	4.484213e-06	7.850101e-10	3.119707e+01	5.569150e+01
2.970000e-06	4.511877e-06	7.887772e-10	3.138953e+01	5.572688e+01
2.980000e-06	4.539315e-06	7.975328e-10	3.158042e+01	5.575932e+01
2.990000e-06	4.566397e-06	8.065088e-10	3.176883e+01	5.578843e+01
3.000000e-06	4.593092e-06	8.118063e-10	3.195455e+01	5.581381e+01
3.010000e-06	4.619351e-06	8.111310e-10	3.213723e+01	5.583505e+01
3.020000e-06	4.645111e-06	8.058747e-10	3.231645e+01	5.585171e+01
3.030000e-06	4.670305e-06	7.996478e-10	3.249173e+01	5.586339e+01
3.040000e-06	4.694890e-06	7.947322e-10	3.266277e+01	5.586971e+01
3.050000e-06	4.719023e-06	7.938492e-10	3.283066e+01	5.587030e+01
3.060000e-06	4.742917e-06	7.971568e-10	3.299689e+01	5.586487e+01
3.070000e-06	4.766611e-06	8.023196e-10	3.316173e+01	5.585317e+01
3.080000e-06	4.790038e-06	8.076989e-10	3.332472e+01	5.583502e+01
3.090000e-06	4.813149e-06	8.097063e-10	3.348550e+01	5.581032e+01
3.100000e-06	4.835868e-06	8.078683e-10	3.364356e+01	5.577903e+01
3.110000e-06	4.858208e-06	8.025423e-10	3.379899e+01	5.574122e+01
3.120000e-06	4.880324e-06	7.959426e-10	3.395285e+01	5.569703e+01
3.130000e-06	4.902173e-06	7.953621e-10	3.410485e+01	5.564667e+01
3.140000e-06	4.923582e-06	7.996847e-10	3.425379e+01	5.559045e+01
3.150000e-06	4.944607e-06	8.065105e-10	3.440007e+01	5.552876e+01
3.160000e-06	4.965380e-06	8.100156e-10	3.454459e+01	5.546203e+01
3.170000e-06	4.985793e-06	8.093734e-10	3.468660e+01	5.539077e+01
3.180000e-06	5.005815e-06	8.062242e-10	3.482590e+01	5.531556e+01
3.190000e-06	5.025601e-06	8.003015e-10	3.496355e+01	5.523698e+01
3.200000e-06	5.045177e-06	7.959875e-10	3.509974e+01	5.515567e+01
3.210000e-06	5.064592e-06	7.954455e-10	3.523482e+01	5.507228e+01
3.220000e-06	5.083780e-06	8.002231e-10	3.536831e+01	5.498745e+01
3.230000e-06	5.102524e-06	8.055635e-10	3.549871e+01	5.490184e+01
3.240000e-06	5.120805e-06	8.065504e-10	3.562589e+01	5.481606e+01
3.250000e-06	5.138681e-06	8.044016e-10	3.575026e+01	5.473069e+01
3.260000e-06	5.156084e-06	8.008075e-10	3.587134e+01	5.464629e+01
3.270000e-06	5.173086e-06	7.963326e-10	3.598962e+01	5.456333e+01
3.280000e-06	5.189830e-06	7.945665e-10	3.610611e+01	5.448226e+01
3.290000e-06	5.206361e-06	7.977069e-10	3.622112e+01	5.440342e+01
3.300000e-06	5.222643e-06	8.048426e-10	3.633439e+01	5.432710e+01
3.310000e-06	5.238463e-06	8.087734e-10	3.644445e+01	5.425350e+01
3.320000e-06	5.253642e-06	8.092464e-10	3.655005e+01	5.418275e+01
3.330000e-06	5.268268e-06	8.082224e-10	3.665180e+01	5.411490e+01
3.340000e-06	5.282484e-06	8.046526e-10	3.675071e+01	5.404992e+01
3.350000e-06	5.296330e-06	8.012845e-10	3.684704e+01	5.398772e+01
3.360000e-06	5.309843e-06	8.017561e-10	3.694105e+01	5.392813e+01
3.370000e-06	5.322968e-06	8.043853e-10	3.703236e+01	5.387093e+01
3.380000e-06	5.335641e-06	8.049923e-10	3.712053e+01	5.381586e+01
3.390000e-06	5.347908e-06	8.040462e-10	3.720587e+01	5.376261e+01
3.400000e-06	5.359848e-06	8.051063e-10	3.728894e+01	5.371086e+01
3.410000e-06	5.371527e-06	8.062412e-10	3.737019e+01	5.366028e+01
3.420000e-06	5.382881e-06	8.068118e-10	3.744918e+01	5.361050e+01
3.430000e-06	5.393810e-06	8.070432e-10	3.752521e+01	5.356122e+01
3.440000e-06	5.404167e-06	8.077337e-10	3.759727e+01	5.351211e+01
3.450000e-06	5.413822e-06	8.099962e-10	3.766444e+01	5.346290e+01
3.460000e-06	5.422868e-06	8.112048e-10	3.772738e+01	5.341336e+01
3.470000e-06	5.431401e-06	8.109648e-10	3.778674e+01	5.336331e+01
3.480000e-06	5.439510e-06	8.104958e-10	3.784315e+01	5.331264e+01
3.490000e-06	5.447336e-06	8.108958e-10	3.789760e+01	5.326128e+01
3.500000e-06	5.454905e-06	8.114849e-10	3.795026e+01	5.320924e+01
3.510000e-06	5.462198e-06	8.113702e-10	3.800099e+01	5.315662e+01
3.520000e-06	5.469106e-06	8.122365e-10	3.804906e+01	5.310357e+01
3.530000e-06	5.475628e-06	8.149745e-10	3.809443e+01	5.305029e+01
3.540000e-06	5.481776e-06	8.165726e-10	3.813720e+01	5.299709e+01
3.550000e-06	5.487501e-06	8.152083e-10	3.817703e+01	5.294429e+01
3.560000e-06	5.492884e-06	8.124392e-10	3.821448e+01	5.289229e+01
3.570000e-06	5.497883e-06	8.105886e-10	3.824926e+01	5.284151e+01
3.580000e-06	5.502416e-06	8.081453e-10	3.828079e+01	5.279241e+01
3.590000e-06	5.506539e-06	8.073519e-10	3.830948e+01	5.274546e+01
3.600000e-06	5.510399e-06	8.107321e-10	3.833633e+01	5.270113e+01
3.610000e-06	5.514059e-06	8.174228e-10	3.836180e+01	5.265989e+01
3.620000e-06	5.517488e-06	8.208434e-10	3.838565e+01	5.262218e+01
3.630000e-06	5.520630e-06	8.203582e-10	3.840751e+01	5.258840e+01
3.640000e-06	5.523358e-06	8.168236e-10	3.842649e+01	5.255892e+01
3.650000e-06	5.525472e-06	8.126667e-10	3.844120e+01	5.253401e+01
3.660000e-06	5.526952e-06	8.096071e-10	3.845149e+01	5.251392e+01
3.670000e-06	5.527849e-06	8.091654e-10	3.845774e+01	5.249878e+01
3.680000e-06	5.528174e-06	8.138104e-10	3.846000e+01	5.248865e+01
3.690000e-06	5.528126e-06	8.172412e-10	3.845966e+01	5.248350e+01
3.700000e-06	5.527850e-06	8.189732e-10	3.845774e+01	5.248320e+01
3.710000e-06	5.527359e-06	8.190448e-10	3.845432e+01	5.248752e+01
3.720000e-06	5.526571e-06	8.146904e-10	3.844884e+01	5.249615e+01
3.730000e-06	5.525313e-06	8.087304e-10	3.844009e+01	5.250866e+01
3.740000e-06	5.523600e-06	8.053576e-10	3.842817e+01	5.252457e+01
3.750000e-06	5.521596e-06	8.137136e-10	3.841423e+01	5.254331e+01
3.760000e-06	5.519305e-06	8.371763e-10	3.839829e+01	5.256422e+01
3.770000e-06	5.516682e-06	8.446984e-10	3.838005e+01	5.258663e+01
3.780000e-06	5.513661e-06	8.023307e-10	3.835903e+01	5.260979e+01
3.790000e-06	5.510119e-06	7.078962e-10	3.833439e+01	5.263294e+01
3.800000e-06	5.506089e-06	7.085676e-10	3.830635e+01	5.265531e+01
3.810000e-06	5.501775e-06	9.124668e-10	3.827634e+01	5.267614e+01
3.820000e-06	5.497363e-06	9.531072e-10	3.824564e+01	5.269466e+01
3.830000e-06	5.492726e-06	8.306620e-10	3.821338e+01	5.271018e+01
3.840000e-06	5.487632e-06	7.644496e-10	3.817794e+01	5.272204e+01
3.850000e-06	5.481860e-06	8.549680e-10	3.813779e+01	5.272964e+01
3.860000e-06	5.475671e-06	9.444032e-10	3.809473e+01	5.273249e+01
3.870000e-06	5.469348e-06	7.675954e-10	3.805074e+01	5.273017e+01
3.880000e-06	5.462463e-06	7.191578e-10	3.800284e+01	5.272236e+01
3.890000e-06	5.454771e-06	9.063850e-10	3.794933e+01	5.270888e+01
3.900000e-06	5.446652e-06	1.025920e-09	3.789284e+01	5.268964e+01
3.910000e-06	5.438345e-06	7.701209e-10	3.783505e+01	5.266468e+01
3.920000e-06	5.429748e-06	6.202269e-10	3.777524e+01	5.263416e+01
3.930000e-06	5.420691e-06	8.271940e-10	3.771223e+01	5.259836e+01
3.940000e-06	5.411312e-06	9.765570e-10	3.764698e+01	5.255770e+01
3.950000e-06	5.401770e-06	8.178736e-10	3.758060e+01	5.251266e+01
3.960000e-06	5.391701e-06	7.189516e-10	3.751054e+01	5.246387e+01
3.970000e-06	5.381082e-06	8.685798e-10	3.743667e+01	5.241202e+01
3.980000e-06	5.370256e-06	8.920789e-10	3.736134e+01	5.235789e+01
3.990000e-06	5.359180e-06	7.581821e-10	3.728429e+01	5.230232e+01
4.000000e-06	5.347576e-06	7.417090e-10	3.720356e+01	5.224619e+01
4.010000e-06	5.335515e-06	8.659696e-10	3.711965e+01	5.219043e+01
4.020000e-06	5.323130e-06	8.504951e-10	3.703349e+01	5.213596e+01
4.030000e-06	5.310276e-06	7.742027e-10	3.694406e+01	5.208371e+01
4.040000e-06	5.296836e-06	7.785185e-10	3.685056e+01	5.203458e+01
4.050000e-06	5.282965e-06	8.622310e-10	3.675406e+01	5.198944e+01
4.060000e-06	5.268731e-06	8.323921e-10	3.665503e+01	5.194910e+01
4.070000e-06	5.253706e-06	7.594826e-10	3.655050e+01	5.191430e+01
4.080000e-06	5.237928e-06	7.721369e-10	3.644073e+01	5.188571e+01
4.090000e-06	5.221902e-06	9.038910e-10	3.632924e+01	5.186388e+01
4.100000e-06	5.205637e-06	8.818051e-10	3.621608e+01	5.184929e+01
4.110000e-06	5.189063e-06	7.321002e-10	3.610077e+01	5.184229e+01
4.120000e-06	5.172181e-06	7.674602e-10	3.598332e+01	5.184311e+01
4.130000e-06	5.155018e-06	9.277389e-10	3.586392e+01	5.185187e+01
4.140000e-06	5.137457e-06	8.278800e-10	3.574174e+01	5.186858e+01
4.150000e-06	5.119417e-06	7.004273e-10	3.561624e+01	5.189313e+01
4.160000e-06	5.101098e-06	8.662831e-10	3.548879e+01	5.192528e+01
4.170000e-06	5.082545e-06	9.174721e-10	3.535971e+01	5.196472e+01
4.180000e-06	5.063568e-06	7.192701e-10	3.522769e+01	5.201101e+01
4.190000e-06	5.044189e-06	7.790585e-10	3.509287e+01	5.206364e+01
4.200000e-06	5.024516e-06	9.604661e-10	3.495600e+01	5.212203e+01
4.210000e-06	5.004525e-06	7.941744e-10	3.481692e+01	5.218554e+01
4.220000e-06	4.984308e-06	7.132625e-10	3.467627e+01	5.225347e+01
4.230000e-06	4.963924e-06	9.215300e-10	3.453446e+01	5.232510e+01
4.240000e-06	4.943365e-06	8.904080e-10	3.439143e+01	5.239968e+01
4.250000e-06	4.922473e-06	7.227149e-10	3.424608e+01	5.247647e+01
4.260000e-06	4.901062e-06	8.688076e-10	3.409712e+01	5.255473e+01
4.270000e-06	4.879013e-06	9.150539e-10	3.394373e+01	5.263376e+01
4.280000e-06	4.856355e-06	7.430820e-10	3.378609e+01	5.271289e+01
4.290000e-06	4.833231e-06	8.084193e-10	3.362521e+01	5.279147e+01
4.300000e-06	4.809729e-06	9.364609e-10	3.346171e+01	5.286896e+01
4.310000e-06	4.785820e-06	7.879057e-10	3.329537e+01	5.294484e+01
4.320000e-06	4.761615e-06	7.699416e-10	3.312698e+01	5.301868e+01
4.330000e-06	4.737276e-06	9.074421e-10	3.295765e+01	5.309013e+01
4.340000e-06	4.712720e-06	8.510670e-10	3.278681e+01	5.315891e+01
4.350000e-06	4.687861e-06	7.771769e-10	3.261386e+01	5.322482e+01
4.360000e-06	4.662665e-06	8.696426e-10	3.243857e+01	5.328773e+01
4.370000e-06	4.637016e-06	8.555883e-10	3.226013e+01	5.334761e+01
4.380000e-06	4.610983e-06	7.950235e-10	3.207902e+01	5.340446e+01
4.390000e-06	4.584715e-06	8.535807e-10	3.189627e+01	5.345838e+01
4.400000e-06	4.558180e-06	8.758310e-10	3.171166e+01	5.350950e+01
4.410000e-06	4.531281e-06	8.172701e-10	3.152452e+01	5.355800e+01
4.420000e-06	4.503985e-06	8.307686e-10	3.133462e+01	5.360412e+01
4.430000e-06	4.476354e-06	8.530548e-10	3.114239e+01	5.364809e+01
4.440000e-06	4.448461e-06	8.288594e-10	3.094834e+01	5.369019e+01
4.450000e-06	4.420357e-06	8.361116e-10	3.075282e+01	5.373069e+01
4.460000e-06	4.392082e-06	8.486301e-10	3.055610e+01	5.376988e+01
4.470000e-06	4.363664e-06	8.274830e-10	3.035840e+01	5.380800e+01
4.480000e-06	4.335062e-06	8.244847e-10	3.015941e+01	5.384531e+01
4.490000e-06	4.306112e-06	8.430351e-10	2.995800e+01	5.388203e+01
4.500000e-06	4.276702e-06	8.312662e-10	2.975339e+01	5.391834e+01
4.510000e-06	4.246730e-06	8.241267e-10	2.954488e+01	5.395439e+01
4.520000e-06	4.216196e-06	8.394068e-10	2.933245e+01	5.399030e+01
4.530000e-06	4.185212e-06	8.393888e-10	2.911689e+01	5.402612e+01
4.540000e-06	4.153826e-06	8.243311e-10	2.889854e+01	5.406188e+01
4.550000e-06	4.122071e-06	8.404086e-10	2.867761e+01	5.409756e+01
4.560000e-06	4.090042e-06	8.472474e-10	2.845479e+01	5.413311e+01
4.570000e-06	4.057847e-06	8.275823e-10	2.823080e+01	5.416842e+01
4.580000e-06	4.025469e-06	8.282516e-10	2.800554e+01	5.420338e+01
4.590000e-06	3.992967e-06	8.547108e-10	2.777942e+01	5.423783e+01
4.600000e-06	3.960317e-06	8.445893e-10	2.755228e+01	5.427159e+01
4.610000e-06	3.927338e-06	8.364828e-10	2.732284e+01	5.430449e+01
4.620000e-06	3.893894e-06	8.539762e-10	2.709017e+01	5.433633e+01
4.630000e-06	3.860120e-06	8.571674e-10	2.685520e+01	5.436692e+01
4.640000e-06	3.826190e-06	8.418276e-10	2.661914e+01	5.439608e+01
4.650000e-06	3.792038e-06	8.539521e-10	2.638154e+01	5.442366e+01
4.660000e-06	3.757611e-06	8.572992e-10	2.614203e+01	5.444951e+01
4.670000e-06	3.722932e-06	8.381566e-10	2.590077e+01	5.447352e+01
4.680000e-06	3.688001e-06	8.390206e-10	2.565775e+01	5.449562e+01
4.690000e-06	3.652787e-06	8.577965e-10	2.541276e+01	5.451576e+01
4.700000e-06	3.617348e-06	8.524169e-10	2.516621e+01	5.453394e+01
4.710000e-06	3.581703e-06	8.436188e-10	2.491823e+01	5.455020e+01
4.720000e-06	3.545812e-06	8.558690e-10	2.466853e+01	5.456463e+01
4.730000e-06	3.509777e-06	8.579417e-10	2.441783e+01	5.457735e+01
4.740000e-06	3.473634e-06	8.461343e-10	2.416638e+01	5.458851e+01
4.750000e-06	3.437379e-06	8.499506e-10	2.391415e+01	5.459833e+01
4.760000e-06	3.400951e-06	8.576925e-10	2.366072e+01	5.460700e+01
4.770000e-06	3.364352e-06	8.523779e-10	2.340610e+01	5.461479e+01
4.780000e-06	3.327511e-06	8.544447e-10	2.314979e+01	5.462195e+01
4.790000e-06	3.290321e-06	8.633669e-10	2.289105e+01	5.462876e+01
4.800000e-06	3.252814e-06	8.603008e-10	2.263011e+01	5.463548e+01
4.810000e-06	3.214993e-06	8.527859e-10	2.236699e+01	5.464238e+01
4.820000e-06	3.176723e-06	8.592947e-10	2.210075e+01	5.464971e+01
4.830000e-06	3.137995e-06	8.616891e-10	2.183131e+01	5.465769e+01
4.840000e-06	3.098777e-06	8.605164e-10	2.155846e+01	5.466651e+01
4.850000e-06	3.059227e-06	8.656064e-10	2.128332e+01	5.467631e+01
4.860000e-06	3.019509e-06	8.718956e-10	2.100699e+01	5.468721e+01
4.870000e-06	2.979577e-06	8.684651e-10	2.072918e+01	5.469926e+01
4.880000e-06	2.939508e-06	8.674243e-10	2.045042e+01	5.471244e+01
4.890000e-06	2.899310e-06	8.681860e-10	2.017075e+01	5.472669e+01
4.900000e-06	2.858996e-06	8.668317e-10	1.989029e+01	5.474188e+01
4.910000e-06	2.818530e-06	8.629843e-10	1.960877e+01	5.475782e+01
4.920000e-06	2.777936e-06	8.647582e-10	1.932635e+01	5.477424e+01
4.930000e-06	2.737207e-06	8.689409e-10	1.904299e+01	5.479084e+01
4.940000e-06	2.696323e-06	8.738839e-10	1.875856e+01	5.480722e+01
4.950000e-06	2.655293e-06	8.781658e-10	1.847311e+01	5.482296e+01
4.960000e-06	2.614068e-06	8.786646e-10	1.818630e+01	5.483756e+01
4.970000e-06	2.572593e-06	8.743960e-10	1.789776e+01	5.485051e+01
4.980000e-06	2.530907e-06	8.724134e-10	1.760775e+01	5.486124e+01
4.990000e-06	2.489071e-06	8.692252e-10	1.731669e+01	5.486916e+01
5.000000e-06	2.447038e-06	8.627507e-10	1.702426e+01	5.487365e+01
5.010000e-06	2.404783e-06	8.587959e-10	1.673029e+01	5.487409e+01
5.020000e-06	2.362448e-06	8.605098e-10	1.643576e+01	5.486986e+01
5.030000e-06	2.320017e-06	8.655832e-10	1.614056e+01	5.486032e+01
5.040000e-06	2.277435e-06	8.688999e-10	1.584432e+01	5.484487e+01
5.050000e-06	2.234738e-06	8.699023e-10	1.554727e+01	5.482291e+01
5.060000e-06	2.191812e-06	8.665244e-10	1.524863e+01	5.479388e+01
5.070000e-06	2.148610e-06	8.601201e-10	1.494807e+01	5.475726e+01
5.080000e-06	2.105314e-06	8.523032e-10	1.464686e+01	5.471254e+01
5.090000e-06	2.061871e-06	8.456989e-10	1.434462e+01	5.465926e+01
5.100000e-06	2.018222e-06	8.432763e-10	1.404095e+01	5.459702e+01
5.110000e-06	1.974486e-06	8.456298e-10	1.373667e+01	5.452545e+01
5.120000e-06	1.930619e-06	8.487917e-10	1.343149e+01	5.444421e+01
5.130000e-06	1.886631e-06	8.490725e-10	1.312546e+01	5.435303e+01
5.140000e-06	1.842565e-06	8.464066e-10	1.281889e+01	5.425165e+01
5.150000e-06	1.798383e-06	8.435091e-10	1.251151e+01	5.413986e+01
5.160000e-06	1.754146e-06	8.409504e-10	1.220375e+01	5.401748e+01
5.170000e-06	1.709920e-06	8.399697e-10	1.189607e+01	5.388435e+01
5.180000e-06	1.665614e-06	8.391223e-10	1.158782e+01	5.374032e+01
5.190000e-06	1.621227e-06	8.374613e-10	1.127902e+01	5.358526e+01
5.200000e-06	1.576748e-06	8.360111e-10	1.096957e+01	5.341903e+01
5.210000e-06	1.532188e-06	8.331351e-10	1.065957e+01	5.324150e+01
5.220000e-06	1.487598e-06	8.307273e-10	1.034935e+01	5.305251e+01
5.230000e-06	1.442933e-06	8.307092e-10	1.003861e+01	5.285187e+01
5.240000e-06	1.398150e-06	8.288029e-10	9.727054e+00	5.263938e+01
5.250000e-06	1.353246e-06	8.262184e-10	9.414651e+00	5.241479e+01
5.260000e-06	1.308272e-06	8.240930e-10	9.101765e+00	5.217780e+01
5.270000e-06	1.263261e-06	8.242997e-10	8.788619e+00	5.192808e+01
5.280000e-06	1.218157e-06	8.235294e-10	8.474827e+00	5.166522e+01
5.290000e-06	1.172938e-06	8.234004e-10	8.160234e+00	5.138877e+01
5.300000e-06	1.127568e-06	8.189991e-10	7.844588e+00	5.109821e+01
5.310000e-06	1.082089e-06	8.128869e-10	7.528186e+00	5.079296e+01
5.320000e-06	1.036607e-06	8.061371e-10	7.211768e+00	5.047238e+01
5.330000e-06	9.909885e-07	8.015872e-10	6.894395e+00	5.013576e+01
5.340000e-06	9.452873e-07	8.002203e-10	6.576447e+00	4.978235e+01
5.350000e-06	8.996248e-07	7.976370e-10	6.258770e+00	4.941133e+01
5.360000e-06	8.538632e-07	7.915997e-10	5.940402e+00	4.902183e+01
5.370000e-06	8.078864e-07	7.833336e-10	5.620538e+00	4.861293e+01
5.380000e-06	7.618218e-07	7.763765e-10	5.300062e+00	4.818369e+01
5.390000e-06	7.157912e-07	7.701166e-10	4.979823e+00	4.773312e+01
5.400000e-06	6.696030e-07	7.632776e-10	4.658487e+00	4.726021e+01
5.410000e-06	6.232720e-07	7.559105e-10	4.336159e+00	4.676396e+01
5.420000e-06	5.769381e-07	7.490164e-10	4.013810e+00	4.624332e+01
5.430000e-06	5.306348e-07	7.399157e-10	3.691674e+00	4.569729e+01
5.440000e-06	4.842852e-07	7.303404e-10	3.369215e+00	4.512484e+01
5.450000e-06	4.378560e-07	7.220875e-10	3.046203e+00	4.452499e+01
5.460000e-06	3.914739e-07	7.143404e-10	2.723519e+00	4.389678e+01
5.470000e-06	3.450706e-07	7.071956e-10	2.400687e+00	4.323929e+01
5.480000e-06	2.985470e-07	7.012796e-10	2.077018e+00	4.255165e+01
5.490000e-06	2.520160e-07	6.917148e-10	1.753297e+00	4.183304e+01
5.500000e-06	2.055629e-07	6.795969e-10	1.430119e+00	4.108270e+01
5.510000e-06	1.591276e-07	6.674135e-10	1.107065e+00	4.029996e+01
5.520000e-06	1.126893e-07	6.540429e-10	7.839892e-01	3.948420e+01
5.530000e-06	6.624411e-08	6.382404e-10	4.608661e-01	3.863490e+01
5.540000e-06	1.978137e-08	6.247448e-10	1.376207e-01	3.775162e+01
5.550000e-06	-2.668646e-08	6.124196e-10	-1.856601e-01	3.683401e+01
5.560000e-06	-7.316080e-08	5.996079e-10	-5.089862e-01	3.588182e+01
5.570000e-06	-1.196715e-07	5.854854e-10	-8.325652e-01	3.489490e+01
5.580000e-06	-1.661252e-07	5.701707e-10	-1.155748e+00	3.387320e+01
5.590000e-06	-2.125175e-07	5.540422e-10	-1.478503e+00	3.281677e+01
5.600000e-06	-2.588919e-07	5.358130e-10	-1.801134e+00	3.172578e+01
5.610000e-06	-3.053009e-07	5.175793e-10	-2.124006e+00	3.060050e+01
5.620000e-06	-3.517676e-07	4.994581e-10	-2.447279e+00	2.944130e+01
5.630000e-06	-3.981803e-07	4.806672e-10	-2.770175e+00	2.824869e+01
5.640000e-06	-4.444774e-07	4.613679e-10	-3.092269e+00	2.702328e+01
5.650000e-06	-4.906941e-07	4.403438e-10	-3.413802e+00	2.576578e+01
5.660000e-06	-5.369288e-07	4.192258e-10	-3.735461e+00	2.447704e+01
5.670000e-06	-5.831558e-07	3.996261e-10	-4.057067e+00	2.315800e+01
5.680000e-06	-6.292460e-07	3.794477e-10	-4.377720e+00	2.180973e+01
5.690000e-06	-6.752477e-07	3.564201e-10	-4.697758e+00	2.043340e+01
5.700000e-06	-7.212842e-07	3.300750e-10	-5.018038e+00	1.903031e+01
5.710000e-06	-7.673246e-07	3.009980e-10	-5.338345e+00	1.760186e+01
5.720000e-06	-8.132422e-07	2.730055e-10	-5.657798e+00	1.614955e+01
5.730000e-06	-8.590990e-07	2.470748e-10	-5.976828e+00	1.467502e+01
5.740000e-06	-9.049194e-07	2.221333e-10	-6.295605e+00	1.317996e+01
5.750000e-06	-9.506865e-07	1.985181e-10	-6.614010e+00	1.166621e+01
5.760000e-06	-9.963778e-07	1.759767e-10	-6.931888e+00	1.013567e+01
5.770000e-06	-1.041883e-06	1.516920e-10	-7.248471e+00	8.590349e+00
5.780000e-06	-1.087330e-06	1.216730e-10	-7.564655e+00	7.032319e+00
5.790000e-06	-1.132703e-06	9.054881e-11	-7.880313e+00	5.463737e+00
5.800000e-06	-1.177930e-06	5.907365e-11	-8.194962e+00	3.886822e+00
5.810000e-06	-1.223056e-06	2.827456e-11	-8.508906e+00	2.303850e+00
5.820000e-06	-1.268016e-06	2.031478e-12	-8.821701e+00	7.171386e-01
5.830000e-06	-1.312812e-06	-2.090429e-11	-9.133350e+00	-8.709584e-01
5.840000e-06	-1.357507e-06	-4.405561e-11	-9.444300e+00	-2.458067e+00
5.850000e-06	-1.402139e-06	-6.903380e-11	-9.754802e+00	-4.041804e+00
5.860000e-06	-1.446769e-06	-9.653480e-11	-1.006530e+01	-5.619791e+00
5.870000e-06	-1.491347e-06	-1.256961e-10	-1.037544e+01	-7.189670e+00
5.880000e-06	-1.535815e-06	-1.547595e-10	-1.068480e+01	-8.749114e+00
5.890000e-06	-1.580237e-06	-1.832705e-10	-1.099385e+01	-1.029584e+01
5.900000e-06	-1.624620e-06	-2.093227e-10	-1.130263e+01	-1.182764e+01
5.910000e-06	-1.668913e-06	-2.329992e-10	-1.161077e+01	-1.334237e+01
5.920000e-06	-1.713115e-06	-2.564092e-10	-1.191829e+01	-1.483797e+01
5.930000e-06	-1.757273e-06	-2.792951e-10	-1.222551e+01	-1.631250e+01
5.940000e-06	-1.801365e-06	-3.023564e-10	-1.253226e+01	-1.776411e+01
5.950000e-06	-1.845369e-06	-3.254344e-10	-1.283839e+01	-1.919109e+01
5.960000e-06	-1.889301e-06	-3.489148e-10	-1.314404e+01	-2.059188e+01
5.970000e-06	-1.933165e-06	-3.728084e-10	-1.344920e+01	-2.196503e+01
5.980000e-06	-1.976904e-06	-3.967570e-10	-1.375349e+01	-2.330925e+01
5.990000e-06	-2.020510e-06	-4.218447e-10	-1.405686e+01	-2.462343e+01
6.000000e-06	-2.063997e-06	-4.460280e-10	-1.435941e+01	-2.590658e+01
6.010000e-06	-2.107302e-06	-4.659490e-10	-1.466069e+01	-2.715789e+01
6.020000e-06	-2.150405e-06	-4.829096e-10	-1.496056e+01	-2.837670e+01
6.030000e-06	-2.193375e-06	-4.981748e-10	-1.525950e+01	-2.956253e+01
6.040000e-06	-2.236128e-06	-5.127042e-10	-1.555694e+01	-3.071501e+01
6.050000e-06	-2.278679e-06	-5.294257e-10	-1.585297e+01	-3.183394e+01
6.060000e-06	-2.321149e-06	-5.476097e-10	-1.614844e+01	-3.291928e+01
6.070000e-06	-2.363430e-06	-5.676224e-10	-1.644259e+01	-3.397107e+01
6.080000e-06	-2.405552e-06	-5.866037e-10	-1.673564e+01	-3.498951e+01
6.090000e-06	-2.447571e-06	-6.042745e-10	-1.702797e+01	-3.597489e+01
6.100000e-06	-2.489438e-06	-6.203470e-10	-1.731924e+01	-3.692760e+01
6.110000e-06	-2.531108e-06	-6.338628e-10	-1.760914e+01	-3.784810e+01
6.120000e-06	-2.572544e-06	-6.470287e-10	-1.789742e+01	-3.873694e+01
6.130000e-06	-2.613739e-06	-6.598538e-10	-1.818401e+01	-3.959471e+01
6.140000e-06	-2.654722e-06	-6.756247e-10	-1.846913e+01	-4.042205e+01
6.150000e-06	-2.695518e-06	-6.918861e-10	-1.875296e+01	-4.121961e+01
6.160000e-06	-2.736177e-06	-7.062804e-10	-1.903582e+01	-4.198808e+01
6.170000e-06	-2.776701e-06	-7.170785e-10	-1.931776e+01	-4.272814e+01
6.180000e-06	-2.817129e-06	-7.257937e-10	-1.959901e+01	-4.344048e+01
6.190000e-06	-2.857452e-06	-7.340645e-10	-1.987955e+01	-4.412575e+01
6.200000e-06	-2.897615e-06	-7.428940e-10	-2.015896e+01	-4.478461e+01
6.210000e-06	-2.937669e-06	-7.539172e-10	-2.043762e+01	-4.541766e+01
6.220000e-06	-2.977638e-06	-7.677125e-10	-2.071569e+01	-4.602549e+01
6.230000e-06	-3.017483e-06	-7.812944e-10	-2.099290e+01	-4.660865e+01
6.240000e-06	-3.057009e-06	-7.927517e-10	-2.126789e+01	-4.716763e+01
6.250000e-06	-3.096203e-06	-8.021185e-10	-2.154056e+01	-4.770293e+01
6.260000e-06	-3.135162e-06	-8.064178e-10	-2.181160e+01	-4.821496e+01
6.270000e-06	-3.173711e-06	-8.083412e-10	-2.207979e+01	-4.870416e+01
6.280000e-06	-3.211806e-06	-8.134029e-10	-2.234482e+01	-4.917089e+01
6.290000e-06	-3.249486e-06	-8.232661e-10	-2.260696e+01	-4.961552e+01
6.300000e-06	-3.286783e-06	-8.347797e-10	-2.286644e+01	-5.003840e+01
6.310000e-06	-3.323788e-06	-8.451128e-10	-2.312389e+01	-5.043987e+01
6.320000e-06	-3.360531e-06	-8.514429e-10	-2.337952e+01	-5.082029e+01
6.330000e-06	-3.397077e-06	-8.535990e-10	-2.363377e+01	-5.118001e+01
6.340000e-06	-3.433469e-06	-8.548531e-10	-2.388695e+01	-5.151941e+01
6.350000e-06	-3.469736e-06	-8.582748e-10	-2.413926e+01	-5.183889e+01
6.360000e-06	-3.505881e-06	-8.616526e-10	-2.439072e+01	-5.213888e+01
6.370000e-06	-3.541877e-06	-8.642341e-10	-2.464115e+01	-5.241986e+01
6.380000e-06	-3.577678e-06	-8.695462e-10	-2.489022e+01	-5.268235e+01
6.390000e-06	-3.613173e-06	-8.781555e-10	-2.513717e+01	-5.292691e+01
6.400000e-06	-3.648323e-06	-8.855734e-10	-2.538171e+01	-5.315416e+01
6.410000e-06	-3.683182e-06	-8.920788e-10	-2.562422e+01	-5.336477e+01
6.420000e-06	-3.717849e-06	-8.990252e-10	-2.586541e+01	-5.355946e+01
6.430000e-06	-3.752299e-06	-9.021354e-10	-2.610508e+01	-5.373899e+01
6.440000e-06	-3.786496e-06	-8.999317e-10	-2.634299e+01	-5.390417e+01
6.450000e-06	-3.820453e-06	-8.976899e-10	-2.657923e+01	-5.405587e+01
6.460000e-06	-3.854077e-06	-8.975199e-10	-2.681316e+01	-5.419495e+01
6.470000e-06	-3.887321e-06	-8.972757e-10	-2.704444e+01	-5.432234e+01
6.480000e-06	-3.920299e-06	-8.995705e-10	-2.727387e+01	-5.443895e+01
6.490000e-06	-3.953121e-06	-9.066215e-10	-2.750221e+01	-5.454573e+01
6.500000e-06	-3.985726e-06	-9.130356e-10	-2.772905e+01	-5.464358e+01
6.510000e-06	-4.018126e-06	-9.169920e-10	-2.795446e+01	-5.473341e+01
6.520000e-06	-4.050333e-06	-9.188868e-10	-2.817852e+01	-5.481612e+01
6.530000e-06	-4.082340e-06	-9.178243e-10	-2.840120e+01	-5.489254e+01
6.540000e-06	-4.114027e-06	-9.149730e-10	-2.862165e+01	-5.496345e+01
6.550000e-06	-4.145353e-06	-9.126122e-10	-2.883959e+01	-5.502960e+01
6.560000e-06	-4.176282e-06	-9.120458e-10	-2.905476e+01	-5.509164e+01
6.570000e-06	-4.206692e-06	-9.137683e-10	-2.926633e+01	-5.515015e+01
6.580000e-06	-4.236718e-06	-9.165026e-10	-2.947523e+01	-5.520563e+01
6.590000e-06	-4.266356e-06	-9.184854e-10	-2.968142e+01	-5.525849e+01
6.600000e-06	-4.295511e-06	-9.206197e-10	-2.988425e+01	-5.530905e+01
6.610000e-06	-4.324304e-06	-9.216945e-10	-3.008457e+01	-5.535752e+01
6.620000e-06	-4.352846e-06	-9.214511e-10	-3.028314e+01	-5.540405e+01
6.630000e-06	-4.381141e-06	-9.214094e-10	-3.047999e+01	-5.544865e+01
6.640000e-06	-4.409229e-06	-9.209544e-10	-3.067540e+01	-5.549127e+01
6.650000e-06	-4.437181e-06	-9.195161e-10	-3.086986e+01	-5.553179e+01
6.660000e-06	-4.464904e-06	-9.199775e-10	-3.106273e+01	-5.557000e+01
6.670000e-06	-4.492269e-06	-9.219181e-10	-3.125311e+01	-5.560561e+01
6.680000e-06	-4.519270e-06	-9.218166e-10	-3.144096e+01	-5.563830e+01
6.690000e-06	-4.545876e-06	-9.207647e-10	-3.162606e+01	-5.566769e+01
6.700000e-06	-4.572170e-06	-9.219749e-10	-3.180900e+01	-5.569340e+01
6.710000e-06	-4.598171e-06	-9.226968e-10	-3.198988e+01	-5.571499e+01
6.720000e-06	-4.623845e-06	-9.222795e-10	-3.216850e+01	-5.573205e+01
6.730000e-06	-4.649210e-06	-9.227882e-10	-3.234496e+01	-5.574416e+01
6.740000e-06	-4.674164e-06	-9.229851e-10	-3.251857e+01	-5.575093e+01
6.750000e-06	-4.698811e-06	-9.229795e-10	-3.269005e+01	-5.575200e+01
6.760000e-06	-4.723266e-06	-9.242679e-10	-3.286018e+01	-5.574708e+01
6.770000e-06	-4.747497e-06	-9.261509e-10	-3.302876e+01	-5.573591e+01
6.780000e-06	-4.771619e-06	-9.261657e-10	-3.319657e+01	-5.571830e+01
6.790000e-06	-4.795543e-06	-9.254239e-10	-3.336302e+01	-5.569414e+01
6.800000e-06	-4.819011e-06	-9.260324e-10	-3.352629e+01	-5.566339e+01
6.810000e-06	-4.841944e-06	-9.255471e-10	-3.368584e+01	-5.562612e+01
6.820000e-06	-4.864363e-06	-9.229286e-10	-3.384181e+01	-5.558244e+01
6.830000e-06	-4.886281e-06	-9.198282e-10	-3.399429e+01	-5.553259e+01
6.840000e-06	-4.907637e-06	-9.168586e-10	-3.414286e+01	-5.547684e+01
6.850000e-06	-4.928493e-06	-9.140828e-10	-3.428796e+01	-5.541558e+01
6.860000e-06	-4.949044e-06	-9.105844e-10	-3.443093e+01	-5.534924e+01
6.870000e-06	-4.969381e-06	-9.063058e-10	-3.457242e+01	-5.527834e+01
6.880000e-06	-4.989494e-06	-9.027390e-10	-3.471235e+01	-5.520343e+01
6.890000e-06	-5.009298e-06	-9.020383e-10	-3.485013e+01	-5.512510e+01
6.900000e-06	-5.028760e-06	-9.017922e-10	-3.498553e+01	-5.504399e+01
6.910000e-06	-5.047884e-06	-8.992017e-10	-3.511858e+01	-5.496074e+01
6.920000e-06	-5.066649e-06	-8.977864e-10	-3.524913e+01	-5.487601e+01
6.930000e-06	-5.085101e-06	-8.980514e-10	-3.537750e+01	-5.479043e+01
6.940000e-06	-5.103212e-06	-8.981903e-10	-3.550350e+01	-5.470463e+01
6.950000e-06	-5.120987e-06	-8.976701e-10	-3.562716e+01	-5.461921e+01
6.960000e-06	-5.138501e-06	-8.940526e-10	-3.574901e+01	-5.453470e+01
6.970000e-06	-5.155579e-06	-8.860661e-10	-3.586782e+01	-5.445160e+01
6.980000e-06	-5.172250e-06	-8.776075e-10	-3.598380e+01	-5.437035e+01
6.990000e-06	-5.188672e-06	-8.725950e-10	-3.609805e+01	-5.429131e+01
7.000000e-06	-5.204854e-06	-8.709543e-10	-3.621063e+01	-5.421476e+01
7.010000e-06	-5.220749e-06	-8.717748e-10	-3.632121e+01	-5.414093e+01
7.020000e-06	-5.236283e-06	-8.743585e-10	-3.642929e+01	-5.406993e+01
7.030000e-06	-5.251298e-06	-8.760559e-10	-3.653374e+01	-5.400184e+01
7.040000e-06	-5.265551e-06	-8.735930e-10	-3.663291e+01	-5.393662e+01
7.050000e-06	-5.279148e-06	-8.691230e-10	-3.672750e+01	-5.387418e+01
7.060000e-06	-5.292333e-06	-8.646189e-10	-3.681923e+01	-5.381438e+01
7.070000e-06	-5.305133e-06	-8.624807e-10	-3.690828e+01	-5.375698e+01
7.080000e-06	-5.317521e-06	-8.649206e-10	-3.699446e+01	-5.370174e+01
7.090000e-06	-5.329556e-06	-8.677673e-10	-3.707819e+01	-5.364835e+01
7.100000e-06	-5.341232e-06	-8.678974e-10	-3.715943e+01	-5.359649e+01
7.110000e-06	-5.352517e-06	-8.667887e-10	-3.723794e+01	-5.354581e+01
7.120000e-06	-5.363428e-06	-8.622325e-10	-3.731385e+01	-5.349598e+01
7.130000e-06	-5.373932e-06	-8.554868e-10	-3.738692e+01	-5.344666e+01
7.140000e-06	-5.384040e-06	-8.506462e-10	-3.745724e+01	-5.339754e+01
7.150000e-06	-5.393795e-06	-8.482171e-10	-3.752511e+01	-5.334835e+01
7.160000e-06	-5.403162e-06	-8.485703e-10	-3.759028e+01	-5.329884e+01
7.170000e-06	-5.412165e-06	-8.484295e-10	-3.765291e+01	-5.324884e+01
7.180000e-06	-5.420834e-06	-8.460682e-10	-3.771322e+01	-5.319821e+01
7.190000e-06	-5.429266e-06	-8.428107e-10	-3.777188e+01	-5.314690e+01
7.200000e-06	-5.437472e-06	-8.394737e-10	-3.782897e+01	-5.309492e+01
7.210000e-06	-5.445349e-06	-8.380205e-10	-3.788378e+01	-5.304234e+01
7.220000e-06	-5.452910e-06	-8.376568e-10	-3.793638e+01	-5.298930e+01
7.230000e-06	-5.460105e-06	-8.373746e-10	-3.798643e+01	-5.293604e+01
7.240000e-06	-5.466695e-06	-8.370529e-10	-3.803228e+01	-5.288281e+01
7.250000e-06	-5.472626e-06	-8.350822e-10	-3.807354e+01	-5.282996e+01
7.260000e-06	-5.477936e-06	-8.314275e-10	-3.811049e+01	-5.277787e+01
7.270000e-06	-5.482730e-06	-8.272591e-10	-3.814384e+01	-5.272697e+01
7.280000e-06	-5.487219e-06	-8.244255e-10	-3.817507e+01	-5.267770e+01
7.290000e-06	-5.491487e-06	-8.232024e-10	-3.820476e+01	-5.263055e+01
7.300000e-06	-5.495531e-06	-8.215080e-10	-3.823290e+01	-5.258598e+01
7.310000e-06	-5.499231e-06	-8.191523e-10	-3.825864e+01	-5.254446e+01
7.320000e-06	-5.502560e-06	-8.158123e-10	-3.828180e+01	-5.250644e+01
7.330000e-06	-5.505443e-06	-8.112322e-10	-3.830186e+01	-5.247231e+01
7.340000e-06	-5.507911e-06	-8.072130e-10	-3.831903e+01	-5.244245e+01
7.350000e-06	-5.510157e-06	-8.053675e-10	-3.833465e+01	-5.241715e+01
7.360000e-06	-5.512106e-06	-8.053387e-10	-3.834821e+01	-5.239665e+01
7.370000e-06	-5.513548e-06	-8.050134e-10	-3.835824e+01	-5.238109e+01
7.380000e-06	-5.514534e-06	-8.045854e-10	-3.836511e+01	-5.237054e+01
7.390000e-06	-5.515216e-06	-8.046460e-10	-3.836985e+01	-5.236497e+01
7.400000e-06	-5.515615e-06	-8.018819e-10	-3.837262e+01	-5.236427e+01
