# Temperatura_=_0.77
# Concentracion g/m^3_=_1620.0
# C_Vs_to_Am_M_A/Vsm_=_65563218390.804596
# pendiente_HvsI_1/m_=_3716.3
# ordenada_HvsI_A/m_=_1297.0
# frecuencia_Hz_=_135102.9658634406

Tiempo_(s)	Campo_(V.s)	Magnetizacion_(V.s)	Campo_(kA/m)	Magnetizacion_(A/m)
0.000000e+00	-5.521958e-06	-1.352302e-09	-3.837602e+01	-8.923547e+01
1.000000e-08	-5.522114e-06	-1.347037e-09	-3.837710e+01	-8.918762e+01
2.000000e-08	-5.522083e-06	-1.343985e-09	-3.837689e+01	-8.914496e+01
3.000000e-08	-5.521719e-06	-1.343132e-09	-3.837436e+01	-8.910784e+01
4.000000e-08	-5.520898e-06	-1.345945e-09	-3.836866e+01	-8.907649e+01
5.000000e-08	-5.519550e-06	-1.351671e-09	-3.835929e+01	-8.905103e+01
6.000000e-08	-5.517661e-06	-1.361354e-09	-3.834616e+01	-8.903148e+01
7.000000e-08	-5.515217e-06	-1.373651e-09	-3.832917e+01	-8.901769e+01
8.000000e-08	-5.512197e-06	-1.370676e-09	-3.830818e+01	-8.900943e+01
9.000000e-08	-5.508721e-06	-1.335673e-09	-3.828403e+01	-8.900631e+01
1.000000e-07	-5.504769e-06	-1.316207e-09	-3.825656e+01	-8.900784e+01
1.100000e-07	-5.500386e-06	-1.367579e-09	-3.822610e+01	-8.901340e+01
1.200000e-07	-5.495758e-06	-1.362732e-09	-3.819394e+01	-8.902228e+01
1.300000e-07	-5.490936e-06	-1.315314e-09	-3.816043e+01	-8.903367e+01
1.400000e-07	-5.485838e-06	-1.309529e-09	-3.812499e+01	-8.904666e+01
1.500000e-07	-5.480350e-06	-1.375294e-09	-3.808686e+01	-8.906031e+01
1.600000e-07	-5.474398e-06	-1.405605e-09	-3.804549e+01	-8.907359e+01
1.700000e-07	-5.468055e-06	-1.334807e-09	-3.800141e+01	-8.908547e+01
1.800000e-07	-5.461407e-06	-1.320028e-09	-3.795521e+01	-8.909489e+01
1.900000e-07	-5.454456e-06	-1.363340e-09	-3.790690e+01	-8.910079e+01
2.000000e-07	-5.447151e-06	-1.389302e-09	-3.785613e+01	-8.910215e+01
2.100000e-07	-5.439442e-06	-1.349512e-09	-3.780256e+01	-8.909796e+01
2.200000e-07	-5.431439e-06	-1.351884e-09	-3.774694e+01	-8.908730e+01
2.300000e-07	-5.423185e-06	-1.386512e-09	-3.768958e+01	-8.906930e+01
2.400000e-07	-5.414559e-06	-1.398232e-09	-3.762963e+01	-8.904320e+01
2.500000e-07	-5.405338e-06	-1.354811e-09	-3.756555e+01	-8.900832e+01
2.600000e-07	-5.395491e-06	-1.340799e-09	-3.749711e+01	-8.896411e+01
2.700000e-07	-5.385033e-06	-1.355724e-09	-3.742443e+01	-8.891014e+01
2.800000e-07	-5.373960e-06	-1.360629e-09	-3.734747e+01	-8.884608e+01
2.900000e-07	-5.362448e-06	-1.341074e-09	-3.726747e+01	-8.877178e+01
3.000000e-07	-5.350570e-06	-1.329291e-09	-3.718492e+01	-8.868720e+01
3.100000e-07	-5.338264e-06	-1.345147e-09	-3.709940e+01	-8.859241e+01
3.200000e-07	-5.325565e-06	-1.359886e-09	-3.701114e+01	-8.848764e+01
3.300000e-07	-5.312527e-06	-1.352571e-09	-3.692054e+01	-8.837325e+01
3.400000e-07	-5.299084e-06	-1.330255e-09	-3.682711e+01	-8.824968e+01
3.500000e-07	-5.285264e-06	-1.344494e-09	-3.673106e+01	-8.811750e+01
3.600000e-07	-5.270955e-06	-1.355088e-09	-3.663162e+01	-8.797737e+01
3.700000e-07	-5.256073e-06	-1.329944e-09	-3.652820e+01	-8.783002e+01
3.800000e-07	-5.240782e-06	-1.320133e-09	-3.642193e+01	-8.767625e+01
3.900000e-07	-5.225100e-06	-1.360106e-09	-3.631294e+01	-8.751692e+01
4.000000e-07	-5.208909e-06	-1.343087e-09	-3.620042e+01	-8.735291e+01
4.100000e-07	-5.192308e-06	-1.304395e-09	-3.608505e+01	-8.718511e+01
4.200000e-07	-5.175371e-06	-1.337535e-09	-3.596734e+01	-8.701443e+01
4.300000e-07	-5.158101e-06	-1.367870e-09	-3.584732e+01	-8.684176e+01
4.400000e-07	-5.140408e-06	-1.301136e-09	-3.572436e+01	-8.666794e+01
4.500000e-07	-5.122289e-06	-1.294391e-09	-3.559844e+01	-8.649378e+01
4.600000e-07	-5.103971e-06	-1.355504e-09	-3.547113e+01	-8.632005e+01
4.700000e-07	-5.085282e-06	-1.328448e-09	-3.534125e+01	-8.614742e+01
4.800000e-07	-5.066112e-06	-1.276141e-09	-3.520802e+01	-8.597650e+01
4.900000e-07	-5.046698e-06	-1.332016e-09	-3.507310e+01	-8.580782e+01
5.000000e-07	-5.027020e-06	-1.341183e-09	-3.493635e+01	-8.564182e+01
5.100000e-07	-5.007017e-06	-1.273491e-09	-3.479733e+01	-8.547882e+01
5.200000e-07	-4.986753e-06	-1.292162e-09	-3.465650e+01	-8.531909e+01
5.300000e-07	-4.966215e-06	-1.334578e-09	-3.451377e+01	-8.516276e+01
5.400000e-07	-4.945349e-06	-1.278040e-09	-3.436875e+01	-8.500991e+01
5.500000e-07	-4.924132e-06	-1.268361e-09	-3.422130e+01	-8.486049e+01
5.600000e-07	-4.902635e-06	-1.326618e-09	-3.407190e+01	-8.471441e+01
5.700000e-07	-4.880771e-06	-1.298526e-09	-3.391995e+01	-8.457148e+01
5.800000e-07	-4.858357e-06	-1.254371e-09	-3.376418e+01	-8.443144e+01
5.900000e-07	-4.835578e-06	-1.294273e-09	-3.360587e+01	-8.429399e+01
6.000000e-07	-4.812599e-06	-1.295292e-09	-3.344618e+01	-8.415877e+01
6.100000e-07	-4.789337e-06	-1.248196e-09	-3.328452e+01	-8.402540e+01
6.200000e-07	-4.765798e-06	-1.269200e-09	-3.312093e+01	-8.389344e+01
6.300000e-07	-4.742057e-06	-1.290351e-09	-3.295594e+01	-8.376248e+01
6.400000e-07	-4.718065e-06	-1.262124e-09	-3.278920e+01	-8.363206e+01
6.500000e-07	-4.693715e-06	-1.266583e-09	-3.261997e+01	-8.350176e+01
6.600000e-07	-4.668948e-06	-1.287272e-09	-3.244785e+01	-8.337114e+01
6.700000e-07	-4.643784e-06	-1.264331e-09	-3.227296e+01	-8.323980e+01
6.800000e-07	-4.618159e-06	-1.256187e-09	-3.209488e+01	-8.310736e+01
6.900000e-07	-4.591913e-06	-1.266224e-09	-3.191247e+01	-8.297348e+01
7.000000e-07	-4.565120e-06	-1.253614e-09	-3.172627e+01	-8.283785e+01
7.100000e-07	-4.537963e-06	-1.245483e-09	-3.153754e+01	-8.270019e+01
7.200000e-07	-4.510536e-06	-1.261979e-09	-3.134693e+01	-8.256026e+01
7.300000e-07	-4.482861e-06	-1.257076e-09	-3.115459e+01	-8.241789e+01
7.400000e-07	-4.454943e-06	-1.249491e-09	-3.096057e+01	-8.227292e+01
7.500000e-07	-4.426802e-06	-1.254526e-09	-3.076500e+01	-8.212522e+01
7.600000e-07	-4.398417e-06	-1.246438e-09	-3.056773e+01	-8.197473e+01
7.700000e-07	-4.369762e-06	-1.229767e-09	-3.036859e+01	-8.182138e+01
7.800000e-07	-4.340855e-06	-1.232793e-09	-3.016769e+01	-8.166515e+01
7.900000e-07	-4.311620e-06	-1.229934e-09	-2.996452e+01	-8.150604e+01
8.000000e-07	-4.282055e-06	-1.219929e-09	-2.975905e+01	-8.134405e+01
8.100000e-07	-4.252187e-06	-1.224725e-09	-2.955148e+01	-8.117920e+01
8.200000e-07	-4.221969e-06	-1.229321e-09	-2.934147e+01	-8.101151e+01
8.300000e-07	-4.191467e-06	-1.215433e-09	-2.912949e+01	-8.084100e+01
8.400000e-07	-4.160759e-06	-1.210007e-09	-2.891608e+01	-8.066768e+01
8.500000e-07	-4.129839e-06	-1.216503e-09	-2.870120e+01	-8.049157e+01
8.600000e-07	-4.098589e-06	-1.213019e-09	-2.848402e+01	-8.031264e+01
8.700000e-07	-4.067058e-06	-1.204693e-09	-2.826489e+01	-8.013087e+01
8.800000e-07	-4.035410e-06	-1.205485e-09	-2.804494e+01	-7.994622e+01
8.900000e-07	-4.003542e-06	-1.202824e-09	-2.782347e+01	-7.975863e+01
9.000000e-07	-3.971374e-06	-1.192045e-09	-2.759991e+01	-7.956800e+01
9.100000e-07	-3.938956e-06	-1.190871e-09	-2.737461e+01	-7.937425e+01
9.200000e-07	-3.906298e-06	-1.192870e-09	-2.714765e+01	-7.917726e+01
9.300000e-07	-3.873320e-06	-1.185098e-09	-2.691846e+01	-7.897689e+01
9.400000e-07	-3.839903e-06	-1.178537e-09	-2.668622e+01	-7.877301e+01
9.500000e-07	-3.806092e-06	-1.182179e-09	-2.645124e+01	-7.856548e+01
9.600000e-07	-3.771892e-06	-1.174889e-09	-2.621356e+01	-7.835414e+01
9.700000e-07	-3.737290e-06	-1.165256e-09	-2.597309e+01	-7.813885e+01
9.800000e-07	-3.702289e-06	-1.163249e-09	-2.572984e+01	-7.791948e+01
9.900000e-07	-3.666868e-06	-1.158643e-09	-2.548368e+01	-7.769591e+01
1.000000e-06	-3.631236e-06	-1.146815e-09	-2.523605e+01	-7.746803e+01
1.010000e-06	-3.595527e-06	-1.142857e-09	-2.498788e+01	-7.723575e+01
1.020000e-06	-3.559661e-06	-1.142597e-09	-2.473862e+01	-7.699900e+01
1.030000e-06	-3.523552e-06	-1.136626e-09	-2.448767e+01	-7.675777e+01
1.040000e-06	-3.487218e-06	-1.132750e-09	-2.423516e+01	-7.651203e+01
1.050000e-06	-3.450683e-06	-1.133291e-09	-2.398125e+01	-7.626182e+01
1.060000e-06	-3.413937e-06	-1.128170e-09	-2.372588e+01	-7.600720e+01
1.070000e-06	-3.376892e-06	-1.120616e-09	-2.346843e+01	-7.574823e+01
1.080000e-06	-3.339540e-06	-1.116199e-09	-2.320885e+01	-7.548505e+01
1.090000e-06	-3.302002e-06	-1.110241e-09	-2.294797e+01	-7.521778e+01
1.100000e-06	-3.264286e-06	-1.100759e-09	-2.268585e+01	-7.494659e+01
1.110000e-06	-3.226362e-06	-1.096726e-09	-2.242229e+01	-7.467164e+01
1.120000e-06	-3.188288e-06	-1.093381e-09	-2.215768e+01	-7.439314e+01
1.130000e-06	-3.149906e-06	-1.086496e-09	-2.189094e+01	-7.411126e+01
1.140000e-06	-3.111162e-06	-1.081781e-09	-2.162168e+01	-7.382621e+01
1.150000e-06	-3.072314e-06	-1.081715e-09	-2.135170e+01	-7.353816e+01
1.160000e-06	-3.033336e-06	-1.080841e-09	-2.108081e+01	-7.324728e+01
1.170000e-06	-2.994094e-06	-1.073492e-09	-2.080809e+01	-7.295372e+01
1.180000e-06	-2.954610e-06	-1.067029e-09	-2.053369e+01	-7.265760e+01
1.190000e-06	-2.914994e-06	-1.063266e-09	-2.025837e+01	-7.235900e+01
1.200000e-06	-2.875231e-06	-1.058922e-09	-1.998203e+01	-7.205796e+01
1.210000e-06	-2.835331e-06	-1.053996e-09	-1.970473e+01	-7.175449e+01
1.220000e-06	-2.795341e-06	-1.050164e-09	-1.942681e+01	-7.144853e+01
1.230000e-06	-2.755252e-06	-1.046736e-09	-1.914821e+01	-7.113999e+01
1.240000e-06	-2.715036e-06	-1.043647e-09	-1.886872e+01	-7.082870e+01
1.250000e-06	-2.674642e-06	-1.039804e-09	-1.858799e+01	-7.051445e+01
1.260000e-06	-2.634079e-06	-1.032905e-09	-1.830609e+01	-7.019699e+01
1.270000e-06	-2.593273e-06	-1.023713e-09	-1.802250e+01	-6.987598e+01
1.280000e-06	-2.552175e-06	-1.014616e-09	-1.773688e+01	-6.955107e+01
1.290000e-06	-2.510697e-06	-1.006422e-09	-1.744862e+01	-6.922184e+01
1.300000e-06	-2.468872e-06	-9.991093e-10	-1.715795e+01	-6.888783e+01
1.310000e-06	-2.426857e-06	-9.923086e-10	-1.686596e+01	-6.854857e+01
1.320000e-06	-2.384515e-06	-9.870101e-10	-1.657169e+01	-6.820353e+01
1.330000e-06	-2.341795e-06	-9.818358e-10	-1.627480e+01	-6.785218e+01
1.340000e-06	-2.298842e-06	-9.758877e-10	-1.597629e+01	-6.749397e+01
1.350000e-06	-2.255665e-06	-9.709332e-10	-1.567623e+01	-6.712835e+01
1.360000e-06	-2.212249e-06	-9.697438e-10	-1.537449e+01	-6.675476e+01
1.370000e-06	-2.168708e-06	-9.659050e-10	-1.507190e+01	-6.637268e+01
1.380000e-06	-2.125123e-06	-9.575035e-10	-1.476900e+01	-6.598158e+01
1.390000e-06	-2.081413e-06	-9.471064e-10	-1.446522e+01	-6.558096e+01
1.400000e-06	-2.037555e-06	-9.364142e-10	-1.416042e+01	-6.517036e+01
1.410000e-06	-1.993616e-06	-9.276362e-10	-1.385506e+01	-6.474936e+01
1.420000e-06	-1.949605e-06	-9.207542e-10	-1.354919e+01	-6.431756e+01
1.430000e-06	-1.905518e-06	-9.154912e-10	-1.324280e+01	-6.387462e+01
1.440000e-06	-1.861379e-06	-9.123124e-10	-1.293605e+01	-6.342024e+01
1.450000e-06	-1.817139e-06	-9.080435e-10	-1.262859e+01	-6.295414e+01
1.460000e-06	-1.772765e-06	-9.008873e-10	-1.232020e+01	-6.247612e+01
1.470000e-06	-1.728303e-06	-8.889941e-10	-1.201121e+01	-6.198597e+01
1.480000e-06	-1.683746e-06	-8.736593e-10	-1.170155e+01	-6.148356e+01
1.490000e-06	-1.639061e-06	-8.581912e-10	-1.139100e+01	-6.096874e+01
1.500000e-06	-1.594183e-06	-8.448968e-10	-1.107911e+01	-6.044141e+01
1.510000e-06	-1.549164e-06	-8.363258e-10	-1.076624e+01	-5.990146e+01
1.520000e-06	-1.504082e-06	-8.307913e-10	-1.045294e+01	-5.934879e+01
1.530000e-06	-1.458952e-06	-8.258781e-10	-1.013930e+01	-5.878329e+01
1.540000e-06	-1.413711e-06	-8.193715e-10	-9.824887e+00	-5.820481e+01
1.550000e-06	-1.368322e-06	-8.108980e-10	-9.509448e+00	-5.761320e+01
1.560000e-06	-1.322831e-06	-8.003681e-10	-9.193295e+00	-5.700825e+01
1.570000e-06	-1.277208e-06	-7.884969e-10	-8.876228e+00	-5.638968e+01
1.580000e-06	-1.231458e-06	-7.766347e-10	-8.558282e+00	-5.575717e+01
1.590000e-06	-1.185651e-06	-7.665375e-10	-8.239932e+00	-5.511033e+01
1.600000e-06	-1.139776e-06	-7.569459e-10	-7.921119e+00	-5.444869e+01
1.610000e-06	-1.093834e-06	-7.479902e-10	-7.601835e+00	-5.377166e+01
1.620000e-06	-1.047792e-06	-7.410169e-10	-7.281851e+00	-5.307862e+01
1.630000e-06	-1.001629e-06	-7.354047e-10	-6.961032e+00	-5.236880e+01
1.640000e-06	-9.554257e-07	-7.281428e-10	-6.639934e+00	-5.164137e+01
1.650000e-06	-9.091600e-07	-7.165518e-10	-6.318400e+00	-5.089539e+01
1.660000e-06	-8.628712e-07	-7.012939e-10	-5.996707e+00	-5.012984e+01
1.670000e-06	-8.165281e-07	-6.843495e-10	-5.674636e+00	-4.934360e+01
1.680000e-06	-7.701286e-07	-6.679005e-10	-5.352172e+00	-4.853549e+01
1.690000e-06	-7.237437e-07	-6.544902e-10	-5.029811e+00	-4.770425e+01
1.700000e-06	-6.773086e-07	-6.425572e-10	-4.707100e+00	-4.684855e+01
1.710000e-06	-6.307487e-07	-6.306851e-10	-4.383522e+00	-4.596704e+01
1.720000e-06	-5.840391e-07	-6.187507e-10	-4.058904e+00	-4.505831e+01
1.730000e-06	-5.373300e-07	-6.043600e-10	-3.734289e+00	-4.412095e+01
1.740000e-06	-4.906105e-07	-5.869951e-10	-3.409602e+00	-4.315356e+01
1.750000e-06	-4.438384e-07	-5.677635e-10	-3.084549e+00	-4.215474e+01
1.760000e-06	-3.970314e-07	-5.475458e-10	-2.759254e+00	-4.112314e+01
1.770000e-06	-3.502337e-07	-5.281207e-10	-2.434023e+00	-4.005746e+01
1.780000e-06	-3.034887e-07	-5.111421e-10	-2.109159e+00	-3.895647e+01
1.790000e-06	-2.566740e-07	-4.974473e-10	-1.783810e+00	-3.781906e+01
1.800000e-06	-2.097352e-07	-4.837435e-10	-1.457599e+00	-3.664419e+01
1.810000e-06	-1.627164e-07	-4.674725e-10	-1.130832e+00	-3.543098e+01
1.820000e-06	-1.157864e-07	-4.485111e-10	-8.046824e-01	-3.417868e+01
1.830000e-06	-6.898495e-08	-4.276198e-10	-4.794256e-01	-3.288672e+01
1.840000e-06	-2.219075e-08	-4.077257e-10	-1.542193e-01	-3.155468e+01
1.850000e-06	2.465248e-08	-3.896793e-10	1.713276e-01	-3.018233e+01
1.860000e-06	7.146316e-08	-3.723807e-10	4.966484e-01	-2.876964e+01
1.870000e-06	1.182429e-07	-3.534714e-10	8.217544e-01	-2.731676e+01
1.880000e-06	1.650604e-07	-3.321050e-10	1.147122e+00	-2.582407e+01
1.890000e-06	2.120367e-07	-3.087382e-10	1.473594e+00	-2.429214e+01
1.900000e-06	2.591282e-07	-2.844182e-10	1.800867e+00	-2.272175e+01
1.910000e-06	3.060596e-07	-2.592110e-10	2.127026e+00	-2.111390e+01
1.920000e-06	3.527552e-07	-2.342945e-10	2.451547e+00	-1.946978e+01
1.930000e-06	3.993611e-07	-2.107411e-10	2.775445e+00	-1.779076e+01
1.940000e-06	4.460420e-07	-1.891309e-10	3.099864e+00	-1.607843e+01
1.950000e-06	4.927409e-07	-1.679654e-10	3.424408e+00	-1.433453e+01
1.960000e-06	5.393305e-07	-1.453050e-10	3.748192e+00	-1.256097e+01
1.970000e-06	5.858149e-07	-1.208102e-10	4.071245e+00	-1.075984e+01
1.980000e-06	6.323074e-07	-9.541304e-11	4.394355e+00	-8.933318e+00
1.990000e-06	6.788112e-07	-6.921350e-11	4.717543e+00	-7.083744e+00
2.000000e-06	7.252742e-07	-4.174318e-11	5.040447e+00	-5.213548e+00
2.010000e-06	7.717631e-07	-1.472362e-11	5.363531e+00	-3.325251e+00
2.020000e-06	8.181711e-07	1.217261e-11	5.686054e+00	-1.421443e+00
2.030000e-06	8.643980e-07	3.985795e-11	6.007318e+00	4.952292e-01
2.040000e-06	9.105228e-07	6.738196e-11	6.327872e+00	2.422084e+00
2.050000e-06	9.566306e-07	9.373637e-11	6.648308e+00	4.356420e+00
2.060000e-06	1.002779e-06	1.203927e-10	6.969025e+00	6.295534e+00
2.070000e-06	1.048895e-06	1.484561e-10	7.289522e+00	8.236735e+00
2.080000e-06	1.094855e-06	1.776724e-10	7.608927e+00	1.017736e+01
2.090000e-06	1.140715e-06	2.061834e-10	7.927639e+00	1.211480e+01
2.100000e-06	1.186541e-06	2.344343e-10	8.246119e+00	1.404649e+01
2.110000e-06	1.232218e-06	2.628272e-10	8.563559e+00	1.596993e+01
2.120000e-06	1.277783e-06	2.901953e-10	8.880221e+00	1.788273e+01
2.130000e-06	1.323296e-06	3.171416e-10	9.196526e+00	1.978254e+01
2.140000e-06	1.368676e-06	3.419891e-10	9.511902e+00	2.166717e+01
2.150000e-06	1.413978e-06	3.635928e-10	9.826742e+00	2.353448e+01
2.160000e-06	1.459180e-06	3.860319e-10	1.014088e+01	2.538250e+01
2.170000e-06	1.504255e-06	4.107049e-10	1.045414e+01	2.720932e+01
2.180000e-06	1.549221e-06	4.363148e-10	1.076664e+01	2.901320e+01
2.190000e-06	1.594031e-06	4.632920e-10	1.107805e+01	3.079251e+01
2.200000e-06	1.638725e-06	4.902410e-10	1.138867e+01	3.254574e+01
2.210000e-06	1.683290e-06	5.159312e-10	1.169838e+01	3.427153e+01
2.220000e-06	1.727732e-06	5.406806e-10	1.200724e+01	3.596863e+01
2.230000e-06	1.772046e-06	5.638094e-10	1.231521e+01	3.763593e+01
2.240000e-06	1.816313e-06	5.848737e-10	1.262285e+01	3.927246e+01
2.250000e-06	1.860536e-06	6.046269e-10	1.293019e+01	4.087736e+01
2.260000e-06	1.904623e-06	6.239153e-10	1.323658e+01	4.244989e+01
2.270000e-06	1.948635e-06	6.429051e-10	1.354245e+01	4.398945e+01
2.280000e-06	1.992576e-06	6.632668e-10	1.384783e+01	4.549555e+01
2.290000e-06	2.036435e-06	6.852516e-10	1.415264e+01	4.696780e+01
2.300000e-06	2.080250e-06	7.066062e-10	1.445714e+01	4.840593e+01
2.310000e-06	2.123992e-06	7.263814e-10	1.476113e+01	4.980979e+01
2.320000e-06	2.167629e-06	7.436524e-10	1.506440e+01	5.117928e+01
2.330000e-06	2.211139e-06	7.596890e-10	1.536678e+01	5.251444e+01
2.340000e-06	2.254446e-06	7.759827e-10	1.566775e+01	5.381538e+01
2.350000e-06	2.297518e-06	7.936383e-10	1.596709e+01	5.508226e+01
2.360000e-06	2.340292e-06	8.123203e-10	1.626436e+01	5.631536e+01
2.370000e-06	2.382757e-06	8.304499e-10	1.655948e+01	5.751500e+01
2.380000e-06	2.425001e-06	8.472101e-10	1.685306e+01	5.868154e+01
2.390000e-06	2.467003e-06	8.643102e-10	1.714496e+01	5.981543e+01
2.400000e-06	2.508692e-06	8.811406e-10	1.743469e+01	6.091714e+01
2.410000e-06	2.550033e-06	8.988461e-10	1.772200e+01	6.198718e+01
2.420000e-06	2.591043e-06	9.130743e-10	1.800701e+01	6.302608e+01
2.430000e-06	2.631777e-06	9.224000e-10	1.829010e+01	6.403441e+01
2.440000e-06	2.672360e-06	9.320501e-10	1.857214e+01	6.501275e+01
2.450000e-06	2.712803e-06	9.425701e-10	1.885320e+01	6.596169e+01
2.460000e-06	2.753039e-06	9.562931e-10	1.913283e+01	6.688181e+01
2.470000e-06	2.793084e-06	9.693689e-10	1.941113e+01	6.777370e+01
2.480000e-06	2.832970e-06	9.815322e-10	1.968832e+01	6.863794e+01
2.490000e-06	2.872791e-06	9.926526e-10	1.996507e+01	6.947511e+01
2.500000e-06	2.912544e-06	1.003177e-09	2.024134e+01	7.028576e+01
2.510000e-06	2.952124e-06	1.012347e-09	2.051641e+01	7.107041e+01
2.520000e-06	2.991494e-06	1.022951e-09	2.079002e+01	7.182959e+01
2.530000e-06	3.030648e-06	1.034094e-09	2.106213e+01	7.256380e+01
2.540000e-06	3.069537e-06	1.043063e-09	2.133240e+01	7.327350e+01
2.550000e-06	3.108202e-06	1.051206e-09	2.160111e+01	7.395913e+01
2.560000e-06	3.146718e-06	1.058905e-09	2.186879e+01	7.462115e+01
2.570000e-06	3.185005e-06	1.067186e-09	2.213487e+01	7.525994e+01
2.580000e-06	3.223037e-06	1.074418e-09	2.239918e+01	7.587591e+01
2.590000e-06	3.260902e-06	1.081029e-09	2.266233e+01	7.646945e+01
2.600000e-06	3.298573e-06	1.089006e-09	2.292413e+01	7.704092e+01
2.610000e-06	3.336021e-06	1.095915e-09	2.318439e+01	7.759071e+01
2.620000e-06	3.373231e-06	1.105562e-09	2.344298e+01	7.811919e+01
2.630000e-06	3.410150e-06	1.116433e-09	2.369956e+01	7.862674e+01
2.640000e-06	3.446835e-06	1.126348e-09	2.395451e+01	7.911376e+01
2.650000e-06	3.483237e-06	1.134659e-09	2.420750e+01	7.958066e+01
2.660000e-06	3.519373e-06	1.140734e-09	2.445863e+01	8.002789e+01
2.670000e-06	3.555406e-06	1.145111e-09	2.470905e+01	8.045590e+01
2.680000e-06	3.591339e-06	1.148514e-09	2.495878e+01	8.086521e+01
2.690000e-06	3.627135e-06	1.152550e-09	2.520755e+01	8.125635e+01
2.700000e-06	3.662743e-06	1.157997e-09	2.545501e+01	8.162991e+01
2.710000e-06	3.698168e-06	1.166159e-09	2.570120e+01	8.198650e+01
2.720000e-06	3.733347e-06	1.176558e-09	2.594569e+01	8.232680e+01
2.730000e-06	3.768195e-06	1.187563e-09	2.618787e+01	8.265151e+01
2.740000e-06	3.802631e-06	1.194229e-09	2.642719e+01	8.296139e+01
2.750000e-06	3.836630e-06	1.197087e-09	2.666347e+01	8.325723e+01
2.760000e-06	3.870210e-06	1.195627e-09	2.689685e+01	8.353988e+01
2.770000e-06	3.903215e-06	1.194542e-09	2.712622e+01	8.381018e+01
2.780000e-06	3.935723e-06	1.198540e-09	2.735214e+01	8.406905e+01
2.790000e-06	3.968049e-06	1.207996e-09	2.757680e+01	8.431738e+01
2.800000e-06	4.000170e-06	1.220492e-09	2.780003e+01	8.455611e+01
2.810000e-06	4.032009e-06	1.230400e-09	2.802130e+01	8.478616e+01
2.820000e-06	4.063748e-06	1.234920e-09	2.824188e+01	8.500845e+01
2.830000e-06	4.095383e-06	1.236747e-09	2.846174e+01	8.522390e+01
2.840000e-06	4.126692e-06	1.236515e-09	2.867932e+01	8.543337e+01
2.850000e-06	4.157715e-06	1.236786e-09	2.889493e+01	8.563772e+01
2.860000e-06	4.188469e-06	1.235772e-09	2.910865e+01	8.583773e+01
2.870000e-06	4.218903e-06	1.238881e-09	2.932016e+01	8.603415e+01
2.880000e-06	4.249017e-06	1.246915e-09	2.952945e+01	8.622764e+01
2.890000e-06	4.278816e-06	1.253904e-09	2.973654e+01	8.641880e+01
2.900000e-06	4.308325e-06	1.257757e-09	2.994162e+01	8.660814e+01
2.910000e-06	4.337517e-06	1.258538e-09	3.014450e+01	8.679608e+01
2.920000e-06	4.366472e-06	1.260304e-09	3.034573e+01	8.698296e+01
2.930000e-06	4.395221e-06	1.261525e-09	3.054552e+01	8.716900e+01
2.940000e-06	4.423607e-06	1.264586e-09	3.074280e+01	8.735433e+01
2.950000e-06	4.451686e-06	1.268554e-09	3.093794e+01	8.753898e+01
2.960000e-06	4.479638e-06	1.272252e-09	3.113219e+01	8.772288e+01
2.970000e-06	4.507437e-06	1.276108e-09	3.132539e+01	8.790586e+01
2.980000e-06	4.535082e-06	1.280926e-09	3.151752e+01	8.808768e+01
2.990000e-06	4.562446e-06	1.286826e-09	3.170769e+01	8.826798e+01
3.000000e-06	4.589341e-06	1.291804e-09	3.189460e+01	8.844636e+01
3.010000e-06	4.615766e-06	1.294212e-09	3.207825e+01	8.862233e+01
3.020000e-06	4.641603e-06	1.295609e-09	3.225781e+01	8.879536e+01
3.030000e-06	4.666881e-06	1.297431e-09	3.243348e+01	8.896488e+01
3.040000e-06	4.691732e-06	1.298449e-09	3.260619e+01	8.913027e+01
3.050000e-06	4.716087e-06	1.300544e-09	3.277545e+01	8.929092e+01
3.060000e-06	4.740086e-06	1.304982e-09	3.294224e+01	8.944620e+01
3.070000e-06	4.763909e-06	1.309607e-09	3.310780e+01	8.959550e+01
3.080000e-06	4.787505e-06	1.313896e-09	3.327179e+01	8.973824e+01
3.090000e-06	4.810672e-06	1.316673e-09	3.343279e+01	8.987387e+01
3.100000e-06	4.833422e-06	1.318157e-09	3.359090e+01	9.000189e+01
3.110000e-06	4.855884e-06	1.319757e-09	3.374700e+01	9.012187e+01
3.120000e-06	4.878076e-06	1.322991e-09	3.390123e+01	9.023345e+01
3.130000e-06	4.899960e-06	1.329088e-09	3.405331e+01	9.033635e+01
3.140000e-06	4.921519e-06	1.335452e-09	3.420314e+01	9.043038e+01
3.150000e-06	4.942742e-06	1.340418e-09	3.435063e+01	9.051542e+01
3.160000e-06	4.963583e-06	1.340916e-09	3.449548e+01	9.059147e+01
3.170000e-06	4.984102e-06	1.337701e-09	3.463807e+01	9.065862e+01
3.180000e-06	5.004318e-06	1.335435e-09	3.477857e+01	9.071704e+01
3.190000e-06	5.024274e-06	1.336073e-09	3.491726e+01	9.076700e+01
3.200000e-06	5.044060e-06	1.339538e-09	3.505477e+01	9.080885e+01
3.210000e-06	5.063634e-06	1.345319e-09	3.519080e+01	9.084301e+01
3.220000e-06	5.082871e-06	1.350277e-09	3.532449e+01	9.086999e+01
3.230000e-06	5.101639e-06	1.351647e-09	3.545492e+01	9.089033e+01
3.240000e-06	5.120028e-06	1.350496e-09	3.558272e+01	9.090463e+01
3.250000e-06	5.138088e-06	1.348944e-09	3.570823e+01	9.091352e+01
3.260000e-06	5.155733e-06	1.347368e-09	3.583086e+01	9.091765e+01
3.270000e-06	5.172941e-06	1.347336e-09	3.595045e+01	9.091768e+01
3.280000e-06	5.189752e-06	1.349413e-09	3.606728e+01	9.091426e+01
3.290000e-06	5.206258e-06	1.352353e-09	3.618200e+01	9.090801e+01
3.300000e-06	5.222335e-06	1.355503e-09	3.629373e+01	9.089954e+01
3.310000e-06	5.238033e-06	1.358081e-09	3.640282e+01	9.088938e+01
3.320000e-06	5.253399e-06	1.358623e-09	3.650961e+01	9.087803e+01
3.330000e-06	5.268261e-06	1.357820e-09	3.661290e+01	9.086593e+01
3.340000e-06	5.282672e-06	1.357175e-09	3.671305e+01	9.085342e+01
3.350000e-06	5.296708e-06	1.357021e-09	3.681060e+01	9.084078e+01
3.360000e-06	5.310406e-06	1.359036e-09	3.690580e+01	9.082821e+01
3.370000e-06	5.323752e-06	1.362421e-09	3.699854e+01	9.081582e+01
3.380000e-06	5.336676e-06	1.363743e-09	3.708836e+01	9.080364e+01
3.390000e-06	5.349198e-06	1.363527e-09	3.717539e+01	9.079161e+01
3.400000e-06	5.361355e-06	1.364598e-09	3.725988e+01	9.077960e+01
3.410000e-06	5.373171e-06	1.367829e-09	3.734199e+01	9.076742e+01
3.420000e-06	5.384582e-06	1.371278e-09	3.742130e+01	9.075480e+01
3.430000e-06	5.395547e-06	1.374443e-09	3.749750e+01	9.074143e+01
3.440000e-06	5.406037e-06	1.376197e-09	3.757040e+01	9.072696e+01
3.450000e-06	5.415920e-06	1.376229e-09	3.763909e+01	9.071102e+01
3.460000e-06	5.425134e-06	1.376280e-09	3.770312e+01	9.069320e+01
3.470000e-06	5.433758e-06	1.376151e-09	3.776306e+01	9.067312e+01
3.480000e-06	5.441970e-06	1.375632e-09	3.782013e+01	9.065038e+01
3.490000e-06	5.449927e-06	1.376108e-09	3.787542e+01	9.062464e+01
3.500000e-06	5.457612e-06	1.378703e-09	3.792884e+01	9.059558e+01
3.510000e-06	5.464967e-06	1.381819e-09	3.797995e+01	9.056293e+01
3.520000e-06	5.471957e-06	1.382974e-09	3.802853e+01	9.052649e+01
3.530000e-06	5.478531e-06	1.382463e-09	3.807422e+01	9.048613e+01
3.540000e-06	5.484764e-06	1.381833e-09	3.811753e+01	9.044180e+01
3.550000e-06	5.490686e-06	1.381107e-09	3.815869e+01	9.039353e+01
3.560000e-06	5.496226e-06	1.380644e-09	3.819719e+01	9.034143e+01
3.570000e-06	5.501367e-06	1.379991e-09	3.823292e+01	9.028574e+01
3.580000e-06	5.506057e-06	1.379753e-09	3.826551e+01	9.022673e+01
3.590000e-06	5.510412e-06	1.381306e-09	3.829578e+01	9.016481e+01
3.600000e-06	5.514631e-06	1.384390e-09	3.832510e+01	9.010043e+01
3.610000e-06	5.518633e-06	1.386823e-09	3.835291e+01	9.003414e+01
3.620000e-06	5.522321e-06	1.388476e-09	3.837854e+01	8.996655e+01
3.630000e-06	5.525628e-06	1.389512e-09	3.840152e+01	8.989831e+01
3.640000e-06	5.528431e-06	1.388406e-09	3.842101e+01	8.983011e+01
3.650000e-06	5.530672e-06	1.387490e-09	3.843658e+01	8.976267e+01
3.660000e-06	5.532315e-06	1.388135e-09	3.844800e+01	8.969672e+01
3.670000e-06	5.533314e-06	1.387027e-09	3.845494e+01	8.963298e+01
3.680000e-06	5.533828e-06	1.386562e-09	3.845851e+01	8.957216e+01
3.690000e-06	5.534042e-06	1.388218e-09	3.846000e+01	8.951490e+01
3.700000e-06	5.533966e-06	1.389275e-09	3.845947e+01	8.946182e+01
3.710000e-06	5.533639e-06	1.390539e-09	3.845720e+01	8.941344e+01
3.720000e-06	5.533034e-06	1.390737e-09	3.845299e+01	8.937022e+01
3.730000e-06	5.532073e-06	1.388942e-09	3.844632e+01	8.933251e+01
3.740000e-06	5.530704e-06	1.384778e-09	3.843680e+01	8.930056e+01
3.750000e-06	5.528888e-06	1.376863e-09	3.842418e+01	8.927449e+01
3.760000e-06	5.526747e-06	1.365701e-09	3.840930e+01	8.925434e+01
3.770000e-06	5.524319e-06	1.353280e-09	3.839243e+01	8.923996e+01
3.780000e-06	5.521403e-06	1.375025e-09	3.837216e+01	8.923114e+01
3.790000e-06	5.518033e-06	1.416618e-09	3.834874e+01	8.922749e+01
3.800000e-06	5.514304e-06	1.374640e-09	3.832282e+01	8.922854e+01
3.810000e-06	5.510228e-06	1.350120e-09	3.829450e+01	8.923368e+01
3.820000e-06	5.505897e-06	1.410061e-09	3.826440e+01	8.924220e+01
3.830000e-06	5.501266e-06	1.449321e-09	3.823222e+01	8.925329e+01
3.840000e-06	5.496160e-06	1.423961e-09	3.819673e+01	8.926608e+01
3.850000e-06	5.490596e-06	1.356020e-09	3.815806e+01	8.927959e+01
3.860000e-06	5.484599e-06	1.393522e-09	3.811638e+01	8.929283e+01
3.870000e-06	5.478111e-06	1.450440e-09	3.807130e+01	8.930475e+01
3.880000e-06	5.471211e-06	1.394385e-09	3.802335e+01	8.931431e+01
3.890000e-06	5.463839e-06	1.307294e-09	3.797211e+01	8.932043e+01
3.900000e-06	5.455974e-06	1.362898e-09	3.791745e+01	8.932208e+01
3.910000e-06	5.447722e-06	1.458142e-09	3.786010e+01	8.931828e+01
3.920000e-06	5.439177e-06	1.383895e-09	3.780072e+01	8.930808e+01
3.930000e-06	5.430380e-06	1.290575e-09	3.773958e+01	8.929061e+01
3.940000e-06	5.421188e-06	1.342715e-09	3.767570e+01	8.926510e+01
3.950000e-06	5.411622e-06	1.421850e-09	3.760922e+01	8.923086e+01
3.960000e-06	5.401773e-06	1.359476e-09	3.754077e+01	8.918733e+01
3.970000e-06	5.391497e-06	1.315104e-09	3.746935e+01	8.913407e+01
3.980000e-06	5.380760e-06	1.374062e-09	3.739474e+01	8.907075e+01
3.990000e-06	5.369658e-06	1.403825e-09	3.731758e+01	8.899719e+01
4.000000e-06	5.358235e-06	1.340149e-09	3.723819e+01	8.891334e+01
4.010000e-06	5.346355e-06	1.324656e-09	3.715563e+01	8.881929e+01
4.020000e-06	5.333907e-06	1.370206e-09	3.706912e+01	8.871523e+01
4.030000e-06	5.321049e-06	1.386456e-09	3.697976e+01	8.860150e+01
4.040000e-06	5.307836e-06	1.350723e-09	3.688793e+01	8.847856e+01
4.050000e-06	5.294071e-06	1.342088e-09	3.679227e+01	8.834696e+01
4.060000e-06	5.279802e-06	1.376735e-09	3.669311e+01	8.820735e+01
4.070000e-06	5.265080e-06	1.394864e-09	3.659079e+01	8.806046e+01
4.080000e-06	5.249717e-06	1.349863e-09	3.648402e+01	8.790708e+01
4.090000e-06	5.233837e-06	1.325147e-09	3.637366e+01	8.774807e+01
4.100000e-06	5.217691e-06	1.393034e-09	3.626145e+01	8.758430e+01
4.110000e-06	5.201380e-06	1.409605e-09	3.614810e+01	8.741667e+01
4.120000e-06	5.184699e-06	1.319874e-09	3.603217e+01	8.724608e+01
4.130000e-06	5.167595e-06	1.314013e-09	3.591330e+01	8.707343e+01
4.140000e-06	5.150211e-06	1.409417e-09	3.579249e+01	8.689955e+01
4.150000e-06	5.132472e-06	1.359892e-09	3.566920e+01	8.672528e+01
4.160000e-06	5.114348e-06	1.273468e-09	3.554325e+01	8.655137e+01
4.170000e-06	5.095887e-06	1.359653e-09	3.541495e+01	8.637851e+01
4.180000e-06	5.077055e-06	1.404269e-09	3.528407e+01	8.620732e+01
4.190000e-06	5.057841e-06	1.281006e-09	3.515054e+01	8.603832e+01
4.200000e-06	5.038368e-06	1.300357e-09	3.501521e+01	8.587196e+01
4.210000e-06	5.018655e-06	1.403146e-09	3.487821e+01	8.570859e+01
4.220000e-06	4.998717e-06	1.319868e-09	3.473965e+01	8.554846e+01
4.230000e-06	4.978530e-06	1.263230e-09	3.459935e+01	8.539174e+01
4.240000e-06	4.958007e-06	1.377659e-09	3.445673e+01	8.523848e+01
4.250000e-06	4.937045e-06	1.357526e-09	3.431105e+01	8.508867e+01
4.260000e-06	4.915502e-06	1.265249e-09	3.416133e+01	8.494220e+01
4.270000e-06	4.893478e-06	1.340656e-09	3.400827e+01	8.479890e+01
4.280000e-06	4.870970e-06	1.371153e-09	3.385184e+01	8.465852e+01
4.290000e-06	4.847862e-06	1.270216e-09	3.369125e+01	8.452075e+01
4.300000e-06	4.824377e-06	1.301585e-09	3.352804e+01	8.438525e+01
4.310000e-06	4.800648e-06	1.362642e-09	3.336313e+01	8.425162e+01
4.320000e-06	4.776650e-06	1.287578e-09	3.319635e+01	8.411945e+01
4.330000e-06	4.752370e-06	1.275173e-09	3.302761e+01	8.398830e+01
4.340000e-06	4.727789e-06	1.340026e-09	3.285678e+01	8.385774e+01
4.350000e-06	4.702887e-06	1.307381e-09	3.268372e+01	8.372733e+01
4.360000e-06	4.677669e-06	1.277990e-09	3.250846e+01	8.359664e+01
4.370000e-06	4.652154e-06	1.320521e-09	3.233113e+01	8.346526e+01
4.380000e-06	4.626320e-06	1.305000e-09	3.215159e+01	8.333282e+01
4.390000e-06	4.600145e-06	1.272080e-09	3.196969e+01	8.319895e+01
4.400000e-06	4.573565e-06	1.294384e-09	3.178496e+01	8.306336e+01
4.410000e-06	4.546599e-06	1.293539e-09	3.159756e+01	8.292576e+01
4.420000e-06	4.519369e-06	1.275209e-09	3.140831e+01	8.278593e+01
4.430000e-06	4.491900e-06	1.293014e-09	3.121741e+01	8.264365e+01
4.440000e-06	4.464141e-06	1.292001e-09	3.102450e+01	8.249878e+01
4.450000e-06	4.436184e-06	1.274068e-09	3.083020e+01	8.235120e+01
4.460000e-06	4.408131e-06	1.280841e-09	3.063525e+01	8.220083e+01
4.470000e-06	4.379881e-06	1.276071e-09	3.043891e+01	8.204761e+01
4.480000e-06	4.351218e-06	1.251366e-09	3.023971e+01	8.189151e+01
4.490000e-06	4.322136e-06	1.255915e-09	3.003760e+01	8.173252e+01
4.500000e-06	4.292706e-06	1.264468e-09	2.983307e+01	8.157065e+01
4.510000e-06	4.262853e-06	1.253254e-09	2.962560e+01	8.140592e+01
4.520000e-06	4.232470e-06	1.250489e-09	2.941445e+01	8.123835e+01
4.530000e-06	4.201549e-06	1.260469e-09	2.919956e+01	8.106797e+01
4.540000e-06	4.170243e-06	1.248836e-09	2.898199e+01	8.089477e+01
4.550000e-06	4.138672e-06	1.235820e-09	2.876258e+01	8.071877e+01
4.560000e-06	4.106855e-06	1.243244e-09	2.854146e+01	8.053997e+01
4.570000e-06	4.074848e-06	1.242775e-09	2.831903e+01	8.035832e+01
4.580000e-06	4.042651e-06	1.225916e-09	2.809526e+01	8.017380e+01
4.590000e-06	4.010246e-06	1.226999e-09	2.787006e+01	7.998634e+01
4.600000e-06	3.977582e-06	1.239091e-09	2.764305e+01	7.979586e+01
4.610000e-06	3.944598e-06	1.233116e-09	2.741382e+01	7.960226e+01
4.620000e-06	3.911355e-06	1.227866e-09	2.718280e+01	7.940543e+01
4.630000e-06	3.877827e-06	1.237035e-09	2.694979e+01	7.920523e+01
4.640000e-06	3.844063e-06	1.229913e-09	2.671513e+01	7.900153e+01
4.650000e-06	3.810092e-06	1.213996e-09	2.647904e+01	7.879419e+01
4.660000e-06	3.775819e-06	1.216056e-09	2.624086e+01	7.858306e+01
4.670000e-06	3.741227e-06	1.217097e-09	2.600045e+01	7.836800e+01
4.680000e-06	3.706354e-06	1.207499e-09	2.575810e+01	7.814886e+01
4.690000e-06	3.671215e-06	1.210257e-09	2.551389e+01	7.792553e+01
4.700000e-06	3.635833e-06	1.217747e-09	2.526800e+01	7.769790e+01
4.710000e-06	3.600245e-06	1.209551e-09	2.502067e+01	7.746587e+01
4.720000e-06	3.564524e-06	1.202311e-09	2.477241e+01	7.722939e+01
4.730000e-06	3.528674e-06	1.203531e-09	2.452327e+01	7.698841e+01
4.740000e-06	3.492602e-06	1.199068e-09	2.427258e+01	7.674294e+01
4.750000e-06	3.456348e-06	1.191922e-09	2.402062e+01	7.649298e+01
4.760000e-06	3.419894e-06	1.194075e-09	2.376728e+01	7.623861e+01
4.770000e-06	3.383217e-06	1.194785e-09	2.351239e+01	7.597989e+01
4.780000e-06	3.346336e-06	1.188404e-09	2.325607e+01	7.571694e+01
4.790000e-06	3.309171e-06	1.184258e-09	2.299778e+01	7.544989e+01
4.800000e-06	3.271590e-06	1.184727e-09	2.273661e+01	7.517890e+01
4.810000e-06	3.233561e-06	1.179867e-09	2.247232e+01	7.490415e+01
4.820000e-06	3.195147e-06	1.175965e-09	2.220535e+01	7.462582e+01
4.830000e-06	3.156281e-06	1.175628e-09	2.193525e+01	7.434410e+01
4.840000e-06	3.117059e-06	1.171624e-09	2.166266e+01	7.405919e+01
4.850000e-06	3.077585e-06	1.164616e-09	2.138833e+01	7.377127e+01
4.860000e-06	3.037927e-06	1.161079e-09	2.111272e+01	7.348050e+01
4.870000e-06	2.998189e-06	1.158063e-09	2.083655e+01	7.318705e+01
4.880000e-06	2.958329e-06	1.151948e-09	2.055953e+01	7.289102e+01
4.890000e-06	2.918333e-06	1.146843e-09	2.028158e+01	7.259251e+01
4.900000e-06	2.878204e-06	1.143365e-09	2.000269e+01	7.229156e+01
4.910000e-06	2.837932e-06	1.137856e-09	1.972281e+01	7.198818e+01
4.920000e-06	2.797527e-06	1.133665e-09	1.944201e+01	7.168232e+01
4.930000e-06	2.756948e-06	1.131753e-09	1.915999e+01	7.137388e+01
4.940000e-06	2.716180e-06	1.129331e-09	1.887667e+01	7.106272e+01
4.950000e-06	2.675196e-06	1.125023e-09	1.859185e+01	7.074861e+01
4.960000e-06	2.633953e-06	1.120758e-09	1.830521e+01	7.043131e+01
4.970000e-06	2.592446e-06	1.117698e-09	1.801676e+01	7.011050e+01
4.980000e-06	2.550825e-06	1.113340e-09	1.772750e+01	6.978581e+01
4.990000e-06	2.509128e-06	1.106130e-09	1.743772e+01	6.945684e+01
5.000000e-06	2.467227e-06	1.098423e-09	1.714652e+01	6.912314e+01
5.010000e-06	2.425132e-06	1.094124e-09	1.685397e+01	6.878422e+01
5.020000e-06	2.382871e-06	1.090804e-09	1.656027e+01	6.843957e+01
5.030000e-06	2.340442e-06	1.087194e-09	1.626540e+01	6.808865e+01
5.040000e-06	2.297866e-06	1.084474e-09	1.596951e+01	6.773092e+01
5.050000e-06	2.255137e-06	1.081866e-09	1.567255e+01	6.736582e+01
5.060000e-06	2.212278e-06	1.076631e-09	1.537470e+01	6.699281e+01
5.070000e-06	2.169281e-06	1.069807e-09	1.507588e+01	6.661134e+01
5.080000e-06	2.126084e-06	1.062713e-09	1.477567e+01	6.622089e+01
5.090000e-06	2.082682e-06	1.053383e-09	1.447404e+01	6.582097e+01
5.100000e-06	2.039126e-06	1.044379e-09	1.417134e+01	6.541111e+01
5.110000e-06	1.995508e-06	1.040262e-09	1.386821e+01	6.499088e+01
5.120000e-06	1.951790e-06	1.036371e-09	1.356438e+01	6.455988e+01
5.130000e-06	1.907984e-06	1.031264e-09	1.325994e+01	6.411776e+01
5.140000e-06	1.864094e-06	1.024622e-09	1.295492e+01	6.366423e+01
5.150000e-06	1.820095e-06	1.016378e-09	1.264914e+01	6.319900e+01
5.160000e-06	1.776060e-06	1.007716e-09	1.234311e+01	6.272187e+01
5.170000e-06	1.732017e-06	1.002080e-09	1.203702e+01	6.223262e+01
5.180000e-06	1.687950e-06	9.954687e-10	1.173077e+01	6.173112e+01
5.190000e-06	1.643750e-06	9.871779e-10	1.142359e+01	6.121723e+01
5.200000e-06	1.599408e-06	9.774008e-10	1.111542e+01	6.069083e+01
5.210000e-06	1.554949e-06	9.670001e-10	1.080645e+01	6.015182e+01
5.220000e-06	1.510356e-06	9.597935e-10	1.049654e+01	5.960010e+01
5.230000e-06	1.465736e-06	9.554340e-10	1.018644e+01	5.903556e+01
5.240000e-06	1.421032e-06	9.513569e-10	9.875765e+00	5.845806e+01
5.250000e-06	1.376096e-06	9.437608e-10	9.563474e+00	5.786744e+01
5.260000e-06	1.330964e-06	9.347324e-10	9.249820e+00	5.726349e+01
5.270000e-06	1.285712e-06	9.223139e-10	8.935327e+00	5.664595e+01
5.280000e-06	1.240405e-06	9.090185e-10	8.620455e+00	5.601451e+01
5.290000e-06	1.195128e-06	8.965588e-10	8.305794e+00	5.536876e+01
5.300000e-06	1.149790e-06	8.871342e-10	7.990708e+00	5.470826e+01
5.310000e-06	1.104275e-06	8.791384e-10	7.674394e+00	5.403243e+01
5.320000e-06	1.058588e-06	8.734425e-10	7.356883e+00	5.334063e+01
5.330000e-06	1.012749e-06	8.666114e-10	7.038311e+00	5.263212e+01
5.340000e-06	9.668340e-07	8.566581e-10	6.719218e+00	5.190608e+01
5.350000e-06	9.208918e-07	8.443472e-10	6.399933e+00	5.116157e+01
5.360000e-06	8.749210e-07	8.300401e-10	6.080449e+00	5.039758e+01
5.370000e-06	8.288687e-07	8.174624e-10	5.760399e+00	4.961299e+01
5.380000e-06	7.827646e-07	8.074495e-10	5.439989e+00	4.880664e+01
5.390000e-06	7.366439e-07	8.000002e-10	5.119463e+00	4.797726e+01
5.400000e-06	6.904084e-07	7.912912e-10	4.798140e+00	4.712354e+01
5.410000e-06	6.440707e-07	7.777733e-10	4.476106e+00	4.624411e+01
5.420000e-06	5.976846e-07	7.606209e-10	4.153736e+00	4.533759e+01
5.430000e-06	5.512760e-07	7.451046e-10	3.831210e+00	4.440256e+01
5.440000e-06	5.048265e-07	7.303032e-10	3.508399e+00	4.343762e+01
5.450000e-06	4.583144e-07	7.139806e-10	3.185153e+00	4.244135e+01
5.460000e-06	4.117467e-07	6.981032e-10	2.861521e+00	4.141242e+01
5.470000e-06	3.651754e-07	6.826075e-10	2.537864e+00	4.034951e+01
5.480000e-06	3.186834e-07	6.665138e-10	2.214758e+00	3.925140e+01
5.490000e-06	2.720958e-07	6.493502e-10	1.890988e+00	3.811694e+01
5.500000e-06	2.254092e-07	6.326818e-10	1.566529e+00	3.694511e+01
5.510000e-06	1.787797e-07	6.150298e-10	1.242467e+00	3.573502e+01
5.520000e-06	1.321544e-07	5.945268e-10	9.184349e-01	3.448589e+01
5.530000e-06	8.559687e-08	5.745863e-10	5.948736e-01	3.319714e+01
5.540000e-06	3.909931e-08	5.534015e-10	2.717290e-01	3.186834e+01
5.550000e-06	-7.390742e-09	5.321256e-10	-5.136354e-02	3.049923e+01
5.560000e-06	-5.389446e-08	5.106690e-10	-3.745510e-01	2.908978e+01
5.570000e-06	-1.003994e-07	4.890954e-10	-6.977469e-01	2.764013e+01
5.580000e-06	-1.468874e-07	4.656600e-10	-1.020825e+00	2.615062e+01
5.590000e-06	-1.934453e-07	4.408746e-10	-1.344389e+00	2.462182e+01
5.600000e-06	-2.400143e-07	4.169103e-10	-1.668030e+00	2.305449e+01
5.610000e-06	-2.864906e-07	3.912374e-10	-1.991028e+00	2.144960e+01
5.620000e-06	-3.329820e-07	3.627792e-10	-2.314129e+00	1.980834e+01
5.630000e-06	-3.795600e-07	3.325646e-10	-2.637833e+00	1.813206e+01
5.640000e-06	-4.260907e-07	3.033992e-10	-2.961208e+00	1.642232e+01
5.650000e-06	-4.725666e-07	2.756113e-10	-3.284202e+00	1.468087e+01
5.660000e-06	-5.190404e-07	2.472055e-10	-3.607181e+00	1.290959e+01
5.670000e-06	-5.654887e-07	2.181062e-10	-3.929984e+00	1.111056e+01
5.680000e-06	-6.118304e-07	1.902679e-10	-4.252045e+00	9.285953e+00
5.690000e-06	-6.580787e-07	1.624947e-10	-4.573458e+00	7.438095e+00
5.700000e-06	-7.043481e-07	1.323388e-10	-4.895017e+00	5.569408e+00
5.710000e-06	-7.505686e-07	9.849799e-11	-5.216236e+00	3.682406e+00
5.720000e-06	-7.966856e-07	6.266836e-11	-5.536736e+00	1.779676e+00
5.730000e-06	-8.427285e-07	2.895038e-11	-5.856720e+00	-1.361401e-01
5.740000e-06	-8.886954e-07	-4.459521e-12	-6.176178e+00	-2.062363e+00
5.750000e-06	-9.346612e-07	-3.653343e-11	-6.495627e+00	-3.996294e+00
5.760000e-06	-9.805498e-07	-6.298522e-11	-6.814539e+00	-5.935227e+00
5.770000e-06	-1.026192e-06	-8.964340e-11	-7.131738e+00	-7.876471e+00
5.780000e-06	-1.071730e-06	-1.235704e-10	-7.448219e+00	-9.817362e+00
5.790000e-06	-1.117239e-06	-1.612973e-10	-7.764491e+00	-1.175528e+01
5.800000e-06	-1.162665e-06	-1.980023e-10	-8.080185e+00	-1.368766e+01
5.810000e-06	-1.208001e-06	-2.335952e-10	-8.395261e+00	-1.561200e+01
5.820000e-06	-1.253175e-06	-2.660007e-10	-8.709203e+00	-1.752588e+01
5.830000e-06	-1.298188e-06	-2.953654e-10	-9.022034e+00	-1.942698e+01
5.840000e-06	-1.343170e-06	-3.243375e-10	-9.334645e+00	-2.131307e+01
5.850000e-06	-1.388036e-06	-3.538939e-10	-9.646448e+00	-2.318202e+01
5.860000e-06	-1.432687e-06	-3.827159e-10	-9.956764e+00	-2.503182e+01
5.870000e-06	-1.477209e-06	-4.119082e-10	-1.026618e+01	-2.686060e+01
5.880000e-06	-1.521633e-06	-4.441913e-10	-1.057492e+01	-2.866657e+01
5.890000e-06	-1.566006e-06	-4.772467e-10	-1.088329e+01	-3.044809e+01
5.900000e-06	-1.610287e-06	-5.085504e-10	-1.119103e+01	-3.220367e+01
5.910000e-06	-1.654444e-06	-5.374749e-10	-1.149791e+01	-3.393191e+01
5.920000e-06	-1.698562e-06	-5.656567e-10	-1.180452e+01	-3.563156e+01
5.930000e-06	-1.742639e-06	-5.922774e-10	-1.211084e+01	-3.730150e+01
5.940000e-06	-1.786654e-06	-6.169540e-10	-1.241673e+01	-3.894074e+01
5.950000e-06	-1.830632e-06	-6.430651e-10	-1.272237e+01	-4.054842e+01
5.960000e-06	-1.874568e-06	-6.695483e-10	-1.302771e+01	-4.212379e+01
5.970000e-06	-1.918446e-06	-6.952530e-10	-1.333265e+01	-4.366623e+01
5.980000e-06	-1.962236e-06	-7.222607e-10	-1.363697e+01	-4.517524e+01
5.990000e-06	-2.005963e-06	-7.510558e-10	-1.394086e+01	-4.665044e+01
6.000000e-06	-2.049625e-06	-7.785982e-10	-1.424430e+01	-4.809154e+01
6.010000e-06	-2.093140e-06	-8.029682e-10	-1.454672e+01	-4.949837e+01
6.020000e-06	-2.136454e-06	-8.235858e-10	-1.484774e+01	-5.087084e+01
6.030000e-06	-2.179567e-06	-8.415332e-10	-1.514736e+01	-5.220898e+01
6.040000e-06	-2.222414e-06	-8.589013e-10	-1.544514e+01	-5.351287e+01
6.050000e-06	-2.265067e-06	-8.777512e-10	-1.574156e+01	-5.478270e+01
6.060000e-06	-2.307637e-06	-8.973577e-10	-1.603742e+01	-5.601872e+01
6.070000e-06	-2.350053e-06	-9.185134e-10	-1.633219e+01	-5.722124e+01
6.080000e-06	-2.392291e-06	-9.401449e-10	-1.662574e+01	-5.839064e+01
6.090000e-06	-2.434341e-06	-9.595139e-10	-1.691797e+01	-5.952735e+01
6.100000e-06	-2.476173e-06	-9.785570e-10	-1.720869e+01	-6.063184e+01
6.110000e-06	-2.517900e-06	-9.954802e-10	-1.749868e+01	-6.170460e+01
6.120000e-06	-2.559543e-06	-1.010353e-09	-1.778809e+01	-6.274619e+01
6.130000e-06	-2.600974e-06	-1.026031e-09	-1.807602e+01	-6.375717e+01
6.140000e-06	-2.642179e-06	-1.044196e-09	-1.836238e+01	-6.473810e+01
6.150000e-06	-2.683156e-06	-1.062958e-09	-1.864717e+01	-6.568958e+01
6.160000e-06	-2.723895e-06	-1.079952e-09	-1.893029e+01	-6.661219e+01
6.170000e-06	-2.764463e-06	-1.094464e-09	-1.921222e+01	-6.750652e+01
6.180000e-06	-2.804840e-06	-1.106267e-09	-1.949283e+01	-6.837317e+01
6.190000e-06	-2.845031e-06	-1.116111e-09	-1.977215e+01	-6.921268e+01
6.200000e-06	-2.885156e-06	-1.126222e-09	-2.005101e+01	-7.002563e+01
6.210000e-06	-2.925227e-06	-1.139657e-09	-2.032949e+01	-7.081255e+01
6.220000e-06	-2.965177e-06	-1.155278e-09	-2.060713e+01	-7.157395e+01
6.230000e-06	-3.004965e-06	-1.169696e-09	-2.088364e+01	-7.231033e+01
6.240000e-06	-3.044579e-06	-1.182438e-09	-2.115895e+01	-7.302217e+01
6.250000e-06	-3.083989e-06	-1.193739e-09	-2.143284e+01	-7.370991e+01
6.260000e-06	-3.123233e-06	-1.202042e-09	-2.170557e+01	-7.437399e+01
6.270000e-06	-3.162249e-06	-1.207755e-09	-2.197672e+01	-7.501481e+01
6.280000e-06	-3.200870e-06	-1.213313e-09	-2.224513e+01	-7.563279e+01
6.290000e-06	-3.239053e-06	-1.221568e-09	-2.251049e+01	-7.622829e+01
6.300000e-06	-3.276820e-06	-1.235205e-09	-2.277296e+01	-7.680171e+01
6.310000e-06	-3.314212e-06	-1.251032e-09	-2.303282e+01	-7.735340e+01
6.320000e-06	-3.351230e-06	-1.265390e-09	-2.329008e+01	-7.788376e+01
6.330000e-06	-3.387873e-06	-1.275702e-09	-2.354474e+01	-7.839315e+01
6.340000e-06	-3.424264e-06	-1.283667e-09	-2.379765e+01	-7.888198e+01
6.350000e-06	-3.460503e-06	-1.288945e-09	-2.404950e+01	-7.935065e+01
6.360000e-06	-3.496572e-06	-1.290191e-09	-2.430017e+01	-7.979962e+01
6.370000e-06	-3.532477e-06	-1.290812e-09	-2.454970e+01	-8.022933e+01
6.380000e-06	-3.568272e-06	-1.295688e-09	-2.479847e+01	-8.064029e+01
6.390000e-06	-3.603930e-06	-1.306764e-09	-2.504628e+01	-8.103304e+01
6.400000e-06	-3.639382e-06	-1.319854e-09	-2.529266e+01	-8.140815e+01
6.410000e-06	-3.674577e-06	-1.330611e-09	-2.553726e+01	-8.176625e+01
6.420000e-06	-3.709416e-06	-1.336461e-09	-2.577937e+01	-8.210799e+01
6.430000e-06	-3.743889e-06	-1.339106e-09	-2.601895e+01	-8.243408e+01
6.440000e-06	-3.778126e-06	-1.339188e-09	-2.625689e+01	-8.274528e+01
6.450000e-06	-3.812153e-06	-1.337198e-09	-2.649337e+01	-8.304238e+01
6.460000e-06	-3.845937e-06	-1.336803e-09	-2.672816e+01	-8.332621e+01
6.470000e-06	-3.879483e-06	-1.338665e-09	-2.696129e+01	-8.359762e+01
6.480000e-06	-3.912679e-06	-1.343188e-09	-2.719200e+01	-8.385752e+01
6.490000e-06	-3.945559e-06	-1.350702e-09	-2.742050e+01	-8.410681e+01
6.500000e-06	-3.978175e-06	-1.358361e-09	-2.764717e+01	-8.434642e+01
6.510000e-06	-4.010497e-06	-1.365841e-09	-2.787180e+01	-8.457727e+01
6.520000e-06	-4.042646e-06	-1.371298e-09	-2.809523e+01	-8.480029e+01
6.530000e-06	-4.074637e-06	-1.373944e-09	-2.831755e+01	-8.501639e+01
6.540000e-06	-4.106384e-06	-1.373423e-09	-2.853819e+01	-8.522644e+01
6.550000e-06	-4.137860e-06	-1.372099e-09	-2.875694e+01	-8.543130e+01
6.560000e-06	-4.169059e-06	-1.373388e-09	-2.897376e+01	-8.563176e+01
6.570000e-06	-4.199945e-06	-1.378301e-09	-2.918841e+01	-8.582856e+01
6.580000e-06	-4.230330e-06	-1.385123e-09	-2.939958e+01	-8.602238e+01
6.590000e-06	-4.260160e-06	-1.391174e-09	-2.960689e+01	-8.621383e+01
6.600000e-06	-4.289526e-06	-1.396044e-09	-2.981097e+01	-8.640342e+01
6.610000e-06	-4.318448e-06	-1.399667e-09	-3.001197e+01	-8.659158e+01
6.620000e-06	-4.346987e-06	-1.401701e-09	-3.021031e+01	-8.677865e+01
6.630000e-06	-4.375262e-06	-1.402219e-09	-3.040681e+01	-8.696487e+01
6.640000e-06	-4.403345e-06	-1.402773e-09	-3.060198e+01	-8.715037e+01
6.650000e-06	-4.431190e-06	-1.406057e-09	-3.079549e+01	-8.733519e+01
6.660000e-06	-4.458822e-06	-1.408837e-09	-3.098753e+01	-8.751927e+01
6.670000e-06	-4.486230e-06	-1.413771e-09	-3.117801e+01	-8.770246e+01
6.680000e-06	-4.513376e-06	-1.417615e-09	-3.136667e+01	-8.788449e+01
6.690000e-06	-4.540215e-06	-1.416986e-09	-3.155319e+01	-8.806505e+01
6.700000e-06	-4.566687e-06	-1.418869e-09	-3.173716e+01	-8.824372e+01
6.710000e-06	-4.592834e-06	-1.420799e-09	-3.191887e+01	-8.842003e+01
6.720000e-06	-4.618707e-06	-1.422351e-09	-3.209869e+01	-8.859344e+01
6.730000e-06	-4.644265e-06	-1.424345e-09	-3.227631e+01	-8.876339e+01
6.740000e-06	-4.669372e-06	-1.429068e-09	-3.245079e+01	-8.892926e+01
6.750000e-06	-4.694060e-06	-1.434102e-09	-3.262236e+01	-8.909044e+01
6.760000e-06	-4.718492e-06	-1.437456e-09	-3.279216e+01	-8.924631e+01
6.770000e-06	-4.742724e-06	-1.437098e-09	-3.296057e+01	-8.939624e+01
6.780000e-06	-4.766749e-06	-1.436854e-09	-3.312753e+01	-8.953967e+01
6.790000e-06	-4.790583e-06	-1.437421e-09	-3.329317e+01	-8.967602e+01
6.800000e-06	-4.814158e-06	-1.440433e-09	-3.345701e+01	-8.980481e+01
6.810000e-06	-4.837329e-06	-1.445939e-09	-3.361805e+01	-8.992559e+01
6.820000e-06	-4.860018e-06	-1.448263e-09	-3.377573e+01	-9.003800e+01
6.830000e-06	-4.882240e-06	-1.447745e-09	-3.393016e+01	-9.014174e+01
6.840000e-06	-4.903894e-06	-1.444397e-09	-3.408065e+01	-9.023663e+01
6.850000e-06	-4.924965e-06	-1.441553e-09	-3.422709e+01	-9.032253e+01
6.860000e-06	-4.945610e-06	-1.437980e-09	-3.437057e+01	-9.039945e+01
6.870000e-06	-4.965936e-06	-1.434651e-09	-3.451182e+01	-9.046745e+01
6.880000e-06	-4.986041e-06	-1.435216e-09	-3.465155e+01	-9.052670e+01
6.890000e-06	-5.005926e-06	-1.438265e-09	-3.478975e+01	-9.057746e+01
6.900000e-06	-5.025585e-06	-1.439675e-09	-3.492637e+01	-9.062009e+01
6.910000e-06	-5.044946e-06	-1.438374e-09	-3.506093e+01	-9.065499e+01
6.920000e-06	-5.063927e-06	-1.436263e-09	-3.519284e+01	-9.068266e+01
6.930000e-06	-5.082539e-06	-1.433674e-09	-3.532218e+01	-9.070364e+01
6.940000e-06	-5.100801e-06	-1.431986e-09	-3.544910e+01	-9.071854e+01
6.950000e-06	-5.118765e-06	-1.433274e-09	-3.557394e+01	-9.072797e+01
6.960000e-06	-5.136437e-06	-1.435139e-09	-3.569676e+01	-9.073259e+01
6.970000e-06	-5.153719e-06	-1.434552e-09	-3.581687e+01	-9.073305e+01
6.980000e-06	-5.170578e-06	-1.430811e-09	-3.593403e+01	-9.073001e+01
6.990000e-06	-5.187095e-06	-1.427966e-09	-3.604882e+01	-9.072409e+01
7.000000e-06	-5.203293e-06	-1.426938e-09	-3.616139e+01	-9.071589e+01
7.010000e-06	-5.219308e-06	-1.427234e-09	-3.627269e+01	-9.070596e+01
7.020000e-06	-5.235077e-06	-1.428627e-09	-3.638228e+01	-9.069481e+01
7.030000e-06	-5.250379e-06	-1.428919e-09	-3.648862e+01	-9.068287e+01
7.040000e-06	-5.265122e-06	-1.426212e-09	-3.659109e+01	-9.067050e+01
7.050000e-06	-5.279330e-06	-1.423629e-09	-3.668983e+01	-9.065798e+01
7.060000e-06	-5.292984e-06	-1.421984e-09	-3.678471e+01	-9.064551e+01
7.070000e-06	-5.306009e-06	-1.419474e-09	-3.687524e+01	-9.063322e+01
7.080000e-06	-5.318581e-06	-1.417397e-09	-3.696261e+01	-9.062113e+01
7.090000e-06	-5.330779e-06	-1.417784e-09	-3.704738e+01	-9.060921e+01
7.100000e-06	-5.342647e-06	-1.418935e-09	-3.712986e+01	-9.059732e+01
7.110000e-06	-5.354200e-06	-1.419573e-09	-3.721015e+01	-9.058527e+01
7.120000e-06	-5.365339e-06	-1.419383e-09	-3.728756e+01	-9.057282e+01
7.130000e-06	-5.376037e-06	-1.416679e-09	-3.736191e+01	-9.055964e+01
7.140000e-06	-5.386337e-06	-1.412660e-09	-3.743349e+01	-9.054539e+01
7.150000e-06	-5.396308e-06	-1.409194e-09	-3.750279e+01	-9.052970e+01
7.160000e-06	-5.405901e-06	-1.407939e-09	-3.756946e+01	-9.051217e+01
7.170000e-06	-5.415068e-06	-1.406424e-09	-3.763316e+01	-9.049240e+01
7.180000e-06	-5.423859e-06	-1.403628e-09	-3.769426e+01	-9.047002e+01
7.190000e-06	-5.432305e-06	-1.401281e-09	-3.775296e+01	-9.044466e+01
7.200000e-06	-5.440498e-06	-1.398708e-09	-3.780989e+01	-9.041600e+01
7.210000e-06	-5.448429e-06	-1.396548e-09	-3.786502e+01	-9.038377e+01
7.220000e-06	-5.456077e-06	-1.396298e-09	-3.791816e+01	-9.034777e+01
7.230000e-06	-5.463336e-06	-1.396598e-09	-3.796862e+01	-9.030785e+01
7.240000e-06	-5.470062e-06	-1.396669e-09	-3.801536e+01	-9.026396e+01
7.250000e-06	-5.476275e-06	-1.395090e-09	-3.805854e+01	-9.021613e+01
7.260000e-06	-5.481925e-06	-1.393025e-09	-3.809781e+01	-9.016446e+01
7.270000e-06	-5.487015e-06	-1.389992e-09	-3.813318e+01	-9.010917e+01
7.280000e-06	-5.491689e-06	-1.385270e-09	-3.816566e+01	-9.005054e+01
7.290000e-06	-5.496016e-06	-1.381973e-09	-3.819573e+01	-8.998895e+01
7.300000e-06	-5.500089e-06	-1.381017e-09	-3.822404e+01	-8.992488e+01
7.310000e-06	-5.503936e-06	-1.380247e-09	-3.825077e+01	-8.985884e+01
7.320000e-06	-5.507462e-06	-1.378610e-09	-3.827528e+01	-8.979145e+01
7.330000e-06	-5.510622e-06	-1.374407e-09	-3.829724e+01	-8.972335e+01
7.340000e-06	-5.513340e-06	-1.368455e-09	-3.831613e+01	-8.965523e+01
7.350000e-06	-5.515617e-06	-1.363415e-09	-3.833195e+01	-8.958781e+01
7.360000e-06	-5.517520e-06	-1.359979e-09	-3.834517e+01	-8.952183e+01
7.370000e-06	-5.519124e-06	-1.358449e-09	-3.835632e+01	-8.945799e+01
7.380000e-06	-5.520333e-06	-1.358289e-09	-3.836473e+01	-8.939701e+01
7.390000e-06	-5.521107e-06	-1.357648e-09	-3.837011e+01	-8.933955e+01
7.400000e-06	-5.521619e-06	-1.355488e-09	-3.837367e+01	-8.928621e+01
