# Temperatura_=_-24.78
# Concentracion g/m^3_=_1620.0
# C_Vs_to_Am_M_A/Vsm_=_65563218390.804596
# pendiente_HvsI_1/m_=_3716.3
# ordenada_HvsI_A/m_=_1297.0
# frecuencia_Hz_=_135106.60997657434

Tiempo_(s)	Campo_(V.s)	Magnetizacion_(V.s)	Campo_(kA/m)	Magnetizacion_(A/m)
0.000000e+00	-5.515021e-06	-8.109682e-10	-3.835846e+01	-5.326804e+01
1.000000e-08	-5.515289e-06	-8.056801e-10	-3.836033e+01	-5.323994e+01
2.000000e-08	-5.515367e-06	-8.009022e-10	-3.836087e+01	-5.321693e+01
3.000000e-08	-5.515140e-06	-7.988663e-10	-3.835929e+01	-5.319937e+01
4.000000e-08	-5.514468e-06	-8.003279e-10	-3.835461e+01	-5.318748e+01
5.000000e-08	-5.513276e-06	-8.014922e-10	-3.834633e+01	-5.318144e+01
6.000000e-08	-5.511501e-06	-7.954782e-10	-3.833398e+01	-5.318129e+01
7.000000e-08	-5.509070e-06	-7.823929e-10	-3.831707e+01	-5.318699e+01
8.000000e-08	-5.506011e-06	-7.852023e-10	-3.829579e+01	-5.319837e+01
9.000000e-08	-5.502468e-06	-8.338736e-10	-3.827115e+01	-5.321516e+01
1.000000e-07	-5.498551e-06	-8.827243e-10	-3.824391e+01	-5.323701e+01
1.100000e-07	-5.494259e-06	-8.320371e-10	-3.821406e+01	-5.326342e+01
1.200000e-07	-5.489818e-06	-7.153168e-10	-3.818317e+01	-5.329385e+01
1.300000e-07	-5.485298e-06	-7.342926e-10	-3.815173e+01	-5.332764e+01
1.400000e-07	-5.480260e-06	-8.410158e-10	-3.811669e+01	-5.336410e+01
1.500000e-07	-5.474675e-06	-8.589073e-10	-3.807784e+01	-5.340243e+01
1.600000e-07	-5.468871e-06	-7.664445e-10	-3.803748e+01	-5.344185e+01
1.700000e-07	-5.462767e-06	-7.470386e-10	-3.799502e+01	-5.348152e+01
1.800000e-07	-5.456198e-06	-8.526085e-10	-3.794933e+01	-5.352059e+01
1.900000e-07	-5.449211e-06	-8.592045e-10	-3.790073e+01	-5.355823e+01
2.000000e-07	-5.441900e-06	-7.651881e-10	-3.784989e+01	-5.359364e+01
2.100000e-07	-5.434280e-06	-7.191949e-10	-3.779689e+01	-5.362607e+01
2.200000e-07	-5.426376e-06	-8.199808e-10	-3.774192e+01	-5.365481e+01
2.300000e-07	-5.418238e-06	-8.727781e-10	-3.768531e+01	-5.367925e+01
2.400000e-07	-5.409725e-06	-8.292034e-10	-3.762610e+01	-5.369886e+01
2.500000e-07	-5.400704e-06	-7.749480e-10	-3.756336e+01	-5.371321e+01
2.600000e-07	-5.391006e-06	-8.028326e-10	-3.749590e+01	-5.372199e+01
2.700000e-07	-5.380532e-06	-8.238971e-10	-3.742305e+01	-5.372500e+01
2.800000e-07	-5.369532e-06	-8.035304e-10	-3.734654e+01	-5.372218e+01
2.900000e-07	-5.358105e-06	-7.948676e-10	-3.726707e+01	-5.371358e+01
3.000000e-07	-5.346322e-06	-8.207215e-10	-3.718511e+01	-5.369941e+01
3.100000e-07	-5.334249e-06	-8.263778e-10	-3.710115e+01	-5.367996e+01
3.200000e-07	-5.321711e-06	-7.925676e-10	-3.701394e+01	-5.365568e+01
3.300000e-07	-5.308711e-06	-7.791423e-10	-3.692352e+01	-5.362711e+01
3.400000e-07	-5.295425e-06	-8.003714e-10	-3.683111e+01	-5.359491e+01
3.500000e-07	-5.281714e-06	-8.203671e-10	-3.673575e+01	-5.355980e+01
3.600000e-07	-5.267461e-06	-7.966463e-10	-3.663662e+01	-5.352260e+01
3.700000e-07	-5.252706e-06	-8.022412e-10	-3.653399e+01	-5.348418e+01
3.800000e-07	-5.237428e-06	-8.252016e-10	-3.642773e+01	-5.344544e+01
3.900000e-07	-5.221642e-06	-8.071965e-10	-3.631793e+01	-5.340732e+01
4.000000e-07	-5.205338e-06	-7.650870e-10	-3.620453e+01	-5.337076e+01
4.100000e-07	-5.188791e-06	-8.026529e-10	-3.608944e+01	-5.333668e+01
4.200000e-07	-5.172010e-06	-8.226776e-10	-3.597273e+01	-5.330595e+01
4.300000e-07	-5.154782e-06	-7.765735e-10	-3.585290e+01	-5.327942e+01
4.400000e-07	-5.137260e-06	-7.799653e-10	-3.573103e+01	-5.325785e+01
4.500000e-07	-5.119477e-06	-8.517726e-10	-3.560735e+01	-5.324191e+01
4.600000e-07	-5.101231e-06	-8.184274e-10	-3.548044e+01	-5.323220e+01
4.700000e-07	-5.082473e-06	-7.611482e-10	-3.534997e+01	-5.322917e+01
4.800000e-07	-5.063365e-06	-8.070864e-10	-3.521707e+01	-5.323319e+01
4.900000e-07	-5.043984e-06	-8.359116e-10	-3.508227e+01	-5.324449e+01
5.000000e-07	-5.024373e-06	-7.755070e-10	-3.494587e+01	-5.326315e+01
5.100000e-07	-5.004588e-06	-7.924016e-10	-3.480827e+01	-5.328916e+01
5.200000e-07	-4.984558e-06	-8.379400e-10	-3.466895e+01	-5.332235e+01
5.300000e-07	-4.964093e-06	-7.949436e-10	-3.452661e+01	-5.336244e+01
5.400000e-07	-4.943214e-06	-7.817391e-10	-3.438139e+01	-5.340901e+01
5.500000e-07	-4.922030e-06	-8.405696e-10	-3.423405e+01	-5.346157e+01
5.600000e-07	-4.900481e-06	-8.130639e-10	-3.408417e+01	-5.351950e+01
5.700000e-07	-4.878603e-06	-7.652496e-10	-3.393201e+01	-5.358210e+01
5.800000e-07	-4.856498e-06	-8.146939e-10	-3.377825e+01	-5.364862e+01
5.900000e-07	-4.834088e-06	-8.332473e-10	-3.362239e+01	-5.371825e+01
6.000000e-07	-4.811297e-06	-7.874174e-10	-3.346387e+01	-5.379013e+01
6.100000e-07	-4.788248e-06	-8.067294e-10	-3.330356e+01	-5.386341e+01
6.200000e-07	-4.764886e-06	-8.387313e-10	-3.314107e+01	-5.393721e+01
6.300000e-07	-4.741171e-06	-8.007769e-10	-3.297612e+01	-5.401070e+01
6.400000e-07	-4.717210e-06	-7.974317e-10	-3.280947e+01	-5.408307e+01
6.500000e-07	-4.692963e-06	-8.280223e-10	-3.264083e+01	-5.415357e+01
6.600000e-07	-4.668433e-06	-8.102394e-10	-3.247021e+01	-5.422150e+01
6.700000e-07	-4.643480e-06	-7.981383e-10	-3.229666e+01	-5.428627e+01
6.800000e-07	-4.617887e-06	-8.319630e-10	-3.211865e+01	-5.434736e+01
6.900000e-07	-4.591737e-06	-8.264299e-10	-3.193677e+01	-5.440436e+01
7.000000e-07	-4.565166e-06	-8.108735e-10	-3.175196e+01	-5.445697e+01
7.100000e-07	-4.538227e-06	-8.302255e-10	-3.156460e+01	-5.450500e+01
7.200000e-07	-4.510937e-06	-8.337910e-10	-3.137479e+01	-5.454838e+01
7.300000e-07	-4.483371e-06	-8.126136e-10	-3.118306e+01	-5.458714e+01
7.400000e-07	-4.455607e-06	-8.248483e-10	-3.098995e+01	-5.462144e+01
7.500000e-07	-4.427665e-06	-8.334170e-10	-3.079561e+01	-5.465153e+01
7.600000e-07	-4.399437e-06	-8.196555e-10	-3.059928e+01	-5.467776e+01
7.700000e-07	-4.370885e-06	-8.217164e-10	-3.040069e+01	-5.470056e+01
7.800000e-07	-4.342077e-06	-8.353919e-10	-3.020032e+01	-5.472045e+01
7.900000e-07	-4.312983e-06	-8.246568e-10	-2.999796e+01	-5.473801e+01
8.000000e-07	-4.283571e-06	-8.228196e-10	-2.979339e+01	-5.475384e+01
8.100000e-07	-4.253794e-06	-8.320071e-10	-2.958629e+01	-5.476862e+01
8.200000e-07	-4.223672e-06	-8.208331e-10	-2.937678e+01	-5.478299e+01
8.300000e-07	-4.193248e-06	-8.059473e-10	-2.916517e+01	-5.479763e+01
8.400000e-07	-4.162547e-06	-8.154966e-10	-2.895164e+01	-5.481319e+01
8.500000e-07	-4.131595e-06	-8.205494e-10	-2.873636e+01	-5.483029e+01
8.600000e-07	-4.100394e-06	-8.155979e-10	-2.851935e+01	-5.484950e+01
8.700000e-07	-4.068985e-06	-8.224150e-10	-2.830089e+01	-5.487133e+01
8.800000e-07	-4.037423e-06	-8.251588e-10	-2.808137e+01	-5.489624e+01
8.900000e-07	-4.005682e-06	-8.122813e-10	-2.786060e+01	-5.492457e+01
9.000000e-07	-3.973701e-06	-8.083943e-10	-2.763816e+01	-5.495661e+01
9.100000e-07	-3.941477e-06	-8.140296e-10	-2.741404e+01	-5.499253e+01
9.200000e-07	-3.908940e-06	-8.083902e-10	-2.718774e+01	-5.503243e+01
9.300000e-07	-3.875940e-06	-8.089273e-10	-2.695821e+01	-5.507629e+01
9.400000e-07	-3.842501e-06	-8.215328e-10	-2.672563e+01	-5.512400e+01
9.500000e-07	-3.808639e-06	-8.246724e-10	-2.649012e+01	-5.517535e+01
9.600000e-07	-3.774322e-06	-8.169834e-10	-2.625143e+01	-5.523004e+01
9.700000e-07	-3.739568e-06	-8.193797e-10	-2.600971e+01	-5.528771e+01
9.800000e-07	-3.704377e-06	-8.193672e-10	-2.576494e+01	-5.534790e+01
9.900000e-07	-3.668958e-06	-8.123840e-10	-2.551860e+01	-5.541011e+01
1.000000e-06	-3.633486e-06	-8.120016e-10	-2.527188e+01	-5.547377e+01
1.010000e-06	-3.597888e-06	-8.191487e-10	-2.502428e+01	-5.553829e+01
1.020000e-06	-3.562122e-06	-8.169798e-10	-2.477552e+01	-5.560304e+01
1.030000e-06	-3.526215e-06	-8.154238e-10	-2.452578e+01	-5.566740e+01
1.040000e-06	-3.490184e-06	-8.194846e-10	-2.427517e+01	-5.573073e+01
1.050000e-06	-3.453917e-06	-8.208321e-10	-2.402293e+01	-5.579242e+01
1.060000e-06	-3.417244e-06	-8.189935e-10	-2.376786e+01	-5.585189e+01
1.070000e-06	-3.380289e-06	-8.231880e-10	-2.351082e+01	-5.590859e+01
1.080000e-06	-3.343165e-06	-8.239730e-10	-2.325262e+01	-5.596204e+01
1.090000e-06	-3.305772e-06	-8.192114e-10	-2.299254e+01	-5.601180e+01
1.100000e-06	-3.268109e-06	-8.185396e-10	-2.273058e+01	-5.605752e+01
1.110000e-06	-3.230237e-06	-8.205135e-10	-2.246717e+01	-5.609890e+01
1.120000e-06	-3.192213e-06	-8.158883e-10	-2.220270e+01	-5.613573e+01
1.130000e-06	-3.154032e-06	-8.140393e-10	-2.193714e+01	-5.616789e+01
1.140000e-06	-3.115640e-06	-8.183210e-10	-2.167012e+01	-5.619532e+01
1.150000e-06	-3.077005e-06	-8.205416e-10	-2.140140e+01	-5.621805e+01
1.160000e-06	-3.038076e-06	-8.204288e-10	-2.113064e+01	-5.623618e+01
1.170000e-06	-2.998929e-06	-8.212505e-10	-2.085836e+01	-5.624987e+01
1.180000e-06	-2.959701e-06	-8.203954e-10	-2.058552e+01	-5.625936e+01
1.190000e-06	-2.920294e-06	-8.187421e-10	-2.031144e+01	-5.626492e+01
1.200000e-06	-2.880721e-06	-8.207279e-10	-2.003619e+01	-5.626687e+01
1.210000e-06	-2.841023e-06	-8.210970e-10	-1.976008e+01	-5.626557e+01
1.220000e-06	-2.801111e-06	-8.196038e-10	-1.948248e+01	-5.626137e+01
1.230000e-06	-2.761043e-06	-8.205559e-10	-1.920380e+01	-5.625466e+01
1.240000e-06	-2.720911e-06	-8.240202e-10	-1.892467e+01	-5.624581e+01
1.250000e-06	-2.680596e-06	-8.250557e-10	-1.864427e+01	-5.623516e+01
1.260000e-06	-2.639967e-06	-8.262951e-10	-1.836168e+01	-5.622304e+01
1.270000e-06	-2.599030e-06	-8.271607e-10	-1.807696e+01	-5.620971e+01
1.280000e-06	-2.557804e-06	-8.246045e-10	-1.779022e+01	-5.619542e+01
1.290000e-06	-2.516365e-06	-8.181636e-10	-1.750200e+01	-5.618031e+01
1.300000e-06	-2.474664e-06	-8.138874e-10	-1.721196e+01	-5.616449e+01
1.310000e-06	-2.432682e-06	-8.113597e-10	-1.691996e+01	-5.614798e+01
1.320000e-06	-2.390432e-06	-8.102476e-10	-1.662610e+01	-5.613071e+01
1.330000e-06	-2.347768e-06	-8.103414e-10	-1.632936e+01	-5.611254e+01
1.340000e-06	-2.304849e-06	-8.103019e-10	-1.603085e+01	-5.609323e+01
1.350000e-06	-2.261755e-06	-8.087396e-10	-1.573112e+01	-5.607247e+01
1.360000e-06	-2.218459e-06	-8.103653e-10	-1.542998e+01	-5.604986e+01
1.370000e-06	-2.175065e-06	-8.117253e-10	-1.512817e+01	-5.602490e+01
1.380000e-06	-2.131548e-06	-8.094184e-10	-1.482549e+01	-5.599706e+01
1.390000e-06	-2.087896e-06	-8.077916e-10	-1.452188e+01	-5.596568e+01
1.400000e-06	-2.044195e-06	-8.062692e-10	-1.421793e+01	-5.593009e+01
1.410000e-06	-2.000468e-06	-8.045897e-10	-1.391380e+01	-5.588954e+01
1.420000e-06	-1.956634e-06	-8.018474e-10	-1.360892e+01	-5.584323e+01
1.430000e-06	-1.912682e-06	-8.002996e-10	-1.330322e+01	-5.579034e+01
1.440000e-06	-1.868641e-06	-7.999382e-10	-1.299690e+01	-5.573002e+01
1.450000e-06	-1.824506e-06	-7.983658e-10	-1.268993e+01	-5.566139e+01
1.460000e-06	-1.780283e-06	-7.974860e-10	-1.238235e+01	-5.558357e+01
1.470000e-06	-1.735970e-06	-7.956341e-10	-1.207414e+01	-5.549570e+01
1.480000e-06	-1.691481e-06	-7.923160e-10	-1.176471e+01	-5.539692e+01
1.490000e-06	-1.646810e-06	-7.873098e-10	-1.145401e+01	-5.528636e+01
1.500000e-06	-1.602015e-06	-7.811157e-10	-1.114245e+01	-5.516323e+01
1.510000e-06	-1.557120e-06	-7.742630e-10	-1.083019e+01	-5.502674e+01
1.520000e-06	-1.512058e-06	-7.687159e-10	-1.051677e+01	-5.487614e+01
1.530000e-06	-1.466817e-06	-7.658600e-10	-1.020211e+01	-5.471072e+01
1.540000e-06	-1.421549e-06	-7.628251e-10	-9.887255e+00	-5.452983e+01
1.550000e-06	-1.376246e-06	-7.605511e-10	-9.572164e+00	-5.433284e+01
1.560000e-06	-1.330846e-06	-7.567331e-10	-9.256396e+00	-5.411918e+01
1.570000e-06	-1.285365e-06	-7.513781e-10	-8.940064e+00	-5.388833e+01
1.580000e-06	-1.239772e-06	-7.440698e-10	-8.622948e+00	-5.363978e+01
1.590000e-06	-1.194059e-06	-7.342285e-10	-8.305005e+00	-5.337308e+01
1.600000e-06	-1.148260e-06	-7.260282e-10	-7.986461e+00	-5.308781e+01
1.610000e-06	-1.102341e-06	-7.201156e-10	-7.667079e+00	-5.278356e+01
1.620000e-06	-1.056335e-06	-7.163086e-10	-7.347097e+00	-5.245996e+01
1.630000e-06	-1.010348e-06	-7.129538e-10	-7.027245e+00	-5.211665e+01
1.640000e-06	-9.642687e-07	-7.078209e-10	-6.706750e+00	-5.175326e+01
1.650000e-06	-9.180773e-07	-7.008648e-10	-6.385476e+00	-5.136944e+01
1.660000e-06	-8.718761e-07	-6.931665e-10	-6.064134e+00	-5.096481e+01
1.670000e-06	-8.255209e-07	-6.853564e-10	-5.741721e+00	-5.053901e+01
1.680000e-06	-7.791079e-07	-6.779338e-10	-5.418906e+00	-5.009163e+01
1.690000e-06	-7.327886e-07	-6.713048e-10	-5.096743e+00	-4.962227e+01
1.700000e-06	-6.864366e-07	-6.626817e-10	-4.774352e+00	-4.913048e+01
1.710000e-06	-6.400194e-07	-6.532045e-10	-4.451508e+00	-4.861578e+01
1.720000e-06	-5.935736e-07	-6.461224e-10	-4.128465e+00	-4.807767e+01
1.730000e-06	-5.471127e-07	-6.388927e-10	-3.805316e+00	-4.751561e+01
1.740000e-06	-5.005476e-07	-6.283307e-10	-3.481444e+00	-4.692904e+01
1.750000e-06	-4.538857e-07	-6.175358e-10	-3.156898e+00	-4.631736e+01
1.760000e-06	-4.071921e-07	-6.072091e-10	-2.832131e+00	-4.567995e+01
1.770000e-06	-3.604377e-07	-5.955795e-10	-2.506941e+00	-4.501616e+01
1.780000e-06	-3.136961e-07	-5.841696e-10	-2.181842e+00	-4.432533e+01
1.790000e-06	-2.669643e-07	-5.731726e-10	-1.856809e+00	-4.360679e+01
1.800000e-06	-2.201933e-07	-5.620467e-10	-1.531504e+00	-4.285987e+01
1.810000e-06	-1.733633e-07	-5.510053e-10	-1.205788e+00	-4.208390e+01
1.820000e-06	-1.265573e-07	-5.406525e-10	-8.802403e-01	-4.127822e+01
1.830000e-06	-7.982984e-08	-5.299771e-10	-5.552381e-01	-4.044222e+01
1.840000e-06	-3.310121e-08	-5.177693e-10	-2.302279e-01	-3.957530e+01
1.850000e-06	1.368283e-08	-5.055846e-10	9.516778e-02	-3.867692e+01
1.860000e-06	6.055263e-08	-4.917913e-10	4.211599e-01	-3.774659e+01
1.870000e-06	1.073946e-07	-4.772294e-10	7.469585e-01	-3.678390e+01
1.880000e-06	1.541418e-07	-4.640286e-10	1.072098e+00	-3.578850e+01
1.890000e-06	2.008532e-07	-4.518208e-10	1.396989e+00	-3.476014e+01
1.900000e-06	2.475517e-07	-4.362051e-10	1.721789e+00	-3.369867e+01
1.910000e-06	2.943096e-07	-4.166802e-10	2.047003e+00	-3.260403e+01
1.920000e-06	3.410503e-07	-3.978612e-10	2.372097e+00	-3.147630e+01
1.930000e-06	3.877022e-07	-3.804147e-10	2.696573e+00	-3.031566e+01
1.940000e-06	4.343334e-07	-3.641642e-10	3.020906e+00	-2.912241e+01
1.950000e-06	4.808834e-07	-3.480077e-10	3.344674e+00	-2.789702e+01
1.960000e-06	5.274486e-07	-3.315250e-10	3.668548e+00	-2.664005e+01
1.970000e-06	5.740496e-07	-3.155554e-10	3.992670e+00	-2.535223e+01
1.980000e-06	6.205192e-07	-3.001607e-10	4.315879e+00	-2.403441e+01
1.990000e-06	6.669290e-07	-2.825909e-10	4.638671e+00	-2.268759e+01
2.000000e-06	7.132862e-07	-2.615118e-10	4.961098e+00	-2.131289e+01
2.010000e-06	7.595658e-07	-2.395878e-10	5.282986e+00	-1.991159e+01
2.020000e-06	8.059140e-07	-2.200022e-10	5.605350e+00	-1.848507e+01
2.030000e-06	8.521927e-07	-2.013685e-10	5.927230e+00	-1.703486e+01
2.040000e-06	8.982918e-07	-1.819091e-10	6.247862e+00	-1.556258e+01
2.050000e-06	9.443162e-07	-1.627889e-10	6.567975e+00	-1.407000e+01
2.060000e-06	9.902562e-07	-1.431907e-10	6.887499e+00	-1.255896e+01
2.070000e-06	1.036186e-06	-1.218648e-10	7.206951e+00	-1.103140e+01
2.080000e-06	1.082127e-06	-9.984320e-11	7.526483e+00	-9.489354e+00
2.090000e-06	1.127972e-06	-7.892438e-11	7.845350e+00	-7.934913e+00
2.100000e-06	1.173722e-06	-5.776885e-11	8.163556e+00	-6.370240e+00
2.110000e-06	1.219345e-06	-3.433337e-11	8.480874e+00	-4.797544e+00
2.120000e-06	1.264834e-06	-1.034360e-11	8.797262e+00	-3.219074e+00
2.130000e-06	1.310233e-06	1.307444e-11	9.113026e+00	-1.637101e+00
2.140000e-06	1.355519e-06	3.457408e-11	9.428001e+00	-5.391290e-02
2.150000e-06	1.400757e-06	5.272110e-11	9.742642e+00	1.528204e+00
2.160000e-06	1.446010e-06	6.969293e-11	1.005739e+01	3.106975e+00
2.170000e-06	1.491200e-06	8.750391e-11	1.037170e+01	4.680147e+00
2.180000e-06	1.536209e-06	1.077089e-10	1.068475e+01	6.245504e+00
2.190000e-06	1.581078e-06	1.320764e-10	1.099683e+01	7.800875e+00
2.200000e-06	1.625893e-06	1.588327e-10	1.130852e+01	9.344148e+00
2.210000e-06	1.670537e-06	1.846325e-10	1.161904e+01	1.087328e+01
2.220000e-06	1.715015e-06	2.075328e-10	1.192839e+01	1.238630e+01
2.230000e-06	1.759368e-06	2.281711e-10	1.223688e+01	1.388133e+01
2.240000e-06	1.803550e-06	2.457861e-10	1.254417e+01	1.535658e+01
2.250000e-06	1.847662e-06	2.620678e-10	1.285099e+01	1.681037e+01
2.260000e-06	1.891668e-06	2.784315e-10	1.315706e+01	1.824112e+01
2.270000e-06	1.935519e-06	2.948737e-10	1.346205e+01	1.964738e+01
2.280000e-06	1.979313e-06	3.127976e-10	1.376665e+01	2.102780e+01
2.290000e-06	2.023063e-06	3.320293e-10	1.407095e+01	2.238116e+01
2.300000e-06	2.066767e-06	3.519612e-10	1.437492e+01	2.370636e+01
2.310000e-06	2.110455e-06	3.703506e-10	1.467879e+01	2.500244e+01
2.320000e-06	2.154099e-06	3.866901e-10	1.498234e+01	2.626855e+01
2.330000e-06	2.197662e-06	4.018301e-10	1.528534e+01	2.750398e+01
2.340000e-06	2.241086e-06	4.149034e-10	1.558736e+01	2.870814e+01
2.350000e-06	2.284312e-06	4.278058e-10	1.588801e+01	2.988054e+01
2.360000e-06	2.327334e-06	4.431522e-10	1.618724e+01	3.102084e+01
2.370000e-06	2.370148e-06	4.604327e-10	1.648502e+01	3.212880e+01
2.380000e-06	2.412706e-06	4.775442e-10	1.678102e+01	3.320428e+01
2.390000e-06	2.454923e-06	4.931817e-10	1.707466e+01	3.424725e+01
2.400000e-06	2.496745e-06	5.085168e-10	1.736554e+01	3.525778e+01
2.410000e-06	2.538266e-06	5.220401e-10	1.765433e+01	3.623602e+01
2.420000e-06	2.579480e-06	5.328652e-10	1.794098e+01	3.718219e+01
2.430000e-06	2.620266e-06	5.400303e-10	1.822466e+01	3.809659e+01
2.440000e-06	2.660783e-06	5.475131e-10	1.850647e+01	3.897960e+01
2.450000e-06	2.701158e-06	5.607473e-10	1.878729e+01	3.983163e+01
2.460000e-06	2.741326e-06	5.752569e-10	1.906666e+01	4.065314e+01
2.470000e-06	2.781313e-06	5.891119e-10	1.934479e+01	4.144464e+01
2.480000e-06	2.821184e-06	5.984508e-10	1.962210e+01	4.220666e+01
2.490000e-06	2.860922e-06	6.027997e-10	1.989849e+01	4.293975e+01
2.500000e-06	2.900552e-06	6.063779e-10	2.017413e+01	4.364447e+01
2.510000e-06	2.940078e-06	6.128893e-10	2.044903e+01	4.432141e+01
2.520000e-06	2.979456e-06	6.263187e-10	2.072292e+01	4.497115e+01
2.530000e-06	3.018635e-06	6.401787e-10	2.099543e+01	4.559426e+01
2.540000e-06	3.057539e-06	6.517226e-10	2.126601e+01	4.619131e+01
2.550000e-06	3.096193e-06	6.607915e-10	2.153486e+01	4.676286e+01
2.560000e-06	3.134615e-06	6.668481e-10	2.180210e+01	4.730946e+01
2.570000e-06	3.172791e-06	6.696032e-10	2.206762e+01	4.783165e+01
2.580000e-06	3.210801e-06	6.723789e-10	2.233199e+01	4.832995e+01
2.590000e-06	3.248600e-06	6.759488e-10	2.259489e+01	4.880486e+01
2.600000e-06	3.286200e-06	6.805327e-10	2.285641e+01	4.925690e+01
2.610000e-06	3.323682e-06	6.871843e-10	2.311711e+01	4.968654e+01
2.620000e-06	3.360945e-06	6.956930e-10	2.337628e+01	5.009428e+01
2.630000e-06	3.397927e-06	7.035446e-10	2.363350e+01	5.048058e+01
2.640000e-06	3.434607e-06	7.091293e-10	2.388862e+01	5.084594e+01
2.650000e-06	3.470980e-06	7.151818e-10	2.414161e+01	5.119083e+01
2.660000e-06	3.507104e-06	7.201312e-10	2.439286e+01	5.151577e+01
2.670000e-06	3.543046e-06	7.241788e-10	2.464284e+01	5.182126e+01
2.680000e-06	3.578874e-06	7.284629e-10	2.489204e+01	5.210783e+01
2.690000e-06	3.614636e-06	7.307903e-10	2.514077e+01	5.237603e+01
2.700000e-06	3.650320e-06	7.343754e-10	2.538896e+01	5.262645e+01
2.710000e-06	3.685830e-06	7.405465e-10	2.563595e+01	5.285969e+01
2.720000e-06	3.721050e-06	7.481341e-10	2.588091e+01	5.307640e+01
2.730000e-06	3.755961e-06	7.560957e-10	2.612373e+01	5.327726e+01
2.740000e-06	3.790482e-06	7.603875e-10	2.636383e+01	5.346296e+01
2.750000e-06	3.824472e-06	7.617295e-10	2.660024e+01	5.363426e+01
2.760000e-06	3.857935e-06	7.594089e-10	2.683298e+01	5.379194e+01
2.770000e-06	3.890954e-06	7.564814e-10	2.706264e+01	5.393678e+01
2.780000e-06	3.923562e-06	7.585575e-10	2.728944e+01	5.406964e+01
2.790000e-06	3.955823e-06	7.637960e-10	2.751382e+01	5.419136e+01
2.800000e-06	3.987856e-06	7.686788e-10	2.773662e+01	5.430281e+01
2.810000e-06	4.019720e-06	7.724662e-10	2.795824e+01	5.440487e+01
2.820000e-06	4.051449e-06	7.742640e-10	2.817893e+01	5.449842e+01
2.830000e-06	4.083000e-06	7.770584e-10	2.839837e+01	5.458435e+01
2.840000e-06	4.114313e-06	7.802773e-10	2.861616e+01	5.466350e+01
2.850000e-06	4.145444e-06	7.825489e-10	2.883269e+01	5.473673e+01
2.860000e-06	4.176262e-06	7.811037e-10	2.904703e+01	5.480484e+01
2.870000e-06	4.206647e-06	7.798566e-10	2.925837e+01	5.486860e+01
2.880000e-06	4.236729e-06	7.820392e-10	2.946759e+01	5.492874e+01
2.890000e-06	4.266553e-06	7.872538e-10	2.967503e+01	5.498590e+01
2.900000e-06	4.296124e-06	7.919036e-10	2.988070e+01	5.504070e+01
2.910000e-06	4.325407e-06	7.928342e-10	3.008437e+01	5.509367e+01
2.920000e-06	4.354407e-06	7.925597e-10	3.028608e+01	5.514524e+01
2.930000e-06	4.383108e-06	7.923001e-10	3.048570e+01	5.519579e+01
2.940000e-06	4.411485e-06	7.914604e-10	3.068307e+01	5.524561e+01
2.950000e-06	4.439622e-06	7.897303e-10	3.087877e+01	5.529490e+01
2.960000e-06	4.467527e-06	7.905533e-10	3.107286e+01	5.534376e+01
2.970000e-06	4.495236e-06	7.944953e-10	3.126558e+01	5.539222e+01
2.980000e-06	4.522822e-06	7.985864e-10	3.145745e+01	5.544023e+01
2.990000e-06	4.550224e-06	8.015355e-10	3.164804e+01	5.548764e+01
3.000000e-06	4.577315e-06	8.040372e-10	3.183646e+01	5.553425e+01
3.010000e-06	4.603989e-06	8.061742e-10	3.202199e+01	5.557979e+01
3.020000e-06	4.630037e-06	8.053969e-10	3.220316e+01	5.562393e+01
3.030000e-06	4.655387e-06	8.039409e-10	3.237948e+01	5.566628e+01
3.040000e-06	4.680142e-06	8.053331e-10	3.255165e+01	5.570643e+01
3.050000e-06	4.704472e-06	8.076434e-10	3.272088e+01	5.574394e+01
3.060000e-06	4.728525e-06	8.105150e-10	3.288817e+01	5.577835e+01
3.070000e-06	4.752348e-06	8.118350e-10	3.305386e+01	5.580920e+01
3.080000e-06	4.776011e-06	8.103419e-10	3.321845e+01	5.583605e+01
3.090000e-06	4.799354e-06	8.075839e-10	3.338081e+01	5.585847e+01
3.100000e-06	4.822324e-06	8.055076e-10	3.354057e+01	5.587606e+01
3.110000e-06	4.845011e-06	8.053118e-10	3.369836e+01	5.588847e+01
3.120000e-06	4.867358e-06	8.089721e-10	3.385379e+01	5.589541e+01
3.130000e-06	4.889340e-06	8.169365e-10	3.400668e+01	5.589663e+01
3.140000e-06	4.911026e-06	8.258429e-10	3.415752e+01	5.589198e+01
3.150000e-06	4.932371e-06	8.298192e-10	3.430598e+01	5.588136e+01
3.160000e-06	4.953284e-06	8.295279e-10	3.445143e+01	5.586476e+01
3.170000e-06	4.973863e-06	8.266004e-10	3.459456e+01	5.584224e+01
3.180000e-06	4.994123e-06	8.217094e-10	3.473548e+01	5.581394e+01
3.190000e-06	5.014105e-06	8.176327e-10	3.487446e+01	5.578009e+01
3.200000e-06	5.033911e-06	8.174048e-10	3.501222e+01	5.574098e+01
3.210000e-06	5.053526e-06	8.215101e-10	3.514864e+01	5.569700e+01
3.220000e-06	5.072883e-06	8.266249e-10	3.528328e+01	5.564858e+01
3.230000e-06	5.091914e-06	8.302365e-10	3.541564e+01	5.559619e+01
3.240000e-06	5.110489e-06	8.308449e-10	3.554483e+01	5.554038e+01
3.250000e-06	5.128588e-06	8.274885e-10	3.567072e+01	5.548173e+01
3.260000e-06	5.146286e-06	8.237563e-10	3.579381e+01	5.542081e+01
3.270000e-06	5.163644e-06	8.235376e-10	3.591454e+01	5.535825e+01
3.280000e-06	5.180666e-06	8.265686e-10	3.603294e+01	5.529466e+01
3.290000e-06	5.197324e-06	8.305752e-10	3.614879e+01	5.523061e+01
3.300000e-06	5.213676e-06	8.347000e-10	3.626253e+01	5.516670e+01
3.310000e-06	5.229672e-06	8.381091e-10	3.637378e+01	5.510344e+01
3.320000e-06	5.245238e-06	8.408923e-10	3.648205e+01	5.504135e+01
3.330000e-06	5.260250e-06	8.418671e-10	3.658646e+01	5.498084e+01
3.340000e-06	5.274741e-06	8.403011e-10	3.668725e+01	5.492229e+01
3.350000e-06	5.288919e-06	8.371916e-10	3.678586e+01	5.486600e+01
3.360000e-06	5.302796e-06	8.345836e-10	3.688238e+01	5.481220e+01
3.370000e-06	5.316276e-06	8.344962e-10	3.697614e+01	5.476104e+01
3.380000e-06	5.329284e-06	8.343146e-10	3.706661e+01	5.471257e+01
3.390000e-06	5.341843e-06	8.348739e-10	3.715396e+01	5.466680e+01
3.400000e-06	5.354000e-06	8.377215e-10	3.723852e+01	5.462363e+01
3.410000e-06	5.365814e-06	8.414567e-10	3.732069e+01	5.458291e+01
3.420000e-06	5.377368e-06	8.443615e-10	3.740105e+01	5.454441e+01
3.430000e-06	5.388577e-06	8.459638e-10	3.747901e+01	5.450784e+01
3.440000e-06	5.399331e-06	8.452108e-10	3.755381e+01	5.447289e+01
3.450000e-06	5.409514e-06	8.446412e-10	3.762464e+01	5.443918e+01
3.460000e-06	5.418889e-06	8.471890e-10	3.768984e+01	5.440632e+01
3.470000e-06	5.427560e-06	8.503292e-10	3.775015e+01	5.437389e+01
3.480000e-06	5.435786e-06	8.520925e-10	3.780736e+01	5.434150e+01
3.490000e-06	5.443694e-06	8.517239e-10	3.786236e+01	5.430873e+01
3.500000e-06	5.451348e-06	8.498140e-10	3.791560e+01	5.427523e+01
3.510000e-06	5.458792e-06	8.482305e-10	3.796738e+01	5.424064e+01
3.520000e-06	5.465920e-06	8.477021e-10	3.801695e+01	5.420468e+01
3.530000e-06	5.472570e-06	8.497873e-10	3.806320e+01	5.416711e+01
3.540000e-06	5.478851e-06	8.527120e-10	3.810689e+01	5.412776e+01
3.550000e-06	5.484827e-06	8.543865e-10	3.814845e+01	5.408654e+01
3.560000e-06	5.490454e-06	8.538319e-10	3.818759e+01	5.404342e+01
3.570000e-06	5.495719e-06	8.497701e-10	3.822421e+01	5.399846e+01
3.580000e-06	5.500541e-06	8.464026e-10	3.825775e+01	5.395181e+01
3.590000e-06	5.504936e-06	8.444605e-10	3.828832e+01	5.390370e+01
3.600000e-06	5.508990e-06	8.471993e-10	3.831651e+01	5.385441e+01
3.610000e-06	5.512816e-06	8.530920e-10	3.834312e+01	5.380433e+01
3.620000e-06	5.516469e-06	8.593109e-10	3.836854e+01	5.375389e+01
3.630000e-06	5.519900e-06	8.628793e-10	3.839239e+01	5.370360e+01
3.640000e-06	5.523055e-06	8.608751e-10	3.841434e+01	5.365398e+01
3.650000e-06	5.525682e-06	8.554420e-10	3.843262e+01	5.360562e+01
3.660000e-06	5.527561e-06	8.502610e-10	3.844568e+01	5.355912e+01
3.670000e-06	5.528748e-06	8.479364e-10	3.845394e+01	5.351507e+01
3.680000e-06	5.529407e-06	8.482968e-10	3.845852e+01	5.347407e+01
3.690000e-06	5.529620e-06	8.500118e-10	3.846000e+01	5.343669e+01
3.700000e-06	5.529491e-06	8.512196e-10	3.845910e+01	5.340347e+01
3.710000e-06	5.529166e-06	8.509123e-10	3.845684e+01	5.337490e+01
3.720000e-06	5.528588e-06	8.491515e-10	3.845283e+01	5.335138e+01
3.730000e-06	5.527650e-06	8.462918e-10	3.844630e+01	5.333328e+01
3.740000e-06	5.526321e-06	8.414468e-10	3.843706e+01	5.332085e+01
3.750000e-06	5.524626e-06	8.419640e-10	3.842527e+01	5.331424e+01
3.760000e-06	5.522608e-06	8.590059e-10	3.841123e+01	5.331354e+01
3.770000e-06	5.520254e-06	8.761847e-10	3.839486e+01	5.331868e+01
3.780000e-06	5.517516e-06	8.450662e-10	3.837582e+01	5.332953e+01
3.790000e-06	5.514275e-06	7.681547e-10	3.835327e+01	5.334581e+01
3.800000e-06	5.510492e-06	7.614232e-10	3.832696e+01	5.336718e+01
3.810000e-06	5.506276e-06	8.876008e-10	3.829764e+01	5.339317e+01
3.820000e-06	5.501893e-06	9.446691e-10	3.826715e+01	5.342321e+01
3.830000e-06	5.497464e-06	8.471192e-10	3.823635e+01	5.345668e+01
3.840000e-06	5.492625e-06	7.880377e-10	3.820269e+01	5.349287e+01
3.850000e-06	5.487098e-06	8.544011e-10	3.816425e+01	5.353102e+01
3.860000e-06	5.481064e-06	9.234410e-10	3.812228e+01	5.357031e+01
3.870000e-06	5.474814e-06	8.165295e-10	3.807881e+01	5.360991e+01
3.880000e-06	5.468151e-06	7.517176e-10	3.803247e+01	5.364899e+01
3.890000e-06	5.460763e-06	8.885553e-10	3.798108e+01	5.368672e+01
3.900000e-06	5.452844e-06	9.943194e-10	3.792600e+01	5.372228e+01
3.910000e-06	5.444707e-06	8.466936e-10	3.786941e+01	5.375491e+01
3.920000e-06	5.436244e-06	6.967026e-10	3.781055e+01	5.378391e+01
3.930000e-06	5.427265e-06	8.246584e-10	3.774809e+01	5.380866e+01
3.940000e-06	5.418038e-06	9.553754e-10	3.768392e+01	5.382862e+01
3.950000e-06	5.408669e-06	8.723472e-10	3.761875e+01	5.384336e+01
3.960000e-06	5.398835e-06	7.727294e-10	3.755036e+01	5.385254e+01
3.970000e-06	5.388453e-06	8.630439e-10	3.747815e+01	5.385596e+01
3.980000e-06	5.377752e-06	9.046701e-10	3.740372e+01	5.385356e+01
3.990000e-06	5.366805e-06	8.106924e-10	3.732758e+01	5.384537e+01
4.000000e-06	5.355459e-06	7.696690e-10	3.724867e+01	5.383158e+01
4.010000e-06	5.343663e-06	8.554602e-10	3.716662e+01	5.381249e+01
4.020000e-06	5.331500e-06	8.717904e-10	3.708203e+01	5.378852e+01
4.030000e-06	5.318876e-06	8.011593e-10	3.699422e+01	5.376022e+01
4.040000e-06	5.305672e-06	7.905003e-10	3.690239e+01	5.372822e+01
4.050000e-06	5.292020e-06	8.573524e-10	3.680743e+01	5.369325e+01
4.060000e-06	5.277996e-06	8.543171e-10	3.670989e+01	5.365612e+01
4.070000e-06	5.263329e-06	7.826134e-10	3.660788e+01	5.361770e+01
4.080000e-06	5.247936e-06	7.930377e-10	3.650081e+01	5.357889e+01
4.090000e-06	5.232166e-06	8.909211e-10	3.639113e+01	5.354061e+01
4.100000e-06	5.216107e-06	8.894785e-10	3.627943e+01	5.350382e+01
4.110000e-06	5.199626e-06	7.799468e-10	3.616480e+01	5.346942e+01
4.120000e-06	5.182887e-06	7.965801e-10	3.604838e+01	5.343831e+01
4.130000e-06	5.165998e-06	8.952281e-10	3.593092e+01	5.341133e+01
4.140000e-06	5.148661e-06	8.506088e-10	3.581033e+01	5.338925e+01
4.150000e-06	5.130822e-06	7.677588e-10	3.568625e+01	5.337275e+01
4.160000e-06	5.112692e-06	8.556639e-10	3.556016e+01	5.336243e+01
4.170000e-06	5.094269e-06	8.909917e-10	3.543202e+01	5.335876e+01
4.180000e-06	5.075478e-06	7.812077e-10	3.530132e+01	5.336211e+01
4.190000e-06	5.056337e-06	7.941522e-10	3.516819e+01	5.337273e+01
4.200000e-06	5.036900e-06	9.001585e-10	3.503300e+01	5.339071e+01
4.210000e-06	5.017106e-06	8.226189e-10	3.489533e+01	5.341604e+01
4.220000e-06	4.997017e-06	7.644268e-10	3.475560e+01	5.344857e+01
4.230000e-06	4.976768e-06	8.706130e-10	3.461477e+01	5.348802e+01
4.240000e-06	4.956297e-06	8.733326e-10	3.447239e+01	5.353401e+01
4.250000e-06	4.935513e-06	7.799199e-10	3.432783e+01	5.358602e+01
4.260000e-06	4.914371e-06	8.436777e-10	3.418078e+01	5.364345e+01
4.270000e-06	4.892659e-06	8.804842e-10	3.402977e+01	5.370563e+01
4.280000e-06	4.870206e-06	7.897480e-10	3.387360e+01	5.377178e+01
4.290000e-06	4.847247e-06	8.165544e-10	3.371391e+01	5.384111e+01
4.300000e-06	4.823915e-06	8.956964e-10	3.355163e+01	5.391277e+01
4.310000e-06	4.800189e-06	8.224440e-10	3.338661e+01	5.398590e+01
4.320000e-06	4.776142e-06	7.928541e-10	3.321936e+01	5.405962e+01
4.330000e-06	4.751848e-06	8.703998e-10	3.305038e+01	5.413310e+01
4.340000e-06	4.727318e-06	8.481398e-10	3.287977e+01	5.420552e+01
4.350000e-06	4.702592e-06	8.002503e-10	3.270780e+01	5.427613e+01
4.360000e-06	4.677632e-06	8.516494e-10	3.253420e+01	5.434423e+01
4.370000e-06	4.652238e-06	8.556540e-10	3.235757e+01	5.440921e+01
4.380000e-06	4.626416e-06	8.136900e-10	3.217798e+01	5.447055e+01
4.390000e-06	4.600284e-06	8.499760e-10	3.199622e+01	5.452784e+01
4.400000e-06	4.573865e-06	8.685083e-10	3.181247e+01	5.458076e+01
4.410000e-06	4.547104e-06	8.276146e-10	3.162634e+01	5.462910e+01
4.420000e-06	4.520049e-06	8.329281e-10	3.143817e+01	5.467280e+01
4.430000e-06	4.492679e-06	8.569276e-10	3.124779e+01	5.471188e+01
4.440000e-06	4.464964e-06	8.360177e-10	3.105503e+01	5.474647e+01
4.450000e-06	4.437013e-06	8.385894e-10	3.086062e+01	5.477682e+01
4.460000e-06	4.408890e-06	8.563537e-10	3.066502e+01	5.480329e+01
4.470000e-06	4.380614e-06	8.363035e-10	3.046835e+01	5.482629e+01
4.480000e-06	4.352090e-06	8.245464e-10	3.026996e+01	5.484633e+01
4.490000e-06	4.323296e-06	8.440258e-10	3.006969e+01	5.486399e+01
4.500000e-06	4.294105e-06	8.361328e-10	2.986666e+01	5.487987e+01
4.510000e-06	4.264459e-06	8.230632e-10	2.966047e+01	5.489464e+01
4.520000e-06	4.234339e-06	8.399850e-10	2.945097e+01	5.490895e+01
4.530000e-06	4.203598e-06	8.484510e-10	2.923716e+01	5.492348e+01
4.540000e-06	4.172284e-06	8.340441e-10	2.901936e+01	5.493887e+01
4.550000e-06	4.140613e-06	8.430300e-10	2.879908e+01	5.495575e+01
4.560000e-06	4.108759e-06	8.508911e-10	2.857753e+01	5.497469e+01
4.570000e-06	4.076714e-06	8.323960e-10	2.835465e+01	5.499622e+01
4.580000e-06	4.044487e-06	8.276218e-10	2.813050e+01	5.502078e+01
4.590000e-06	4.012072e-06	8.463555e-10	2.790505e+01	5.504874e+01
4.600000e-06	3.979434e-06	8.435991e-10	2.767804e+01	5.508039e+01
4.610000e-06	3.946578e-06	8.337859e-10	2.744952e+01	5.511592e+01
4.620000e-06	3.913448e-06	8.437289e-10	2.721909e+01	5.515542e+01
4.630000e-06	3.880112e-06	8.473024e-10	2.698723e+01	5.519888e+01
4.640000e-06	3.846501e-06	8.386206e-10	2.675346e+01	5.524621e+01
4.650000e-06	3.812523e-06	8.449895e-10	2.651713e+01	5.529719e+01
4.660000e-06	3.778291e-06	8.519694e-10	2.627903e+01	5.535155e+01
4.670000e-06	3.743820e-06	8.402173e-10	2.603928e+01	5.540892e+01
4.680000e-06	3.709068e-06	8.381251e-10	2.579757e+01	5.546885e+01
4.690000e-06	3.674032e-06	8.513705e-10	2.555389e+01	5.553084e+01
4.700000e-06	3.638726e-06	8.514947e-10	2.530832e+01	5.559433e+01
4.710000e-06	3.603163e-06	8.461536e-10	2.506097e+01	5.565873e+01
4.720000e-06	3.567378e-06	8.566000e-10	2.481208e+01	5.572342e+01
4.730000e-06	3.531427e-06	8.636039e-10	2.456203e+01	5.578777e+01
4.740000e-06	3.495359e-06	8.595650e-10	2.431116e+01	5.585113e+01
4.750000e-06	3.459176e-06	8.608312e-10	2.405951e+01	5.591291e+01
4.760000e-06	3.422850e-06	8.648959e-10	2.380685e+01	5.597252e+01
4.770000e-06	3.386347e-06	8.593639e-10	2.355296e+01	5.602940e+01
4.780000e-06	3.349607e-06	8.609678e-10	2.329742e+01	5.608307e+01
4.790000e-06	3.312601e-06	8.701864e-10	2.304003e+01	5.613308e+01
4.800000e-06	3.275290e-06	8.727798e-10	2.278053e+01	5.617908e+01
4.810000e-06	3.237536e-06	8.714394e-10	2.251794e+01	5.622076e+01
4.820000e-06	3.199397e-06	8.757723e-10	2.225267e+01	5.625791e+01
4.830000e-06	3.160879e-06	8.769098e-10	2.198477e+01	5.629039e+01
4.840000e-06	3.121922e-06	8.737585e-10	2.171381e+01	5.631815e+01
4.850000e-06	3.082601e-06	8.742085e-10	2.144032e+01	5.634119e+01
4.860000e-06	3.043044e-06	8.767883e-10	2.116519e+01	5.635963e+01
4.870000e-06	3.003309e-06	8.767802e-10	2.088883e+01	5.637362e+01
4.880000e-06	2.963365e-06	8.806188e-10	2.061100e+01	5.638338e+01
4.890000e-06	2.923243e-06	8.853146e-10	2.033195e+01	5.638918e+01
4.900000e-06	2.883022e-06	8.837986e-10	2.005220e+01	5.639135e+01
4.910000e-06	2.842729e-06	8.796475e-10	1.977195e+01	5.639023e+01
4.920000e-06	2.802321e-06	8.765669e-10	1.949090e+01	5.638620e+01
4.930000e-06	2.761791e-06	8.751916e-10	1.920900e+01	5.637961e+01
4.940000e-06	2.721106e-06	8.788867e-10	1.892603e+01	5.637086e+01
4.950000e-06	2.680234e-06	8.858042e-10	1.864176e+01	5.636027e+01
4.960000e-06	2.639180e-06	8.896899e-10	1.835621e+01	5.634819e+01
4.970000e-06	2.597869e-06	8.899852e-10	1.806888e+01	5.633489e+01
4.980000e-06	2.556299e-06	8.913730e-10	1.777975e+01	5.632060e+01
4.990000e-06	2.514545e-06	8.925571e-10	1.748934e+01	5.630548e+01
5.000000e-06	2.472656e-06	8.879701e-10	1.719799e+01	5.628965e+01
5.010000e-06	2.430618e-06	8.830837e-10	1.690560e+01	5.627313e+01
5.020000e-06	2.388415e-06	8.818641e-10	1.661207e+01	5.625586e+01
5.030000e-06	2.346118e-06	8.831773e-10	1.631789e+01	5.623770e+01
5.040000e-06	2.303724e-06	8.866303e-10	1.602303e+01	5.621843e+01
5.050000e-06	2.261104e-06	8.911494e-10	1.572659e+01	5.619773e+01
5.060000e-06	2.218272e-06	8.927578e-10	1.542868e+01	5.617522e+01
5.070000e-06	2.175262e-06	8.911026e-10	1.512954e+01	5.615041e+01
5.080000e-06	2.132038e-06	8.873110e-10	1.482890e+01	5.612276e+01
5.090000e-06	2.088646e-06	8.809562e-10	1.452709e+01	5.609164e+01
5.100000e-06	2.045141e-06	8.743507e-10	1.422451e+01	5.605636e+01
5.110000e-06	2.001531e-06	8.731589e-10	1.392119e+01	5.601618e+01
5.120000e-06	1.957741e-06	8.756816e-10	1.361662e+01	5.597031e+01
5.130000e-06	1.913805e-06	8.793803e-10	1.331103e+01	5.591793e+01
5.140000e-06	1.869798e-06	8.817061e-10	1.300495e+01	5.585819e+01
5.150000e-06	1.825739e-06	8.825164e-10	1.269851e+01	5.579022e+01
5.160000e-06	1.781617e-06	8.807162e-10	1.239163e+01	5.571313e+01
5.170000e-06	1.737452e-06	8.785906e-10	1.208445e+01	5.562606e+01
5.180000e-06	1.693203e-06	8.787778e-10	1.177669e+01	5.552815e+01
5.190000e-06	1.648843e-06	8.789302e-10	1.146815e+01	5.541854e+01
5.200000e-06	1.604414e-06	8.759683e-10	1.115913e+01	5.529642e+01
5.210000e-06	1.559961e-06	8.727926e-10	1.084995e+01	5.516100e+01
5.220000e-06	1.515415e-06	8.713112e-10	1.054012e+01	5.501153e+01
5.230000e-06	1.470734e-06	8.708667e-10	1.022936e+01	5.484730e+01
5.240000e-06	1.425914e-06	8.694916e-10	9.917616e+00	5.466765e+01
5.250000e-06	1.381029e-06	8.677218e-10	9.605433e+00	5.447196e+01
5.260000e-06	1.336097e-06	8.651133e-10	9.292914e+00	5.425964e+01
5.270000e-06	1.291011e-06	8.611314e-10	8.979334e+00	5.403017e+01
5.280000e-06	1.245807e-06	8.569525e-10	8.664922e+00	5.378304e+01
5.290000e-06	1.200508e-06	8.531943e-10	8.349859e+00	5.351780e+01
5.300000e-06	1.155143e-06	8.501927e-10	8.034335e+00	5.323402e+01
5.310000e-06	1.109685e-06	8.479959e-10	7.718159e+00	5.293131e+01
5.320000e-06	1.064145e-06	8.473697e-10	7.401416e+00	5.260927e+01
5.330000e-06	1.018569e-06	8.456281e-10	7.084420e+00	5.226754e+01
5.340000e-06	9.728584e-07	8.421067e-10	6.766493e+00	5.190577e+01
5.350000e-06	9.270513e-07	8.355163e-10	6.447892e+00	5.152359e+01
5.360000e-06	8.813243e-07	8.265974e-10	6.129849e+00	5.112064e+01
5.370000e-06	8.355590e-07	8.181558e-10	5.811539e+00	5.069655e+01
5.380000e-06	7.896061e-07	8.138593e-10	5.491924e+00	5.025092e+01
5.390000e-06	7.435230e-07	8.112768e-10	5.171404e+00	4.978333e+01
5.400000e-06	6.973996e-07	8.056165e-10	4.850603e+00	4.929336e+01
5.410000e-06	6.513471e-07	7.973306e-10	4.530295e+00	4.878051e+01
5.420000e-06	6.052883e-07	7.882769e-10	4.209944e+00	4.824430e+01
5.430000e-06	5.591270e-07	7.772733e-10	3.888880e+00	4.768420e+01
5.440000e-06	5.128702e-07	7.666784e-10	3.567151e+00	4.709962e+01
5.450000e-06	4.665336e-07	7.585295e-10	3.244868e+00	4.648999e+01
5.460000e-06	4.201497e-07	7.509526e-10	2.922255e+00	4.585468e+01
5.470000e-06	3.737141e-07	7.423620e-10	2.599283e+00	4.519304e+01
5.480000e-06	3.272923e-07	7.354074e-10	2.276406e+00	4.450442e+01
5.490000e-06	2.808334e-07	7.289810e-10	1.953272e+00	4.378815e+01
5.500000e-06	2.343440e-07	7.188855e-10	1.629926e+00	4.304354e+01
5.510000e-06	1.878584e-07	7.057784e-10	1.306606e+00	4.226995e+01
5.520000e-06	1.413497e-07	6.922441e-10	9.831252e-01	4.146670e+01
5.530000e-06	9.483880e-08	6.765681e-10	6.596295e-01	4.063318e+01
5.540000e-06	4.836792e-08	6.601745e-10	3.364119e-01	3.976879e+01
5.550000e-06	1.984022e-09	6.470167e-10	1.379941e-02	3.887298e+01
5.560000e-06	-4.446056e-08	6.345418e-10	-3.092352e-01	3.794527e+01
5.570000e-06	-9.098965e-08	6.206284e-10	-6.328576e-01	3.698521e+01
5.580000e-06	-1.374298e-07	6.056107e-10	-9.558617e-01	3.599248e+01
5.590000e-06	-1.837931e-07	5.905707e-10	-1.278331e+00	3.496681e+01
5.600000e-06	-2.301233e-07	5.761728e-10	-1.600570e+00	3.390803e+01
5.610000e-06	-2.764444e-07	5.601653e-10	-1.922745e+00	3.281608e+01
5.620000e-06	-3.228152e-07	5.416100e-10	-2.245267e+00	3.169103e+01
5.630000e-06	-3.691781e-07	5.205389e-10	-2.567734e+00	3.053305e+01
5.640000e-06	-4.154659e-07	5.000876e-10	-2.889678e+00	2.934244e+01
5.650000e-06	-4.616928e-07	4.812023e-10	-3.211198e+00	2.811964e+01
5.660000e-06	-5.079619e-07	4.616329e-10	-3.533012e+00	2.686521e+01
5.670000e-06	-5.542026e-07	4.429649e-10	-3.854629e+00	2.557986e+01
5.680000e-06	-6.003987e-07	4.234204e-10	-4.175936e+00	2.426443e+01
5.690000e-06	-6.465838e-07	4.011223e-10	-4.497165e+00	2.291991e+01
5.700000e-06	-6.927037e-07	3.744520e-10	-4.817941e+00	2.154742e+01
5.710000e-06	-7.388188e-07	3.440408e-10	-5.138685e+00	2.014821e+01
5.720000e-06	-7.848999e-07	3.150765e-10	-5.459191e+00	1.872367e+01
5.730000e-06	-8.308601e-07	2.900827e-10	-5.778856e+00	1.727530e+01
5.740000e-06	-8.766678e-07	2.661805e-10	-6.097461e+00	1.580473e+01
5.750000e-06	-9.224168e-07	2.431148e-10	-6.415659e+00	1.431371e+01
5.760000e-06	-9.680775e-07	2.209606e-10	-6.733241e+00	1.280406e+01
5.770000e-06	-1.013604e-06	1.980862e-10	-7.049893e+00	1.127773e+01
5.780000e-06	-1.059149e-06	1.714096e-10	-7.366664e+00	9.736742e+00
5.790000e-06	-1.104618e-06	1.404229e-10	-7.682916e+00	8.183182e+00
5.800000e-06	-1.149840e-06	1.100277e-10	-7.997451e+00	6.619208e+00
5.810000e-06	-1.194912e-06	8.098277e-11	-8.310937e+00	5.047025e+00
5.820000e-06	-1.239981e-06	5.266901e-11	-8.624405e+00	3.468880e+00
5.830000e-06	-1.284997e-06	2.741407e-11	-8.937499e+00	1.887043e+00
5.840000e-06	-1.329831e-06	2.896772e-12	-9.249337e+00	3.037986e-01
5.850000e-06	-1.374561e-06	-2.429660e-11	-9.560442e+00	-1.278565e+00
5.860000e-06	-1.419263e-06	-5.281151e-11	-9.871361e+00	-2.857770e+00
5.870000e-06	-1.463897e-06	-8.034650e-11	-1.018180e+01	-4.431564e+00
5.880000e-06	-1.508456e-06	-1.082046e-10	-1.049172e+01	-5.997725e+00
5.890000e-06	-1.552906e-06	-1.360155e-10	-1.080088e+01	-7.554080e+00
5.900000e-06	-1.597260e-06	-1.636233e-10	-1.110937e+01	-9.098510e+00
5.910000e-06	-1.641577e-06	-1.909733e-10	-1.141761e+01	-1.062896e+01
5.920000e-06	-1.685846e-06	-2.167928e-10	-1.172551e+01	-1.214347e+01
5.930000e-06	-1.730066e-06	-2.427191e-10	-1.203308e+01	-1.364014e+01
5.940000e-06	-1.774242e-06	-2.662843e-10	-1.234033e+01	-1.511717e+01
5.950000e-06	-1.818362e-06	-2.900720e-10	-1.264720e+01	-1.657288e+01
5.960000e-06	-1.862425e-06	-3.155763e-10	-1.295367e+01	-1.800568e+01
5.970000e-06	-1.906372e-06	-3.411701e-10	-1.325933e+01	-1.941410e+01
5.980000e-06	-1.950172e-06	-3.664019e-10	-1.356398e+01	-2.079679e+01
5.990000e-06	-1.993830e-06	-3.910790e-10	-1.386763e+01	-2.215252e+01
6.000000e-06	-2.037367e-06	-4.149007e-10	-1.417044e+01	-2.348018e+01
6.010000e-06	-2.080761e-06	-4.349266e-10	-1.447226e+01	-2.477879e+01
6.020000e-06	-2.123949e-06	-4.550129e-10	-1.477264e+01	-2.604750e+01
6.030000e-06	-2.166979e-06	-4.755674e-10	-1.507192e+01	-2.728558e+01
6.040000e-06	-2.209884e-06	-4.971205e-10	-1.537034e+01	-2.849243e+01
6.050000e-06	-2.252672e-06	-5.182101e-10	-1.566794e+01	-2.966756e+01
6.060000e-06	-2.295306e-06	-5.376768e-10	-1.596447e+01	-3.081062e+01
6.070000e-06	-2.337735e-06	-5.559343e-10	-1.625958e+01	-3.192135e+01
6.080000e-06	-2.379998e-06	-5.729042e-10	-1.655353e+01	-3.299961e+01
6.090000e-06	-2.422118e-06	-5.883124e-10	-1.684649e+01	-3.404536e+01
6.100000e-06	-2.464097e-06	-6.016408e-10	-1.713846e+01	-3.505866e+01
6.110000e-06	-2.505901e-06	-6.165218e-10	-1.742922e+01	-3.603964e+01
6.120000e-06	-2.547502e-06	-6.341831e-10	-1.771856e+01	-3.698855e+01
6.130000e-06	-2.588906e-06	-6.518757e-10	-1.800654e+01	-3.790566e+01
6.140000e-06	-2.630110e-06	-6.704716e-10	-1.829313e+01	-3.879134e+01
6.150000e-06	-2.671142e-06	-6.897746e-10	-1.857852e+01	-3.964600e+01
6.160000e-06	-2.711968e-06	-7.041092e-10	-1.886247e+01	-4.047011e+01
6.170000e-06	-2.752613e-06	-7.149892e-10	-1.914517e+01	-4.126415e+01
6.180000e-06	-2.793140e-06	-7.238823e-10	-1.942705e+01	-4.202868e+01
6.190000e-06	-2.833472e-06	-7.323620e-10	-1.970757e+01	-4.276422e+01
6.200000e-06	-2.873624e-06	-7.426657e-10	-1.998683e+01	-4.347136e+01
6.210000e-06	-2.913715e-06	-7.547337e-10	-2.026567e+01	-4.415067e+01
6.220000e-06	-2.953675e-06	-7.664640e-10	-2.054361e+01	-4.480272e+01
6.230000e-06	-2.993471e-06	-7.787651e-10	-2.082040e+01	-4.542809e+01
6.240000e-06	-3.033117e-06	-7.896228e-10	-2.109615e+01	-4.602736e+01
6.250000e-06	-3.072587e-06	-7.995338e-10	-2.137068e+01	-4.660108e+01
6.260000e-06	-3.111767e-06	-8.080822e-10	-2.164318e+01	-4.714981e+01
6.270000e-06	-3.150575e-06	-8.133514e-10	-2.191310e+01	-4.767409e+01
6.280000e-06	-3.188904e-06	-8.201259e-10	-2.217969e+01	-4.817443e+01
6.290000e-06	-3.226827e-06	-8.281675e-10	-2.244345e+01	-4.865134e+01
6.300000e-06	-3.264482e-06	-8.378397e-10	-2.270536e+01	-4.910533e+01
6.310000e-06	-3.301766e-06	-8.494096e-10	-2.296467e+01	-4.953689e+01
6.320000e-06	-3.338744e-06	-8.603698e-10	-2.322187e+01	-4.994650e+01
6.330000e-06	-3.375457e-06	-8.696627e-10	-2.347722e+01	-5.033465e+01
6.340000e-06	-3.411915e-06	-8.766870e-10	-2.373079e+01	-5.070180e+01
6.350000e-06	-3.448216e-06	-8.826331e-10	-2.398327e+01	-5.104845e+01
6.360000e-06	-3.484391e-06	-8.845700e-10	-2.423488e+01	-5.137510e+01
6.370000e-06	-3.520396e-06	-8.835843e-10	-2.448530e+01	-5.168226e+01
6.380000e-06	-3.556210e-06	-8.855371e-10	-2.473440e+01	-5.197045e+01
6.390000e-06	-3.591835e-06	-8.924112e-10	-2.498218e+01	-5.224024e+01
6.400000e-06	-3.627144e-06	-9.010509e-10	-2.522777e+01	-5.249218e+01
6.410000e-06	-3.662178e-06	-9.064992e-10	-2.547144e+01	-5.272690e+01
6.420000e-06	-3.697013e-06	-9.085230e-10	-2.571373e+01	-5.294504e+01
6.430000e-06	-3.731614e-06	-9.114853e-10	-2.595439e+01	-5.314725e+01
6.440000e-06	-3.765938e-06	-9.139697e-10	-2.619312e+01	-5.333426e+01
6.450000e-06	-3.799971e-06	-9.145783e-10	-2.642983e+01	-5.350681e+01
6.460000e-06	-3.833704e-06	-9.155926e-10	-2.666445e+01	-5.366566e+01
6.470000e-06	-3.867151e-06	-9.155241e-10	-2.689708e+01	-5.381161e+01
6.480000e-06	-3.900343e-06	-9.163551e-10	-2.712794e+01	-5.394550e+01
6.490000e-06	-3.933264e-06	-9.189248e-10	-2.735691e+01	-5.406819e+01
6.500000e-06	-3.965878e-06	-9.252021e-10	-2.758375e+01	-5.418053e+01
6.510000e-06	-3.998236e-06	-9.315804e-10	-2.780881e+01	-5.428341e+01
6.520000e-06	-4.030477e-06	-9.358704e-10	-2.803306e+01	-5.437771e+01
6.530000e-06	-4.062619e-06	-9.389355e-10	-2.825661e+01	-5.446430e+01
6.540000e-06	-4.094570e-06	-9.356896e-10	-2.847884e+01	-5.454406e+01
6.550000e-06	-4.126162e-06	-9.301964e-10	-2.869857e+01	-5.461782e+01
6.560000e-06	-4.157396e-06	-9.270809e-10	-2.891581e+01	-5.468640e+01
6.570000e-06	-4.188235e-06	-9.265450e-10	-2.913031e+01	-5.475056e+01
6.580000e-06	-4.218612e-06	-9.280253e-10	-2.934159e+01	-5.481104e+01
6.590000e-06	-4.248517e-06	-9.312584e-10	-2.954958e+01	-5.486850e+01
6.600000e-06	-4.277936e-06	-9.349904e-10	-2.975420e+01	-5.492355e+01
6.610000e-06	-4.306889e-06	-9.382492e-10	-2.995558e+01	-5.497671e+01
6.620000e-06	-4.335473e-06	-9.402200e-10	-3.015439e+01	-5.502846e+01
6.630000e-06	-4.363884e-06	-9.408774e-10	-3.035200e+01	-5.507916e+01
6.640000e-06	-4.392162e-06	-9.404946e-10	-3.054868e+01	-5.512910e+01
6.650000e-06	-4.420227e-06	-9.400663e-10	-3.074388e+01	-5.517849e+01
6.660000e-06	-4.448030e-06	-9.418871e-10	-3.093725e+01	-5.522745e+01
6.670000e-06	-4.475555e-06	-9.443271e-10	-3.112870e+01	-5.527602e+01
6.680000e-06	-4.502712e-06	-9.451104e-10	-3.131758e+01	-5.532414e+01
6.690000e-06	-4.529510e-06	-9.448341e-10	-3.150397e+01	-5.537168e+01
6.700000e-06	-4.556040e-06	-9.441408e-10	-3.168849e+01	-5.541844e+01
6.710000e-06	-4.582227e-06	-9.417999e-10	-3.187063e+01	-5.546415e+01
6.720000e-06	-4.608140e-06	-9.377430e-10	-3.205086e+01	-5.550848e+01
6.730000e-06	-4.633766e-06	-9.326419e-10	-3.222910e+01	-5.555107e+01
6.740000e-06	-4.658987e-06	-9.301794e-10	-3.240451e+01	-5.559149e+01
6.750000e-06	-4.683798e-06	-9.297068e-10	-3.257708e+01	-5.562930e+01
6.760000e-06	-4.708304e-06	-9.309373e-10	-3.274753e+01	-5.566406e+01
6.770000e-06	-4.732615e-06	-9.339396e-10	-3.291662e+01	-5.569530e+01
6.780000e-06	-4.756752e-06	-9.368235e-10	-3.308450e+01	-5.572257e+01
6.790000e-06	-4.780722e-06	-9.391486e-10	-3.325121e+01	-5.574544e+01
6.800000e-06	-4.804364e-06	-9.375819e-10	-3.341565e+01	-5.576351e+01
6.810000e-06	-4.827534e-06	-9.359507e-10	-3.357680e+01	-5.577644e+01
6.820000e-06	-4.850236e-06	-9.336630e-10	-3.373470e+01	-5.578391e+01
6.830000e-06	-4.872403e-06	-9.302926e-10	-3.388888e+01	-5.578569e+01
6.840000e-06	-4.893997e-06	-9.278398e-10	-3.403907e+01	-5.578160e+01
6.850000e-06	-4.915078e-06	-9.267925e-10	-3.418570e+01	-5.577155e+01
6.860000e-06	-4.935740e-06	-9.275227e-10	-3.432940e+01	-5.575552e+01
6.870000e-06	-4.956138e-06	-9.268912e-10	-3.447128e+01	-5.573355e+01
6.880000e-06	-4.976367e-06	-9.227027e-10	-3.461198e+01	-5.570579e+01
6.890000e-06	-4.996388e-06	-9.167336e-10	-3.475123e+01	-5.567247e+01
6.900000e-06	-5.016110e-06	-9.116298e-10	-3.488840e+01	-5.563386e+01
6.910000e-06	-5.035472e-06	-9.063888e-10	-3.502307e+01	-5.559034e+01
6.920000e-06	-5.054441e-06	-9.050076e-10	-3.515500e+01	-5.554233e+01
6.930000e-06	-5.073050e-06	-9.058185e-10	-3.528444e+01	-5.549033e+01
6.940000e-06	-5.091353e-06	-9.079989e-10	-3.541173e+01	-5.543485e+01
6.950000e-06	-5.109400e-06	-9.092333e-10	-3.553726e+01	-5.537648e+01
6.960000e-06	-5.127159e-06	-9.078927e-10	-3.566078e+01	-5.531580e+01
6.970000e-06	-5.144464e-06	-9.034040e-10	-3.578114e+01	-5.525343e+01
6.980000e-06	-5.161368e-06	-8.953159e-10	-3.589871e+01	-5.518996e+01
6.990000e-06	-5.178017e-06	-8.876438e-10	-3.601451e+01	-5.512600e+01
7.000000e-06	-5.194391e-06	-8.813264e-10	-3.612840e+01	-5.506213e+01
7.010000e-06	-5.210522e-06	-8.780835e-10	-3.624059e+01	-5.499887e+01
7.020000e-06	-5.226368e-06	-8.804284e-10	-3.635080e+01	-5.493673e+01
7.030000e-06	-5.241758e-06	-8.833944e-10	-3.645784e+01	-5.487614e+01
7.040000e-06	-5.256470e-06	-8.835568e-10	-3.656017e+01	-5.481749e+01
7.050000e-06	-5.270443e-06	-8.807413e-10	-3.665736e+01	-5.476107e+01
7.060000e-06	-5.283922e-06	-8.756500e-10	-3.675111e+01	-5.470713e+01
7.070000e-06	-5.297034e-06	-8.711875e-10	-3.684231e+01	-5.465581e+01
7.080000e-06	-5.309723e-06	-8.681164e-10	-3.693056e+01	-5.460719e+01
7.090000e-06	-5.322003e-06	-8.661923e-10	-3.701597e+01	-5.456126e+01
7.100000e-06	-5.333982e-06	-8.653883e-10	-3.709929e+01	-5.451795e+01
7.110000e-06	-5.345580e-06	-8.657968e-10	-3.717995e+01	-5.447710e+01
7.120000e-06	-5.356736e-06	-8.667027e-10	-3.725755e+01	-5.443849e+01
7.130000e-06	-5.367516e-06	-8.628644e-10	-3.733253e+01	-5.440185e+01
7.140000e-06	-5.377955e-06	-8.573067e-10	-3.740513e+01	-5.436685e+01
7.150000e-06	-5.388052e-06	-8.537019e-10	-3.747536e+01	-5.433312e+01
7.160000e-06	-5.397665e-06	-8.495876e-10	-3.754222e+01	-5.430027e+01
7.170000e-06	-5.406802e-06	-8.460042e-10	-3.760577e+01	-5.426789e+01
7.180000e-06	-5.415589e-06	-8.431094e-10	-3.766689e+01	-5.423558e+01
7.190000e-06	-5.424110e-06	-8.411096e-10	-3.772615e+01	-5.420293e+01
7.200000e-06	-5.432413e-06	-8.400834e-10	-3.778390e+01	-5.416957e+01
7.210000e-06	-5.440517e-06	-8.406750e-10	-3.784027e+01	-5.413515e+01
7.220000e-06	-5.448346e-06	-8.416642e-10	-3.789472e+01	-5.409939e+01
7.230000e-06	-5.455720e-06	-8.419847e-10	-3.794601e+01	-5.406203e+01
7.240000e-06	-5.462527e-06	-8.396029e-10	-3.799335e+01	-5.402290e+01
7.250000e-06	-5.468762e-06	-8.367553e-10	-3.803672e+01	-5.398191e+01
7.260000e-06	-5.474373e-06	-8.356628e-10	-3.807574e+01	-5.393901e+01
7.270000e-06	-5.479391e-06	-8.361149e-10	-3.811064e+01	-5.389428e+01
7.280000e-06	-5.484047e-06	-8.347318e-10	-3.814303e+01	-5.384783e+01
7.290000e-06	-5.488448e-06	-8.323414e-10	-3.817364e+01	-5.379990e+01
7.300000e-06	-5.492613e-06	-8.317232e-10	-3.820261e+01	-5.375077e+01
7.310000e-06	-5.496552e-06	-8.304699e-10	-3.823000e+01	-5.370080e+01
7.320000e-06	-5.500055e-06	-8.264875e-10	-3.825437e+01	-5.365045e+01
7.330000e-06	-5.503087e-06	-8.208398e-10	-3.827546e+01	-5.360019e+01
7.340000e-06	-5.505768e-06	-8.164441e-10	-3.829410e+01	-5.355057e+01
7.350000e-06	-5.508128e-06	-8.152778e-10	-3.831052e+01	-5.350215e+01
7.360000e-06	-5.510228e-06	-8.159439e-10	-3.832513e+01	-5.345554e+01
7.370000e-06	-5.511991e-06	-8.169020e-10	-3.833739e+01	-5.341133e+01
7.380000e-06	-5.513258e-06	-8.179000e-10	-3.834620e+01	-5.337012e+01
7.390000e-06	-5.514104e-06	-8.180347e-10	-3.835208e+01	-5.333249e+01
7.400000e-06	-5.514651e-06	-8.158265e-10	-3.835589e+01	-5.329898e+01
