# Temperatura_=_3.94
# Concentracion g/m^3_=_1620.0
# C_Vs_to_Am_M_A/Vsm_=_65563218390.804596
# pendiente_HvsI_1/m_=_3716.3
# ordenada_HvsI_A/m_=_1297.0
# frecuencia_Hz_=_135100.09905420287

Tiempo_(s)	Campo_(V.s)	Magnetizacion_(V.s)	Campo_(kA/m)	Magnetizacion_(A/m)
0.000000e+00	-5.526510e-06	-1.487063e-09	-3.837141e+01	-9.703891e+01
1.000000e-08	-5.526810e-06	-1.481120e-09	-3.837348e+01	-9.698275e+01
2.000000e-08	-5.526876e-06	-1.475873e-09	-3.837394e+01	-9.692597e+01
3.000000e-08	-5.526631e-06	-1.474443e-09	-3.837225e+01	-9.686859e+01
4.000000e-08	-5.525975e-06	-1.474019e-09	-3.836769e+01	-9.681060e+01
5.000000e-08	-5.524765e-06	-1.473326e-09	-3.835929e+01	-9.675197e+01
6.000000e-08	-5.522853e-06	-1.469390e-09	-3.834601e+01	-9.669260e+01
7.000000e-08	-5.520297e-06	-1.463224e-09	-3.832827e+01	-9.663237e+01
8.000000e-08	-5.517206e-06	-1.484001e-09	-3.830681e+01	-9.657114e+01
9.000000e-08	-5.513666e-06	-1.499094e-09	-3.828223e+01	-9.650871e+01
1.000000e-07	-5.509767e-06	-1.464908e-09	-3.825515e+01	-9.644485e+01
1.100000e-07	-5.505549e-06	-1.459462e-09	-3.822587e+01	-9.637932e+01
1.200000e-07	-5.501059e-06	-1.486216e-09	-3.819469e+01	-9.631185e+01
1.300000e-07	-5.496250e-06	-1.457470e-09	-3.816131e+01	-9.624216e+01
1.400000e-07	-5.491120e-06	-1.433891e-09	-3.812569e+01	-9.616995e+01
1.500000e-07	-5.485714e-06	-1.437714e-09	-3.808815e+01	-9.609490e+01
1.600000e-07	-5.479940e-06	-1.503792e-09	-3.804806e+01	-9.601673e+01
1.700000e-07	-5.473673e-06	-1.468319e-09	-3.800455e+01	-9.593514e+01
1.800000e-07	-5.466930e-06	-1.448361e-09	-3.795773e+01	-9.584984e+01
1.900000e-07	-5.459854e-06	-1.471606e-09	-3.790860e+01	-9.576058e+01
2.000000e-07	-5.452538e-06	-1.497372e-09	-3.785781e+01	-9.566712e+01
2.100000e-07	-5.444893e-06	-1.451810e-09	-3.780473e+01	-9.556925e+01
2.200000e-07	-5.437011e-06	-1.425799e-09	-3.775000e+01	-9.546681e+01
2.300000e-07	-5.428958e-06	-1.460434e-09	-3.769409e+01	-9.535966e+01
2.400000e-07	-5.420449e-06	-1.491632e-09	-3.763501e+01	-9.524771e+01
2.500000e-07	-5.411330e-06	-1.474483e-09	-3.757169e+01	-9.513092e+01
2.600000e-07	-5.401555e-06	-1.446809e-09	-3.750382e+01	-9.500929e+01
2.700000e-07	-5.391085e-06	-1.457499e-09	-3.743113e+01	-9.488286e+01
2.800000e-07	-5.380052e-06	-1.449616e-09	-3.735452e+01	-9.475173e+01
2.900000e-07	-5.368626e-06	-1.441725e-09	-3.727519e+01	-9.461604e+01
3.000000e-07	-5.356814e-06	-1.430213e-09	-3.719318e+01	-9.447595e+01
3.100000e-07	-5.344545e-06	-1.450768e-09	-3.710799e+01	-9.433169e+01
3.200000e-07	-5.331948e-06	-1.440802e-09	-3.702053e+01	-9.418350e+01
3.300000e-07	-5.319045e-06	-1.456961e-09	-3.693094e+01	-9.403166e+01
3.400000e-07	-5.305701e-06	-1.436974e-09	-3.683829e+01	-9.387648e+01
3.500000e-07	-5.291914e-06	-1.435151e-09	-3.674257e+01	-9.371828e+01
3.600000e-07	-5.277728e-06	-1.434505e-09	-3.664407e+01	-9.355739e+01
3.700000e-07	-5.263119e-06	-1.433130e-09	-3.654264e+01	-9.339415e+01
3.800000e-07	-5.247901e-06	-1.392671e-09	-3.643698e+01	-9.322890e+01
3.900000e-07	-5.232223e-06	-1.422429e-09	-3.632812e+01	-9.306197e+01
4.000000e-07	-5.216160e-06	-1.457328e-09	-3.621660e+01	-9.289369e+01
4.100000e-07	-5.199559e-06	-1.413685e-09	-3.610134e+01	-9.272437e+01
4.200000e-07	-5.182587e-06	-1.383178e-09	-3.598349e+01	-9.255427e+01
4.300000e-07	-5.165345e-06	-1.446188e-09	-3.586378e+01	-9.238367e+01
4.400000e-07	-5.147775e-06	-1.430712e-09	-3.574179e+01	-9.221277e+01
4.500000e-07	-5.129878e-06	-1.358742e-09	-3.561753e+01	-9.204178e+01
4.600000e-07	-5.111626e-06	-1.404589e-09	-3.549080e+01	-9.187084e+01
4.700000e-07	-5.093017e-06	-1.452403e-09	-3.536159e+01	-9.170006e+01
4.800000e-07	-5.074011e-06	-1.370791e-09	-3.522964e+01	-9.152954e+01
4.900000e-07	-5.054675e-06	-1.360787e-09	-3.509538e+01	-9.135930e+01
5.000000e-07	-5.035164e-06	-1.441992e-09	-3.495992e+01	-9.118934e+01
5.100000e-07	-5.015413e-06	-1.400182e-09	-3.482278e+01	-9.101964e+01
5.200000e-07	-4.995292e-06	-1.341276e-09	-3.468308e+01	-9.085013e+01
5.300000e-07	-4.974818e-06	-1.405810e-09	-3.454093e+01	-9.068071e+01
5.400000e-07	-4.953989e-06	-1.416051e-09	-3.439630e+01	-9.051126e+01
5.500000e-07	-4.932807e-06	-1.341320e-09	-3.424924e+01	-9.034164e+01
5.600000e-07	-4.911333e-06	-1.379511e-09	-3.410013e+01	-9.017168e+01
5.700000e-07	-4.889497e-06	-1.415428e-09	-3.394853e+01	-9.000122e+01
5.800000e-07	-4.867199e-06	-1.346552e-09	-3.379370e+01	-8.983006e+01
5.900000e-07	-4.844521e-06	-1.338258e-09	-3.363625e+01	-8.965802e+01
6.000000e-07	-4.821633e-06	-1.402148e-09	-3.347733e+01	-8.948492e+01
6.100000e-07	-4.798501e-06	-1.363423e-09	-3.331673e+01	-8.931057e+01
6.200000e-07	-4.775052e-06	-1.329808e-09	-3.315391e+01	-8.913480e+01
6.300000e-07	-4.751339e-06	-1.371393e-09	-3.298928e+01	-8.895745e+01
6.400000e-07	-4.727418e-06	-1.369591e-09	-3.282319e+01	-8.877837e+01
6.500000e-07	-4.703185e-06	-1.324131e-09	-3.265493e+01	-8.859742e+01
6.600000e-07	-4.678569e-06	-1.347766e-09	-3.248402e+01	-8.841450e+01
6.700000e-07	-4.653472e-06	-1.360815e-09	-3.230977e+01	-8.822950e+01
6.800000e-07	-4.627786e-06	-1.330238e-09	-3.213143e+01	-8.804234e+01
6.900000e-07	-4.601548e-06	-1.325210e-09	-3.194925e+01	-8.785296e+01
7.000000e-07	-4.574793e-06	-1.345545e-09	-3.176349e+01	-8.766131e+01
7.100000e-07	-4.547691e-06	-1.329356e-09	-3.157531e+01	-8.746737e+01
7.200000e-07	-4.520324e-06	-1.319116e-09	-3.138530e+01	-8.727110e+01
7.300000e-07	-4.492708e-06	-1.328442e-09	-3.119356e+01	-8.707250e+01
7.400000e-07	-4.464927e-06	-1.325134e-09	-3.100067e+01	-8.687156e+01
7.500000e-07	-4.436933e-06	-1.313481e-09	-3.080631e+01	-8.666828e+01
7.600000e-07	-4.408708e-06	-1.315697e-09	-3.061034e+01	-8.646265e+01
7.700000e-07	-4.380144e-06	-1.311045e-09	-3.041201e+01	-8.625467e+01
7.800000e-07	-4.351208e-06	-1.297393e-09	-3.021110e+01	-8.604431e+01
7.900000e-07	-4.321983e-06	-1.294644e-09	-3.000819e+01	-8.583155e+01
8.000000e-07	-4.292476e-06	-1.294327e-09	-2.980332e+01	-8.561636e+01
8.100000e-07	-4.262658e-06	-1.286209e-09	-2.959628e+01	-8.539867e+01
8.200000e-07	-4.232603e-06	-1.282098e-09	-2.938761e+01	-8.517842e+01
8.300000e-07	-4.202370e-06	-1.284782e-09	-2.917770e+01	-8.495552e+01
8.400000e-07	-4.171803e-06	-1.277454e-09	-2.896547e+01	-8.472985e+01
8.500000e-07	-4.140810e-06	-1.272697e-09	-2.875028e+01	-8.450130e+01
8.600000e-07	-4.109545e-06	-1.272361e-09	-2.853320e+01	-8.426971e+01
8.700000e-07	-4.078137e-06	-1.266449e-09	-2.831513e+01	-8.403493e+01
8.800000e-07	-4.046577e-06	-1.253271e-09	-2.809600e+01	-8.379679e+01
8.900000e-07	-4.014850e-06	-1.254475e-09	-2.787571e+01	-8.355510e+01
9.000000e-07	-3.982901e-06	-1.250998e-09	-2.765389e+01	-8.330967e+01
9.100000e-07	-3.950582e-06	-1.246059e-09	-2.742950e+01	-8.306029e+01
9.200000e-07	-3.917837e-06	-1.245610e-09	-2.720214e+01	-8.280679e+01
9.300000e-07	-3.884737e-06	-1.246514e-09	-2.697232e+01	-8.254897e+01
9.400000e-07	-3.851251e-06	-1.235553e-09	-2.673982e+01	-8.228664e+01
9.500000e-07	-3.817361e-06	-1.230245e-09	-2.650452e+01	-8.201965e+01
9.600000e-07	-3.783020e-06	-1.227490e-09	-2.626609e+01	-8.174785e+01
9.700000e-07	-3.748220e-06	-1.219142e-09	-2.602447e+01	-8.147111e+01
9.800000e-07	-3.713125e-06	-1.209208e-09	-2.578080e+01	-8.118933e+01
9.900000e-07	-3.677813e-06	-1.207930e-09	-2.553562e+01	-8.090246e+01
1.000000e-06	-3.642303e-06	-1.202352e-09	-2.528907e+01	-8.061046e+01
1.010000e-06	-3.606645e-06	-1.191382e-09	-2.504149e+01	-8.031332e+01
1.020000e-06	-3.570858e-06	-1.187110e-09	-2.479301e+01	-8.001110e+01
1.030000e-06	-3.534910e-06	-1.187420e-09	-2.454342e+01	-7.970387e+01
1.040000e-06	-3.498766e-06	-1.180181e-09	-2.429247e+01	-7.939174e+01
1.050000e-06	-3.462379e-06	-1.174795e-09	-2.403983e+01	-7.907487e+01
1.060000e-06	-3.425716e-06	-1.172039e-09	-2.378527e+01	-7.875344e+01
1.070000e-06	-3.388811e-06	-1.164631e-09	-2.352903e+01	-7.842767e+01
1.080000e-06	-3.351725e-06	-1.157077e-09	-2.327154e+01	-7.809779e+01
1.090000e-06	-3.314319e-06	-1.150264e-09	-2.301182e+01	-7.776407e+01
1.100000e-06	-3.276612e-06	-1.142874e-09	-2.275002e+01	-7.742679e+01
1.110000e-06	-3.238695e-06	-1.133421e-09	-2.248676e+01	-7.708624e+01
1.120000e-06	-3.200518e-06	-1.128429e-09	-2.222168e+01	-7.674271e+01
1.130000e-06	-3.162197e-06	-1.123052e-09	-2.195562e+01	-7.639648e+01
1.140000e-06	-3.123658e-06	-1.114544e-09	-2.168804e+01	-7.604785e+01
1.150000e-06	-3.084894e-06	-1.106828e-09	-2.141889e+01	-7.569706e+01
1.160000e-06	-3.045943e-06	-1.103458e-09	-2.114845e+01	-7.534435e+01
1.170000e-06	-3.006732e-06	-1.095092e-09	-2.087620e+01	-7.498993e+01
1.180000e-06	-2.967375e-06	-1.086073e-09	-2.060294e+01	-7.463395e+01
1.190000e-06	-2.927961e-06	-1.080536e-09	-2.032928e+01	-7.427653e+01
1.200000e-06	-2.888395e-06	-1.077204e-09	-2.005457e+01	-7.391774e+01
1.210000e-06	-2.848619e-06	-1.070546e-09	-1.977840e+01	-7.355759e+01
1.220000e-06	-2.808693e-06	-1.065299e-09	-1.950119e+01	-7.319603e+01
1.230000e-06	-2.768647e-06	-1.059778e-09	-1.922314e+01	-7.283295e+01
1.240000e-06	-2.728386e-06	-1.054805e-09	-1.894360e+01	-7.246818e+01
1.250000e-06	-2.687847e-06	-1.047625e-09	-1.866214e+01	-7.210149e+01
1.260000e-06	-2.647075e-06	-1.041078e-09	-1.837905e+01	-7.173257e+01
1.270000e-06	-2.606111e-06	-1.034348e-09	-1.809463e+01	-7.136107e+01
1.280000e-06	-2.564870e-06	-1.026239e-09	-1.780828e+01	-7.098657e+01
1.290000e-06	-2.523302e-06	-1.018111e-09	-1.751967e+01	-7.060859e+01
1.300000e-06	-2.481522e-06	-1.010627e-09	-1.722959e+01	-7.022662e+01
1.310000e-06	-2.439428e-06	-1.004393e-09	-1.693732e+01	-6.984009e+01
1.320000e-06	-2.396944e-06	-9.987750e-10	-1.664235e+01	-6.944839e+01
1.330000e-06	-2.354169e-06	-9.946080e-10	-1.634535e+01	-6.905089e+01
1.340000e-06	-2.311169e-06	-9.886986e-10	-1.604680e+01	-6.864695e+01
1.350000e-06	-2.268042e-06	-9.813162e-10	-1.574736e+01	-6.823588e+01
1.360000e-06	-2.224787e-06	-9.750557e-10	-1.544703e+01	-6.781701e+01
1.370000e-06	-2.181389e-06	-9.666755e-10	-1.514572e+01	-6.738966e+01
1.380000e-06	-2.137847e-06	-9.564191e-10	-1.484340e+01	-6.695317e+01
1.390000e-06	-2.094177e-06	-9.467507e-10	-1.454019e+01	-6.650687e+01
1.400000e-06	-2.050443e-06	-9.384650e-10	-1.423654e+01	-6.605014e+01
1.410000e-06	-2.006622e-06	-9.316760e-10	-1.393228e+01	-6.558237e+01
1.420000e-06	-1.962684e-06	-9.234626e-10	-1.362721e+01	-6.510299e+01
1.430000e-06	-1.918679e-06	-9.137887e-10	-1.332168e+01	-6.461146e+01
1.440000e-06	-1.874563e-06	-9.061342e-10	-1.301538e+01	-6.410727e+01
1.450000e-06	-1.830310e-06	-8.992082e-10	-1.270812e+01	-6.358997e+01
1.460000e-06	-1.785949e-06	-8.891223e-10	-1.240012e+01	-6.305913e+01
1.470000e-06	-1.741544e-06	-8.773139e-10	-1.209180e+01	-6.251438e+01
1.480000e-06	-1.697047e-06	-8.654920e-10	-1.178286e+01	-6.195537e+01
1.490000e-06	-1.652323e-06	-8.541448e-10	-1.147233e+01	-6.138178e+01
1.500000e-06	-1.607428e-06	-8.428219e-10	-1.116062e+01	-6.079334e+01
1.510000e-06	-1.562429e-06	-8.332301e-10	-1.084819e+01	-6.018979e+01
1.520000e-06	-1.517361e-06	-8.244910e-10	-1.053527e+01	-5.957088e+01
1.530000e-06	-1.472220e-06	-8.163751e-10	-1.022185e+01	-5.893638e+01
1.540000e-06	-1.426967e-06	-8.063311e-10	-9.907651e+00	-5.828607e+01
1.550000e-06	-1.381548e-06	-7.959824e-10	-9.592300e+00	-5.761971e+01
1.560000e-06	-1.336023e-06	-7.832107e-10	-9.276210e+00	-5.693705e+01
1.570000e-06	-1.290427e-06	-7.709123e-10	-8.959633e+00	-5.623781e+01
1.580000e-06	-1.244742e-06	-7.590374e-10	-8.642437e+00	-5.552171e+01
1.590000e-06	-1.198998e-06	-7.462834e-10	-8.324829e+00	-5.478840e+01
1.600000e-06	-1.153177e-06	-7.335730e-10	-8.006683e+00	-5.403750e+01
1.610000e-06	-1.107250e-06	-7.223109e-10	-7.687806e+00	-5.326857e+01
1.620000e-06	-1.061231e-06	-7.118155e-10	-7.368287e+00	-5.248112e+01
1.630000e-06	-1.015128e-06	-7.019654e-10	-7.048190e+00	-5.167460e+01
1.640000e-06	-9.689542e-07	-6.955393e-10	-6.727597e+00	-5.084839e+01
1.650000e-06	-9.227001e-07	-6.874722e-10	-6.406448e+00	-5.000181e+01
1.660000e-06	-8.763815e-07	-6.730942e-10	-6.084851e+00	-4.913412e+01
1.670000e-06	-8.299954e-07	-6.534541e-10	-5.762785e+00	-4.824449e+01
1.680000e-06	-7.835631e-07	-6.330331e-10	-5.440399e+00	-4.733205e+01
1.690000e-06	-7.371384e-07	-6.136599e-10	-5.118065e+00	-4.639588e+01
1.700000e-06	-6.906216e-07	-5.956145e-10	-4.795092e+00	-4.543499e+01
1.710000e-06	-6.440254e-07	-5.790578e-10	-4.471567e+00	-4.444835e+01
1.720000e-06	-5.973965e-07	-5.652202e-10	-4.147815e+00	-4.343491e+01
1.730000e-06	-5.507582e-07	-5.512734e-10	-3.823999e+00	-4.239358e+01
1.740000e-06	-5.040816e-07	-5.349441e-10	-3.499915e+00	-4.132327e+01
1.750000e-06	-4.573052e-07	-5.178942e-10	-3.175140e+00	-4.022288e+01
1.760000e-06	-4.104551e-07	-4.998967e-10	-2.849853e+00	-3.909135e+01
1.770000e-06	-3.635675e-07	-4.791374e-10	-2.524305e+00	-3.792760e+01
1.780000e-06	-3.166715e-07	-4.587694e-10	-2.198699e+00	-3.673065e+01
1.790000e-06	-2.697644e-07	-4.406041e-10	-1.873016e+00	-3.549954e+01
1.800000e-06	-2.228672e-07	-4.245062e-10	-1.547401e+00	-3.423339e+01
1.810000e-06	-1.760273e-07	-4.089361e-10	-1.222185e+00	-3.293143e+01
1.820000e-06	-1.292095e-07	-3.925672e-10	-8.971211e-01	-3.159297e+01
1.830000e-06	-8.233337e-08	-3.744396e-10	-5.716532e-01	-3.021744e+01
1.840000e-06	-3.543831e-08	-3.539935e-10	-2.460536e-01	-2.880441e+01
1.850000e-06	1.147585e-08	-3.336482e-10	7.967860e-02	-2.735360e+01
1.860000e-06	5.839370e-08	-3.130776e-10	4.054364e-01	-2.586486e+01
1.870000e-06	1.052861e-07	-2.908631e-10	7.310174e-01	-2.433822e+01
1.880000e-06	1.522024e-07	-2.678952e-10	1.056765e+00	-2.277387e+01
1.890000e-06	1.990700e-07	-2.449407e-10	1.382174e+00	-2.117219e+01
1.900000e-06	2.458865e-07	-2.213694e-10	1.707228e+00	-1.953374e+01
1.910000e-06	2.926925e-07	-1.964247e-10	2.032209e+00	-1.785926e+01
1.920000e-06	3.395016e-07	-1.717350e-10	2.357212e+00	-1.614966e+01
1.930000e-06	3.862687e-07	-1.475569e-10	2.681923e+00	-1.440608e+01
1.940000e-06	4.330367e-07	-1.238759e-10	3.006640e+00	-1.262980e+01
1.950000e-06	4.797659e-07	-9.985306e-11	3.331088e+00	-1.082230e+01
1.960000e-06	5.263679e-07	-7.416432e-11	3.654653e+00	-8.985231e+00
1.970000e-06	5.729346e-07	-4.874752e-11	3.977972e+00	-7.120400e+00
1.980000e-06	6.194256e-07	-2.513938e-11	4.300766e+00	-5.229776e+00
1.990000e-06	6.658699e-07	-1.730153e-13	4.623237e+00	-3.315472e+00
2.000000e-06	7.122514e-07	2.691621e-11	4.945270e+00	-1.379733e+00
2.010000e-06	7.586110e-07	5.663990e-11	5.267152e+00	5.750776e-01
2.020000e-06	8.049727e-07	8.552870e-11	5.589048e+00	2.546491e+00
2.030000e-06	8.512021e-07	1.140102e-10	5.910026e+00	4.531948e+00
2.040000e-06	8.973474e-07	1.413563e-10	6.230421e+00	6.528818e+00
2.050000e-06	9.435036e-07	1.654757e-10	6.550890e+00	8.534409e+00
2.060000e-06	9.896295e-07	1.906136e-10	6.871149e+00	1.054599e+01
2.070000e-06	1.035707e-06	2.172224e-10	7.191070e+00	1.256081e+01
2.080000e-06	1.081709e-06	2.464612e-10	7.510469e+00	1.457611e+01
2.090000e-06	1.127606e-06	2.768802e-10	7.829140e+00	1.658912e+01
2.100000e-06	1.173425e-06	3.083847e-10	8.147268e+00	1.859713e+01
2.110000e-06	1.219129e-06	3.387621e-10	8.464601e+00	2.059744e+01
2.120000e-06	1.264707e-06	3.659085e-10	8.781053e+00	2.258742e+01
2.130000e-06	1.310193e-06	3.908727e-10	9.096869e+00	2.456451e+01
2.140000e-06	1.355612e-06	4.145095e-10	9.412222e+00	2.652623e+01
2.150000e-06	1.400993e-06	4.376611e-10	9.727306e+00	2.847021e+01
2.160000e-06	1.446291e-06	4.637554e-10	1.004182e+01	3.039415e+01
2.170000e-06	1.491428e-06	4.904319e-10	1.035522e+01	3.229590e+01
2.180000e-06	1.536442e-06	5.191889e-10	1.066775e+01	3.417343e+01
2.190000e-06	1.581377e-06	5.467551e-10	1.097974e+01	3.602484e+01
2.200000e-06	1.626131e-06	5.727622e-10	1.129048e+01	3.784836e+01
2.210000e-06	1.670728e-06	5.984783e-10	1.160012e+01	3.964238e+01
2.220000e-06	1.715223e-06	6.222989e-10	1.190905e+01	4.140544e+01
2.230000e-06	1.759594e-06	6.460446e-10	1.221713e+01	4.313621e+01
2.240000e-06	1.803847e-06	6.685338e-10	1.252439e+01	4.483353e+01
2.250000e-06	1.847964e-06	6.882203e-10	1.283070e+01	4.649639e+01
2.260000e-06	1.891966e-06	7.064215e-10	1.313621e+01	4.812394e+01
2.270000e-06	1.935855e-06	7.251955e-10	1.344094e+01	4.971545e+01
2.280000e-06	1.979662e-06	7.461098e-10	1.374510e+01	5.127038e+01
2.290000e-06	2.023429e-06	7.693235e-10	1.404898e+01	5.278828e+01
2.300000e-06	2.067157e-06	7.912249e-10	1.435259e+01	5.426889e+01
2.310000e-06	2.110849e-06	8.116520e-10	1.465595e+01	5.571203e+01
2.320000e-06	2.154475e-06	8.296390e-10	1.495885e+01	5.711768e+01
2.330000e-06	2.197993e-06	8.459426e-10	1.526100e+01	5.848593e+01
2.340000e-06	2.241422e-06	8.615084e-10	1.556254e+01	5.981696e+01
2.350000e-06	2.284742e-06	8.787661e-10	1.586331e+01	6.111106e+01
2.360000e-06	2.327871e-06	8.980305e-10	1.616277e+01	6.236862e+01
2.370000e-06	2.370696e-06	9.181934e-10	1.646011e+01	6.359011e+01
2.380000e-06	2.413260e-06	9.362622e-10	1.675564e+01	6.477605e+01
2.390000e-06	2.455616e-06	9.523230e-10	1.704972e+01	6.592705e+01
2.400000e-06	2.497647e-06	9.684029e-10	1.734155e+01	6.704376e+01
2.410000e-06	2.539406e-06	9.835819e-10	1.763148e+01	6.812688e+01
2.420000e-06	2.580943e-06	9.986017e-10	1.791988e+01	6.917715e+01
2.430000e-06	2.621987e-06	1.011384e-09	1.820486e+01	7.019532e+01
2.440000e-06	2.662645e-06	1.021801e-09	1.848715e+01	7.118219e+01
2.450000e-06	2.703172e-06	1.031794e-09	1.876854e+01	7.213854e+01
2.460000e-06	2.743471e-06	1.042679e-09	1.904834e+01	7.306517e+01
2.470000e-06	2.783549e-06	1.056616e-09	1.932661e+01	7.396288e+01
2.480000e-06	2.823455e-06	1.071522e-09	1.960368e+01	7.483245e+01
2.490000e-06	2.863227e-06	1.086168e-09	1.987983e+01	7.567467e+01
2.500000e-06	2.902903e-06	1.098271e-09	2.015530e+01	7.649028e+01
2.510000e-06	2.942489e-06	1.108582e-09	2.043015e+01	7.728003e+01
2.520000e-06	2.981968e-06	1.119278e-09	2.070426e+01	7.804463e+01
2.530000e-06	3.021258e-06	1.129565e-09	2.097706e+01	7.878477e+01
2.540000e-06	3.060294e-06	1.137812e-09	2.124809e+01	7.950111e+01
2.550000e-06	3.099074e-06	1.145847e-09	2.151735e+01	8.019428e+01
2.560000e-06	3.137669e-06	1.155357e-09	2.178532e+01	8.086488e+01
2.570000e-06	3.176025e-06	1.164106e-09	2.205162e+01	8.151351e+01
2.580000e-06	3.214109e-06	1.172761e-09	2.231605e+01	8.214070e+01
2.590000e-06	3.251983e-06	1.181660e-09	2.257902e+01	8.274700e+01
2.600000e-06	3.289668e-06	1.190398e-09	2.284067e+01	8.333291e+01
2.610000e-06	3.327188e-06	1.199066e-09	2.310117e+01	8.389893e+01
2.620000e-06	3.364491e-06	1.206554e-09	2.336017e+01	8.444554e+01
2.630000e-06	3.401587e-06	1.214355e-09	2.361774e+01	8.497319e+01
2.640000e-06	3.438419e-06	1.223084e-09	2.387347e+01	8.548235e+01
2.650000e-06	3.474929e-06	1.229927e-09	2.412697e+01	8.597348e+01
2.660000e-06	3.511198e-06	1.235675e-09	2.437879e+01	8.644703e+01
2.670000e-06	3.547206e-06	1.242120e-09	2.462879e+01	8.690344e+01
2.680000e-06	3.583042e-06	1.250393e-09	2.487761e+01	8.734319e+01
2.690000e-06	3.618792e-06	1.259036e-09	2.512583e+01	8.776673e+01
2.700000e-06	3.654410e-06	1.266935e-09	2.537313e+01	8.817456e+01
2.710000e-06	3.689904e-06	1.273969e-09	2.561957e+01	8.856714e+01
2.720000e-06	3.725149e-06	1.280116e-09	2.586428e+01	8.894498e+01
2.730000e-06	3.760087e-06	1.285508e-09	2.610686e+01	8.930861e+01
2.740000e-06	3.794741e-06	1.290115e-09	2.634747e+01	8.965853e+01
2.750000e-06	3.828981e-06	1.294952e-09	2.658520e+01	8.999529e+01
2.760000e-06	3.862676e-06	1.299483e-09	2.681915e+01	9.031944e+01
2.770000e-06	3.895848e-06	1.304329e-09	2.704947e+01	9.063153e+01
2.780000e-06	3.928660e-06	1.309513e-09	2.727729e+01	9.093213e+01
2.790000e-06	3.961102e-06	1.314856e-09	2.750254e+01	9.122181e+01
2.800000e-06	3.993201e-06	1.321844e-09	2.772540e+01	9.150112e+01
2.810000e-06	4.025085e-06	1.328395e-09	2.794678e+01	9.177065e+01
2.820000e-06	4.056814e-06	1.331890e-09	2.816708e+01	9.203094e+01
2.830000e-06	4.088405e-06	1.336486e-09	2.838642e+01	9.228254e+01
2.840000e-06	4.119819e-06	1.343819e-09	2.860453e+01	9.252597e+01
2.850000e-06	4.151026e-06	1.348358e-09	2.882121e+01	9.276174e+01
2.860000e-06	4.181953e-06	1.348134e-09	2.903594e+01	9.299034e+01
2.870000e-06	4.212545e-06	1.348109e-09	2.924834e+01	9.321222e+01
2.880000e-06	4.242756e-06	1.351913e-09	2.945811e+01	9.342779e+01
2.890000e-06	4.272636e-06	1.357214e-09	2.966556e+01	9.363744e+01
2.900000e-06	4.302276e-06	1.362389e-09	2.987136e+01	9.384152e+01
2.910000e-06	4.331630e-06	1.366385e-09	3.007517e+01	9.404032e+01
2.920000e-06	4.360648e-06	1.369247e-09	3.027665e+01	9.423411e+01
2.930000e-06	4.389382e-06	1.371583e-09	3.047615e+01	9.442309e+01
2.940000e-06	4.417825e-06	1.373557e-09	3.067363e+01	9.460744e+01
2.950000e-06	4.446002e-06	1.373972e-09	3.086927e+01	9.478727e+01
2.960000e-06	4.473958e-06	1.374809e-09	3.106338e+01	9.496268e+01
2.970000e-06	4.501716e-06	1.378490e-09	3.125610e+01	9.513369e+01
2.980000e-06	4.529288e-06	1.383592e-09	3.144754e+01	9.530031e+01
2.990000e-06	4.556630e-06	1.389091e-09	3.163738e+01	9.546251e+01
3.000000e-06	4.583738e-06	1.394399e-09	3.182559e+01	9.562021e+01
3.010000e-06	4.610433e-06	1.399041e-09	3.201094e+01	9.577331e+01
3.020000e-06	4.636658e-06	1.402865e-09	3.219303e+01	9.592172e+01
3.030000e-06	4.662396e-06	1.406383e-09	3.237173e+01	9.606528e+01
3.040000e-06	4.687467e-06	1.407468e-09	3.254580e+01	9.620386e+01
3.050000e-06	4.711988e-06	1.405499e-09	3.271605e+01	9.633731e+01
3.060000e-06	4.736135e-06	1.404609e-09	3.288371e+01	9.646548e+01
3.070000e-06	4.759978e-06	1.404978e-09	3.304926e+01	9.658822e+01
3.080000e-06	4.783572e-06	1.409389e-09	3.321308e+01	9.670541e+01
3.090000e-06	4.806901e-06	1.415113e-09	3.337505e+01	9.681693e+01
3.100000e-06	4.829945e-06	1.419943e-09	3.353505e+01	9.692269e+01
3.110000e-06	4.852684e-06	1.423931e-09	3.369292e+01	9.702262e+01
3.120000e-06	4.875077e-06	1.424921e-09	3.384841e+01	9.711669e+01
3.130000e-06	4.897160e-06	1.425448e-09	3.400173e+01	9.720490e+01
3.140000e-06	4.918939e-06	1.427048e-09	3.415295e+01	9.728726e+01
3.150000e-06	4.940367e-06	1.432123e-09	3.430173e+01	9.736385e+01
3.160000e-06	4.961409e-06	1.436776e-09	3.444782e+01	9.743478e+01
3.170000e-06	4.982053e-06	1.438545e-09	3.459116e+01	9.750016e+01
3.180000e-06	5.002334e-06	1.439526e-09	3.473197e+01	9.756019e+01
3.190000e-06	5.022344e-06	1.439860e-09	3.487091e+01	9.761506e+01
3.200000e-06	5.042117e-06	1.441132e-09	3.500819e+01	9.766500e+01
3.210000e-06	5.061671e-06	1.443782e-09	3.514396e+01	9.771028e+01
3.220000e-06	5.080998e-06	1.447214e-09	3.527814e+01	9.775117e+01
3.230000e-06	5.100023e-06	1.449576e-09	3.541024e+01	9.778798e+01
3.240000e-06	5.118704e-06	1.450164e-09	3.553995e+01	9.782101e+01
3.250000e-06	5.136936e-06	1.449719e-09	3.566653e+01	9.785057e+01
3.260000e-06	5.154716e-06	1.450539e-09	3.578998e+01	9.787699e+01
3.270000e-06	5.172126e-06	1.453228e-09	3.591086e+01	9.790058e+01
3.280000e-06	5.189126e-06	1.456117e-09	3.602890e+01	9.792164e+01
3.290000e-06	5.205730e-06	1.459226e-09	3.614418e+01	9.794046e+01
3.300000e-06	5.222079e-06	1.462187e-09	3.625769e+01	9.795731e+01
3.310000e-06	5.238085e-06	1.465006e-09	3.636882e+01	9.797242e+01
3.320000e-06	5.253735e-06	1.466516e-09	3.647749e+01	9.798602e+01
3.330000e-06	5.268954e-06	1.466635e-09	3.658316e+01	9.799829e+01
3.340000e-06	5.283639e-06	1.468222e-09	3.668511e+01	9.800938e+01
3.350000e-06	5.297804e-06	1.469082e-09	3.678346e+01	9.801939e+01
3.360000e-06	5.311469e-06	1.468580e-09	3.687834e+01	9.802842e+01
3.370000e-06	5.324839e-06	1.467535e-09	3.697117e+01	9.803649e+01
3.380000e-06	5.337890e-06	1.466074e-09	3.706179e+01	9.804361e+01
3.390000e-06	5.350551e-06	1.465520e-09	3.714969e+01	9.804976e+01
3.400000e-06	5.362853e-06	1.468040e-09	3.723511e+01	9.805487e+01
3.410000e-06	5.374805e-06	1.474251e-09	3.731809e+01	9.805885e+01
3.420000e-06	5.386427e-06	1.478234e-09	3.739878e+01	9.806158e+01
3.430000e-06	5.397645e-06	1.477627e-09	3.747667e+01	9.806293e+01
3.440000e-06	5.408315e-06	1.474662e-09	3.755076e+01	9.806275e+01
3.450000e-06	5.418363e-06	1.473057e-09	3.762053e+01	9.806087e+01
3.460000e-06	5.427828e-06	1.473346e-09	3.768624e+01	9.805713e+01
3.470000e-06	5.436707e-06	1.474856e-09	3.774789e+01	9.805135e+01
3.480000e-06	5.445093e-06	1.476459e-09	3.780611e+01	9.804338e+01
3.490000e-06	5.453148e-06	1.477199e-09	3.786204e+01	9.803305e+01
3.500000e-06	5.460848e-06	1.476626e-09	3.791550e+01	9.802023e+01
3.510000e-06	5.468272e-06	1.476118e-09	3.796705e+01	9.800480e+01
3.520000e-06	5.475480e-06	1.476469e-09	3.801709e+01	9.798665e+01
3.530000e-06	5.482378e-06	1.477377e-09	3.806499e+01	9.796572e+01
3.540000e-06	5.488846e-06	1.479432e-09	3.810990e+01	9.794196e+01
3.550000e-06	5.494864e-06	1.481085e-09	3.815168e+01	9.791535e+01
3.560000e-06	5.500504e-06	1.481025e-09	3.819084e+01	9.788591e+01
3.570000e-06	5.505693e-06	1.478956e-09	3.822687e+01	9.785369e+01
3.580000e-06	5.510442e-06	1.476951e-09	3.825984e+01	9.781875e+01
3.590000e-06	5.514836e-06	1.476815e-09	3.829035e+01	9.778120e+01
3.600000e-06	5.518933e-06	1.478025e-09	3.831880e+01	9.774117e+01
3.610000e-06	5.522795e-06	1.482491e-09	3.834561e+01	9.769879e+01
3.620000e-06	5.526383e-06	1.486607e-09	3.837052e+01	9.765425e+01
3.630000e-06	5.529682e-06	1.489956e-09	3.839343e+01	9.760771e+01
3.640000e-06	5.532601e-06	1.490110e-09	3.841369e+01	9.755937e+01
3.650000e-06	5.535071e-06	1.487132e-09	3.843085e+01	9.750941e+01
3.660000e-06	5.537004e-06	1.485452e-09	3.844426e+01	9.745802e+01
3.670000e-06	5.538260e-06	1.481601e-09	3.845298e+01	9.740539e+01
3.680000e-06	5.538968e-06	1.478649e-09	3.845790e+01	9.735168e+01
3.690000e-06	5.539270e-06	1.479451e-09	3.846000e+01	9.729704e+01
3.700000e-06	5.539230e-06	1.481244e-09	3.845972e+01	9.724160e+01
3.710000e-06	5.538881e-06	1.483289e-09	3.845730e+01	9.718545e+01
3.720000e-06	5.538212e-06	1.486573e-09	3.845265e+01	9.712867e+01
3.730000e-06	5.537198e-06	1.485195e-09	3.844561e+01	9.707128e+01
3.740000e-06	5.535847e-06	1.480871e-09	3.843623e+01	9.701330e+01
3.750000e-06	5.534183e-06	1.478632e-09	3.842468e+01	9.695468e+01
3.760000e-06	5.532163e-06	1.483289e-09	3.841065e+01	9.689534e+01
3.770000e-06	5.529770e-06	1.468357e-09	3.839404e+01	9.683516e+01
3.780000e-06	5.526997e-06	1.426294e-09	3.837479e+01	9.677401e+01
3.790000e-06	5.523727e-06	1.449833e-09	3.835208e+01	9.671169e+01
3.800000e-06	5.519922e-06	1.481003e-09	3.832567e+01	9.664799e+01
3.810000e-06	5.515776e-06	1.440568e-09	3.829687e+01	9.658265e+01
3.820000e-06	5.511397e-06	1.479982e-09	3.826647e+01	9.651543e+01
3.830000e-06	5.506843e-06	1.502050e-09	3.823486e+01	9.644603e+01
3.840000e-06	5.501904e-06	1.517588e-09	3.820056e+01	9.637415e+01
3.850000e-06	5.496493e-06	1.468493e-09	3.816299e+01	9.629950e+01
3.860000e-06	5.490763e-06	1.423583e-09	3.812321e+01	9.622177e+01
3.870000e-06	5.484574e-06	1.479115e-09	3.808024e+01	9.614067e+01
3.880000e-06	5.477882e-06	1.482329e-09	3.803377e+01	9.605591e+01
3.890000e-06	5.470672e-06	1.448018e-09	3.798371e+01	9.596723e+01
3.900000e-06	5.462915e-06	1.426370e-09	3.792985e+01	9.587438e+01
3.910000e-06	5.454729e-06	1.519415e-09	3.787302e+01	9.577716e+01
3.920000e-06	5.446178e-06	1.497490e-09	3.781365e+01	9.567539e+01
3.930000e-06	5.437332e-06	1.405532e-09	3.775223e+01	9.556893e+01
3.940000e-06	5.428315e-06	1.387688e-09	3.768962e+01	9.545768e+01
3.950000e-06	5.418944e-06	1.490314e-09	3.762456e+01	9.534160e+01
3.960000e-06	5.409094e-06	1.472601e-09	3.755617e+01	9.522068e+01
3.970000e-06	5.398880e-06	1.397268e-09	3.748525e+01	9.509494e+01
3.980000e-06	5.388296e-06	1.432148e-09	3.741176e+01	9.496449e+01
3.990000e-06	5.377240e-06	1.489155e-09	3.733500e+01	9.482944e+01
4.000000e-06	5.365787e-06	1.438113e-09	3.725548e+01	9.468997e+01
4.010000e-06	5.354068e-06	1.382112e-09	3.717411e+01	9.454629e+01
4.020000e-06	5.341864e-06	1.424809e-09	3.708938e+01	9.439864e+01
4.030000e-06	5.329105e-06	1.438247e-09	3.700079e+01	9.424729e+01
4.040000e-06	5.316019e-06	1.414950e-09	3.690994e+01	9.409254e+01
4.050000e-06	5.302533e-06	1.409608e-09	3.681630e+01	9.393472e+01
4.060000e-06	5.288437e-06	1.438029e-09	3.671842e+01	9.377415e+01
4.070000e-06	5.273726e-06	1.434148e-09	3.661629e+01	9.361118e+01
4.080000e-06	5.258447e-06	1.421624e-09	3.651020e+01	9.344614e+01
4.090000e-06	5.242635e-06	1.386182e-09	3.640042e+01	9.327937e+01
4.100000e-06	5.226440e-06	1.403256e-09	3.628797e+01	9.311120e+01
4.110000e-06	5.210080e-06	1.458191e-09	3.617438e+01	9.294192e+01
4.120000e-06	5.193529e-06	1.435902e-09	3.605946e+01	9.277184e+01
4.130000e-06	5.176583e-06	1.347307e-09	3.594181e+01	9.260120e+01
4.140000e-06	5.159277e-06	1.417386e-09	3.582165e+01	9.243024e+01
4.150000e-06	5.141611e-06	1.474566e-09	3.569899e+01	9.225915e+01
4.160000e-06	5.123511e-06	1.359013e-09	3.557332e+01	9.208809e+01
4.170000e-06	5.105006e-06	1.328439e-09	3.544484e+01	9.191718e+01
4.180000e-06	5.086242e-06	1.466983e-09	3.531456e+01	9.174651e+01
4.190000e-06	5.067148e-06	1.415147e-09	3.518199e+01	9.157612e+01
4.200000e-06	5.047636e-06	1.300573e-09	3.504651e+01	9.140602e+01
4.210000e-06	5.027924e-06	1.416504e-09	3.490964e+01	9.123618e+01
4.220000e-06	5.008002e-06	1.466376e-09	3.477132e+01	9.106655e+01
4.230000e-06	4.987806e-06	1.314301e-09	3.463110e+01	9.089702e+01
4.240000e-06	4.967363e-06	1.346446e-09	3.448916e+01	9.072748e+01
4.250000e-06	4.946630e-06	1.461207e-09	3.434521e+01	9.055780e+01
4.260000e-06	4.925411e-06	1.356826e-09	3.419788e+01	9.038781e+01
4.270000e-06	4.903628e-06	1.314470e-09	3.404664e+01	9.021734e+01
4.280000e-06	4.881370e-06	1.427573e-09	3.389210e+01	9.004621e+01
4.290000e-06	4.858564e-06	1.382046e-09	3.373375e+01	8.987423e+01
4.300000e-06	4.835194e-06	1.298987e-09	3.357149e+01	8.970122e+01
4.310000e-06	4.811459e-06	1.391138e-09	3.340669e+01	8.952699e+01
4.320000e-06	4.787410e-06	1.401812e-09	3.323972e+01	8.935137e+01
4.330000e-06	4.763070e-06	1.310580e-09	3.307072e+01	8.917419e+01
4.340000e-06	4.738515e-06	1.350272e-09	3.290023e+01	8.899531e+01
4.350000e-06	4.713673e-06	1.399968e-09	3.272775e+01	8.881458e+01
4.360000e-06	4.688528e-06	1.331800e-09	3.255317e+01	8.863190e+01
4.370000e-06	4.663056e-06	1.325456e-09	3.237631e+01	8.844714e+01
4.380000e-06	4.637227e-06	1.371106e-09	3.219698e+01	8.826025e+01
4.390000e-06	4.611099e-06	1.349459e-09	3.201556e+01	8.807114e+01
4.400000e-06	4.584662e-06	1.321982e-09	3.183201e+01	8.787978e+01
4.410000e-06	4.557908e-06	1.352100e-09	3.164625e+01	8.768612e+01
4.420000e-06	4.530809e-06	1.353873e-09	3.145810e+01	8.749014e+01
4.430000e-06	4.503382e-06	1.330466e-09	3.126767e+01	8.729183e+01
4.440000e-06	4.475656e-06	1.328431e-09	3.107517e+01	8.709118e+01
4.450000e-06	4.447683e-06	1.339389e-09	3.088094e+01	8.688819e+01
4.460000e-06	4.419538e-06	1.331571e-09	3.068553e+01	8.668285e+01
4.470000e-06	4.391192e-06	1.323278e-09	3.048872e+01	8.647516e+01
4.480000e-06	4.362594e-06	1.322591e-09	3.029016e+01	8.626510e+01
4.490000e-06	4.333743e-06	1.320747e-09	3.008984e+01	8.605264e+01
4.500000e-06	4.304486e-06	1.312850e-09	2.988670e+01	8.583776e+01
4.510000e-06	4.274731e-06	1.316570e-09	2.968011e+01	8.562039e+01
4.520000e-06	4.244537e-06	1.317915e-09	2.947047e+01	8.540047e+01
4.530000e-06	4.213809e-06	1.309129e-09	2.925712e+01	8.517792e+01
4.540000e-06	4.182590e-06	1.306686e-09	2.904036e+01	8.495262e+01
4.550000e-06	4.150968e-06	1.307036e-09	2.882081e+01	8.472446e+01
4.560000e-06	4.119088e-06	1.301059e-09	2.859946e+01	8.449329e+01
4.570000e-06	4.087053e-06	1.300161e-09	2.837703e+01	8.425895e+01
4.580000e-06	4.054796e-06	1.298310e-09	2.815307e+01	8.402128e+01
4.590000e-06	4.022345e-06	1.288187e-09	2.792776e+01	8.378009e+01
4.600000e-06	3.989738e-06	1.289325e-09	2.770136e+01	8.353520e+01
4.610000e-06	3.956891e-06	1.292963e-09	2.747330e+01	8.328640e+01
4.620000e-06	3.923748e-06	1.285433e-09	2.724319e+01	8.303349e+01
4.630000e-06	3.890303e-06	1.280739e-09	2.701097e+01	8.277630e+01
4.640000e-06	3.856552e-06	1.286554e-09	2.677663e+01	8.251464e+01
4.650000e-06	3.822534e-06	1.281019e-09	2.654044e+01	8.224834e+01
4.660000e-06	3.788264e-06	1.273462e-09	2.630249e+01	8.197725e+01
4.670000e-06	3.753757e-06	1.272013e-09	2.606291e+01	8.170123e+01
4.680000e-06	3.719028e-06	1.267320e-09	2.582178e+01	8.142020e+01
4.690000e-06	3.684045e-06	1.256022e-09	2.557889e+01	8.113408e+01
4.700000e-06	3.648759e-06	1.256067e-09	2.533389e+01	8.084283e+01
4.710000e-06	3.613196e-06	1.259064e-09	2.508698e+01	8.054645e+01
4.720000e-06	3.577400e-06	1.253066e-09	2.483843e+01	8.024498e+01
4.730000e-06	3.541390e-06	1.246749e-09	2.458841e+01	7.993847e+01
4.740000e-06	3.505231e-06	1.247859e-09	2.433735e+01	7.962705e+01
4.750000e-06	3.469008e-06	1.241534e-09	2.408585e+01	7.931086e+01
4.760000e-06	3.432636e-06	1.232622e-09	2.383332e+01	7.899008e+01
4.770000e-06	3.395990e-06	1.230501e-09	2.357888e+01	7.866491e+01
4.780000e-06	3.359127e-06	1.229439e-09	2.332293e+01	7.833560e+01
4.790000e-06	3.322001e-06	1.221948e-09	2.306516e+01	7.800240e+01
4.800000e-06	3.284530e-06	1.217745e-09	2.280499e+01	7.766559e+01
4.810000e-06	3.246718e-06	1.219122e-09	2.254246e+01	7.732546e+01
4.820000e-06	3.208573e-06	1.216269e-09	2.227761e+01	7.698231e+01
4.830000e-06	3.170070e-06	1.212044e-09	2.201028e+01	7.663641e+01
4.840000e-06	3.131140e-06	1.210629e-09	2.173998e+01	7.628806e+01
4.850000e-06	3.091849e-06	1.205922e-09	2.146718e+01	7.593751e+01
4.860000e-06	3.052282e-06	1.196590e-09	2.119246e+01	7.558501e+01
4.870000e-06	3.012505e-06	1.190150e-09	2.091628e+01	7.523076e+01
4.880000e-06	2.972567e-06	1.184840e-09	2.063898e+01	7.487493e+01
4.890000e-06	2.932490e-06	1.177243e-09	2.036073e+01	7.451764e+01
4.900000e-06	2.892232e-06	1.171655e-09	2.008121e+01	7.415898e+01
4.910000e-06	2.851830e-06	1.170177e-09	1.980069e+01	7.379895e+01
4.920000e-06	2.811282e-06	1.166770e-09	1.951916e+01	7.343754e+01
4.930000e-06	2.770502e-06	1.163524e-09	1.923602e+01	7.307462e+01
4.940000e-06	2.729549e-06	1.162219e-09	1.895168e+01	7.271005e+01
4.950000e-06	2.688474e-06	1.160938e-09	1.866648e+01	7.234360e+01
4.960000e-06	2.647263e-06	1.156642e-09	1.838035e+01	7.197497e+01
4.970000e-06	2.605905e-06	1.151133e-09	1.809320e+01	7.160383e+01
4.980000e-06	2.564404e-06	1.144801e-09	1.780505e+01	7.122976e+01
4.990000e-06	2.522719e-06	1.138093e-09	1.751563e+01	7.085230e+01
5.000000e-06	2.480831e-06	1.130419e-09	1.722479e+01	7.047093e+01
5.010000e-06	2.438720e-06	1.126241e-09	1.693241e+01	7.008509e+01
5.020000e-06	2.396362e-06	1.123753e-09	1.663831e+01	6.969420e+01
5.030000e-06	2.353867e-06	1.119420e-09	1.634326e+01	6.929762e+01
5.040000e-06	2.311342e-06	1.115738e-09	1.604800e+01	6.889469e+01
5.050000e-06	2.268653e-06	1.111527e-09	1.575160e+01	6.848475e+01
5.060000e-06	2.225721e-06	1.104475e-09	1.545352e+01	6.806713e+01
5.070000e-06	2.182628e-06	1.096655e-09	1.515432e+01	6.764114e+01
5.080000e-06	2.139391e-06	1.088339e-09	1.485412e+01	6.720612e+01
5.090000e-06	2.095971e-06	1.078905e-09	1.455264e+01	6.676140e+01
5.100000e-06	2.052337e-06	1.068869e-09	1.424969e+01	6.630635e+01
5.110000e-06	2.008668e-06	1.065786e-09	1.394649e+01	6.584037e+01
5.120000e-06	1.964890e-06	1.064081e-09	1.364253e+01	6.536286e+01
5.130000e-06	1.920927e-06	1.060289e-09	1.333729e+01	6.487328e+01
5.140000e-06	1.876892e-06	1.055160e-09	1.303155e+01	6.437114e+01
5.150000e-06	1.832815e-06	1.049460e-09	1.272552e+01	6.385595e+01
5.160000e-06	1.788693e-06	1.041565e-09	1.241917e+01	6.332730e+01
5.170000e-06	1.744461e-06	1.030830e-09	1.211206e+01	6.278479e+01
5.180000e-06	1.700134e-06	1.024447e-09	1.180429e+01	6.222808e+01
5.190000e-06	1.655690e-06	1.015252e-09	1.149571e+01	6.165684e+01
5.200000e-06	1.611150e-06	1.003631e-09	1.118646e+01	6.107080e+01
5.210000e-06	1.566579e-06	9.959008e-10	1.087700e+01	6.046968e+01
5.220000e-06	1.522041e-06	9.884727e-10	1.056777e+01	5.985325e+01
5.230000e-06	1.477444e-06	9.822087e-10	1.025812e+01	5.922126e+01
5.240000e-06	1.432681e-06	9.760670e-10	9.947323e+00	5.857350e+01
5.250000e-06	1.387799e-06	9.685048e-10	9.635698e+00	5.790973e+01
5.260000e-06	1.342761e-06	9.584753e-10	9.322998e+00	5.722970e+01
5.270000e-06	1.297631e-06	9.481886e-10	9.009653e+00	5.653315e+01
5.280000e-06	1.252460e-06	9.374528e-10	8.696024e+00	5.581978e+01
5.290000e-06	1.207237e-06	9.231865e-10	8.382030e+00	5.508926e+01
5.300000e-06	1.161964e-06	9.103530e-10	8.067691e+00	5.434122e+01
5.310000e-06	1.116489e-06	8.983358e-10	7.751953e+00	5.357523e+01
5.320000e-06	1.070891e-06	8.904110e-10	7.435362e+00	5.279080e+01
5.330000e-06	1.025247e-06	8.843169e-10	7.118447e+00	5.198740e+01
5.340000e-06	9.794894e-07	8.766733e-10	6.800745e+00	5.116442e+01
5.350000e-06	9.336427e-07	8.647135e-10	6.482424e+00	5.032119e+01
5.360000e-06	8.876503e-07	8.484926e-10	6.163092e+00	4.945696e+01
5.370000e-06	8.415792e-07	8.297767e-10	5.843213e+00	4.857095e+01
5.380000e-06	7.955120e-07	8.130894e-10	5.523362e+00	4.766228e+01
5.390000e-06	7.493815e-07	8.002336e-10	5.203071e+00	4.673003e+01
5.400000e-06	7.031887e-07	7.903784e-10	4.882347e+00	4.577322e+01
5.410000e-06	6.569883e-07	7.786133e-10	4.561570e+00	4.479085e+01
5.420000e-06	6.107558e-07	7.636875e-10	4.240571e+00	4.378185e+01
5.430000e-06	5.644242e-07	7.487165e-10	3.918883e+00	4.274515e+01
5.440000e-06	5.178769e-07	7.319258e-10	3.595699e+00	4.167964e+01
5.450000e-06	4.712855e-07	7.123506e-10	3.272207e+00	4.058424e+01
5.460000e-06	4.248321e-07	6.928823e-10	2.949674e+00	3.945787e+01
5.470000e-06	3.784214e-07	6.749187e-10	2.627438e+00	3.829947e+01
5.480000e-06	3.319088e-07	6.563866e-10	2.304494e+00	3.710802e+01
5.490000e-06	2.853187e-07	6.374761e-10	1.981011e+00	3.588256e+01
5.500000e-06	2.387650e-07	6.185045e-10	1.657782e+00	3.462221e+01
5.510000e-06	1.921439e-07	5.984833e-10	1.334085e+00	3.332617e+01
5.520000e-06	1.455240e-07	5.751271e-10	1.010395e+00	3.199373e+01
5.530000e-06	9.899385e-08	5.521354e-10	6.873294e-01	3.062431e+01
5.540000e-06	5.246195e-08	5.279569e-10	3.642514e-01	2.921746e+01
5.550000e-06	5.862710e-09	5.040711e-10	4.070569e-02	2.777286e+01
5.560000e-06	-4.080307e-08	4.817654e-10	-2.833020e-01	2.629034e+01
5.570000e-06	-8.752715e-08	4.583931e-10	-6.077144e-01	2.476991e+01
5.580000e-06	-1.342249e-07	4.335869e-10	-9.319444e-01	2.321173e+01
5.590000e-06	-1.808060e-07	4.078890e-10	-1.255363e+00	2.161613e+01
5.600000e-06	-2.273301e-07	3.833621e-10	-1.578388e+00	1.998366e+01
5.610000e-06	-2.739137e-07	3.555776e-10	-1.901825e+00	1.831502e+01
5.620000e-06	-3.204969e-07	3.266725e-10	-2.225259e+00	1.661111e+01
5.630000e-06	-3.670337e-07	2.974190e-10	-2.548371e+00	1.487301e+01
5.640000e-06	-4.135261e-07	2.699763e-10	-2.871175e+00	1.310198e+01
5.650000e-06	-4.599574e-07	2.417487e-10	-3.193555e+00	1.129947e+01
5.660000e-06	-5.064094e-07	2.114293e-10	-3.516078e+00	9.467109e+00
5.670000e-06	-5.528585e-07	1.801544e-10	-3.838581e+00	7.606672e+00
5.680000e-06	-5.992378e-07	1.471287e-10	-4.160600e+00	5.720103e+00
5.690000e-06	-6.455065e-07	1.127293e-10	-4.481850e+00	3.809493e+00
5.700000e-06	-6.917422e-07	7.817793e-11	-4.802872e+00	1.877065e+00
5.710000e-06	-7.380340e-07	4.602045e-11	-5.124283e+00	-7.483586e-02
5.720000e-06	-7.842728e-07	1.334274e-11	-5.445326e+00	-2.043758e+00
5.730000e-06	-8.303605e-07	-1.932206e-11	-5.765320e+00	-4.027156e+00
5.740000e-06	-8.763293e-07	-5.131804e-11	-6.084488e+00	-6.022409e+00
5.750000e-06	-9.221976e-07	-8.366293e-11	-6.402959e+00	-8.026836e+00
5.760000e-06	-9.680144e-07	-1.181901e-10	-6.721072e+00	-1.003771e+01
5.770000e-06	-1.013721e-06	-1.528732e-10	-7.038417e+00	-1.205228e+01
5.780000e-06	-1.059273e-06	-1.890759e-10	-7.354695e+00	-1.406779e+01
5.790000e-06	-1.104845e-06	-2.266878e-10	-7.671111e+00	-1.608148e+01
5.800000e-06	-1.150319e-06	-2.609976e-10	-7.986842e+00	-1.809060e+01
5.810000e-06	-1.195578e-06	-2.939211e-10	-8.301081e+00	-2.009248e+01
5.820000e-06	-1.240727e-06	-3.266210e-10	-8.614557e+00	-2.208447e+01
5.830000e-06	-1.285769e-06	-3.578124e-10	-8.927291e+00	-2.406398e+01
5.840000e-06	-1.330636e-06	-3.888075e-10	-9.238813e+00	-2.602854e+01
5.850000e-06	-1.375434e-06	-4.198861e-10	-9.549848e+00	-2.797573e+01
5.860000e-06	-1.420221e-06	-4.525198e-10	-9.860809e+00	-2.990326e+01
5.870000e-06	-1.464917e-06	-4.846720e-10	-1.017114e+01	-3.180896e+01
5.880000e-06	-1.509518e-06	-5.154147e-10	-1.048082e+01	-3.369076e+01
5.890000e-06	-1.554045e-06	-5.474700e-10	-1.078997e+01	-3.554675e+01
5.900000e-06	-1.598525e-06	-5.818643e-10	-1.109881e+01	-3.737513e+01
5.910000e-06	-1.642934e-06	-6.132983e-10	-1.140714e+01	-3.917428e+01
5.920000e-06	-1.687248e-06	-6.411779e-10	-1.171482e+01	-4.094269e+01
5.930000e-06	-1.731487e-06	-6.666989e-10	-1.202198e+01	-4.267903e+01
5.940000e-06	-1.775669e-06	-6.915643e-10	-1.232874e+01	-4.438210e+01
5.950000e-06	-1.819799e-06	-7.195324e-10	-1.263515e+01	-4.605087e+01
5.960000e-06	-1.863884e-06	-7.481225e-10	-1.294123e+01	-4.768445e+01
5.970000e-06	-1.907871e-06	-7.762189e-10	-1.324664e+01	-4.928212e+01
5.980000e-06	-1.951774e-06	-8.048936e-10	-1.355146e+01	-5.084327e+01
5.990000e-06	-1.995656e-06	-8.347735e-10	-1.385615e+01	-5.236747e+01
6.000000e-06	-2.039438e-06	-8.643723e-10	-1.416013e+01	-5.385441e+01
6.010000e-06	-2.082914e-06	-8.900991e-10	-1.446199e+01	-5.530390e+01
6.020000e-06	-2.126101e-06	-9.120936e-10	-1.476184e+01	-5.671590e+01
6.030000e-06	-2.169162e-06	-9.312414e-10	-1.506082e+01	-5.809047e+01
6.040000e-06	-2.212168e-06	-9.492239e-10	-1.535942e+01	-5.942779e+01
6.050000e-06	-2.255088e-06	-9.678248e-10	-1.565742e+01	-6.072812e+01
6.060000e-06	-2.297774e-06	-9.878738e-10	-1.595380e+01	-6.199184e+01
6.070000e-06	-2.340195e-06	-1.010510e-09	-1.624833e+01	-6.321940e+01
6.080000e-06	-2.382475e-06	-1.033635e-09	-1.654189e+01	-6.441133e+01
6.090000e-06	-2.424656e-06	-1.055985e-09	-1.683475e+01	-6.556821e+01
6.100000e-06	-2.466725e-06	-1.078653e-09	-1.712685e+01	-6.669068e+01
6.110000e-06	-2.508667e-06	-1.098935e-09	-1.741806e+01	-6.777945e+01
6.120000e-06	-2.550349e-06	-1.115205e-09	-1.770746e+01	-6.883525e+01
6.130000e-06	-2.591796e-06	-1.129902e-09	-1.799524e+01	-6.985882e+01
6.140000e-06	-2.633024e-06	-1.144749e-09	-1.828149e+01	-7.085095e+01
6.150000e-06	-2.674017e-06	-1.161997e-09	-1.856611e+01	-7.181243e+01
6.160000e-06	-2.714814e-06	-1.179653e-09	-1.884937e+01	-7.274406e+01
6.170000e-06	-2.755429e-06	-1.195926e-09	-1.913136e+01	-7.364663e+01
6.180000e-06	-2.795911e-06	-1.210451e-09	-1.941244e+01	-7.452094e+01
6.190000e-06	-2.836297e-06	-1.224689e-09	-1.969284e+01	-7.536776e+01
6.200000e-06	-2.876595e-06	-1.237188e-09	-1.997264e+01	-7.618786e+01
6.210000e-06	-2.916765e-06	-1.249436e-09	-2.025155e+01	-7.698197e+01
6.220000e-06	-2.956811e-06	-1.261980e-09	-2.052959e+01	-7.775081e+01
6.230000e-06	-2.996767e-06	-1.273383e-09	-2.080701e+01	-7.849508e+01
6.240000e-06	-3.036515e-06	-1.283416e-09	-2.108299e+01	-7.921544e+01
6.250000e-06	-3.075978e-06	-1.294940e-09	-2.135699e+01	-7.991253e+01
6.260000e-06	-3.115249e-06	-1.307052e-09	-2.162965e+01	-8.058696e+01
6.270000e-06	-3.154282e-06	-1.316680e-09	-2.190066e+01	-8.123931e+01
6.280000e-06	-3.192921e-06	-1.326181e-09	-2.216894e+01	-8.187014e+01
6.290000e-06	-3.231088e-06	-1.336563e-09	-2.243394e+01	-8.247998e+01
6.300000e-06	-3.268796e-06	-1.348332e-09	-2.269575e+01	-8.306936e+01
6.310000e-06	-3.306121e-06	-1.360301e-09	-2.295491e+01	-8.363876e+01
6.320000e-06	-3.343096e-06	-1.368740e-09	-2.321163e+01	-8.418867e+01
6.330000e-06	-3.379763e-06	-1.374268e-09	-2.346621e+01	-8.471955e+01
6.340000e-06	-3.416222e-06	-1.380504e-09	-2.371935e+01	-8.523186e+01
6.350000e-06	-3.452541e-06	-1.386917e-09	-2.397152e+01	-8.572606e+01
6.360000e-06	-3.488772e-06	-1.392311e-09	-2.422308e+01	-8.620261e+01
6.370000e-06	-3.524885e-06	-1.397037e-09	-2.447382e+01	-8.666195e+01
6.380000e-06	-3.560767e-06	-1.404071e-09	-2.472295e+01	-8.710454e+01
6.390000e-06	-3.596419e-06	-1.413742e-09	-2.497048e+01	-8.753085e+01
6.400000e-06	-3.631882e-06	-1.424579e-09	-2.521671e+01	-8.794136e+01
6.410000e-06	-3.667032e-06	-1.432870e-09	-2.546076e+01	-8.833655e+01
6.420000e-06	-3.701874e-06	-1.440686e-09	-2.570268e+01	-8.871692e+01
6.430000e-06	-3.736466e-06	-1.447449e-09	-2.594286e+01	-8.908297e+01
6.440000e-06	-3.770842e-06	-1.449110e-09	-2.618153e+01	-8.943524e+01
6.450000e-06	-3.804992e-06	-1.447463e-09	-2.641864e+01	-8.977426e+01
6.460000e-06	-3.838898e-06	-1.447198e-09	-2.665405e+01	-9.010057e+01
6.470000e-06	-3.872549e-06	-1.449132e-09	-2.688770e+01	-9.041473e+01
6.480000e-06	-3.905844e-06	-1.452626e-09	-2.711887e+01	-9.071731e+01
6.490000e-06	-3.938788e-06	-1.459808e-09	-2.734761e+01	-9.100887e+01
6.500000e-06	-3.971497e-06	-1.468218e-09	-2.757471e+01	-9.128997e+01
6.510000e-06	-4.004002e-06	-1.474558e-09	-2.780040e+01	-9.156119e+01
6.520000e-06	-4.036320e-06	-1.479344e-09	-2.802478e+01	-9.182309e+01
6.530000e-06	-4.068481e-06	-1.483018e-09	-2.824808e+01	-9.207619e+01
6.540000e-06	-4.100483e-06	-1.483619e-09	-2.847028e+01	-9.232105e+01
6.550000e-06	-4.132200e-06	-1.481915e-09	-2.869049e+01	-9.255817e+01
6.560000e-06	-4.163589e-06	-1.482562e-09	-2.890844e+01	-9.278803e+01
6.570000e-06	-4.194630e-06	-1.486229e-09	-2.912396e+01	-9.301110e+01
6.580000e-06	-4.225071e-06	-1.492412e-09	-2.933532e+01	-9.322780e+01
6.590000e-06	-4.254932e-06	-1.499401e-09	-2.954264e+01	-9.343851e+01
6.600000e-06	-4.284363e-06	-1.504785e-09	-2.974699e+01	-9.364359e+01
6.610000e-06	-4.313370e-06	-1.508377e-09	-2.994839e+01	-9.384336e+01
6.620000e-06	-4.342014e-06	-1.510385e-09	-3.014727e+01	-9.403806e+01
6.630000e-06	-4.370479e-06	-1.511114e-09	-3.034491e+01	-9.422793e+01
6.640000e-06	-4.398800e-06	-1.510601e-09	-3.054154e+01	-9.441314e+01
6.650000e-06	-4.426930e-06	-1.510567e-09	-3.073685e+01	-9.459382e+01
6.660000e-06	-4.454862e-06	-1.510499e-09	-3.093079e+01	-9.477006e+01
6.670000e-06	-4.482575e-06	-1.512560e-09	-3.112320e+01	-9.494191e+01
6.680000e-06	-4.509908e-06	-1.515805e-09	-3.131298e+01	-9.510936e+01
6.690000e-06	-4.536834e-06	-1.517951e-09	-3.149993e+01	-9.527240e+01
6.700000e-06	-4.563429e-06	-1.520316e-09	-3.168459e+01	-9.543095e+01
6.710000e-06	-4.589700e-06	-1.525767e-09	-3.186699e+01	-9.558494e+01
6.720000e-06	-4.615685e-06	-1.528939e-09	-3.204741e+01	-9.573423e+01
6.730000e-06	-4.641374e-06	-1.529426e-09	-3.222577e+01	-9.587871e+01
6.740000e-06	-4.666667e-06	-1.529013e-09	-3.240138e+01	-9.601823e+01
6.750000e-06	-4.691539e-06	-1.527881e-09	-3.257408e+01	-9.615265e+01
6.760000e-06	-4.716089e-06	-1.528195e-09	-3.274453e+01	-9.628181e+01
6.770000e-06	-4.740407e-06	-1.529156e-09	-3.291337e+01	-9.640556e+01
6.780000e-06	-4.764606e-06	-1.533209e-09	-3.308139e+01	-9.652379e+01
6.790000e-06	-4.788636e-06	-1.539034e-09	-3.324823e+01	-9.663636e+01
6.800000e-06	-4.812391e-06	-1.543281e-09	-3.341316e+01	-9.674319e+01
6.810000e-06	-4.835733e-06	-1.544729e-09	-3.357523e+01	-9.684419e+01
6.820000e-06	-4.858541e-06	-1.542694e-09	-3.373360e+01	-9.693934e+01
6.830000e-06	-4.880769e-06	-1.538757e-09	-3.388792e+01	-9.702862e+01
6.840000e-06	-4.902390e-06	-1.535959e-09	-3.403804e+01	-9.711206e+01
6.850000e-06	-4.923541e-06	-1.536352e-09	-3.418490e+01	-9.718971e+01
6.860000e-06	-4.944266e-06	-1.537743e-09	-3.432879e+01	-9.726166e+01
6.870000e-06	-4.964705e-06	-1.536864e-09	-3.447070e+01	-9.732806e+01
6.880000e-06	-4.984984e-06	-1.533118e-09	-3.461150e+01	-9.738907e+01
6.890000e-06	-5.005001e-06	-1.529653e-09	-3.475049e+01	-9.744489e+01
6.900000e-06	-5.024743e-06	-1.530763e-09	-3.488756e+01	-9.749573e+01
6.910000e-06	-5.044214e-06	-1.533288e-09	-3.502275e+01	-9.754187e+01
6.920000e-06	-5.063318e-06	-1.536504e-09	-3.515539e+01	-9.758357e+01
6.930000e-06	-5.082053e-06	-1.538245e-09	-3.528547e+01	-9.762114e+01
6.940000e-06	-5.100516e-06	-1.538195e-09	-3.541366e+01	-9.765487e+01
6.950000e-06	-5.118638e-06	-1.535271e-09	-3.553949e+01	-9.768509e+01
6.960000e-06	-5.136354e-06	-1.530468e-09	-3.566249e+01	-9.771212e+01
6.970000e-06	-5.153693e-06	-1.525115e-09	-3.578288e+01	-9.773626e+01
6.980000e-06	-5.170738e-06	-1.523083e-09	-3.590123e+01	-9.775782e+01
6.990000e-06	-5.187460e-06	-1.526634e-09	-3.601733e+01	-9.777709e+01
7.000000e-06	-5.203832e-06	-1.529872e-09	-3.613100e+01	-9.779435e+01
7.010000e-06	-5.220001e-06	-1.530274e-09	-3.624326e+01	-9.780984e+01
7.020000e-06	-5.235886e-06	-1.529350e-09	-3.635356e+01	-9.782378e+01
7.030000e-06	-5.251259e-06	-1.526219e-09	-3.646030e+01	-9.783636e+01
7.040000e-06	-5.266043e-06	-1.522192e-09	-3.656294e+01	-9.784773e+01
7.050000e-06	-5.280175e-06	-1.519913e-09	-3.666106e+01	-9.785802e+01
7.060000e-06	-5.293730e-06	-1.519079e-09	-3.675518e+01	-9.786731e+01
7.070000e-06	-5.306757e-06	-1.517442e-09	-3.684562e+01	-9.787564e+01
7.080000e-06	-5.319372e-06	-1.515648e-09	-3.693321e+01	-9.788302e+01
7.090000e-06	-5.331679e-06	-1.517376e-09	-3.701867e+01	-9.788944e+01
7.100000e-06	-5.343646e-06	-1.518533e-09	-3.710175e+01	-9.789482e+01
7.110000e-06	-5.355181e-06	-1.518608e-09	-3.718184e+01	-9.789910e+01
7.120000e-06	-5.366314e-06	-1.518444e-09	-3.725914e+01	-9.790215e+01
7.130000e-06	-5.377135e-06	-1.517758e-09	-3.733427e+01	-9.790384e+01
7.140000e-06	-5.387577e-06	-1.516984e-09	-3.740677e+01	-9.790402e+01
7.150000e-06	-5.397645e-06	-1.514447e-09	-3.747667e+01	-9.790254e+01
7.160000e-06	-5.407320e-06	-1.511318e-09	-3.754385e+01	-9.789922e+01
7.170000e-06	-5.416592e-06	-1.510564e-09	-3.760823e+01	-9.789390e+01
7.180000e-06	-5.425489e-06	-1.508831e-09	-3.767000e+01	-9.788640e+01
7.190000e-06	-5.434072e-06	-1.508356e-09	-3.772959e+01	-9.787658e+01
7.200000e-06	-5.442438e-06	-1.510123e-09	-3.778768e+01	-9.786428e+01
7.210000e-06	-5.450581e-06	-1.513814e-09	-3.784422e+01	-9.784939e+01
7.220000e-06	-5.458415e-06	-1.516982e-09	-3.789861e+01	-9.783180e+01
7.230000e-06	-5.465927e-06	-1.516048e-09	-3.795077e+01	-9.781144e+01
7.240000e-06	-5.472914e-06	-1.511877e-09	-3.799928e+01	-9.778825e+01
7.250000e-06	-5.479227e-06	-1.507137e-09	-3.804311e+01	-9.776222e+01
7.260000e-06	-5.484884e-06	-1.504283e-09	-3.808239e+01	-9.773335e+01
7.270000e-06	-5.489997e-06	-1.501434e-09	-3.811789e+01	-9.770169e+01
7.280000e-06	-5.494737e-06	-1.498687e-09	-3.815080e+01	-9.766729e+01
7.290000e-06	-5.499169e-06	-1.497485e-09	-3.818157e+01	-9.763027e+01
7.300000e-06	-5.503410e-06	-1.499001e-09	-3.821101e+01	-9.759074e+01
7.310000e-06	-5.507357e-06	-1.499271e-09	-3.823842e+01	-9.754885e+01
7.320000e-06	-5.510945e-06	-1.498735e-09	-3.826333e+01	-9.750475e+01
7.330000e-06	-5.514150e-06	-1.495785e-09	-3.828559e+01	-9.745864e+01
7.340000e-06	-5.516917e-06	-1.491232e-09	-3.830480e+01	-9.741068e+01
7.350000e-06	-5.519352e-06	-1.488179e-09	-3.832170e+01	-9.736108e+01
7.360000e-06	-5.521464e-06	-1.487363e-09	-3.833637e+01	-9.731002e+01
7.370000e-06	-5.523222e-06	-1.489184e-09	-3.834858e+01	-9.725768e+01
7.380000e-06	-5.524521e-06	-1.490516e-09	-3.835759e+01	-9.720424e+01
7.390000e-06	-5.525424e-06	-1.489631e-09	-3.836387e+01	-9.714984e+01
7.400000e-06	-5.526060e-06	-1.488447e-09	-3.836828e+01	-9.709463e+01
