# Temperatura_=_15.6
# Concentracion g/m^3_=_1620.0
# C_Vs_to_Am_M_A/Vsm_=_65563218390.804596
# pendiente_HvsI_1/m_=_3716.3
# ordenada_HvsI_A/m_=_1297.0
# frecuencia_Hz_=_135092.35091667224

Tiempo_(s)	Campo_(V.s)	Magnetizacion_(V.s)	Campo_(kA/m)	Magnetizacion_(A/m)
0.000000e+00	-5.546969e-06	-1.501510e-09	-3.837393e+01	-9.840515e+01
1.000000e-08	-5.547322e-06	-1.497321e-09	-3.837637e+01	-9.833775e+01
2.000000e-08	-5.547322e-06	-1.493793e-09	-3.837637e+01	-9.827076e+01
3.000000e-08	-5.547059e-06	-1.492356e-09	-3.837456e+01	-9.820457e+01
4.000000e-08	-5.546396e-06	-1.491014e-09	-3.836997e+01	-9.813957e+01
5.000000e-08	-5.545183e-06	-1.490397e-09	-3.836158e+01	-9.807611e+01
6.000000e-08	-5.543433e-06	-1.487347e-09	-3.834947e+01	-9.801450e+01
7.000000e-08	-5.541141e-06	-1.486990e-09	-3.833361e+01	-9.795498e+01
8.000000e-08	-5.538294e-06	-1.520417e-09	-3.831392e+01	-9.789777e+01
9.000000e-08	-5.534894e-06	-1.546071e-09	-3.829040e+01	-9.784300e+01
1.000000e-07	-5.531013e-06	-1.490249e-09	-3.826355e+01	-9.779074e+01
1.100000e-07	-5.526793e-06	-1.426490e-09	-3.823436e+01	-9.774100e+01
1.200000e-07	-5.522399e-06	-1.462277e-09	-3.820396e+01	-9.769369e+01
1.300000e-07	-5.517688e-06	-1.511917e-09	-3.817136e+01	-9.764867e+01
1.400000e-07	-5.512515e-06	-1.509425e-09	-3.813558e+01	-9.760571e+01
1.500000e-07	-5.507026e-06	-1.436072e-09	-3.809760e+01	-9.756451e+01
1.600000e-07	-5.501266e-06	-1.493829e-09	-3.805776e+01	-9.752471e+01
1.700000e-07	-5.495071e-06	-1.507483e-09	-3.801490e+01	-9.748586e+01
1.800000e-07	-5.488437e-06	-1.489331e-09	-3.796901e+01	-9.744747e+01
1.900000e-07	-5.481434e-06	-1.435223e-09	-3.792056e+01	-9.740899e+01
2.000000e-07	-5.474034e-06	-1.451397e-09	-3.786937e+01	-9.736982e+01
2.100000e-07	-5.466324e-06	-1.477942e-09	-3.781603e+01	-9.732932e+01
2.200000e-07	-5.458373e-06	-1.482922e-09	-3.776102e+01	-9.728684e+01
2.300000e-07	-5.450215e-06	-1.487220e-09	-3.770459e+01	-9.724169e+01
2.400000e-07	-5.441798e-06	-1.469144e-09	-3.764636e+01	-9.719320e+01
2.500000e-07	-5.432708e-06	-1.463906e-09	-3.758347e+01	-9.714068e+01
2.600000e-07	-5.422890e-06	-1.461107e-09	-3.751555e+01	-9.708347e+01
2.700000e-07	-5.412431e-06	-1.482567e-09	-3.744320e+01	-9.702095e+01
2.800000e-07	-5.401436e-06	-1.467717e-09	-3.736713e+01	-9.695251e+01
2.900000e-07	-5.390121e-06	-1.479084e-09	-3.728886e+01	-9.687761e+01
3.000000e-07	-5.378455e-06	-1.468868e-09	-3.720815e+01	-9.679575e+01
3.100000e-07	-5.366341e-06	-1.479735e-09	-3.712435e+01	-9.670653e+01
3.200000e-07	-5.353631e-06	-1.452698e-09	-3.703642e+01	-9.660959e+01
3.300000e-07	-5.340496e-06	-1.478342e-09	-3.694555e+01	-9.650466e+01
3.400000e-07	-5.327071e-06	-1.469607e-09	-3.685268e+01	-9.639155e+01
3.500000e-07	-5.313290e-06	-1.464256e-09	-3.675734e+01	-9.627016e+01
3.600000e-07	-5.299125e-06	-1.453616e-09	-3.665934e+01	-9.614048e+01
3.700000e-07	-5.284563e-06	-1.478025e-09	-3.655861e+01	-9.600258e+01
3.800000e-07	-5.269429e-06	-1.446467e-09	-3.645391e+01	-9.585662e+01
3.900000e-07	-5.253707e-06	-1.441424e-09	-3.634515e+01	-9.570284e+01
4.000000e-07	-5.237453e-06	-1.469791e-09	-3.623270e+01	-9.554156e+01
4.100000e-07	-5.220814e-06	-1.463709e-09	-3.611759e+01	-9.537316e+01
4.200000e-07	-5.203904e-06	-1.413992e-09	-3.600061e+01	-9.519811e+01
4.300000e-07	-5.186642e-06	-1.441299e-09	-3.588119e+01	-9.501690e+01
4.400000e-07	-5.169148e-06	-1.465485e-09	-3.576017e+01	-9.483008e+01
4.500000e-07	-5.151211e-06	-1.407962e-09	-3.563608e+01	-9.463825e+01
4.600000e-07	-5.132733e-06	-1.394883e-09	-3.550824e+01	-9.444201e+01
4.700000e-07	-5.113923e-06	-1.444345e-09	-3.537812e+01	-9.424198e+01
4.800000e-07	-5.094773e-06	-1.424957e-09	-3.524564e+01	-9.403881e+01
4.900000e-07	-5.075329e-06	-1.384408e-09	-3.511113e+01	-9.383310e+01
5.000000e-07	-5.055624e-06	-1.428709e-09	-3.497481e+01	-9.362545e+01
5.100000e-07	-5.035650e-06	-1.429010e-09	-3.483662e+01	-9.341644e+01
5.200000e-07	-5.015382e-06	-1.378246e-09	-3.469641e+01	-9.320661e+01
5.300000e-07	-4.994834e-06	-1.393755e-09	-3.455426e+01	-9.299644e+01
5.400000e-07	-4.974019e-06	-1.427702e-09	-3.441026e+01	-9.278637e+01
5.500000e-07	-4.952783e-06	-1.375007e-09	-3.426335e+01	-9.257678e+01
5.600000e-07	-4.931171e-06	-1.373904e-09	-3.411384e+01	-9.236799e+01
5.700000e-07	-4.909290e-06	-1.414268e-09	-3.396247e+01	-9.216023e+01
5.800000e-07	-4.887045e-06	-1.396060e-09	-3.380857e+01	-9.195370e+01
5.900000e-07	-4.864335e-06	-1.360021e-09	-3.365147e+01	-9.174850e+01
6.000000e-07	-4.841327e-06	-1.394516e-09	-3.349230e+01	-9.154469e+01
6.100000e-07	-4.818098e-06	-1.385833e-09	-3.333160e+01	-9.134223e+01
6.200000e-07	-4.794586e-06	-1.352363e-09	-3.316895e+01	-9.114106e+01
6.300000e-07	-4.770810e-06	-1.360580e-09	-3.300446e+01	-9.094102e+01
6.400000e-07	-4.746751e-06	-1.379665e-09	-3.283802e+01	-9.074193e+01
6.500000e-07	-4.722393e-06	-1.352064e-09	-3.266952e+01	-9.054356e+01
6.600000e-07	-4.697560e-06	-1.355671e-09	-3.249772e+01	-9.034564e+01
6.700000e-07	-4.672298e-06	-1.371225e-09	-3.232296e+01	-9.014785e+01
6.800000e-07	-4.646596e-06	-1.356036e-09	-3.214515e+01	-8.994988e+01
6.900000e-07	-4.620287e-06	-1.335791e-09	-3.196315e+01	-8.975139e+01
7.000000e-07	-4.593565e-06	-1.347646e-09	-3.177829e+01	-8.955203e+01
7.100000e-07	-4.566447e-06	-1.342473e-09	-3.159068e+01	-8.935147e+01
7.200000e-07	-4.538911e-06	-1.329458e-09	-3.140018e+01	-8.914937e+01
7.300000e-07	-4.511172e-06	-1.334640e-09	-3.120829e+01	-8.894541e+01
7.400000e-07	-4.483261e-06	-1.338159e-09	-3.101520e+01	-8.873929e+01
7.500000e-07	-4.455092e-06	-1.324318e-09	-3.082033e+01	-8.853076e+01
7.600000e-07	-4.426654e-06	-1.318909e-09	-3.062359e+01	-8.831956e+01
7.700000e-07	-4.397974e-06	-1.319312e-09	-3.042518e+01	-8.810550e+01
7.800000e-07	-4.368977e-06	-1.308655e-09	-3.022458e+01	-8.788841e+01
7.900000e-07	-4.339631e-06	-1.304669e-09	-3.002157e+01	-8.766816e+01
8.000000e-07	-4.309999e-06	-1.305649e-09	-2.981657e+01	-8.744466e+01
8.100000e-07	-4.280134e-06	-1.298654e-09	-2.960996e+01	-8.721785e+01
8.200000e-07	-4.250031e-06	-1.285471e-09	-2.940171e+01	-8.698771e+01
8.300000e-07	-4.219565e-06	-1.284517e-09	-2.919095e+01	-8.675424e+01
8.400000e-07	-4.188750e-06	-1.275060e-09	-2.897777e+01	-8.651749e+01
8.500000e-07	-4.157620e-06	-1.267363e-09	-2.876241e+01	-8.627752e+01
8.600000e-07	-4.126269e-06	-1.267457e-09	-2.854553e+01	-8.603440e+01
8.700000e-07	-4.094755e-06	-1.271171e-09	-2.832752e+01	-8.578823e+01
8.800000e-07	-4.063077e-06	-1.259634e-09	-2.810837e+01	-8.553910e+01
8.900000e-07	-4.031262e-06	-1.255589e-09	-2.788827e+01	-8.528713e+01
9.000000e-07	-3.999121e-06	-1.251283e-09	-2.766592e+01	-8.503241e+01
9.100000e-07	-3.966592e-06	-1.244554e-09	-2.744088e+01	-8.477504e+01
9.200000e-07	-3.933816e-06	-1.237298e-09	-2.721414e+01	-8.451509e+01
9.300000e-07	-3.900751e-06	-1.241320e-09	-2.698539e+01	-8.425264e+01
9.400000e-07	-3.867249e-06	-1.236825e-09	-2.675363e+01	-8.398771e+01
9.500000e-07	-3.833199e-06	-1.230450e-09	-2.651807e+01	-8.372034e+01
9.600000e-07	-3.798692e-06	-1.227759e-09	-2.627935e+01	-8.345051e+01
9.700000e-07	-3.763924e-06	-1.225445e-09	-2.603882e+01	-8.317819e+01
9.800000e-07	-3.728813e-06	-1.215035e-09	-2.579593e+01	-8.290332e+01
9.900000e-07	-3.693396e-06	-1.211718e-09	-2.555091e+01	-8.262581e+01
1.000000e-06	-3.657793e-06	-1.207217e-09	-2.530461e+01	-8.234556e+01
1.010000e-06	-3.621973e-06	-1.196450e-09	-2.505681e+01	-8.206240e+01
1.020000e-06	-3.585945e-06	-1.189650e-09	-2.480757e+01	-8.177620e+01
1.030000e-06	-3.549730e-06	-1.189683e-09	-2.455703e+01	-8.148676e+01
1.040000e-06	-3.513321e-06	-1.184846e-09	-2.430516e+01	-8.119388e+01
1.050000e-06	-3.476730e-06	-1.175706e-09	-2.405202e+01	-8.089737e+01
1.060000e-06	-3.439880e-06	-1.168870e-09	-2.379709e+01	-8.059699e+01
1.070000e-06	-3.402780e-06	-1.161739e-09	-2.354043e+01	-8.029255e+01
1.080000e-06	-3.365433e-06	-1.155191e-09	-2.328207e+01	-7.998381e+01
1.090000e-06	-3.327760e-06	-1.150519e-09	-2.302145e+01	-7.967056e+01
1.100000e-06	-3.289813e-06	-1.148978e-09	-2.275893e+01	-7.935261e+01
1.110000e-06	-3.251593e-06	-1.141798e-09	-2.249452e+01	-7.902975e+01
1.120000e-06	-3.213226e-06	-1.134958e-09	-2.222910e+01	-7.870183e+01
1.130000e-06	-3.174661e-06	-1.127995e-09	-2.196230e+01	-7.836867e+01
1.140000e-06	-3.135846e-06	-1.119889e-09	-2.169378e+01	-7.803015e+01
1.150000e-06	-3.096858e-06	-1.110700e-09	-2.142406e+01	-7.768615e+01
1.160000e-06	-3.057724e-06	-1.108348e-09	-2.115333e+01	-7.733657e+01
1.170000e-06	-3.018397e-06	-1.104139e-09	-2.088127e+01	-7.698136e+01
1.180000e-06	-2.978903e-06	-1.097052e-09	-2.060805e+01	-7.662044e+01
1.190000e-06	-2.939264e-06	-1.092613e-09	-2.033383e+01	-7.625379e+01
1.200000e-06	-2.899486e-06	-1.092461e-09	-2.005864e+01	-7.588139e+01
1.210000e-06	-2.859609e-06	-1.084912e-09	-1.978277e+01	-7.550324e+01
1.220000e-06	-2.819545e-06	-1.076141e-09	-1.950561e+01	-7.511933e+01
1.230000e-06	-2.779330e-06	-1.067628e-09	-1.922741e+01	-7.472967e+01
1.240000e-06	-2.738900e-06	-1.061433e-09	-1.894771e+01	-7.433427e+01
1.250000e-06	-2.698237e-06	-1.055140e-09	-1.866640e+01	-7.393313e+01
1.260000e-06	-2.657339e-06	-1.052890e-09	-1.838347e+01	-7.352624e+01
1.270000e-06	-2.616150e-06	-1.049900e-09	-1.809853e+01	-7.311358e+01
1.280000e-06	-2.574766e-06	-1.042481e-09	-1.781223e+01	-7.269510e+01
1.290000e-06	-2.533262e-06	-1.035541e-09	-1.752511e+01	-7.227075e+01
1.300000e-06	-2.491425e-06	-1.029623e-09	-1.723568e+01	-7.184042e+01
1.310000e-06	-2.449224e-06	-1.020098e-09	-1.694373e+01	-7.140399e+01
1.320000e-06	-2.406741e-06	-1.009154e-09	-1.664983e+01	-7.096131e+01
1.330000e-06	-2.363913e-06	-1.001972e-09	-1.635355e+01	-7.051219e+01
1.340000e-06	-2.320765e-06	-9.945624e-10	-1.605505e+01	-7.005639e+01
1.350000e-06	-2.277427e-06	-9.867114e-10	-1.575524e+01	-6.959366e+01
1.360000e-06	-2.233943e-06	-9.821747e-10	-1.545441e+01	-6.912368e+01
1.370000e-06	-2.190267e-06	-9.794716e-10	-1.515226e+01	-6.864612e+01
1.380000e-06	-2.146472e-06	-9.730899e-10	-1.484929e+01	-6.816060e+01
1.390000e-06	-2.102655e-06	-9.630074e-10	-1.454617e+01	-6.766670e+01
1.400000e-06	-2.058783e-06	-9.537131e-10	-1.424266e+01	-6.716400e+01
1.410000e-06	-2.014724e-06	-9.454275e-10	-1.393786e+01	-6.665202e+01
1.420000e-06	-1.970548e-06	-9.348551e-10	-1.363225e+01	-6.613026e+01
1.430000e-06	-1.926328e-06	-9.260582e-10	-1.332634e+01	-6.559822e+01
1.440000e-06	-1.882084e-06	-9.174640e-10	-1.302025e+01	-6.505537e+01
1.450000e-06	-1.837721e-06	-9.069304e-10	-1.271336e+01	-6.450115e+01
1.460000e-06	-1.793171e-06	-8.971310e-10	-1.240516e+01	-6.393503e+01
1.470000e-06	-1.748476e-06	-8.862467e-10	-1.209596e+01	-6.335642e+01
1.480000e-06	-1.703674e-06	-8.730208e-10	-1.178602e+01	-6.276478e+01
1.490000e-06	-1.658757e-06	-8.603313e-10	-1.147528e+01	-6.215953e+01
1.500000e-06	-1.613696e-06	-8.465330e-10	-1.116355e+01	-6.154011e+01
1.510000e-06	-1.568605e-06	-8.327741e-10	-1.085161e+01	-6.090596e+01
1.520000e-06	-1.523308e-06	-8.210664e-10	-1.053825e+01	-6.025650e+01
1.530000e-06	-1.477822e-06	-8.115714e-10	-1.022357e+01	-5.959119e+01
1.540000e-06	-1.432325e-06	-8.002945e-10	-9.908822e+00	-5.890945e+01
1.550000e-06	-1.386746e-06	-7.891148e-10	-9.593506e+00	-5.821073e+01
1.560000e-06	-1.341127e-06	-7.774832e-10	-9.277915e+00	-5.749446e+01
1.570000e-06	-1.295422e-06	-7.676879e-10	-8.961727e+00	-5.676006e+01
1.580000e-06	-1.249582e-06	-7.577253e-10	-8.644610e+00	-5.600695e+01
1.590000e-06	-1.203642e-06	-7.467110e-10	-8.326798e+00	-5.523453e+01
1.600000e-06	-1.157619e-06	-7.334748e-10	-8.008411e+00	-5.444218e+01
1.610000e-06	-1.111584e-06	-7.202478e-10	-7.689936e+00	-5.362926e+01
1.620000e-06	-1.065524e-06	-7.082309e-10	-7.371294e+00	-5.279509e+01
1.630000e-06	-1.019410e-06	-6.966809e-10	-7.052278e+00	-5.193899e+01
1.640000e-06	-9.731928e-07	-6.857198e-10	-6.732548e+00	-5.106022e+01
1.650000e-06	-9.267909e-07	-6.719277e-10	-6.411539e+00	-5.015800e+01
1.660000e-06	-8.802877e-07	-6.565415e-10	-6.089830e+00	-4.923152e+01
1.670000e-06	-8.337081e-07	-6.382541e-10	-5.767592e+00	-4.827993e+01
1.680000e-06	-7.871128e-07	-6.204604e-10	-5.445246e+00	-4.730233e+01
1.690000e-06	-7.406205e-07	-6.066064e-10	-5.123612e+00	-4.629781e+01
1.700000e-06	-6.941492e-07	-5.923476e-10	-4.802124e+00	-4.526539e+01
1.710000e-06	-6.474854e-07	-5.745975e-10	-4.479304e+00	-4.420407e+01
1.720000e-06	-6.006663e-07	-5.570799e-10	-4.155409e+00	-4.311284e+01
1.730000e-06	-5.537792e-07	-5.391528e-10	-3.831044e+00	-4.199065e+01
1.740000e-06	-5.068587e-07	-5.193048e-10	-3.506448e+00	-4.083645e+01
1.750000e-06	-4.600354e-07	-4.998364e-10	-3.182525e+00	-3.964921e+01
1.760000e-06	-4.131958e-07	-4.808279e-10	-2.858488e+00	-3.842788e+01
1.770000e-06	-3.662193e-07	-4.607502e-10	-2.533505e+00	-3.717146e+01
1.780000e-06	-3.191401e-07	-4.422816e-10	-2.207811e+00	-3.587900e+01
1.790000e-06	-2.720512e-07	-4.255407e-10	-1.882050e+00	-3.454957e+01
1.800000e-06	-2.250324e-07	-4.067814e-10	-1.556774e+00	-3.318236e+01
1.810000e-06	-1.779553e-07	-3.876562e-10	-1.231095e+00	-3.177662e+01
1.820000e-06	-1.308900e-07	-3.659423e-10	-9.054972e-01	-3.033171e+01
1.830000e-06	-8.391562e-08	-3.464555e-10	-5.805283e-01	-2.884712e+01
1.840000e-06	-3.690173e-08	-3.281648e-10	-2.552861e-01	-2.732250e+01
1.850000e-06	1.019179e-08	-3.081306e-10	7.050677e-02	-2.575761e+01
1.860000e-06	5.723453e-08	-2.867740e-10	3.959485e-01	-2.415242e+01
1.870000e-06	1.041826e-07	-2.643581e-10	7.207349e-01	-2.250707e+01
1.880000e-06	1.511973e-07	-2.399715e-10	1.045983e+00	-2.082190e+01
1.890000e-06	1.983016e-07	-2.125633e-10	1.371850e+00	-1.909746e+01
1.900000e-06	2.454171e-07	-1.893279e-10	1.697795e+00	-1.733450e+01
1.910000e-06	2.924740e-07	-1.659055e-10	2.023335e+00	-1.553401e+01
1.920000e-06	3.394354e-07	-1.403939e-10	2.348214e+00	-1.369720e+01
1.930000e-06	3.863461e-07	-1.125156e-10	2.672742e+00	-1.182550e+01
1.940000e-06	4.332874e-07	-8.498784e-11	2.997482e+00	-9.920576e+00
1.950000e-06	4.802568e-07	-5.780741e-11	3.322417e+00	-7.984296e+00
1.960000e-06	5.271678e-07	-3.149259e-11	3.646947e+00	-6.018754e+00
1.970000e-06	5.739560e-07	-6.482001e-12	3.970627e+00	-4.026245e+00
1.980000e-06	6.207526e-07	1.918467e-11	4.294366e+00	-2.009252e+00
1.990000e-06	6.675358e-07	4.600905e-11	4.618013e+00	2.956476e-02
2.000000e-06	7.140763e-07	7.671416e-11	4.939980e+00	2.087387e+00
2.010000e-06	7.605875e-07	1.112749e-10	5.261744e+00	4.161256e+00
2.020000e-06	8.072259e-07	1.422561e-10	5.584388e+00	6.248097e+00
2.030000e-06	8.538095e-07	1.699922e-10	5.906654e+00	8.344738e+00
2.040000e-06	9.002325e-07	1.950237e-10	6.227808e+00	1.044794e+01
2.050000e-06	9.465533e-07	2.204625e-10	6.548255e+00	1.255440e+01
2.060000e-06	9.928738e-07	2.490639e-10	6.868701e+00	1.466082e+01
2.070000e-06	1.039098e-06	2.811614e-10	7.188479e+00	1.676389e+01
2.080000e-06	1.085175e-06	3.147614e-10	7.507239e+00	1.886034e+01
2.090000e-06	1.131171e-06	3.463723e-10	7.825441e+00	2.094692e+01
2.100000e-06	1.177176e-06	3.770157e-10	8.143706e+00	2.302052e+01
2.110000e-06	1.223117e-06	4.055912e-10	8.461526e+00	2.507806e+01
2.120000e-06	1.268946e-06	4.327787e-10	8.778567e+00	2.711665e+01
2.130000e-06	1.314799e-06	4.606841e-10	9.095778e+00	2.913350e+01
2.140000e-06	1.360537e-06	4.889967e-10	9.412196e+00	3.112598e+01
2.150000e-06	1.406080e-06	5.141844e-10	9.727261e+00	3.309166e+01
2.160000e-06	1.451597e-06	5.405389e-10	1.004214e+01	3.502828e+01
2.170000e-06	1.497033e-06	5.682099e-10	1.035648e+01	3.693378e+01
2.180000e-06	1.542259e-06	5.938862e-10	1.066935e+01	3.880632e+01
2.190000e-06	1.587264e-06	6.176223e-10	1.098069e+01	4.064425e+01
2.200000e-06	1.632149e-06	6.435186e-10	1.129120e+01	4.244616e+01
2.210000e-06	1.676999e-06	6.702537e-10	1.160148e+01	4.421083e+01
2.220000e-06	1.721779e-06	6.954037e-10	1.191127e+01	4.593727e+01
2.230000e-06	1.766418e-06	7.191922e-10	1.222008e+01	4.762468e+01
2.240000e-06	1.810849e-06	7.394464e-10	1.252745e+01	4.927249e+01
2.250000e-06	1.855144e-06	7.584778e-10	1.283389e+01	5.088030e+01
2.260000e-06	1.899389e-06	7.795394e-10	1.313997e+01	5.244789e+01
2.270000e-06	1.943590e-06	8.016893e-10	1.344575e+01	5.397521e+01
2.280000e-06	1.987678e-06	8.244256e-10	1.375076e+01	5.546238e+01
2.290000e-06	2.031669e-06	8.467630e-10	1.405509e+01	5.690964e+01
2.300000e-06	2.075640e-06	8.661775e-10	1.435927e+01	5.831737e+01
2.310000e-06	2.119540e-06	8.821174e-10	1.466298e+01	5.968607e+01
2.320000e-06	2.163326e-06	8.985476e-10	1.496589e+01	6.101630e+01
2.330000e-06	2.206961e-06	9.153867e-10	1.526775e+01	6.230873e+01
2.340000e-06	2.250448e-06	9.314589e-10	1.556860e+01	6.356409e+01
2.350000e-06	2.293903e-06	9.477585e-10	1.586922e+01	6.478314e+01
2.360000e-06	2.337278e-06	9.654719e-10	1.616929e+01	6.596670e+01
2.370000e-06	2.380343e-06	9.830131e-10	1.646722e+01	6.711559e+01
2.380000e-06	2.423136e-06	9.985955e-10	1.676326e+01	6.823066e+01
2.390000e-06	2.465682e-06	1.011351e-09	1.705759e+01	6.931276e+01
2.400000e-06	2.507933e-06	1.022955e-09	1.734988e+01	7.036270e+01
2.410000e-06	2.549832e-06	1.035493e-09	1.763974e+01	7.138133e+01
2.420000e-06	2.591279e-06	1.049770e-09	1.792647e+01	7.236941e+01
2.430000e-06	2.632376e-06	1.063538e-09	1.821077e+01	7.332774e+01
2.440000e-06	2.673231e-06	1.075415e-09	1.849341e+01	7.425704e+01
2.450000e-06	2.713826e-06	1.086044e-09	1.877425e+01	7.515801e+01
2.460000e-06	2.754180e-06	1.096634e-09	1.905342e+01	7.603134e+01
2.470000e-06	2.794408e-06	1.109253e-09	1.933172e+01	7.687766e+01
2.480000e-06	2.834536e-06	1.122655e-09	1.960932e+01	7.769758e+01
2.490000e-06	2.874545e-06	1.133548e-09	1.988610e+01	7.849167e+01
2.500000e-06	2.914426e-06	1.141913e-09	2.016200e+01	7.926049e+01
2.510000e-06	2.954189e-06	1.149938e-09	2.043708e+01	8.000458e+01
2.520000e-06	2.993799e-06	1.158722e-09	2.071110e+01	8.072444e+01
2.530000e-06	3.033222e-06	1.167281e-09	2.098383e+01	8.142057e+01
2.540000e-06	3.072433e-06	1.175206e-09	2.125509e+01	8.209347e+01
2.550000e-06	3.111430e-06	1.185254e-09	2.152487e+01	8.274362e+01
2.560000e-06	3.150177e-06	1.194338e-09	2.179292e+01	8.337150e+01
2.570000e-06	3.188692e-06	1.201836e-09	2.205937e+01	8.397760e+01
2.580000e-06	3.227022e-06	1.208307e-09	2.232454e+01	8.456242e+01
2.590000e-06	3.265085e-06	1.215694e-09	2.258786e+01	8.512646e+01
2.600000e-06	3.302938e-06	1.223401e-09	2.284972e+01	8.567025e+01
2.610000e-06	3.340544e-06	1.230576e-09	2.310988e+01	8.619431e+01
2.620000e-06	3.377883e-06	1.238418e-09	2.336820e+01	8.669919e+01
2.630000e-06	3.414996e-06	1.245689e-09	2.362494e+01	8.718547e+01
2.640000e-06	3.451932e-06	1.253894e-09	2.388046e+01	8.765372e+01
2.650000e-06	3.488619e-06	1.263240e-09	2.413426e+01	8.810455e+01
2.660000e-06	3.524982e-06	1.270713e-09	2.438583e+01	8.853857e+01
2.670000e-06	3.561169e-06	1.276024e-09	2.463617e+01	8.895640e+01
2.680000e-06	3.597245e-06	1.279671e-09	2.488574e+01	8.935868e+01
2.690000e-06	3.633194e-06	1.282975e-09	2.513444e+01	8.974606e+01
2.700000e-06	3.668994e-06	1.286342e-09	2.538210e+01	9.011918e+01
2.710000e-06	3.704642e-06	1.290818e-09	2.562871e+01	9.047870e+01
2.720000e-06	3.740109e-06	1.299129e-09	2.587407e+01	9.082526e+01
2.730000e-06	3.775273e-06	1.309262e-09	2.611734e+01	9.115951e+01
2.740000e-06	3.809943e-06	1.317445e-09	2.635718e+01	9.148207e+01
2.750000e-06	3.844175e-06	1.322568e-09	2.659400e+01	9.179355e+01
2.760000e-06	3.878010e-06	1.324600e-09	2.682807e+01	9.209456e+01
2.770000e-06	3.911414e-06	1.325771e-09	2.705916e+01	9.238566e+01
2.780000e-06	3.944364e-06	1.328057e-09	2.728711e+01	9.266742e+01
2.790000e-06	3.976903e-06	1.333214e-09	2.751221e+01	9.294036e+01
2.800000e-06	4.009189e-06	1.341875e-09	2.773557e+01	9.320496e+01
2.810000e-06	4.041242e-06	1.350321e-09	2.795731e+01	9.346169e+01
2.820000e-06	4.073184e-06	1.356138e-09	2.817828e+01	9.371097e+01
2.830000e-06	4.105014e-06	1.359478e-09	2.839849e+01	9.395321e+01
2.840000e-06	4.136602e-06	1.361893e-09	2.861701e+01	9.418874e+01
2.850000e-06	4.167882e-06	1.363947e-09	2.883341e+01	9.441790e+01
2.860000e-06	4.198880e-06	1.364098e-09	2.904785e+01	9.464097e+01
2.870000e-06	4.229506e-06	1.366021e-09	2.925972e+01	9.485818e+01
2.880000e-06	4.259761e-06	1.372161e-09	2.946902e+01	9.506976e+01
2.890000e-06	4.289745e-06	1.378590e-09	2.967646e+01	9.527589e+01
2.900000e-06	4.319420e-06	1.384932e-09	2.988175e+01	9.547670e+01
2.910000e-06	4.348862e-06	1.386156e-09	3.008543e+01	9.567231e+01
2.920000e-06	4.378015e-06	1.387505e-09	3.028711e+01	9.586281e+01
2.930000e-06	4.406888e-06	1.391151e-09	3.048685e+01	9.604826e+01
2.940000e-06	4.435534e-06	1.395589e-09	3.068502e+01	9.622870e+01
2.950000e-06	4.463903e-06	1.398277e-09	3.088128e+01	9.640414e+01
2.960000e-06	4.492000e-06	1.400330e-09	3.107566e+01	9.657458e+01
2.970000e-06	4.519918e-06	1.404233e-09	3.126880e+01	9.674000e+01
2.980000e-06	4.547734e-06	1.408201e-09	3.146122e+01	9.690037e+01
2.990000e-06	4.575236e-06	1.414787e-09	3.165148e+01	9.705566e+01
3.000000e-06	4.602274e-06	1.420152e-09	3.183853e+01	9.720581e+01
3.010000e-06	4.628827e-06	1.422206e-09	3.202222e+01	9.735077e+01
3.020000e-06	4.654892e-06	1.422519e-09	3.220254e+01	9.749049e+01
3.030000e-06	4.680417e-06	1.423420e-09	3.237912e+01	9.762493e+01
3.040000e-06	4.705370e-06	1.425200e-09	3.255175e+01	9.775403e+01
3.050000e-06	4.729908e-06	1.428408e-09	3.272150e+01	9.787775e+01
3.060000e-06	4.754123e-06	1.435556e-09	3.288902e+01	9.799606e+01
3.070000e-06	4.778127e-06	1.441189e-09	3.305508e+01	9.810894e+01
3.080000e-06	4.801893e-06	1.442665e-09	3.321950e+01	9.821638e+01
3.090000e-06	4.825262e-06	1.444341e-09	3.338116e+01	9.831838e+01
3.100000e-06	4.848328e-06	1.443508e-09	3.354073e+01	9.841498e+01
3.110000e-06	4.871118e-06	1.441892e-09	3.369839e+01	9.850619e+01
3.120000e-06	4.893588e-06	1.440999e-09	3.385384e+01	9.859209e+01
3.130000e-06	4.915774e-06	1.444534e-09	3.400733e+01	9.867274e+01
3.140000e-06	4.937579e-06	1.451250e-09	3.415817e+01	9.874824e+01
3.150000e-06	4.959002e-06	1.458812e-09	3.430638e+01	9.881871e+01
3.160000e-06	4.980133e-06	1.463373e-09	3.445256e+01	9.888427e+01
3.170000e-06	5.000896e-06	1.462455e-09	3.459620e+01	9.894508e+01
3.180000e-06	5.021339e-06	1.460924e-09	3.473762e+01	9.900130e+01
3.190000e-06	5.041541e-06	1.459127e-09	3.487738e+01	9.905313e+01
3.200000e-06	5.061516e-06	1.458812e-09	3.501557e+01	9.910077e+01
3.210000e-06	5.081251e-06	1.462669e-09	3.515210e+01	9.914443e+01
3.220000e-06	5.100580e-06	1.468498e-09	3.528581e+01	9.918434e+01
3.230000e-06	5.119486e-06	1.473353e-09	3.541660e+01	9.922075e+01
3.240000e-06	5.138041e-06	1.473974e-09	3.554497e+01	9.925388e+01
3.250000e-06	5.156235e-06	1.473132e-09	3.567083e+01	9.928400e+01
3.260000e-06	5.174016e-06	1.473586e-09	3.579384e+01	9.931135e+01
3.270000e-06	5.191444e-06	1.472572e-09	3.591441e+01	9.933618e+01
3.280000e-06	5.208525e-06	1.472335e-09	3.603257e+01	9.935872e+01
3.290000e-06	5.225368e-06	1.476233e-09	3.614910e+01	9.937922e+01
3.300000e-06	5.241855e-06	1.482612e-09	3.626315e+01	9.939789e+01
3.310000e-06	5.257886e-06	1.488360e-09	3.637405e+01	9.941493e+01
3.320000e-06	5.273571e-06	1.490965e-09	3.648257e+01	9.943052e+01
3.330000e-06	5.288724e-06	1.489580e-09	3.658739e+01	9.944484e+01
3.340000e-06	5.303354e-06	1.487016e-09	3.668861e+01	9.945800e+01
3.350000e-06	5.317575e-06	1.484486e-09	3.678699e+01	9.947013e+01
3.360000e-06	5.331434e-06	1.484260e-09	3.688286e+01	9.948130e+01
3.370000e-06	5.344961e-06	1.488137e-09	3.697644e+01	9.949156e+01
3.380000e-06	5.358103e-06	1.492171e-09	3.706736e+01	9.950093e+01
3.390000e-06	5.370739e-06	1.494781e-09	3.715477e+01	9.950939e+01
3.400000e-06	5.382999e-06	1.497189e-09	3.723959e+01	9.951688e+01
3.410000e-06	5.395010e-06	1.498953e-09	3.732268e+01	9.952334e+01
3.420000e-06	5.406673e-06	1.498990e-09	3.740336e+01	9.952865e+01
3.430000e-06	5.417802e-06	1.496971e-09	3.748035e+01	9.953268e+01
3.440000e-06	5.428339e-06	1.495743e-09	3.755325e+01	9.953525e+01
3.450000e-06	5.438400e-06	1.494026e-09	3.762285e+01	9.953620e+01
3.460000e-06	5.447738e-06	1.494240e-09	3.768745e+01	9.953531e+01
3.470000e-06	5.456405e-06	1.497527e-09	3.774741e+01	9.953236e+01
3.480000e-06	5.464756e-06	1.502971e-09	3.780518e+01	9.952715e+01
3.490000e-06	5.472846e-06	1.507084e-09	3.786115e+01	9.951944e+01
3.500000e-06	5.480686e-06	1.506898e-09	3.791539e+01	9.950900e+01
3.510000e-06	5.488218e-06	1.505977e-09	3.796749e+01	9.949563e+01
3.520000e-06	5.495428e-06	1.503229e-09	3.801737e+01	9.947913e+01
3.530000e-06	5.502289e-06	1.500839e-09	3.806483e+01	9.945930e+01
3.540000e-06	5.508771e-06	1.501407e-09	3.810968e+01	9.943601e+01
3.550000e-06	5.514824e-06	1.504808e-09	3.815155e+01	9.940911e+01
3.560000e-06	5.520474e-06	1.510365e-09	3.819064e+01	9.937853e+01
3.570000e-06	5.525718e-06	1.512370e-09	3.822691e+01	9.934421e+01
3.580000e-06	5.530563e-06	1.512113e-09	3.826044e+01	9.930614e+01
3.590000e-06	5.535059e-06	1.508718e-09	3.829153e+01	9.926436e+01
3.600000e-06	5.539244e-06	1.505092e-09	3.832049e+01	9.921896e+01
3.610000e-06	5.543198e-06	1.504332e-09	3.834784e+01	9.917006e+01
3.620000e-06	5.546832e-06	1.505147e-09	3.837298e+01	9.911786e+01
3.630000e-06	5.550158e-06	1.506088e-09	3.839599e+01	9.906256e+01
3.640000e-06	5.553052e-06	1.505688e-09	3.841602e+01	9.900444e+01
3.650000e-06	5.555369e-06	1.505768e-09	3.843204e+01	9.894382e+01
3.660000e-06	5.557107e-06	1.505955e-09	3.844406e+01	9.888104e+01
3.670000e-06	5.558290e-06	1.504693e-09	3.845225e+01	9.881647e+01
3.680000e-06	5.559019e-06	1.502289e-09	3.845729e+01	9.875052e+01
3.690000e-06	5.559358e-06	1.502571e-09	3.845964e+01	9.868361e+01
3.700000e-06	5.559410e-06	1.501853e-09	3.846000e+01	9.861617e+01
3.710000e-06	5.559170e-06	1.500903e-09	3.845833e+01	9.854863e+01
3.720000e-06	5.558482e-06	1.500581e-09	3.845358e+01	9.848142e+01
3.730000e-06	5.557519e-06	1.497935e-09	3.844691e+01	9.841495e+01
3.740000e-06	5.556311e-06	1.494790e-09	3.843856e+01	9.834961e+01
3.750000e-06	5.554713e-06	1.494667e-09	3.842750e+01	9.828574e+01
3.760000e-06	5.552727e-06	1.502642e-09	3.841377e+01	9.822368e+01
3.770000e-06	5.550366e-06	1.486721e-09	3.839743e+01	9.816368e+01
3.780000e-06	5.547542e-06	1.428147e-09	3.837790e+01	9.810595e+01
3.790000e-06	5.544270e-06	1.448403e-09	3.835526e+01	9.805064e+01
3.800000e-06	5.540591e-06	1.540963e-09	3.832981e+01	9.799784e+01
3.810000e-06	5.536504e-06	1.532436e-09	3.830154e+01	9.794756e+01
3.820000e-06	5.532246e-06	1.489117e-09	3.827208e+01	9.789973e+01
3.830000e-06	5.527854e-06	1.444922e-09	3.824169e+01	9.785422e+01
3.840000e-06	5.522931e-06	1.518315e-09	3.820764e+01	9.781082e+01
3.850000e-06	5.517346e-06	1.526447e-09	3.816900e+01	9.776923e+01
3.860000e-06	5.511357e-06	1.443095e-09	3.812757e+01	9.772910e+01
3.870000e-06	5.504959e-06	1.461115e-09	3.808331e+01	9.769000e+01
3.880000e-06	5.498038e-06	1.534737e-09	3.803543e+01	9.765145e+01
3.890000e-06	5.490732e-06	1.557849e-09	3.798488e+01	9.761291e+01
3.900000e-06	5.483220e-06	1.425294e-09	3.793292e+01	9.757377e+01
3.910000e-06	5.475356e-06	1.427436e-09	3.787851e+01	9.753342e+01
3.920000e-06	5.466871e-06	1.498119e-09	3.781981e+01	9.749120e+01
3.930000e-06	5.457961e-06	1.529993e-09	3.775817e+01	9.744642e+01
3.940000e-06	5.448845e-06	1.444482e-09	3.769511e+01	9.739841e+01
3.950000e-06	5.439388e-06	1.455496e-09	3.762968e+01	9.734649e+01
3.960000e-06	5.429396e-06	1.495423e-09	3.756056e+01	9.728998e+01
3.970000e-06	5.418952e-06	1.473448e-09	3.748831e+01	9.722827e+01
3.980000e-06	5.408335e-06	1.438297e-09	3.741486e+01	9.716073e+01
3.990000e-06	5.397318e-06	1.461017e-09	3.733865e+01	9.708682e+01
4.000000e-06	5.385759e-06	1.486580e-09	3.725868e+01	9.700603e+01
4.010000e-06	5.373916e-06	1.463936e-09	3.717675e+01	9.691795e+01
4.020000e-06	5.361698e-06	1.464296e-09	3.709223e+01	9.682219e+01
4.030000e-06	5.348930e-06	1.465918e-09	3.700390e+01	9.671848e+01
4.040000e-06	5.335638e-06	1.473904e-09	3.691194e+01	9.660662e+01
4.050000e-06	5.321824e-06	1.456753e-09	3.681638e+01	9.648649e+01
4.060000e-06	5.307477e-06	1.453955e-09	3.671713e+01	9.635807e+01
4.070000e-06	5.292654e-06	1.451351e-09	3.661458e+01	9.622141e+01
4.080000e-06	5.277444e-06	1.494475e-09	3.650935e+01	9.607666e+01
4.090000e-06	5.261888e-06	1.473744e-09	3.640174e+01	9.592404e+01
4.100000e-06	5.245839e-06	1.434820e-09	3.629071e+01	9.576386e+01
4.110000e-06	5.229400e-06	1.453138e-09	3.617699e+01	9.559650e+01
4.120000e-06	5.212721e-06	1.501821e-09	3.606161e+01	9.542240e+01
4.130000e-06	5.195600e-06	1.429737e-09	3.594316e+01	9.524206e+01
4.140000e-06	5.178126e-06	1.410019e-09	3.582227e+01	9.505602e+01
4.150000e-06	5.160392e-06	1.479629e-09	3.569959e+01	9.486485e+01
4.160000e-06	5.142342e-06	1.461837e-09	3.557472e+01	9.466918e+01
4.170000e-06	5.123879e-06	1.381771e-09	3.544700e+01	9.446963e+01
4.180000e-06	5.105055e-06	1.450386e-09	3.531677e+01	9.426681e+01
4.190000e-06	5.085951e-06	1.486254e-09	3.518461e+01	9.406136e+01
4.200000e-06	5.066558e-06	1.390372e-09	3.505045e+01	9.385387e+01
4.210000e-06	5.046901e-06	1.392642e-09	3.491446e+01	9.364493e+01
4.220000e-06	5.026992e-06	1.471987e-09	3.477673e+01	9.343508e+01
4.230000e-06	5.006798e-06	1.412602e-09	3.463703e+01	9.322482e+01
4.240000e-06	4.986212e-06	1.372145e-09	3.449461e+01	9.301458e+01
4.250000e-06	4.965280e-06	1.455687e-09	3.434981e+01	9.280477e+01
4.260000e-06	4.943818e-06	1.437836e-09	3.420134e+01	9.259570e+01
4.270000e-06	4.921621e-06	1.370147e-09	3.404778e+01	9.238763e+01
4.280000e-06	4.898947e-06	1.419858e-09	3.389092e+01	9.218076e+01
4.290000e-06	4.875884e-06	1.444240e-09	3.373137e+01	9.197522e+01
4.300000e-06	4.852453e-06	1.376600e-09	3.356927e+01	9.177105e+01
4.310000e-06	4.828799e-06	1.395663e-09	3.340563e+01	9.156825e+01
4.320000e-06	4.804888e-06	1.433145e-09	3.324021e+01	9.136675e+01
4.330000e-06	4.780599e-06	1.391285e-09	3.307218e+01	9.116641e+01
4.340000e-06	4.755971e-06	1.371020e-09	3.290181e+01	9.096706e+01
4.350000e-06	4.731086e-06	1.409845e-09	3.272965e+01	9.076847e+01
4.360000e-06	4.705883e-06	1.392836e-09	3.255530e+01	9.057037e+01
4.370000e-06	4.680314e-06	1.374572e-09	3.237841e+01	9.037246e+01
4.380000e-06	4.654424e-06	1.399499e-09	3.219930e+01	9.017442e+01
4.390000e-06	4.628217e-06	1.409713e-09	3.201800e+01	8.997592e+01
4.400000e-06	4.601659e-06	1.373685e-09	3.183428e+01	8.977661e+01
4.410000e-06	4.574804e-06	1.370546e-09	3.164850e+01	8.957615e+01
4.420000e-06	4.547633e-06	1.379265e-09	3.146053e+01	8.937420e+01
4.430000e-06	4.520171e-06	1.367054e-09	3.127055e+01	8.917045e+01
4.440000e-06	4.492507e-06	1.355601e-09	3.107916e+01	8.896459e+01
4.450000e-06	4.464622e-06	1.369942e-09	3.088626e+01	8.875636e+01
4.460000e-06	4.436472e-06	1.368505e-09	3.069151e+01	8.854550e+01
4.470000e-06	4.408056e-06	1.355591e-09	3.049493e+01	8.833181e+01
4.480000e-06	4.379271e-06	1.353393e-09	3.029579e+01	8.811511e+01
4.490000e-06	4.350082e-06	1.350003e-09	3.009387e+01	8.789528e+01
4.500000e-06	4.320575e-06	1.336247e-09	2.988974e+01	8.767220e+01
4.510000e-06	4.290554e-06	1.338632e-09	2.968205e+01	8.744582e+01
4.520000e-06	4.260003e-06	1.343481e-09	2.947070e+01	8.721611e+01
4.530000e-06	4.229033e-06	1.336137e-09	2.925645e+01	8.698308e+01
4.540000e-06	4.197675e-06	1.334909e-09	2.903951e+01	8.674675e+01
4.550000e-06	4.166044e-06	1.335894e-09	2.882069e+01	8.650719e+01
4.560000e-06	4.134225e-06	1.325269e-09	2.860057e+01	8.626446e+01
4.570000e-06	4.102210e-06	1.317626e-09	2.837909e+01	8.601867e+01
4.580000e-06	4.069866e-06	1.322608e-09	2.815533e+01	8.576991e+01
4.590000e-06	4.037293e-06	1.318393e-09	2.792999e+01	8.551829e+01
4.600000e-06	4.004564e-06	1.314446e-09	2.770357e+01	8.526390e+01
4.610000e-06	3.971529e-06	1.317102e-09	2.747504e+01	8.500684e+01
4.620000e-06	3.938204e-06	1.318514e-09	2.724449e+01	8.474720e+01
4.630000e-06	3.904630e-06	1.309349e-09	2.701223e+01	8.448503e+01
4.640000e-06	3.870809e-06	1.309667e-09	2.677825e+01	8.422039e+01
4.650000e-06	3.836736e-06	1.306710e-09	2.654254e+01	8.395330e+01
4.660000e-06	3.802331e-06	1.297433e-09	2.630452e+01	8.368376e+01
4.670000e-06	3.767635e-06	1.290918e-09	2.606450e+01	8.341174e+01
4.680000e-06	3.732656e-06	1.293422e-09	2.582251e+01	8.313718e+01
4.690000e-06	3.697379e-06	1.287484e-09	2.557846e+01	8.286000e+01
4.700000e-06	3.661918e-06	1.281722e-09	2.533315e+01	8.258009e+01
4.710000e-06	3.626298e-06	1.281744e-09	2.508673e+01	8.229731e+01
4.720000e-06	3.590520e-06	1.280920e-09	2.483922e+01	8.201150e+01
4.730000e-06	3.554597e-06	1.270799e-09	2.459070e+01	8.172249e+01
4.740000e-06	3.518493e-06	1.266830e-09	2.434094e+01	8.143008e+01
4.750000e-06	3.482246e-06	1.264595e-09	2.409018e+01	8.113407e+01
4.760000e-06	3.445833e-06	1.260507e-09	2.383827e+01	8.083423e+01
4.770000e-06	3.409148e-06	1.257563e-09	2.358449e+01	8.053036e+01
4.780000e-06	3.372117e-06	1.260397e-09	2.332831e+01	8.022223e+01
4.790000e-06	3.334615e-06	1.256244e-09	2.306887e+01	7.990963e+01
4.800000e-06	3.296493e-06	1.246435e-09	2.280514e+01	7.959235e+01
4.810000e-06	3.257939e-06	1.242263e-09	2.253842e+01	7.927020e+01
4.820000e-06	3.219262e-06	1.238014e-09	2.227085e+01	7.894301e+01
4.830000e-06	3.180348e-06	1.231997e-09	2.200165e+01	7.861061e+01
4.840000e-06	3.141072e-06	1.226680e-09	2.172993e+01	7.827287e+01
4.850000e-06	3.101566e-06	1.223858e-09	2.145663e+01	7.792967e+01
4.860000e-06	3.061901e-06	1.214311e-09	2.118223e+01	7.758091e+01
4.870000e-06	3.022086e-06	1.208425e-09	2.090679e+01	7.722652e+01
4.880000e-06	2.982115e-06	1.206026e-09	2.063027e+01	7.686643e+01
4.890000e-06	2.941995e-06	1.203305e-09	2.035272e+01	7.650062e+01
4.900000e-06	2.901757e-06	1.199688e-09	2.007435e+01	7.612906e+01
4.910000e-06	2.861384e-06	1.193888e-09	1.979506e+01	7.575174e+01
4.920000e-06	2.820807e-06	1.188622e-09	1.951434e+01	7.536867e+01
4.930000e-06	2.779955e-06	1.179195e-09	1.923173e+01	7.497985e+01
4.940000e-06	2.738941e-06	1.169874e-09	1.894799e+01	7.458528e+01
4.950000e-06	2.697789e-06	1.164728e-09	1.866330e+01	7.418498e+01
4.960000e-06	2.656404e-06	1.161971e-09	1.837700e+01	7.377893e+01
4.970000e-06	2.614782e-06	1.165335e-09	1.808906e+01	7.336711e+01
4.980000e-06	2.573028e-06	1.168874e-09	1.780021e+01	7.294948e+01
4.990000e-06	2.531192e-06	1.168118e-09	1.751078e+01	7.252599e+01
5.000000e-06	2.489117e-06	1.151956e-09	1.721971e+01	7.209654e+01
5.010000e-06	2.446782e-06	1.137666e-09	1.692684e+01	7.166102e+01
5.020000e-06	2.404333e-06	1.125202e-09	1.663318e+01	7.121927e+01
5.030000e-06	2.361754e-06	1.114733e-09	1.633861e+01	7.077112e+01
5.040000e-06	2.318964e-06	1.111372e-09	1.604259e+01	7.031633e+01
5.050000e-06	2.275963e-06	1.116632e-09	1.574511e+01	6.985465e+01
5.060000e-06	2.232852e-06	1.119240e-09	1.544687e+01	6.938578e+01
5.070000e-06	2.189643e-06	1.115336e-09	1.514795e+01	6.890939e+01
5.080000e-06	2.146240e-06	1.107901e-09	1.484769e+01	6.842510e+01
5.090000e-06	2.102665e-06	1.091946e-09	1.454624e+01	6.793251e+01
5.100000e-06	2.059011e-06	1.069404e-09	1.424424e+01	6.743118e+01
5.110000e-06	2.015301e-06	1.055134e-09	1.394185e+01	6.692066e+01
5.120000e-06	1.971511e-06	1.048430e-09	1.363891e+01	6.640045e+01
5.130000e-06	1.927663e-06	1.045623e-09	1.333557e+01	6.587004e+01
5.140000e-06	1.883699e-06	1.044683e-09	1.303143e+01	6.532890e+01
5.150000e-06	1.839642e-06	1.042697e-09	1.272664e+01	6.477649e+01
5.160000e-06	1.795506e-06	1.038272e-09	1.242131e+01	6.421227e+01
5.170000e-06	1.751242e-06	1.026134e-09	1.211509e+01	6.363566e+01
5.180000e-06	1.706930e-06	1.014211e-09	1.180854e+01	6.304611e+01
5.190000e-06	1.662532e-06	9.976431e-10	1.150139e+01	6.244305e+01
5.200000e-06	1.618019e-06	9.809559e-10	1.119346e+01	6.182591e+01
5.210000e-06	1.573418e-06	9.696392e-10	1.088491e+01	6.119413e+01
5.220000e-06	1.528664e-06	9.656370e-10	1.057530e+01	6.054714e+01
5.230000e-06	1.483728e-06	9.653628e-10	1.026443e+01	5.988438e+01
5.240000e-06	1.438635e-06	9.641054e-10	9.952476e+00	5.920530e+01
5.250000e-06	1.393456e-06	9.577808e-10	9.639926e+00	5.850933e+01
5.260000e-06	1.348229e-06	9.454128e-10	9.327045e+00	5.779590e+01
5.270000e-06	1.302866e-06	9.295330e-10	9.013228e+00	5.706444e+01
5.280000e-06	1.257413e-06	9.124817e-10	8.698781e+00	5.631437e+01
5.290000e-06	1.211865e-06	8.968261e-10	8.383680e+00	5.554509e+01
5.300000e-06	1.166153e-06	8.865965e-10	8.067448e+00	5.475598e+01
5.310000e-06	1.120336e-06	8.816569e-10	7.750483e+00	5.394641e+01
5.320000e-06	1.074394e-06	8.801261e-10	7.432655e+00	5.311572e+01
5.330000e-06	1.028429e-06	8.755547e-10	7.114674e+00	5.226320e+01
5.340000e-06	9.824370e-07	8.648217e-10	6.796499e+00	5.138814e+01
5.350000e-06	9.362342e-07	8.472100e-10	6.476868e+00	5.048976e+01
5.360000e-06	8.898888e-07	8.257885e-10	6.156251e+00	4.956726e+01
5.370000e-06	8.435773e-07	8.050272e-10	5.835868e+00	4.861979e+01
5.380000e-06	7.973235e-07	7.893848e-10	5.515884e+00	4.764647e+01
5.390000e-06	7.509923e-07	7.772802e-10	5.195365e+00	4.664638e+01
5.400000e-06	7.046808e-07	7.685121e-10	4.874981e+00	4.561856e+01
5.410000e-06	6.583736e-07	7.575707e-10	4.554628e+00	4.456201e+01
5.420000e-06	6.118813e-07	7.395253e-10	4.232995e+00	4.347571e+01
5.430000e-06	5.653034e-07	7.185050e-10	3.910769e+00	4.235863e+01
5.440000e-06	5.187459e-07	6.949252e-10	3.588684e+00	4.120972e+01
5.450000e-06	4.722072e-07	6.684554e-10	3.266729e+00	4.002794e+01
5.460000e-06	4.256872e-07	6.457682e-10	2.944904e+00	3.881224e+01
5.470000e-06	3.791161e-07	6.293627e-10	2.622725e+00	3.756161e+01
5.480000e-06	3.324493e-07	6.147616e-10	2.299884e+00	3.627510e+01
5.490000e-06	2.857893e-07	5.997730e-10	1.977090e+00	3.495177e+01
5.500000e-06	2.391439e-07	5.792334e-10	1.654398e+00	3.359079e+01
5.510000e-06	1.925075e-07	5.550025e-10	1.331767e+00	3.219139e+01
5.520000e-06	1.458489e-07	5.300874e-10	1.008982e+00	3.075293e+01
5.530000e-06	9.919101e-08	5.039963e-10	6.862034e-01	2.927487e+01
5.540000e-06	5.257561e-08	4.769544e-10	3.637181e-01	2.775681e+01
5.550000e-06	5.933960e-09	4.550730e-10	4.105113e-02	2.619852e+01
5.560000e-06	-4.072776e-08	4.340598e-10	-2.817546e-01	2.459992e+01
5.570000e-06	-8.747038e-08	4.115794e-10	-6.051201e-01	2.296113e+01
5.580000e-06	-1.342301e-07	3.852572e-10	-9.286035e-01	2.128244e+01
5.590000e-06	-1.809906e-07	3.558688e-10	-1.252093e+00	1.956437e+01
5.600000e-06	-2.277128e-07	3.268039e-10	-1.575317e+00	1.780765e+01
5.610000e-06	-2.743642e-07	2.948184e-10	-1.898051e+00	1.601322e+01
5.620000e-06	-3.210624e-07	2.626106e-10	-2.221109e+00	1.418225e+01
5.630000e-06	-3.677058e-07	2.294612e-10	-2.543788e+00	1.231613e+01
5.640000e-06	-4.143180e-07	1.995168e-10	-2.866252e+00	1.041650e+01
5.650000e-06	-4.608725e-07	1.701468e-10	-3.188316e+00	8.485183e+00
5.660000e-06	-5.073448e-07	1.385586e-10	-3.509812e+00	6.524243e+00
5.670000e-06	-5.538438e-07	1.087796e-10	-3.831492e+00	4.535939e+00
5.680000e-06	-6.003357e-07	7.986292e-11	-4.153122e+00	2.522724e+00
5.690000e-06	-6.468027e-07	4.787328e-11	-4.474581e+00	4.872318e-01
5.700000e-06	-6.932514e-07	1.319621e-11	-4.795913e+00	-1.567746e+00
5.710000e-06	-7.395889e-07	-2.634617e-11	-5.116476e+00	-3.639273e+00
5.720000e-06	-7.858291e-07	-6.734835e-11	-5.436365e+00	-5.724291e+00
5.730000e-06	-8.320240e-07	-1.047504e-10	-5.755942e+00	-7.819644e+00
5.740000e-06	-8.781969e-07	-1.390901e-10	-6.075366e+00	-9.922099e+00
5.750000e-06	-9.243238e-07	-1.717971e-10	-6.394472e+00	-1.202837e+01
5.760000e-06	-9.703598e-07	-2.037752e-10	-6.712949e+00	-1.413515e+01
5.770000e-06	-1.016352e-06	-2.334334e-10	-7.031124e+00	-1.623913e+01
5.780000e-06	-1.062273e-06	-2.666752e-10	-7.348804e+00	-1.833702e+01
5.790000e-06	-1.108091e-06	-3.052131e-10	-7.665771e+00	-2.042560e+01
5.800000e-06	-1.153727e-06	-3.448288e-10	-7.981484e+00	-2.250169e+01
5.810000e-06	-1.199227e-06	-3.852825e-10	-8.296254e+00	-2.456224e+01
5.820000e-06	-1.244657e-06	-4.214169e-10	-8.610538e+00	-2.660431e+01
5.830000e-06	-1.290068e-06	-4.505180e-10	-8.924688e+00	-2.862508e+01
5.840000e-06	-1.335468e-06	-4.788862e-10	-9.238771e+00	-3.062192e+01
5.850000e-06	-1.380634e-06	-5.093985e-10	-9.551227e+00	-3.259235e+01
5.860000e-06	-1.425721e-06	-5.411759e-10	-9.863135e+00	-3.453409e+01
5.870000e-06	-1.470666e-06	-5.726815e-10	-1.017407e+01	-3.644503e+01
5.880000e-06	-1.515356e-06	-6.039502e-10	-1.048324e+01	-3.832331e+01
5.890000e-06	-1.559982e-06	-6.359288e-10	-1.079195e+01	-4.016723e+01
5.900000e-06	-1.604507e-06	-6.675660e-10	-1.109998e+01	-4.197535e+01
5.910000e-06	-1.648929e-06	-6.968270e-10	-1.140729e+01	-4.374643e+01
5.920000e-06	-1.693242e-06	-7.259999e-10	-1.171385e+01	-4.547942e+01
5.930000e-06	-1.737438e-06	-7.544602e-10	-1.201959e+01	-4.717351e+01
5.940000e-06	-1.781567e-06	-7.813541e-10	-1.232488e+01	-4.882807e+01
5.950000e-06	-1.825661e-06	-8.089754e-10	-1.262992e+01	-5.044268e+01
5.960000e-06	-1.869702e-06	-8.355297e-10	-1.293460e+01	-5.201710e+01
5.970000e-06	-1.913661e-06	-8.600908e-10	-1.323871e+01	-5.355126e+01
5.980000e-06	-1.957543e-06	-8.857614e-10	-1.354228e+01	-5.504522e+01
5.990000e-06	-2.001289e-06	-9.122515e-10	-1.384492e+01	-5.649923e+01
6.000000e-06	-2.044913e-06	-9.364288e-10	-1.414671e+01	-5.791365e+01
6.010000e-06	-2.088546e-06	-9.594043e-10	-1.444856e+01	-5.928893e+01
6.020000e-06	-2.132056e-06	-9.817860e-10	-1.474957e+01	-6.062565e+01
6.030000e-06	-2.175371e-06	-1.003009e-09	-1.504922e+01	-6.192446e+01
6.040000e-06	-2.218537e-06	-1.022719e-09	-1.534784e+01	-6.318606e+01
6.050000e-06	-2.261524e-06	-1.041255e-09	-1.564522e+01	-6.441123e+01
6.060000e-06	-2.304397e-06	-1.059279e-09	-1.594181e+01	-6.560077e+01
6.070000e-06	-2.347093e-06	-1.077473e-09	-1.623719e+01	-6.675550e+01
6.080000e-06	-2.389553e-06	-1.097541e-09	-1.653092e+01	-6.787627e+01
6.090000e-06	-2.431862e-06	-1.115107e-09	-1.682362e+01	-6.896393e+01
6.100000e-06	-2.473988e-06	-1.131474e-09	-1.711505e+01	-7.001930e+01
6.110000e-06	-2.515924e-06	-1.147452e-09	-1.740516e+01	-7.104321e+01
6.120000e-06	-2.557691e-06	-1.162196e-09	-1.769411e+01	-7.203645e+01
6.130000e-06	-2.599269e-06	-1.177380e-09	-1.798174e+01	-7.299980e+01
6.140000e-06	-2.640663e-06	-1.194287e-09	-1.826810e+01	-7.393401e+01
6.150000e-06	-2.681893e-06	-1.213484e-09	-1.855334e+01	-7.483978e+01
6.160000e-06	-2.722994e-06	-1.229465e-09	-1.883768e+01	-7.571779e+01
6.170000e-06	-2.763856e-06	-1.243320e-09	-1.912035e+01	-7.656869e+01
6.180000e-06	-2.804502e-06	-1.254330e-09	-1.940154e+01	-7.739309e+01
6.190000e-06	-2.844896e-06	-1.261904e-09	-1.968099e+01	-7.819157e+01
6.200000e-06	-2.885090e-06	-1.268962e-09	-1.995905e+01	-7.896469e+01
6.210000e-06	-2.925194e-06	-1.278367e-09	-2.023649e+01	-7.971299e+01
6.220000e-06	-2.965190e-06	-1.291160e-09	-2.051318e+01	-8.043697e+01
6.230000e-06	-3.005072e-06	-1.305652e-09	-2.078909e+01	-8.113715e+01
6.240000e-06	-3.044800e-06	-1.320429e-09	-2.106393e+01	-8.181400e+01
6.250000e-06	-3.084464e-06	-1.334928e-09	-2.133832e+01	-8.246803e+01
6.260000e-06	-3.123953e-06	-1.345223e-09	-2.161151e+01	-8.309971e+01
6.270000e-06	-3.163107e-06	-1.350542e-09	-2.188238e+01	-8.370953e+01
6.280000e-06	-3.201942e-06	-1.355249e-09	-2.215104e+01	-8.429798e+01
6.290000e-06	-3.240503e-06	-1.361811e-09	-2.241780e+01	-8.486557e+01
6.300000e-06	-3.278790e-06	-1.370493e-09	-2.268267e+01	-8.541282e+01
6.310000e-06	-3.316690e-06	-1.381623e-09	-2.294486e+01	-8.594025e+01
6.320000e-06	-3.354128e-06	-1.392864e-09	-2.320386e+01	-8.644841e+01
6.330000e-06	-3.391119e-06	-1.402039e-09	-2.345976e+01	-8.693787e+01
6.340000e-06	-3.427807e-06	-1.410784e-09	-2.371357e+01	-8.740921e+01
6.350000e-06	-3.464291e-06	-1.418836e-09	-2.396596e+01	-8.786302e+01
6.360000e-06	-3.500482e-06	-1.423261e-09	-2.421633e+01	-8.829992e+01
6.370000e-06	-3.536498e-06	-1.425705e-09	-2.446549e+01	-8.872052e+01
6.380000e-06	-3.572414e-06	-1.431098e-09	-2.471396e+01	-8.912547e+01
6.390000e-06	-3.608164e-06	-1.440630e-09	-2.496128e+01	-8.951541e+01
6.400000e-06	-3.643691e-06	-1.451292e-09	-2.520706e+01	-8.989099e+01
6.410000e-06	-3.678987e-06	-1.458388e-09	-2.545123e+01	-9.025286e+01
6.420000e-06	-3.714135e-06	-1.464962e-09	-2.569439e+01	-9.060165e+01
6.430000e-06	-3.748999e-06	-1.472263e-09	-2.593557e+01	-9.093803e+01
6.440000e-06	-3.783523e-06	-1.476151e-09	-2.617441e+01	-9.126261e+01
6.450000e-06	-3.817731e-06	-1.475829e-09	-2.641106e+01	-9.157602e+01
6.460000e-06	-3.851634e-06	-1.475459e-09	-2.664561e+01	-9.187885e+01
6.470000e-06	-3.885299e-06	-1.476555e-09	-2.687850e+01	-9.217169e+01
6.480000e-06	-3.918644e-06	-1.479895e-09	-2.710918e+01	-9.245510e+01
6.490000e-06	-3.951721e-06	-1.486680e-09	-2.733801e+01	-9.272959e+01
6.500000e-06	-3.984572e-06	-1.494398e-09	-2.756527e+01	-9.299566e+01
6.510000e-06	-4.017097e-06	-1.499005e-09	-2.779028e+01	-9.325380e+01
6.520000e-06	-4.049336e-06	-1.503940e-09	-2.801330e+01	-9.350442e+01
6.530000e-06	-4.081452e-06	-1.509986e-09	-2.823549e+01	-9.374792e+01
6.540000e-06	-4.113467e-06	-1.513276e-09	-2.845696e+01	-9.398467e+01
6.550000e-06	-4.145273e-06	-1.513900e-09	-2.867700e+01	-9.421500e+01
6.560000e-06	-4.176833e-06	-1.517219e-09	-2.889533e+01	-9.443918e+01
6.570000e-06	-4.208077e-06	-1.523077e-09	-2.911148e+01	-9.465748e+01
6.580000e-06	-4.238953e-06	-1.527247e-09	-2.932508e+01	-9.487011e+01
6.590000e-06	-4.269372e-06	-1.530227e-09	-2.953551e+01	-9.507725e+01
6.600000e-06	-4.299211e-06	-1.533210e-09	-2.974194e+01	-9.527906e+01
6.610000e-06	-4.328562e-06	-1.536836e-09	-2.994499e+01	-9.547565e+01
6.620000e-06	-4.357485e-06	-1.540570e-09	-3.014508e+01	-9.566712e+01
6.630000e-06	-4.386043e-06	-1.543344e-09	-3.034264e+01	-9.585353e+01
6.640000e-06	-4.414354e-06	-1.545976e-09	-3.053850e+01	-9.603493e+01
6.650000e-06	-4.442436e-06	-1.548879e-09	-3.073277e+01	-9.621132e+01
6.660000e-06	-4.470329e-06	-1.550200e-09	-3.092573e+01	-9.638272e+01
6.670000e-06	-4.498035e-06	-1.551979e-09	-3.111741e+01	-9.654910e+01
6.680000e-06	-4.525495e-06	-1.554041e-09	-3.130737e+01	-9.671043e+01
6.690000e-06	-4.552544e-06	-1.555372e-09	-3.149450e+01	-9.686669e+01
6.700000e-06	-4.579164e-06	-1.557123e-09	-3.167865e+01	-9.701782e+01
6.710000e-06	-4.605507e-06	-1.556849e-09	-3.186090e+01	-9.716377e+01
6.720000e-06	-4.631552e-06	-1.554930e-09	-3.204108e+01	-9.730449e+01
6.730000e-06	-4.657291e-06	-1.556849e-09	-3.221914e+01	-9.743994e+01
6.740000e-06	-4.682715e-06	-1.561130e-09	-3.239502e+01	-9.757005e+01
6.750000e-06	-4.707752e-06	-1.565684e-09	-3.256823e+01	-9.769479e+01
6.760000e-06	-4.732517e-06	-1.570031e-09	-3.273955e+01	-9.781412e+01
6.770000e-06	-4.756982e-06	-1.569795e-09	-3.290880e+01	-9.792803e+01
6.780000e-06	-4.781125e-06	-1.566202e-09	-3.307582e+01	-9.803650e+01
6.790000e-06	-4.805074e-06	-1.564646e-09	-3.324150e+01	-9.813953e+01
6.800000e-06	-4.828780e-06	-1.565172e-09	-3.340550e+01	-9.823715e+01
6.810000e-06	-4.852218e-06	-1.569714e-09	-3.356764e+01	-9.832938e+01
6.820000e-06	-4.875304e-06	-1.575080e-09	-3.372735e+01	-9.841628e+01
6.830000e-06	-4.897819e-06	-1.576576e-09	-3.388311e+01	-9.849792e+01
6.840000e-06	-4.919751e-06	-1.573504e-09	-3.403484e+01	-9.857439e+01
6.850000e-06	-4.941218e-06	-1.569208e-09	-3.418335e+01	-9.864581e+01
6.860000e-06	-4.962194e-06	-1.565260e-09	-3.432846e+01	-9.871230e+01
6.870000e-06	-4.982763e-06	-1.562451e-09	-3.447076e+01	-9.877401e+01
6.880000e-06	-5.002991e-06	-1.561920e-09	-3.461069e+01	-9.883111e+01
6.890000e-06	-5.022969e-06	-1.562912e-09	-3.474890e+01	-9.888378e+01
6.900000e-06	-5.042803e-06	-1.565219e-09	-3.488611e+01	-9.893222e+01
6.910000e-06	-5.062268e-06	-1.564812e-09	-3.502077e+01	-9.897665e+01
6.920000e-06	-5.081284e-06	-1.561621e-09	-3.515232e+01	-9.901730e+01
6.930000e-06	-5.100082e-06	-1.559886e-09	-3.528237e+01	-9.905439e+01
6.940000e-06	-5.118585e-06	-1.558896e-09	-3.541037e+01	-9.908817e+01
6.950000e-06	-5.136638e-06	-1.560006e-09	-3.553526e+01	-9.911890e+01
6.960000e-06	-5.154348e-06	-1.563731e-09	-3.565778e+01	-9.914681e+01
6.970000e-06	-5.171769e-06	-1.564137e-09	-3.577830e+01	-9.917217e+01
6.980000e-06	-5.188903e-06	-1.561626e-09	-3.589683e+01	-9.919520e+01
6.990000e-06	-5.205663e-06	-1.557488e-09	-3.601278e+01	-9.921614e+01
7.000000e-06	-5.222132e-06	-1.552998e-09	-3.612671e+01	-9.923522e+01
7.010000e-06	-5.238368e-06	-1.550204e-09	-3.623903e+01	-9.925264e+01
7.020000e-06	-5.254258e-06	-1.551292e-09	-3.634896e+01	-9.926859e+01
7.030000e-06	-5.269814e-06	-1.554052e-09	-3.645657e+01	-9.928323e+01
7.040000e-06	-5.284909e-06	-1.553856e-09	-3.656100e+01	-9.929670e+01
7.050000e-06	-5.299380e-06	-1.552664e-09	-3.666111e+01	-9.930911e+01
7.060000e-06	-5.313231e-06	-1.553511e-09	-3.675693e+01	-9.932056e+01
7.070000e-06	-5.326442e-06	-1.552309e-09	-3.684833e+01	-9.933109e+01
7.080000e-06	-5.339163e-06	-1.551203e-09	-3.693633e+01	-9.934073e+01
7.090000e-06	-5.351562e-06	-1.551942e-09	-3.702210e+01	-9.934946e+01
7.100000e-06	-5.363594e-06	-1.551502e-09	-3.710534e+01	-9.935725e+01
7.110000e-06	-5.375247e-06	-1.550911e-09	-3.718596e+01	-9.936401e+01
7.120000e-06	-5.386457e-06	-1.553167e-09	-3.726351e+01	-9.936964e+01
7.130000e-06	-5.397224e-06	-1.554289e-09	-3.733799e+01	-9.937401e+01
7.140000e-06	-5.407624e-06	-1.552472e-09	-3.740994e+01	-9.937696e+01
7.150000e-06	-5.417664e-06	-1.550060e-09	-3.747940e+01	-9.937831e+01
7.160000e-06	-5.427316e-06	-1.546625e-09	-3.754617e+01	-9.937786e+01
7.170000e-06	-5.436559e-06	-1.543530e-09	-3.761011e+01	-9.937540e+01
7.180000e-06	-5.445491e-06	-1.540005e-09	-3.767191e+01	-9.937070e+01
7.190000e-06	-5.454086e-06	-1.536652e-09	-3.773137e+01	-9.936354e+01
7.200000e-06	-5.462368e-06	-1.533288e-09	-3.778866e+01	-9.935370e+01
7.210000e-06	-5.470412e-06	-1.530191e-09	-3.784431e+01	-9.934095e+01
7.220000e-06	-5.478152e-06	-1.529577e-09	-3.789785e+01	-9.932510e+01
7.230000e-06	-5.485616e-06	-1.529074e-09	-3.794949e+01	-9.930597e+01
7.240000e-06	-5.492658e-06	-1.527228e-09	-3.799821e+01	-9.928338e+01
7.250000e-06	-5.499077e-06	-1.526406e-09	-3.804261e+01	-9.925721e+01
7.260000e-06	-5.504952e-06	-1.526209e-09	-3.808326e+01	-9.922737e+01
7.270000e-06	-5.510233e-06	-1.524726e-09	-3.811979e+01	-9.919379e+01
7.280000e-06	-5.514963e-06	-1.521748e-09	-3.815251e+01	-9.915647e+01
7.290000e-06	-5.519362e-06	-1.519717e-09	-3.818294e+01	-9.911543e+01
7.300000e-06	-5.523468e-06	-1.518022e-09	-3.821135e+01	-9.907075e+01
7.310000e-06	-5.527310e-06	-1.516275e-09	-3.823793e+01	-9.902254e+01
7.320000e-06	-5.530810e-06	-1.514545e-09	-3.826214e+01	-9.897099e+01
7.330000e-06	-5.533978e-06	-1.511648e-09	-3.828406e+01	-9.891632e+01
7.340000e-06	-5.536836e-06	-1.508866e-09	-3.830383e+01	-9.885877e+01
7.350000e-06	-5.539340e-06	-1.506148e-09	-3.832115e+01	-9.879867e+01
7.360000e-06	-5.541527e-06	-1.504776e-09	-3.833628e+01	-9.873634e+01
7.370000e-06	-5.543391e-06	-1.505319e-09	-3.834918e+01	-9.867216e+01
7.380000e-06	-5.544810e-06	-1.505177e-09	-3.835899e+01	-9.860654e+01
7.390000e-06	-5.545774e-06	-1.504210e-09	-3.836567e+01	-9.853988e+01
7.400000e-06	-5.546437e-06	-1.503463e-09	-3.837025e+01	-9.847262e+01
