# Temperatura_=_-12.67
# Concentracion g/m^3_=_1620.0
# C_Vs_to_Am_M_A/Vsm_=_65563218390.804596
# pendiente_HvsI_1/m_=_3716.3
# ordenada_HvsI_A/m_=_1297.0
# frecuencia_Hz_=_135104.14139371776

Tiempo_(s)	Campo_(V.s)	Magnetizacion_(V.s)	Campo_(kA/m)	Magnetizacion_(A/m)
0.000000e+00	-5.517776e-06	-1.021007e-09	-3.837016e+01	-6.531593e+01
1.000000e-08	-5.517999e-06	-1.017280e-09	-3.837172e+01	-6.528250e+01
2.000000e-08	-5.517912e-06	-1.010291e-09	-3.837111e+01	-6.525402e+01
3.000000e-08	-5.517498e-06	-1.003859e-09	-3.836823e+01	-6.523058e+01
4.000000e-08	-5.516670e-06	-1.002244e-09	-3.836247e+01	-6.521218e+01
5.000000e-08	-5.515358e-06	-1.003247e-09	-3.835335e+01	-6.519873e+01
6.000000e-08	-5.513500e-06	-1.008963e-09	-3.834043e+01	-6.519006e+01
7.000000e-08	-5.511031e-06	-1.028044e-09	-3.832326e+01	-6.518589e+01
8.000000e-08	-5.508132e-06	-1.043943e-09	-3.830310e+01	-6.518587e+01
9.000000e-08	-5.504821e-06	-9.891449e-10	-3.828007e+01	-6.518955e+01
1.000000e-07	-5.500956e-06	-9.201784e-10	-3.825319e+01	-6.519641e+01
1.100000e-07	-5.496760e-06	-1.001040e-09	-3.822401e+01	-6.520586e+01
1.200000e-07	-5.492243e-06	-1.087469e-09	-3.819261e+01	-6.521725e+01
1.300000e-07	-5.487306e-06	-1.008148e-09	-3.815828e+01	-6.522985e+01
1.400000e-07	-5.482154e-06	-8.983254e-10	-3.812245e+01	-6.524292e+01
1.500000e-07	-5.476804e-06	-9.655624e-10	-3.808525e+01	-6.525569e+01
1.600000e-07	-5.470996e-06	-1.092153e-09	-3.804485e+01	-6.526735e+01
1.700000e-07	-5.464631e-06	-1.019792e-09	-3.800059e+01	-6.527713e+01
1.800000e-07	-5.457928e-06	-9.025748e-10	-3.795398e+01	-6.528424e+01
1.900000e-07	-5.450961e-06	-9.600378e-10	-3.790554e+01	-6.528793e+01
2.000000e-07	-5.443619e-06	-1.058241e-09	-3.785448e+01	-6.528749e+01
2.100000e-07	-5.435968e-06	-1.032994e-09	-3.780128e+01	-6.528228e+01
2.200000e-07	-5.428097e-06	-9.603142e-10	-3.774654e+01	-6.527171e+01
2.300000e-07	-5.419867e-06	-9.803602e-10	-3.768931e+01	-6.525528e+01
2.400000e-07	-5.411081e-06	-1.018263e-09	-3.762821e+01	-6.523257e+01
2.500000e-07	-5.401829e-06	-9.964054e-10	-3.756388e+01	-6.520327e+01
2.600000e-07	-5.392105e-06	-9.636552e-10	-3.749625e+01	-6.516716e+01
2.700000e-07	-5.381684e-06	-9.797646e-10	-3.742379e+01	-6.512414e+01
2.800000e-07	-5.370635e-06	-1.009834e-09	-3.734695e+01	-6.507419e+01
2.900000e-07	-5.359207e-06	-9.957222e-10	-3.726749e+01	-6.501744e+01
3.000000e-07	-5.347466e-06	-9.617836e-10	-3.718584e+01	-6.495410e+01
3.100000e-07	-5.335287e-06	-9.623831e-10	-3.710115e+01	-6.488449e+01
3.200000e-07	-5.322650e-06	-9.985968e-10	-3.701327e+01	-6.480902e+01
3.300000e-07	-5.309669e-06	-9.991296e-10	-3.692300e+01	-6.472821e+01
3.400000e-07	-5.296330e-06	-9.584872e-10	-3.683024e+01	-6.464263e+01
3.500000e-07	-5.282551e-06	-9.605956e-10	-3.673443e+01	-6.455295e+01
3.600000e-07	-5.268349e-06	-1.007504e-09	-3.663566e+01	-6.445986e+01
3.700000e-07	-5.253684e-06	-9.788737e-10	-3.653369e+01	-6.436411e+01
3.800000e-07	-5.238501e-06	-9.381810e-10	-3.642810e+01	-6.426650e+01
3.900000e-07	-5.222786e-06	-9.973897e-10	-3.631883e+01	-6.416779e+01
4.000000e-07	-5.206608e-06	-1.017838e-09	-3.620632e+01	-6.406880e+01
4.100000e-07	-5.189993e-06	-9.233577e-10	-3.609079e+01	-6.397029e+01
4.200000e-07	-5.173042e-06	-9.444424e-10	-3.597291e+01	-6.387301e+01
4.300000e-07	-5.155900e-06	-1.040505e-09	-3.585371e+01	-6.377766e+01
4.400000e-07	-5.138385e-06	-9.617226e-10	-3.573190e+01	-6.368489e+01
4.500000e-07	-5.120391e-06	-8.818615e-10	-3.560678e+01	-6.359528e+01
4.600000e-07	-5.102043e-06	-9.992520e-10	-3.547919e+01	-6.350933e+01
4.700000e-07	-5.083357e-06	-1.020123e-09	-3.534925e+01	-6.342747e+01
4.800000e-07	-5.064237e-06	-8.878643e-10	-3.521629e+01	-6.335003e+01
4.900000e-07	-5.044744e-06	-9.305560e-10	-3.508073e+01	-6.327725e+01
5.000000e-07	-5.025060e-06	-1.027848e-09	-3.494386e+01	-6.320928e+01
5.100000e-07	-5.005195e-06	-9.277730e-10	-3.480571e+01	-6.314616e+01
5.200000e-07	-4.985113e-06	-8.964286e-10	-3.466607e+01	-6.308784e+01
5.300000e-07	-4.964776e-06	-1.010169e-09	-3.452465e+01	-6.303419e+01
5.400000e-07	-4.944053e-06	-9.613374e-10	-3.438054e+01	-6.298498e+01
5.500000e-07	-4.922867e-06	-8.734423e-10	-3.423321e+01	-6.293992e+01
5.600000e-07	-4.901345e-06	-9.758956e-10	-3.408355e+01	-6.289864e+01
5.700000e-07	-4.879544e-06	-1.001867e-09	-3.393195e+01	-6.286071e+01
5.800000e-07	-4.857352e-06	-8.875479e-10	-3.377762e+01	-6.282564e+01
5.900000e-07	-4.834803e-06	-9.225059e-10	-3.362082e+01	-6.279292e+01
6.000000e-07	-4.811930e-06	-9.998665e-10	-3.346176e+01	-6.276201e+01
6.100000e-07	-4.788676e-06	-9.239839e-10	-3.330006e+01	-6.273235e+01
6.200000e-07	-4.765185e-06	-9.014720e-10	-3.313671e+01	-6.270339e+01
6.300000e-07	-4.741512e-06	-9.773405e-10	-3.297209e+01	-6.267458e+01
6.400000e-07	-4.717513e-06	-9.476971e-10	-3.280520e+01	-6.264539e+01
6.500000e-07	-4.693194e-06	-8.995625e-10	-3.263608e+01	-6.261533e+01
6.600000e-07	-4.668565e-06	-9.495705e-10	-3.246481e+01	-6.258395e+01
6.700000e-07	-4.643472e-06	-9.571550e-10	-3.229032e+01	-6.255085e+01
6.800000e-07	-4.617842e-06	-9.094060e-10	-3.211210e+01	-6.251568e+01
6.900000e-07	-4.591700e-06	-9.331184e-10	-3.193030e+01	-6.247816e+01
7.000000e-07	-4.565069e-06	-9.616124e-10	-3.174511e+01	-6.243808e+01
7.100000e-07	-4.537952e-06	-9.318759e-10	-3.155654e+01	-6.239529e+01
7.200000e-07	-4.510468e-06	-9.289539e-10	-3.136543e+01	-6.234972e+01
7.300000e-07	-4.482827e-06	-9.524541e-10	-3.117321e+01	-6.230134e+01
7.400000e-07	-4.455017e-06	-9.341736e-10	-3.097982e+01	-6.225022e+01
7.500000e-07	-4.426964e-06	-9.181959e-10	-3.078474e+01	-6.219647e+01
7.600000e-07	-4.398713e-06	-9.319918e-10	-3.058829e+01	-6.214027e+01
7.700000e-07	-4.370183e-06	-9.287710e-10	-3.038989e+01	-6.208183e+01
7.800000e-07	-4.341246e-06	-9.160185e-10	-3.018867e+01	-6.202143e+01
7.900000e-07	-4.311951e-06	-9.257694e-10	-2.998495e+01	-6.195935e+01
8.000000e-07	-4.282408e-06	-9.287769e-10	-2.977952e+01	-6.189592e+01
8.100000e-07	-4.252576e-06	-9.195860e-10	-2.957207e+01	-6.183149e+01
8.200000e-07	-4.222417e-06	-9.244731e-10	-2.936234e+01	-6.176638e+01
8.300000e-07	-4.191993e-06	-9.232955e-10	-2.915078e+01	-6.170094e+01
8.400000e-07	-4.161285e-06	-9.054250e-10	-2.893723e+01	-6.163550e+01
8.500000e-07	-4.130301e-06	-9.073057e-10	-2.872177e+01	-6.157036e+01
8.600000e-07	-4.099132e-06	-9.197577e-10	-2.850502e+01	-6.150581e+01
8.700000e-07	-4.067728e-06	-9.117176e-10	-2.828665e+01	-6.144209e+01
8.800000e-07	-4.036050e-06	-9.060942e-10	-2.806636e+01	-6.137939e+01
8.900000e-07	-4.004198e-06	-9.129917e-10	-2.784487e+01	-6.131788e+01
9.000000e-07	-3.972213e-06	-9.060269e-10	-2.762244e+01	-6.125765e+01
9.100000e-07	-3.940051e-06	-8.951461e-10	-2.739879e+01	-6.119877e+01
9.200000e-07	-3.907522e-06	-9.018351e-10	-2.717258e+01	-6.114123e+01
9.300000e-07	-3.874498e-06	-9.011862e-10	-2.694294e+01	-6.108499e+01
9.400000e-07	-3.841052e-06	-8.895194e-10	-2.671036e+01	-6.102994e+01
9.500000e-07	-3.807192e-06	-8.945343e-10	-2.647490e+01	-6.097593e+01
9.600000e-07	-3.772929e-06	-9.032326e-10	-2.623664e+01	-6.092277e+01
9.700000e-07	-3.738211e-06	-8.932475e-10	-2.599521e+01	-6.087022e+01
9.800000e-07	-3.703054e-06	-8.890243e-10	-2.575073e+01	-6.081802e+01
9.900000e-07	-3.667646e-06	-8.959133e-10	-2.550451e+01	-6.076588e+01
1.000000e-06	-3.632073e-06	-8.899700e-10	-2.525714e+01	-6.071347e+01
1.010000e-06	-3.596343e-06	-8.830483e-10	-2.500867e+01	-6.066049e+01
1.020000e-06	-3.560498e-06	-8.926532e-10	-2.475941e+01	-6.060658e+01
1.030000e-06	-3.524518e-06	-8.962958e-10	-2.450921e+01	-6.055143e+01
1.040000e-06	-3.488285e-06	-8.875893e-10	-2.425725e+01	-6.049471e+01
1.050000e-06	-3.451855e-06	-8.854215e-10	-2.400392e+01	-6.043612e+01
1.060000e-06	-3.415261e-06	-8.862973e-10	-2.374944e+01	-6.037536e+01
1.070000e-06	-3.378364e-06	-8.787519e-10	-2.349286e+01	-6.031219e+01
1.080000e-06	-3.341109e-06	-8.769610e-10	-2.323380e+01	-6.024636e+01
1.090000e-06	-3.303623e-06	-8.817385e-10	-2.297312e+01	-6.017770e+01
1.100000e-06	-3.265928e-06	-8.790990e-10	-2.271099e+01	-6.010604e+01
1.110000e-06	-3.228000e-06	-8.747813e-10	-2.244725e+01	-6.003126e+01
1.120000e-06	-3.189888e-06	-8.772946e-10	-2.218222e+01	-5.995329e+01
1.130000e-06	-3.151515e-06	-8.749176e-10	-2.191538e+01	-5.987208e+01
1.140000e-06	-3.112847e-06	-8.652242e-10	-2.164648e+01	-5.978762e+01
1.150000e-06	-3.073979e-06	-8.623696e-10	-2.137620e+01	-5.969996e+01
1.160000e-06	-3.034984e-06	-8.646892e-10	-2.110503e+01	-5.960914e+01
1.170000e-06	-2.995811e-06	-8.616065e-10	-2.083262e+01	-5.951524e+01
1.180000e-06	-2.956450e-06	-8.592363e-10	-2.055891e+01	-5.941837e+01
1.190000e-06	-2.916962e-06	-8.639408e-10	-2.028432e+01	-5.931864e+01
1.200000e-06	-2.877325e-06	-8.654724e-10	-2.000868e+01	-5.921618e+01
1.210000e-06	-2.837532e-06	-8.635654e-10	-1.973197e+01	-5.911110e+01
1.220000e-06	-2.797629e-06	-8.612814e-10	-1.945448e+01	-5.900354e+01
1.230000e-06	-2.757603e-06	-8.584262e-10	-1.917615e+01	-5.889360e+01
1.240000e-06	-2.717332e-06	-8.558373e-10	-1.889611e+01	-5.878136e+01
1.250000e-06	-2.676829e-06	-8.555233e-10	-1.861445e+01	-5.866689e+01
1.260000e-06	-2.636213e-06	-8.563512e-10	-1.833201e+01	-5.855023e+01
1.270000e-06	-2.595435e-06	-8.527091e-10	-1.804844e+01	-5.843137e+01
1.280000e-06	-2.554348e-06	-8.486320e-10	-1.776272e+01	-5.831027e+01
1.290000e-06	-2.512929e-06	-8.467234e-10	-1.747470e+01	-5.818686e+01
1.300000e-06	-2.471188e-06	-8.432427e-10	-1.718444e+01	-5.806101e+01
1.310000e-06	-2.429111e-06	-8.383221e-10	-1.689184e+01	-5.793254e+01
1.320000e-06	-2.386841e-06	-8.374548e-10	-1.659789e+01	-5.780124e+01
1.330000e-06	-2.344391e-06	-8.380460e-10	-1.630270e+01	-5.766683e+01
1.340000e-06	-2.301565e-06	-8.350453e-10	-1.600490e+01	-5.752900e+01
1.350000e-06	-2.258383e-06	-8.317151e-10	-1.570461e+01	-5.738740e+01
1.360000e-06	-2.215030e-06	-8.307717e-10	-1.540314e+01	-5.724162e+01
1.370000e-06	-2.171546e-06	-8.273685e-10	-1.510075e+01	-5.709122e+01
1.380000e-06	-2.127955e-06	-8.214030e-10	-1.479763e+01	-5.693573e+01
1.390000e-06	-2.084286e-06	-8.185030e-10	-1.449396e+01	-5.677464e+01
1.400000e-06	-2.040563e-06	-8.161620e-10	-1.418991e+01	-5.660742e+01
1.410000e-06	-1.996773e-06	-8.137238e-10	-1.388539e+01	-5.643352e+01
1.420000e-06	-1.952881e-06	-8.121980e-10	-1.358018e+01	-5.625238e+01
1.430000e-06	-1.908909e-06	-8.092594e-10	-1.327440e+01	-5.606340e+01
1.440000e-06	-1.864819e-06	-8.040726e-10	-1.296780e+01	-5.586600e+01
1.450000e-06	-1.820648e-06	-7.977840e-10	-1.266064e+01	-5.565959e+01
1.460000e-06	-1.776385e-06	-7.931616e-10	-1.235284e+01	-5.544358e+01
1.470000e-06	-1.731967e-06	-7.893607e-10	-1.204395e+01	-5.521738e+01
1.480000e-06	-1.687410e-06	-7.853449e-10	-1.173411e+01	-5.498041e+01
1.490000e-06	-1.642754e-06	-7.818704e-10	-1.142358e+01	-5.473210e+01
1.500000e-06	-1.598002e-06	-7.773670e-10	-1.111237e+01	-5.447189e+01
1.510000e-06	-1.553086e-06	-7.703843e-10	-1.080003e+01	-5.419923e+01
1.520000e-06	-1.507982e-06	-7.640974e-10	-1.048638e+01	-5.391358e+01
1.530000e-06	-1.462756e-06	-7.568498e-10	-1.017188e+01	-5.361441e+01
1.540000e-06	-1.417502e-06	-7.463512e-10	-9.857195e+00	-5.330120e+01
1.550000e-06	-1.372139e-06	-7.392444e-10	-9.541739e+00	-5.297343e+01
1.560000e-06	-1.326628e-06	-7.308360e-10	-9.225262e+00	-5.263060e+01
1.570000e-06	-1.281071e-06	-7.244159e-10	-8.908466e+00	-5.227219e+01
1.580000e-06	-1.235433e-06	-7.199781e-10	-8.591098e+00	-5.189769e+01
1.590000e-06	-1.189737e-06	-7.156533e-10	-8.273334e+00	-5.150658e+01
1.600000e-06	-1.143933e-06	-7.091324e-10	-7.954815e+00	-5.109834e+01
1.610000e-06	-1.098044e-06	-7.021494e-10	-7.635706e+00	-5.067241e+01
1.620000e-06	-1.052145e-06	-6.947497e-10	-7.316533e+00	-5.022823e+01
1.630000e-06	-1.006125e-06	-6.865264e-10	-6.996510e+00	-4.976523e+01
1.640000e-06	-9.600106e-07	-6.809876e-10	-6.675835e+00	-4.928279e+01
1.650000e-06	-9.138224e-07	-6.746587e-10	-6.354646e+00	-4.878028e+01
1.660000e-06	-8.675335e-07	-6.654658e-10	-6.032757e+00	-4.825705e+01
1.670000e-06	-8.212665e-07	-6.541559e-10	-5.711020e+00	-4.771239e+01
1.680000e-06	-7.750206e-07	-6.422068e-10	-5.389429e+00	-4.714559e+01
1.690000e-06	-7.286840e-07	-6.295127e-10	-5.067208e+00	-4.655590e+01
1.700000e-06	-6.822606e-07	-6.176851e-10	-4.744384e+00	-4.594253e+01
1.710000e-06	-6.357623e-07	-6.081216e-10	-4.421039e+00	-4.530469e+01
1.720000e-06	-5.892904e-07	-6.009367e-10	-4.097877e+00	-4.464154e+01
1.730000e-06	-5.427425e-07	-5.927081e-10	-3.774187e+00	-4.395225e+01
1.740000e-06	-4.961086e-07	-5.822576e-10	-3.449898e+00	-4.323595e+01
1.750000e-06	-4.494339e-07	-5.692747e-10	-3.125326e+00	-4.249178e+01
1.760000e-06	-4.026772e-07	-5.549392e-10	-2.800184e+00	-4.171889e+01
1.770000e-06	-3.559530e-07	-5.392195e-10	-2.475268e+00	-4.091641e+01
1.780000e-06	-3.093055e-07	-5.277663e-10	-2.150885e+00	-4.008352e+01
1.790000e-06	-2.626741e-07	-5.184761e-10	-1.826614e+00	-3.921939e+01
1.800000e-06	-2.158730e-07	-5.081382e-10	-1.501163e+00	-3.832327e+01
1.810000e-06	-1.689546e-07	-4.986325e-10	-1.174896e+00	-3.739441e+01
1.820000e-06	-1.221526e-07	-4.885524e-10	-8.494394e-01	-3.643215e+01
1.830000e-06	-7.544222e-08	-4.737816e-10	-5.246190e-01	-3.543587e+01
1.840000e-06	-2.862548e-08	-4.545523e-10	-1.990592e-01	-3.440505e+01
1.850000e-06	1.820384e-08	-4.353391e-10	1.265880e-01	-3.333924e+01
1.860000e-06	6.496900e-08	-4.193675e-10	4.517891e-01	-3.223809e+01
1.870000e-06	1.117478e-07	-4.043214e-10	7.770849e-01	-3.110135e+01
1.880000e-06	1.585001e-07	-3.902112e-10	1.102197e+00	-2.992889e+01
1.890000e-06	2.052254e-07	-3.762539e-10	1.427120e+00	-2.872070e+01
1.900000e-06	2.520424e-07	-3.596543e-10	1.752682e+00	-2.747689e+01
1.910000e-06	2.989072e-07	-3.407046e-10	2.078576e+00	-2.619770e+01
1.920000e-06	3.456348e-07	-3.201569e-10	2.403516e+00	-2.488353e+01
1.930000e-06	3.922531e-07	-2.993886e-10	2.727696e+00	-2.353490e+01
1.940000e-06	4.388751e-07	-2.803122e-10	3.051901e+00	-2.215248e+01
1.950000e-06	4.854858e-07	-2.615909e-10	3.376028e+00	-2.073710e+01
1.960000e-06	5.320677e-07	-2.420691e-10	3.699955e+00	-1.928971e+01
1.970000e-06	5.785236e-07	-2.232724e-10	4.023006e+00	-1.781143e+01
1.980000e-06	6.248407e-07	-2.041734e-10	4.345091e+00	-1.630352e+01
1.990000e-06	6.711626e-07	-1.830134e-10	4.667210e+00	-1.476737e+01
2.000000e-06	7.175217e-07	-1.580525e-10	4.989587e+00	-1.320452e+01
2.010000e-06	7.638497e-07	-1.332217e-10	5.311748e+00	-1.161663e+01
2.020000e-06	8.100912e-07	-1.111690e-10	5.633308e+00	-1.000548e+01
2.030000e-06	8.562741e-07	-9.123361e-11	5.954460e+00	-8.372991e+00
2.040000e-06	9.023652e-07	-7.148151e-11	6.274973e+00	-6.721165e+00
2.050000e-06	9.483710e-07	-5.021798e-11	6.594894e+00	-5.052115e+00
2.060000e-06	9.943367e-07	-2.681281e-11	6.914535e+00	-3.368038e+00
2.070000e-06	1.040292e-06	-2.150351e-12	7.234108e+00	-1.671209e+00
2.080000e-06	1.086200e-06	2.316559e-11	7.553344e+00	3.603098e-02
2.090000e-06	1.131997e-06	4.809066e-11	7.871814e+00	1.751291e+00
2.100000e-06	1.177705e-06	7.292935e-11	8.189665e+00	3.472138e+00
2.110000e-06	1.223363e-06	9.781202e-11	8.507163e+00	5.196112e+00
2.120000e-06	1.268983e-06	1.230653e-10	8.824404e+00	6.920741e+00
2.130000e-06	1.314467e-06	1.469541e-10	9.140694e+00	8.643549e+00
2.140000e-06	1.359799e-06	1.709444e-10	9.455928e+00	1.036208e+01
2.150000e-06	1.405060e-06	1.930990e-10	9.770669e+00	1.207389e+01
2.160000e-06	1.450233e-06	2.137495e-10	1.008480e+01	1.377658e+01
2.170000e-06	1.495304e-06	2.351542e-10	1.039822e+01	1.546782e+01
2.180000e-06	1.540198e-06	2.591675e-10	1.071041e+01	1.714531e+01
2.190000e-06	1.584972e-06	2.844211e-10	1.102176e+01	1.880685e+01
2.200000e-06	1.629666e-06	3.095141e-10	1.133256e+01	2.045031e+01
2.210000e-06	1.674262e-06	3.337606e-10	1.164268e+01	2.207368e+01
2.220000e-06	1.718794e-06	3.542221e-10	1.195235e+01	2.367502e+01
2.230000e-06	1.763204e-06	3.722981e-10	1.226118e+01	2.525253e+01
2.240000e-06	1.807470e-06	3.888212e-10	1.256900e+01	2.680451e+01
2.250000e-06	1.851557e-06	4.066315e-10	1.287558e+01	2.832941e+01
2.260000e-06	1.895507e-06	4.278460e-10	1.318120e+01	2.982580e+01
2.270000e-06	1.939424e-06	4.505341e-10	1.348659e+01	3.129238e+01
2.280000e-06	1.983285e-06	4.736269e-10	1.379160e+01	3.272800e+01
2.290000e-06	2.027073e-06	4.951984e-10	1.409610e+01	3.413164e+01
2.300000e-06	2.070813e-06	5.134751e-10	1.440027e+01	3.550243e+01
2.310000e-06	2.114494e-06	5.298478e-10	1.470401e+01	3.683964e+01
2.320000e-06	2.158107e-06	5.447146e-10	1.500730e+01	3.814267e+01
2.330000e-06	2.201604e-06	5.609778e-10	1.530977e+01	3.941107e+01
2.340000e-06	2.244971e-06	5.773205e-10	1.561134e+01	4.064450e+01
2.350000e-06	2.288269e-06	5.949031e-10	1.591244e+01	4.184277e+01
2.360000e-06	2.331412e-06	6.133735e-10	1.621245e+01	4.300579e+01
2.370000e-06	2.374225e-06	6.307157e-10	1.651017e+01	4.413360e+01
2.380000e-06	2.416625e-06	6.467620e-10	1.680501e+01	4.522633e+01
2.390000e-06	2.458666e-06	6.612190e-10	1.709736e+01	4.628422e+01
2.400000e-06	2.500454e-06	6.730710e-10	1.738795e+01	4.730759e+01
2.410000e-06	2.541946e-06	6.845301e-10	1.767649e+01	4.829684e+01
2.420000e-06	2.583062e-06	6.961466e-10	1.796240e+01	4.925244e+01
2.430000e-06	2.623880e-06	7.077001e-10	1.824625e+01	5.017492e+01
2.440000e-06	2.664464e-06	7.192855e-10	1.852847e+01	5.106486e+01
2.450000e-06	2.704845e-06	7.305018e-10	1.880927e+01	5.192289e+01
2.460000e-06	2.745073e-06	7.439736e-10	1.908901e+01	5.274964e+01
2.470000e-06	2.785127e-06	7.567824e-10	1.936754e+01	5.354580e+01
2.480000e-06	2.825033e-06	7.675374e-10	1.964504e+01	5.431206e+01
2.490000e-06	2.864835e-06	7.753429e-10	1.992183e+01	5.504910e+01
2.500000e-06	2.904532e-06	7.833561e-10	2.019788e+01	5.575763e+01
2.510000e-06	2.944015e-06	7.903346e-10	2.047244e+01	5.643832e+01
2.520000e-06	2.983265e-06	7.949111e-10	2.074538e+01	5.709186e+01
2.530000e-06	3.022366e-06	7.996952e-10	2.101729e+01	5.771891e+01
2.540000e-06	3.061299e-06	8.068849e-10	2.128802e+01	5.832010e+01
2.550000e-06	3.100039e-06	8.168807e-10	2.155742e+01	5.889606e+01
2.560000e-06	3.138569e-06	8.286263e-10	2.182535e+01	5.944739e+01
2.570000e-06	3.176868e-06	8.386280e-10	2.209168e+01	5.997466e+01
2.580000e-06	3.214947e-06	8.473673e-10	2.235647e+01	6.047844e+01
2.590000e-06	3.252769e-06	8.544111e-10	2.261949e+01	6.095925e+01
2.600000e-06	3.290344e-06	8.566932e-10	2.288078e+01	6.141763e+01
2.610000e-06	3.327728e-06	8.588312e-10	2.314075e+01	6.185407e+01
2.620000e-06	3.364855e-06	8.638623e-10	2.339893e+01	6.226908e+01
2.630000e-06	3.401772e-06	8.708884e-10	2.365565e+01	6.266314e+01
2.640000e-06	3.438444e-06	8.792875e-10	2.391066e+01	6.303675e+01
2.650000e-06	3.474803e-06	8.877809e-10	2.416349e+01	6.339040e+01
2.660000e-06	3.510989e-06	8.928527e-10	2.441513e+01	6.372459e+01
2.670000e-06	3.547031e-06	8.969937e-10	2.466576e+01	6.403985e+01
2.680000e-06	3.582881e-06	9.033891e-10	2.491506e+01	6.433669e+01
2.690000e-06	3.618606e-06	9.085816e-10	2.516349e+01	6.461568e+01
2.700000e-06	3.654250e-06	9.111890e-10	2.541135e+01	6.487739e+01
2.710000e-06	3.689699e-06	9.135389e-10	2.565787e+01	6.512242e+01
2.720000e-06	3.724865e-06	9.164604e-10	2.590241e+01	6.535141e+01
2.730000e-06	3.759683e-06	9.232458e-10	2.614453e+01	6.556501e+01
2.740000e-06	3.794167e-06	9.313297e-10	2.638432e+01	6.576391e+01
2.750000e-06	3.828222e-06	9.386858e-10	2.662114e+01	6.594883e+01
2.760000e-06	3.861810e-06	9.414202e-10	2.685471e+01	6.612052e+01
2.770000e-06	3.894948e-06	9.405904e-10	2.708515e+01	6.627973e+01
2.780000e-06	3.927603e-06	9.410299e-10	2.731223e+01	6.642726e+01
2.790000e-06	3.959896e-06	9.433060e-10	2.753679e+01	6.656390e+01
2.800000e-06	3.991978e-06	9.496201e-10	2.775989e+01	6.669046e+01
2.810000e-06	4.023912e-06	9.550332e-10	2.798195e+01	6.680775e+01
2.820000e-06	4.055700e-06	9.572387e-10	2.820301e+01	6.691658e+01
2.830000e-06	4.087325e-06	9.593470e-10	2.842292e+01	6.701775e+01
2.840000e-06	4.118719e-06	9.602852e-10	2.864124e+01	6.711203e+01
2.850000e-06	4.149857e-06	9.568159e-10	2.885776e+01	6.720016e+01
2.860000e-06	4.180704e-06	9.528689e-10	2.907227e+01	6.728288e+01
2.870000e-06	4.211177e-06	9.548914e-10	2.928418e+01	6.736085e+01
2.880000e-06	4.241210e-06	9.617218e-10	2.949303e+01	6.743469e+01
2.890000e-06	4.270947e-06	9.683525e-10	2.969982e+01	6.750499e+01
2.900000e-06	4.300493e-06	9.730983e-10	2.990528e+01	6.757224e+01
2.910000e-06	4.329736e-06	9.753627e-10	3.010863e+01	6.763690e+01
2.920000e-06	4.358643e-06	9.744276e-10	3.030965e+01	6.769934e+01
2.930000e-06	4.387299e-06	9.718546e-10	3.050892e+01	6.775986e+01
2.940000e-06	4.415723e-06	9.702711e-10	3.070658e+01	6.781870e+01
2.950000e-06	4.443888e-06	9.701208e-10	3.090243e+01	6.787601e+01
2.960000e-06	4.471808e-06	9.730485e-10	3.109659e+01	6.793188e+01
2.970000e-06	4.499537e-06	9.776436e-10	3.128941e+01	6.798632e+01
2.980000e-06	4.527108e-06	9.816064e-10	3.148114e+01	6.803928e+01
2.990000e-06	4.554469e-06	9.844328e-10	3.167141e+01	6.809063e+01
3.000000e-06	4.581453e-06	9.859218e-10	3.185905e+01	6.814022e+01
3.010000e-06	4.607897e-06	9.863492e-10	3.204294e+01	6.818781e+01
3.020000e-06	4.633720e-06	9.846428e-10	3.222251e+01	6.823315e+01
3.030000e-06	4.659023e-06	9.831635e-10	3.239846e+01	6.827594e+01
3.040000e-06	4.683917e-06	9.842208e-10	3.257157e+01	6.831585e+01
3.050000e-06	4.708355e-06	9.875476e-10	3.274152e+01	6.835255e+01
3.060000e-06	4.732423e-06	9.926109e-10	3.290888e+01	6.838570e+01
3.070000e-06	4.756157e-06	9.968465e-10	3.307392e+01	6.841496e+01
3.080000e-06	4.779629e-06	9.988889e-10	3.323715e+01	6.844001e+01
3.090000e-06	4.802840e-06	9.987043e-10	3.339856e+01	6.846055e+01
3.100000e-06	4.825759e-06	9.973601e-10	3.355793e+01	6.847630e+01
3.110000e-06	4.848415e-06	9.965796e-10	3.371548e+01	6.848705e+01
3.120000e-06	4.870691e-06	9.960300e-10	3.387039e+01	6.849259e+01
3.130000e-06	4.892590e-06	9.979380e-10	3.402267e+01	6.849280e+01
3.140000e-06	4.914190e-06	1.001452e-09	3.417287e+01	6.848760e+01
3.150000e-06	4.935441e-06	1.005222e-09	3.432065e+01	6.847697e+01
3.160000e-06	4.956302e-06	1.007978e-09	3.446572e+01	6.846094e+01
3.170000e-06	4.976861e-06	1.007607e-09	3.460868e+01	6.843961e+01
3.180000e-06	4.997164e-06	1.005320e-09	3.474987e+01	6.841313e+01
3.190000e-06	5.017138e-06	1.003977e-09	3.488877e+01	6.838173e+01
3.200000e-06	5.036883e-06	1.004689e-09	3.502607e+01	6.834566e+01
3.210000e-06	5.056462e-06	1.007754e-09	3.516222e+01	6.830524e+01
3.220000e-06	5.075721e-06	1.010823e-09	3.529615e+01	6.826081e+01
3.230000e-06	5.094545e-06	1.011678e-09	3.542704e+01	6.821277e+01
3.240000e-06	5.112989e-06	1.010693e-09	3.555531e+01	6.816154e+01
3.250000e-06	5.131098e-06	1.008975e-09	3.568123e+01	6.810753e+01
3.260000e-06	5.148802e-06	1.008407e-09	3.580435e+01	6.805119e+01
3.270000e-06	5.166150e-06	1.009936e-09	3.592498e+01	6.799297e+01
3.280000e-06	5.183270e-06	1.011890e-09	3.604403e+01	6.793328e+01
3.290000e-06	5.199943e-06	1.014444e-09	3.615998e+01	6.787256e+01
3.300000e-06	5.216077e-06	1.018300e-09	3.627217e+01	6.781118e+01
3.310000e-06	5.231902e-06	1.020975e-09	3.638222e+01	6.774951e+01
3.320000e-06	5.247334e-06	1.020076e-09	3.648953e+01	6.768786e+01
3.330000e-06	5.262277e-06	1.016480e-09	3.659344e+01	6.762650e+01
3.340000e-06	5.276781e-06	1.012711e-09	3.669430e+01	6.756567e+01
3.350000e-06	5.290919e-06	1.010487e-09	3.679262e+01	6.750553e+01
3.360000e-06	5.304719e-06	1.012057e-09	3.688858e+01	6.744620e+01
3.370000e-06	5.318109e-06	1.016707e-09	3.698169e+01	6.738775e+01
3.380000e-06	5.331087e-06	1.019676e-09	3.707194e+01	6.733019e+01
3.390000e-06	5.343690e-06	1.019359e-09	3.715958e+01	6.727349e+01
3.400000e-06	5.355939e-06	1.018166e-09	3.724476e+01	6.721756e+01
3.410000e-06	5.367791e-06	1.016449e-09	3.732718e+01	6.716227e+01
3.420000e-06	5.379212e-06	1.014501e-09	3.740660e+01	6.710748e+01
3.430000e-06	5.390206e-06	1.013079e-09	3.748305e+01	6.705299e+01
3.440000e-06	5.400672e-06	1.012403e-09	3.755583e+01	6.699860e+01
3.450000e-06	5.410552e-06	1.013225e-09	3.762453e+01	6.694409e+01
3.460000e-06	5.419868e-06	1.016659e-09	3.768931e+01	6.688925e+01
3.470000e-06	5.428637e-06	1.020235e-09	3.775030e+01	6.683385e+01
3.480000e-06	5.436908e-06	1.022470e-09	3.780781e+01	6.677771e+01
3.490000e-06	5.444831e-06	1.021616e-09	3.786290e+01	6.672064e+01
3.500000e-06	5.452515e-06	1.017622e-09	3.791634e+01	6.666251e+01
3.510000e-06	5.459955e-06	1.014281e-09	3.796808e+01	6.660322e+01
3.520000e-06	5.467077e-06	1.013643e-09	3.801761e+01	6.654271e+01
3.530000e-06	5.473856e-06	1.015900e-09	3.806474e+01	6.648098e+01
3.540000e-06	5.480268e-06	1.017961e-09	3.810933e+01	6.641808e+01
3.550000e-06	5.486305e-06	1.020039e-09	3.815131e+01	6.635410e+01
3.560000e-06	5.491993e-06	1.021533e-09	3.819087e+01	6.628922e+01
3.570000e-06	5.497247e-06	1.020463e-09	3.822741e+01	6.622365e+01
3.580000e-06	5.502093e-06	1.017536e-09	3.826110e+01	6.615768e+01
3.590000e-06	5.506528e-06	1.014057e-09	3.829195e+01	6.609162e+01
3.600000e-06	5.510631e-06	1.013759e-09	3.832047e+01	6.602585e+01
3.610000e-06	5.514525e-06	1.015717e-09	3.834755e+01	6.596077e+01
3.620000e-06	5.518160e-06	1.018872e-09	3.837283e+01	6.589683e+01
3.630000e-06	5.521467e-06	1.019321e-09	3.839583e+01	6.583449e+01
3.640000e-06	5.524328e-06	1.017037e-09	3.841573e+01	6.577422e+01
3.650000e-06	5.526665e-06	1.015343e-09	3.843197e+01	6.571649e+01
3.660000e-06	5.528465e-06	1.014613e-09	3.844449e+01	6.566176e+01
3.670000e-06	5.529702e-06	1.012728e-09	3.845309e+01	6.561049e+01
3.680000e-06	5.530421e-06	1.011394e-09	3.845809e+01	6.556306e+01
3.690000e-06	5.530695e-06	1.013334e-09	3.846000e+01	6.551985e+01
3.700000e-06	5.530612e-06	1.015647e-09	3.845942e+01	6.548116e+01
3.710000e-06	5.530258e-06	1.018120e-09	3.845696e+01	6.544725e+01
3.720000e-06	5.529532e-06	1.017841e-09	3.845191e+01	6.541827e+01
3.730000e-06	5.528402e-06	1.011676e-09	3.844406e+01	6.539433e+01
3.740000e-06	5.527021e-06	1.004618e-09	3.843445e+01	6.537543e+01
3.750000e-06	5.525394e-06	1.002281e-09	3.842314e+01	6.536149e+01
3.760000e-06	5.523328e-06	9.919877e-10	3.840877e+01	6.535235e+01
3.770000e-06	5.520832e-06	9.610647e-10	3.839142e+01	6.534773e+01
3.780000e-06	5.517975e-06	9.876395e-10	3.837154e+01	6.534730e+01
3.790000e-06	5.514633e-06	1.100825e-09	3.834830e+01	6.535061e+01
3.800000e-06	5.510890e-06	1.077367e-09	3.832228e+01	6.535715e+01
3.810000e-06	5.506904e-06	9.492440e-10	3.829456e+01	6.536632e+01
3.820000e-06	5.502645e-06	9.770824e-10	3.826494e+01	6.537749e+01
3.830000e-06	5.497984e-06	1.109491e-09	3.823253e+01	6.538994e+01
3.840000e-06	5.492870e-06	1.132076e-09	3.819697e+01	6.540292e+01
3.850000e-06	5.487427e-06	9.897588e-10	3.815912e+01	6.541566e+01
3.860000e-06	5.481550e-06	9.742743e-10	3.811825e+01	6.542737e+01
3.870000e-06	5.474975e-06	1.154996e-09	3.807253e+01	6.543725e+01
3.880000e-06	5.467950e-06	1.154066e-09	3.802368e+01	6.544452e+01
3.890000e-06	5.460766e-06	9.243424e-10	3.797372e+01	6.544844e+01
3.900000e-06	5.453180e-06	8.940354e-10	3.792096e+01	6.544830e+01
3.910000e-06	5.444999e-06	1.134743e-09	3.786407e+01	6.544342e+01
3.920000e-06	5.436412e-06	1.166087e-09	3.780437e+01	6.543324e+01
3.930000e-06	5.427656e-06	9.290534e-10	3.774347e+01	6.541723e+01
3.940000e-06	5.418538e-06	9.027975e-10	3.768007e+01	6.539498e+01
3.950000e-06	5.408908e-06	1.098388e-09	3.761310e+01	6.536616e+01
3.960000e-06	5.398985e-06	1.091941e-09	3.754410e+01	6.533054e+01
3.970000e-06	5.388831e-06	9.216792e-10	3.747349e+01	6.528801e+01
3.980000e-06	5.378236e-06	9.626698e-10	3.739981e+01	6.523856e+01
3.990000e-06	5.367149e-06	1.094130e-09	3.732271e+01	6.518229e+01
4.000000e-06	5.355782e-06	1.041165e-09	3.724367e+01	6.511940e+01
4.010000e-06	5.344067e-06	9.440750e-10	3.716220e+01	6.505022e+01
4.020000e-06	5.331700e-06	1.000876e-09	3.707620e+01	6.497514e+01
4.030000e-06	5.318866e-06	1.073681e-09	3.698696e+01	6.489467e+01
4.040000e-06	5.305782e-06	1.014516e-09	3.689597e+01	6.480938e+01
4.050000e-06	5.292104e-06	9.445710e-10	3.680085e+01	6.471993e+01
4.060000e-06	5.277806e-06	9.961483e-10	3.670143e+01	6.462701e+01
4.070000e-06	5.263108e-06	1.082090e-09	3.659922e+01	6.453138e+01
4.080000e-06	5.247952e-06	1.029870e-09	3.649382e+01	6.443381e+01
4.090000e-06	5.232191e-06	9.300708e-10	3.638423e+01	6.433509e+01
4.100000e-06	5.215958e-06	1.013028e-09	3.627134e+01	6.423601e+01
4.110000e-06	5.199587e-06	1.131622e-09	3.615750e+01	6.413735e+01
4.120000e-06	5.182924e-06	1.000869e-09	3.604163e+01	6.403985e+01
4.130000e-06	5.165820e-06	8.944535e-10	3.592269e+01	6.394424e+01
4.140000e-06	5.148535e-06	1.061425e-09	3.580249e+01	6.385114e+01
4.150000e-06	5.130946e-06	1.094783e-09	3.568018e+01	6.376117e+01
4.160000e-06	5.112819e-06	8.922798e-10	3.555412e+01	6.367482e+01
4.170000e-06	5.094328e-06	9.591164e-10	3.542554e+01	6.359252e+01
4.180000e-06	5.075568e-06	1.138074e-09	3.529508e+01	6.351462e+01
4.190000e-06	5.056475e-06	9.740011e-10	3.516231e+01	6.344136e+01
4.200000e-06	5.037016e-06	8.766976e-10	3.502699e+01	6.337290e+01
4.210000e-06	5.017271e-06	1.092160e-09	3.488969e+01	6.330930e+01
4.220000e-06	4.997309e-06	1.065170e-09	3.475088e+01	6.325050e+01
4.230000e-06	4.977065e-06	8.760663e-10	3.461010e+01	6.319639e+01
4.240000e-06	4.956543e-06	1.013056e-09	3.446739e+01	6.314674e+01
4.250000e-06	4.935685e-06	1.105818e-09	3.432235e+01	6.310127e+01
4.260000e-06	4.914369e-06	9.209659e-10	3.417412e+01	6.305960e+01
4.270000e-06	4.892561e-06	9.580875e-10	3.402247e+01	6.302133e+01
4.280000e-06	4.870134e-06	1.110910e-09	3.386651e+01	6.298596e+01
4.290000e-06	4.847083e-06	9.755235e-10	3.370622e+01	6.295298e+01
4.300000e-06	4.823622e-06	9.139155e-10	3.354307e+01	6.292186e+01
4.310000e-06	4.799890e-06	1.076974e-09	3.337804e+01	6.289204e+01
4.320000e-06	4.775918e-06	1.037881e-09	3.321134e+01	6.286296e+01
4.330000e-06	4.751713e-06	9.164593e-10	3.304302e+01	6.283407e+01
4.340000e-06	4.727231e-06	1.011295e-09	3.287277e+01	6.280485e+01
4.350000e-06	4.702522e-06	1.050072e-09	3.270095e+01	6.277480e+01
4.360000e-06	4.677475e-06	9.522077e-10	3.252678e+01	6.274346e+01
4.370000e-06	4.651994e-06	9.814325e-10	3.234958e+01	6.271044e+01
4.380000e-06	4.626155e-06	1.043309e-09	3.216990e+01	6.267537e+01
4.390000e-06	4.600003e-06	9.818965e-10	3.198804e+01	6.263798e+01
4.400000e-06	4.573539e-06	9.633463e-10	3.180401e+01	6.259804e+01
4.410000e-06	4.546714e-06	1.018710e-09	3.161747e+01	6.255540e+01
4.420000e-06	4.519625e-06	1.007148e-09	3.142910e+01	6.250997e+01
4.430000e-06	4.492288e-06	9.723395e-10	3.123900e+01	6.246175e+01
4.440000e-06	4.464637e-06	9.904373e-10	3.104672e+01	6.241077e+01
4.450000e-06	4.436720e-06	9.960901e-10	3.085259e+01	6.235715e+01
4.460000e-06	4.408626e-06	9.749335e-10	3.065722e+01	6.230106e+01
4.470000e-06	4.380355e-06	9.787552e-10	3.046063e+01	6.224272e+01
4.480000e-06	4.351825e-06	9.868666e-10	3.026224e+01	6.218239e+01
4.490000e-06	4.322879e-06	9.694669e-10	3.006095e+01	6.212036e+01
4.500000e-06	4.293481e-06	9.673102e-10	2.985651e+01	6.205695e+01
4.510000e-06	4.263693e-06	9.788166e-10	2.964937e+01	6.199250e+01
4.520000e-06	4.233398e-06	9.714166e-10	2.943870e+01	6.192735e+01
4.530000e-06	4.202567e-06	9.687244e-10	2.922431e+01	6.186185e+01
4.540000e-06	4.171296e-06	9.776372e-10	2.900685e+01	6.179631e+01
4.550000e-06	4.139682e-06	9.666246e-10	2.878701e+01	6.173106e+01
4.560000e-06	4.107855e-06	9.605590e-10	2.856568e+01	6.166637e+01
4.570000e-06	4.075863e-06	9.741396e-10	2.834322e+01	6.160248e+01
4.580000e-06	4.043730e-06	9.676038e-10	2.811977e+01	6.153961e+01
4.590000e-06	4.011368e-06	9.540007e-10	2.789472e+01	6.147791e+01
4.600000e-06	3.978649e-06	9.700887e-10	2.766720e+01	6.141750e+01
4.610000e-06	3.945677e-06	9.788736e-10	2.743791e+01	6.135842e+01
4.620000e-06	3.912507e-06	9.670620e-10	2.720725e+01	6.130069e+01
4.630000e-06	3.879098e-06	9.734814e-10	2.697493e+01	6.124426e+01
4.640000e-06	3.845419e-06	9.809682e-10	2.674073e+01	6.118904e+01
4.650000e-06	3.811440e-06	9.610477e-10	2.650444e+01	6.113486e+01
4.660000e-06	3.777200e-06	9.524349e-10	2.626634e+01	6.108156e+01
4.670000e-06	3.742624e-06	9.670732e-10	2.602590e+01	6.102889e+01
4.680000e-06	3.707724e-06	9.621207e-10	2.578321e+01	6.097659e+01
4.690000e-06	3.672583e-06	9.505297e-10	2.553884e+01	6.092437e+01
4.700000e-06	3.637190e-06	9.605415e-10	2.529272e+01	6.087192e+01
4.710000e-06	3.601563e-06	9.669360e-10	2.504497e+01	6.081891e+01
4.720000e-06	3.565728e-06	9.551714e-10	2.479578e+01	6.076502e+01
4.730000e-06	3.529757e-06	9.544929e-10	2.454564e+01	6.070990e+01
4.740000e-06	3.493708e-06	9.602243e-10	2.429496e+01	6.065324e+01
4.750000e-06	3.457537e-06	9.499405e-10	2.404343e+01	6.059473e+01
4.760000e-06	3.421168e-06	9.449112e-10	2.379052e+01	6.053409e+01
4.770000e-06	3.384621e-06	9.566924e-10	2.353637e+01	6.047104e+01
4.780000e-06	3.347813e-06	9.581957e-10	2.328042e+01	6.040536e+01
4.790000e-06	3.310698e-06	9.514012e-10	2.302232e+01	6.033686e+01
4.800000e-06	3.273330e-06	9.564808e-10	2.276247e+01	6.026537e+01
4.810000e-06	3.235554e-06	9.621393e-10	2.249978e+01	6.019077e+01
4.820000e-06	3.197291e-06	9.576132e-10	2.223370e+01	6.011299e+01
4.830000e-06	3.158593e-06	9.562584e-10	2.196460e+01	6.003197e+01
4.840000e-06	3.119499e-06	9.565112e-10	2.169274e+01	5.994770e+01
4.850000e-06	3.080128e-06	9.492186e-10	2.141896e+01	5.986022e+01
4.860000e-06	3.040491e-06	9.472287e-10	2.114333e+01	5.976958e+01
4.870000e-06	3.000632e-06	9.565219e-10	2.086615e+01	5.967585e+01
4.880000e-06	2.960692e-06	9.594749e-10	2.058841e+01	5.957914e+01
4.890000e-06	2.920649e-06	9.546276e-10	2.030995e+01	5.947957e+01
4.900000e-06	2.880452e-06	9.539968e-10	2.003043e+01	5.937724e+01
4.910000e-06	2.840139e-06	9.530966e-10	1.975009e+01	5.927230e+01
4.920000e-06	2.799677e-06	9.463022e-10	1.946872e+01	5.916486e+01
4.930000e-06	2.759051e-06	9.418458e-10	1.918621e+01	5.905503e+01
4.940000e-06	2.718262e-06	9.420098e-10	1.890257e+01	5.894290e+01
4.950000e-06	2.677314e-06	9.399902e-10	1.861782e+01	5.882853e+01
4.960000e-06	2.636164e-06	9.386310e-10	1.833167e+01	5.871197e+01
4.970000e-06	2.594830e-06	9.398603e-10	1.804423e+01	5.859321e+01
4.980000e-06	2.553326e-06	9.377056e-10	1.775562e+01	5.847223e+01
4.990000e-06	2.511538e-06	9.327465e-10	1.746503e+01	5.834893e+01
5.000000e-06	2.469558e-06	9.303726e-10	1.717311e+01	5.822321e+01
5.010000e-06	2.427496e-06	9.294707e-10	1.688061e+01	5.809488e+01
5.020000e-06	2.385291e-06	9.286940e-10	1.658712e+01	5.796374e+01
5.030000e-06	2.342908e-06	9.273167e-10	1.629239e+01	5.782952e+01
5.040000e-06	2.300394e-06	9.278911e-10	1.599675e+01	5.769191e+01
5.050000e-06	2.257668e-06	9.248110e-10	1.569964e+01	5.755056e+01
5.060000e-06	2.214678e-06	9.186091e-10	1.540069e+01	5.740506e+01
5.070000e-06	2.171544e-06	9.147807e-10	1.510074e+01	5.725498e+01
5.080000e-06	2.128314e-06	9.120898e-10	1.480012e+01	5.709985e+01
5.090000e-06	2.084953e-06	9.073184e-10	1.449859e+01	5.693916e+01
5.100000e-06	2.041469e-06	9.033554e-10	1.419621e+01	5.677240e+01
5.110000e-06	1.997908e-06	9.036922e-10	1.389329e+01	5.659900e+01
5.120000e-06	1.954225e-06	9.025408e-10	1.358952e+01	5.641839e+01
5.130000e-06	1.910363e-06	8.985309e-10	1.328451e+01	5.623001e+01
5.140000e-06	1.866415e-06	8.932181e-10	1.297890e+01	5.603325e+01
5.150000e-06	1.822405e-06	8.859146e-10	1.267286e+01	5.582754e+01
5.160000e-06	1.778344e-06	8.786744e-10	1.236646e+01	5.561227e+01
5.170000e-06	1.734244e-06	8.769639e-10	1.205979e+01	5.538686e+01
5.180000e-06	1.690054e-06	8.786248e-10	1.175249e+01	5.515072e+01
5.190000e-06	1.645797e-06	8.770226e-10	1.144474e+01	5.490330e+01
5.200000e-06	1.601436e-06	8.729454e-10	1.113625e+01	5.464402e+01
5.210000e-06	1.556998e-06	8.700267e-10	1.082724e+01	5.437234e+01
5.220000e-06	1.512510e-06	8.643398e-10	1.051787e+01	5.408771e+01
5.230000e-06	1.467982e-06	8.588739e-10	1.020823e+01	5.378960e+01
5.240000e-06	1.423364e-06	8.557489e-10	9.897956e+00	5.347750e+01
5.250000e-06	1.378578e-06	8.528298e-10	9.586519e+00	5.315089e+01
5.260000e-06	1.333704e-06	8.503062e-10	9.274471e+00	5.280925e+01
5.270000e-06	1.288671e-06	8.487109e-10	8.961309e+00	5.245207e+01
5.280000e-06	1.243529e-06	8.436604e-10	8.647399e+00	5.207885e+01
5.290000e-06	1.198327e-06	8.356605e-10	8.333068e+00	5.168907e+01
5.300000e-06	1.152973e-06	8.313447e-10	8.017683e+00	5.128219e+01
5.310000e-06	1.107486e-06	8.263260e-10	7.701369e+00	5.085767e+01
5.320000e-06	1.061901e-06	8.216871e-10	7.384370e+00	5.041495e+01
5.330000e-06	1.016278e-06	8.177561e-10	7.067111e+00	4.995346e+01
5.340000e-06	9.705514e-07	8.126473e-10	6.749135e+00	4.947259e+01
5.350000e-06	9.247417e-07	8.051444e-10	6.430578e+00	4.897170e+01
5.360000e-06	8.788960e-07	7.956621e-10	6.111771e+00	4.845013e+01
5.370000e-06	8.329954e-07	7.858603e-10	5.792582e+00	4.790720e+01
5.380000e-06	7.870414e-07	7.762126e-10	5.473022e+00	4.734220e+01
5.390000e-06	7.409336e-07	7.698587e-10	5.152391e+00	4.675436e+01
5.400000e-06	6.947718e-07	7.648565e-10	4.831386e+00	4.614291e+01
5.410000e-06	6.486739e-07	7.565862e-10	4.510825e+00	4.550706e+01
5.420000e-06	6.025488e-07	7.462401e-10	4.190075e+00	4.484597e+01
5.430000e-06	5.563191e-07	7.353058e-10	3.868597e+00	4.415881e+01
5.440000e-06	5.099811e-07	7.186932e-10	3.546366e+00	4.344471e+01
5.450000e-06	4.635352e-07	6.998217e-10	3.223385e+00	4.270282e+01
5.460000e-06	4.171005e-07	6.868082e-10	2.900483e+00	4.193227e+01
5.470000e-06	3.707403e-07	6.776541e-10	2.578098e+00	4.113221e+01
5.480000e-06	3.243622e-07	6.682507e-10	2.255588e+00	4.030180e+01
5.490000e-06	2.779114e-07	6.603841e-10	1.932573e+00	3.944023e+01
5.500000e-06	2.313693e-07	6.505123e-10	1.608923e+00	3.854671e+01
5.510000e-06	1.848270e-07	6.382629e-10	1.285272e+00	3.762053e+01
5.520000e-06	1.383206e-07	6.254359e-10	9.618700e-01	3.666099e+01
5.530000e-06	9.185617e-08	6.099944e-10	6.387603e-01	3.566749e+01
5.540000e-06	4.538536e-08	5.888978e-10	3.156061e-01	3.463948e+01
5.550000e-06	-1.135421e-09	5.679731e-10	-7.895623e-03	3.357652e+01
5.560000e-06	-4.768288e-08	5.526656e-10	-3.315828e-01	3.247825e+01
5.570000e-06	-9.419747e-08	5.374791e-10	-6.550415e-01	3.134440e+01
5.580000e-06	-1.407000e-07	5.195543e-10	-9.784160e-01	3.017484e+01
5.590000e-06	-1.871786e-07	4.999350e-10	-1.301624e+00	2.896954e+01
5.600000e-06	-2.336121e-07	4.809076e-10	-1.624520e+00	2.772861e+01
5.610000e-06	-2.800638e-07	4.592662e-10	-1.947541e+00	2.645227e+01
5.620000e-06	-3.265277e-07	4.360682e-10	-2.270647e+00	2.514092e+01
5.630000e-06	-3.729690e-07	4.122091e-10	-2.593596e+00	2.379505e+01
5.640000e-06	-4.193339e-07	3.895062e-10	-2.916013e+00	2.241534e+01
5.650000e-06	-4.656419e-07	3.685370e-10	-3.238035e+00	2.100258e+01
5.660000e-06	-5.118908e-07	3.460126e-10	-3.559647e+00	1.955774e+01
5.670000e-06	-5.580873e-07	3.226422e-10	-3.880893e+00	1.808191e+01
5.680000e-06	-6.042961e-07	3.009374e-10	-4.202226e+00	1.657633e+01
5.690000e-06	-6.505105e-07	2.781804e-10	-4.523597e+00	1.504240e+01
5.700000e-06	-6.967223e-07	2.523631e-10	-4.844950e+00	1.348163e+01
5.710000e-06	-7.428317e-07	2.230862e-10	-5.165591e+00	1.189568e+01
5.720000e-06	-7.888268e-07	1.921944e-10	-5.485437e+00	1.028632e+01
5.730000e-06	-8.347384e-07	1.624493e-10	-5.804702e+00	8.655448e+00
5.740000e-06	-8.805749e-07	1.354936e-10	-6.123445e+00	7.005072e+00
5.750000e-06	-9.263616e-07	1.086869e-10	-6.441842e+00	5.337292e+00
5.760000e-06	-9.720764e-07	8.115416e-11	-6.759740e+00	3.654300e+00
5.770000e-06	-1.017668e-06	5.433277e-11	-7.076780e+00	1.958364e+00
5.780000e-06	-1.063148e-06	2.406906e-11	-7.393047e+00	2.518188e-01
5.790000e-06	-1.108565e-06	-8.536033e-12	-7.708873e+00	-1.462947e+00
5.800000e-06	-1.153841e-06	-3.900482e-11	-8.023719e+00	-3.183504e+00
5.810000e-06	-1.199034e-06	-6.780854e-11	-8.337984e+00	-4.907393e+00
5.820000e-06	-1.244133e-06	-9.604571e-11	-8.651598e+00	-6.632144e+00
5.830000e-06	-1.289036e-06	-1.223273e-10	-8.963847e+00	-8.355280e+00
5.840000e-06	-1.333862e-06	-1.498668e-10	-9.275567e+00	-1.007434e+01
5.850000e-06	-1.378706e-06	-1.773021e-10	-9.587408e+00	-1.178688e+01
5.860000e-06	-1.423449e-06	-2.040973e-10	-9.898549e+00	-1.349051e+01
5.870000e-06	-1.468051e-06	-2.348955e-10	-1.020871e+01	-1.518287e+01
5.880000e-06	-1.512552e-06	-2.657795e-10	-1.051816e+01	-1.686167e+01
5.890000e-06	-1.556946e-06	-2.965201e-10	-1.082688e+01	-1.852471e+01
5.900000e-06	-1.601236e-06	-3.272745e-10	-1.113486e+01	-2.016984e+01
5.910000e-06	-1.645461e-06	-3.556136e-10	-1.144240e+01	-2.179504e+01
5.920000e-06	-1.689639e-06	-3.797503e-10	-1.174961e+01	-2.339836e+01
5.930000e-06	-1.733756e-06	-4.027267e-10	-1.205639e+01	-2.497800e+01
5.940000e-06	-1.777804e-06	-4.271690e-10	-1.236270e+01	-2.653226e+01
5.950000e-06	-1.821836e-06	-4.535049e-10	-1.266890e+01	-2.805956e+01
5.960000e-06	-1.865819e-06	-4.828844e-10	-1.297475e+01	-2.955845e+01
5.970000e-06	-1.909692e-06	-5.108528e-10	-1.327984e+01	-3.102765e+01
5.980000e-06	-1.953484e-06	-5.362047e-10	-1.358437e+01	-3.246597e+01
5.990000e-06	-1.997181e-06	-5.590992e-10	-1.388823e+01	-3.387239e+01
6.000000e-06	-2.040762e-06	-5.803142e-10	-1.419129e+01	-3.524603e+01
6.010000e-06	-2.084196e-06	-6.006013e-10	-1.449333e+01	-3.658614e+01
6.020000e-06	-2.127418e-06	-6.218042e-10	-1.479389e+01	-3.789213e+01
6.030000e-06	-2.170460e-06	-6.434599e-10	-1.509320e+01	-3.916350e+01
6.040000e-06	-2.213338e-06	-6.639552e-10	-1.539137e+01	-4.039994e+01
6.050000e-06	-2.256061e-06	-6.850246e-10	-1.568846e+01	-4.160123e+01
6.060000e-06	-2.298634e-06	-7.065717e-10	-1.598451e+01	-4.276727e+01
6.070000e-06	-2.341030e-06	-7.257489e-10	-1.627933e+01	-4.389809e+01
6.080000e-06	-2.383273e-06	-7.465285e-10	-1.657309e+01	-4.499382e+01
6.090000e-06	-2.425410e-06	-7.660231e-10	-1.686610e+01	-4.605468e+01
6.100000e-06	-2.467432e-06	-7.832197e-10	-1.715832e+01	-4.708099e+01
6.110000e-06	-2.509262e-06	-7.973604e-10	-1.744920e+01	-4.807315e+01
6.120000e-06	-2.550817e-06	-8.089207e-10	-1.773818e+01	-4.903162e+01
6.130000e-06	-2.592197e-06	-8.194219e-10	-1.802592e+01	-4.995692e+01
6.140000e-06	-2.633397e-06	-8.325295e-10	-1.831243e+01	-5.084963e+01
6.150000e-06	-2.674326e-06	-8.520243e-10	-1.859704e+01	-5.171037e+01
6.160000e-06	-2.715132e-06	-8.725307e-10	-1.888080e+01	-5.253979e+01
6.170000e-06	-2.755815e-06	-8.882849e-10	-1.916371e+01	-5.333856e+01
6.180000e-06	-2.796275e-06	-8.981119e-10	-1.944507e+01	-5.410736e+01
6.190000e-06	-2.836552e-06	-9.056483e-10	-1.972515e+01	-5.484689e+01
6.200000e-06	-2.876726e-06	-9.115125e-10	-2.000451e+01	-5.555785e+01
6.210000e-06	-2.916834e-06	-9.184627e-10	-2.028342e+01	-5.624092e+01
6.220000e-06	-2.956857e-06	-9.301397e-10	-2.056174e+01	-5.689678e+01
6.230000e-06	-2.996707e-06	-9.458254e-10	-2.083886e+01	-5.752609e+01
6.240000e-06	-3.036361e-06	-9.602706e-10	-2.111461e+01	-5.812949e+01
6.250000e-06	-3.075820e-06	-9.730001e-10	-2.138900e+01	-5.870761e+01
6.260000e-06	-3.115026e-06	-9.823703e-10	-2.166163e+01	-5.926105e+01
6.270000e-06	-3.153909e-06	-9.865141e-10	-2.193203e+01	-5.979039e+01
6.280000e-06	-3.192372e-06	-9.903606e-10	-2.219949e+01	-6.029619e+01
6.290000e-06	-3.230348e-06	-9.970260e-10	-2.246357e+01	-6.077898e+01
6.300000e-06	-3.267878e-06	-1.005984e-09	-2.272456e+01	-6.123928e+01
6.310000e-06	-3.305022e-06	-1.016486e-09	-2.298285e+01	-6.167761e+01
6.320000e-06	-3.341904e-06	-1.026456e-09	-2.323933e+01	-6.209447e+01
6.330000e-06	-3.378595e-06	-1.034103e-09	-2.349447e+01	-6.249034e+01
6.340000e-06	-3.415055e-06	-1.039640e-09	-2.374801e+01	-6.286572e+01
6.350000e-06	-3.451314e-06	-1.044688e-09	-2.400016e+01	-6.322109e+01
6.360000e-06	-3.487445e-06	-1.048351e-09	-2.425141e+01	-6.355697e+01
6.370000e-06	-3.523413e-06	-1.051375e-09	-2.450152e+01	-6.387387e+01
6.380000e-06	-3.559194e-06	-1.055440e-09	-2.475034e+01	-6.417231e+01
6.390000e-06	-3.594773e-06	-1.062789e-09	-2.499775e+01	-6.445284e+01
6.400000e-06	-3.630148e-06	-1.070513e-09	-2.524375e+01	-6.471605e+01
6.410000e-06	-3.665357e-06	-1.076605e-09	-2.548859e+01	-6.496253e+01
6.420000e-06	-3.700298e-06	-1.081073e-09	-2.573157e+01	-6.519291e+01
6.430000e-06	-3.734926e-06	-1.083814e-09	-2.597237e+01	-6.540785e+01
6.440000e-06	-3.769279e-06	-1.082646e-09	-2.621126e+01	-6.560803e+01
6.450000e-06	-3.803385e-06	-1.080123e-09	-2.644843e+01	-6.579417e+01
6.460000e-06	-3.837244e-06	-1.081489e-09	-2.668388e+01	-6.596701e+01
6.470000e-06	-3.870830e-06	-1.083719e-09	-2.691743e+01	-6.612732e+01
6.480000e-06	-3.904106e-06	-1.087551e-09	-2.714883e+01	-6.627587e+01
6.490000e-06	-3.937040e-06	-1.093636e-09	-2.737785e+01	-6.641347e+01
6.500000e-06	-3.969656e-06	-1.097854e-09	-2.760466e+01	-6.654092e+01
6.510000e-06	-4.002058e-06	-1.099201e-09	-2.782999e+01	-6.665903e+01
6.520000e-06	-4.034284e-06	-1.101281e-09	-2.805408e+01	-6.676862e+01
6.530000e-06	-4.066322e-06	-1.103454e-09	-2.827687e+01	-6.687048e+01
6.540000e-06	-4.098229e-06	-1.102947e-09	-2.849875e+01	-6.696538e+01
6.550000e-06	-4.129921e-06	-1.100660e-09	-2.871913e+01	-6.705409e+01
6.560000e-06	-4.161253e-06	-1.101307e-09	-2.893701e+01	-6.713731e+01
6.570000e-06	-4.192189e-06	-1.104662e-09	-2.915214e+01	-6.721573e+01
6.580000e-06	-4.222645e-06	-1.108691e-09	-2.936392e+01	-6.728998e+01
6.590000e-06	-4.252582e-06	-1.112093e-09	-2.957211e+01	-6.736063e+01
6.600000e-06	-4.282033e-06	-1.114951e-09	-2.977690e+01	-6.742820e+01
6.610000e-06	-4.310993e-06	-1.115858e-09	-2.997829e+01	-6.749314e+01
6.620000e-06	-4.339573e-06	-1.113890e-09	-3.017703e+01	-6.755583e+01
6.630000e-06	-4.367886e-06	-1.111365e-09	-3.037392e+01	-6.761659e+01
6.640000e-06	-4.395998e-06	-1.111450e-09	-3.056941e+01	-6.767564e+01
6.650000e-06	-4.423980e-06	-1.113181e-09	-3.076399e+01	-6.773316e+01
6.660000e-06	-4.451805e-06	-1.117243e-09	-3.095748e+01	-6.778923e+01
6.670000e-06	-4.479376e-06	-1.124176e-09	-3.114921e+01	-6.784387e+01
6.680000e-06	-4.506596e-06	-1.129925e-09	-3.133850e+01	-6.789703e+01
6.690000e-06	-4.533473e-06	-1.129809e-09	-3.152540e+01	-6.794861e+01
6.700000e-06	-4.559979e-06	-1.125590e-09	-3.170972e+01	-6.799844e+01
6.710000e-06	-4.586097e-06	-1.121295e-09	-3.189134e+01	-6.804629e+01
6.720000e-06	-4.611915e-06	-1.116372e-09	-3.207088e+01	-6.809191e+01
6.730000e-06	-4.637375e-06	-1.113824e-09	-3.224793e+01	-6.813500e+01
6.740000e-06	-4.662468e-06	-1.115882e-09	-3.242242e+01	-6.817524e+01
6.750000e-06	-4.687253e-06	-1.121056e-09	-3.259477e+01	-6.821231e+01
6.760000e-06	-4.711718e-06	-1.125142e-09	-3.276490e+01	-6.824585e+01
6.770000e-06	-4.735959e-06	-1.125675e-09	-3.293347e+01	-6.827553e+01
6.780000e-06	-4.760014e-06	-1.125346e-09	-3.310075e+01	-6.830102e+01
6.790000e-06	-4.783858e-06	-1.123638e-09	-3.326655e+01	-6.832202e+01
6.800000e-06	-4.807434e-06	-1.120927e-09	-3.343050e+01	-6.833827e+01
6.810000e-06	-4.830658e-06	-1.120727e-09	-3.359200e+01	-6.834952e+01
6.820000e-06	-4.853404e-06	-1.120039e-09	-3.375017e+01	-6.835559e+01
6.830000e-06	-4.875549e-06	-1.117254e-09	-3.390417e+01	-6.835633e+01
6.840000e-06	-4.897205e-06	-1.114041e-09	-3.405476e+01	-6.835166e+01
6.850000e-06	-4.918401e-06	-1.111730e-09	-3.420216e+01	-6.834156e+01
6.860000e-06	-4.939152e-06	-1.109715e-09	-3.434645e+01	-6.832606e+01
6.870000e-06	-4.959590e-06	-1.108550e-09	-3.448858e+01	-6.830525e+01
6.880000e-06	-4.979791e-06	-1.107275e-09	-3.462905e+01	-6.827927e+01
6.890000e-06	-4.999783e-06	-1.105741e-09	-3.476808e+01	-6.824835e+01
6.900000e-06	-5.019552e-06	-1.105889e-09	-3.490555e+01	-6.821274e+01
6.910000e-06	-5.038948e-06	-1.105245e-09	-3.504043e+01	-6.817275e+01
6.920000e-06	-5.057957e-06	-1.103278e-09	-3.517262e+01	-6.812873e+01
6.930000e-06	-5.076626e-06	-1.100820e-09	-3.530244e+01	-6.808106e+01
6.940000e-06	-5.094925e-06	-1.094673e-09	-3.542969e+01	-6.803015e+01
6.950000e-06	-5.112889e-06	-1.090169e-09	-3.555461e+01	-6.797644e+01
6.960000e-06	-5.130535e-06	-1.087910e-09	-3.567732e+01	-6.792036e+01
6.970000e-06	-5.147779e-06	-1.087719e-09	-3.579723e+01	-6.786236e+01
6.980000e-06	-5.164658e-06	-1.090174e-09	-3.591461e+01	-6.780286e+01
6.990000e-06	-5.181285e-06	-1.093936e-09	-3.603023e+01	-6.774229e+01
7.000000e-06	-5.197635e-06	-1.094596e-09	-3.614393e+01	-6.768104e+01
7.010000e-06	-5.213660e-06	-1.089858e-09	-3.625537e+01	-6.761946e+01
7.020000e-06	-5.229312e-06	-1.084017e-09	-3.636421e+01	-6.755788e+01
7.030000e-06	-5.244571e-06	-1.077834e-09	-3.647031e+01	-6.749657e+01
7.040000e-06	-5.259346e-06	-1.074174e-09	-3.657306e+01	-6.743577e+01
7.050000e-06	-5.273602e-06	-1.072907e-09	-3.667219e+01	-6.737564e+01
7.060000e-06	-5.287279e-06	-1.073755e-09	-3.676731e+01	-6.731633e+01
7.070000e-06	-5.300353e-06	-1.075613e-09	-3.685822e+01	-6.725788e+01
7.080000e-06	-5.312990e-06	-1.078969e-09	-3.694610e+01	-6.720033e+01
7.090000e-06	-5.325245e-06	-1.082045e-09	-3.703132e+01	-6.714364e+01
7.100000e-06	-5.337078e-06	-1.078829e-09	-3.711360e+01	-6.708773e+01
7.110000e-06	-5.348511e-06	-1.072433e-09	-3.719311e+01	-6.703248e+01
7.120000e-06	-5.359599e-06	-1.067121e-09	-3.727021e+01	-6.697774e+01
7.130000e-06	-5.370361e-06	-1.061558e-09	-3.734505e+01	-6.692331e+01
7.140000e-06	-5.380787e-06	-1.059300e-09	-3.741755e+01	-6.686901e+01
7.150000e-06	-5.390912e-06	-1.060021e-09	-3.748796e+01	-6.681460e+01
7.160000e-06	-5.400627e-06	-1.063139e-09	-3.755552e+01	-6.675987e+01
7.170000e-06	-5.409866e-06	-1.063022e-09	-3.761977e+01	-6.670461e+01
7.180000e-06	-5.418703e-06	-1.057733e-09	-3.768122e+01	-6.664861e+01
7.190000e-06	-5.427219e-06	-1.051465e-09	-3.774044e+01	-6.659171e+01
7.200000e-06	-5.435540e-06	-1.046250e-09	-3.779830e+01	-6.653376e+01
7.210000e-06	-5.443626e-06	-1.043617e-09	-3.785453e+01	-6.647465e+01
7.220000e-06	-5.451378e-06	-1.044621e-09	-3.790843e+01	-6.641433e+01
7.230000e-06	-5.458716e-06	-1.047776e-09	-3.795946e+01	-6.635278e+01
7.240000e-06	-5.465557e-06	-1.050187e-09	-3.800703e+01	-6.629005e+01
7.250000e-06	-5.471868e-06	-1.050304e-09	-3.805092e+01	-6.622624e+01
7.260000e-06	-5.477532e-06	-1.047758e-09	-3.809031e+01	-6.616150e+01
7.270000e-06	-5.482535e-06	-1.042140e-09	-3.812510e+01	-6.609607e+01
7.280000e-06	-5.487102e-06	-1.035791e-09	-3.815685e+01	-6.603020e+01
7.290000e-06	-5.491406e-06	-1.033275e-09	-3.818679e+01	-6.596421e+01
7.300000e-06	-5.495496e-06	-1.033905e-09	-3.821523e+01	-6.589848e+01
7.310000e-06	-5.499322e-06	-1.035992e-09	-3.824183e+01	-6.583341e+01
7.320000e-06	-5.502799e-06	-1.037270e-09	-3.826601e+01	-6.576944e+01
7.330000e-06	-5.505876e-06	-1.035741e-09	-3.828741e+01	-6.570703e+01
7.340000e-06	-5.508611e-06	-1.030941e-09	-3.830643e+01	-6.564665e+01
7.350000e-06	-5.511028e-06	-1.024461e-09	-3.832323e+01	-6.558878e+01
7.360000e-06	-5.513094e-06	-1.018380e-09	-3.833761e+01	-6.553387e+01
7.370000e-06	-5.514783e-06	-1.015892e-09	-3.834935e+01	-6.548237e+01
7.380000e-06	-5.515941e-06	-1.017453e-09	-3.835740e+01	-6.543469e+01
7.390000e-06	-5.516759e-06	-1.020580e-09	-3.836309e+01	-6.539119e+01
7.400000e-06	-5.517371e-06	-1.022506e-09	-3.836735e+01	-6.535220e+01
