# Temperatura_=_8.78
# Concentracion g/m^3_=_1620.0
# C_Vs_to_Am_M_A/Vsm_=_65563218390.804596
# pendiente_HvsI_1/m_=_3716.3
# ordenada_HvsI_A/m_=_1297.0
# frecuencia_Hz_=_135097.73569003327

Tiempo_(s)	Campo_(V.s)	Magnetizacion_(V.s)	Campo_(kA/m)	Magnetizacion_(A/m)
0.000000e+00	-5.531518e-06	-1.604334e-09	-3.837400e+01	-1.031668e+02
1.000000e-08	-5.531651e-06	-1.600067e-09	-3.837492e+01	-1.031189e+02
2.000000e-08	-5.531413e-06	-1.596609e-09	-3.837327e+01	-1.030737e+02
3.000000e-08	-5.530708e-06	-1.593552e-09	-3.836838e+01	-1.030317e+02
4.000000e-08	-5.529453e-06	-1.591124e-09	-3.835967e+01	-1.029928e+02
5.000000e-08	-5.527624e-06	-1.589834e-09	-3.834699e+01	-1.029572e+02
6.000000e-08	-5.525185e-06	-1.601289e-09	-3.833006e+01	-1.029248e+02
7.000000e-08	-5.522202e-06	-1.625053e-09	-3.830937e+01	-1.028955e+02
8.000000e-08	-5.518823e-06	-1.624289e-09	-3.828593e+01	-1.028690e+02
9.000000e-08	-5.514983e-06	-1.558711e-09	-3.825929e+01	-1.028448e+02
1.000000e-07	-5.510801e-06	-1.531834e-09	-3.823027e+01	-1.028226e+02
1.100000e-07	-5.506391e-06	-1.609844e-09	-3.819968e+01	-1.028018e+02
1.200000e-07	-5.501652e-06	-1.637138e-09	-3.816680e+01	-1.027817e+02
1.300000e-07	-5.496570e-06	-1.566500e-09	-3.813155e+01	-1.027617e+02
1.400000e-07	-5.491174e-06	-1.534360e-09	-3.809412e+01	-1.027409e+02
1.500000e-07	-5.485374e-06	-1.598897e-09	-3.805388e+01	-1.027186e+02
1.600000e-07	-5.479167e-06	-1.659634e-09	-3.801082e+01	-1.026940e+02
1.700000e-07	-5.472541e-06	-1.559629e-09	-3.796486e+01	-1.026661e+02
1.800000e-07	-5.465577e-06	-1.542582e-09	-3.791654e+01	-1.026342e+02
1.900000e-07	-5.458332e-06	-1.557554e-09	-3.786628e+01	-1.025973e+02
2.000000e-07	-5.450708e-06	-1.633923e-09	-3.781339e+01	-1.025548e+02
2.100000e-07	-5.442741e-06	-1.605137e-09	-3.775812e+01	-1.025058e+02
2.200000e-07	-5.434528e-06	-1.612555e-09	-3.770114e+01	-1.024496e+02
2.300000e-07	-5.425877e-06	-1.590683e-09	-3.764113e+01	-1.023856e+02
2.400000e-07	-5.416607e-06	-1.592085e-09	-3.757682e+01	-1.023133e+02
2.500000e-07	-5.406791e-06	-1.565853e-09	-3.750873e+01	-1.022321e+02
2.600000e-07	-5.396382e-06	-1.550771e-09	-3.743651e+01	-1.021416e+02
2.700000e-07	-5.385381e-06	-1.557773e-09	-3.736020e+01	-1.020417e+02
2.800000e-07	-5.373978e-06	-1.572624e-09	-3.728109e+01	-1.019321e+02
2.900000e-07	-5.362274e-06	-1.574336e-09	-3.719989e+01	-1.018128e+02
3.000000e-07	-5.350184e-06	-1.535332e-09	-3.711602e+01	-1.016838e+02
3.100000e-07	-5.337599e-06	-1.553861e-09	-3.702871e+01	-1.015453e+02
3.200000e-07	-5.324594e-06	-1.554658e-09	-3.693850e+01	-1.013975e+02
3.300000e-07	-5.311247e-06	-1.555725e-09	-3.684590e+01	-1.012408e+02
3.400000e-07	-5.297481e-06	-1.499225e-09	-3.675040e+01	-1.010757e+02
3.500000e-07	-5.283258e-06	-1.554065e-09	-3.665173e+01	-1.009025e+02
3.600000e-07	-5.268739e-06	-1.559539e-09	-3.655101e+01	-1.007220e+02
3.700000e-07	-5.253703e-06	-1.536497e-09	-3.644670e+01	-1.005348e+02
3.800000e-07	-5.238020e-06	-1.510957e-09	-3.633791e+01	-1.003416e+02
3.900000e-07	-5.222015e-06	-1.571823e-09	-3.622687e+01	-1.001430e+02
4.000000e-07	-5.205610e-06	-1.513551e-09	-3.611306e+01	-9.993991e+01
4.100000e-07	-5.188784e-06	-1.478359e-09	-3.599634e+01	-9.973299e+01
4.200000e-07	-5.171637e-06	-1.539457e-09	-3.587738e+01	-9.952300e+01
4.300000e-07	-5.154187e-06	-1.575188e-09	-3.575632e+01	-9.931066e+01
4.400000e-07	-5.136331e-06	-1.467432e-09	-3.563245e+01	-9.909668e+01
4.500000e-07	-5.117973e-06	-1.485099e-09	-3.550510e+01	-9.888168e+01
4.600000e-07	-5.099189e-06	-1.556749e-09	-3.537478e+01	-9.866628e+01
4.700000e-07	-5.080103e-06	-1.496010e-09	-3.524238e+01	-9.845099e+01
4.800000e-07	-5.060748e-06	-1.439114e-09	-3.510810e+01	-9.823628e+01
4.900000e-07	-5.041201e-06	-1.524538e-09	-3.497250e+01	-9.802252e+01
5.000000e-07	-5.021455e-06	-1.511454e-09	-3.483552e+01	-9.781002e+01
5.100000e-07	-5.001363e-06	-1.433328e-09	-3.469614e+01	-9.759899e+01
5.200000e-07	-4.980871e-06	-1.491580e-09	-3.455398e+01	-9.738956e+01
5.300000e-07	-4.960062e-06	-1.528397e-09	-3.440962e+01	-9.718176e+01
5.400000e-07	-4.938856e-06	-1.436615e-09	-3.426250e+01	-9.697557e+01
5.500000e-07	-4.917236e-06	-1.439902e-09	-3.411252e+01	-9.677086e+01
5.600000e-07	-4.895307e-06	-1.515196e-09	-3.396039e+01	-9.656743e+01
5.700000e-07	-4.873023e-06	-1.459022e-09	-3.380580e+01	-9.636502e+01
5.800000e-07	-4.850414e-06	-1.423927e-09	-3.364895e+01	-9.616331e+01
5.900000e-07	-4.827475e-06	-1.480394e-09	-3.348981e+01	-9.596190e+01
6.000000e-07	-4.804244e-06	-1.468402e-09	-3.332865e+01	-9.576039e+01
6.100000e-07	-4.780791e-06	-1.404824e-09	-3.316595e+01	-9.555831e+01
6.200000e-07	-4.757092e-06	-1.443100e-09	-3.300155e+01	-9.535519e+01
6.300000e-07	-4.733149e-06	-1.453500e-09	-3.283545e+01	-9.515054e+01
6.400000e-07	-4.708906e-06	-1.415849e-09	-3.266726e+01	-9.494386e+01
6.500000e-07	-4.684209e-06	-1.413262e-09	-3.249593e+01	-9.473468e+01
6.600000e-07	-4.659049e-06	-1.439934e-09	-3.232138e+01	-9.452251e+01
6.700000e-07	-4.633387e-06	-1.406910e-09	-3.214336e+01	-9.430692e+01
6.800000e-07	-4.607193e-06	-1.402499e-09	-3.196164e+01	-9.408750e+01
6.900000e-07	-4.580538e-06	-1.415479e-09	-3.177673e+01	-9.386390e+01
7.000000e-07	-4.553436e-06	-1.412968e-09	-3.158871e+01	-9.363579e+01
7.100000e-07	-4.526026e-06	-1.395246e-09	-3.139856e+01	-9.340292e+01
7.200000e-07	-4.498452e-06	-1.408845e-09	-3.120727e+01	-9.316508e+01
7.300000e-07	-4.470691e-06	-1.400641e-09	-3.101468e+01	-9.292214e+01
7.400000e-07	-4.442714e-06	-1.388503e-09	-3.082060e+01	-9.267400e+01
7.500000e-07	-4.414468e-06	-1.377834e-09	-3.062464e+01	-9.242065e+01
7.600000e-07	-4.385851e-06	-1.375630e-09	-3.042612e+01	-9.216212e+01
7.700000e-07	-4.356928e-06	-1.367850e-09	-3.022547e+01	-9.189852e+01
7.800000e-07	-4.327747e-06	-1.370680e-09	-3.002303e+01	-9.163000e+01
7.900000e-07	-4.298240e-06	-1.369397e-09	-2.981833e+01	-9.135675e+01
8.000000e-07	-4.268423e-06	-1.363106e-09	-2.961148e+01	-9.107901e+01
8.100000e-07	-4.238273e-06	-1.356949e-09	-2.940232e+01	-9.079707e+01
8.200000e-07	-4.207832e-06	-1.346933e-09	-2.919114e+01	-9.051123e+01
8.300000e-07	-4.177109e-06	-1.331291e-09	-2.897801e+01	-9.022183e+01
8.400000e-07	-4.146114e-06	-1.323452e-09	-2.876299e+01	-8.992920e+01
8.500000e-07	-4.114904e-06	-1.329991e-09	-2.854647e+01	-8.963370e+01
8.600000e-07	-4.083528e-06	-1.327430e-09	-2.832880e+01	-8.933569e+01
8.700000e-07	-4.052034e-06	-1.320372e-09	-2.811032e+01	-8.903549e+01
8.800000e-07	-4.020333e-06	-1.316511e-09	-2.789040e+01	-8.873343e+01
8.900000e-07	-3.988396e-06	-1.312442e-09	-2.766884e+01	-8.842982e+01
9.000000e-07	-3.956184e-06	-1.295389e-09	-2.744537e+01	-8.812492e+01
9.100000e-07	-3.923703e-06	-1.294693e-09	-2.722005e+01	-8.781897e+01
9.200000e-07	-3.890781e-06	-1.294461e-09	-2.699165e+01	-8.751216e+01
9.300000e-07	-3.857363e-06	-1.288931e-09	-2.675982e+01	-8.720464e+01
9.400000e-07	-3.823438e-06	-1.280928e-09	-2.652447e+01	-8.689651e+01
9.500000e-07	-3.788971e-06	-1.286448e-09	-2.628536e+01	-8.658783e+01
9.600000e-07	-3.754165e-06	-1.276302e-09	-2.604390e+01	-8.627861e+01
9.700000e-07	-3.719094e-06	-1.264716e-09	-2.580060e+01	-8.596879e+01
9.800000e-07	-3.683795e-06	-1.259667e-09	-2.555572e+01	-8.565829e+01
9.900000e-07	-3.648311e-06	-1.257295e-09	-2.530955e+01	-8.534697e+01
1.000000e-06	-3.612663e-06	-1.242547e-09	-2.506226e+01	-8.503463e+01
1.010000e-06	-3.576854e-06	-1.241911e-09	-2.481384e+01	-8.472105e+01
1.020000e-06	-3.540884e-06	-1.243658e-09	-2.456430e+01	-8.440597e+01
1.030000e-06	-3.504730e-06	-1.239564e-09	-2.431349e+01	-8.408909e+01
1.040000e-06	-3.468330e-06	-1.231153e-09	-2.406097e+01	-8.377010e+01
1.050000e-06	-3.431650e-06	-1.228843e-09	-2.380651e+01	-8.344865e+01
1.060000e-06	-3.394697e-06	-1.219388e-09	-2.355015e+01	-8.312438e+01
1.070000e-06	-3.357509e-06	-1.207904e-09	-2.329217e+01	-8.279691e+01
1.080000e-06	-3.320068e-06	-1.201486e-09	-2.303243e+01	-8.246589e+01
1.090000e-06	-3.282348e-06	-1.196634e-09	-2.277075e+01	-8.213093e+01
1.100000e-06	-3.244407e-06	-1.188729e-09	-2.250754e+01	-8.179167e+01
1.110000e-06	-3.206268e-06	-1.184191e-09	-2.224296e+01	-8.144774e+01
1.120000e-06	-3.167921e-06	-1.182083e-09	-2.197693e+01	-8.109882e+01
1.130000e-06	-3.129283e-06	-1.172499e-09	-2.170889e+01	-8.074459e+01
1.140000e-06	-3.090423e-06	-1.164404e-09	-2.143930e+01	-8.038473e+01
1.150000e-06	-3.051372e-06	-1.160381e-09	-2.116839e+01	-8.001898e+01
1.160000e-06	-3.012081e-06	-1.152507e-09	-2.089582e+01	-7.964709e+01
1.170000e-06	-2.972710e-06	-1.139453e-09	-2.062269e+01	-7.926885e+01
1.180000e-06	-2.933258e-06	-1.136231e-09	-2.034899e+01	-7.888406e+01
1.190000e-06	-2.893671e-06	-1.134634e-09	-2.007437e+01	-7.849256e+01
1.200000e-06	-2.853965e-06	-1.130290e-09	-1.979891e+01	-7.809422e+01
1.210000e-06	-2.814117e-06	-1.123428e-09	-1.952247e+01	-7.768893e+01
1.220000e-06	-2.774068e-06	-1.119946e-09	-1.924464e+01	-7.727661e+01
1.230000e-06	-2.733720e-06	-1.112870e-09	-1.896474e+01	-7.685720e+01
1.240000e-06	-2.693164e-06	-1.106951e-09	-1.868338e+01	-7.643065e+01
1.250000e-06	-2.652546e-06	-1.099955e-09	-1.840160e+01	-7.599694e+01
1.260000e-06	-2.611729e-06	-1.093376e-09	-1.811844e+01	-7.555605e+01
1.270000e-06	-2.570575e-06	-1.083864e-09	-1.783294e+01	-7.510796e+01
1.280000e-06	-2.529141e-06	-1.076381e-09	-1.754550e+01	-7.465269e+01
1.290000e-06	-2.487281e-06	-1.068353e-09	-1.725510e+01	-7.419021e+01
1.300000e-06	-2.445031e-06	-1.061850e-09	-1.696200e+01	-7.372052e+01
1.310000e-06	-2.402553e-06	-1.053829e-09	-1.666731e+01	-7.324361e+01
1.320000e-06	-2.359807e-06	-1.048971e-09	-1.637077e+01	-7.275942e+01
1.330000e-06	-2.316834e-06	-1.040416e-09	-1.607265e+01	-7.226793e+01
1.340000e-06	-2.273680e-06	-1.029868e-09	-1.577328e+01	-7.176906e+01
1.350000e-06	-2.230352e-06	-1.021753e-09	-1.547270e+01	-7.126272e+01
1.360000e-06	-2.186854e-06	-1.015897e-09	-1.517094e+01	-7.074880e+01
1.370000e-06	-2.143196e-06	-1.007175e-09	-1.486807e+01	-7.022715e+01
1.380000e-06	-2.099463e-06	-9.974264e-10	-1.456468e+01	-6.969761e+01
1.390000e-06	-2.055715e-06	-9.873866e-10	-1.426118e+01	-6.915996e+01
1.400000e-06	-2.011902e-06	-9.772536e-10	-1.395724e+01	-6.861398e+01
1.410000e-06	-1.968006e-06	-9.659034e-10	-1.365272e+01	-6.805939e+01
1.420000e-06	-1.924016e-06	-9.546386e-10	-1.334755e+01	-6.749590e+01
1.430000e-06	-1.879930e-06	-9.459968e-10	-1.304171e+01	-6.692318e+01
1.440000e-06	-1.835803e-06	-9.371564e-10	-1.273558e+01	-6.634085e+01
1.450000e-06	-1.791537e-06	-9.284162e-10	-1.242849e+01	-6.574851e+01
1.460000e-06	-1.747066e-06	-9.190863e-10	-1.211998e+01	-6.514575e+01
1.470000e-06	-1.702478e-06	-9.080025e-10	-1.181066e+01	-6.453208e+01
1.480000e-06	-1.657745e-06	-8.941870e-10	-1.150033e+01	-6.390702e+01
1.490000e-06	-1.612882e-06	-8.807990e-10	-1.118911e+01	-6.327004e+01
1.500000e-06	-1.567875e-06	-8.693244e-10	-1.087688e+01	-6.262059e+01
1.510000e-06	-1.522698e-06	-8.614728e-10	-1.056347e+01	-6.195810e+01
1.520000e-06	-1.477414e-06	-8.521752e-10	-1.024932e+01	-6.128195e+01
1.530000e-06	-1.432085e-06	-8.442335e-10	-9.934858e+00	-6.059151e+01
1.540000e-06	-1.386631e-06	-8.337254e-10	-9.619523e+00	-5.988612e+01
1.550000e-06	-1.340970e-06	-8.215532e-10	-9.302759e+00	-5.916511e+01
1.560000e-06	-1.295184e-06	-8.085050e-10	-8.985125e+00	-5.842775e+01
1.570000e-06	-1.249393e-06	-7.968746e-10	-8.667461e+00	-5.767334e+01
1.580000e-06	-1.203628e-06	-7.831070e-10	-8.349971e+00	-5.690110e+01
1.590000e-06	-1.157883e-06	-7.709429e-10	-8.032619e+00	-5.611027e+01
1.600000e-06	-1.112050e-06	-7.603583e-10	-7.714665e+00	-5.530006e+01
1.610000e-06	-1.066067e-06	-7.502077e-10	-7.395667e+00	-5.446964e+01
1.620000e-06	-1.020009e-06	-7.401066e-10	-7.076142e+00	-5.361818e+01
1.630000e-06	-9.738535e-07	-7.316975e-10	-6.755948e+00	-5.274483e+01
1.640000e-06	-9.275559e-07	-7.199565e-10	-6.434767e+00	-5.184872e+01
1.650000e-06	-8.812020e-07	-7.046652e-10	-6.113194e+00	-5.092895e+01
1.660000e-06	-8.348363e-07	-6.863468e-10	-5.791539e+00	-4.998463e+01
1.670000e-06	-7.883353e-07	-6.668626e-10	-5.468947e+00	-4.901485e+01
1.680000e-06	-7.417948e-07	-6.494986e-10	-5.146079e+00	-4.801869e+01
1.690000e-06	-6.952819e-07	-6.319842e-10	-4.823404e+00	-4.699522e+01
1.700000e-06	-6.487072e-07	-6.160367e-10	-4.500299e+00	-4.594353e+01
1.710000e-06	-6.021185e-07	-6.021500e-10	-4.177098e+00	-4.486269e+01
1.720000e-06	-5.554364e-07	-5.871849e-10	-3.853249e+00	-4.375179e+01
1.730000e-06	-5.087009e-07	-5.669443e-10	-3.529029e+00	-4.260995e+01
1.740000e-06	-4.620359e-07	-5.451316e-10	-3.205298e+00	-4.143629e+01
1.750000e-06	-4.152292e-07	-5.231217e-10	-2.880584e+00	-4.022997e+01
1.760000e-06	-3.683330e-07	-5.010973e-10	-2.555250e+00	-3.899019e+01
1.770000e-06	-3.215341e-07	-4.807646e-10	-2.230590e+00	-3.771620e+01
1.780000e-06	-2.747153e-07	-4.633774e-10	-1.905792e+00	-3.640730e+01
1.790000e-06	-2.277956e-07	-4.468428e-10	-1.580294e+00	-3.506284e+01
1.800000e-06	-1.808858e-07	-4.305507e-10	-1.254865e+00	-3.368229e+01
1.810000e-06	-1.339908e-07	-4.135700e-10	-9.295389e-01	-3.226515e+01
1.820000e-06	-8.704659e-08	-3.946356e-10	-6.038714e-01	-3.081105e+01
1.830000e-06	-4.012054e-08	-3.723914e-10	-2.783297e-01	-2.931972e+01
1.840000e-06	6.723792e-09	-3.482302e-10	4.664520e-02	-2.779099e+01
1.850000e-06	5.352223e-08	-3.243474e-10	3.713017e-01	-2.622484e+01
1.860000e-06	1.004121e-07	-3.024635e-10	6.965922e-01	-2.462136e+01
1.870000e-06	1.473661e-07	-2.812514e-10	1.022328e+00	-2.298080e+01
1.880000e-06	1.942935e-07	-2.596166e-10	1.347879e+00	-2.130355e+01
1.890000e-06	2.411367e-07	-2.365075e-10	1.672846e+00	-1.959015e+01
1.900000e-06	2.879383e-07	-2.118446e-10	1.997525e+00	-1.784133e+01
1.910000e-06	3.347737e-07	-1.839360e-10	2.322437e+00	-1.605796e+01
1.920000e-06	3.815869e-07	-1.540085e-10	2.647196e+00	-1.424110e+01
1.930000e-06	4.283624e-07	-1.255941e-10	2.971694e+00	-1.239197e+01
1.940000e-06	4.750592e-07	-9.997331e-11	3.295645e+00	-1.051196e+01
1.950000e-06	5.217253e-07	-7.550735e-11	3.619384e+00	-8.602661e+00
1.960000e-06	5.683934e-07	-5.104697e-11	3.943136e+00	-6.665798e+00
1.970000e-06	6.150201e-07	-2.600874e-11	4.266601e+00	-4.703279e+00
1.980000e-06	6.615616e-07	4.622530e-13	4.589475e+00	-2.717165e+00
1.990000e-06	7.080125e-07	3.079897e-11	4.911721e+00	-7.096678e-01
2.000000e-06	7.543931e-07	6.435947e-11	5.233478e+00	1.316862e+00
2.010000e-06	8.008057e-07	9.638279e-11	5.555458e+00	3.359946e+00
2.020000e-06	8.471897e-07	1.259117e-10	5.877239e+00	5.416990e+00
2.030000e-06	8.934177e-07	1.526576e-10	6.197939e+00	7.485300e+00
2.040000e-06	9.396410e-07	1.770976e-10	6.518605e+00	9.562097e+00
2.050000e-06	9.858514e-07	2.035350e-10	6.839182e+00	1.164454e+01
2.060000e-06	1.031893e-06	2.340330e-10	7.158588e+00	1.372972e+01
2.070000e-06	1.077800e-06	2.673494e-10	7.477060e+00	1.581473e+01
2.080000e-06	1.123662e-06	2.996346e-10	7.795219e+00	1.789663e+01
2.090000e-06	1.169446e-06	3.281403e-10	8.112837e+00	1.997248e+01
2.100000e-06	1.215243e-06	3.560704e-10	8.430546e+00	2.203939e+01
2.110000e-06	1.260976e-06	3.843535e-10	8.747813e+00	2.409452e+01
2.120000e-06	1.306567e-06	4.124986e-10	9.064092e+00	2.613507e+01
2.130000e-06	1.352163e-06	4.399387e-10	9.380407e+00	2.815837e+01
2.140000e-06	1.397672e-06	4.661352e-10	9.696119e+00	3.016181e+01
2.150000e-06	1.442973e-06	4.926429e-10	1.001038e+01	3.214293e+01
2.160000e-06	1.488137e-06	5.206503e-10	1.032371e+01	3.409940e+01
2.170000e-06	1.533205e-06	5.496113e-10	1.063635e+01	3.602904e+01
2.180000e-06	1.578154e-06	5.778897e-10	1.094819e+01	3.792985e+01
2.190000e-06	1.622994e-06	6.040064e-10	1.125925e+01	3.979997e+01
2.200000e-06	1.667730e-06	6.285257e-10	1.156960e+01	4.163777e+01
2.210000e-06	1.712363e-06	6.520596e-10	1.187924e+01	4.344176e+01
2.220000e-06	1.756919e-06	6.758061e-10	1.218834e+01	4.521069e+01
2.230000e-06	1.801409e-06	6.979529e-10	1.249698e+01	4.694347e+01
2.240000e-06	1.845700e-06	7.196400e-10	1.280424e+01	4.863924e+01
2.250000e-06	1.889851e-06	7.425264e-10	1.311053e+01	5.029730e+01
2.260000e-06	1.933953e-06	7.650762e-10	1.341648e+01	5.191718e+01
2.270000e-06	1.977907e-06	7.870742e-10	1.372140e+01	5.349855e+01
2.280000e-06	2.021714e-06	8.103079e-10	1.402531e+01	5.504130e+01
2.290000e-06	2.065489e-06	8.321264e-10	1.432899e+01	5.654546e+01
2.300000e-06	2.109204e-06	8.514566e-10	1.463226e+01	5.801121e+01
2.310000e-06	2.152820e-06	8.713777e-10	1.493483e+01	5.943890e+01
2.320000e-06	2.196422e-06	8.918557e-10	1.523732e+01	6.082897e+01
2.330000e-06	2.239870e-06	9.122727e-10	1.553873e+01	6.218201e+01
2.340000e-06	2.283129e-06	9.322329e-10	1.583883e+01	6.349868e+01
2.350000e-06	2.326223e-06	9.518222e-10	1.613779e+01	6.477973e+01
2.360000e-06	2.369111e-06	9.701381e-10	1.643532e+01	6.602598e+01
2.370000e-06	2.411834e-06	9.856580e-10	1.673170e+01	6.723829e+01
2.380000e-06	2.454338e-06	9.990278e-10	1.702657e+01	6.841755e+01
2.390000e-06	2.496467e-06	1.013889e-09	1.731883e+01	6.956468e+01
2.400000e-06	2.538200e-06	1.030547e-09	1.760834e+01	7.068059e+01
2.410000e-06	2.579624e-06	1.046899e-09	1.789571e+01	7.176619e+01
2.420000e-06	2.620703e-06	1.061739e-09	1.818070e+01	7.282236e+01
2.430000e-06	2.661542e-06	1.074455e-09	1.846401e+01	7.384994e+01
2.440000e-06	2.702229e-06	1.084634e-09	1.874627e+01	7.484974e+01
2.450000e-06	2.742702e-06	1.095847e-09	1.902704e+01	7.582251e+01
2.460000e-06	2.782937e-06	1.110078e-09	1.930617e+01	7.676896e+01
2.470000e-06	2.822952e-06	1.124461e-09	1.958376e+01	7.768971e+01
2.480000e-06	2.862849e-06	1.137252e-09	1.986054e+01	7.858536e+01
2.490000e-06	2.902613e-06	1.149721e-09	2.013640e+01	7.945641e+01
2.500000e-06	2.942270e-06	1.161319e-09	2.041151e+01	8.030331e+01
2.510000e-06	2.981788e-06	1.171460e-09	2.068566e+01	8.112647e+01
2.520000e-06	3.021018e-06	1.179891e-09	2.095782e+01	8.192622e+01
2.530000e-06	3.060018e-06	1.188306e-09	2.122837e+01	8.270286e+01
2.540000e-06	3.098889e-06	1.198917e-09	2.149803e+01	8.345663e+01
2.550000e-06	3.137566e-06	1.209240e-09	2.176635e+01	8.418777e+01
2.560000e-06	3.175956e-06	1.219323e-09	2.203268e+01	8.489647e+01
2.570000e-06	3.214109e-06	1.230282e-09	2.229736e+01	8.558290e+01
2.580000e-06	3.252058e-06	1.240503e-09	2.256062e+01	8.624726e+01
2.590000e-06	3.289792e-06	1.249779e-09	2.282239e+01	8.688972e+01
2.600000e-06	3.327394e-06	1.258153e-09	2.308325e+01	8.751047e+01
2.610000e-06	3.364780e-06	1.266097e-09	2.334261e+01	8.810974e+01
2.620000e-06	3.401861e-06	1.274605e-09	2.359985e+01	8.868778e+01
2.630000e-06	3.438772e-06	1.283903e-09	2.385591e+01	8.924489e+01
2.640000e-06	3.475387e-06	1.293483e-09	2.410992e+01	8.978139e+01
2.650000e-06	3.511685e-06	1.301058e-09	2.436174e+01	9.029768e+01
2.660000e-06	3.547824e-06	1.307652e-09	2.461244e+01	9.079420e+01
2.670000e-06	3.583764e-06	1.313233e-09	2.486178e+01	9.127146e+01
2.680000e-06	3.619507e-06	1.317106e-09	2.510974e+01	9.173002e+01
2.690000e-06	3.655102e-06	1.321347e-09	2.535667e+01	9.217051e+01
2.700000e-06	3.690513e-06	1.327653e-09	2.560232e+01	9.259359e+01
2.710000e-06	3.725759e-06	1.336211e-09	2.584684e+01	9.300000e+01
2.720000e-06	3.760746e-06	1.344784e-09	2.608956e+01	9.339052e+01
2.730000e-06	3.795416e-06	1.351811e-09	2.633008e+01	9.376598e+01
2.740000e-06	3.829719e-06	1.358508e-09	2.656805e+01	9.412724e+01
2.750000e-06	3.863519e-06	1.362220e-09	2.680253e+01	9.447517e+01
2.760000e-06	3.896946e-06	1.364077e-09	2.703442e+01	9.481067e+01
2.770000e-06	3.930004e-06	1.367927e-09	2.726376e+01	9.513466e+01
2.780000e-06	3.962615e-06	1.374152e-09	2.748999e+01	9.544802e+01
2.790000e-06	3.994914e-06	1.381485e-09	2.771406e+01	9.575166e+01
2.800000e-06	4.026970e-06	1.388397e-09	2.793644e+01	9.604642e+01
2.810000e-06	4.058813e-06	1.393134e-09	2.815735e+01	9.633312e+01
2.820000e-06	4.090473e-06	1.397041e-09	2.837698e+01	9.661254e+01
2.830000e-06	4.121869e-06	1.400360e-09	2.859479e+01	9.688539e+01
2.840000e-06	4.152971e-06	1.402332e-09	2.881056e+01	9.715231e+01
2.850000e-06	4.183824e-06	1.401786e-09	2.902459e+01	9.741388e+01
2.860000e-06	4.214433e-06	1.402143e-09	2.923693e+01	9.767059e+01
2.870000e-06	4.244737e-06	1.406837e-09	2.944716e+01	9.792284e+01
2.880000e-06	4.274713e-06	1.412861e-09	2.965512e+01	9.817095e+01
2.890000e-06	4.304379e-06	1.419577e-09	2.986092e+01	9.841513e+01
2.900000e-06	4.333734e-06	1.423437e-09	3.006457e+01	9.865553e+01
2.910000e-06	4.362775e-06	1.428435e-09	3.026603e+01	9.889218e+01
2.920000e-06	4.391526e-06	1.432026e-09	3.046549e+01	9.912504e+01
2.930000e-06	4.420083e-06	1.433747e-09	3.066360e+01	9.935399e+01
2.940000e-06	4.448401e-06	1.435572e-09	3.086005e+01	9.957881e+01
2.950000e-06	4.476401e-06	1.437416e-09	3.105430e+01	9.979925e+01
2.960000e-06	4.504161e-06	1.441866e-09	3.124687e+01	1.000150e+02
2.970000e-06	4.531754e-06	1.446533e-09	3.143830e+01	1.002256e+02
2.980000e-06	4.559116e-06	1.451767e-09	3.162812e+01	1.004308e+02
2.990000e-06	4.586182e-06	1.458224e-09	3.181588e+01	1.006300e+02
3.000000e-06	4.612860e-06	1.464347e-09	3.200096e+01	1.008228e+02
3.010000e-06	4.639090e-06	1.467200e-09	3.218292e+01	1.010089e+02
3.020000e-06	4.664784e-06	1.468537e-09	3.236117e+01	1.011877e+02
3.030000e-06	4.689878e-06	1.470600e-09	3.253525e+01	1.013589e+02
3.040000e-06	4.714516e-06	1.472780e-09	3.270618e+01	1.015221e+02
3.050000e-06	4.738767e-06	1.477493e-09	3.287442e+01	1.016769e+02
3.060000e-06	4.762665e-06	1.481226e-09	3.304020e+01	1.018232e+02
3.070000e-06	4.786245e-06	1.483247e-09	3.320378e+01	1.019608e+02
3.080000e-06	4.809535e-06	1.486727e-09	3.336536e+01	1.020895e+02
3.090000e-06	4.832535e-06	1.489428e-09	3.352492e+01	1.022093e+02
3.100000e-06	4.855241e-06	1.492348e-09	3.368243e+01	1.023202e+02
3.110000e-06	4.877627e-06	1.494891e-09	3.383773e+01	1.024225e+02
3.120000e-06	4.899681e-06	1.497532e-09	3.399073e+01	1.025162e+02
3.130000e-06	4.921438e-06	1.499923e-09	3.414167e+01	1.026018e+02
3.140000e-06	4.942835e-06	1.502512e-09	3.429011e+01	1.026796e+02
3.150000e-06	4.963840e-06	1.505817e-09	3.443582e+01	1.027501e+02
3.160000e-06	4.984559e-06	1.507753e-09	3.457956e+01	1.028138e+02
3.170000e-06	5.005013e-06	1.508372e-09	3.472145e+01	1.028712e+02
3.180000e-06	5.025137e-06	1.508755e-09	3.486106e+01	1.029231e+02
3.190000e-06	5.044984e-06	1.510375e-09	3.499875e+01	1.029702e+02
3.200000e-06	5.064587e-06	1.514625e-09	3.513474e+01	1.030130e+02
3.210000e-06	5.083892e-06	1.519231e-09	3.526867e+01	1.030524e+02
3.220000e-06	5.102821e-06	1.522065e-09	3.539998e+01	1.030890e+02
3.230000e-06	5.121439e-06	1.522649e-09	3.552914e+01	1.031236e+02
3.240000e-06	5.139657e-06	1.522339e-09	3.565552e+01	1.031568e+02
3.250000e-06	5.157327e-06	1.522070e-09	3.577811e+01	1.031893e+02
3.260000e-06	5.174685e-06	1.522408e-09	3.589852e+01	1.032217e+02
3.270000e-06	5.191723e-06	1.523735e-09	3.601673e+01	1.032544e+02
3.280000e-06	5.208429e-06	1.525485e-09	3.613262e+01	1.032881e+02
3.290000e-06	5.224844e-06	1.528562e-09	3.624650e+01	1.033230e+02
3.300000e-06	5.240841e-06	1.531653e-09	3.635748e+01	1.033594e+02
3.310000e-06	5.256507e-06	1.532329e-09	3.646615e+01	1.033976e+02
3.320000e-06	5.271660e-06	1.530396e-09	3.657128e+01	1.034377e+02
3.330000e-06	5.286223e-06	1.529197e-09	3.667231e+01	1.034796e+02
3.340000e-06	5.300415e-06	1.529204e-09	3.677076e+01	1.035234e+02
3.350000e-06	5.314247e-06	1.530991e-09	3.686671e+01	1.035688e+02
3.360000e-06	5.327692e-06	1.534131e-09	3.695999e+01	1.036155e+02
3.370000e-06	5.340757e-06	1.537147e-09	3.705062e+01	1.036634e+02
3.380000e-06	5.353469e-06	1.539690e-09	3.713881e+01	1.037118e+02
3.390000e-06	5.365853e-06	1.542937e-09	3.722472e+01	1.037604e+02
3.400000e-06	5.377853e-06	1.546728e-09	3.730797e+01	1.038087e+02
3.410000e-06	5.389509e-06	1.549595e-09	3.738883e+01	1.038560e+02
3.420000e-06	5.400763e-06	1.553906e-09	3.746690e+01	1.039018e+02
3.430000e-06	5.411502e-06	1.557038e-09	3.754140e+01	1.039454e+02
3.440000e-06	5.421714e-06	1.557619e-09	3.761225e+01	1.039864e+02
3.450000e-06	5.431354e-06	1.557824e-09	3.767913e+01	1.040239e+02
3.460000e-06	5.440415e-06	1.559621e-09	3.774198e+01	1.040576e+02
3.470000e-06	5.448910e-06	1.561812e-09	3.780092e+01	1.040868e+02
3.480000e-06	5.456968e-06	1.564231e-09	3.785682e+01	1.041111e+02
3.490000e-06	5.464759e-06	1.566249e-09	3.791087e+01	1.041301e+02
3.500000e-06	5.472306e-06	1.567627e-09	3.796322e+01	1.041433e+02
3.510000e-06	5.479479e-06	1.567966e-09	3.801299e+01	1.041507e+02
3.520000e-06	5.486315e-06	1.568563e-09	3.806041e+01	1.041519e+02
3.530000e-06	5.492714e-06	1.570281e-09	3.810480e+01	1.041468e+02
3.540000e-06	5.498654e-06	1.573356e-09	3.814601e+01	1.041356e+02
3.550000e-06	5.504280e-06	1.575472e-09	3.818504e+01	1.041183e+02
3.560000e-06	5.509531e-06	1.575587e-09	3.822147e+01	1.040951e+02
3.570000e-06	5.514442e-06	1.575341e-09	3.825554e+01	1.040663e+02
3.580000e-06	5.519040e-06	1.574366e-09	3.828743e+01	1.040322e+02
3.590000e-06	5.523300e-06	1.575596e-09	3.831698e+01	1.039933e+02
3.600000e-06	5.527218e-06	1.578553e-09	3.834417e+01	1.039502e+02
3.610000e-06	5.530835e-06	1.582897e-09	3.836926e+01	1.039034e+02
3.620000e-06	5.534152e-06	1.585307e-09	3.839227e+01	1.038535e+02
3.630000e-06	5.537077e-06	1.584300e-09	3.841256e+01	1.038012e+02
3.640000e-06	5.539564e-06	1.580986e-09	3.842981e+01	1.037472e+02
3.650000e-06	5.541415e-06	1.579376e-09	3.844266e+01	1.036921e+02
3.660000e-06	5.542692e-06	1.580071e-09	3.845151e+01	1.036367e+02
3.670000e-06	5.543516e-06	1.581844e-09	3.845723e+01	1.035815e+02
3.680000e-06	5.543889e-06	1.585019e-09	3.845982e+01	1.035273e+02
3.690000e-06	5.543915e-06	1.585203e-09	3.846000e+01	1.034746e+02
3.700000e-06	5.543663e-06	1.583439e-09	3.845825e+01	1.034239e+02
3.710000e-06	5.543104e-06	1.582434e-09	3.845437e+01	1.033756e+02
3.720000e-06	5.542166e-06	1.579857e-09	3.844786e+01	1.033301e+02
3.730000e-06	5.540892e-06	1.578027e-09	3.843903e+01	1.032877e+02
3.740000e-06	5.539271e-06	1.579055e-09	3.842778e+01	1.032485e+02
3.750000e-06	5.537313e-06	1.574197e-09	3.841420e+01	1.032125e+02
3.760000e-06	5.534980e-06	1.549089e-09	3.839802e+01	1.031797e+02
3.770000e-06	5.532341e-06	1.522286e-09	3.837971e+01	1.031501e+02
3.780000e-06	5.529182e-06	1.573261e-09	3.835779e+01	1.031232e+02
3.790000e-06	5.525452e-06	1.656679e-09	3.833191e+01	1.030987e+02
3.800000e-06	5.521384e-06	1.603782e-09	3.830369e+01	1.030763e+02
3.810000e-06	5.517100e-06	1.530473e-09	3.827397e+01	1.030552e+02
3.820000e-06	5.512582e-06	1.582206e-09	3.824263e+01	1.030350e+02
3.830000e-06	5.507492e-06	1.628800e-09	3.820732e+01	1.030149e+02
3.840000e-06	5.501936e-06	1.630162e-09	3.816878e+01	1.029941e+02
3.850000e-06	5.496198e-06	1.519589e-09	3.812897e+01	1.029718e+02
3.860000e-06	5.490002e-06	1.594759e-09	3.808598e+01	1.029473e+02
3.870000e-06	5.483168e-06	1.712216e-09	3.803858e+01	1.029196e+02
3.880000e-06	5.475844e-06	1.650766e-09	3.798777e+01	1.028880e+02
3.890000e-06	5.468149e-06	1.509299e-09	3.793438e+01	1.028515e+02
3.900000e-06	5.460088e-06	1.507753e-09	3.787847e+01	1.028093e+02
3.910000e-06	5.451605e-06	1.664092e-09	3.781961e+01	1.027608e+02
3.920000e-06	5.442856e-06	1.610348e-09	3.775892e+01	1.027051e+02
3.930000e-06	5.433880e-06	1.536940e-09	3.769665e+01	1.026417e+02
3.940000e-06	5.424420e-06	1.551453e-09	3.763102e+01	1.025699e+02
3.950000e-06	5.414513e-06	1.671296e-09	3.756229e+01	1.024894e+02
3.960000e-06	5.404372e-06	1.589227e-09	3.749194e+01	1.023996e+02
3.970000e-06	5.393917e-06	1.533756e-09	3.741941e+01	1.023004e+02
3.980000e-06	5.382923e-06	1.552943e-09	3.734314e+01	1.021915e+02
3.990000e-06	5.371476e-06	1.611075e-09	3.726373e+01	1.020729e+02
4.000000e-06	5.359689e-06	1.571460e-09	3.718196e+01	1.019446e+02
4.010000e-06	5.347431e-06	1.554020e-09	3.709692e+01	1.018067e+02
4.020000e-06	5.334623e-06	1.597735e-09	3.700807e+01	1.016596e+02
4.030000e-06	5.321491e-06	1.621003e-09	3.691697e+01	1.015035e+02
4.040000e-06	5.308066e-06	1.577170e-09	3.682384e+01	1.013389e+02
4.050000e-06	5.293894e-06	1.514300e-09	3.672552e+01	1.011663e+02
4.060000e-06	5.279065e-06	1.564661e-09	3.662265e+01	1.009863e+02
4.070000e-06	5.263854e-06	1.618826e-09	3.651712e+01	1.007995e+02
4.080000e-06	5.248204e-06	1.580102e-09	3.640855e+01	1.006066e+02
4.090000e-06	5.232137e-06	1.518896e-09	3.629709e+01	1.004084e+02
4.100000e-06	5.215803e-06	1.612896e-09	3.618378e+01	1.002055e+02
4.110000e-06	5.199207e-06	1.623206e-09	3.606864e+01	9.999877e+01
4.120000e-06	5.182180e-06	1.510435e-09	3.595052e+01	9.978890e+01
4.130000e-06	5.164812e-06	1.506916e-09	3.583003e+01	9.957662e+01
4.140000e-06	5.147177e-06	1.640381e-09	3.570769e+01	9.936263e+01
4.150000e-06	5.129139e-06	1.543739e-09	3.558256e+01	9.914759e+01
4.160000e-06	5.110681e-06	1.470623e-09	3.545451e+01	9.893209e+01
4.170000e-06	5.091916e-06	1.594890e-09	3.532433e+01	9.871666e+01
4.180000e-06	5.072861e-06	1.612153e-09	3.519214e+01	9.850177e+01
4.190000e-06	5.053373e-06	1.436061e-09	3.505694e+01	9.828781e+01
4.200000e-06	5.033548e-06	1.507262e-09	3.491941e+01	9.807508e+01
4.210000e-06	5.013538e-06	1.611242e-09	3.478059e+01	9.786381e+01
4.220000e-06	4.993326e-06	1.487160e-09	3.464038e+01	9.765413e+01
4.230000e-06	4.972877e-06	1.467124e-09	3.449852e+01	9.744609e+01
4.240000e-06	4.952128e-06	1.615537e-09	3.435457e+01	9.723966e+01
4.250000e-06	4.930999e-06	1.526034e-09	3.420799e+01	9.703472e+01
4.260000e-06	4.909242e-06	1.424231e-09	3.405706e+01	9.683108e+01
4.270000e-06	4.886854e-06	1.549150e-09	3.390175e+01	9.662849e+01
4.280000e-06	4.863929e-06	1.556694e-09	3.374271e+01	9.642662e+01
4.290000e-06	4.840537e-06	1.432449e-09	3.358043e+01	9.622509e+01
4.300000e-06	4.816817e-06	1.501323e-09	3.341588e+01	9.602349e+01
4.310000e-06	4.792802e-06	1.568322e-09	3.324928e+01	9.582137e+01
4.320000e-06	4.768549e-06	1.473318e-09	3.308102e+01	9.561825e+01
4.330000e-06	4.744083e-06	1.474325e-09	3.291130e+01	9.541363e+01
4.340000e-06	4.719363e-06	1.532325e-09	3.273981e+01	9.520703e+01
4.350000e-06	4.694288e-06	1.482974e-09	3.256585e+01	9.499795e+01
4.360000e-06	4.668803e-06	1.458439e-09	3.238905e+01	9.478594e+01
4.370000e-06	4.642920e-06	1.512751e-09	3.220950e+01	9.457054e+01
4.380000e-06	4.616725e-06	1.496355e-09	3.202777e+01	9.435135e+01
4.390000e-06	4.590200e-06	1.464797e-09	3.184375e+01	9.412799e+01
4.400000e-06	4.563462e-06	1.472754e-09	3.165826e+01	9.390016e+01
4.410000e-06	4.536458e-06	1.477360e-09	3.147093e+01	9.366759e+01
4.420000e-06	4.509072e-06	1.460902e-09	3.128094e+01	9.343006e+01
4.430000e-06	4.481449e-06	1.468776e-09	3.108932e+01	9.318743e+01
4.440000e-06	4.453598e-06	1.466101e-09	3.089610e+01	9.293961e+01
4.450000e-06	4.425539e-06	1.463070e-09	3.070145e+01	9.268658e+01
4.460000e-06	4.397291e-06	1.453226e-09	3.050548e+01	9.242837e+01
4.470000e-06	4.368803e-06	1.450669e-09	3.030785e+01	9.216508e+01
4.480000e-06	4.339954e-06	1.439031e-09	3.010772e+01	9.189685e+01
4.490000e-06	4.310665e-06	1.433747e-09	2.990453e+01	9.162387e+01
4.500000e-06	4.280956e-06	1.424670e-09	2.969843e+01	9.134639e+01
4.510000e-06	4.250691e-06	1.426630e-09	2.948847e+01	9.106467e+01
4.520000e-06	4.219924e-06	1.428071e-09	2.927503e+01	9.077903e+01
4.530000e-06	4.188712e-06	1.433876e-09	2.905850e+01	9.048980e+01
4.540000e-06	4.157124e-06	1.424614e-09	2.883936e+01	9.019732e+01
4.550000e-06	4.125330e-06	1.411455e-09	2.861880e+01	8.990194e+01
4.560000e-06	4.093304e-06	1.408555e-09	2.839663e+01	8.960401e+01
4.570000e-06	4.061065e-06	1.407951e-09	2.817297e+01	8.930387e+01
4.580000e-06	4.028650e-06	1.393788e-09	2.794810e+01	8.900184e+01
4.590000e-06	3.995968e-06	1.395896e-09	2.772137e+01	8.869824e+01
4.600000e-06	3.963000e-06	1.404860e-09	2.749266e+01	8.839332e+01
4.610000e-06	3.929770e-06	1.395273e-09	2.726213e+01	8.808734e+01
4.620000e-06	3.896269e-06	1.389580e-09	2.702972e+01	8.778048e+01
4.630000e-06	3.862536e-06	1.396787e-09	2.679571e+01	8.747290e+01
4.640000e-06	3.828593e-06	1.387704e-09	2.656023e+01	8.716471e+01
4.650000e-06	3.794425e-06	1.367571e-09	2.632320e+01	8.685597e+01
4.660000e-06	3.759973e-06	1.368946e-09	2.608419e+01	8.654668e+01
4.670000e-06	3.725284e-06	1.366168e-09	2.584354e+01	8.623681e+01
4.680000e-06	3.690311e-06	1.355492e-09	2.560092e+01	8.592626e+01
4.690000e-06	3.655027e-06	1.349366e-09	2.535615e+01	8.561490e+01
4.700000e-06	3.619472e-06	1.355294e-09	2.510949e+01	8.530254e+01
4.710000e-06	3.583702e-06	1.346890e-09	2.486134e+01	8.498896e+01
4.720000e-06	3.547794e-06	1.339484e-09	2.461224e+01	8.467391e+01
4.730000e-06	3.511721e-06	1.338645e-09	2.436199e+01	8.435708e+01
4.740000e-06	3.475484e-06	1.333237e-09	2.411060e+01	8.403817e+01
4.750000e-06	3.439054e-06	1.317436e-09	2.385787e+01	8.371682e+01
4.760000e-06	3.402410e-06	1.318271e-09	2.360366e+01	8.339269e+01
4.770000e-06	3.365546e-06	1.320087e-09	2.334792e+01	8.306539e+01
4.780000e-06	3.328361e-06	1.315806e-09	2.308996e+01	8.273457e+01
4.790000e-06	3.290802e-06	1.310007e-09	2.282940e+01	8.239984e+01
4.800000e-06	3.252946e-06	1.310061e-09	2.256678e+01	8.206083e+01
4.810000e-06	3.214686e-06	1.301531e-09	2.230136e+01	8.171720e+01
4.820000e-06	3.176000e-06	1.295425e-09	2.203298e+01	8.136860e+01
4.830000e-06	3.136918e-06	1.294908e-09	2.176185e+01	8.101471e+01
4.840000e-06	3.097543e-06	1.287643e-09	2.148870e+01	8.065522e+01
4.850000e-06	3.058000e-06	1.274062e-09	2.121438e+01	8.028986e+01
4.860000e-06	3.018208e-06	1.270127e-09	2.093832e+01	7.991838e+01
4.870000e-06	2.978204e-06	1.268626e-09	2.066080e+01	7.954056e+01
4.880000e-06	2.938064e-06	1.261782e-09	2.038233e+01	7.915621e+01
4.890000e-06	2.897846e-06	1.255399e-09	2.010333e+01	7.876516e+01
4.900000e-06	2.857522e-06	1.251071e-09	1.982359e+01	7.836729e+01
4.910000e-06	2.817060e-06	1.243089e-09	1.954289e+01	7.796247e+01
4.920000e-06	2.776448e-06	1.235193e-09	1.926115e+01	7.755063e+01
4.930000e-06	2.735591e-06	1.234156e-09	1.897771e+01	7.713170e+01
4.940000e-06	2.694499e-06	1.230637e-09	1.869264e+01	7.670563e+01
4.950000e-06	2.653244e-06	1.224120e-09	1.840644e+01	7.627241e+01
4.960000e-06	2.611827e-06	1.219008e-09	1.811912e+01	7.583200e+01
4.970000e-06	2.570143e-06	1.215498e-09	1.782995e+01	7.538441e+01
4.980000e-06	2.528319e-06	1.204219e-09	1.753980e+01	7.492962e+01
4.990000e-06	2.486437e-06	1.191168e-09	1.724925e+01	7.446763e+01
5.000000e-06	2.444390e-06	1.181135e-09	1.695756e+01	7.399844e+01
5.010000e-06	2.402245e-06	1.176444e-09	1.666518e+01	7.352201e+01
5.020000e-06	2.359962e-06	1.169424e-09	1.637185e+01	7.303832e+01
5.030000e-06	2.317453e-06	1.167080e-09	1.607695e+01	7.254733e+01
5.040000e-06	2.274740e-06	1.163504e-09	1.578063e+01	7.204897e+01
5.050000e-06	2.231870e-06	1.157783e-09	1.548323e+01	7.154314e+01
5.060000e-06	2.188734e-06	1.150351e-09	1.518398e+01	7.102975e+01
5.070000e-06	2.145402e-06	1.143955e-09	1.488338e+01	7.050864e+01
5.080000e-06	2.101988e-06	1.132870e-09	1.458219e+01	6.997964e+01
5.090000e-06	2.058450e-06	1.119471e-09	1.428016e+01	6.944257e+01
5.100000e-06	2.014771e-06	1.109350e-09	1.397714e+01	6.889718e+01
5.110000e-06	1.970913e-06	1.104126e-09	1.367289e+01	6.834321e+01
5.120000e-06	1.926940e-06	1.099213e-09	1.336783e+01	6.778037e+01
5.130000e-06	1.882929e-06	1.095184e-09	1.306251e+01	6.720831e+01
5.140000e-06	1.838875e-06	1.090427e-09	1.275690e+01	6.662669e+01
5.150000e-06	1.794755e-06	1.080541e-09	1.245082e+01	6.603509e+01
5.160000e-06	1.750573e-06	1.068959e-09	1.214431e+01	6.543310e+01
5.170000e-06	1.706308e-06	1.058807e-09	1.183723e+01	6.482025e+01
5.180000e-06	1.661899e-06	1.049297e-09	1.152915e+01	6.419604e+01
5.190000e-06	1.617400e-06	1.035520e-09	1.122045e+01	6.355997e+01
5.200000e-06	1.572860e-06	1.023559e-09	1.091146e+01	6.291147e+01
5.210000e-06	1.528237e-06	1.015038e-09	1.060189e+01	6.224997e+01
5.220000e-06	1.483453e-06	1.009989e-09	1.029121e+01	6.157487e+01
5.230000e-06	1.438612e-06	1.003269e-09	9.980134e+00	6.088554e+01
5.240000e-06	1.393781e-06	9.952988e-10	9.669129e+00	6.018131e+01
5.250000e-06	1.348801e-06	9.862277e-10	9.357082e+00	5.946151e+01
5.260000e-06	1.303712e-06	9.730492e-10	9.044284e+00	5.872544e+01
5.270000e-06	1.258597e-06	9.572744e-10	8.731311e+00	5.797236e+01
5.280000e-06	1.213298e-06	9.410412e-10	8.417056e+00	5.720153e+01
5.290000e-06	1.167782e-06	9.305013e-10	8.101293e+00	5.641217e+01
5.300000e-06	1.122220e-06	9.223197e-10	7.785214e+00	5.560349e+01
5.310000e-06	1.076595e-06	9.149210e-10	7.468700e+00	5.477467e+01
5.320000e-06	1.030771e-06	9.063439e-10	7.150803e+00	5.392489e+01
5.330000e-06	9.848376e-07	8.940764e-10	6.832149e+00	5.305329e+01
5.340000e-06	9.388881e-07	8.771029e-10	6.513382e+00	5.215899e+01
5.350000e-06	8.928484e-07	8.578593e-10	6.193989e+00	5.124112e+01
5.360000e-06	8.466950e-07	8.388460e-10	5.873807e+00	5.029877e+01
5.370000e-06	8.004714e-07	8.204282e-10	5.553139e+00	4.933103e+01
5.380000e-06	7.541876e-07	8.088350e-10	5.232053e+00	4.833699e+01
5.390000e-06	7.078469e-07	8.003610e-10	4.910571e+00	4.731573e+01
5.400000e-06	6.614321e-07	7.892865e-10	4.588576e+00	4.626631e+01
5.410000e-06	6.149967e-07	7.719844e-10	4.266439e+00	4.518782e+01
5.420000e-06	5.686029e-07	7.520947e-10	3.944589e+00	4.407935e+01
5.430000e-06	5.221593e-07	7.292265e-10	3.622394e+00	4.294001e+01
5.440000e-06	4.756880e-07	7.042218e-10	3.300007e+00	4.176892e+01
5.450000e-06	4.291563e-07	6.817097e-10	2.977201e+00	4.056524e+01
5.460000e-06	3.825109e-07	6.625958e-10	2.653606e+00	3.932817e+01
5.470000e-06	3.358817e-07	6.476805e-10	2.330124e+00	3.805695e+01
5.480000e-06	2.892301e-07	6.323745e-10	2.006486e+00	3.675087e+01
5.490000e-06	2.425220e-07	6.125969e-10	1.682457e+00	3.540929e+01
5.500000e-06	1.959434e-07	5.891567e-10	1.359325e+00	3.403165e+01
5.510000e-06	1.494709e-07	5.641586e-10	1.036930e+00	3.261746e+01
5.520000e-06	1.029635e-07	5.380085e-10	7.142923e-01	3.116634e+01
5.530000e-06	5.640739e-08	5.102610e-10	3.913170e-01	2.967801e+01
5.540000e-06	9.774708e-09	4.872795e-10	6.781043e-02	2.815229e+01
5.550000e-06	-3.691250e-08	4.662116e-10	-2.560744e-01	2.658915e+01
5.560000e-06	-8.354411e-08	4.447765e-10	-5.795735e-01	2.498866e+01
5.570000e-06	-1.301571e-07	4.214261e-10	-9.029435e-01	2.335106e+01
5.580000e-06	-1.768473e-07	3.938239e-10	-1.226849e+00	2.167674e+01
5.590000e-06	-2.235694e-07	3.650749e-10	-1.550976e+00	1.996622e+01
5.600000e-06	-2.702134e-07	3.343590e-10	-1.874561e+00	1.822021e+01
5.610000e-06	-3.168625e-07	3.031773e-10	-2.198181e+00	1.643957e+01
5.620000e-06	-3.635135e-07	2.694039e-10	-2.521815e+00	1.462534e+01
5.630000e-06	-4.100036e-07	2.379416e-10	-2.844332e+00	1.277873e+01
5.640000e-06	-4.564497e-07	2.091767e-10	-3.166544e+00	1.090113e+01
5.650000e-06	-5.029548e-07	1.783560e-10	-3.489166e+00	8.994099e+00
5.660000e-06	-5.494429e-07	1.503931e-10	-3.811669e+00	7.059351e+00
5.670000e-06	-5.958282e-07	1.259117e-10	-4.133460e+00	5.098781e+00
5.680000e-06	-6.420982e-07	9.716883e-11	-4.454451e+00	3.114440e+00
5.690000e-06	-6.884176e-07	6.213409e-11	-4.775784e+00	1.108525e+00
5.700000e-06	-7.347492e-07	2.296851e-11	-5.097202e+00	-9.166235e-01
5.710000e-06	-7.808818e-07	-1.806202e-11	-5.417239e+00	-2.958537e+00
5.720000e-06	-8.269476e-07	-5.639535e-11	-5.736813e+00	-5.014631e+00
5.730000e-06	-8.729655e-07	-8.966244e-11	-6.056055e+00	-7.082218e+00
5.740000e-06	-9.188424e-07	-1.174872e-10	-6.374318e+00	-9.158528e+00
5.750000e-06	-9.647790e-07	-1.441113e-10	-6.692995e+00	-1.124072e+01
5.760000e-06	-1.010719e-06	-1.716982e-10	-7.011698e+00	-1.332590e+01
5.770000e-06	-1.056477e-06	-2.047502e-10	-7.329137e+00	-1.541115e+01
5.780000e-06	-1.102109e-06	-2.472154e-10	-7.645701e+00	-1.749352e+01
5.790000e-06	-1.147608e-06	-2.908325e-10	-7.961342e+00	-1.957010e+01
5.800000e-06	-1.192996e-06	-3.320639e-10	-8.276217e+00	-2.163798e+01
5.810000e-06	-1.238309e-06	-3.678231e-10	-8.590568e+00	-2.369431e+01
5.820000e-06	-1.283484e-06	-3.941968e-10	-8.903960e+00	-2.573629e+01
5.830000e-06	-1.328546e-06	-4.169264e-10	-9.216567e+00	-2.776124e+01
5.840000e-06	-1.373501e-06	-4.418725e-10	-9.528440e+00	-2.976654e+01
5.850000e-06	-1.418354e-06	-4.725739e-10	-9.839596e+00	-3.174972e+01
5.860000e-06	-1.463118e-06	-5.092284e-10	-1.015014e+01	-3.370844e+01
5.870000e-06	-1.507728e-06	-5.490174e-10	-1.045962e+01	-3.564051e+01
5.880000e-06	-1.552274e-06	-5.875270e-10	-1.076865e+01	-3.754391e+01
5.890000e-06	-1.596789e-06	-6.211398e-10	-1.107746e+01	-3.941677e+01
5.900000e-06	-1.641251e-06	-6.486576e-10	-1.138591e+01	-4.125742e+01
5.910000e-06	-1.685670e-06	-6.736115e-10	-1.169406e+01	-4.306440e+01
5.920000e-06	-1.729984e-06	-6.982660e-10	-1.200148e+01	-4.483640e+01
5.930000e-06	-1.774189e-06	-7.243827e-10	-1.230815e+01	-4.657234e+01
5.940000e-06	-1.818338e-06	-7.538750e-10	-1.261442e+01	-4.827134e+01
5.950000e-06	-1.862423e-06	-7.854329e-10	-1.292025e+01	-4.993268e+01
5.960000e-06	-1.906418e-06	-8.163152e-10	-1.322546e+01	-5.155586e+01
5.970000e-06	-1.950326e-06	-8.454803e-10	-1.353007e+01	-5.314056e+01
5.980000e-06	-1.994182e-06	-8.716734e-10	-1.383431e+01	-5.468664e+01
5.990000e-06	-2.037949e-06	-8.975337e-10	-1.413793e+01	-5.619412e+01
6.000000e-06	-2.081511e-06	-9.227699e-10	-1.444014e+01	-5.766318e+01
6.010000e-06	-2.124821e-06	-9.443825e-10	-1.474060e+01	-5.909413e+01
6.020000e-06	-2.167980e-06	-9.641287e-10	-1.504001e+01	-6.048743e+01
6.030000e-06	-2.211050e-06	-9.831683e-10	-1.533879e+01	-6.184364e+01
6.040000e-06	-2.253953e-06	-1.003597e-09	-1.563643e+01	-6.316342e+01
6.050000e-06	-2.296638e-06	-1.025620e-09	-1.593255e+01	-6.444752e+01
6.060000e-06	-2.339122e-06	-1.049024e-09	-1.622728e+01	-6.569675e+01
6.070000e-06	-2.381466e-06	-1.072707e-09	-1.652103e+01	-6.691197e+01
6.080000e-06	-2.423705e-06	-1.092502e-09	-1.681406e+01	-6.809406e+01
6.090000e-06	-2.465768e-06	-1.110555e-09	-1.710586e+01	-6.924394e+01
6.100000e-06	-2.507606e-06	-1.128570e-09	-1.739611e+01	-7.036253e+01
6.110000e-06	-2.549276e-06	-1.146081e-09	-1.768518e+01	-7.145074e+01
6.120000e-06	-2.590791e-06	-1.163102e-09	-1.797319e+01	-7.250943e+01
6.130000e-06	-2.632063e-06	-1.180474e-09	-1.825950e+01	-7.353947e+01
6.140000e-06	-2.673095e-06	-1.200713e-09	-1.854416e+01	-7.454167e+01
6.150000e-06	-2.713959e-06	-1.219130e-09	-1.882764e+01	-7.551678e+01
6.160000e-06	-2.754683e-06	-1.236649e-09	-1.911016e+01	-7.646551e+01
6.170000e-06	-2.795342e-06	-1.251208e-09	-1.939222e+01	-7.738849e+01
6.180000e-06	-2.835849e-06	-1.264298e-09	-1.967324e+01	-7.828632e+01
6.190000e-06	-2.876146e-06	-1.277048e-09	-1.995279e+01	-7.915952e+01
6.200000e-06	-2.916321e-06	-1.288552e-09	-2.023149e+01	-8.000853e+01
6.210000e-06	-2.956416e-06	-1.300240e-09	-2.050965e+01	-8.083376e+01
6.220000e-06	-2.996402e-06	-1.312976e-09	-2.078705e+01	-8.163556e+01
6.230000e-06	-3.036205e-06	-1.327491e-09	-2.106318e+01	-8.241422e+01
6.240000e-06	-3.075716e-06	-1.343074e-09	-2.133727e+01	-8.317001e+01
6.250000e-06	-3.114978e-06	-1.357909e-09	-2.160965e+01	-8.390314e+01
6.260000e-06	-3.154001e-06	-1.367500e-09	-2.188036e+01	-8.461381e+01
6.270000e-06	-3.192659e-06	-1.374335e-09	-2.214855e+01	-8.530220e+01
6.280000e-06	-3.230867e-06	-1.382313e-09	-2.241361e+01	-8.596851e+01
6.290000e-06	-3.268621e-06	-1.392269e-09	-2.267552e+01	-8.661289e+01
6.300000e-06	-3.306104e-06	-1.402818e-09	-2.293555e+01	-8.723556e+01
6.310000e-06	-3.343181e-06	-1.414660e-09	-2.319277e+01	-8.783672e+01
6.320000e-06	-3.379913e-06	-1.427287e-09	-2.344759e+01	-8.841663e+01
6.330000e-06	-3.416498e-06	-1.439247e-09	-2.370140e+01	-8.897558e+01
6.340000e-06	-3.452903e-06	-1.449484e-09	-2.395395e+01	-8.951390e+01
6.350000e-06	-3.489179e-06	-1.457057e-09	-2.420560e+01	-9.003197e+01
6.360000e-06	-3.525289e-06	-1.461278e-09	-2.445611e+01	-9.053023e+01
6.370000e-06	-3.561222e-06	-1.463412e-09	-2.470539e+01	-9.100919e+01
6.380000e-06	-3.596989e-06	-1.467516e-09	-2.495352e+01	-9.146939e+01
6.390000e-06	-3.632486e-06	-1.475820e-09	-2.519977e+01	-9.191147e+01
6.400000e-06	-3.667698e-06	-1.486985e-09	-2.544405e+01	-9.233608e+01
6.410000e-06	-3.702624e-06	-1.499452e-09	-2.568635e+01	-9.274397e+01
6.420000e-06	-3.737248e-06	-1.512236e-09	-2.592655e+01	-9.313590e+01
6.430000e-06	-3.771643e-06	-1.520592e-09	-2.616516e+01	-9.351269e+01
6.440000e-06	-3.805860e-06	-1.520486e-09	-2.640253e+01	-9.387521e+01
6.450000e-06	-3.839837e-06	-1.516788e-09	-2.663824e+01	-9.422432e+01
6.460000e-06	-3.873499e-06	-1.512951e-09	-2.687176e+01	-9.456094e+01
6.470000e-06	-3.906873e-06	-1.511756e-09	-2.710329e+01	-9.488596e+01
6.480000e-06	-3.939970e-06	-1.517741e-09	-2.733289e+01	-9.520029e+01
6.490000e-06	-3.972717e-06	-1.530964e-09	-2.756007e+01	-9.550482e+01
6.500000e-06	-4.005209e-06	-1.544338e-09	-2.778548e+01	-9.580039e+01
6.510000e-06	-4.037567e-06	-1.554461e-09	-2.800995e+01	-9.608785e+01
6.520000e-06	-4.069715e-06	-1.561520e-09	-2.823298e+01	-9.636796e+01
6.530000e-06	-4.101695e-06	-1.562245e-09	-2.845483e+01	-9.664144e+01
6.540000e-06	-4.133475e-06	-1.558081e-09	-2.867530e+01	-9.690895e+01
6.550000e-06	-4.164721e-06	-1.556109e-09	-2.889207e+01	-9.717106e+01
6.560000e-06	-4.195420e-06	-1.558655e-09	-2.910503e+01	-9.742826e+01
6.570000e-06	-4.225850e-06	-1.563515e-09	-2.931614e+01	-9.768098e+01
6.580000e-06	-4.255925e-06	-1.571741e-09	-2.952478e+01	-9.792954e+01
6.590000e-06	-4.285460e-06	-1.581683e-09	-2.972967e+01	-9.817415e+01
6.600000e-06	-4.314492e-06	-1.590638e-09	-2.993108e+01	-9.841498e+01
6.610000e-06	-4.343246e-06	-1.597405e-09	-3.013056e+01	-9.865205e+01
6.620000e-06	-4.371801e-06	-1.600006e-09	-3.032865e+01	-9.888534e+01
6.630000e-06	-4.400154e-06	-1.599989e-09	-3.052534e+01	-9.911473e+01
6.640000e-06	-4.428318e-06	-1.600826e-09	-3.072073e+01	-9.934002e+01
6.650000e-06	-4.456163e-06	-1.602636e-09	-3.091390e+01	-9.956095e+01
6.660000e-06	-4.483707e-06	-1.606983e-09	-3.110498e+01	-9.977719e+01
6.670000e-06	-4.510937e-06	-1.612742e-09	-3.129389e+01	-9.998838e+01
6.680000e-06	-4.537805e-06	-1.617278e-09	-3.148027e+01	-1.001941e+02
6.690000e-06	-4.564372e-06	-1.622139e-09	-3.166458e+01	-1.003940e+02
6.700000e-06	-4.590752e-06	-1.625833e-09	-3.184759e+01	-1.005875e+02
6.710000e-06	-4.616891e-06	-1.626846e-09	-3.202892e+01	-1.007742e+02
6.720000e-06	-4.642567e-06	-1.627301e-09	-3.220704e+01	-1.009538e+02
6.730000e-06	-4.667831e-06	-1.629093e-09	-3.238231e+01	-1.011257e+02
6.740000e-06	-4.692816e-06	-1.633366e-09	-3.255564e+01	-1.012897e+02
6.750000e-06	-4.717566e-06	-1.639011e-09	-3.272734e+01	-1.014454e+02
6.760000e-06	-4.742062e-06	-1.642953e-09	-3.289727e+01	-1.015925e+02
6.770000e-06	-4.766286e-06	-1.646004e-09	-3.306533e+01	-1.017309e+02
6.780000e-06	-4.790266e-06	-1.648789e-09	-3.323169e+01	-1.018604e+02
6.790000e-06	-4.814022e-06	-1.648734e-09	-3.339648e+01	-1.019811e+02
6.800000e-06	-4.837444e-06	-1.647866e-09	-3.355898e+01	-1.020929e+02
6.810000e-06	-4.860425e-06	-1.648748e-09	-3.371840e+01	-1.021960e+02
6.820000e-06	-4.882897e-06	-1.650856e-09	-3.387430e+01	-1.022905e+02
6.830000e-06	-4.904736e-06	-1.653071e-09	-3.402580e+01	-1.023769e+02
6.840000e-06	-4.925998e-06	-1.653707e-09	-3.417330e+01	-1.024554e+02
6.850000e-06	-4.946903e-06	-1.652989e-09	-3.431833e+01	-1.025266e+02
6.860000e-06	-4.967517e-06	-1.650311e-09	-3.446133e+01	-1.025909e+02
6.870000e-06	-4.987820e-06	-1.646690e-09	-3.460218e+01	-1.026490e+02
6.880000e-06	-5.007852e-06	-1.644685e-09	-3.474115e+01	-1.027015e+02
6.890000e-06	-5.027619e-06	-1.646155e-09	-3.487828e+01	-1.027490e+02
6.900000e-06	-5.047043e-06	-1.649300e-09	-3.501303e+01	-1.027923e+02
6.910000e-06	-5.066063e-06	-1.652230e-09	-3.514498e+01	-1.028320e+02
6.920000e-06	-5.084772e-06	-1.654718e-09	-3.527477e+01	-1.028689e+02
6.930000e-06	-5.103234e-06	-1.655493e-09	-3.540284e+01	-1.029038e+02
6.940000e-06	-5.121358e-06	-1.655419e-09	-3.552858e+01	-1.029372e+02
6.950000e-06	-5.139108e-06	-1.654207e-09	-3.565172e+01	-1.029698e+02
6.960000e-06	-5.156521e-06	-1.650145e-09	-3.577252e+01	-1.030023e+02
6.970000e-06	-5.173554e-06	-1.644531e-09	-3.589068e+01	-1.030351e+02
6.980000e-06	-5.190228e-06	-1.641222e-09	-3.600635e+01	-1.030688e+02
6.990000e-06	-5.206664e-06	-1.640901e-09	-3.612037e+01	-1.031037e+02
7.000000e-06	-5.222868e-06	-1.642276e-09	-3.623279e+01	-1.031401e+02
7.010000e-06	-5.238806e-06	-1.644215e-09	-3.634336e+01	-1.031783e+02
7.020000e-06	-5.254305e-06	-1.645082e-09	-3.645088e+01	-1.032183e+02
7.030000e-06	-5.269181e-06	-1.645058e-09	-3.655408e+01	-1.032602e+02
7.040000e-06	-5.283376e-06	-1.644429e-09	-3.665255e+01	-1.033039e+02
7.050000e-06	-5.297074e-06	-1.642753e-09	-3.674758e+01	-1.033493e+02
7.060000e-06	-5.310318e-06	-1.641809e-09	-3.683946e+01	-1.033961e+02
7.070000e-06	-5.323108e-06	-1.642341e-09	-3.692819e+01	-1.034439e+02
7.080000e-06	-5.335487e-06	-1.644131e-09	-3.701407e+01	-1.034924e+02
7.090000e-06	-5.347353e-06	-1.646164e-09	-3.709638e+01	-1.035412e+02
7.100000e-06	-5.358845e-06	-1.648003e-09	-3.717611e+01	-1.035896e+02
7.110000e-06	-5.370031e-06	-1.648693e-09	-3.725371e+01	-1.036371e+02
7.120000e-06	-5.380837e-06	-1.644503e-09	-3.732867e+01	-1.036832e+02
7.130000e-06	-5.391329e-06	-1.638191e-09	-3.740146e+01	-1.037271e+02
7.140000e-06	-5.401512e-06	-1.635157e-09	-3.747210e+01	-1.037684e+02
7.150000e-06	-5.411318e-06	-1.635901e-09	-3.754013e+01	-1.038064e+02
7.160000e-06	-5.420648e-06	-1.637300e-09	-3.760485e+01	-1.038405e+02
7.170000e-06	-5.429560e-06	-1.635306e-09	-3.766668e+01	-1.038702e+02
7.180000e-06	-5.438222e-06	-1.631254e-09	-3.772677e+01	-1.038951e+02
7.190000e-06	-5.446596e-06	-1.628516e-09	-3.778486e+01	-1.039146e+02
7.200000e-06	-5.454730e-06	-1.627848e-09	-3.784129e+01	-1.039285e+02
7.210000e-06	-5.462619e-06	-1.627487e-09	-3.789602e+01	-1.039364e+02
7.220000e-06	-5.469998e-06	-1.627114e-09	-3.794721e+01	-1.039382e+02
7.230000e-06	-5.476903e-06	-1.627794e-09	-3.799512e+01	-1.039339e+02
7.240000e-06	-5.483297e-06	-1.628369e-09	-3.803947e+01	-1.039233e+02
7.250000e-06	-5.488994e-06	-1.627890e-09	-3.807899e+01	-1.039066e+02
7.260000e-06	-5.494187e-06	-1.626211e-09	-3.811502e+01	-1.038839e+02
7.270000e-06	-5.498994e-06	-1.622527e-09	-3.814837e+01	-1.038557e+02
7.280000e-06	-5.503521e-06	-1.618325e-09	-3.817977e+01	-1.038221e+02
7.290000e-06	-5.507813e-06	-1.614141e-09	-3.820954e+01	-1.037838e+02
7.300000e-06	-5.511726e-06	-1.611435e-09	-3.823669e+01	-1.037411e+02
7.310000e-06	-5.515270e-06	-1.612697e-09	-3.826128e+01	-1.036947e+02
7.320000e-06	-5.518493e-06	-1.615480e-09	-3.828364e+01	-1.036451e+02
7.330000e-06	-5.521336e-06	-1.615801e-09	-3.830336e+01	-1.035931e+02
7.340000e-06	-5.523875e-06	-1.612570e-09	-3.832097e+01	-1.035393e+02
7.350000e-06	-5.526099e-06	-1.608479e-09	-3.833640e+01	-1.034844e+02
7.360000e-06	-5.527831e-06	-1.603365e-09	-3.834842e+01	-1.034291e+02
7.370000e-06	-5.529104e-06	-1.598435e-09	-3.835725e+01	-1.033740e+02
7.380000e-06	-5.530078e-06	-1.597040e-09	-3.836401e+01	-1.033198e+02
7.390000e-06	-5.530766e-06	-1.599709e-09	-3.836878e+01	-1.032671e+02
7.400000e-06	-5.531204e-06	-1.604384e-09	-3.837182e+01	-1.032163e+02
