# Temperatura_=_11.38
# Concentracion g/m^3_=_1620.0
# C_Vs_to_Am_M_A/Vsm_=_65563218390.804596
# pendiente_HvsI_1/m_=_3716.3
# ordenada_HvsI_A/m_=_1297.0
# frecuencia_Hz_=_135095.58518055873

Tiempo_(s)	Campo_(V.s)	Magnetizacion_(V.s)	Campo_(kA/m)	Magnetizacion_(A/m)
0.000000e+00	-5.527974e-06	-1.685843e-09	-3.837182e+01	-1.090077e+02
1.000000e-08	-5.528132e-06	-1.681478e-09	-3.837292e+01	-1.089553e+02
2.000000e-08	-5.527962e-06	-1.680204e-09	-3.837174e+01	-1.089045e+02
3.000000e-08	-5.527320e-06	-1.680889e-09	-3.836728e+01	-1.088556e+02
4.000000e-08	-5.526092e-06	-1.678891e-09	-3.835876e+01	-1.088089e+02
5.000000e-08	-5.524336e-06	-1.672109e-09	-3.834657e+01	-1.087644e+02
6.000000e-08	-5.521966e-06	-1.663264e-09	-3.833012e+01	-1.087223e+02
7.000000e-08	-5.519000e-06	-1.675739e-09	-3.830953e+01	-1.086826e+02
8.000000e-08	-5.515577e-06	-1.728876e-09	-3.828577e+01	-1.086452e+02
9.000000e-08	-5.511734e-06	-1.730193e-09	-3.825909e+01	-1.086098e+02
1.000000e-07	-5.507570e-06	-1.654584e-09	-3.823019e+01	-1.085760e+02
1.100000e-07	-5.503148e-06	-1.623954e-09	-3.819950e+01	-1.085436e+02
1.200000e-07	-5.498554e-06	-1.682224e-09	-3.816761e+01	-1.085119e+02
1.300000e-07	-5.493590e-06	-1.699250e-09	-3.813315e+01	-1.084803e+02
1.400000e-07	-5.488228e-06	-1.653388e-09	-3.809593e+01	-1.084481e+02
1.500000e-07	-5.482541e-06	-1.616560e-09	-3.805646e+01	-1.084147e+02
1.600000e-07	-5.476419e-06	-1.688866e-09	-3.801396e+01	-1.083792e+02
1.700000e-07	-5.469772e-06	-1.701826e-09	-3.796782e+01	-1.083408e+02
1.800000e-07	-5.462672e-06	-1.674941e-09	-3.791854e+01	-1.082986e+02
1.900000e-07	-5.455340e-06	-1.628864e-09	-3.786764e+01	-1.082518e+02
2.000000e-07	-5.447836e-06	-1.653481e-09	-3.781556e+01	-1.081994e+02
2.100000e-07	-5.440126e-06	-1.669899e-09	-3.776203e+01	-1.081408e+02
2.200000e-07	-5.432112e-06	-1.662142e-09	-3.770641e+01	-1.080750e+02
2.300000e-07	-5.423639e-06	-1.644811e-09	-3.764759e+01	-1.080013e+02
2.400000e-07	-5.414488e-06	-1.643730e-09	-3.758407e+01	-1.079192e+02
2.500000e-07	-5.404596e-06	-1.658791e-09	-3.751541e+01	-1.078279e+02
2.600000e-07	-5.394199e-06	-1.643881e-09	-3.744324e+01	-1.077269e+02
2.700000e-07	-5.383312e-06	-1.631651e-09	-3.736767e+01	-1.076160e+02
2.800000e-07	-5.371908e-06	-1.626466e-09	-3.728851e+01	-1.074947e+02
2.900000e-07	-5.360147e-06	-1.650602e-09	-3.720687e+01	-1.073630e+02
3.000000e-07	-5.347989e-06	-1.631204e-09	-3.712248e+01	-1.072207e+02
3.100000e-07	-5.335409e-06	-1.622142e-09	-3.703515e+01	-1.070679e+02
3.200000e-07	-5.322440e-06	-1.617502e-09	-3.694513e+01	-1.069047e+02
3.300000e-07	-5.309159e-06	-1.648505e-09	-3.685294e+01	-1.067315e+02
3.400000e-07	-5.295519e-06	-1.610689e-09	-3.675826e+01	-1.065485e+02
3.500000e-07	-5.281313e-06	-1.600716e-09	-3.665965e+01	-1.063563e+02
3.600000e-07	-5.266652e-06	-1.616418e-09	-3.655788e+01	-1.061555e+02
3.700000e-07	-5.251536e-06	-1.620880e-09	-3.645296e+01	-1.059467e+02
3.800000e-07	-5.235740e-06	-1.572277e-09	-3.634331e+01	-1.057305e+02
3.900000e-07	-5.219490e-06	-1.604911e-09	-3.623051e+01	-1.055078e+02
4.000000e-07	-5.203001e-06	-1.633759e-09	-3.611606e+01	-1.052792e+02
4.100000e-07	-5.186194e-06	-1.581283e-09	-3.599940e+01	-1.050457e+02
4.200000e-07	-5.168999e-06	-1.558948e-09	-3.588003e+01	-1.048081e+02
4.300000e-07	-5.151509e-06	-1.626115e-09	-3.575864e+01	-1.045671e+02
4.400000e-07	-5.133632e-06	-1.600339e-09	-3.563454e+01	-1.043236e+02
4.500000e-07	-5.115188e-06	-1.528455e-09	-3.550651e+01	-1.040783e+02
4.600000e-07	-5.096361e-06	-1.575265e-09	-3.537583e+01	-1.038320e+02
4.700000e-07	-5.077299e-06	-1.606708e-09	-3.524351e+01	-1.035852e+02
4.800000e-07	-5.057963e-06	-1.533635e-09	-3.510930e+01	-1.033387e+02
4.900000e-07	-5.038380e-06	-1.542559e-09	-3.497336e+01	-1.030929e+02
5.000000e-07	-5.018591e-06	-1.612295e-09	-3.483600e+01	-1.028482e+02
5.100000e-07	-4.998546e-06	-1.554939e-09	-3.469686e+01	-1.026050e+02
5.200000e-07	-4.978128e-06	-1.518974e-09	-3.455513e+01	-1.023637e+02
5.300000e-07	-4.957386e-06	-1.585092e-09	-3.441115e+01	-1.021243e+02
5.400000e-07	-4.936293e-06	-1.567804e-09	-3.426473e+01	-1.018869e+02
5.500000e-07	-4.914794e-06	-1.489236e-09	-3.411550e+01	-1.016517e+02
5.600000e-07	-4.892992e-06	-1.538715e-09	-3.396416e+01	-1.014184e+02
5.700000e-07	-4.870813e-06	-1.565469e-09	-3.381021e+01	-1.011870e+02
5.800000e-07	-4.848241e-06	-1.501580e-09	-3.365353e+01	-1.009573e+02
5.900000e-07	-4.825364e-06	-1.506726e-09	-3.349473e+01	-1.007289e+02
6.000000e-07	-4.802247e-06	-1.558447e-09	-3.333427e+01	-1.005015e+02
6.100000e-07	-4.778863e-06	-1.509093e-09	-3.317195e+01	-1.002748e+02
6.200000e-07	-4.755204e-06	-1.487021e-09	-3.300773e+01	-1.000483e+02
6.300000e-07	-4.731295e-06	-1.525385e-09	-3.284177e+01	-9.982164e+01
6.400000e-07	-4.707011e-06	-1.509460e-09	-3.267320e+01	-9.959434e+01
6.500000e-07	-4.682278e-06	-1.470212e-09	-3.250152e+01	-9.936594e+01
6.600000e-07	-4.657136e-06	-1.501469e-09	-3.232700e+01	-9.913598e+01
6.700000e-07	-4.631448e-06	-1.505300e-09	-3.214869e+01	-9.890401e+01
6.800000e-07	-4.605206e-06	-1.473504e-09	-3.196653e+01	-9.866961e+01
6.900000e-07	-4.578535e-06	-1.479860e-09	-3.178139e+01	-9.843237e+01
7.000000e-07	-4.551407e-06	-1.495742e-09	-3.159309e+01	-9.819192e+01
7.100000e-07	-4.523935e-06	-1.468239e-09	-3.140239e+01	-9.794790e+01
7.200000e-07	-4.496301e-06	-1.462169e-09	-3.121058e+01	-9.770002e+01
7.300000e-07	-4.468501e-06	-1.475432e-09	-3.101760e+01	-9.744799e+01
7.400000e-07	-4.440423e-06	-1.462030e-09	-3.082271e+01	-9.719159e+01
7.500000e-07	-4.412083e-06	-1.445743e-09	-3.062599e+01	-9.693063e+01
7.600000e-07	-4.383507e-06	-1.450680e-09	-3.042763e+01	-9.666495e+01
7.700000e-07	-4.354649e-06	-1.444175e-09	-3.022732e+01	-9.639444e+01
7.800000e-07	-4.325511e-06	-1.428502e-09	-3.002506e+01	-9.611900e+01
7.900000e-07	-4.296076e-06	-1.432575e-09	-2.982074e+01	-9.583859e+01
8.000000e-07	-4.266253e-06	-1.432750e-09	-2.961373e+01	-9.555318e+01
8.100000e-07	-4.236155e-06	-1.418916e-09	-2.940480e+01	-9.526275e+01
8.200000e-07	-4.205847e-06	-1.414476e-09	-2.919442e+01	-9.496732e+01
8.300000e-07	-4.175305e-06	-1.415371e-09	-2.898242e+01	-9.466693e+01
8.400000e-07	-4.144461e-06	-1.399799e-09	-2.876832e+01	-9.436159e+01
8.500000e-07	-4.113276e-06	-1.391613e-09	-2.855185e+01	-9.405136e+01
8.600000e-07	-4.081868e-06	-1.391156e-09	-2.833383e+01	-9.373627e+01
8.700000e-07	-4.050289e-06	-1.380357e-09	-2.811464e+01	-9.341637e+01
8.800000e-07	-4.018516e-06	-1.366078e-09	-2.789408e+01	-9.309171e+01
8.900000e-07	-3.986532e-06	-1.370645e-09	-2.767208e+01	-9.276231e+01
9.000000e-07	-3.954343e-06	-1.364240e-09	-2.744864e+01	-9.242820e+01
9.100000e-07	-3.921772e-06	-1.352854e-09	-2.722255e+01	-9.208942e+01
9.200000e-07	-3.888729e-06	-1.351268e-09	-2.699318e+01	-9.174597e+01
9.300000e-07	-3.855254e-06	-1.351198e-09	-2.676082e+01	-9.139786e+01
9.400000e-07	-3.821249e-06	-1.336750e-09	-2.652478e+01	-9.104511e+01
9.500000e-07	-3.786821e-06	-1.331323e-09	-2.628580e+01	-9.068770e+01
9.600000e-07	-3.752151e-06	-1.330265e-09	-2.604514e+01	-9.032565e+01
9.700000e-07	-3.717144e-06	-1.320133e-09	-2.580215e+01	-8.995894e+01
9.800000e-07	-3.681851e-06	-1.308029e-09	-2.555716e+01	-8.958758e+01
9.900000e-07	-3.646414e-06	-1.307684e-09	-2.531118e+01	-8.921159e+01
1.000000e-06	-3.610777e-06	-1.300486e-09	-2.506381e+01	-8.883097e+01
1.010000e-06	-3.574963e-06	-1.293181e-09	-2.481522e+01	-8.844575e+01
1.020000e-06	-3.539042e-06	-1.294541e-09	-2.456587e+01	-8.805596e+01
1.030000e-06	-3.502936e-06	-1.293198e-09	-2.431525e+01	-8.766166e+01
1.040000e-06	-3.466641e-06	-1.279555e-09	-2.406331e+01	-8.726289e+01
1.050000e-06	-3.430159e-06	-1.266565e-09	-2.381007e+01	-8.685974e+01
1.060000e-06	-3.393320e-06	-1.258420e-09	-2.355436e+01	-8.645229e+01
1.070000e-06	-3.356106e-06	-1.246910e-09	-2.329604e+01	-8.604064e+01
1.080000e-06	-3.318657e-06	-1.240224e-09	-2.303609e+01	-8.562490e+01
1.090000e-06	-3.280987e-06	-1.241580e-09	-2.277461e+01	-8.520517e+01
1.100000e-06	-3.243120e-06	-1.239504e-09	-2.251176e+01	-8.478159e+01
1.110000e-06	-3.205069e-06	-1.230438e-09	-2.224764e+01	-8.435427e+01
1.120000e-06	-3.166774e-06	-1.223755e-09	-2.198182e+01	-8.392334e+01
1.130000e-06	-3.128155e-06	-1.214005e-09	-2.171375e+01	-8.348890e+01
1.140000e-06	-3.089342e-06	-1.200637e-09	-2.144433e+01	-8.305107e+01
1.150000e-06	-3.050437e-06	-1.190523e-09	-2.117427e+01	-8.260992e+01
1.160000e-06	-3.011352e-06	-1.185365e-09	-2.090297e+01	-8.216552e+01
1.170000e-06	-2.972047e-06	-1.176860e-09	-2.063013e+01	-8.171792e+01
1.180000e-06	-2.932572e-06	-1.172178e-09	-2.035612e+01	-8.126711e+01
1.190000e-06	-2.892975e-06	-1.169207e-09	-2.008127e+01	-8.081309e+01
1.200000e-06	-2.853179e-06	-1.162476e-09	-1.980502e+01	-8.035579e+01
1.210000e-06	-2.813236e-06	-1.152815e-09	-1.952777e+01	-7.989512e+01
1.220000e-06	-2.773235e-06	-1.147292e-09	-1.925010e+01	-7.943092e+01
1.230000e-06	-2.733148e-06	-1.139445e-09	-1.897185e+01	-7.896302e+01
1.240000e-06	-2.692766e-06	-1.130635e-09	-1.869154e+01	-7.849119e+01
1.250000e-06	-2.651945e-06	-1.123726e-09	-1.840818e+01	-7.801516e+01
1.260000e-06	-2.610823e-06	-1.119573e-09	-1.812274e+01	-7.753461e+01
1.270000e-06	-2.569474e-06	-1.111830e-09	-1.783572e+01	-7.704919e+01
1.280000e-06	-2.527861e-06	-1.101522e-09	-1.754687e+01	-7.655850e+01
1.290000e-06	-2.486005e-06	-1.092421e-09	-1.725633e+01	-7.606212e+01
1.300000e-06	-2.443839e-06	-1.084931e-09	-1.696364e+01	-7.555960e+01
1.310000e-06	-2.401290e-06	-1.076989e-09	-1.666829e+01	-7.505044e+01
1.320000e-06	-2.358548e-06	-1.072812e-09	-1.637160e+01	-7.453416e+01
1.330000e-06	-2.315629e-06	-1.065375e-09	-1.607368e+01	-7.401025e+01
1.340000e-06	-2.272498e-06	-1.054128e-09	-1.577429e+01	-7.347817e+01
1.350000e-06	-2.229239e-06	-1.045322e-09	-1.547402e+01	-7.293741e+01
1.360000e-06	-2.185872e-06	-1.036308e-09	-1.517299e+01	-7.238745e+01
1.370000e-06	-2.142353e-06	-1.023565e-09	-1.487091e+01	-7.182778e+01
1.380000e-06	-2.098730e-06	-1.009558e-09	-1.456810e+01	-7.125791e+01
1.390000e-06	-2.055067e-06	-9.982181e-10	-1.426502e+01	-7.067737e+01
1.400000e-06	-2.011324e-06	-9.895885e-10	-1.396139e+01	-7.008569e+01
1.410000e-06	-1.967424e-06	-9.824416e-10	-1.365666e+01	-6.948247e+01
1.420000e-06	-1.923457e-06	-9.745137e-10	-1.335146e+01	-6.886728e+01
1.430000e-06	-1.879432e-06	-9.676417e-10	-1.304587e+01	-6.823976e+01
1.440000e-06	-1.835250e-06	-9.573194e-10	-1.273918e+01	-6.759957e+01
1.450000e-06	-1.790934e-06	-9.441166e-10	-1.243157e+01	-6.694638e+01
1.460000e-06	-1.746437e-06	-9.288014e-10	-1.212270e+01	-6.627990e+01
1.470000e-06	-1.701793e-06	-9.144849e-10	-1.181281e+01	-6.559984e+01
1.480000e-06	-1.657069e-06	-9.005009e-10	-1.150236e+01	-6.490594e+01
1.490000e-06	-1.612157e-06	-8.866404e-10	-1.119061e+01	-6.419794e+01
1.500000e-06	-1.567082e-06	-8.740961e-10	-1.087773e+01	-6.347559e+01
1.510000e-06	-1.521974e-06	-8.651155e-10	-1.056461e+01	-6.273862e+01
1.520000e-06	-1.476833e-06	-8.544497e-10	-1.025128e+01	-6.198675e+01
1.530000e-06	-1.431580e-06	-8.418383e-10	-9.937156e+00	-6.121971e+01
1.540000e-06	-1.386133e-06	-8.277119e-10	-9.621687e+00	-6.043715e+01
1.550000e-06	-1.340563e-06	-8.121753e-10	-9.305368e+00	-5.963872e+01
1.560000e-06	-1.295021e-06	-7.971026e-10	-8.989248e+00	-5.882402e+01
1.570000e-06	-1.249379e-06	-7.849016e-10	-8.672424e+00	-5.799258e+01
1.580000e-06	-1.203567e-06	-7.722581e-10	-8.354426e+00	-5.714389e+01
1.590000e-06	-1.157755e-06	-7.569587e-10	-8.036429e+00	-5.627739e+01
1.600000e-06	-1.111840e-06	-7.436141e-10	-7.717717e+00	-5.539242e+01
1.610000e-06	-1.065680e-06	-7.346226e-10	-7.397298e+00	-5.448827e+01
1.620000e-06	-1.019380e-06	-7.250923e-10	-7.075914e+00	-5.356417e+01
1.630000e-06	-9.730837e-07	-7.145839e-10	-6.754553e+00	-5.261927e+01
1.640000e-06	-9.268208e-07	-7.005524e-10	-6.433425e+00	-5.165264e+01
1.650000e-06	-8.805714e-07	-6.815992e-10	-6.112389e+00	-5.066331e+01
1.660000e-06	-8.342219e-07	-6.599281e-10	-5.790659e+00	-4.965023e+01
1.670000e-06	-7.878676e-07	-6.373895e-10	-5.468896e+00	-4.861232e+01
1.680000e-06	-7.414659e-07	-6.191857e-10	-5.146804e+00	-4.754844e+01
1.690000e-06	-6.949670e-07	-6.033280e-10	-4.824037e+00	-4.645743e+01
1.700000e-06	-6.484552e-07	-5.894441e-10	-4.501180e+00	-4.533809e+01
1.710000e-06	-6.018854e-07	-5.768067e-10	-4.177921e+00	-4.418924e+01
1.720000e-06	-5.552372e-07	-5.623884e-10	-3.854118e+00	-4.300969e+01
1.730000e-06	-5.084997e-07	-5.419962e-10	-3.529695e+00	-4.179827e+01
1.740000e-06	-4.617491e-07	-5.172787e-10	-3.205181e+00	-4.055385e+01
1.750000e-06	-4.149547e-07	-4.928167e-10	-2.880362e+00	-3.927535e+01
1.760000e-06	-3.680720e-07	-4.688045e-10	-2.554931e+00	-3.796178e+01
1.770000e-06	-3.211644e-07	-4.479842e-10	-2.229327e+00	-3.661219e+01
1.780000e-06	-2.742844e-07	-4.321015e-10	-1.903915e+00	-3.522577e+01
1.790000e-06	-2.274679e-07	-4.144471e-10	-1.578943e+00	-3.380180e+01
1.800000e-06	-1.806676e-07	-3.941730e-10	-1.254084e+00	-3.233970e+01
1.810000e-06	-1.337864e-07	-3.734699e-10	-9.286636e-01	-3.083904e+01
1.820000e-06	-8.685337e-08	-3.519786e-10	-6.028831e-01	-2.929952e+01
1.830000e-06	-3.992293e-08	-3.288282e-10	-2.771206e-01	-2.772101e+01
1.840000e-06	7.011104e-09	-3.065934e-10	4.866680e-02	-2.610357e+01
1.850000e-06	5.397617e-08	-2.845241e-10	3.746696e-01	-2.444741e+01
1.860000e-06	1.008813e-07	-2.610280e-10	7.002565e-01	-2.275294e+01
1.870000e-06	1.477256e-07	-2.366834e-10	1.025421e+00	-2.102075e+01
1.880000e-06	1.946344e-07	-2.137071e-10	1.351033e+00	-1.925162e+01
1.890000e-06	2.415258e-07	-1.905513e-10	1.676524e+00	-1.744651e+01
1.900000e-06	2.883664e-07	-1.638767e-10	2.001663e+00	-1.560657e+01
1.910000e-06	3.351797e-07	-1.360724e-10	2.326613e+00	-1.373311e+01
1.920000e-06	3.819785e-07	-1.086383e-10	2.651462e+00	-1.182764e+01
1.930000e-06	4.287667e-07	-8.203155e-11	2.976237e+00	-9.891810e+00
1.940000e-06	4.754702e-07	-5.561036e-11	3.300424e+00	-7.927434e+00
1.950000e-06	5.221079e-07	-2.711590e-11	3.624154e+00	-5.936466e+00
1.960000e-06	5.687128e-07	1.742009e-12	3.947657e+00	-3.920993e+00
1.970000e-06	6.152278e-07	3.041174e-11	4.270536e+00	-1.883219e+00
1.980000e-06	6.617135e-07	5.936746e-11	4.593211e+00	1.745456e-01
1.990000e-06	7.081398e-07	9.078112e-11	4.915474e+00	2.249902e+00
2.000000e-06	7.545085e-07	1.241346e-10	5.237338e+00	4.340374e+00
2.010000e-06	8.008604e-07	1.536208e-10	5.559084e+00	6.443424e+00
2.020000e-06	8.471672e-07	1.800785e-10	5.880518e+00	8.556468e+00
2.030000e-06	8.934847e-07	2.073770e-10	6.202026e+00	1.067689e+01
2.040000e-06	9.396843e-07	2.347620e-10	6.522715e+00	1.280206e+01
2.050000e-06	9.858068e-07	2.641159e-10	6.842869e+00	1.492933e+01
2.060000e-06	1.031947e-06	2.976117e-10	7.163146e+00	1.705608e+01
2.070000e-06	1.077898e-06	3.323412e-10	7.482108e+00	1.917970e+01
2.080000e-06	1.123697e-06	3.662585e-10	7.800021e+00	2.129762e+01
2.090000e-06	1.169450e-06	3.960817e-10	8.117607e+00	2.340730e+01
2.100000e-06	1.215163e-06	4.231712e-10	8.434923e+00	2.550628e+01
2.110000e-06	1.260874e-06	4.494817e-10	8.752219e+00	2.759215e+01
2.120000e-06	1.306553e-06	4.770431e-10	9.069291e+00	2.966256e+01
2.130000e-06	1.352143e-06	5.045786e-10	9.385754e+00	3.171526e+01
2.140000e-06	1.397602e-06	5.312555e-10	9.701303e+00	3.374809e+01
2.150000e-06	1.442978e-06	5.598668e-10	1.001627e+01	3.575896e+01
2.160000e-06	1.488222e-06	5.902344e-10	1.033033e+01	3.774592e+01
2.170000e-06	1.533325e-06	6.187276e-10	1.064340e+01	3.970708e+01
2.180000e-06	1.578363e-06	6.454150e-10	1.095604e+01	4.164069e+01
2.190000e-06	1.623275e-06	6.722361e-10	1.126778e+01	4.354510e+01
2.200000e-06	1.667965e-06	6.979910e-10	1.157800e+01	4.541879e+01
2.210000e-06	1.712477e-06	7.231499e-10	1.188697e+01	4.726033e+01
2.220000e-06	1.756898e-06	7.490757e-10	1.219532e+01	4.906844e+01
2.230000e-06	1.801207e-06	7.746430e-10	1.250288e+01	5.084195e+01
2.240000e-06	1.845314e-06	7.979620e-10	1.280904e+01	5.257983e+01
2.250000e-06	1.889282e-06	8.201215e-10	1.311424e+01	5.428114e+01
2.260000e-06	1.933167e-06	8.430396e-10	1.341887e+01	5.594512e+01
2.270000e-06	1.976976e-06	8.665554e-10	1.372296e+01	5.757109e+01
2.280000e-06	2.020714e-06	8.896327e-10	1.402656e+01	5.915851e+01
2.290000e-06	2.064405e-06	9.101773e-10	1.432984e+01	6.070699e+01
2.300000e-06	2.108057e-06	9.294599e-10	1.463285e+01	6.221624e+01
2.310000e-06	2.151672e-06	9.498471e-10	1.493560e+01	6.368610e+01
2.320000e-06	2.195267e-06	9.688511e-10	1.523821e+01	6.511653e+01
2.330000e-06	2.238784e-06	9.864879e-10	1.554027e+01	6.650761e+01
2.340000e-06	2.282167e-06	1.003342e-09	1.584141e+01	6.785955e+01
2.350000e-06	2.325323e-06	1.020555e-09	1.614098e+01	6.917265e+01
2.360000e-06	2.368252e-06	1.039140e-09	1.643896e+01	7.044731e+01
2.370000e-06	2.410960e-06	1.057158e-09	1.673541e+01	7.168407e+01
2.380000e-06	2.453464e-06	1.073997e-09	1.703045e+01	7.288352e+01
2.390000e-06	2.495701e-06	1.091439e-09	1.732363e+01	7.404636e+01
2.400000e-06	2.537465e-06	1.107797e-09	1.761353e+01	7.517336e+01
2.410000e-06	2.578840e-06	1.123705e-09	1.790074e+01	7.626537e+01
2.420000e-06	2.619967e-06	1.137180e-09	1.818622e+01	7.732331e+01
2.430000e-06	2.660796e-06	1.147287e-09	1.846962e+01	7.834812e+01
2.440000e-06	2.701364e-06	1.156990e-09	1.875122e+01	7.934082e+01
2.450000e-06	2.741687e-06	1.169274e-09	1.903112e+01	8.030244e+01
2.460000e-06	2.781784e-06	1.183836e-09	1.930945e+01	8.123405e+01
2.470000e-06	2.821736e-06	1.197879e-09	1.958677e+01	8.213671e+01
2.480000e-06	2.861536e-06	1.210596e-09	1.986303e+01	8.301151e+01
2.490000e-06	2.901215e-06	1.222465e-09	2.013847e+01	8.385951e+01
2.500000e-06	2.940790e-06	1.232702e-09	2.041317e+01	8.468178e+01
2.510000e-06	2.980247e-06	1.240991e-09	2.068706e+01	8.547934e+01
2.520000e-06	3.019621e-06	1.248505e-09	2.096037e+01	8.625320e+01
2.530000e-06	3.058749e-06	1.256249e-09	2.123197e+01	8.700432e+01
2.540000e-06	3.097572e-06	1.266618e-09	2.150146e+01	8.773361e+01
2.550000e-06	3.136227e-06	1.277896e-09	2.176978e+01	8.844195e+01
2.560000e-06	3.174647e-06	1.289334e-09	2.203646e+01	8.913013e+01
2.570000e-06	3.212753e-06	1.300534e-09	2.230097e+01	8.979892e+01
2.580000e-06	3.250663e-06	1.309972e-09	2.256412e+01	9.044903e+01
2.590000e-06	3.288388e-06	1.317958e-09	2.282598e+01	9.108108e+01
2.600000e-06	3.325926e-06	1.325170e-09	2.308655e+01	9.169565e+01
2.610000e-06	3.363270e-06	1.331909e-09	2.334577e+01	9.229329e+01
2.620000e-06	3.400358e-06	1.339060e-09	2.360321e+01	9.287445e+01
2.630000e-06	3.437210e-06	1.345975e-09	2.385902e+01	9.343958e+01
2.640000e-06	3.473688e-06	1.353251e-09	2.411222e+01	9.398904e+01
2.650000e-06	3.509910e-06	1.361072e-09	2.436365e+01	9.452320e+01
2.660000e-06	3.546022e-06	1.368591e-09	2.461432e+01	9.504236e+01
2.670000e-06	3.581909e-06	1.376404e-09	2.486343e+01	9.554683e+01
2.680000e-06	3.617670e-06	1.385028e-09	2.511166e+01	9.603687e+01
2.690000e-06	3.653357e-06	1.394160e-09	2.535937e+01	9.651276e+01
2.700000e-06	3.688928e-06	1.402472e-09	2.560629e+01	9.697477e+01
2.710000e-06	3.724314e-06	1.409725e-09	2.585192e+01	9.742315e+01
2.720000e-06	3.759437e-06	1.416287e-09	2.609571e+01	9.785819e+01
2.730000e-06	3.794204e-06	1.421808e-09	2.633705e+01	9.828019e+01
2.740000e-06	3.828474e-06	1.428211e-09	2.657493e+01	9.868946e+01
2.750000e-06	3.862232e-06	1.433794e-09	2.680926e+01	9.908634e+01
2.760000e-06	3.895481e-06	1.440024e-09	2.704005e+01	9.947121e+01
2.770000e-06	3.928278e-06	1.446614e-09	2.726771e+01	9.984444e+01
2.780000e-06	3.960696e-06	1.454052e-09	2.749273e+01	1.002065e+02
2.790000e-06	3.992800e-06	1.464089e-09	2.771558e+01	1.005578e+02
2.800000e-06	4.024677e-06	1.472216e-09	2.793685e+01	1.008988e+02
2.810000e-06	4.056469e-06	1.476083e-09	2.815753e+01	1.012300e+02
2.820000e-06	4.088170e-06	1.479016e-09	2.837758e+01	1.015520e+02
2.830000e-06	4.119617e-06	1.482147e-09	2.859587e+01	1.018652e+02
2.840000e-06	4.150819e-06	1.484785e-09	2.881245e+01	1.021703e+02
2.850000e-06	4.181805e-06	1.487542e-09	2.902754e+01	1.024676e+02
2.860000e-06	4.212406e-06	1.492794e-09	2.923995e+01	1.027578e+02
2.870000e-06	4.242511e-06	1.501241e-09	2.944892e+01	1.030414e+02
2.880000e-06	4.272350e-06	1.509799e-09	2.965605e+01	1.033188e+02
2.890000e-06	4.302023e-06	1.518380e-09	2.986202e+01	1.035905e+02
2.900000e-06	4.331506e-06	1.521990e-09	3.006667e+01	1.038569e+02
2.910000e-06	4.360653e-06	1.523682e-09	3.026899e+01	1.041184e+02
2.920000e-06	4.389346e-06	1.523708e-09	3.046817e+01	1.043752e+02
2.930000e-06	4.417735e-06	1.523521e-09	3.066522e+01	1.046276e+02
2.940000e-06	4.445886e-06	1.523638e-09	3.086063e+01	1.048759e+02
2.950000e-06	4.473858e-06	1.524506e-09	3.105479e+01	1.051200e+02
2.960000e-06	4.501628e-06	1.529138e-09	3.124756e+01	1.053601e+02
2.970000e-06	4.529206e-06	1.536266e-09	3.143898e+01	1.055962e+02
2.980000e-06	4.556586e-06	1.546678e-09	3.162904e+01	1.058281e+02
2.990000e-06	4.583754e-06	1.554893e-09	3.181762e+01	1.060557e+02
3.000000e-06	4.610623e-06	1.560922e-09	3.200413e+01	1.062789e+02
3.010000e-06	4.636878e-06	1.563880e-09	3.218638e+01	1.064973e+02
3.020000e-06	4.662433e-06	1.562583e-09	3.236376e+01	1.067106e+02
3.030000e-06	4.687394e-06	1.561212e-09	3.253703e+01	1.069184e+02
3.040000e-06	4.711910e-06	1.561430e-09	3.270720e+01	1.071205e+02
3.050000e-06	4.736039e-06	1.566358e-09	3.287470e+01	1.073164e+02
3.060000e-06	4.759869e-06	1.572896e-09	3.304010e+01	1.075056e+02
3.070000e-06	4.783470e-06	1.577837e-09	3.320393e+01	1.076877e+02
3.080000e-06	4.806787e-06	1.583982e-09	3.336578e+01	1.078625e+02
3.090000e-06	4.829920e-06	1.587204e-09	3.352636e+01	1.080294e+02
3.100000e-06	4.852751e-06	1.588092e-09	3.368483e+01	1.081881e+02
3.110000e-06	4.875078e-06	1.588559e-09	3.383982e+01	1.083383e+02
3.120000e-06	4.897004e-06	1.589720e-09	3.399201e+01	1.084798e+02
3.130000e-06	4.918678e-06	1.592414e-09	3.414246e+01	1.086124e+02
3.140000e-06	4.940108e-06	1.596418e-09	3.429122e+01	1.087359e+02
3.150000e-06	4.961169e-06	1.600400e-09	3.443740e+01	1.088504e+02
3.160000e-06	4.981829e-06	1.602939e-09	3.458082e+01	1.089557e+02
3.170000e-06	5.002183e-06	1.604064e-09	3.472210e+01	1.090522e+02
3.180000e-06	5.022299e-06	1.604995e-09	3.486174e+01	1.091398e+02
3.190000e-06	5.042156e-06	1.608014e-09	3.499957e+01	1.092190e+02
3.200000e-06	5.061807e-06	1.613716e-09	3.513598e+01	1.092900e+02
3.210000e-06	5.081222e-06	1.619438e-09	3.527075e+01	1.093532e+02
3.220000e-06	5.100332e-06	1.622609e-09	3.540340e+01	1.094092e+02
3.230000e-06	5.119115e-06	1.621982e-09	3.553378e+01	1.094584e+02
3.240000e-06	5.137378e-06	1.618860e-09	3.566054e+01	1.095015e+02
3.250000e-06	5.155085e-06	1.617070e-09	3.578345e+01	1.095389e+02
3.260000e-06	5.172340e-06	1.615934e-09	3.590323e+01	1.095715e+02
3.270000e-06	5.189274e-06	1.616737e-09	3.602077e+01	1.095998e+02
3.280000e-06	5.206023e-06	1.621612e-09	3.613704e+01	1.096244e+02
3.290000e-06	5.222542e-06	1.628680e-09	3.625170e+01	1.096460e+02
3.300000e-06	5.238686e-06	1.634873e-09	3.636376e+01	1.096653e+02
3.310000e-06	5.254318e-06	1.637736e-09	3.647227e+01	1.096828e+02
3.320000e-06	5.269394e-06	1.636392e-09	3.657691e+01	1.096989e+02
3.330000e-06	5.283986e-06	1.633993e-09	3.667821e+01	1.097143e+02
3.340000e-06	5.298151e-06	1.632098e-09	3.677653e+01	1.097293e+02
3.350000e-06	5.312023e-06	1.631078e-09	3.687282e+01	1.097442e+02
3.360000e-06	5.325500e-06	1.632193e-09	3.696637e+01	1.097593e+02
3.370000e-06	5.338517e-06	1.635532e-09	3.705673e+01	1.097748e+02
3.380000e-06	5.351127e-06	1.639531e-09	3.714426e+01	1.097908e+02
3.390000e-06	5.363389e-06	1.644573e-09	3.722937e+01	1.098072e+02
3.400000e-06	5.375386e-06	1.649133e-09	3.731265e+01	1.098241e+02
3.410000e-06	5.387034e-06	1.650517e-09	3.739350e+01	1.098413e+02
3.420000e-06	5.398254e-06	1.650266e-09	3.747138e+01	1.098585e+02
3.430000e-06	5.409024e-06	1.650031e-09	3.754614e+01	1.098755e+02
3.440000e-06	5.419249e-06	1.650247e-09	3.761712e+01	1.098920e+02
3.450000e-06	5.428700e-06	1.651373e-09	3.768272e+01	1.099076e+02
3.460000e-06	5.437473e-06	1.653528e-09	3.774362e+01	1.099219e+02
3.470000e-06	5.445746e-06	1.657720e-09	3.780104e+01	1.099344e+02
3.480000e-06	5.453689e-06	1.661465e-09	3.785618e+01	1.099448e+02
3.490000e-06	5.461433e-06	1.663616e-09	3.790993e+01	1.099525e+02
3.500000e-06	5.468956e-06	1.665106e-09	3.796216e+01	1.099573e+02
3.510000e-06	5.476104e-06	1.665019e-09	3.801177e+01	1.099587e+02
3.520000e-06	5.482846e-06	1.666183e-09	3.805857e+01	1.099563e+02
3.530000e-06	5.489219e-06	1.669563e-09	3.810281e+01	1.099499e+02
3.540000e-06	5.495190e-06	1.670490e-09	3.814426e+01	1.099393e+02
3.550000e-06	5.500852e-06	1.667389e-09	3.818356e+01	1.099243e+02
3.560000e-06	5.506192e-06	1.664438e-09	3.822063e+01	1.099047e+02
3.570000e-06	5.511079e-06	1.664189e-09	3.825455e+01	1.098807e+02
3.580000e-06	5.515514e-06	1.665036e-09	3.828533e+01	1.098522e+02
3.590000e-06	5.519607e-06	1.669040e-09	3.831375e+01	1.098194e+02
3.600000e-06	5.523424e-06	1.676249e-09	3.834024e+01	1.097825e+02
3.610000e-06	5.527023e-06	1.682198e-09	3.836522e+01	1.097419e+02
3.620000e-06	5.530425e-06	1.683819e-09	3.838884e+01	1.096978e+02
3.630000e-06	5.533512e-06	1.679406e-09	3.841027e+01	1.096507e+02
3.640000e-06	5.536192e-06	1.671750e-09	3.842887e+01	1.096011e+02
3.650000e-06	5.538189e-06	1.665597e-09	3.844273e+01	1.095494e+02
3.660000e-06	5.539519e-06	1.664273e-09	3.845196e+01	1.094963e+02
3.670000e-06	5.540381e-06	1.668166e-09	3.845794e+01	1.094422e+02
3.680000e-06	5.540677e-06	1.674309e-09	3.846000e+01	1.093878e+02
3.690000e-06	5.540596e-06	1.680440e-09	3.845944e+01	1.093334e+02
3.700000e-06	5.540299e-06	1.680946e-09	3.845737e+01	1.092797e+02
3.710000e-06	5.539799e-06	1.675716e-09	3.845391e+01	1.092272e+02
3.720000e-06	5.539014e-06	1.667983e-09	3.844846e+01	1.091761e+02
3.730000e-06	5.537789e-06	1.658907e-09	3.843995e+01	1.091269e+02
3.740000e-06	5.536130e-06	1.655179e-09	3.842844e+01	1.090798e+02
3.750000e-06	5.534173e-06	1.662742e-09	3.841485e+01	1.090351e+02
3.760000e-06	5.531875e-06	1.668691e-09	3.839890e+01	1.089927e+02
3.770000e-06	5.529156e-06	1.623083e-09	3.838002e+01	1.089527e+02
3.780000e-06	5.525952e-06	1.578850e-09	3.835779e+01	1.089149e+02
3.790000e-06	5.522189e-06	1.645711e-09	3.833167e+01	1.088792e+02
3.800000e-06	5.518015e-06	1.722276e-09	3.830269e+01	1.088453e+02
3.810000e-06	5.513680e-06	1.690287e-09	3.827260e+01	1.088126e+02
3.820000e-06	5.509224e-06	1.655459e-09	3.824167e+01	1.087807e+02
3.830000e-06	5.504317e-06	1.664576e-09	3.820761e+01	1.087490e+02
3.840000e-06	5.498828e-06	1.735956e-09	3.816951e+01	1.087168e+02
3.850000e-06	5.493155e-06	1.686854e-09	3.813013e+01	1.086834e+02
3.860000e-06	5.487260e-06	1.598211e-09	3.808921e+01	1.086480e+02
3.870000e-06	5.480702e-06	1.647023e-09	3.804369e+01	1.086098e+02
3.880000e-06	5.473401e-06	1.735936e-09	3.799301e+01	1.085678e+02
3.890000e-06	5.465735e-06	1.707799e-09	3.793980e+01	1.085213e+02
3.900000e-06	5.457805e-06	1.579561e-09	3.788475e+01	1.084693e+02
3.910000e-06	5.449301e-06	1.620814e-09	3.782572e+01	1.084111e+02
3.920000e-06	5.440394e-06	1.690950e-09	3.776390e+01	1.083458e+02
3.930000e-06	5.431300e-06	1.668881e-09	3.770077e+01	1.082727e+02
3.940000e-06	5.421894e-06	1.581516e-09	3.763548e+01	1.081911e+02
3.950000e-06	5.411994e-06	1.631915e-09	3.756676e+01	1.081005e+02
3.960000e-06	5.401694e-06	1.673012e-09	3.749526e+01	1.080003e+02
3.970000e-06	5.391175e-06	1.642666e-09	3.742224e+01	1.078901e+02
3.980000e-06	5.380300e-06	1.604810e-09	3.734676e+01	1.077696e+02
3.990000e-06	5.369000e-06	1.635196e-09	3.726832e+01	1.076386e+02
4.000000e-06	5.357267e-06	1.651600e-09	3.718688e+01	1.074970e+02
4.010000e-06	5.345174e-06	1.617651e-09	3.710294e+01	1.073449e+02
4.020000e-06	5.332572e-06	1.601408e-09	3.701546e+01	1.071825e+02
4.030000e-06	5.319400e-06	1.617815e-09	3.692403e+01	1.070100e+02
4.040000e-06	5.305978e-06	1.654964e-09	3.683086e+01	1.068277e+02
4.050000e-06	5.292048e-06	1.616778e-09	3.673417e+01	1.066362e+02
4.060000e-06	5.277314e-06	1.580287e-09	3.663190e+01	1.064359e+02
4.070000e-06	5.262066e-06	1.616723e-09	3.652605e+01	1.062276e+02
4.080000e-06	5.246468e-06	1.671928e-09	3.641778e+01	1.060119e+02
4.090000e-06	5.230463e-06	1.599091e-09	3.630668e+01	1.057895e+02
4.100000e-06	5.214095e-06	1.577325e-09	3.619307e+01	1.055613e+02
4.110000e-06	5.197512e-06	1.660768e-09	3.607796e+01	1.053281e+02
4.120000e-06	5.180661e-06	1.654507e-09	3.596099e+01	1.050907e+02
4.130000e-06	5.163296e-06	1.545716e-09	3.584045e+01	1.048498e+02
4.140000e-06	5.145556e-06	1.610905e-09	3.571731e+01	1.046064e+02
4.150000e-06	5.127547e-06	1.664926e-09	3.559231e+01	1.043611e+02
4.160000e-06	5.109153e-06	1.549314e-09	3.546463e+01	1.041147e+02
4.170000e-06	5.090372e-06	1.533664e-09	3.533425e+01	1.038678e+02
4.180000e-06	5.071325e-06	1.666347e-09	3.520205e+01	1.036211e+02
4.190000e-06	5.051886e-06	1.596864e-09	3.506711e+01	1.033751e+02
4.200000e-06	5.032057e-06	1.501705e-09	3.492947e+01	1.031302e+02
4.210000e-06	5.012027e-06	1.624597e-09	3.479044e+01	1.028868e+02
4.220000e-06	4.991755e-06	1.642086e-09	3.464971e+01	1.026451e+02
4.230000e-06	4.971276e-06	1.503593e-09	3.450756e+01	1.024055e+02
4.240000e-06	4.950571e-06	1.568404e-09	3.436384e+01	1.021678e+02
4.250000e-06	4.929526e-06	1.653097e-09	3.421776e+01	1.019323e+02
4.260000e-06	4.907761e-06	1.522473e-09	3.406668e+01	1.016987e+02
4.270000e-06	4.885293e-06	1.512686e-09	3.391072e+01	1.014671e+02
4.280000e-06	4.862447e-06	1.632066e-09	3.375214e+01	1.012371e+02
4.290000e-06	4.839150e-06	1.565950e-09	3.359043e+01	1.010084e+02
4.300000e-06	4.815409e-06	1.492289e-09	3.342563e+01	1.007809e+02
4.310000e-06	4.791360e-06	1.589607e-09	3.325870e+01	1.005540e+02
4.320000e-06	4.767076e-06	1.584967e-09	3.309013e+01	1.003274e+02
4.330000e-06	4.742558e-06	1.504159e-09	3.291995e+01	1.001007e+02
4.340000e-06	4.717780e-06	1.547559e-09	3.274795e+01	9.987331e+01
4.350000e-06	4.692626e-06	1.574596e-09	3.257334e+01	9.964490e+01
4.360000e-06	4.667075e-06	1.502051e-09	3.239599e+01	9.941497e+01
4.370000e-06	4.641204e-06	1.513875e-09	3.221641e+01	9.918307e+01
4.380000e-06	4.615012e-06	1.557030e-09	3.203460e+01	9.894877e+01
4.390000e-06	4.588565e-06	1.523536e-09	3.185102e+01	9.871166e+01
4.400000e-06	4.561833e-06	1.503600e-09	3.166546e+01	9.847137e+01
4.410000e-06	4.534696e-06	1.539299e-09	3.147709e+01	9.822754e+01
4.420000e-06	4.507218e-06	1.530929e-09	3.128635e+01	9.797987e+01
4.430000e-06	4.479496e-06	1.507694e-09	3.109393e+01	9.772807e+01
4.440000e-06	4.451549e-06	1.515354e-09	3.089994e+01	9.747193e+01
4.450000e-06	4.423416e-06	1.514550e-09	3.070466e+01	9.721124e+01
4.460000e-06	4.395062e-06	1.486195e-09	3.050784e+01	9.694584e+01
4.470000e-06	4.366529e-06	1.484381e-09	3.030978e+01	9.667561e+01
4.480000e-06	4.337805e-06	1.492052e-09	3.011039e+01	9.640047e+01
4.490000e-06	4.308638e-06	1.480753e-09	2.990794e+01	9.612035e+01
4.500000e-06	4.278993e-06	1.474950e-09	2.970216e+01	9.583523e+01
4.510000e-06	4.248876e-06	1.484423e-09	2.949311e+01	9.554511e+01
4.520000e-06	4.218231e-06	1.474106e-09	2.928039e+01	9.524998e+01
4.530000e-06	4.187172e-06	1.461818e-09	2.906479e+01	9.494987e+01
4.540000e-06	4.155757e-06	1.467636e-09	2.884673e+01	9.464483e+01
4.550000e-06	4.123932e-06	1.459082e-09	2.862582e+01	9.433488e+01
4.560000e-06	4.091823e-06	1.439824e-09	2.840294e+01	9.402008e+01
4.570000e-06	4.059598e-06	1.444177e-09	2.817925e+01	9.370046e+01
4.580000e-06	4.027215e-06	1.447118e-09	2.795447e+01	9.337607e+01
4.590000e-06	3.994567e-06	1.434520e-09	2.772785e+01	9.304694e+01
4.600000e-06	3.961645e-06	1.438695e-09	2.749932e+01	9.271311e+01
4.610000e-06	3.928523e-06	1.442569e-09	2.726941e+01	9.237460e+01
4.620000e-06	3.895130e-06	1.429101e-09	2.703761e+01	9.203142e+01
4.630000e-06	3.861374e-06	1.422305e-09	2.680330e+01	9.168358e+01
4.640000e-06	3.827340e-06	1.428702e-09	2.656706e+01	9.133109e+01
4.650000e-06	3.793007e-06	1.414195e-09	2.632874e+01	9.097395e+01
4.660000e-06	3.758381e-06	1.395660e-09	2.608839e+01	9.061216e+01
4.670000e-06	3.723554e-06	1.395909e-09	2.584664e+01	9.024572e+01
4.680000e-06	3.688525e-06	1.398503e-09	2.560349e+01	8.987464e+01
4.690000e-06	3.653237e-06	1.385722e-09	2.535854e+01	8.949891e+01
4.700000e-06	3.617669e-06	1.388151e-09	2.511165e+01	8.911856e+01
4.710000e-06	3.581845e-06	1.397447e-09	2.486298e+01	8.873360e+01
4.720000e-06	3.545814e-06	1.390563e-09	2.461288e+01	8.834407e+01
4.730000e-06	3.509648e-06	1.380793e-09	2.436183e+01	8.795002e+01
4.740000e-06	3.473381e-06	1.379709e-09	2.411010e+01	8.755151e+01
4.750000e-06	3.436924e-06	1.367021e-09	2.385703e+01	8.714860e+01
4.760000e-06	3.400253e-06	1.354598e-09	2.360248e+01	8.674138e+01
4.770000e-06	3.363417e-06	1.355601e-09	2.334679e+01	8.632996e+01
4.780000e-06	3.326336e-06	1.354699e-09	2.308939e+01	8.591443e+01
4.790000e-06	3.288953e-06	1.344638e-09	2.282990e+01	8.549491e+01
4.800000e-06	3.251215e-06	1.343513e-09	2.256795e+01	8.507153e+01
4.810000e-06	3.212937e-06	1.344558e-09	2.230225e+01	8.464440e+01
4.820000e-06	3.174109e-06	1.337608e-09	2.203273e+01	8.421364e+01
4.830000e-06	3.134959e-06	1.332816e-09	2.176097e+01	8.377937e+01
4.840000e-06	3.095526e-06	1.329851e-09	2.148726e+01	8.334170e+01
4.850000e-06	3.055825e-06	1.320814e-09	2.121167e+01	8.290070e+01
4.860000e-06	3.015956e-06	1.308684e-09	2.093492e+01	8.245645e+01
4.870000e-06	2.975928e-06	1.302477e-09	2.065708e+01	8.200899e+01
4.880000e-06	2.935779e-06	1.297421e-09	2.037838e+01	8.155834e+01
4.890000e-06	2.895528e-06	1.289476e-09	2.009899e+01	8.110447e+01
4.900000e-06	2.855137e-06	1.287281e-09	1.981862e+01	8.064733e+01
4.910000e-06	2.814632e-06	1.286662e-09	1.953746e+01	8.018682e+01
4.920000e-06	2.774022e-06	1.278490e-09	1.925557e+01	7.972280e+01
4.930000e-06	2.733215e-06	1.270220e-09	1.897231e+01	7.925510e+01
4.940000e-06	2.692208e-06	1.261778e-09	1.868766e+01	7.878349e+01
4.950000e-06	2.650987e-06	1.248325e-09	1.840154e+01	7.830770e+01
4.960000e-06	2.609577e-06	1.235250e-09	1.811409e+01	7.782742e+01
4.970000e-06	2.568067e-06	1.232353e-09	1.782596e+01	7.734230e+01
4.980000e-06	2.526301e-06	1.230481e-09	1.753604e+01	7.685194e+01
4.990000e-06	2.484327e-06	1.223732e-09	1.724468e+01	7.635594e+01
5.000000e-06	2.442273e-06	1.215927e-09	1.695277e+01	7.585382e+01
5.010000e-06	2.400091e-06	1.211240e-09	1.665997e+01	7.534512e+01
5.020000e-06	2.357707e-06	1.201046e-09	1.636576e+01	7.482933e+01
5.030000e-06	2.315158e-06	1.190163e-09	1.607042e+01	7.430595e+01
5.040000e-06	2.272458e-06	1.183353e-09	1.577401e+01	7.377445e+01
5.050000e-06	2.229525e-06	1.177065e-09	1.547600e+01	7.323432e+01
5.060000e-06	2.186433e-06	1.171847e-09	1.517689e+01	7.268503e+01
5.070000e-06	2.143226e-06	1.168520e-09	1.487697e+01	7.212607e+01
5.080000e-06	2.099857e-06	1.159850e-09	1.457593e+01	7.155695e+01
5.090000e-06	2.056280e-06	1.144086e-09	1.427344e+01	7.097719e+01
5.100000e-06	2.012531e-06	1.129863e-09	1.396976e+01	7.038634e+01
5.110000e-06	1.968642e-06	1.120014e-09	1.366511e+01	6.978397e+01
5.120000e-06	1.924674e-06	1.111374e-09	1.335991e+01	6.916968e+01
5.130000e-06	1.880700e-06	1.105204e-09	1.305467e+01	6.854308e+01
5.140000e-06	1.836627e-06	1.099951e-09	1.274874e+01	6.790384e+01
5.150000e-06	1.792442e-06	1.090671e-09	1.244204e+01	6.725163e+01
5.160000e-06	1.748206e-06	1.079340e-09	1.213498e+01	6.658614e+01
5.170000e-06	1.703917e-06	1.068814e-09	1.182755e+01	6.590710e+01
5.180000e-06	1.659599e-06	1.056930e-09	1.151992e+01	6.521425e+01
5.190000e-06	1.615184e-06	1.040615e-09	1.121162e+01	6.450731e+01
5.200000e-06	1.570603e-06	1.028302e-09	1.090217e+01	6.378605e+01
5.210000e-06	1.525946e-06	1.022370e-09	1.059219e+01	6.305018e+01
5.220000e-06	1.481302e-06	1.017105e-09	1.028230e+01	6.229945e+01
5.230000e-06	1.436594e-06	1.008599e-09	9.971962e+00	6.153357e+01
5.240000e-06	1.391757e-06	9.966082e-10	9.660731e+00	6.075219e+01
5.250000e-06	1.346794e-06	9.819091e-10	9.348624e+00	5.995498e+01
5.260000e-06	1.301674e-06	9.656518e-10	9.035429e+00	5.914153e+01
5.270000e-06	1.256463e-06	9.480383e-10	8.721599e+00	5.831139e+01
5.280000e-06	1.211142e-06	9.296075e-10	8.407009e+00	5.746404e+01
5.290000e-06	1.165768e-06	9.182502e-10	8.092049e+00	5.659892e+01
5.300000e-06	1.120299e-06	9.114615e-10	7.776435e+00	5.571540e+01
5.310000e-06	1.074660e-06	9.072144e-10	7.459632e+00	5.481276e+01
5.320000e-06	1.028958e-06	9.004231e-10	7.142398e+00	5.389024e+01
5.330000e-06	9.831369e-07	8.883559e-10	6.824336e+00	5.294698e+01
5.340000e-06	9.371663e-07	8.726745e-10	6.505237e+00	5.198208e+01
5.350000e-06	8.911473e-07	8.545179e-10	6.185801e+00	5.099456e+01
5.360000e-06	8.452042e-07	8.362251e-10	5.866892e+00	4.998338e+01
5.370000e-06	7.991970e-07	8.164330e-10	5.547538e+00	4.894747e+01
5.380000e-06	7.531469e-07	7.995765e-10	5.227886e+00	4.788567e+01
5.390000e-06	7.070698e-07	7.865570e-10	4.908047e+00	4.679685e+01
5.400000e-06	6.608130e-07	7.748726e-10	4.586961e+00	4.567980e+01
5.410000e-06	6.144921e-07	7.599444e-10	4.265429e+00	4.453333e+01
5.420000e-06	5.681131e-07	7.442559e-10	3.943494e+00	4.335626e+01
5.430000e-06	5.216331e-07	7.247540e-10	3.620859e+00	4.214742e+01
5.440000e-06	4.751221e-07	6.998117e-10	3.298008e+00	4.090568e+01
5.450000e-06	4.286601e-07	6.743649e-10	2.975497e+00	3.962994e+01
5.460000e-06	3.822316e-07	6.492311e-10	2.653219e+00	3.831920e+01
5.470000e-06	3.356982e-07	6.278993e-10	2.330212e+00	3.697253e+01
5.480000e-06	2.890611e-07	6.097275e-10	2.006486e+00	3.558909e+01
5.490000e-06	2.424574e-07	5.931163e-10	1.682991e+00	3.416815e+01
5.500000e-06	1.958754e-07	5.778788e-10	1.359647e+00	3.270913e+01
5.510000e-06	1.492314e-07	5.598987e-10	1.035873e+00	3.121158e+01
5.520000e-06	1.025809e-07	5.356478e-10	7.120543e-01	2.967518e+01
5.530000e-06	5.595091e-08	5.059241e-10	3.883771e-01	2.809981e+01
5.540000e-06	9.308949e-09	4.770508e-10	6.461704e-02	2.648548e+01
5.550000e-06	-3.731265e-08	4.481334e-10	-2.590017e-01	2.483242e+01
5.560000e-06	-8.389753e-08	4.208208e-10	-5.823655e-01	2.314100e+01
5.570000e-06	-1.304959e-07	3.921644e-10	-9.058228e-01	2.141181e+01
5.580000e-06	-1.771490e-07	3.615130e-10	-1.229661e+00	1.964560e+01
5.590000e-06	-2.237711e-07	3.348097e-10	-1.553283e+00	1.784333e+01
5.600000e-06	-2.703740e-07	3.071112e-10	-1.876771e+00	1.600612e+01
5.610000e-06	-3.169804e-07	2.791620e-10	-2.200285e+00	1.413528e+01
5.620000e-06	-3.634886e-07	2.477172e-10	-2.523116e+00	1.223230e+01
5.630000e-06	-4.099919e-07	2.152792e-10	-2.845913e+00	1.029881e+01
5.640000e-06	-4.564125e-07	1.829873e-10	-3.168137e+00	8.336621e+00
5.650000e-06	-5.027870e-07	1.494446e-10	-3.490040e+00	6.347672e+00
5.660000e-06	-5.491659e-07	1.172147e-10	-3.811975e+00	4.334038e+00
5.670000e-06	-5.954971e-07	8.683425e-11	-4.133578e+00	2.297917e+00
5.680000e-06	-6.417633e-07	5.572615e-11	-4.454729e+00	2.416075e-01
5.690000e-06	-6.879572e-07	2.256423e-11	-4.775379e+00	-1.832496e+00
5.700000e-06	-7.341292e-07	-1.423553e-11	-5.095877e+00	-3.921924e+00
5.710000e-06	-7.801837e-07	-5.223901e-11	-5.415559e+00	-6.024144e+00
5.720000e-06	-8.261481e-07	-8.925942e-11	-5.734616e+00	-8.136574e+00
5.730000e-06	-8.721034e-07	-1.248435e-10	-6.053610e+00	-1.025660e+01
5.740000e-06	-9.180517e-07	-1.585455e-10	-6.372555e+00	-1.238159e+01
5.750000e-06	-9.639499e-07	-1.929780e-10	-6.691152e+00	-1.450891e+01
5.760000e-06	-1.009703e-06	-2.268856e-10	-7.008746e+00	-1.663592e+01
5.770000e-06	-1.055364e-06	-2.634163e-10	-7.325691e+00	-1.876002e+01
5.780000e-06	-1.100913e-06	-3.014353e-10	-7.641867e+00	-2.087863e+01
5.790000e-06	-1.146279e-06	-3.389484e-10	-7.956768e+00	-2.298922e+01
5.800000e-06	-1.191594e-06	-3.764144e-10	-8.271316e+00	-2.508930e+01
5.810000e-06	-1.236808e-06	-4.105033e-10	-8.585165e+00	-2.717647e+01
5.820000e-06	-1.281834e-06	-4.403197e-10	-8.897707e+00	-2.924838e+01
5.830000e-06	-1.326753e-06	-4.721100e-10	-9.209508e+00	-3.130276e+01
5.840000e-06	-1.371551e-06	-5.054799e-10	-9.520473e+00	-3.333744e+01
5.850000e-06	-1.416313e-06	-5.398458e-10	-9.831180e+00	-3.535034e+01
5.860000e-06	-1.461057e-06	-5.752357e-10	-1.014177e+01	-3.733949e+01
5.870000e-06	-1.505726e-06	-6.104936e-10	-1.045183e+01	-3.930299e+01
5.880000e-06	-1.550304e-06	-6.452414e-10	-1.076126e+01	-4.123908e+01
5.890000e-06	-1.594752e-06	-6.796289e-10	-1.106979e+01	-4.314610e+01
5.900000e-06	-1.639139e-06	-7.115721e-10	-1.137790e+01	-4.502252e+01
5.910000e-06	-1.683487e-06	-7.405381e-10	-1.168574e+01	-4.686691e+01
5.920000e-06	-1.727802e-06	-7.673037e-10	-1.199335e+01	-4.867797e+01
5.930000e-06	-1.772045e-06	-7.920049e-10	-1.230045e+01	-5.045453e+01
5.940000e-06	-1.816165e-06	-8.169046e-10	-1.260671e+01	-5.219553e+01
5.950000e-06	-1.860188e-06	-8.440878e-10	-1.291229e+01	-5.390005e+01
5.960000e-06	-1.904220e-06	-8.726369e-10	-1.321793e+01	-5.556728e+01
5.970000e-06	-1.948247e-06	-9.014681e-10	-1.352354e+01	-5.719656e+01
5.980000e-06	-1.992154e-06	-9.308903e-10	-1.382832e+01	-5.878733e+01
5.990000e-06	-2.035861e-06	-9.596146e-10	-1.413170e+01	-6.033919e+01
6.000000e-06	-2.079330e-06	-9.850660e-10	-1.443344e+01	-6.185183e+01
6.010000e-06	-2.122642e-06	-1.006826e-09	-1.473409e+01	-6.332510e+01
6.020000e-06	-2.165843e-06	-1.027363e-09	-1.503396e+01	-6.475893e+01
6.030000e-06	-2.208851e-06	-1.046526e-09	-1.533250e+01	-6.615341e+01
6.040000e-06	-2.251698e-06	-1.066818e-09	-1.562992e+01	-6.750872e+01
6.050000e-06	-2.294407e-06	-1.088368e-09	-1.592637e+01	-6.882515e+01
6.060000e-06	-2.336915e-06	-1.112689e-09	-1.622144e+01	-7.010313e+01
6.070000e-06	-2.379286e-06	-1.141013e-09	-1.651555e+01	-7.134314e+01
6.080000e-06	-2.421560e-06	-1.166402e-09	-1.680900e+01	-7.254579e+01
6.090000e-06	-2.463646e-06	-1.186555e-09	-1.710113e+01	-7.371177e+01
6.100000e-06	-2.505517e-06	-1.202875e-09	-1.739177e+01	-7.484185e+01
6.110000e-06	-2.547256e-06	-1.215091e-09	-1.768150e+01	-7.593686e+01
6.120000e-06	-2.588888e-06	-1.225013e-09	-1.797048e+01	-7.699772e+01
6.130000e-06	-2.630254e-06	-1.236037e-09	-1.825762e+01	-7.802538e+01
6.140000e-06	-2.671329e-06	-1.253429e-09	-1.854274e+01	-7.902083e+01
6.150000e-06	-2.712291e-06	-1.274024e-09	-1.882707e+01	-7.998512e+01
6.160000e-06	-2.753087e-06	-1.294895e-09	-1.911025e+01	-8.091931e+01
6.170000e-06	-2.793653e-06	-1.312715e-09	-1.939184e+01	-8.182446e+01
6.180000e-06	-2.834008e-06	-1.328035e-09	-1.967196e+01	-8.270166e+01
6.190000e-06	-2.874182e-06	-1.340618e-09	-1.995082e+01	-8.355198e+01
6.200000e-06	-2.914368e-06	-1.350773e-09	-2.022976e+01	-8.437647e+01
6.210000e-06	-2.954560e-06	-1.361616e-09	-2.050875e+01	-8.517617e+01
6.220000e-06	-2.994573e-06	-1.372576e-09	-2.078650e+01	-8.595209e+01
6.230000e-06	-3.034379e-06	-1.381783e-09	-2.106281e+01	-8.670519e+01
6.240000e-06	-3.073994e-06	-1.393406e-09	-2.133779e+01	-8.743638e+01
6.250000e-06	-3.113310e-06	-1.407676e-09	-2.161070e+01	-8.814655e+01
6.260000e-06	-3.152312e-06	-1.417863e-09	-2.188143e+01	-8.883650e+01
6.270000e-06	-3.190942e-06	-1.428236e-09	-2.214957e+01	-8.950701e+01
6.280000e-06	-3.229034e-06	-1.441854e-09	-2.241398e+01	-9.015876e+01
6.290000e-06	-3.266682e-06	-1.455514e-09	-2.267531e+01	-9.079241e+01
6.300000e-06	-3.303939e-06	-1.467864e-09	-2.293393e+01	-9.140854e+01
6.310000e-06	-3.340885e-06	-1.479481e-09	-2.319038e+01	-9.200769e+01
6.320000e-06	-3.377571e-06	-1.488407e-09	-2.344504e+01	-9.259033e+01
6.330000e-06	-3.414068e-06	-1.495974e-09	-2.369838e+01	-9.315689e+01
6.340000e-06	-3.450461e-06	-1.504874e-09	-2.395099e+01	-9.370777e+01
6.350000e-06	-3.486689e-06	-1.514148e-09	-2.420247e+01	-9.424331e+01
6.360000e-06	-3.522823e-06	-1.521963e-09	-2.445329e+01	-9.476383e+01
6.370000e-06	-3.558778e-06	-1.531231e-09	-2.470287e+01	-9.526963e+01
6.380000e-06	-3.594494e-06	-1.544863e-09	-2.495078e+01	-9.576099e+01
6.390000e-06	-3.629968e-06	-1.559543e-09	-2.519702e+01	-9.623817e+01
6.400000e-06	-3.665279e-06	-1.570715e-09	-2.544213e+01	-9.670144e+01
6.410000e-06	-3.700425e-06	-1.579834e-09	-2.568609e+01	-9.715106e+01
6.420000e-06	-3.735218e-06	-1.586724e-09	-2.592760e+01	-9.758732e+01
6.430000e-06	-3.769662e-06	-1.588667e-09	-2.616669e+01	-9.801052e+01
6.440000e-06	-3.803844e-06	-1.587144e-09	-2.640396e+01	-9.842096e+01
6.450000e-06	-3.837805e-06	-1.587233e-09	-2.663970e+01	-9.881898e+01
6.460000e-06	-3.871389e-06	-1.590083e-09	-2.687282e+01	-9.920495e+01
6.470000e-06	-3.904625e-06	-1.596268e-09	-2.710352e+01	-9.957926e+01
6.480000e-06	-3.937691e-06	-1.608671e-09	-2.733305e+01	-9.994233e+01
6.490000e-06	-3.970438e-06	-1.622679e-09	-2.756036e+01	-1.002946e+02
6.500000e-06	-4.002898e-06	-1.633413e-09	-2.778568e+01	-1.006366e+02
6.510000e-06	-4.035296e-06	-1.640413e-09	-2.801056e+01	-1.009687e+02
6.520000e-06	-4.067619e-06	-1.644770e-09	-2.823493e+01	-1.012916e+02
6.530000e-06	-4.099778e-06	-1.645964e-09	-2.845816e+01	-1.016056e+02
6.540000e-06	-4.131618e-06	-1.641791e-09	-2.867917e+01	-1.019115e+02
6.550000e-06	-4.163016e-06	-1.641334e-09	-2.889712e+01	-1.022096e+02
6.560000e-06	-4.193955e-06	-1.648602e-09	-2.911187e+01	-1.025005e+02
6.570000e-06	-4.224405e-06	-1.658213e-09	-2.932324e+01	-1.027847e+02
6.580000e-06	-4.254403e-06	-1.670215e-09	-2.953147e+01	-1.030627e+02
6.590000e-06	-4.283966e-06	-1.681360e-09	-2.973668e+01	-1.033350e+02
6.600000e-06	-4.313047e-06	-1.688222e-09	-2.993854e+01	-1.036020e+02
6.610000e-06	-4.341750e-06	-1.689054e-09	-3.013778e+01	-1.038639e+02
6.620000e-06	-4.370229e-06	-1.685146e-09	-3.033546e+01	-1.041213e+02
6.630000e-06	-4.398511e-06	-1.682490e-09	-3.053178e+01	-1.043742e+02
6.640000e-06	-4.426598e-06	-1.682594e-09	-3.072674e+01	-1.046229e+02
6.650000e-06	-4.454537e-06	-1.686508e-09	-3.092068e+01	-1.048675e+02
6.660000e-06	-4.482257e-06	-1.697548e-09	-3.111309e+01	-1.051080e+02
6.670000e-06	-4.509628e-06	-1.709010e-09	-3.130309e+01	-1.053445e+02
6.680000e-06	-4.536643e-06	-1.716424e-09	-3.149061e+01	-1.055769e+02
6.690000e-06	-4.563326e-06	-1.721437e-09	-3.167583e+01	-1.058051e+02
6.700000e-06	-4.589695e-06	-1.720647e-09	-3.185886e+01	-1.060287e+02
6.710000e-06	-4.615720e-06	-1.715069e-09	-3.203951e+01	-1.062476e+02
6.720000e-06	-4.641337e-06	-1.709535e-09	-3.221733e+01	-1.064615e+02
6.730000e-06	-4.666579e-06	-1.706960e-09	-3.239254e+01	-1.066699e+02
6.740000e-06	-4.691437e-06	-1.709473e-09	-3.256509e+01	-1.068726e+02
6.750000e-06	-4.716070e-06	-1.715608e-09	-3.273608e+01	-1.070691e+02
6.760000e-06	-4.740557e-06	-1.724425e-09	-3.290606e+01	-1.072590e+02
6.770000e-06	-4.764777e-06	-1.732194e-09	-3.307417e+01	-1.074419e+02
6.780000e-06	-4.788806e-06	-1.736191e-09	-3.324097e+01	-1.076174e+02
6.790000e-06	-4.812563e-06	-1.737470e-09	-3.340587e+01	-1.077851e+02
6.800000e-06	-4.835967e-06	-1.735830e-09	-3.356833e+01	-1.079446e+02
6.810000e-06	-4.858863e-06	-1.733283e-09	-3.372726e+01	-1.080957e+02
6.820000e-06	-4.881218e-06	-1.732292e-09	-3.388244e+01	-1.082380e+02
6.830000e-06	-4.902995e-06	-1.734693e-09	-3.403360e+01	-1.083715e+02
6.840000e-06	-4.924158e-06	-1.738092e-09	-3.418050e+01	-1.084959e+02
6.850000e-06	-4.944946e-06	-1.740974e-09	-3.432480e+01	-1.086112e+02
6.860000e-06	-4.965460e-06	-1.742166e-09	-3.446719e+01	-1.087175e+02
6.870000e-06	-4.985776e-06	-1.739726e-09	-3.460822e+01	-1.088147e+02
6.880000e-06	-5.005808e-06	-1.737419e-09	-3.474726e+01	-1.089032e+02
6.890000e-06	-5.025551e-06	-1.738760e-09	-3.488431e+01	-1.089832e+02
6.900000e-06	-5.045052e-06	-1.740896e-09	-3.501967e+01	-1.090550e+02
6.910000e-06	-5.064175e-06	-1.742528e-09	-3.515241e+01	-1.091190e+02
6.920000e-06	-5.082888e-06	-1.744112e-09	-3.528231e+01	-1.091757e+02
6.930000e-06	-5.101212e-06	-1.743959e-09	-3.540950e+01	-1.092255e+02
6.940000e-06	-5.119223e-06	-1.742204e-09	-3.553452e+01	-1.092692e+02
6.950000e-06	-5.137005e-06	-1.740599e-09	-3.565796e+01	-1.093072e+02
6.960000e-06	-5.154471e-06	-1.738426e-09	-3.577919e+01	-1.093403e+02
6.970000e-06	-5.171466e-06	-1.734948e-09	-3.589716e+01	-1.093690e+02
6.980000e-06	-5.188101e-06	-1.734126e-09	-3.601263e+01	-1.093940e+02
6.990000e-06	-5.204556e-06	-1.736742e-09	-3.612685e+01	-1.094160e+02
7.000000e-06	-5.220770e-06	-1.739656e-09	-3.623940e+01	-1.094356e+02
7.010000e-06	-5.236635e-06	-1.741446e-09	-3.634953e+01	-1.094533e+02
7.020000e-06	-5.252024e-06	-1.742044e-09	-3.645634e+01	-1.094697e+02
7.030000e-06	-5.266862e-06	-1.740102e-09	-3.655934e+01	-1.094852e+02
7.040000e-06	-5.281060e-06	-1.736138e-09	-3.665790e+01	-1.095004e+02
7.050000e-06	-5.294599e-06	-1.732955e-09	-3.675188e+01	-1.095154e+02
7.060000e-06	-5.307661e-06	-1.729523e-09	-3.684254e+01	-1.095306e+02
7.070000e-06	-5.320333e-06	-1.729183e-09	-3.693050e+01	-1.095462e+02
7.080000e-06	-5.332592e-06	-1.733583e-09	-3.701560e+01	-1.095622e+02
7.090000e-06	-5.344516e-06	-1.739445e-09	-3.709837e+01	-1.095788e+02
7.100000e-06	-5.356105e-06	-1.745761e-09	-3.717881e+01	-1.095957e+02
7.110000e-06	-5.367325e-06	-1.748874e-09	-3.725670e+01	-1.096130e+02
7.120000e-06	-5.378160e-06	-1.745711e-09	-3.733191e+01	-1.096303e+02
7.130000e-06	-5.388618e-06	-1.739743e-09	-3.740450e+01	-1.096475e+02
7.140000e-06	-5.398780e-06	-1.732858e-09	-3.747503e+01	-1.096642e+02
7.150000e-06	-5.408538e-06	-1.724986e-09	-3.754277e+01	-1.096800e+02
7.160000e-06	-5.417868e-06	-1.720629e-09	-3.760754e+01	-1.096945e+02
7.170000e-06	-5.426811e-06	-1.719993e-09	-3.766961e+01	-1.097073e+02
7.180000e-06	-5.435383e-06	-1.721140e-09	-3.772911e+01	-1.097180e+02
7.190000e-06	-5.443743e-06	-1.724568e-09	-3.778714e+01	-1.097261e+02
7.200000e-06	-5.451949e-06	-1.728273e-09	-3.784410e+01	-1.097312e+02
7.210000e-06	-5.459848e-06	-1.729532e-09	-3.789893e+01	-1.097330e+02
7.220000e-06	-5.467364e-06	-1.727327e-09	-3.795111e+01	-1.097311e+02
7.230000e-06	-5.474319e-06	-1.722993e-09	-3.799938e+01	-1.097252e+02
7.240000e-06	-5.480555e-06	-1.719117e-09	-3.804267e+01	-1.097151e+02
7.250000e-06	-5.486222e-06	-1.716581e-09	-3.808201e+01	-1.097005e+02
7.260000e-06	-5.491354e-06	-1.716009e-09	-3.811763e+01	-1.096815e+02
7.270000e-06	-5.496052e-06	-1.716400e-09	-3.815024e+01	-1.096579e+02
7.280000e-06	-5.500496e-06	-1.715873e-09	-3.818109e+01	-1.096299e+02
7.290000e-06	-5.504685e-06	-1.716433e-09	-3.821017e+01	-1.095976e+02
7.300000e-06	-5.508536e-06	-1.718312e-09	-3.823690e+01	-1.095612e+02
7.310000e-06	-5.511974e-06	-1.717430e-09	-3.826076e+01	-1.095209e+02
7.320000e-06	-5.515078e-06	-1.712053e-09	-3.828231e+01	-1.094772e+02
7.330000e-06	-5.517866e-06	-1.705348e-09	-3.830166e+01	-1.094305e+02
7.340000e-06	-5.520318e-06	-1.699131e-09	-3.831868e+01	-1.093812e+02
7.350000e-06	-5.522503e-06	-1.694734e-09	-3.833385e+01	-1.093298e+02
7.360000e-06	-5.524301e-06	-1.692573e-09	-3.834633e+01	-1.092769e+02
7.370000e-06	-5.525567e-06	-1.691962e-09	-3.835511e+01	-1.092230e+02
7.380000e-06	-5.526464e-06	-1.692389e-09	-3.836134e+01	-1.091687e+02
7.390000e-06	-5.527174e-06	-1.691394e-09	-3.836627e+01	-1.091144e+02
7.400000e-06	-5.527658e-06	-1.689572e-09	-3.836963e+01	-1.090608e+02
