# Temperatura_=_9.78
# Concentracion g/m^3_=_1620.0
# C_Vs_to_Am_M_A/Vsm_=_65563218390.804596
# pendiente_HvsI_1/m_=_3716.3
# ordenada_HvsI_A/m_=_1297.0
# frecuencia_Hz_=_135099.42787563166

Tiempo_(s)	Campo_(V.s)	Magnetizacion_(V.s)	Campo_(kA/m)	Magnetizacion_(A/m)
0.000000e+00	-5.525428e-06	-1.584339e-09	-3.837564e+01	-1.041821e+02
1.000000e-08	-5.525633e-06	-1.583040e-09	-3.837707e+01	-1.041345e+02
2.000000e-08	-5.525515e-06	-1.584166e-09	-3.837625e+01	-1.040901e+02
3.000000e-08	-5.525057e-06	-1.588980e-09	-3.837307e+01	-1.040495e+02
4.000000e-08	-5.524289e-06	-1.593091e-09	-3.836774e+01	-1.040130e+02
5.000000e-08	-5.523016e-06	-1.589908e-09	-3.835889e+01	-1.039812e+02
6.000000e-08	-5.521039e-06	-1.575127e-09	-3.834516e+01	-1.039543e+02
7.000000e-08	-5.518398e-06	-1.562671e-09	-3.832682e+01	-1.039326e+02
8.000000e-08	-5.515191e-06	-1.606280e-09	-3.830455e+01	-1.039162e+02
9.000000e-08	-5.511496e-06	-1.675003e-09	-3.827888e+01	-1.039051e+02
1.000000e-07	-5.507380e-06	-1.637409e-09	-3.825030e+01	-1.038992e+02
1.100000e-07	-5.503013e-06	-1.542921e-09	-3.821996e+01	-1.038983e+02
1.200000e-07	-5.498455e-06	-1.516828e-09	-3.818831e+01	-1.039021e+02
1.300000e-07	-5.493581e-06	-1.568338e-09	-3.815446e+01	-1.039102e+02
1.400000e-07	-5.488221e-06	-1.618199e-09	-3.811723e+01	-1.039219e+02
1.500000e-07	-5.482482e-06	-1.558803e-09	-3.807737e+01	-1.039368e+02
1.600000e-07	-5.476493e-06	-1.550848e-09	-3.803578e+01	-1.039539e+02
1.700000e-07	-5.470124e-06	-1.578704e-09	-3.799154e+01	-1.039724e+02
1.800000e-07	-5.463323e-06	-1.621656e-09	-3.794431e+01	-1.039915e+02
1.900000e-07	-5.456099e-06	-1.593714e-09	-3.789414e+01	-1.040101e+02
2.000000e-07	-5.448558e-06	-1.559576e-09	-3.784176e+01	-1.040272e+02
2.100000e-07	-5.440843e-06	-1.581368e-09	-3.778818e+01	-1.040417e+02
2.200000e-07	-5.432933e-06	-1.617308e-09	-3.773324e+01	-1.040525e+02
2.300000e-07	-5.424711e-06	-1.618952e-09	-3.767614e+01	-1.040585e+02
2.400000e-07	-5.416072e-06	-1.585225e-09	-3.761614e+01	-1.040587e+02
2.500000e-07	-5.406682e-06	-1.584451e-09	-3.755092e+01	-1.040520e+02
2.600000e-07	-5.396411e-06	-1.597176e-09	-3.747959e+01	-1.040373e+02
2.700000e-07	-5.385594e-06	-1.613837e-09	-3.740446e+01	-1.040138e+02
2.800000e-07	-5.374350e-06	-1.591741e-09	-3.732637e+01	-1.039806e+02
2.900000e-07	-5.362649e-06	-1.595247e-09	-3.724510e+01	-1.039370e+02
3.000000e-07	-5.350653e-06	-1.598206e-09	-3.716178e+01	-1.038822e+02
3.100000e-07	-5.338328e-06	-1.598172e-09	-3.707618e+01	-1.038157e+02
3.200000e-07	-5.325499e-06	-1.566821e-09	-3.698708e+01	-1.037372e+02
3.300000e-07	-5.312295e-06	-1.583313e-09	-3.689538e+01	-1.036464e+02
3.400000e-07	-5.298820e-06	-1.598805e-09	-3.680179e+01	-1.035430e+02
3.500000e-07	-5.284951e-06	-1.595518e-09	-3.670546e+01	-1.034272e+02
3.600000e-07	-5.270562e-06	-1.588143e-09	-3.660553e+01	-1.032989e+02
3.700000e-07	-5.255738e-06	-1.597134e-09	-3.650257e+01	-1.031586e+02
3.800000e-07	-5.240345e-06	-1.562151e-09	-3.639566e+01	-1.030066e+02
3.900000e-07	-5.224382e-06	-1.547318e-09	-3.628480e+01	-1.028433e+02
4.000000e-07	-5.208018e-06	-1.581343e-09	-3.617114e+01	-1.026695e+02
4.100000e-07	-5.191225e-06	-1.582927e-09	-3.605451e+01	-1.024858e+02
4.200000e-07	-5.174066e-06	-1.537302e-09	-3.593534e+01	-1.022930e+02
4.300000e-07	-5.156642e-06	-1.558421e-09	-3.581432e+01	-1.020921e+02
4.400000e-07	-5.138910e-06	-1.594624e-09	-3.569117e+01	-1.018840e+02
4.500000e-07	-5.120763e-06	-1.545289e-09	-3.556513e+01	-1.016696e+02
4.600000e-07	-5.102275e-06	-1.521479e-09	-3.543673e+01	-1.014499e+02
4.700000e-07	-5.083370e-06	-1.561797e-09	-3.530543e+01	-1.012261e+02
4.800000e-07	-5.064032e-06	-1.551753e-09	-3.517112e+01	-1.009990e+02
4.900000e-07	-5.044457e-06	-1.512560e-09	-3.503517e+01	-1.007696e+02
5.000000e-07	-5.024719e-06	-1.551808e-09	-3.489808e+01	-1.005390e+02
5.100000e-07	-5.004780e-06	-1.556830e-09	-3.475960e+01	-1.003079e+02
5.200000e-07	-4.984522e-06	-1.508681e-09	-3.461890e+01	-1.000771e+02
5.300000e-07	-4.963927e-06	-1.518962e-09	-3.447586e+01	-9.984747e+01
5.400000e-07	-4.942996e-06	-1.554956e-09	-3.433049e+01	-9.961957e+01
5.500000e-07	-4.921665e-06	-1.511807e-09	-3.418234e+01	-9.939394e+01
5.600000e-07	-4.899977e-06	-1.498953e-09	-3.403171e+01	-9.917103e+01
5.700000e-07	-4.877981e-06	-1.527958e-09	-3.387894e+01	-9.895116e+01
5.800000e-07	-4.855679e-06	-1.511548e-09	-3.372405e+01	-9.873455e+01
5.900000e-07	-4.832985e-06	-1.484277e-09	-3.356643e+01	-9.852130e+01
6.000000e-07	-4.809923e-06	-1.508898e-09	-3.340626e+01	-9.831140e+01
6.100000e-07	-4.786593e-06	-1.499781e-09	-3.324423e+01	-9.810475e+01
6.200000e-07	-4.763026e-06	-1.473719e-09	-3.308055e+01	-9.790113e+01
6.300000e-07	-4.739262e-06	-1.487453e-09	-3.291550e+01	-9.770023e+01
6.400000e-07	-4.715288e-06	-1.497259e-09	-3.274899e+01	-9.750168e+01
6.500000e-07	-4.691066e-06	-1.469962e-09	-3.258077e+01	-9.730501e+01
6.600000e-07	-4.666347e-06	-1.474978e-09	-3.240909e+01	-9.710970e+01
6.700000e-07	-4.641021e-06	-1.488463e-09	-3.223319e+01	-9.691517e+01
6.800000e-07	-4.615116e-06	-1.470428e-09	-3.205328e+01	-9.672080e+01
6.900000e-07	-4.588557e-06	-1.460627e-09	-3.186882e+01	-9.652595e+01
7.000000e-07	-4.561557e-06	-1.469545e-09	-3.168129e+01	-9.632997e+01
7.100000e-07	-4.534257e-06	-1.458646e-09	-3.149169e+01	-9.613220e+01
7.200000e-07	-4.506672e-06	-1.447380e-09	-3.130010e+01	-9.593199e+01
7.300000e-07	-4.478955e-06	-1.454066e-09	-3.110759e+01	-9.572870e+01
7.400000e-07	-4.451112e-06	-1.451404e-09	-3.091422e+01	-9.552176e+01
7.500000e-07	-4.423037e-06	-1.443073e-09	-3.071923e+01	-9.531059e+01
7.600000e-07	-4.394683e-06	-1.445453e-09	-3.052231e+01	-9.509469e+01
7.700000e-07	-4.365991e-06	-1.443104e-09	-3.032303e+01	-9.487360e+01
7.800000e-07	-4.336904e-06	-1.428263e-09	-3.012102e+01	-9.464694e+01
7.900000e-07	-4.307466e-06	-1.426570e-09	-2.991656e+01	-9.441437e+01
8.000000e-07	-4.277781e-06	-1.425003e-09	-2.971039e+01	-9.417562e+01
8.100000e-07	-4.247840e-06	-1.412825e-09	-2.950244e+01	-9.393051e+01
8.200000e-07	-4.217657e-06	-1.401269e-09	-2.929281e+01	-9.367891e+01
8.300000e-07	-4.187211e-06	-1.404133e-09	-2.908135e+01	-9.342074e+01
8.400000e-07	-4.156369e-06	-1.400433e-09	-2.886715e+01	-9.315602e+01
8.500000e-07	-4.125234e-06	-1.394647e-09	-2.865090e+01	-9.288479e+01
8.600000e-07	-4.093849e-06	-1.392267e-09	-2.843293e+01	-9.260717e+01
8.700000e-07	-4.062232e-06	-1.386789e-09	-2.821334e+01	-9.232331e+01
8.800000e-07	-4.030478e-06	-1.372958e-09	-2.799280e+01	-9.203342e+01
8.900000e-07	-3.998649e-06	-1.366807e-09	-2.777174e+01	-9.173772e+01
9.000000e-07	-3.966666e-06	-1.359223e-09	-2.754960e+01	-9.143647e+01
9.100000e-07	-3.934382e-06	-1.349758e-09	-2.732538e+01	-9.112996e+01
9.200000e-07	-3.901672e-06	-1.344058e-09	-2.709820e+01	-9.081847e+01
9.300000e-07	-3.868534e-06	-1.347103e-09	-2.686805e+01	-9.050229e+01
9.400000e-07	-3.834987e-06	-1.342282e-09	-2.663506e+01	-9.018173e+01
9.500000e-07	-3.800934e-06	-1.334785e-09	-2.639855e+01	-8.985705e+01
9.600000e-07	-3.766442e-06	-1.332290e-09	-2.615900e+01	-8.952852e+01
9.700000e-07	-3.731490e-06	-1.325349e-09	-2.591624e+01	-8.919640e+01
9.800000e-07	-3.696137e-06	-1.311575e-09	-2.567070e+01	-8.886091e+01
9.900000e-07	-3.660581e-06	-1.301694e-09	-2.542376e+01	-8.852223e+01
1.000000e-06	-3.624935e-06	-1.294695e-09	-2.517619e+01	-8.818054e+01
1.010000e-06	-3.589228e-06	-1.285962e-09	-2.492820e+01	-8.783595e+01
1.020000e-06	-3.553434e-06	-1.280893e-09	-2.467960e+01	-8.748856e+01
1.030000e-06	-3.517480e-06	-1.280221e-09	-2.442989e+01	-8.713844e+01
1.040000e-06	-3.481305e-06	-1.277881e-09	-2.417864e+01	-8.678560e+01
1.050000e-06	-3.444794e-06	-1.270721e-09	-2.392506e+01	-8.643003e+01
1.060000e-06	-3.407888e-06	-1.263095e-09	-2.366874e+01	-8.607169e+01
1.070000e-06	-3.370727e-06	-1.251766e-09	-2.341065e+01	-8.571050e+01
1.080000e-06	-3.333347e-06	-1.237971e-09	-2.315103e+01	-8.534637e+01
1.090000e-06	-3.295742e-06	-1.228602e-09	-2.288985e+01	-8.497917e+01
1.100000e-06	-3.257945e-06	-1.226329e-09	-2.262734e+01	-8.460876e+01
1.110000e-06	-3.219899e-06	-1.224533e-09	-2.236310e+01	-8.423496e+01
1.120000e-06	-3.181686e-06	-1.222487e-09	-2.209770e+01	-8.385760e+01
1.130000e-06	-3.143247e-06	-1.218403e-09	-2.183073e+01	-8.347649e+01
1.140000e-06	-3.104501e-06	-1.212981e-09	-2.156163e+01	-8.309142e+01
1.150000e-06	-3.065530e-06	-1.201994e-09	-2.129096e+01	-8.270220e+01
1.160000e-06	-3.026334e-06	-1.192926e-09	-2.101874e+01	-8.230862e+01
1.170000e-06	-2.987020e-06	-1.183419e-09	-2.074569e+01	-8.191047e+01
1.180000e-06	-2.947534e-06	-1.177016e-09	-2.047145e+01	-8.150754e+01
1.190000e-06	-2.907864e-06	-1.174228e-09	-2.019593e+01	-8.109963e+01
1.200000e-06	-2.868090e-06	-1.173895e-09	-1.991969e+01	-8.068656e+01
1.210000e-06	-2.828199e-06	-1.168911e-09	-1.964263e+01	-8.026811e+01
1.220000e-06	-2.788198e-06	-1.161579e-09	-1.936481e+01	-7.984412e+01
1.230000e-06	-2.748098e-06	-1.153857e-09	-1.908631e+01	-7.941440e+01
1.240000e-06	-2.707848e-06	-1.145111e-09	-1.880676e+01	-7.897878e+01
1.250000e-06	-2.667331e-06	-1.136430e-09	-1.852536e+01	-7.853708e+01
1.260000e-06	-2.626511e-06	-1.129063e-09	-1.824186e+01	-7.808915e+01
1.270000e-06	-2.585465e-06	-1.123643e-09	-1.795678e+01	-7.763481e+01
1.280000e-06	-2.544161e-06	-1.118781e-09	-1.766991e+01	-7.717392e+01
1.290000e-06	-2.502539e-06	-1.113737e-09	-1.738083e+01	-7.670631e+01
1.300000e-06	-2.460635e-06	-1.108164e-09	-1.708980e+01	-7.623181e+01
1.310000e-06	-2.418523e-06	-1.099737e-09	-1.679732e+01	-7.575025e+01
1.320000e-06	-2.376117e-06	-1.088949e-09	-1.650279e+01	-7.526147e+01
1.330000e-06	-2.333279e-06	-1.077069e-09	-1.620528e+01	-7.476529e+01
1.340000e-06	-2.290210e-06	-1.065728e-09	-1.590615e+01	-7.426151e+01
1.350000e-06	-2.247000e-06	-1.060660e-09	-1.560605e+01	-7.374995e+01
1.360000e-06	-2.203547e-06	-1.061324e-09	-1.530425e+01	-7.323038e+01
1.370000e-06	-2.159941e-06	-1.059909e-09	-1.500140e+01	-7.270258e+01
1.380000e-06	-2.116269e-06	-1.048034e-09	-1.469808e+01	-7.216633e+01
1.390000e-06	-2.072518e-06	-1.030789e-09	-1.439422e+01	-7.162136e+01
1.400000e-06	-2.028684e-06	-1.014236e-09	-1.408978e+01	-7.106742e+01
1.410000e-06	-1.984792e-06	-1.000022e-09	-1.378494e+01	-7.050421e+01
1.420000e-06	-1.940838e-06	-9.876898e-10	-1.347966e+01	-6.993144e+01
1.430000e-06	-1.896762e-06	-9.813870e-10	-1.317354e+01	-6.934878e+01
1.440000e-06	-1.852581e-06	-9.772425e-10	-1.286669e+01	-6.875589e+01
1.450000e-06	-1.808299e-06	-9.709959e-10	-1.255915e+01	-6.815242e+01
1.460000e-06	-1.763916e-06	-9.599357e-10	-1.225089e+01	-6.753799e+01
1.470000e-06	-1.719437e-06	-9.465562e-10	-1.194197e+01	-6.691218e+01
1.480000e-06	-1.674814e-06	-9.313875e-10	-1.163205e+01	-6.627459e+01
1.490000e-06	-1.630032e-06	-9.137830e-10	-1.132103e+01	-6.562475e+01
1.500000e-06	-1.585049e-06	-8.969712e-10	-1.100861e+01	-6.496219e+01
1.510000e-06	-1.539992e-06	-8.863387e-10	-1.069568e+01	-6.428641e+01
1.520000e-06	-1.494920e-06	-8.786783e-10	-1.038264e+01	-6.359689e+01
1.530000e-06	-1.449713e-06	-8.712865e-10	-1.006866e+01	-6.289307e+01
1.540000e-06	-1.404341e-06	-8.592061e-10	-9.753543e+00	-6.217435e+01
1.550000e-06	-1.358809e-06	-8.447955e-10	-9.437312e+00	-6.144013e+01
1.560000e-06	-1.313223e-06	-8.311155e-10	-9.120705e+00	-6.068973e+01
1.570000e-06	-1.267602e-06	-8.180811e-10	-8.803853e+00	-5.992249e+01
1.580000e-06	-1.221840e-06	-8.062808e-10	-8.486020e+00	-5.913768e+01
1.590000e-06	-1.175975e-06	-7.937778e-10	-8.167478e+00	-5.833454e+01
1.600000e-06	-1.130099e-06	-7.811595e-10	-7.848857e+00	-5.751227e+01
1.610000e-06	-1.084155e-06	-7.705323e-10	-7.529763e+00	-5.667005e+01
1.620000e-06	-1.038095e-06	-7.603471e-10	-7.209860e+00	-5.580700e+01
1.630000e-06	-9.919692e-07	-7.486860e-10	-6.889504e+00	-5.492223e+01
1.640000e-06	-9.457450e-07	-7.345865e-10	-6.568464e+00	-5.401481e+01
1.650000e-06	-8.994430e-07	-7.168356e-10	-6.246884e+00	-5.308378e+01
1.660000e-06	-8.531688e-07	-6.976543e-10	-5.925497e+00	-5.212813e+01
1.670000e-06	-8.068836e-07	-6.781542e-10	-5.604032e+00	-5.114687e+01
1.680000e-06	-7.605320e-07	-6.607149e-10	-5.282108e+00	-5.013895e+01
1.690000e-06	-7.140761e-07	-6.458483e-10	-4.959459e+00	-4.910335e+01
1.700000e-06	-6.675534e-07	-6.298310e-10	-4.636345e+00	-4.803900e+01
1.710000e-06	-6.210678e-07	-6.121997e-10	-4.313490e+00	-4.694487e+01
1.720000e-06	-5.743743e-07	-5.947357e-10	-3.989190e+00	-4.581992e+01
1.730000e-06	-5.275946e-07	-5.747467e-10	-3.664292e+00	-4.466313e+01
1.740000e-06	-4.809204e-07	-5.548036e-10	-3.340127e+00	-4.347352e+01
1.750000e-06	-4.341601e-07	-5.356854e-10	-3.015364e+00	-4.225012e+01
1.760000e-06	-3.874012e-07	-5.170172e-10	-2.690610e+00	-4.099206e+01
1.770000e-06	-3.406766e-07	-4.972011e-10	-2.366095e+00	-3.969848e+01
1.780000e-06	-2.939066e-07	-4.780759e-10	-2.041264e+00	-3.836862e+01
1.790000e-06	-2.470996e-07	-4.594350e-10	-1.716176e+00	-3.700180e+01
1.800000e-06	-2.002704e-07	-4.396943e-10	-1.390934e+00	-3.559744e+01
1.810000e-06	-1.534350e-07	-4.194426e-10	-1.065649e+00	-3.415505e+01
1.820000e-06	-1.065573e-07	-3.984756e-10	-7.400702e-01	-3.267427e+01
1.830000e-06	-5.970497e-08	-3.759935e-10	-4.146678e-01	-3.115486e+01
1.840000e-06	-1.296929e-08	-3.534126e-10	-9.007532e-02	-2.959674e+01
1.850000e-06	3.373851e-08	-3.316443e-10	2.343234e-01	-2.799994e+01
1.860000e-06	8.054287e-08	-3.094207e-10	5.593928e-01	-2.636468e+01
1.870000e-06	1.272789e-07	-2.855035e-10	8.839879e-01	-2.469133e+01
1.880000e-06	1.739695e-07	-2.617996e-10	1.208267e+00	-2.298041e+01
1.890000e-06	2.207553e-07	-2.377874e-10	1.533208e+00	-2.123263e+01
1.900000e-06	2.675545e-07	-2.121326e-10	1.858241e+00	-1.944888e+01
1.910000e-06	3.143971e-07	-1.852851e-10	2.183576e+00	-1.763021e+01
1.920000e-06	3.611918e-07	-1.562276e-10	2.508578e+00	-1.577785e+01
1.930000e-06	4.079003e-07	-1.271966e-10	2.832982e+00	-1.389321e+01
1.940000e-06	4.545632e-07	-1.005787e-10	3.157069e+00	-1.197787e+01
1.950000e-06	5.013154e-07	-7.467657e-11	3.481776e+00	-1.003356e+01
1.960000e-06	5.480591e-07	-4.916333e-11	3.806424e+00	-8.062188e+00
1.970000e-06	5.946898e-07	-2.407420e-11	4.130287e+00	-6.065802e+00
1.980000e-06	6.412268e-07	1.881223e-12	4.453500e+00	-4.046592e+00
1.990000e-06	6.876895e-07	2.987581e-11	4.776196e+00	-2.006876e+00
2.000000e-06	7.341213e-07	6.113858e-11	5.098678e+00	5.090806e-02
2.010000e-06	7.803848e-07	9.331841e-11	5.419991e+00	2.124222e+00
2.020000e-06	8.265851e-07	1.233515e-10	5.740865e+00	4.210437e+00
2.030000e-06	8.728062e-07	1.499773e-10	6.061884e+00	6.306853e+00
2.040000e-06	9.190007e-07	1.743649e-10	6.382717e+00	8.410710e+00
2.050000e-06	9.651279e-07	2.000500e-10	6.703084e+00	1.051921e+01
2.060000e-06	1.011128e-06	2.295687e-10	7.022567e+00	1.262953e+01
2.070000e-06	1.057098e-06	2.605338e-10	7.341845e+00	1.473883e+01
2.080000e-06	1.103079e-06	2.910406e-10	7.661191e+00	1.684431e+01
2.090000e-06	1.148941e-06	3.212280e-10	7.979717e+00	1.894316e+01
2.100000e-06	1.194671e-06	3.517973e-10	8.297323e+00	2.103264e+01
2.110000e-06	1.240286e-06	3.826548e-10	8.614134e+00	2.311005e+01
2.120000e-06	1.285795e-06	4.136680e-10	8.930210e+00	2.517279e+01
2.130000e-06	1.331265e-06	4.429617e-10	9.246007e+00	2.721833e+01
2.140000e-06	1.376650e-06	4.707762e-10	9.561218e+00	2.924424e+01
2.150000e-06	1.421950e-06	4.974738e-10	9.875842e+00	3.124821e+01
2.160000e-06	1.467188e-06	5.228150e-10	1.019003e+01	3.322807e+01
2.170000e-06	1.512281e-06	5.487647e-10	1.050322e+01	3.518177e+01
2.180000e-06	1.557274e-06	5.762209e-10	1.081570e+01	3.710740e+01
2.190000e-06	1.602125e-06	6.030839e-10	1.112720e+01	3.900321e+01
2.200000e-06	1.646760e-06	6.295332e-10	1.143721e+01	4.086762e+01
2.210000e-06	1.691263e-06	6.565557e-10	1.174630e+01	4.269919e+01
2.220000e-06	1.735684e-06	6.830357e-10	1.205481e+01	4.449665e+01
2.230000e-06	1.779993e-06	7.083320e-10	1.236255e+01	4.625891e+01
2.240000e-06	1.824212e-06	7.305023e-10	1.266966e+01	4.798504e+01
2.250000e-06	1.868354e-06	7.500239e-10	1.297624e+01	4.967425e+01
2.260000e-06	1.912462e-06	7.707494e-10	1.328259e+01	5.132596e+01
2.270000e-06	1.956530e-06	7.923117e-10	1.358865e+01	5.293970e+01
2.280000e-06	2.000472e-06	8.140868e-10	1.389384e+01	5.451519e+01
2.290000e-06	2.044277e-06	8.359101e-10	1.419807e+01	5.605227e+01
2.300000e-06	2.087998e-06	8.581607e-10	1.450173e+01	5.755095e+01
2.310000e-06	2.131636e-06	8.809166e-10	1.480481e+01	5.901134e+01
2.320000e-06	2.175149e-06	9.015418e-10	1.510702e+01	6.043369e+01
2.330000e-06	2.218625e-06	9.208633e-10	1.540897e+01	6.181837e+01
2.340000e-06	2.262002e-06	9.391802e-10	1.571024e+01	6.316584e+01
2.350000e-06	2.305185e-06	9.560151e-10	1.601016e+01	6.447666e+01
2.360000e-06	2.348116e-06	9.732796e-10	1.630832e+01	6.575148e+01
2.370000e-06	2.390735e-06	9.899502e-10	1.660433e+01	6.699100e+01
2.380000e-06	2.433021e-06	1.002767e-09	1.689801e+01	6.819600e+01
2.390000e-06	2.474980e-06	1.017435e-09	1.718943e+01	6.936730e+01
2.400000e-06	2.516687e-06	1.035491e-09	1.747910e+01	7.050577e+01
2.410000e-06	2.558136e-06	1.054738e-09	1.776697e+01	7.161229e+01
2.420000e-06	2.599298e-06	1.068676e-09	1.805285e+01	7.268777e+01
2.430000e-06	2.640222e-06	1.078612e-09	1.833708e+01	7.373313e+01
2.440000e-06	2.680955e-06	1.089523e-09	1.861999e+01	7.474927e+01
2.450000e-06	2.721428e-06	1.101651e-09	1.890108e+01	7.573709e+01
2.460000e-06	2.761654e-06	1.117812e-09	1.918046e+01	7.669748e+01
2.470000e-06	2.801692e-06	1.134368e-09	1.945854e+01	7.763129e+01
2.480000e-06	2.841528e-06	1.147293e-09	1.973521e+01	7.853934e+01
2.490000e-06	2.881250e-06	1.157531e-09	2.001109e+01	7.942242e+01
2.500000e-06	2.920884e-06	1.168627e-09	2.028636e+01	8.028127e+01
2.510000e-06	2.960371e-06	1.179386e-09	2.056061e+01	8.111658e+01
2.520000e-06	2.999636e-06	1.188357e-09	2.083332e+01	8.192900e+01
2.530000e-06	3.038715e-06	1.195984e-09	2.110473e+01	8.271913e+01
2.540000e-06	3.077599e-06	1.204657e-09	2.137478e+01	8.348751e+01
2.550000e-06	3.116292e-06	1.214823e-09	2.164352e+01	8.423463e+01
2.560000e-06	3.154781e-06	1.227453e-09	2.191084e+01	8.496093e+01
2.570000e-06	3.192971e-06	1.239477e-09	2.217608e+01	8.566682e+01
2.580000e-06	3.230906e-06	1.248589e-09	2.243955e+01	8.635264e+01
2.590000e-06	3.268676e-06	1.255494e-09	2.270187e+01	8.701871e+01
2.600000e-06	3.306321e-06	1.261941e-09	2.296332e+01	8.766530e+01
2.610000e-06	3.343735e-06	1.270018e-09	2.322318e+01	8.829267e+01
2.620000e-06	3.380891e-06	1.280657e-09	2.348123e+01	8.890103e+01
2.630000e-06	3.417757e-06	1.290640e-09	2.373728e+01	8.949059e+01
2.640000e-06	3.454342e-06	1.301189e-09	2.399137e+01	9.006154e+01
2.650000e-06	3.490737e-06	1.312377e-09	2.424415e+01	9.061407e+01
2.660000e-06	3.526921e-06	1.320248e-09	2.449545e+01	9.114836e+01
2.670000e-06	3.562919e-06	1.326442e-09	2.474547e+01	9.166463e+01
2.680000e-06	3.598724e-06	1.331411e-09	2.499415e+01	9.216307e+01
2.690000e-06	3.634351e-06	1.334652e-09	2.524158e+01	9.264391e+01
2.700000e-06	3.669899e-06	1.339280e-09	2.548848e+01	9.310743e+01
2.710000e-06	3.705384e-06	1.347192e-09	2.573493e+01	9.355391e+01
2.720000e-06	3.740621e-06	1.357835e-09	2.597966e+01	9.398367e+01
2.730000e-06	3.775481e-06	1.369193e-09	2.622177e+01	9.439707e+01
2.740000e-06	3.809948e-06	1.379052e-09	2.646115e+01	9.479453e+01
2.750000e-06	3.843904e-06	1.385441e-09	2.669699e+01	9.517649e+01
2.760000e-06	3.877333e-06	1.386894e-09	2.692916e+01	9.554344e+01
2.770000e-06	3.910305e-06	1.388065e-09	2.715816e+01	9.589591e+01
2.780000e-06	3.942954e-06	1.391196e-09	2.738492e+01	9.623449e+01
2.790000e-06	3.975324e-06	1.396932e-09	2.760974e+01	9.655979e+01
2.800000e-06	4.007379e-06	1.404756e-09	2.783237e+01	9.687246e+01
2.810000e-06	4.039182e-06	1.411960e-09	2.805325e+01	9.717318e+01
2.820000e-06	4.070824e-06	1.418420e-09	2.827301e+01	9.746267e+01
2.830000e-06	4.102342e-06	1.424776e-09	2.849192e+01	9.774164e+01
2.840000e-06	4.133650e-06	1.428792e-09	2.870936e+01	9.801085e+01
2.850000e-06	4.164693e-06	1.428766e-09	2.892496e+01	9.827104e+01
2.860000e-06	4.195393e-06	1.427095e-09	2.913818e+01	9.852295e+01
2.870000e-06	4.225746e-06	1.430044e-09	2.934899e+01	9.876732e+01
2.880000e-06	4.255781e-06	1.436369e-09	2.955759e+01	9.900486e+01
2.890000e-06	4.285535e-06	1.442708e-09	2.976424e+01	9.923626e+01
2.900000e-06	4.315046e-06	1.447846e-09	2.996920e+01	9.946219e+01
2.910000e-06	4.344316e-06	1.453501e-09	3.017249e+01	9.968323e+01
2.920000e-06	4.373318e-06	1.459940e-09	3.037392e+01	9.989997e+01
2.930000e-06	4.401985e-06	1.465274e-09	3.057302e+01	1.001129e+02
2.940000e-06	4.430419e-06	1.467960e-09	3.077050e+01	1.003225e+02
2.950000e-06	4.458605e-06	1.469202e-09	3.096626e+01	1.005290e+02
2.960000e-06	4.486472e-06	1.472509e-09	3.115981e+01	1.007329e+02
2.970000e-06	4.514129e-06	1.477529e-09	3.135189e+01	1.009344e+02
2.980000e-06	4.541640e-06	1.482936e-09	3.154296e+01	1.011335e+02
2.990000e-06	4.568935e-06	1.488509e-09	3.173253e+01	1.013305e+02
3.000000e-06	4.595952e-06	1.493903e-09	3.192017e+01	1.015252e+02
3.010000e-06	4.622523e-06	1.497579e-09	3.210472e+01	1.017177e+02
3.020000e-06	4.648388e-06	1.498858e-09	3.228435e+01	1.019078e+02
3.030000e-06	4.673550e-06	1.499717e-09	3.245912e+01	1.020954e+02
3.040000e-06	4.698242e-06	1.501079e-09	3.263061e+01	1.022801e+02
3.050000e-06	4.722599e-06	1.504617e-09	3.279978e+01	1.024618e+02
3.060000e-06	4.746656e-06	1.510742e-09	3.296686e+01	1.026400e+02
3.070000e-06	4.770443e-06	1.514926e-09	3.313206e+01	1.028144e+02
3.080000e-06	4.793920e-06	1.517031e-09	3.329512e+01	1.029847e+02
3.090000e-06	4.817094e-06	1.517190e-09	3.345607e+01	1.031503e+02
3.100000e-06	4.839937e-06	1.516513e-09	3.361472e+01	1.033110e+02
3.110000e-06	4.862436e-06	1.516554e-09	3.377098e+01	1.034663e+02
3.120000e-06	4.884626e-06	1.518624e-09	3.392509e+01	1.036159e+02
3.130000e-06	4.906441e-06	1.524085e-09	3.407661e+01	1.037593e+02
3.140000e-06	4.927943e-06	1.531391e-09	3.422595e+01	1.038963e+02
3.150000e-06	4.949117e-06	1.537387e-09	3.437301e+01	1.040266e+02
3.160000e-06	4.969917e-06	1.539820e-09	3.451747e+01	1.041498e+02
3.170000e-06	4.990375e-06	1.539212e-09	3.465955e+01	1.042660e+02
3.180000e-06	5.010539e-06	1.537487e-09	3.479959e+01	1.043748e+02
3.190000e-06	5.030462e-06	1.536337e-09	3.493797e+01	1.044763e+02
3.200000e-06	5.050145e-06	1.537821e-09	3.507467e+01	1.045704e+02
3.210000e-06	5.069629e-06	1.542019e-09	3.521000e+01	1.046572e+02
3.220000e-06	5.088821e-06	1.547034e-09	3.534329e+01	1.047368e+02
3.230000e-06	5.107600e-06	1.551443e-09	3.547371e+01	1.048094e+02
3.240000e-06	5.125907e-06	1.553795e-09	3.560086e+01	1.048752e+02
3.250000e-06	5.143841e-06	1.554110e-09	3.572542e+01	1.049345e+02
3.260000e-06	5.161509e-06	1.554286e-09	3.584812e+01	1.049876e+02
3.270000e-06	5.178853e-06	1.555849e-09	3.596858e+01	1.050349e+02
3.280000e-06	5.195784e-06	1.557805e-09	3.608618e+01	1.050767e+02
3.290000e-06	5.212315e-06	1.561035e-09	3.620099e+01	1.051135e+02
3.300000e-06	5.228511e-06	1.565974e-09	3.631347e+01	1.051457e+02
3.310000e-06	5.244308e-06	1.569605e-09	3.642319e+01	1.051736e+02
3.320000e-06	5.259620e-06	1.571067e-09	3.652954e+01	1.051979e+02
3.330000e-06	5.274416e-06	1.570768e-09	3.663230e+01	1.052187e+02
3.340000e-06	5.288706e-06	1.570371e-09	3.673154e+01	1.052366e+02
3.350000e-06	5.302592e-06	1.570358e-09	3.682799e+01	1.052519e+02
3.360000e-06	5.316213e-06	1.571971e-09	3.692259e+01	1.052648e+02
3.370000e-06	5.329487e-06	1.575004e-09	3.701478e+01	1.052758e+02
3.380000e-06	5.342384e-06	1.576462e-09	3.710436e+01	1.052849e+02
3.390000e-06	5.354934e-06	1.577518e-09	3.719152e+01	1.052924e+02
3.400000e-06	5.367076e-06	1.578768e-09	3.727585e+01	1.052983e+02
3.410000e-06	5.378816e-06	1.579378e-09	3.735739e+01	1.053029e+02
3.420000e-06	5.390231e-06	1.579857e-09	3.743667e+01	1.053060e+02
3.430000e-06	5.401271e-06	1.582145e-09	3.751334e+01	1.053077e+02
3.440000e-06	5.411712e-06	1.584218e-09	3.758586e+01	1.053078e+02
3.450000e-06	5.421430e-06	1.584158e-09	3.765335e+01	1.053063e+02
3.460000e-06	5.430472e-06	1.584367e-09	3.771615e+01	1.053029e+02
3.470000e-06	5.439046e-06	1.586527e-09	3.777570e+01	1.052976e+02
3.480000e-06	5.447256e-06	1.589736e-09	3.783272e+01	1.052901e+02
3.490000e-06	5.455157e-06	1.591368e-09	3.788759e+01	1.052801e+02
3.500000e-06	5.462818e-06	1.590518e-09	3.794080e+01	1.052675e+02
3.510000e-06	5.470148e-06	1.588804e-09	3.799171e+01	1.052521e+02
3.520000e-06	5.477129e-06	1.588034e-09	3.804019e+01	1.052337e+02
3.530000e-06	5.483750e-06	1.589339e-09	3.808618e+01	1.052120e+02
3.540000e-06	5.490012e-06	1.591372e-09	3.812967e+01	1.051870e+02
3.550000e-06	5.495937e-06	1.593730e-09	3.817082e+01	1.051585e+02
3.560000e-06	5.501432e-06	1.596514e-09	3.820899e+01	1.051266e+02
3.570000e-06	5.506527e-06	1.598875e-09	3.824437e+01	1.050913e+02
3.580000e-06	5.511219e-06	1.599544e-09	3.827696e+01	1.050526e+02
3.590000e-06	5.515465e-06	1.599265e-09	3.830645e+01	1.050107e+02
3.600000e-06	5.519404e-06	1.599708e-09	3.833380e+01	1.049658e+02
3.610000e-06	5.523112e-06	1.601017e-09	3.835956e+01	1.049181e+02
3.620000e-06	5.526599e-06	1.602903e-09	3.838378e+01	1.048681e+02
3.630000e-06	5.529823e-06	1.603481e-09	3.840617e+01	1.048161e+02
3.640000e-06	5.532511e-06	1.603591e-09	3.842484e+01	1.047627e+02
3.650000e-06	5.534548e-06	1.604594e-09	3.843898e+01	1.047082e+02
3.660000e-06	5.536072e-06	1.607481e-09	3.844957e+01	1.046533e+02
3.670000e-06	5.537020e-06	1.610230e-09	3.845616e+01	1.045985e+02
3.680000e-06	5.537435e-06	1.609931e-09	3.845903e+01	1.045446e+02
3.690000e-06	5.537574e-06	1.609593e-09	3.846000e+01	1.044920e+02
3.700000e-06	5.537495e-06	1.607340e-09	3.845945e+01	1.044414e+02
3.710000e-06	5.537150e-06	1.604038e-09	3.845706e+01	1.043934e+02
3.720000e-06	5.536481e-06	1.603403e-09	3.845241e+01	1.043486e+02
3.730000e-06	5.535425e-06	1.599694e-09	3.844508e+01	1.043075e+02
3.740000e-06	5.534000e-06	1.597478e-09	3.843518e+01	1.042706e+02
3.750000e-06	5.532224e-06	1.603785e-09	3.842285e+01	1.042383e+02
3.760000e-06	5.530056e-06	1.625293e-09	3.840779e+01	1.042109e+02
3.770000e-06	5.527455e-06	1.607218e-09	3.838972e+01	1.041887e+02
3.780000e-06	5.524414e-06	1.511395e-09	3.836860e+01	1.041717e+02
3.790000e-06	5.520893e-06	1.489830e-09	3.834415e+01	1.041600e+02
3.800000e-06	5.516874e-06	1.582707e-09	3.831623e+01	1.041536e+02
3.810000e-06	5.512596e-06	1.650349e-09	3.828652e+01	1.041522e+02
3.820000e-06	5.508292e-06	1.645170e-09	3.825663e+01	1.041555e+02
3.830000e-06	5.503771e-06	1.569187e-09	3.822523e+01	1.041631e+02
3.840000e-06	5.498577e-06	1.598964e-09	3.818916e+01	1.041745e+02
3.850000e-06	5.492724e-06	1.654806e-09	3.814850e+01	1.041890e+02
3.860000e-06	5.486662e-06	1.602765e-09	3.810641e+01	1.042058e+02
3.870000e-06	5.480336e-06	1.537178e-09	3.806247e+01	1.042241e+02
3.880000e-06	5.473420e-06	1.566752e-09	3.801444e+01	1.042431e+02
3.890000e-06	5.465908e-06	1.657702e-09	3.796226e+01	1.042616e+02
3.900000e-06	5.457993e-06	1.601765e-09	3.790729e+01	1.042788e+02
3.910000e-06	5.449792e-06	1.521474e-09	3.785033e+01	1.042934e+02
3.920000e-06	5.441172e-06	1.529478e-09	3.779046e+01	1.043045e+02
3.930000e-06	5.432267e-06	1.609706e-09	3.772861e+01	1.043109e+02
3.940000e-06	5.423163e-06	1.602578e-09	3.766539e+01	1.043115e+02
3.950000e-06	5.413632e-06	1.556997e-09	3.759919e+01	1.043052e+02
3.960000e-06	5.403628e-06	1.545463e-09	3.752971e+01	1.042912e+02
3.970000e-06	5.393269e-06	1.561360e-09	3.745777e+01	1.042683e+02
3.980000e-06	5.382542e-06	1.563196e-09	3.738326e+01	1.042359e+02
3.990000e-06	5.371347e-06	1.554049e-09	3.730551e+01	1.041930e+02
4.000000e-06	5.359740e-06	1.568705e-09	3.722490e+01	1.041391e+02
4.010000e-06	5.347744e-06	1.588628e-09	3.714158e+01	1.040735e+02
4.020000e-06	5.335297e-06	1.580747e-09	3.705513e+01	1.039959e+02
4.030000e-06	5.322311e-06	1.538453e-09	3.696494e+01	1.039060e+02
4.040000e-06	5.308903e-06	1.543028e-09	3.687182e+01	1.038035e+02
4.050000e-06	5.295072e-06	1.570640e-09	3.677576e+01	1.036886e+02
4.060000e-06	5.280619e-06	1.562437e-09	3.667538e+01	1.035613e+02
4.070000e-06	5.265499e-06	1.535795e-09	3.657037e+01	1.034218e+02
4.080000e-06	5.249873e-06	1.586322e-09	3.646184e+01	1.032706e+02
4.090000e-06	5.233934e-06	1.592207e-09	3.635114e+01	1.031082e+02
4.100000e-06	5.217670e-06	1.535008e-09	3.623818e+01	1.029351e+02
4.110000e-06	5.201207e-06	1.533452e-09	3.612384e+01	1.027521e+02
4.120000e-06	5.184526e-06	1.583267e-09	3.600798e+01	1.025599e+02
4.130000e-06	5.167386e-06	1.535780e-09	3.588894e+01	1.023596e+02
4.140000e-06	5.149851e-06	1.514148e-09	3.576716e+01	1.021519e+02
4.150000e-06	5.132027e-06	1.581580e-09	3.564337e+01	1.019379e+02
4.160000e-06	5.113836e-06	1.563231e-09	3.551703e+01	1.017185e+02
4.170000e-06	5.095266e-06	1.483214e-09	3.538805e+01	1.014948e+02
4.180000e-06	5.076355e-06	1.542165e-09	3.525671e+01	1.012679e+02
4.190000e-06	5.057129e-06	1.584181e-09	3.512318e+01	1.010386e+02
4.200000e-06	5.037600e-06	1.493272e-09	3.498755e+01	1.008079e+02
4.210000e-06	5.017732e-06	1.498354e-09	3.484955e+01	1.005766e+02
4.220000e-06	4.997604e-06	1.578356e-09	3.470976e+01	1.003457e+02
4.230000e-06	4.977347e-06	1.518988e-09	3.456907e+01	1.001159e+02
4.240000e-06	4.956893e-06	1.472238e-09	3.442701e+01	9.988768e+01
4.250000e-06	4.936054e-06	1.556327e-09	3.428227e+01	9.966174e+01
4.260000e-06	4.914576e-06	1.546785e-09	3.413311e+01	9.943847e+01
4.270000e-06	4.892356e-06	1.479683e-09	3.397878e+01	9.921823e+01
4.280000e-06	4.869590e-06	1.526376e-09	3.382066e+01	9.900123e+01
4.290000e-06	4.846403e-06	1.552834e-09	3.365963e+01	9.878759e+01
4.300000e-06	4.822852e-06	1.488737e-09	3.349606e+01	9.857730e+01
4.310000e-06	4.798995e-06	1.500739e-09	3.333036e+01	9.837027e+01
4.320000e-06	4.774856e-06	1.527791e-09	3.316271e+01	9.816630e+01
4.330000e-06	4.750521e-06	1.488509e-09	3.299370e+01	9.796508e+01
4.340000e-06	4.725952e-06	1.487013e-09	3.282306e+01	9.776624e+01
4.350000e-06	4.701045e-06	1.523910e-09	3.265007e+01	9.756932e+01
4.360000e-06	4.675712e-06	1.494324e-09	3.247413e+01	9.737381e+01
4.370000e-06	4.650042e-06	1.476168e-09	3.229584e+01	9.717912e+01
4.380000e-06	4.624102e-06	1.504173e-09	3.211568e+01	9.698465e+01
4.390000e-06	4.597803e-06	1.499517e-09	3.193303e+01	9.678976e+01
4.400000e-06	4.571232e-06	1.470942e-09	3.174848e+01	9.659379e+01
4.410000e-06	4.544369e-06	1.481523e-09	3.156192e+01	9.639608e+01
4.420000e-06	4.517100e-06	1.486901e-09	3.137253e+01	9.619598e+01
4.430000e-06	4.489421e-06	1.472430e-09	3.118029e+01	9.599287e+01
4.440000e-06	4.461486e-06	1.474048e-09	3.098627e+01	9.578614e+01
4.450000e-06	4.433418e-06	1.483447e-09	3.079133e+01	9.557523e+01
4.460000e-06	4.405198e-06	1.468282e-09	3.059534e+01	9.535963e+01
4.470000e-06	4.376814e-06	1.457543e-09	3.039820e+01	9.513888e+01
4.480000e-06	4.348208e-06	1.459055e-09	3.019952e+01	9.491258e+01
4.490000e-06	4.319207e-06	1.449125e-09	2.999810e+01	9.468040e+01
4.500000e-06	4.289747e-06	1.442164e-09	2.979350e+01	9.444207e+01
4.510000e-06	4.259752e-06	1.449427e-09	2.958517e+01	9.419739e+01
4.520000e-06	4.229176e-06	1.441645e-09	2.937281e+01	9.394622e+01
4.530000e-06	4.198162e-06	1.424396e-09	2.915741e+01	9.368849e+01
4.540000e-06	4.166730e-06	1.430422e-09	2.893911e+01	9.342420e+01
4.550000e-06	4.134983e-06	1.434283e-09	2.871861e+01	9.315340e+01
4.560000e-06	4.103014e-06	1.420371e-09	2.849658e+01	9.287619e+01
4.570000e-06	4.070899e-06	1.416992e-09	2.827353e+01	9.259273e+01
4.580000e-06	4.038702e-06	1.424583e-09	2.804992e+01	9.230322e+01
4.590000e-06	4.006244e-06	1.415464e-09	2.782449e+01	9.200789e+01
4.600000e-06	3.973458e-06	1.407263e-09	2.759678e+01	9.170698e+01
4.610000e-06	3.940393e-06	1.408365e-09	2.736714e+01	9.140079e+01
4.620000e-06	3.906983e-06	1.403164e-09	2.713509e+01	9.108959e+01
4.630000e-06	3.873295e-06	1.392851e-09	2.690112e+01	9.077368e+01
4.640000e-06	3.839427e-06	1.395791e-09	2.666589e+01	9.045336e+01
4.650000e-06	3.805328e-06	1.394721e-09	2.642907e+01	9.012890e+01
4.660000e-06	3.771001e-06	1.383342e-09	2.619066e+01	8.980058e+01
4.670000e-06	3.736342e-06	1.376085e-09	2.594994e+01	8.946864e+01
4.680000e-06	3.701328e-06	1.379352e-09	2.570676e+01	8.913331e+01
4.690000e-06	3.666185e-06	1.374173e-09	2.546268e+01	8.879478e+01
4.700000e-06	3.630805e-06	1.365873e-09	2.521696e+01	8.845322e+01
4.710000e-06	3.595062e-06	1.364544e-09	2.496871e+01	8.810875e+01
4.720000e-06	3.559136e-06	1.362209e-09	2.471919e+01	8.776149e+01
4.730000e-06	3.523117e-06	1.354058e-09	2.446903e+01	8.741148e+01
4.740000e-06	3.487020e-06	1.351229e-09	2.421833e+01	8.705875e+01
4.750000e-06	3.450759e-06	1.350553e-09	2.396649e+01	8.670330e+01
4.760000e-06	3.414330e-06	1.347015e-09	2.371348e+01	8.634508e+01
4.770000e-06	3.377746e-06	1.344686e-09	2.345939e+01	8.598402e+01
4.780000e-06	3.340838e-06	1.343123e-09	2.320306e+01	8.562003e+01
4.790000e-06	3.303475e-06	1.337588e-09	2.294356e+01	8.525298e+01
4.800000e-06	3.265683e-06	1.331555e-09	2.268108e+01	8.488273e+01
4.810000e-06	3.227533e-06	1.327673e-09	2.241612e+01	8.450911e+01
4.820000e-06	3.189075e-06	1.321664e-09	2.214902e+01	8.413194e+01
4.830000e-06	3.150203e-06	1.316291e-09	2.187904e+01	8.375104e+01
4.840000e-06	3.110930e-06	1.313735e-09	2.160628e+01	8.336620e+01
4.850000e-06	3.071378e-06	1.309912e-09	2.133158e+01	8.297723e+01
4.860000e-06	3.031565e-06	1.303735e-09	2.105507e+01	8.258390e+01
4.870000e-06	2.991619e-06	1.299758e-09	2.077763e+01	8.218603e+01
4.880000e-06	2.951552e-06	1.294036e-09	2.049936e+01	8.178339e+01
4.890000e-06	2.911376e-06	1.284557e-09	2.022032e+01	8.137580e+01
4.900000e-06	2.871108e-06	1.272441e-09	1.994065e+01	8.096305e+01
4.910000e-06	2.830715e-06	1.262768e-09	1.966011e+01	8.054495e+01
4.920000e-06	2.790170e-06	1.254664e-09	1.937851e+01	8.012132e+01
4.930000e-06	2.749399e-06	1.250292e-09	1.909535e+01	7.969197e+01
4.940000e-06	2.708427e-06	1.248674e-09	1.881079e+01	7.925673e+01
4.950000e-06	2.667338e-06	1.248586e-09	1.852541e+01	7.881544e+01
4.960000e-06	2.626047e-06	1.243573e-09	1.823863e+01	7.836792e+01
4.970000e-06	2.584487e-06	1.238186e-09	1.794999e+01	7.791402e+01
4.980000e-06	2.542731e-06	1.230517e-09	1.765998e+01	7.745357e+01
4.990000e-06	2.500849e-06	1.216053e-09	1.736909e+01	7.698641e+01
5.000000e-06	2.458852e-06	1.200888e-09	1.707742e+01	7.651238e+01
5.010000e-06	2.416648e-06	1.192733e-09	1.678430e+01	7.603130e+01
5.020000e-06	2.374272e-06	1.190618e-09	1.648999e+01	7.554302e+01
5.030000e-06	2.331837e-06	1.188225e-09	1.619526e+01	7.504735e+01
5.040000e-06	2.289296e-06	1.184724e-09	1.589980e+01	7.454411e+01
5.050000e-06	2.246589e-06	1.181005e-09	1.560319e+01	7.403308e+01
5.060000e-06	2.203714e-06	1.176468e-09	1.530541e+01	7.351408e+01
5.070000e-06	2.160683e-06	1.168554e-09	1.500655e+01	7.298687e+01
5.080000e-06	2.117443e-06	1.158816e-09	1.470624e+01	7.245122e+01
5.090000e-06	2.073968e-06	1.144962e-09	1.440429e+01	7.190688e+01
5.100000e-06	2.030295e-06	1.131736e-09	1.410097e+01	7.135358e+01
5.110000e-06	1.986605e-06	1.122392e-09	1.379753e+01	7.079104e+01
5.120000e-06	1.942845e-06	1.116993e-09	1.349360e+01	7.021897e+01
5.130000e-06	1.898939e-06	1.112691e-09	1.318867e+01	6.963703e+01
5.140000e-06	1.854973e-06	1.109338e-09	1.288331e+01	6.904490e+01
5.150000e-06	1.810905e-06	1.104515e-09	1.257724e+01	6.844222e+01
5.160000e-06	1.766829e-06	1.097495e-09	1.227112e+01	6.782860e+01
5.170000e-06	1.722687e-06	1.087923e-09	1.196454e+01	6.720365e+01
5.180000e-06	1.678438e-06	1.077469e-09	1.165722e+01	6.656694e+01
5.190000e-06	1.634120e-06	1.062553e-09	1.134942e+01	6.591803e+01
5.200000e-06	1.589751e-06	1.047700e-09	1.104127e+01	6.525644e+01
5.210000e-06	1.545319e-06	1.037518e-09	1.073267e+01	6.458167e+01
5.220000e-06	1.500770e-06	1.030982e-09	1.042327e+01	6.389321e+01
5.230000e-06	1.456089e-06	1.025321e-09	1.011295e+01	6.319049e+01
5.240000e-06	1.411281e-06	1.015165e-09	9.801743e+00	6.247292e+01
5.250000e-06	1.366397e-06	1.003262e-09	9.490011e+00	6.173990e+01
5.260000e-06	1.321428e-06	9.891937e-10	9.177689e+00	6.099077e+01
5.270000e-06	1.276314e-06	9.759690e-10	8.864358e+00	6.022485e+01
5.280000e-06	1.231025e-06	9.635499e-10	8.549816e+00	5.944142e+01
5.290000e-06	1.185617e-06	9.542476e-10	8.234441e+00	5.863972e+01
5.300000e-06	1.140156e-06	9.454377e-10	7.918705e+00	5.781897e+01
5.310000e-06	1.094627e-06	9.333450e-10	7.602489e+00	5.697833e+01
5.320000e-06	1.049071e-06	9.216965e-10	7.286094e+00	5.611694e+01
5.330000e-06	1.003456e-06	9.119291e-10	6.969285e+00	5.523391e+01
5.340000e-06	9.576812e-07	8.995164e-10	6.651364e+00	5.432830e+01
5.350000e-06	9.118097e-07	8.844488e-10	6.332774e+00	5.339916e+01
5.360000e-06	8.658664e-07	8.685792e-10	6.013685e+00	5.244549e+01
5.370000e-06	8.197979e-07	8.560101e-10	5.693726e+00	5.146629e+01
5.380000e-06	7.736116e-07	8.463821e-10	5.372949e+00	5.046053e+01
5.390000e-06	7.274485e-07	8.366575e-10	5.052334e+00	4.942716e+01
5.400000e-06	6.812989e-07	8.219357e-10	4.731811e+00	4.836514e+01
5.410000e-06	6.349576e-07	8.019505e-10	4.409958e+00	4.727342e+01
5.420000e-06	5.884976e-07	7.804863e-10	4.087280e+00	4.615097e+01
5.430000e-06	5.420178e-07	7.603687e-10	3.764465e+00	4.499676e+01
5.440000e-06	4.955322e-07	7.402303e-10	3.441610e+00	4.380980e+01
5.450000e-06	4.492299e-07	7.204574e-10	3.120027e+00	4.258915e+01
5.460000e-06	4.028672e-07	7.024102e-10	2.798026e+00	4.133389e+01
5.470000e-06	3.563430e-07	6.855104e-10	2.474902e+00	4.004319e+01
5.480000e-06	3.098794e-07	6.700889e-10	2.152199e+00	3.871628e+01
5.490000e-06	2.634102e-07	6.523093e-10	1.829458e+00	3.735245e+01
5.500000e-06	2.169125e-07	6.294854e-10	1.506518e+00	3.595112e+01
5.510000e-06	1.703284e-07	6.029880e-10	1.182978e+00	3.451181e+01
5.520000e-06	1.237104e-07	5.765656e-10	8.592034e-01	3.303412e+01
5.530000e-06	7.723928e-08	5.514687e-10	5.364484e-01	3.151783e+01
5.540000e-06	3.072942e-08	5.301540e-10	2.134244e-01	2.996282e+01
5.550000e-06	-1.586465e-08	5.110551e-10	-1.101844e-01	2.836913e+01
5.560000e-06	-6.238581e-08	4.897933e-10	-4.332869e-01	2.673696e+01
5.570000e-06	-1.088581e-07	4.633462e-10	-7.560498e-01	2.506665e+01
5.580000e-06	-1.553949e-07	4.331948e-10	-1.079261e+00	2.335872e+01
5.590000e-06	-2.019989e-07	4.031167e-10	-1.402939e+00	2.161387e+01
5.600000e-06	-2.485816e-07	3.729079e-10	-1.726469e+00	1.983297e+01
5.610000e-06	-2.952307e-07	3.428216e-10	-2.050460e+00	1.801706e+01
5.620000e-06	-3.417908e-07	3.126499e-10	-2.373833e+00	1.616734e+01
5.630000e-06	-3.882110e-07	2.822024e-10	-2.696234e+00	1.428522e+01
5.640000e-06	-4.346667e-07	2.528885e-10	-3.018882e+00	1.237226e+01
5.650000e-06	-4.810632e-07	2.221901e-10	-3.341118e+00	1.043019e+01
5.660000e-06	-5.273789e-07	1.912643e-10	-3.662794e+00	8.460884e+00
5.670000e-06	-5.736429e-07	1.605689e-10	-3.984111e+00	6.466389e+00
5.680000e-06	-6.199045e-07	1.294923e-10	-4.305410e+00	4.448883e+00
5.690000e-06	-6.661931e-07	9.666754e-11	-4.626897e+00	2.410674e+00
5.700000e-06	-7.124819e-07	6.065082e-11	-4.948387e+00	3.541885e-01
5.710000e-06	-7.587439e-07	2.195828e-11	-5.269689e+00	-1.718042e+00
5.720000e-06	-8.048728e-07	-1.682392e-11	-5.590067e+00	-3.803395e+00
5.730000e-06	-8.509263e-07	-5.256740e-11	-5.909921e+00	-5.899176e+00
5.740000e-06	-8.969131e-07	-8.528999e-11	-6.229313e+00	-8.002631e+00
5.750000e-06	-9.427995e-07	-1.165286e-10	-6.548007e+00	-1.011096e+01
5.760000e-06	-9.885570e-07	-1.469753e-10	-6.865805e+00	-1.222135e+01
5.770000e-06	-1.034270e-06	-1.791565e-10	-7.183295e+00	-1.433096e+01
5.780000e-06	-1.079930e-06	-2.168052e-10	-7.500417e+00	-1.643697e+01
5.790000e-06	-1.125497e-06	-2.567351e-10	-7.816889e+00	-1.853659e+01
5.800000e-06	-1.170988e-06	-2.958071e-10	-8.132838e+00	-2.062706e+01
5.810000e-06	-1.216284e-06	-3.346394e-10	-8.447433e+00	-2.270570e+01
5.820000e-06	-1.261403e-06	-3.701358e-10	-8.760799e+00	-2.476987e+01
5.830000e-06	-1.306475e-06	-4.022531e-10	-9.073835e+00	-2.681704e+01
5.840000e-06	-1.351543e-06	-4.336258e-10	-9.386846e+00	-2.884479e+01
5.850000e-06	-1.396465e-06	-4.654131e-10	-9.698843e+00	-3.085079e+01
5.860000e-06	-1.441256e-06	-4.982800e-10	-1.000992e+01	-3.283285e+01
5.870000e-06	-1.485903e-06	-5.317303e-10	-1.032001e+01	-3.478891e+01
5.880000e-06	-1.530427e-06	-5.657390e-10	-1.062925e+01	-3.671706e+01
5.890000e-06	-1.574918e-06	-6.006450e-10	-1.093824e+01	-3.861553e+01
5.900000e-06	-1.619305e-06	-6.359565e-10	-1.124653e+01	-4.048272e+01
5.910000e-06	-1.663614e-06	-6.691370e-10	-1.155427e+01	-4.231719e+01
5.920000e-06	-1.707882e-06	-7.009416e-10	-1.186172e+01	-4.411765e+01
5.930000e-06	-1.752095e-06	-7.296631e-10	-1.216879e+01	-4.588300e+01
5.940000e-06	-1.796227e-06	-7.557946e-10	-1.247530e+01	-4.761227e+01
5.950000e-06	-1.840280e-06	-7.806817e-10	-1.278126e+01	-4.930470e+01
5.960000e-06	-1.884264e-06	-8.060989e-10	-1.308674e+01	-5.095966e+01
5.970000e-06	-1.928173e-06	-8.343315e-10	-1.339170e+01	-5.257669e+01
5.980000e-06	-1.971945e-06	-8.644799e-10	-1.369571e+01	-5.415549e+01
5.990000e-06	-2.015594e-06	-8.932465e-10	-1.399887e+01	-5.569589e+01
6.000000e-06	-2.059171e-06	-9.189516e-10	-1.430152e+01	-5.719787e+01
6.010000e-06	-2.102566e-06	-9.429891e-10	-1.460291e+01	-5.866155e+01
6.020000e-06	-2.145754e-06	-9.663158e-10	-1.490286e+01	-6.008718e+01
6.030000e-06	-2.188820e-06	-9.885725e-10	-1.520197e+01	-6.147509e+01
6.040000e-06	-2.231773e-06	-1.010324e-09	-1.550029e+01	-6.282575e+01
6.050000e-06	-2.274573e-06	-1.031883e-09	-1.579754e+01	-6.413972e+01
6.060000e-06	-2.317183e-06	-1.051977e-09	-1.609349e+01	-6.541761e+01
6.070000e-06	-2.359511e-06	-1.072662e-09	-1.638747e+01	-6.666016e+01
6.080000e-06	-2.401650e-06	-1.093506e-09	-1.668013e+01	-6.786812e+01
6.090000e-06	-2.443715e-06	-1.112184e-09	-1.697228e+01	-6.904231e+01
6.100000e-06	-2.485560e-06	-1.129730e-09	-1.726291e+01	-7.018359e+01
6.110000e-06	-2.527242e-06	-1.147255e-09	-1.755240e+01	-7.129285e+01
6.120000e-06	-2.568813e-06	-1.165063e-09	-1.784113e+01	-7.237099e+01
6.130000e-06	-2.610181e-06	-1.183197e-09	-1.812844e+01	-7.341893e+01
6.140000e-06	-2.651372e-06	-1.202918e-09	-1.841452e+01	-7.443758e+01
6.150000e-06	-2.692363e-06	-1.220533e-09	-1.869922e+01	-7.542784e+01
6.160000e-06	-2.733075e-06	-1.233658e-09	-1.898197e+01	-7.639059e+01
6.170000e-06	-2.773559e-06	-1.244225e-09	-1.926315e+01	-7.732670e+01
6.180000e-06	-2.813940e-06	-1.253632e-09	-1.954360e+01	-7.823698e+01
6.190000e-06	-2.854276e-06	-1.263800e-09	-1.982375e+01	-7.912222e+01
6.200000e-06	-2.894478e-06	-1.277302e-09	-2.010296e+01	-7.998317e+01
6.210000e-06	-2.934567e-06	-1.293683e-09	-2.038139e+01	-8.082053e+01
6.220000e-06	-2.974566e-06	-1.311354e-09	-2.065920e+01	-8.163495e+01
6.230000e-06	-3.014363e-06	-1.328382e-09	-2.093560e+01	-8.242703e+01
6.240000e-06	-3.053973e-06	-1.342579e-09	-2.121070e+01	-8.319731e+01
6.250000e-06	-3.093360e-06	-1.352765e-09	-2.148425e+01	-8.394629e+01
6.260000e-06	-3.132442e-06	-1.358589e-09	-2.175569e+01	-8.467442e+01
6.270000e-06	-3.171199e-06	-1.364824e-09	-2.202486e+01	-8.538211e+01
6.280000e-06	-3.209600e-06	-1.374050e-09	-2.229157e+01	-8.606970e+01
6.290000e-06	-3.247672e-06	-1.386473e-09	-2.255599e+01	-8.673752e+01
6.300000e-06	-3.285409e-06	-1.400004e-09	-2.281809e+01	-8.738583e+01
6.310000e-06	-3.322773e-06	-1.414069e-09	-2.307759e+01	-8.801490e+01
6.320000e-06	-3.359774e-06	-1.427885e-09	-2.333457e+01	-8.862495e+01
6.330000e-06	-3.396452e-06	-1.439873e-09	-2.358931e+01	-8.921618e+01
6.340000e-06	-3.432931e-06	-1.448393e-09	-2.384266e+01	-8.978879e+01
6.350000e-06	-3.469267e-06	-1.454067e-09	-2.409503e+01	-9.034295e+01
6.360000e-06	-3.505394e-06	-1.458543e-09	-2.434594e+01	-9.087887e+01
6.370000e-06	-3.541347e-06	-1.463806e-09	-2.459564e+01	-9.139674e+01
6.380000e-06	-3.577134e-06	-1.472697e-09	-2.484420e+01	-9.189677e+01
6.390000e-06	-3.612724e-06	-1.484094e-09	-2.509138e+01	-9.237919e+01
6.400000e-06	-3.648032e-06	-1.495303e-09	-2.533660e+01	-9.284425e+01
6.410000e-06	-3.683033e-06	-1.505642e-09	-2.557970e+01	-9.329224e+01
6.420000e-06	-3.717797e-06	-1.515285e-09	-2.582114e+01	-9.372349e+01
6.430000e-06	-3.752315e-06	-1.520705e-09	-2.606088e+01	-9.413836e+01
6.440000e-06	-3.786564e-06	-1.522245e-09	-2.629874e+01	-9.453724e+01
6.450000e-06	-3.820505e-06	-1.524479e-09	-2.653448e+01	-9.492058e+01
6.460000e-06	-3.854213e-06	-1.526300e-09	-2.676859e+01	-9.528887e+01
6.470000e-06	-3.887579e-06	-1.528608e-09	-2.700033e+01	-9.564264e+01
6.480000e-06	-3.920588e-06	-1.534362e-09	-2.722959e+01	-9.598247e+01
6.490000e-06	-3.953387e-06	-1.542413e-09	-2.745738e+01	-9.630896e+01
6.500000e-06	-3.985938e-06	-1.549120e-09	-2.768346e+01	-9.662277e+01
6.510000e-06	-4.018304e-06	-1.556596e-09	-2.790825e+01	-9.692457e+01
6.520000e-06	-4.050509e-06	-1.563960e-09	-2.813192e+01	-9.721508e+01
6.530000e-06	-4.082533e-06	-1.567708e-09	-2.835434e+01	-9.749501e+01
6.540000e-06	-4.114362e-06	-1.571751e-09	-2.857539e+01	-9.776511e+01
6.550000e-06	-4.145887e-06	-1.577429e-09	-2.879434e+01	-9.802613e+01
6.560000e-06	-4.177040e-06	-1.586952e-09	-2.901071e+01	-9.827882e+01
6.570000e-06	-4.207859e-06	-1.594839e-09	-2.922476e+01	-9.852390e+01
6.580000e-06	-4.238203e-06	-1.598252e-09	-2.943551e+01	-9.876209e+01
6.590000e-06	-4.267907e-06	-1.596871e-09	-2.964181e+01	-9.899410e+01
6.600000e-06	-4.297111e-06	-1.596927e-09	-2.984464e+01	-9.922056e+01
6.610000e-06	-4.325940e-06	-1.601176e-09	-3.004487e+01	-9.944210e+01
6.620000e-06	-4.354421e-06	-1.607318e-09	-3.024267e+01	-9.965929e+01
6.630000e-06	-4.382728e-06	-1.615001e-09	-3.043928e+01	-9.987263e+01
6.640000e-06	-4.410896e-06	-1.620982e-09	-3.063491e+01	-1.000826e+02
6.650000e-06	-4.438842e-06	-1.624459e-09	-3.082900e+01	-1.002895e+02
6.660000e-06	-4.466581e-06	-1.624970e-09	-3.102166e+01	-1.004937e+02
6.670000e-06	-4.494067e-06	-1.622589e-09	-3.121255e+01	-1.006955e+02
6.680000e-06	-4.521191e-06	-1.620745e-09	-3.140094e+01	-1.008949e+02
6.690000e-06	-4.547957e-06	-1.621327e-09	-3.158683e+01	-1.010921e+02
6.700000e-06	-4.574383e-06	-1.624946e-09	-3.177037e+01	-1.012872e+02
6.710000e-06	-4.600480e-06	-1.629254e-09	-3.195162e+01	-1.014800e+02
6.720000e-06	-4.626294e-06	-1.632594e-09	-3.213091e+01	-1.016704e+02
6.730000e-06	-4.651693e-06	-1.637306e-09	-3.230731e+01	-1.018583e+02
6.740000e-06	-4.676698e-06	-1.640740e-09	-3.248098e+01	-1.020434e+02
6.750000e-06	-4.701429e-06	-1.644439e-09	-3.265274e+01	-1.022254e+02
6.760000e-06	-4.725872e-06	-1.646655e-09	-3.282250e+01	-1.024041e+02
6.770000e-06	-4.750120e-06	-1.647268e-09	-3.299092e+01	-1.025789e+02
6.780000e-06	-4.774201e-06	-1.647471e-09	-3.315816e+01	-1.027497e+02
6.790000e-06	-4.798015e-06	-1.647554e-09	-3.332356e+01	-1.029158e+02
6.800000e-06	-4.821494e-06	-1.646486e-09	-3.348663e+01	-1.030771e+02
6.810000e-06	-4.844590e-06	-1.647480e-09	-3.364703e+01	-1.032330e+02
6.820000e-06	-4.867234e-06	-1.650521e-09	-3.380430e+01	-1.033831e+02
6.830000e-06	-4.889345e-06	-1.653827e-09	-3.395787e+01	-1.035272e+02
6.840000e-06	-4.910860e-06	-1.656733e-09	-3.410730e+01	-1.036648e+02
6.850000e-06	-4.931842e-06	-1.657407e-09	-3.425302e+01	-1.037958e+02
6.860000e-06	-4.952423e-06	-1.653889e-09	-3.439596e+01	-1.039197e+02
6.870000e-06	-4.972713e-06	-1.647186e-09	-3.453689e+01	-1.040366e+02
6.880000e-06	-4.992834e-06	-1.641342e-09	-3.467663e+01	-1.041461e+02
6.890000e-06	-5.012761e-06	-1.640827e-09	-3.481503e+01	-1.042483e+02
6.900000e-06	-5.032428e-06	-1.643818e-09	-3.495162e+01	-1.043432e+02
6.910000e-06	-5.051734e-06	-1.647890e-09	-3.508570e+01	-1.044307e+02
6.920000e-06	-5.070684e-06	-1.653132e-09	-3.521732e+01	-1.045110e+02
6.930000e-06	-5.089271e-06	-1.656562e-09	-3.534642e+01	-1.045843e+02
6.940000e-06	-5.107552e-06	-1.658262e-09	-3.547338e+01	-1.046508e+02
6.950000e-06	-5.125528e-06	-1.656948e-09	-3.559823e+01	-1.047107e+02
6.960000e-06	-5.143121e-06	-1.652992e-09	-3.572041e+01	-1.047644e+02
6.970000e-06	-5.160338e-06	-1.648871e-09	-3.583999e+01	-1.048123e+02
6.980000e-06	-5.177173e-06	-1.646331e-09	-3.595692e+01	-1.048546e+02
6.990000e-06	-5.193695e-06	-1.645677e-09	-3.607167e+01	-1.048919e+02
7.000000e-06	-5.209917e-06	-1.645680e-09	-3.618433e+01	-1.049246e+02
7.010000e-06	-5.225883e-06	-1.646664e-09	-3.629522e+01	-1.049530e+02
7.020000e-06	-5.241596e-06	-1.648690e-09	-3.640435e+01	-1.049777e+02
7.030000e-06	-5.256845e-06	-1.648368e-09	-3.651026e+01	-1.049989e+02
7.040000e-06	-5.271419e-06	-1.646320e-09	-3.661148e+01	-1.050171e+02
7.050000e-06	-5.285294e-06	-1.644817e-09	-3.670784e+01	-1.050327e+02
7.060000e-06	-5.298623e-06	-1.643582e-09	-3.680042e+01	-1.050460e+02
7.070000e-06	-5.311523e-06	-1.641968e-09	-3.689002e+01	-1.050572e+02
7.080000e-06	-5.324024e-06	-1.642409e-09	-3.697684e+01	-1.050665e+02
7.090000e-06	-5.336149e-06	-1.643440e-09	-3.706105e+01	-1.050742e+02
7.100000e-06	-5.347911e-06	-1.644566e-09	-3.714274e+01	-1.050805e+02
7.110000e-06	-5.359325e-06	-1.646713e-09	-3.722201e+01	-1.050852e+02
7.120000e-06	-5.370362e-06	-1.647789e-09	-3.729867e+01	-1.050886e+02
7.130000e-06	-5.380977e-06	-1.646684e-09	-3.737239e+01	-1.050905e+02
7.140000e-06	-5.391231e-06	-1.642970e-09	-3.744361e+01	-1.050908e+02
7.150000e-06	-5.401165e-06	-1.637991e-09	-3.751260e+01	-1.050896e+02
7.160000e-06	-5.410750e-06	-1.635336e-09	-3.757917e+01	-1.050865e+02
7.170000e-06	-5.419978e-06	-1.634148e-09	-3.764327e+01	-1.050815e+02
7.180000e-06	-5.428786e-06	-1.631325e-09	-3.770444e+01	-1.050742e+02
7.190000e-06	-5.437250e-06	-1.628723e-09	-3.776323e+01	-1.050646e+02
7.200000e-06	-5.445484e-06	-1.626621e-09	-3.782041e+01	-1.050524e+02
7.210000e-06	-5.453458e-06	-1.624573e-09	-3.787580e+01	-1.050373e+02
7.220000e-06	-5.461084e-06	-1.624141e-09	-3.792876e+01	-1.050192e+02
7.230000e-06	-5.468319e-06	-1.625590e-09	-3.797901e+01	-1.049979e+02
7.240000e-06	-5.474979e-06	-1.626938e-09	-3.802526e+01	-1.049733e+02
7.250000e-06	-5.480962e-06	-1.627871e-09	-3.806681e+01	-1.049453e+02
7.260000e-06	-5.486330e-06	-1.626355e-09	-3.810410e+01	-1.049138e+02
7.270000e-06	-5.491158e-06	-1.622204e-09	-3.813763e+01	-1.048788e+02
7.280000e-06	-5.495622e-06	-1.617437e-09	-3.816864e+01	-1.048405e+02
7.290000e-06	-5.499874e-06	-1.613569e-09	-3.819817e+01	-1.047990e+02
7.300000e-06	-5.503954e-06	-1.609622e-09	-3.822650e+01	-1.047544e+02
7.310000e-06	-5.507790e-06	-1.608242e-09	-3.825315e+01	-1.047071e+02
7.320000e-06	-5.511211e-06	-1.609248e-09	-3.827690e+01	-1.046574e+02
7.330000e-06	-5.514148e-06	-1.607909e-09	-3.829730e+01	-1.046057e+02
7.340000e-06	-5.516736e-06	-1.605398e-09	-3.831528e+01	-1.045524e+02
7.350000e-06	-5.519060e-06	-1.602060e-09	-3.833142e+01	-1.044981e+02
7.360000e-06	-5.521110e-06	-1.598669e-09	-3.834566e+01	-1.044433e+02
7.370000e-06	-5.522680e-06	-1.594277e-09	-3.835656e+01	-1.043886e+02
7.380000e-06	-5.523752e-06	-1.590325e-09	-3.836400e+01	-1.043347e+02
7.390000e-06	-5.524531e-06	-1.587894e-09	-3.836941e+01	-1.042821e+02
7.400000e-06	-5.525052e-06	-1.586017e-09	-3.837303e+01	-1.042314e+02
