# Temperatura_=_-18.23
# Concentracion g/m^3_=_1620.0
# C_Vs_to_Am_M_A/Vsm_=_65563218390.804596
# pendiente_HvsI_1/m_=_3716.3
# ordenada_HvsI_A/m_=_1297.0
# frecuencia_Hz_=_135106.4084721416

Tiempo_(s)	Campo_(V.s)	Magnetizacion_(V.s)	Campo_(kA/m)	Magnetizacion_(A/m)
0.000000e+00	-5.526768e-06	-8.484277e-10	-3.836423e+01	-5.541580e+01
1.000000e-08	-5.526983e-06	-8.457043e-10	-3.836572e+01	-5.536897e+01
2.000000e-08	-5.526977e-06	-8.439373e-10	-3.836568e+01	-5.532726e+01
3.000000e-08	-5.526713e-06	-8.427788e-10	-3.836385e+01	-5.529131e+01
4.000000e-08	-5.525944e-06	-8.422577e-10	-3.835851e+01	-5.526170e+01
5.000000e-08	-5.524552e-06	-8.384322e-10	-3.834885e+01	-5.523894e+01
6.000000e-08	-5.522638e-06	-8.261504e-10	-3.833556e+01	-5.522340e+01
7.000000e-08	-5.520169e-06	-8.157899e-10	-3.831842e+01	-5.521537e+01
8.000000e-08	-5.517122e-06	-8.393267e-10	-3.829727e+01	-5.521502e+01
9.000000e-08	-5.513523e-06	-9.000760e-10	-3.827229e+01	-5.522236e+01
1.000000e-07	-5.509415e-06	-9.013256e-10	-3.824377e+01	-5.523732e+01
1.100000e-07	-5.504984e-06	-8.211771e-10	-3.821301e+01	-5.525966e+01
1.200000e-07	-5.500373e-06	-7.659184e-10	-3.818101e+01	-5.528903e+01
1.300000e-07	-5.495520e-06	-8.470190e-10	-3.814732e+01	-5.532495e+01
1.400000e-07	-5.490327e-06	-8.792873e-10	-3.811127e+01	-5.536682e+01
1.500000e-07	-5.484748e-06	-8.386029e-10	-3.807254e+01	-5.541394e+01
1.600000e-07	-5.478802e-06	-7.662617e-10	-3.803127e+01	-5.546551e+01
1.700000e-07	-5.472474e-06	-8.278627e-10	-3.798734e+01	-5.552065e+01
1.800000e-07	-5.465620e-06	-8.846465e-10	-3.793977e+01	-5.557841e+01
1.900000e-07	-5.458408e-06	-8.665576e-10	-3.788971e+01	-5.563781e+01
2.000000e-07	-5.450971e-06	-8.126322e-10	-3.783808e+01	-5.569781e+01
2.100000e-07	-5.443267e-06	-8.289048e-10	-3.778460e+01	-5.575738e+01
2.200000e-07	-5.435364e-06	-8.802166e-10	-3.772974e+01	-5.581550e+01
2.300000e-07	-5.427148e-06	-8.676784e-10	-3.767271e+01	-5.587118e+01
2.400000e-07	-5.418454e-06	-8.332876e-10	-3.761237e+01	-5.592346e+01
2.500000e-07	-5.409055e-06	-8.276863e-10	-3.754712e+01	-5.597145e+01
2.600000e-07	-5.398878e-06	-8.763400e-10	-3.747647e+01	-5.601435e+01
2.700000e-07	-5.388165e-06	-8.719962e-10	-3.740211e+01	-5.605145e+01
2.800000e-07	-5.377010e-06	-8.583622e-10	-3.732468e+01	-5.608214e+01
2.900000e-07	-5.365423e-06	-8.398415e-10	-3.724425e+01	-5.610595e+01
3.000000e-07	-5.353520e-06	-8.712571e-10	-3.716162e+01	-5.612251e+01
3.100000e-07	-5.341252e-06	-8.586309e-10	-3.707647e+01	-5.613161e+01
3.200000e-07	-5.328536e-06	-8.450372e-10	-3.698820e+01	-5.613314e+01
3.300000e-07	-5.315375e-06	-8.335002e-10	-3.689684e+01	-5.612716e+01
3.400000e-07	-5.301832e-06	-8.781355e-10	-3.680283e+01	-5.611385e+01
3.500000e-07	-5.287909e-06	-8.657242e-10	-3.670618e+01	-5.609352e+01
3.600000e-07	-5.273548e-06	-8.509418e-10	-3.660650e+01	-5.606660e+01
3.700000e-07	-5.258671e-06	-8.513979e-10	-3.650322e+01	-5.603363e+01
3.800000e-07	-5.243197e-06	-8.660327e-10	-3.639581e+01	-5.599524e+01
3.900000e-07	-5.227115e-06	-8.314858e-10	-3.628418e+01	-5.595217e+01
4.000000e-07	-5.210605e-06	-8.493974e-10	-3.616957e+01	-5.590522e+01
4.100000e-07	-5.193758e-06	-8.851121e-10	-3.605263e+01	-5.585523e+01
4.200000e-07	-5.176535e-06	-8.520986e-10	-3.593307e+01	-5.580309e+01
4.300000e-07	-5.159009e-06	-8.215496e-10	-3.581142e+01	-5.574972e+01
4.400000e-07	-5.141256e-06	-8.738949e-10	-3.568819e+01	-5.569602e+01
4.500000e-07	-5.123191e-06	-8.845954e-10	-3.556278e+01	-5.564289e+01
4.600000e-07	-5.104645e-06	-8.159532e-10	-3.543405e+01	-5.559121e+01
4.700000e-07	-5.085702e-06	-8.385844e-10	-3.530256e+01	-5.554177e+01
4.800000e-07	-5.066497e-06	-8.836495e-10	-3.516924e+01	-5.549535e+01
4.900000e-07	-5.047002e-06	-8.398957e-10	-3.503392e+01	-5.545263e+01
5.000000e-07	-5.027271e-06	-8.198112e-10	-3.489696e+01	-5.541419e+01
5.100000e-07	-5.007360e-06	-8.846075e-10	-3.475875e+01	-5.538056e+01
5.200000e-07	-4.987147e-06	-8.541642e-10	-3.461843e+01	-5.535213e+01
5.300000e-07	-4.966567e-06	-8.104915e-10	-3.447558e+01	-5.532920e+01
5.400000e-07	-4.945678e-06	-8.608275e-10	-3.433058e+01	-5.531196e+01
5.500000e-07	-4.924388e-06	-8.828563e-10	-3.418279e+01	-5.530051e+01
5.600000e-07	-4.902675e-06	-8.150113e-10	-3.403207e+01	-5.529480e+01
5.700000e-07	-4.880671e-06	-8.363274e-10	-3.387933e+01	-5.529473e+01
5.800000e-07	-4.858400e-06	-8.710238e-10	-3.372473e+01	-5.530008e+01
5.900000e-07	-4.835678e-06	-8.304428e-10	-3.356701e+01	-5.531055e+01
6.000000e-07	-4.812493e-06	-8.196589e-10	-3.340607e+01	-5.532575e+01
6.100000e-07	-4.789116e-06	-8.730677e-10	-3.324379e+01	-5.534525e+01
6.200000e-07	-4.765552e-06	-8.508009e-10	-3.308022e+01	-5.536853e+01
6.300000e-07	-4.741785e-06	-8.279043e-10	-3.291524e+01	-5.539508e+01
6.400000e-07	-4.717817e-06	-8.605143e-10	-3.274887e+01	-5.542430e+01
6.500000e-07	-4.693476e-06	-8.608654e-10	-3.257991e+01	-5.545562e+01
6.600000e-07	-4.668613e-06	-8.281910e-10	-3.240732e+01	-5.548846e+01
6.700000e-07	-4.643249e-06	-8.535478e-10	-3.223125e+01	-5.552223e+01
6.800000e-07	-4.617335e-06	-8.668231e-10	-3.205137e+01	-5.555639e+01
6.900000e-07	-4.590750e-06	-8.428397e-10	-3.186683e+01	-5.559041e+01
7.000000e-07	-4.563698e-06	-8.517431e-10	-3.167905e+01	-5.562381e+01
7.100000e-07	-4.536398e-06	-8.741189e-10	-3.148955e+01	-5.565616e+01
7.200000e-07	-4.508848e-06	-8.563907e-10	-3.129831e+01	-5.568710e+01
7.300000e-07	-4.481107e-06	-8.479981e-10	-3.110574e+01	-5.571632e+01
7.400000e-07	-4.453214e-06	-8.625697e-10	-3.091212e+01	-5.574356e+01
7.500000e-07	-4.425156e-06	-8.539125e-10	-3.071736e+01	-5.576867e+01
7.600000e-07	-4.396807e-06	-8.458056e-10	-3.052057e+01	-5.579152e+01
7.700000e-07	-4.368057e-06	-8.565632e-10	-3.032100e+01	-5.581208e+01
7.800000e-07	-4.338954e-06	-8.578148e-10	-3.011898e+01	-5.583037e+01
7.900000e-07	-4.309572e-06	-8.468224e-10	-2.991502e+01	-5.584646e+01
8.000000e-07	-4.279911e-06	-8.576385e-10	-2.970913e+01	-5.586050e+01
8.100000e-07	-4.249982e-06	-8.581947e-10	-2.950138e+01	-5.587265e+01
8.200000e-07	-4.219808e-06	-8.449010e-10	-2.929193e+01	-5.588313e+01
8.300000e-07	-4.189375e-06	-8.403899e-10	-2.908067e+01	-5.589219e+01
8.400000e-07	-4.158664e-06	-8.496253e-10	-2.886750e+01	-5.590009e+01
8.500000e-07	-4.127668e-06	-8.423362e-10	-2.865233e+01	-5.590711e+01
8.600000e-07	-4.096398e-06	-8.425686e-10	-2.843527e+01	-5.591353e+01
8.700000e-07	-4.064852e-06	-8.492647e-10	-2.821630e+01	-5.591961e+01
8.800000e-07	-4.033163e-06	-8.484741e-10	-2.799632e+01	-5.592562e+01
8.900000e-07	-4.001370e-06	-8.400644e-10	-2.777563e+01	-5.593180e+01
9.000000e-07	-3.969297e-06	-8.468636e-10	-2.755300e+01	-5.593835e+01
9.100000e-07	-3.936822e-06	-8.465820e-10	-2.732757e+01	-5.594544e+01
9.200000e-07	-3.904061e-06	-8.409032e-10	-2.710016e+01	-5.595321e+01
9.300000e-07	-3.871030e-06	-8.441198e-10	-2.687087e+01	-5.596175e+01
9.400000e-07	-3.837449e-06	-8.514438e-10	-2.663777e+01	-5.597110e+01
9.500000e-07	-3.803333e-06	-8.444273e-10	-2.640095e+01	-5.598125e+01
9.600000e-07	-3.768882e-06	-8.424310e-10	-2.616181e+01	-5.599217e+01
9.700000e-07	-3.734000e-06	-8.461311e-10	-2.591968e+01	-5.600375e+01
9.800000e-07	-3.698773e-06	-8.417462e-10	-2.567515e+01	-5.601585e+01
9.900000e-07	-3.663343e-06	-8.346610e-10	-2.542920e+01	-5.602830e+01
1.000000e-06	-3.627696e-06	-8.376978e-10	-2.518176e+01	-5.604087e+01
1.010000e-06	-3.591949e-06	-8.394374e-10	-2.493362e+01	-5.605333e+01
1.020000e-06	-3.556118e-06	-8.347805e-10	-2.468490e+01	-5.606540e+01
1.030000e-06	-3.520104e-06	-8.371445e-10	-2.443491e+01	-5.607678e+01
1.040000e-06	-3.483887e-06	-8.413457e-10	-2.418351e+01	-5.608717e+01
1.050000e-06	-3.447394e-06	-8.386428e-10	-2.393019e+01	-5.609626e+01
1.060000e-06	-3.410519e-06	-8.339491e-10	-2.367422e+01	-5.610373e+01
1.070000e-06	-3.373365e-06	-8.357526e-10	-2.341631e+01	-5.610928e+01
1.080000e-06	-3.335971e-06	-8.335683e-10	-2.315674e+01	-5.611261e+01
1.090000e-06	-3.298308e-06	-8.320755e-10	-2.289531e+01	-5.611343e+01
1.100000e-06	-3.260465e-06	-8.353149e-10	-2.263262e+01	-5.611149e+01
1.110000e-06	-3.222462e-06	-8.360946e-10	-2.236882e+01	-5.610654e+01
1.120000e-06	-3.184267e-06	-8.294560e-10	-2.210368e+01	-5.609839e+01
1.130000e-06	-3.145863e-06	-8.290211e-10	-2.183711e+01	-5.608685e+01
1.140000e-06	-3.107133e-06	-8.287409e-10	-2.156826e+01	-5.607177e+01
1.150000e-06	-3.068173e-06	-8.275104e-10	-2.129782e+01	-5.605304e+01
1.160000e-06	-3.029109e-06	-8.250262e-10	-2.102665e+01	-5.603057e+01
1.170000e-06	-2.989874e-06	-8.248959e-10	-2.075430e+01	-5.600431e+01
1.180000e-06	-2.950470e-06	-8.220406e-10	-2.048078e+01	-5.597424e+01
1.190000e-06	-2.910912e-06	-8.212025e-10	-2.020618e+01	-5.594034e+01
1.200000e-06	-2.871219e-06	-8.227959e-10	-1.993066e+01	-5.590265e+01
1.210000e-06	-2.831388e-06	-8.243990e-10	-1.965416e+01	-5.586120e+01
1.220000e-06	-2.791421e-06	-8.222470e-10	-1.937673e+01	-5.581603e+01
1.230000e-06	-2.751271e-06	-8.240175e-10	-1.909803e+01	-5.576722e+01
1.240000e-06	-2.710893e-06	-8.262230e-10	-1.881774e+01	-5.571482e+01
1.250000e-06	-2.670350e-06	-8.250654e-10	-1.853632e+01	-5.565889e+01
1.260000e-06	-2.629611e-06	-8.246031e-10	-1.825353e+01	-5.559950e+01
1.270000e-06	-2.588578e-06	-8.253608e-10	-1.796869e+01	-5.553669e+01
1.280000e-06	-2.547247e-06	-8.229322e-10	-1.768179e+01	-5.547050e+01
1.290000e-06	-2.505547e-06	-8.184541e-10	-1.739233e+01	-5.540093e+01
1.300000e-06	-2.463406e-06	-8.173971e-10	-1.709981e+01	-5.532798e+01
1.310000e-06	-2.420984e-06	-8.164935e-10	-1.680533e+01	-5.525161e+01
1.320000e-06	-2.378420e-06	-8.161193e-10	-1.650988e+01	-5.517176e+01
1.330000e-06	-2.335603e-06	-8.172535e-10	-1.621266e+01	-5.508834e+01
1.340000e-06	-2.292461e-06	-8.189072e-10	-1.591319e+01	-5.500123e+01
1.350000e-06	-2.249120e-06	-8.200800e-10	-1.561233e+01	-5.491026e+01
1.360000e-06	-2.205674e-06	-8.208918e-10	-1.531076e+01	-5.481525e+01
1.370000e-06	-2.162133e-06	-8.180096e-10	-1.500852e+01	-5.471598e+01
1.380000e-06	-2.118546e-06	-8.130846e-10	-1.470595e+01	-5.461219e+01
1.390000e-06	-2.074905e-06	-8.084983e-10	-1.440301e+01	-5.450360e+01
1.400000e-06	-2.031136e-06	-8.067039e-10	-1.409919e+01	-5.438990e+01
1.410000e-06	-1.987239e-06	-8.031639e-10	-1.379448e+01	-5.427073e+01
1.420000e-06	-1.943258e-06	-7.966454e-10	-1.348918e+01	-5.414573e+01
1.430000e-06	-1.899193e-06	-7.922798e-10	-1.318331e+01	-5.401451e+01
1.440000e-06	-1.855043e-06	-7.909762e-10	-1.287684e+01	-5.387663e+01
1.450000e-06	-1.810691e-06	-7.880999e-10	-1.256897e+01	-5.373168e+01
1.460000e-06	-1.766143e-06	-7.855413e-10	-1.225973e+01	-5.357917e+01
1.470000e-06	-1.721557e-06	-7.812315e-10	-1.195024e+01	-5.341864e+01
1.480000e-06	-1.676882e-06	-7.753083e-10	-1.164013e+01	-5.324959e+01
1.490000e-06	-1.631994e-06	-7.655091e-10	-1.132854e+01	-5.307150e+01
1.500000e-06	-1.586995e-06	-7.568068e-10	-1.101617e+01	-5.288385e+01
1.510000e-06	-1.541995e-06	-7.528001e-10	-1.070380e+01	-5.268608e+01
1.520000e-06	-1.496884e-06	-7.511411e-10	-1.039066e+01	-5.247764e+01
1.530000e-06	-1.451546e-06	-7.493227e-10	-1.007595e+01	-5.225796e+01
1.540000e-06	-1.406112e-06	-7.458641e-10	-9.760567e+00	-5.202643e+01
1.550000e-06	-1.360743e-06	-7.388803e-10	-9.445641e+00	-5.178246e+01
1.560000e-06	-1.315296e-06	-7.291842e-10	-9.130168e+00	-5.152541e+01
1.570000e-06	-1.269684e-06	-7.193343e-10	-8.813551e+00	-5.125465e+01
1.580000e-06	-1.223971e-06	-7.113594e-10	-8.496231e+00	-5.096949e+01
1.590000e-06	-1.178151e-06	-7.071865e-10	-8.178171e+00	-5.066928e+01
1.600000e-06	-1.132246e-06	-7.059260e-10	-7.859522e+00	-5.035329e+01
1.610000e-06	-1.086270e-06	-7.064186e-10	-7.540373e+00	-5.002081e+01
1.620000e-06	-1.040211e-06	-7.052146e-10	-7.220654e+00	-4.967109e+01
1.630000e-06	-9.940939e-07	-7.019805e-10	-6.900533e+00	-4.930337e+01
1.640000e-06	-9.479296e-07	-6.942734e-10	-6.580082e+00	-4.891685e+01
1.650000e-06	-9.017067e-07	-6.815816e-10	-6.259225e+00	-4.851075e+01
1.660000e-06	-8.554134e-07	-6.683203e-10	-5.937878e+00	-4.808423e+01
1.670000e-06	-8.090715e-07	-6.575644e-10	-5.616195e+00	-4.763647e+01
1.680000e-06	-7.626896e-07	-6.486199e-10	-5.294233e+00	-4.716661e+01
1.690000e-06	-7.162683e-07	-6.412441e-10	-4.971998e+00	-4.667380e+01
1.700000e-06	-6.698243e-07	-6.343202e-10	-4.649606e+00	-4.615717e+01
1.710000e-06	-6.233468e-07	-6.294552e-10	-4.326981e+00	-4.561588e+01
1.720000e-06	-5.767793e-07	-6.239035e-10	-4.003731e+00	-4.504905e+01
1.730000e-06	-5.301102e-07	-6.131591e-10	-3.679776e+00	-4.445584e+01
1.740000e-06	-4.833998e-07	-5.981382e-10	-3.355535e+00	-4.383543e+01
1.750000e-06	-4.366805e-07	-5.834045e-10	-3.031231e+00	-4.318699e+01
1.760000e-06	-3.899236e-07	-5.720023e-10	-2.706666e+00	-4.250975e+01
1.770000e-06	-3.431756e-07	-5.634205e-10	-2.382164e+00	-4.180296e+01
1.780000e-06	-2.964075e-07	-5.545329e-10	-2.057522e+00	-4.106591e+01
1.790000e-06	-2.495660e-07	-5.454335e-10	-1.732370e+00	-4.029794e+01
1.800000e-06	-2.027716e-07	-5.350195e-10	-1.407545e+00	-3.949846e+01
1.810000e-06	-1.559537e-07	-5.234674e-10	-1.082557e+00	-3.866691e+01
1.820000e-06	-1.090415e-07	-5.115519e-10	-7.569148e-01	-3.780282e+01
1.830000e-06	-6.211468e-08	-4.984041e-10	-4.311709e-01	-3.690578e+01
1.840000e-06	-1.523822e-08	-4.832351e-10	-1.057766e-01	-3.597548e+01
1.850000e-06	3.158284e-08	-4.692812e-10	2.192333e-01	-3.501168e+01
1.860000e-06	7.843623e-08	-4.571669e-10	5.444675e-01	-3.401422e+01
1.870000e-06	1.253377e-07	-4.443327e-10	8.700355e-01	-3.298305e+01
1.880000e-06	1.722694e-07	-4.309318e-10	1.195813e+00	-3.191820e+01
1.890000e-06	2.191556e-07	-4.163076e-10	1.521276e+00	-3.081983e+01
1.900000e-06	2.659303e-07	-3.989699e-10	1.845963e+00	-2.968817e+01
1.910000e-06	3.126419e-07	-3.799935e-10	2.170213e+00	-2.852358e+01
1.920000e-06	3.594349e-07	-3.611437e-10	2.495028e+00	-2.732650e+01
1.930000e-06	4.063244e-07	-3.448968e-10	2.820513e+00	-2.609751e+01
1.940000e-06	4.530899e-07	-3.313000e-10	3.145137e+00	-2.483727e+01
1.950000e-06	4.997938e-07	-3.163838e-10	3.469334e+00	-2.354657e+01
1.960000e-06	5.464238e-07	-3.003180e-10	3.793018e+00	-2.222627e+01
1.970000e-06	5.929524e-07	-2.823125e-10	4.115997e+00	-2.087739e+01
1.980000e-06	6.394874e-07	-2.625004e-10	4.439021e+00	-1.950100e+01
1.990000e-06	6.860370e-07	-2.407107e-10	4.762146e+00	-1.809830e+01
2.000000e-06	7.325491e-07	-2.180486e-10	5.085012e+00	-1.667058e+01
2.010000e-06	7.789347e-07	-1.964184e-10	5.406999e+00	-1.521924e+01
2.020000e-06	8.252300e-07	-1.765002e-10	5.728359e+00	-1.374574e+01
2.030000e-06	8.714659e-07	-1.582232e-10	6.049307e+00	-1.225166e+01
2.040000e-06	9.176403e-07	-1.406330e-10	6.369828e+00	-1.073864e+01
2.050000e-06	9.637161e-07	-1.206720e-10	6.689665e+00	-9.208411e+00
2.060000e-06	1.009730e-06	-9.839406e-11	7.009074e+00	-7.662773e+00
2.070000e-06	1.055666e-06	-7.432224e-11	7.327939e+00	-6.103592e+00
2.080000e-06	1.101523e-06	-5.006135e-11	7.646256e+00	-4.532798e+00
2.090000e-06	1.147370e-06	-2.742713e-11	7.964505e+00	-2.952374e+00
2.100000e-06	1.193211e-06	-5.374858e-12	8.282713e+00	-1.364353e+00
2.110000e-06	1.238898e-06	1.787118e-11	8.599848e+00	2.291929e-01
2.120000e-06	1.284461e-06	4.102571e-11	8.916124e+00	1.826157e+00
2.130000e-06	1.330040e-06	6.211998e-11	9.232515e+00	3.424409e+00
2.140000e-06	1.375566e-06	8.221991e-11	9.548536e+00	5.021800e+00
2.150000e-06	1.420967e-06	1.022030e-10	9.863683e+00	6.616175e+00
2.160000e-06	1.466264e-06	1.244028e-10	1.017812e+01	8.205378e+00
2.170000e-06	1.511468e-06	1.488327e-10	1.049190e+01	9.787268e+00
2.180000e-06	1.556546e-06	1.726304e-10	1.080481e+01	1.135972e+01
2.190000e-06	1.601533e-06	1.948855e-10	1.111709e+01	1.292065e+01
2.200000e-06	1.646380e-06	2.181643e-10	1.142840e+01	1.446799e+01
2.210000e-06	1.691055e-06	2.411403e-10	1.173851e+01	1.599976e+01
2.220000e-06	1.735534e-06	2.620329e-10	1.204726e+01	1.751400e+01
2.230000e-06	1.779863e-06	2.823946e-10	1.235498e+01	1.900887e+01
2.240000e-06	1.824132e-06	3.015890e-10	1.266227e+01	2.048256e+01
2.250000e-06	1.868236e-06	3.192564e-10	1.296842e+01	2.193338e+01
2.260000e-06	1.912229e-06	3.373276e-10	1.327380e+01	2.335974e+01
2.270000e-06	1.956202e-06	3.566017e-10	1.357904e+01	2.476015e+01
2.280000e-06	2.000090e-06	3.775765e-10	1.388369e+01	2.613323e+01
2.290000e-06	2.043867e-06	3.954839e-10	1.418757e+01	2.747773e+01
2.300000e-06	2.087549e-06	4.133933e-10	1.449078e+01	2.879253e+01
2.310000e-06	2.131194e-06	4.302720e-10	1.479375e+01	3.007663e+01
2.320000e-06	2.174816e-06	4.453802e-10	1.509655e+01	3.132918e+01
2.330000e-06	2.218351e-06	4.623528e-10	1.539875e+01	3.254945e+01
2.340000e-06	2.261745e-06	4.805698e-10	1.569997e+01	3.373687e+01
2.350000e-06	2.304889e-06	4.998059e-10	1.599946e+01	3.489098e+01
2.360000e-06	2.347797e-06	5.164404e-10	1.629730e+01	3.601148e+01
2.370000e-06	2.390533e-06	5.314824e-10	1.659396e+01	3.709820e+01
2.380000e-06	2.433077e-06	5.444111e-10	1.688928e+01	3.815107e+01
2.390000e-06	2.475369e-06	5.573477e-10	1.718285e+01	3.917017e+01
2.400000e-06	2.517290e-06	5.700921e-10	1.747384e+01	4.015569e+01
2.410000e-06	2.558896e-06	5.838037e-10	1.776265e+01	4.110792e+01
2.420000e-06	2.600154e-06	5.971849e-10	1.804905e+01	4.202723e+01
2.430000e-06	2.641019e-06	6.076927e-10	1.833271e+01	4.291411e+01
2.440000e-06	2.681579e-06	6.160971e-10	1.861426e+01	4.376909e+01
2.450000e-06	2.721926e-06	6.234147e-10	1.889434e+01	4.459278e+01
2.460000e-06	2.762118e-06	6.333535e-10	1.917333e+01	4.538584e+01
2.470000e-06	2.802130e-06	6.448206e-10	1.945107e+01	4.614898e+01
2.480000e-06	2.841972e-06	6.547409e-10	1.972764e+01	4.688291e+01
2.490000e-06	2.881703e-06	6.668192e-10	2.000343e+01	4.758837e+01
2.500000e-06	2.921308e-06	6.799567e-10	2.027835e+01	4.826612e+01
2.510000e-06	2.960752e-06	6.910016e-10	2.055215e+01	4.891689e+01
2.520000e-06	3.000083e-06	6.967694e-10	2.082517e+01	4.954140e+01
2.530000e-06	3.039307e-06	6.997404e-10	2.109744e+01	5.014036e+01
2.540000e-06	3.078360e-06	7.033872e-10	2.136853e+01	5.071444e+01
2.550000e-06	3.117233e-06	7.082387e-10	2.163837e+01	5.126428e+01
2.560000e-06	3.155822e-06	7.161880e-10	2.190623e+01	5.179047e+01
2.570000e-06	3.194134e-06	7.255281e-10	2.217218e+01	5.229357e+01
2.580000e-06	3.232203e-06	7.349733e-10	2.243643e+01	5.277410e+01
2.590000e-06	3.270055e-06	7.426171e-10	2.269919e+01	5.323251e+01
2.600000e-06	3.307739e-06	7.473174e-10	2.296077e+01	5.366923e+01
2.610000e-06	3.345193e-06	7.501982e-10	2.322076e+01	5.408467e+01
2.620000e-06	3.382455e-06	7.544853e-10	2.347941e+01	5.447917e+01
2.630000e-06	3.419491e-06	7.603111e-10	2.373650e+01	5.485306e+01
2.640000e-06	3.456265e-06	7.676220e-10	2.399177e+01	5.520666e+01
2.650000e-06	3.492682e-06	7.759612e-10	2.424456e+01	5.554026e+01
2.660000e-06	3.528832e-06	7.824191e-10	2.449550e+01	5.585416e+01
2.670000e-06	3.564889e-06	7.868347e-10	2.474579e+01	5.614865e+01
2.680000e-06	3.600789e-06	7.906183e-10	2.499499e+01	5.642405e+01
2.690000e-06	3.636544e-06	7.929957e-10	2.524318e+01	5.668069e+01
2.700000e-06	3.672130e-06	7.964959e-10	2.549020e+01	5.691894e+01
2.710000e-06	3.707436e-06	8.013804e-10	2.573528e+01	5.713920e+01
2.720000e-06	3.742538e-06	8.076739e-10	2.597894e+01	5.734192e+01
2.730000e-06	3.777507e-06	8.134238e-10	2.622168e+01	5.752758e+01
2.740000e-06	3.812157e-06	8.179450e-10	2.646220e+01	5.769676e+01
2.750000e-06	3.846236e-06	8.208578e-10	2.669877e+01	5.785004e+01
2.760000e-06	3.879675e-06	8.217576e-10	2.693088e+01	5.798812e+01
2.770000e-06	3.912570e-06	8.229113e-10	2.715923e+01	5.811171e+01
2.780000e-06	3.945050e-06	8.259308e-10	2.738469e+01	5.822160e+01
2.790000e-06	3.977297e-06	8.303964e-10	2.760853e+01	5.831863e+01
2.800000e-06	4.009365e-06	8.348195e-10	2.783113e+01	5.840370e+01
2.810000e-06	4.041245e-06	8.403936e-10	2.805243e+01	5.847773e+01
2.820000e-06	4.072965e-06	8.435767e-10	2.827261e+01	5.854168e+01
2.830000e-06	4.104506e-06	8.437110e-10	2.849155e+01	5.859656e+01
2.840000e-06	4.135865e-06	8.432423e-10	2.870923e+01	5.864336e+01
2.850000e-06	4.166881e-06	8.414573e-10	2.892453e+01	5.868308e+01
2.860000e-06	4.197552e-06	8.408691e-10	2.913744e+01	5.871673e+01
2.870000e-06	4.227951e-06	8.431369e-10	2.934845e+01	5.874527e+01
2.880000e-06	4.257971e-06	8.465648e-10	2.955684e+01	5.876963e+01
2.890000e-06	4.287730e-06	8.487532e-10	2.976341e+01	5.879072e+01
2.900000e-06	4.317267e-06	8.482936e-10	2.996844e+01	5.880934e+01
2.910000e-06	4.346474e-06	8.471786e-10	3.017118e+01	5.882626e+01
2.920000e-06	4.375407e-06	8.484943e-10	3.037202e+01	5.884214e+01
2.930000e-06	4.404056e-06	8.501670e-10	3.057089e+01	5.885757e+01
2.940000e-06	4.432407e-06	8.500650e-10	3.076769e+01	5.887302e+01
2.950000e-06	4.460517e-06	8.488375e-10	3.096281e+01	5.888886e+01
2.960000e-06	4.488403e-06	8.496678e-10	3.115639e+01	5.890537e+01
2.970000e-06	4.516094e-06	8.531828e-10	3.134860e+01	5.892268e+01
2.980000e-06	4.543576e-06	8.569520e-10	3.153937e+01	5.894084e+01
2.990000e-06	4.570827e-06	8.599745e-10	3.172854e+01	5.895979e+01
3.000000e-06	4.597775e-06	8.620567e-10	3.191559e+01	5.897935e+01
3.010000e-06	4.624226e-06	8.629528e-10	3.209921e+01	5.899926e+01
3.020000e-06	4.650003e-06	8.622649e-10	3.227814e+01	5.901914e+01
3.030000e-06	4.675148e-06	8.612014e-10	3.245269e+01	5.903857e+01
3.040000e-06	4.699848e-06	8.617671e-10	3.262414e+01	5.905704e+01
3.050000e-06	4.724160e-06	8.640679e-10	3.279290e+01	5.907399e+01
3.060000e-06	4.748177e-06	8.673632e-10	3.295962e+01	5.908883e+01
3.070000e-06	4.771982e-06	8.699911e-10	3.312486e+01	5.910093e+01
3.080000e-06	4.795528e-06	8.713678e-10	3.328830e+01	5.910968e+01
3.090000e-06	4.818758e-06	8.718985e-10	3.344956e+01	5.911443e+01
3.100000e-06	4.841589e-06	8.710562e-10	3.360804e+01	5.911461e+01
3.110000e-06	4.864064e-06	8.692875e-10	3.376405e+01	5.910966e+01
3.120000e-06	4.886249e-06	8.686942e-10	3.391805e+01	5.909908e+01
3.130000e-06	4.908135e-06	8.718573e-10	3.406997e+01	5.908243e+01
3.140000e-06	4.929712e-06	8.756828e-10	3.421975e+01	5.905935e+01
3.150000e-06	4.950971e-06	8.782474e-10	3.436732e+01	5.902958e+01
3.160000e-06	4.971822e-06	8.787894e-10	3.451206e+01	5.899295e+01
3.170000e-06	4.992257e-06	8.772397e-10	3.465390e+01	5.894940e+01
3.180000e-06	5.012418e-06	8.743768e-10	3.479385e+01	5.889895e+01
3.190000e-06	5.032364e-06	8.721239e-10	3.493231e+01	5.884176e+01
3.200000e-06	5.052155e-06	8.726140e-10	3.506969e+01	5.877809e+01
3.210000e-06	5.071732e-06	8.742046e-10	3.520558e+01	5.870828e+01
3.220000e-06	5.090967e-06	8.755956e-10	3.533910e+01	5.863278e+01
3.230000e-06	5.109855e-06	8.771167e-10	3.547021e+01	5.855214e+01
3.240000e-06	5.128254e-06	8.762930e-10	3.559793e+01	5.846698e+01
3.250000e-06	5.146101e-06	8.737676e-10	3.572181e+01	5.837797e+01
3.260000e-06	5.163553e-06	8.720440e-10	3.584296e+01	5.828586e+01
3.270000e-06	5.180696e-06	8.703520e-10	3.596196e+01	5.819141e+01
3.280000e-06	5.197675e-06	8.693435e-10	3.607982e+01	5.809543e+01
3.290000e-06	5.214435e-06	8.703963e-10	3.619616e+01	5.799872e+01
3.300000e-06	5.230781e-06	8.731290e-10	3.630962e+01	5.790207e+01
3.310000e-06	5.246722e-06	8.751840e-10	3.642028e+01	5.780624e+01
3.320000e-06	5.262146e-06	8.743339e-10	3.652735e+01	5.771197e+01
3.330000e-06	5.277053e-06	8.718658e-10	3.663082e+01	5.761992e+01
3.340000e-06	5.291526e-06	8.693107e-10	3.673129e+01	5.753070e+01
3.350000e-06	5.305569e-06	8.674513e-10	3.682877e+01	5.744483e+01
3.360000e-06	5.319230e-06	8.680515e-10	3.692360e+01	5.736272e+01
3.370000e-06	5.332477e-06	8.704147e-10	3.701555e+01	5.728473e+01
3.380000e-06	5.345316e-06	8.715373e-10	3.710467e+01	5.721108e+01
3.390000e-06	5.357791e-06	8.709997e-10	3.719127e+01	5.714189e+01
3.400000e-06	5.369911e-06	8.716189e-10	3.727540e+01	5.707718e+01
3.410000e-06	5.381691e-06	8.716393e-10	3.735717e+01	5.701686e+01
3.420000e-06	5.393105e-06	8.741328e-10	3.743640e+01	5.696074e+01
3.430000e-06	5.404103e-06	8.766284e-10	3.751275e+01	5.690855e+01
3.440000e-06	5.414566e-06	8.758636e-10	3.758537e+01	5.685992e+01
3.450000e-06	5.424340e-06	8.737015e-10	3.765322e+01	5.681441e+01
3.460000e-06	5.433474e-06	8.711980e-10	3.771663e+01	5.677153e+01
3.470000e-06	5.442094e-06	8.721974e-10	3.777646e+01	5.673073e+01
3.480000e-06	5.450265e-06	8.743098e-10	3.783318e+01	5.669144e+01
3.490000e-06	5.458126e-06	8.762604e-10	3.788775e+01	5.665306e+01
3.500000e-06	5.465774e-06	8.768896e-10	3.794084e+01	5.661502e+01
3.510000e-06	5.473155e-06	8.758476e-10	3.799207e+01	5.657674e+01
3.520000e-06	5.480185e-06	8.754058e-10	3.804087e+01	5.653768e+01
3.530000e-06	5.486808e-06	8.765027e-10	3.808685e+01	5.649737e+01
3.540000e-06	5.493048e-06	8.774355e-10	3.813016e+01	5.645537e+01
3.550000e-06	5.498896e-06	8.780750e-10	3.817076e+01	5.641135e+01
3.560000e-06	5.504308e-06	8.780800e-10	3.820833e+01	5.636503e+01
3.570000e-06	5.509295e-06	8.795169e-10	3.824294e+01	5.631626e+01
3.580000e-06	5.513863e-06	8.805870e-10	3.827465e+01	5.626497e+01
3.590000e-06	5.518094e-06	8.795503e-10	3.830402e+01	5.621120e+01
3.600000e-06	5.522078e-06	8.794406e-10	3.833167e+01	5.615510e+01
3.610000e-06	5.525862e-06	8.818241e-10	3.835794e+01	5.609693e+01
3.620000e-06	5.529360e-06	8.847090e-10	3.838222e+01	5.603704e+01
3.630000e-06	5.532471e-06	8.865120e-10	3.840381e+01	5.597589e+01
3.640000e-06	5.535195e-06	8.856611e-10	3.842272e+01	5.591401e+01
3.650000e-06	5.537442e-06	8.827186e-10	3.843832e+01	5.585201e+01
3.660000e-06	5.539058e-06	8.815308e-10	3.844954e+01	5.579058e+01
3.670000e-06	5.540019e-06	8.801414e-10	3.845621e+01	5.573044e+01
3.680000e-06	5.540466e-06	8.803357e-10	3.845931e+01	5.567235e+01
3.690000e-06	5.540565e-06	8.817833e-10	3.846000e+01	5.561708e+01
3.700000e-06	5.540393e-06	8.825398e-10	3.845881e+01	5.556541e+01
3.710000e-06	5.539990e-06	8.811761e-10	3.845601e+01	5.551807e+01
3.720000e-06	5.539268e-06	8.782385e-10	3.845100e+01	5.547580e+01
3.730000e-06	5.538103e-06	8.761350e-10	3.844291e+01	5.543923e+01
3.740000e-06	5.536562e-06	8.739672e-10	3.843221e+01	5.540897e+01
3.750000e-06	5.534699e-06	8.803890e-10	3.841928e+01	5.538550e+01
3.760000e-06	5.532507e-06	8.979012e-10	3.840406e+01	5.536924e+01
3.770000e-06	5.529959e-06	8.916025e-10	3.838638e+01	5.536047e+01
3.780000e-06	5.526999e-06	8.289398e-10	3.836583e+01	5.535936e+01
3.790000e-06	5.523540e-06	7.808558e-10	3.834182e+01	5.536595e+01
3.800000e-06	5.519527e-06	8.471315e-10	3.831397e+01	5.538017e+01
3.810000e-06	5.515216e-06	9.549183e-10	3.828404e+01	5.540180e+01
3.820000e-06	5.510891e-06	9.164117e-10	3.825402e+01	5.543049e+01
3.830000e-06	5.506413e-06	8.546990e-10	3.822293e+01	5.546577e+01
3.840000e-06	5.501361e-06	8.691063e-10	3.818787e+01	5.550706e+01
3.850000e-06	5.495596e-06	9.546538e-10	3.814785e+01	5.555366e+01
3.860000e-06	5.489521e-06	9.331834e-10	3.810568e+01	5.560478e+01
3.870000e-06	5.483228e-06	8.061799e-10	3.806199e+01	5.565954e+01
3.880000e-06	5.476383e-06	8.268073e-10	3.801448e+01	5.571701e+01
3.890000e-06	5.468925e-06	9.336152e-10	3.796271e+01	5.577620e+01
3.900000e-06	5.461057e-06	9.514436e-10	3.790809e+01	5.583608e+01
3.910000e-06	5.452836e-06	8.127170e-10	3.785103e+01	5.589561e+01
3.920000e-06	5.444160e-06	8.189215e-10	3.779080e+01	5.595378e+01
3.930000e-06	5.435068e-06	9.108721e-10	3.772769e+01	5.600959e+01
3.940000e-06	5.425801e-06	9.231966e-10	3.766336e+01	5.606207e+01
3.950000e-06	5.416237e-06	8.225696e-10	3.759697e+01	5.611034e+01
3.960000e-06	5.406115e-06	8.260066e-10	3.752671e+01	5.615358e+01
3.970000e-06	5.395555e-06	8.847008e-10	3.745341e+01	5.619108e+01
3.980000e-06	5.384772e-06	8.882678e-10	3.737856e+01	5.622222e+01
3.990000e-06	5.373666e-06	8.533980e-10	3.730147e+01	5.624650e+01
4.000000e-06	5.362014e-06	8.694159e-10	3.722059e+01	5.626357e+01
4.010000e-06	5.349965e-06	9.054760e-10	3.713695e+01	5.627317e+01
4.020000e-06	5.337606e-06	8.752957e-10	3.705116e+01	5.627523e+01
4.030000e-06	5.324614e-06	8.369439e-10	3.696097e+01	5.626976e+01
4.040000e-06	5.311052e-06	8.343311e-10	3.686683e+01	5.625694e+01
4.050000e-06	5.297235e-06	8.926189e-10	3.677092e+01	5.623707e+01
4.060000e-06	5.282902e-06	8.821259e-10	3.667142e+01	5.621056e+01
4.070000e-06	5.267839e-06	8.539809e-10	3.656686e+01	5.617796e+01
4.080000e-06	5.252278e-06	8.705633e-10	3.645885e+01	5.613988e+01
4.090000e-06	5.236398e-06	9.319996e-10	3.634862e+01	5.609707e+01
4.100000e-06	5.220135e-06	8.789705e-10	3.623573e+01	5.605029e+01
4.110000e-06	5.203534e-06	8.369217e-10	3.612049e+01	5.600041e+01
4.120000e-06	5.186728e-06	8.947277e-10	3.600383e+01	5.594830e+01
4.130000e-06	5.169624e-06	9.189912e-10	3.588511e+01	5.589489e+01
4.140000e-06	5.152071e-06	8.361992e-10	3.576326e+01	5.584107e+01
4.150000e-06	5.134159e-06	8.724183e-10	3.563892e+01	5.578775e+01
4.160000e-06	5.115983e-06	9.408001e-10	3.551275e+01	5.573580e+01
4.170000e-06	5.097431e-06	8.671581e-10	3.538397e+01	5.568604e+01
4.180000e-06	5.078463e-06	8.231143e-10	3.525230e+01	5.563923e+01
4.190000e-06	5.059224e-06	9.284126e-10	3.511876e+01	5.559606e+01
4.200000e-06	5.039617e-06	9.081731e-10	3.498265e+01	5.555714e+01
4.210000e-06	5.019674e-06	8.101734e-10	3.484422e+01	5.552298e+01
4.220000e-06	4.999568e-06	8.893653e-10	3.470465e+01	5.549399e+01
4.230000e-06	4.979199e-06	9.410558e-10	3.456326e+01	5.547048e+01
4.240000e-06	4.958533e-06	8.340632e-10	3.441980e+01	5.545265e+01
4.250000e-06	4.937486e-06	8.517403e-10	3.427371e+01	5.544060e+01
4.260000e-06	4.915988e-06	9.518460e-10	3.412448e+01	5.543431e+01
4.270000e-06	4.893948e-06	8.710436e-10	3.397149e+01	5.543366e+01
4.280000e-06	4.871270e-06	8.264539e-10	3.381407e+01	5.543846e+01
4.290000e-06	4.848004e-06	9.225889e-10	3.365257e+01	5.544840e+01
4.300000e-06	4.824342e-06	9.076381e-10	3.348831e+01	5.546311e+01
4.310000e-06	4.800485e-06	8.236980e-10	3.332271e+01	5.548216e+01
4.320000e-06	4.776455e-06	8.840662e-10	3.315591e+01	5.550504e+01
4.330000e-06	4.752124e-06	9.077856e-10	3.298701e+01	5.553122e+01
4.340000e-06	4.727515e-06	8.514855e-10	3.281619e+01	5.556013e+01
4.350000e-06	4.702735e-06	8.758782e-10	3.264418e+01	5.559119e+01
4.360000e-06	4.677627e-06	9.154008e-10	3.246989e+01	5.562381e+01
4.370000e-06	4.652014e-06	8.589531e-10	3.229209e+01	5.565741e+01
4.380000e-06	4.626012e-06	8.592239e-10	3.211160e+01	5.569145e+01
4.390000e-06	4.599744e-06	9.020248e-10	3.192926e+01	5.572539e+01
4.400000e-06	4.573123e-06	8.796851e-10	3.174447e+01	5.575874e+01
4.410000e-06	4.546137e-06	8.583797e-10	3.155715e+01	5.579109e+01
4.420000e-06	4.518887e-06	8.948217e-10	3.136799e+01	5.582205e+01
4.430000e-06	4.491393e-06	8.898996e-10	3.117714e+01	5.585130e+01
4.440000e-06	4.463623e-06	8.641287e-10	3.098438e+01	5.587861e+01
4.450000e-06	4.435615e-06	8.784199e-10	3.078995e+01	5.590378e+01
4.460000e-06	4.407457e-06	8.868133e-10	3.059450e+01	5.592671e+01
4.470000e-06	4.379142e-06	8.661003e-10	3.039795e+01	5.594735e+01
4.480000e-06	4.350500e-06	8.669133e-10	3.019913e+01	5.596572e+01
4.490000e-06	4.321369e-06	8.752083e-10	2.999692e+01	5.598188e+01
4.500000e-06	4.291753e-06	8.623836e-10	2.979133e+01	5.599597e+01
4.510000e-06	4.261743e-06	8.587781e-10	2.958302e+01	5.600816e+01
4.520000e-06	4.231256e-06	8.681399e-10	2.937139e+01	5.601866e+01
4.530000e-06	4.200276e-06	8.604341e-10	2.915635e+01	5.602772e+01
4.540000e-06	4.168899e-06	8.561852e-10	2.893854e+01	5.603559e+01
4.550000e-06	4.137173e-06	8.744473e-10	2.871831e+01	5.604256e+01
4.560000e-06	4.105193e-06	8.721784e-10	2.849632e+01	5.604890e+01
4.570000e-06	4.073035e-06	8.558676e-10	2.827310e+01	5.605489e+01
4.580000e-06	4.040755e-06	8.582783e-10	2.804903e+01	5.606079e+01
4.590000e-06	4.008253e-06	8.653103e-10	2.782341e+01	5.606683e+01
4.600000e-06	3.975429e-06	8.552219e-10	2.759556e+01	5.607323e+01
4.610000e-06	3.942268e-06	8.627422e-10	2.736537e+01	5.608016e+01
4.620000e-06	3.908838e-06	8.794848e-10	2.713332e+01	5.608776e+01
4.630000e-06	3.875280e-06	8.764982e-10	2.690037e+01	5.609612e+01
4.640000e-06	3.841513e-06	8.670580e-10	2.666598e+01	5.610529e+01
4.650000e-06	3.807455e-06	8.725092e-10	2.642957e+01	5.611527e+01
4.660000e-06	3.773175e-06	8.640548e-10	2.619161e+01	5.612601e+01
4.670000e-06	3.738638e-06	8.510848e-10	2.595187e+01	5.613743e+01
4.680000e-06	3.703744e-06	8.570140e-10	2.570965e+01	5.614938e+01
4.690000e-06	3.668582e-06	8.673396e-10	2.546558e+01	5.616170e+01
4.700000e-06	3.633143e-06	8.620953e-10	2.521957e+01	5.617416e+01
4.710000e-06	3.597435e-06	8.668980e-10	2.497170e+01	5.618652e+01
4.720000e-06	3.561577e-06	8.769699e-10	2.472280e+01	5.619852e+01
4.730000e-06	3.525586e-06	8.710497e-10	2.447297e+01	5.620986e+01
4.740000e-06	3.489479e-06	8.630626e-10	2.422232e+01	5.622024e+01
4.750000e-06	3.453207e-06	8.696054e-10	2.397054e+01	5.622934e+01
4.760000e-06	3.416692e-06	8.725885e-10	2.371707e+01	5.623684e+01
4.770000e-06	3.379892e-06	8.716613e-10	2.346163e+01	5.624245e+01
4.780000e-06	3.342850e-06	8.801825e-10	2.320449e+01	5.624587e+01
4.790000e-06	3.305600e-06	8.868980e-10	2.294593e+01	5.624679e+01
4.800000e-06	3.267961e-06	8.840144e-10	2.268465e+01	5.624498e+01
4.810000e-06	3.229787e-06	8.846179e-10	2.241966e+01	5.624018e+01
4.820000e-06	3.191185e-06	8.895090e-10	2.215171e+01	5.623219e+01
4.830000e-06	3.152303e-06	8.855812e-10	2.188181e+01	5.622082e+01
4.840000e-06	3.113149e-06	8.822952e-10	2.161002e+01	5.620593e+01
4.850000e-06	3.073657e-06	8.864085e-10	2.133588e+01	5.618740e+01
4.860000e-06	3.033900e-06	8.898064e-10	2.105991e+01	5.616513e+01
4.870000e-06	2.993973e-06	8.898878e-10	2.078276e+01	5.613908e+01
4.880000e-06	2.953911e-06	8.938731e-10	2.050467e+01	5.610921e+01
4.890000e-06	2.913702e-06	8.940077e-10	2.022555e+01	5.607553e+01
4.900000e-06	2.873354e-06	8.885265e-10	1.994547e+01	5.603804e+01
4.910000e-06	2.832912e-06	8.841018e-10	1.966475e+01	5.599678e+01
4.920000e-06	2.792366e-06	8.844111e-10	1.938329e+01	5.595181e+01
4.930000e-06	2.751581e-06	8.832714e-10	1.910019e+01	5.590319e+01
4.940000e-06	2.710581e-06	8.848505e-10	1.881558e+01	5.585097e+01
4.950000e-06	2.669464e-06	8.901109e-10	1.853017e+01	5.579523e+01
4.960000e-06	2.628106e-06	8.926225e-10	1.824308e+01	5.573601e+01
4.970000e-06	2.586594e-06	8.900684e-10	1.795492e+01	5.567338e+01
4.980000e-06	2.544942e-06	8.889948e-10	1.766579e+01	5.560735e+01
4.990000e-06	2.503028e-06	8.833597e-10	1.737484e+01	5.553795e+01
5.000000e-06	2.460971e-06	8.750682e-10	1.708290e+01	5.546517e+01
5.010000e-06	2.418819e-06	8.730058e-10	1.679030e+01	5.538898e+01
5.020000e-06	2.376554e-06	8.753391e-10	1.649692e+01	5.530931e+01
5.030000e-06	2.334148e-06	8.764771e-10	1.620256e+01	5.522608e+01
5.040000e-06	2.291544e-06	8.787175e-10	1.590682e+01	5.513917e+01
5.050000e-06	2.248737e-06	8.816196e-10	1.560967e+01	5.504842e+01
5.060000e-06	2.205765e-06	8.812761e-10	1.531139e+01	5.495364e+01
5.070000e-06	2.162632e-06	8.772311e-10	1.501197e+01	5.485462e+01
5.080000e-06	2.119297e-06	8.716247e-10	1.471116e+01	5.475111e+01
5.090000e-06	2.075803e-06	8.654249e-10	1.440925e+01	5.464282e+01
5.100000e-06	2.032195e-06	8.610989e-10	1.410654e+01	5.452944e+01
5.110000e-06	1.988449e-06	8.611579e-10	1.380288e+01	5.441063e+01
5.120000e-06	1.944568e-06	8.636561e-10	1.349828e+01	5.428602e+01
5.130000e-06	1.900601e-06	8.653231e-10	1.319308e+01	5.415522e+01
5.140000e-06	1.856621e-06	8.652685e-10	1.288779e+01	5.401781e+01
5.150000e-06	1.812602e-06	8.625316e-10	1.258223e+01	5.387335e+01
5.160000e-06	1.768464e-06	8.577417e-10	1.227585e+01	5.372138e+01
5.170000e-06	1.724228e-06	8.537165e-10	1.196878e+01	5.356142e+01
5.180000e-06	1.679942e-06	8.498349e-10	1.166137e+01	5.339299e+01
5.190000e-06	1.635617e-06	8.442210e-10	1.135368e+01	5.321556e+01
5.200000e-06	1.591214e-06	8.391731e-10	1.104546e+01	5.302861e+01
5.210000e-06	1.546707e-06	8.390182e-10	1.073651e+01	5.283160e+01
5.220000e-06	1.502031e-06	8.408991e-10	1.042639e+01	5.262396e+01
5.230000e-06	1.457270e-06	8.419803e-10	1.011569e+01	5.240513e+01
5.240000e-06	1.412443e-06	8.407442e-10	9.804520e+00	5.217450e+01
5.250000e-06	1.367443e-06	8.380653e-10	9.492149e+00	5.193148e+01
5.260000e-06	1.322348e-06	8.315787e-10	9.179118e+00	5.167543e+01
5.270000e-06	1.277180e-06	8.249966e-10	8.865584e+00	5.140572e+01
5.280000e-06	1.231960e-06	8.191698e-10	8.551691e+00	5.112168e+01
5.290000e-06	1.186643e-06	8.137879e-10	8.237115e+00	5.082263e+01
5.300000e-06	1.141215e-06	8.088237e-10	7.921779e+00	5.050788e+01
5.310000e-06	1.095685e-06	8.053308e-10	7.605728e+00	5.017669e+01
5.320000e-06	1.050018e-06	8.006891e-10	7.288729e+00	4.982832e+01
5.330000e-06	1.004288e-06	7.974767e-10	6.971293e+00	4.946202e+01
5.340000e-06	9.585165e-07	7.959625e-10	6.653572e+00	4.907699e+01
5.350000e-06	9.127138e-07	7.912210e-10	6.335631e+00	4.867244e+01
5.360000e-06	8.667963e-07	7.839674e-10	6.016893e+00	4.824754e+01
5.370000e-06	8.207384e-07	7.772006e-10	5.697181e+00	4.780147e+01
5.380000e-06	7.746118e-07	7.714067e-10	5.376992e+00	4.733337e+01
5.390000e-06	7.284941e-07	7.638522e-10	5.056864e+00	4.684239e+01
5.400000e-06	6.822915e-07	7.559483e-10	4.736148e+00	4.632767e+01
5.410000e-06	6.360253e-07	7.493575e-10	4.414989e+00	4.578835e+01
5.420000e-06	5.897986e-07	7.428000e-10	4.094105e+00	4.522357e+01
5.430000e-06	5.434658e-07	7.355070e-10	3.772485e+00	4.463249e+01
5.440000e-06	4.970492e-07	7.263017e-10	3.450282e+00	4.401426e+01
5.450000e-06	4.506291e-07	7.150618e-10	3.128055e+00	4.336807e+01
5.460000e-06	4.041491e-07	7.022478e-10	2.805413e+00	4.269315e+01
5.470000e-06	3.576241e-07	6.902713e-10	2.482459e+00	4.198874e+01
5.480000e-06	3.110391e-07	6.796879e-10	2.159088e+00	4.125413e+01
5.490000e-06	2.643822e-07	6.683522e-10	1.835217e+00	4.048865e+01
5.500000e-06	2.177323e-07	6.571970e-10	1.511395e+00	3.969170e+01
5.510000e-06	1.711508e-07	6.461412e-10	1.188048e+00	3.886273e+01
5.520000e-06	1.245906e-07	6.338311e-10	8.648496e-01	3.800126e+01
5.530000e-06	7.800117e-08	6.186431e-10	5.414475e-01	3.710687e+01
5.540000e-06	3.146716e-08	6.047336e-10	2.184303e-01	3.617924e+01
5.550000e-06	-1.502985e-08	5.915551e-10	-1.043302e-01	3.521812e+01
5.560000e-06	-6.159811e-08	5.776715e-10	-4.275852e-01	3.422336e+01
5.570000e-06	-1.081349e-07	5.626455e-10	-7.506219e-01	3.319488e+01
5.580000e-06	-1.546728e-07	5.466104e-10	-1.073666e+00	3.213273e+01
5.590000e-06	-2.013107e-07	5.294509e-10	-1.397404e+00	3.103703e+01
5.600000e-06	-2.479137e-07	5.100967e-10	-1.720901e+00	2.990802e+01
5.610000e-06	-2.944400e-07	4.898090e-10	-2.043864e+00	2.874605e+01
5.620000e-06	-3.409002e-07	4.701573e-10	-2.366369e+00	2.755155e+01
5.630000e-06	-3.873873e-07	4.511964e-10	-2.689061e+00	2.632508e+01
5.640000e-06	-4.338521e-07	4.324992e-10	-3.011598e+00	2.506731e+01
5.650000e-06	-4.802651e-07	4.117877e-10	-3.333775e+00	2.377899e+01
5.660000e-06	-5.266401e-07	3.893254e-10	-3.655689e+00	2.246102e+01
5.670000e-06	-5.729217e-07	3.677132e-10	-3.976954e+00	2.111436e+01
5.680000e-06	-6.192098e-07	3.467188e-10	-4.298264e+00	1.974011e+01
5.690000e-06	-6.655118e-07	3.231669e-10	-4.619671e+00	1.833944e+01
5.700000e-06	-7.117521e-07	2.964420e-10	-4.940649e+00	1.691365e+01
5.710000e-06	-7.578993e-07	2.694656e-10	-5.260981e+00	1.546411e+01
5.720000e-06	-8.039770e-07	2.435834e-10	-5.580831e+00	1.399229e+01
5.730000e-06	-8.500199e-07	2.203353e-10	-5.900439e+00	1.249975e+01
5.740000e-06	-8.959658e-07	1.977812e-10	-6.219374e+00	1.098813e+01
5.750000e-06	-9.418265e-07	1.754962e-10	-6.537718e+00	9.459154e+00
5.760000e-06	-9.876702e-07	1.498985e-10	-6.855943e+00	7.914617e+00
5.770000e-06	-1.033421e-06	1.221313e-10	-7.173521e+00	6.356380e+00
5.780000e-06	-1.079086e-06	9.162032e-11	-7.490509e+00	4.786367e+00
5.790000e-06	-1.124677e-06	6.272151e-11	-7.806978e+00	3.206557e+00
5.800000e-06	-1.170069e-06	3.559800e-11	-8.122070e+00	1.618979e+00
5.810000e-06	-1.215303e-06	7.834715e-12	-8.436062e+00	2.570184e-02
5.820000e-06	-1.260401e-06	-1.724576e-11	-8.749113e+00	-1.571170e+00
5.830000e-06	-1.305311e-06	-4.188956e-11	-9.060856e+00	-3.169508e+00
5.840000e-06	-1.350144e-06	-6.664593e-11	-9.372067e+00	-4.767165e+00
5.850000e-06	-1.394906e-06	-9.434151e-11	-9.682782e+00	-6.361985e+00
5.860000e-06	-1.439557e-06	-1.233959e-10	-9.992730e+00	-7.951813e+00
5.870000e-06	-1.484183e-06	-1.502079e-10	-1.030250e+01	-9.534506e+00
5.880000e-06	-1.528765e-06	-1.759735e-10	-1.061197e+01	-1.110794e+01
5.890000e-06	-1.573220e-06	-2.023226e-10	-1.092056e+01	-1.267001e+01
5.900000e-06	-1.617620e-06	-2.277526e-10	-1.122876e+01	-1.421868e+01
5.910000e-06	-1.661961e-06	-2.537623e-10	-1.153655e+01	-1.575193e+01
5.920000e-06	-1.706191e-06	-2.807765e-10	-1.184357e+01	-1.726782e+01
5.930000e-06	-1.750382e-06	-3.073152e-10	-1.215033e+01	-1.876448e+01
5.940000e-06	-1.794547e-06	-3.324272e-10	-1.245690e+01	-2.024011e+01
5.950000e-06	-1.838672e-06	-3.583642e-10	-1.276320e+01	-2.169302e+01
5.960000e-06	-1.882745e-06	-3.825800e-10	-1.306913e+01	-2.312158e+01
5.970000e-06	-1.926766e-06	-4.037312e-10	-1.337470e+01	-2.452432e+01
5.980000e-06	-1.970689e-06	-4.252925e-10	-1.367960e+01	-2.589984e+01
5.990000e-06	-2.014490e-06	-4.505890e-10	-1.398364e+01	-2.724688e+01
6.000000e-06	-2.058126e-06	-4.753181e-10	-1.428654e+01	-2.856430e+01
6.010000e-06	-2.101640e-06	-4.972937e-10	-1.458860e+01	-2.985111e+01
6.020000e-06	-2.145145e-06	-5.192479e-10	-1.489059e+01	-3.110643e+01
6.030000e-06	-2.188469e-06	-5.403221e-10	-1.519133e+01	-3.232953e+01
6.040000e-06	-2.231454e-06	-5.570464e-10	-1.548970e+01	-3.351981e+01
6.050000e-06	-2.274166e-06	-5.699115e-10	-1.578619e+01	-3.467683e+01
6.060000e-06	-2.316701e-06	-5.832571e-10	-1.608145e+01	-3.580025e+01
6.070000e-06	-2.359080e-06	-5.993399e-10	-1.637562e+01	-3.688989e+01
6.080000e-06	-2.401344e-06	-6.192814e-10	-1.666900e+01	-3.794570e+01
6.090000e-06	-2.443484e-06	-6.417803e-10	-1.696152e+01	-3.896772e+01
6.100000e-06	-2.485436e-06	-6.619473e-10	-1.725273e+01	-3.995614e+01
6.110000e-06	-2.527184e-06	-6.780591e-10	-1.754252e+01	-4.091124e+01
6.120000e-06	-2.568724e-06	-6.919215e-10	-1.783087e+01	-4.183339e+01
6.130000e-06	-2.610079e-06	-7.024987e-10	-1.811794e+01	-4.272306e+01
6.140000e-06	-2.651261e-06	-7.142057e-10	-1.840381e+01	-4.358079e+01
6.150000e-06	-2.692315e-06	-7.301673e-10	-1.868879e+01	-4.440717e+01
6.160000e-06	-2.733209e-06	-7.475841e-10	-1.897265e+01	-4.520288e+01
6.170000e-06	-2.773843e-06	-7.613967e-10	-1.925472e+01	-4.596859e+01
6.180000e-06	-2.814280e-06	-7.722159e-10	-1.953541e+01	-4.670504e+01
6.190000e-06	-2.854643e-06	-7.800139e-10	-1.981559e+01	-4.741296e+01
6.200000e-06	-2.894873e-06	-7.860012e-10	-2.009485e+01	-4.809310e+01
6.210000e-06	-2.934959e-06	-7.930215e-10	-2.037311e+01	-4.874620e+01
6.220000e-06	-2.975012e-06	-8.029852e-10	-2.065114e+01	-4.937298e+01
6.230000e-06	-3.014935e-06	-8.146657e-10	-2.092826e+01	-4.997416e+01
6.240000e-06	-3.054622e-06	-8.276895e-10	-2.120375e+01	-5.055040e+01
6.250000e-06	-3.094063e-06	-8.401183e-10	-2.147754e+01	-5.110234e+01
6.260000e-06	-3.133223e-06	-8.463207e-10	-2.174937e+01	-5.163060e+01
6.270000e-06	-3.172091e-06	-8.491607e-10	-2.201917e+01	-5.213571e+01
6.280000e-06	-3.210587e-06	-8.559493e-10	-2.228639e+01	-5.261821e+01
6.290000e-06	-3.248609e-06	-8.642783e-10	-2.255032e+01	-5.307856e+01
6.300000e-06	-3.286196e-06	-8.734944e-10	-2.281123e+01	-5.351719e+01
6.310000e-06	-3.323396e-06	-8.849901e-10	-2.306946e+01	-5.393450e+01
6.320000e-06	-3.360252e-06	-8.949226e-10	-2.332529e+01	-5.433084e+01
6.330000e-06	-3.396819e-06	-9.020749e-10	-2.357912e+01	-5.470655e+01
6.340000e-06	-3.433178e-06	-9.076228e-10	-2.383151e+01	-5.506194e+01
6.350000e-06	-3.469393e-06	-9.112667e-10	-2.408290e+01	-5.539730e+01
6.360000e-06	-3.505522e-06	-9.111196e-10	-2.433369e+01	-5.571294e+01
6.370000e-06	-3.541537e-06	-9.097378e-10	-2.458368e+01	-5.600915e+01
6.380000e-06	-3.577352e-06	-9.121441e-10	-2.483230e+01	-5.628625e+01
6.390000e-06	-3.612969e-06	-9.210206e-10	-2.507953e+01	-5.654455e+01
6.400000e-06	-3.648406e-06	-9.304516e-10	-2.532552e+01	-5.678443e+01
6.410000e-06	-3.683625e-06	-9.376852e-10	-2.557000e+01	-5.700628e+01
6.420000e-06	-3.718563e-06	-9.434964e-10	-2.581252e+01	-5.721055e+01
6.430000e-06	-3.753202e-06	-9.458543e-10	-2.605296e+01	-5.739773e+01
6.440000e-06	-3.787539e-06	-9.435071e-10	-2.629131e+01	-5.756837e+01
6.450000e-06	-3.821597e-06	-9.410325e-10	-2.652774e+01	-5.772307e+01
6.460000e-06	-3.855421e-06	-9.399184e-10	-2.676252e+01	-5.786250e+01
6.470000e-06	-3.889005e-06	-9.391132e-10	-2.699565e+01	-5.798737e+01
6.480000e-06	-3.922268e-06	-9.415732e-10	-2.722654e+01	-5.809849e+01
6.490000e-06	-3.955173e-06	-9.476594e-10	-2.745495e+01	-5.819667e+01
6.500000e-06	-3.987761e-06	-9.537898e-10	-2.768116e+01	-5.828281e+01
6.510000e-06	-4.020101e-06	-9.581926e-10	-2.790566e+01	-5.835783e+01
6.520000e-06	-4.052289e-06	-9.622030e-10	-2.812908e+01	-5.842270e+01
6.530000e-06	-4.084348e-06	-9.622582e-10	-2.835163e+01	-5.847841e+01
6.540000e-06	-4.116216e-06	-9.570604e-10	-2.857284e+01	-5.852595e+01
6.550000e-06	-4.147798e-06	-9.531729e-10	-2.879206e+01	-5.856634e+01
6.560000e-06	-4.179020e-06	-9.531676e-10	-2.900879e+01	-5.860057e+01
6.570000e-06	-4.209752e-06	-9.554710e-10	-2.922212e+01	-5.862961e+01
6.580000e-06	-4.239955e-06	-9.592022e-10	-2.943178e+01	-5.865440e+01
6.590000e-06	-4.269672e-06	-9.627730e-10	-2.963806e+01	-5.867584e+01
6.600000e-06	-4.298925e-06	-9.661898e-10	-2.984112e+01	-5.869475e+01
6.610000e-06	-4.327729e-06	-9.696723e-10	-3.004106e+01	-5.871189e+01
6.620000e-06	-4.356193e-06	-9.702027e-10	-3.023865e+01	-5.872795e+01
6.630000e-06	-4.384495e-06	-9.674277e-10	-3.043511e+01	-5.874351e+01
6.640000e-06	-4.412625e-06	-9.648770e-10	-3.063037e+01	-5.875905e+01
6.650000e-06	-4.440553e-06	-9.636416e-10	-3.082423e+01	-5.877496e+01
6.660000e-06	-4.468289e-06	-9.637450e-10	-3.101676e+01	-5.879151e+01
6.670000e-06	-4.495751e-06	-9.655326e-10	-3.120739e+01	-5.880887e+01
6.680000e-06	-4.522810e-06	-9.664236e-10	-3.139522e+01	-5.882707e+01
6.690000e-06	-4.549494e-06	-9.654253e-10	-3.158045e+01	-5.884607e+01
6.700000e-06	-4.575896e-06	-9.643444e-10	-3.176372e+01	-5.886570e+01
6.710000e-06	-4.602020e-06	-9.624366e-10	-3.194506e+01	-5.888570e+01
6.720000e-06	-4.627803e-06	-9.598576e-10	-3.212404e+01	-5.890572e+01
6.730000e-06	-4.653259e-06	-9.600261e-10	-3.230074e+01	-5.892532e+01
6.740000e-06	-4.678378e-06	-9.622594e-10	-3.247510e+01	-5.894400e+01
6.750000e-06	-4.703122e-06	-9.631982e-10	-3.264687e+01	-5.896121e+01
6.760000e-06	-4.727574e-06	-9.617593e-10	-3.281660e+01	-5.897636e+01
6.770000e-06	-4.751830e-06	-9.593279e-10	-3.298497e+01	-5.898883e+01
6.780000e-06	-4.775920e-06	-9.580290e-10	-3.315219e+01	-5.899798e+01
6.790000e-06	-4.799789e-06	-9.566857e-10	-3.331789e+01	-5.900321e+01
6.800000e-06	-4.823364e-06	-9.554400e-10	-3.348153e+01	-5.900390e+01
6.810000e-06	-4.846646e-06	-9.557591e-10	-3.364314e+01	-5.899951e+01
6.820000e-06	-4.869409e-06	-9.567072e-10	-3.380115e+01	-5.898952e+01
6.830000e-06	-4.891392e-06	-9.560875e-10	-3.395375e+01	-5.897350e+01
6.840000e-06	-4.912732e-06	-9.528931e-10	-3.410188e+01	-5.895108e+01
6.850000e-06	-4.933616e-06	-9.476762e-10	-3.424685e+01	-5.892199e+01
6.860000e-06	-4.954191e-06	-9.424150e-10	-3.438967e+01	-5.888605e+01
6.870000e-06	-4.974553e-06	-9.367882e-10	-3.453101e+01	-5.884319e+01
6.880000e-06	-4.994755e-06	-9.326631e-10	-3.467124e+01	-5.879342e+01
6.890000e-06	-5.014755e-06	-9.348785e-10	-3.481007e+01	-5.873690e+01
6.900000e-06	-5.034398e-06	-9.398701e-10	-3.494643e+01	-5.867386e+01
6.910000e-06	-5.053673e-06	-9.421886e-10	-3.508023e+01	-5.860466e+01
6.920000e-06	-5.072594e-06	-9.411662e-10	-3.521157e+01	-5.852973e+01
6.930000e-06	-5.091149e-06	-9.368907e-10	-3.534036e+01	-5.844961e+01
6.940000e-06	-5.109387e-06	-9.308152e-10	-3.546697e+01	-5.836491e+01
6.950000e-06	-5.127276e-06	-9.256187e-10	-3.559114e+01	-5.827631e+01
6.960000e-06	-5.144746e-06	-9.216946e-10	-3.571241e+01	-5.818454e+01
6.970000e-06	-5.161914e-06	-9.188454e-10	-3.583159e+01	-5.809037e+01
6.980000e-06	-5.178820e-06	-9.177441e-10	-3.594894e+01	-5.799459e+01
6.990000e-06	-5.195387e-06	-9.175371e-10	-3.606394e+01	-5.789802e+01
7.000000e-06	-5.211678e-06	-9.165646e-10	-3.617702e+01	-5.780145e+01
7.010000e-06	-5.227736e-06	-9.152440e-10	-3.628849e+01	-5.770564e+01
7.020000e-06	-5.243495e-06	-9.133847e-10	-3.639788e+01	-5.761132e+01
7.030000e-06	-5.258750e-06	-9.087233e-10	-3.650377e+01	-5.751918e+01
7.040000e-06	-5.273303e-06	-9.027901e-10	-3.660479e+01	-5.742981e+01
7.050000e-06	-5.287150e-06	-8.991665e-10	-3.670091e+01	-5.734375e+01
7.060000e-06	-5.300407e-06	-8.997001e-10	-3.679294e+01	-5.726143e+01
7.070000e-06	-5.313185e-06	-9.012187e-10	-3.688163e+01	-5.718320e+01
7.080000e-06	-5.325652e-06	-9.037127e-10	-3.696818e+01	-5.710929e+01
7.090000e-06	-5.337848e-06	-9.058546e-10	-3.705283e+01	-5.703983e+01
7.100000e-06	-5.349729e-06	-9.050509e-10	-3.713531e+01	-5.697486e+01
7.110000e-06	-5.361250e-06	-9.046519e-10	-3.721528e+01	-5.691429e+01
7.120000e-06	-5.372300e-06	-9.018168e-10	-3.729199e+01	-5.685795e+01
7.130000e-06	-5.382862e-06	-8.960518e-10	-3.736530e+01	-5.680556e+01
7.140000e-06	-5.393068e-06	-8.909032e-10	-3.743614e+01	-5.675676e+01
7.150000e-06	-5.402964e-06	-8.898018e-10	-3.750484e+01	-5.671112e+01
7.160000e-06	-5.412504e-06	-8.912963e-10	-3.757106e+01	-5.666815e+01
7.170000e-06	-5.421641e-06	-8.926317e-10	-3.763449e+01	-5.662731e+01
7.180000e-06	-5.430403e-06	-8.904756e-10	-3.769531e+01	-5.658802e+01
7.190000e-06	-5.438871e-06	-8.863291e-10	-3.775409e+01	-5.654971e+01
7.200000e-06	-5.447076e-06	-8.822291e-10	-3.781105e+01	-5.651177e+01
7.210000e-06	-5.455087e-06	-8.809630e-10	-3.786665e+01	-5.647364e+01
7.220000e-06	-5.462803e-06	-8.823852e-10	-3.792021e+01	-5.643478e+01
7.230000e-06	-5.470009e-06	-8.841584e-10	-3.797024e+01	-5.639470e+01
7.240000e-06	-5.476692e-06	-8.857088e-10	-3.801662e+01	-5.635297e+01
7.250000e-06	-5.482786e-06	-8.845350e-10	-3.805893e+01	-5.630924e+01
7.260000e-06	-5.488168e-06	-8.822484e-10	-3.809629e+01	-5.626323e+01
7.270000e-06	-5.492964e-06	-8.792983e-10	-3.812958e+01	-5.621478e+01
7.280000e-06	-5.497437e-06	-8.751076e-10	-3.816063e+01	-5.616381e+01
7.290000e-06	-5.501739e-06	-8.709269e-10	-3.819049e+01	-5.611036e+01
7.300000e-06	-5.505854e-06	-8.676360e-10	-3.821905e+01	-5.605456e+01
7.310000e-06	-5.509640e-06	-8.662339e-10	-3.824533e+01	-5.599666e+01
7.320000e-06	-5.512986e-06	-8.671131e-10	-3.826856e+01	-5.593701e+01
7.330000e-06	-5.515934e-06	-8.682325e-10	-3.828902e+01	-5.587605e+01
7.340000e-06	-5.518526e-06	-8.676885e-10	-3.830702e+01	-5.581432e+01
7.350000e-06	-5.520773e-06	-8.641777e-10	-3.832261e+01	-5.575242e+01
7.360000e-06	-5.522664e-06	-8.586752e-10	-3.833574e+01	-5.569103e+01
7.370000e-06	-5.524220e-06	-8.533303e-10	-3.834654e+01	-5.563087e+01
7.380000e-06	-5.525356e-06	-8.505134e-10	-3.835443e+01	-5.557269e+01
7.390000e-06	-5.526047e-06	-8.502330e-10	-3.835922e+01	-5.551727e+01
7.400000e-06	-5.526458e-06	-8.505277e-10	-3.836207e+01	-5.546537e+01
