# Temperatura_=_5.85
# Concentracion g/m^3_=_1620.0
# C_Vs_to_Am_M_A/Vsm_=_65563218390.804596
# pendiente_HvsI_1/m_=_3716.3
# ordenada_HvsI_A/m_=_1297.0
# frecuencia_Hz_=_135097.93056162717

Tiempo_(s)	Campo_(V.s)	Magnetizacion_(V.s)	Campo_(kA/m)	Magnetizacion_(A/m)
0.000000e+00	-5.530375e-06	-1.476528e-09	-3.836519e+01	-9.709877e+01
1.000000e-08	-5.530427e-06	-1.470198e-09	-3.836555e+01	-9.701651e+01
2.000000e-08	-5.530239e-06	-1.465652e-09	-3.836425e+01	-9.693435e+01
3.000000e-08	-5.529706e-06	-1.465489e-09	-3.836055e+01	-9.685235e+01
4.000000e-08	-5.528511e-06	-1.469305e-09	-3.835226e+01	-9.677053e+01
5.000000e-08	-5.526664e-06	-1.469905e-09	-3.833945e+01	-9.668885e+01
6.000000e-08	-5.524323e-06	-1.473185e-09	-3.832320e+01	-9.660727e+01
7.000000e-08	-5.521461e-06	-1.473853e-09	-3.830335e+01	-9.652568e+01
8.000000e-08	-5.518111e-06	-1.463878e-09	-3.828011e+01	-9.644395e+01
9.000000e-08	-5.514325e-06	-1.494774e-09	-3.825385e+01	-9.636191e+01
1.000000e-07	-5.510175e-06	-1.562399e-09	-3.822506e+01	-9.627935e+01
1.100000e-07	-5.505688e-06	-1.472848e-09	-3.819393e+01	-9.619605e+01
1.200000e-07	-5.500932e-06	-1.370879e-09	-3.816094e+01	-9.611175e+01
1.300000e-07	-5.495956e-06	-1.399066e-09	-3.812642e+01	-9.602617e+01
1.400000e-07	-5.490601e-06	-1.530104e-09	-3.808927e+01	-9.593902e+01
1.500000e-07	-5.484778e-06	-1.523100e-09	-3.804887e+01	-9.584999e+01
1.600000e-07	-5.478541e-06	-1.384056e-09	-3.800561e+01	-9.575877e+01
1.700000e-07	-5.471917e-06	-1.424834e-09	-3.795966e+01	-9.566504e+01
1.800000e-07	-5.464816e-06	-1.515851e-09	-3.791039e+01	-9.556850e+01
1.900000e-07	-5.457329e-06	-1.506347e-09	-3.785846e+01	-9.546884e+01
2.000000e-07	-5.449675e-06	-1.377999e-09	-3.780536e+01	-9.536578e+01
2.100000e-07	-5.441898e-06	-1.402292e-09	-3.775141e+01	-9.525904e+01
2.200000e-07	-5.433790e-06	-1.464726e-09	-3.769516e+01	-9.514839e+01
2.300000e-07	-5.425236e-06	-1.469966e-09	-3.763582e+01	-9.503362e+01
2.400000e-07	-5.416235e-06	-1.391153e-09	-3.757338e+01	-9.491454e+01
2.500000e-07	-5.406566e-06	-1.392169e-09	-3.750630e+01	-9.479102e+01
2.600000e-07	-5.396136e-06	-1.425136e-09	-3.743395e+01	-9.466295e+01
2.700000e-07	-5.385206e-06	-1.438155e-09	-3.735813e+01	-9.453028e+01
2.800000e-07	-5.373776e-06	-1.398755e-09	-3.727884e+01	-9.439299e+01
2.900000e-07	-5.361865e-06	-1.375291e-09	-3.719620e+01	-9.425111e+01
3.000000e-07	-5.349609e-06	-1.395508e-09	-3.711118e+01	-9.410474e+01
3.100000e-07	-5.337054e-06	-1.413816e-09	-3.702409e+01	-9.395398e+01
3.200000e-07	-5.324081e-06	-1.395795e-09	-3.693409e+01	-9.379902e+01
3.300000e-07	-5.310555e-06	-1.359707e-09	-3.684026e+01	-9.364006e+01
3.400000e-07	-5.296690e-06	-1.409882e-09	-3.674407e+01	-9.347736e+01
3.500000e-07	-5.282541e-06	-1.428500e-09	-3.664592e+01	-9.331121e+01
3.600000e-07	-5.267919e-06	-1.379173e-09	-3.654449e+01	-9.314193e+01
3.700000e-07	-5.252813e-06	-1.358846e-09	-3.643969e+01	-9.296988e+01
3.800000e-07	-5.237271e-06	-1.419130e-09	-3.633187e+01	-9.279543e+01
3.900000e-07	-5.221108e-06	-1.377527e-09	-3.621975e+01	-9.261896e+01
4.000000e-07	-5.204390e-06	-1.337726e-09	-3.610377e+01	-9.244089e+01
4.100000e-07	-5.187437e-06	-1.402899e-09	-3.598617e+01	-9.226162e+01
4.200000e-07	-5.170276e-06	-1.422563e-09	-3.586712e+01	-9.208156e+01
4.300000e-07	-5.152756e-06	-1.312032e-09	-3.574558e+01	-9.190110e+01
4.400000e-07	-5.134946e-06	-1.350367e-09	-3.562203e+01	-9.172063e+01
4.500000e-07	-5.116815e-06	-1.427318e-09	-3.549625e+01	-9.154051e+01
4.600000e-07	-5.098202e-06	-1.346099e-09	-3.536713e+01	-9.136108e+01
4.700000e-07	-5.079091e-06	-1.288047e-09	-3.523456e+01	-9.118263e+01
4.800000e-07	-5.059636e-06	-1.399267e-09	-3.509959e+01	-9.100543e+01
4.900000e-07	-5.039963e-06	-1.374614e-09	-3.496311e+01	-9.082969e+01
5.000000e-07	-5.020076e-06	-1.288204e-09	-3.482515e+01	-9.065559e+01
5.100000e-07	-4.999978e-06	-1.355613e-09	-3.468573e+01	-9.048324e+01
5.200000e-07	-4.979587e-06	-1.391648e-09	-3.454428e+01	-9.031271e+01
5.300000e-07	-4.958793e-06	-1.285024e-09	-3.440003e+01	-9.014402e+01
5.400000e-07	-4.937683e-06	-1.319913e-09	-3.425358e+01	-8.997712e+01
5.500000e-07	-4.916262e-06	-1.402350e-09	-3.410498e+01	-8.981189e+01
5.600000e-07	-4.894463e-06	-1.318350e-09	-3.395375e+01	-8.964819e+01
5.700000e-07	-4.872315e-06	-1.275698e-09	-3.380011e+01	-8.948581e+01
5.800000e-07	-4.849847e-06	-1.361243e-09	-3.364425e+01	-8.932447e+01
5.900000e-07	-4.827033e-06	-1.333643e-09	-3.348598e+01	-8.916388e+01
6.000000e-07	-4.803863e-06	-1.264250e-09	-3.332525e+01	-8.900367e+01
6.100000e-07	-4.780425e-06	-1.323762e-09	-3.316265e+01	-8.884346e+01
6.200000e-07	-4.756743e-06	-1.336450e-09	-3.299837e+01	-8.868282e+01
6.300000e-07	-4.732789e-06	-1.272959e-09	-3.283219e+01	-8.852131e+01
6.400000e-07	-4.708614e-06	-1.289407e-09	-3.266448e+01	-8.835846e+01
6.500000e-07	-4.684129e-06	-1.322396e-09	-3.249463e+01	-8.819380e+01
6.600000e-07	-4.659098e-06	-1.276170e-09	-3.232098e+01	-8.802685e+01
6.700000e-07	-4.633444e-06	-1.279558e-09	-3.214302e+01	-8.785712e+01
6.800000e-07	-4.607179e-06	-1.309863e-09	-3.196081e+01	-8.768416e+01
6.900000e-07	-4.580400e-06	-1.288624e-09	-3.177504e+01	-8.750752e+01
7.000000e-07	-4.553223e-06	-1.269010e-09	-3.158652e+01	-8.732677e+01
7.100000e-07	-4.525797e-06	-1.295560e-09	-3.139625e+01	-8.714153e+01
7.200000e-07	-4.498167e-06	-1.280068e-09	-3.120458e+01	-8.695145e+01
7.300000e-07	-4.470342e-06	-1.259654e-09	-3.101155e+01	-8.675622e+01
7.400000e-07	-4.442319e-06	-1.268741e-09	-3.081715e+01	-8.655559e+01
7.500000e-07	-4.414059e-06	-1.275541e-09	-3.062110e+01	-8.634934e+01
7.600000e-07	-4.385597e-06	-1.257660e-09	-3.042366e+01	-8.613733e+01
7.700000e-07	-4.356797e-06	-1.263422e-09	-3.022387e+01	-8.591945e+01
7.800000e-07	-4.327589e-06	-1.259235e-09	-3.002125e+01	-8.569567e+01
7.900000e-07	-4.298090e-06	-1.240418e-09	-2.981661e+01	-8.546601e+01
8.000000e-07	-4.268302e-06	-1.233933e-09	-2.960996e+01	-8.523054e+01
8.100000e-07	-4.238179e-06	-1.239587e-09	-2.940100e+01	-8.498939e+01
8.200000e-07	-4.207715e-06	-1.224521e-09	-2.918966e+01	-8.474272e+01
8.300000e-07	-4.176978e-06	-1.221771e-09	-2.897643e+01	-8.449078e+01
8.400000e-07	-4.146100e-06	-1.237292e-09	-2.876223e+01	-8.423381e+01
8.500000e-07	-4.115027e-06	-1.235883e-09	-2.854667e+01	-8.397212e+01
8.600000e-07	-4.083638e-06	-1.220539e-09	-2.832892e+01	-8.370604e+01
8.700000e-07	-4.052033e-06	-1.219694e-09	-2.810967e+01	-8.343591e+01
8.800000e-07	-4.020232e-06	-1.215423e-09	-2.788906e+01	-8.316210e+01
8.900000e-07	-3.988218e-06	-1.197113e-09	-2.766697e+01	-8.288498e+01
9.000000e-07	-3.956032e-06	-1.196810e-09	-2.744370e+01	-8.260494e+01
9.100000e-07	-3.923458e-06	-1.202262e-09	-2.721772e+01	-8.232232e+01
9.200000e-07	-3.890252e-06	-1.192378e-09	-2.698736e+01	-8.203748e+01
9.300000e-07	-3.856585e-06	-1.184028e-09	-2.675381e+01	-8.175075e+01
9.400000e-07	-3.822679e-06	-1.191258e-09	-2.651860e+01	-8.146244e+01
9.500000e-07	-3.788387e-06	-1.181098e-09	-2.628071e+01	-8.117280e+01
9.600000e-07	-3.753618e-06	-1.169203e-09	-2.603951e+01	-8.088206e+01
9.700000e-07	-3.718475e-06	-1.171105e-09	-2.579572e+01	-8.059041e+01
9.800000e-07	-3.683066e-06	-1.171284e-09	-2.555008e+01	-8.029799e+01
9.900000e-07	-3.647476e-06	-1.155929e-09	-2.530319e+01	-8.000487e+01
1.000000e-06	-3.611785e-06	-1.153831e-09	-2.505559e+01	-7.971109e+01
1.010000e-06	-3.575990e-06	-1.155609e-09	-2.480728e+01	-7.941664e+01
1.020000e-06	-3.539987e-06	-1.147044e-09	-2.455752e+01	-7.912144e+01
1.030000e-06	-3.503800e-06	-1.138305e-09	-2.430648e+01	-7.882536e+01
1.040000e-06	-3.467471e-06	-1.140969e-09	-2.405446e+01	-7.852824e+01
1.050000e-06	-3.430900e-06	-1.131362e-09	-2.380076e+01	-7.822986e+01
1.060000e-06	-3.394040e-06	-1.119829e-09	-2.354506e+01	-7.792996e+01
1.070000e-06	-3.356888e-06	-1.117261e-09	-2.328733e+01	-7.762823e+01
1.080000e-06	-3.319427e-06	-1.116843e-09	-2.302745e+01	-7.732435e+01
1.090000e-06	-3.281706e-06	-1.109343e-09	-2.276578e+01	-7.701796e+01
1.100000e-06	-3.243739e-06	-1.107561e-09	-2.250239e+01	-7.670866e+01
1.110000e-06	-3.205493e-06	-1.104250e-09	-2.223707e+01	-7.639608e+01
1.120000e-06	-3.167090e-06	-1.091428e-09	-2.197066e+01	-7.607980e+01
1.130000e-06	-3.128470e-06	-1.080446e-09	-2.170275e+01	-7.575942e+01
1.140000e-06	-3.089578e-06	-1.078720e-09	-2.143295e+01	-7.543452e+01
1.150000e-06	-3.050501e-06	-1.075594e-09	-2.116187e+01	-7.510472e+01
1.160000e-06	-3.011269e-06	-1.071093e-09	-2.088971e+01	-7.476962e+01
1.170000e-06	-2.971944e-06	-1.071686e-09	-2.061690e+01	-7.442888e+01
1.180000e-06	-2.932464e-06	-1.071583e-09	-2.034302e+01	-7.408213e+01
1.190000e-06	-2.892832e-06	-1.065501e-09	-2.006809e+01	-7.372908e+01
1.200000e-06	-2.853021e-06	-1.055267e-09	-1.979191e+01	-7.336944e+01
1.210000e-06	-2.813081e-06	-1.044542e-09	-1.951484e+01	-7.300296e+01
1.220000e-06	-2.773062e-06	-1.032700e-09	-1.923722e+01	-7.262941e+01
1.230000e-06	-2.732791e-06	-1.028771e-09	-1.895785e+01	-7.224860e+01
1.240000e-06	-2.692193e-06	-1.028258e-09	-1.867622e+01	-7.186039e+01
1.250000e-06	-2.651369e-06	-1.025848e-09	-1.839302e+01	-7.146465e+01
1.260000e-06	-2.610323e-06	-1.018855e-09	-1.810827e+01	-7.106128e+01
1.270000e-06	-2.569076e-06	-1.011103e-09	-1.782213e+01	-7.065022e+01
1.280000e-06	-2.527580e-06	-1.000697e-09	-1.753427e+01	-7.023141e+01
1.290000e-06	-2.485684e-06	-9.890657e-10	-1.724363e+01	-6.980482e+01
1.300000e-06	-2.443485e-06	-9.779853e-10	-1.695088e+01	-6.937045e+01
1.310000e-06	-2.401025e-06	-9.720052e-10	-1.665634e+01	-6.892828e+01
1.320000e-06	-2.358249e-06	-9.683969e-10	-1.635959e+01	-6.847832e+01
1.330000e-06	-2.315262e-06	-9.646709e-10	-1.606138e+01	-6.802055e+01
1.340000e-06	-2.272149e-06	-9.605561e-10	-1.576230e+01	-6.755497e+01
1.350000e-06	-2.228840e-06	-9.570821e-10	-1.546186e+01	-6.708156e+01
1.360000e-06	-2.185329e-06	-9.478631e-10	-1.516001e+01	-6.660028e+01
1.370000e-06	-2.141721e-06	-9.363914e-10	-1.485749e+01	-6.611107e+01
1.380000e-06	-2.098041e-06	-9.242185e-10	-1.455448e+01	-6.561384e+01
1.390000e-06	-2.054286e-06	-9.126163e-10	-1.425095e+01	-6.510848e+01
1.400000e-06	-2.010446e-06	-9.022358e-10	-1.394682e+01	-6.459485e+01
1.410000e-06	-1.966466e-06	-8.945142e-10	-1.364173e+01	-6.407275e+01
1.420000e-06	-1.922403e-06	-8.861840e-10	-1.333605e+01	-6.354197e+01
1.430000e-06	-1.878289e-06	-8.803071e-10	-1.303002e+01	-6.300225e+01
1.440000e-06	-1.834046e-06	-8.749404e-10	-1.272310e+01	-6.245329e+01
1.450000e-06	-1.789701e-06	-8.671479e-10	-1.241547e+01	-6.189475e+01
1.460000e-06	-1.745347e-06	-8.543914e-10	-1.210778e+01	-6.132624e+01
1.470000e-06	-1.700926e-06	-8.414179e-10	-1.179962e+01	-6.074735e+01
1.480000e-06	-1.656248e-06	-8.312734e-10	-1.148969e+01	-6.015760e+01
1.490000e-06	-1.611295e-06	-8.197751e-10	-1.117784e+01	-5.955652e+01
1.500000e-06	-1.566230e-06	-8.063865e-10	-1.086521e+01	-5.894355e+01
1.510000e-06	-1.521135e-06	-7.950790e-10	-1.055238e+01	-5.831814e+01
1.520000e-06	-1.475938e-06	-7.864052e-10	-1.023884e+01	-5.767968e+01
1.530000e-06	-1.430635e-06	-7.758626e-10	-9.924570e+00	-5.702755e+01
1.540000e-06	-1.385252e-06	-7.656020e-10	-9.609741e+00	-5.636109e+01
1.550000e-06	-1.339742e-06	-7.528702e-10	-9.294026e+00	-5.567962e+01
1.560000e-06	-1.294149e-06	-7.411511e-10	-8.977739e+00	-5.498245e+01
1.570000e-06	-1.248465e-06	-7.309155e-10	-8.660821e+00	-5.426885e+01
1.580000e-06	-1.202679e-06	-7.189584e-10	-8.343196e+00	-5.353810e+01
1.590000e-06	-1.156772e-06	-7.050943e-10	-8.024731e+00	-5.278942e+01
1.600000e-06	-1.110764e-06	-6.941305e-10	-7.705563e+00	-5.202207e+01
1.610000e-06	-1.064757e-06	-6.835300e-10	-7.386406e+00	-5.123526e+01
1.620000e-06	-1.018722e-06	-6.737484e-10	-7.067051e+00	-5.042820e+01
1.630000e-06	-9.725967e-07	-6.659658e-10	-6.747075e+00	-4.960009e+01
1.640000e-06	-9.263481e-07	-6.546381e-10	-6.426241e+00	-4.875013e+01
1.650000e-06	-8.799914e-07	-6.398082e-10	-6.104656e+00	-4.787748e+01
1.660000e-06	-8.336253e-07	-6.258142e-10	-5.783006e+00	-4.698133e+01
1.670000e-06	-7.872191e-07	-6.087083e-10	-5.461078e+00	-4.606084e+01
1.680000e-06	-7.408337e-07	-5.895768e-10	-5.139294e+00	-4.511519e+01
1.690000e-06	-6.944200e-07	-5.722075e-10	-4.817314e+00	-4.414352e+01
1.700000e-06	-6.477898e-07	-5.558714e-10	-4.493833e+00	-4.314499e+01
1.710000e-06	-6.010937e-07	-5.391029e-10	-4.169894e+00	-4.211877e+01
1.720000e-06	-5.543942e-07	-5.239115e-10	-3.845930e+00	-4.106401e+01
1.730000e-06	-5.076339e-07	-5.075833e-10	-3.521546e+00	-3.997989e+01
1.740000e-06	-4.608723e-07	-4.906312e-10	-3.197153e+00	-3.886558e+01
1.750000e-06	-4.140617e-07	-4.735565e-10	-2.872419e+00	-3.772027e+01
1.760000e-06	-3.671844e-07	-4.559350e-10	-2.547223e+00	-3.654319e+01
1.770000e-06	-3.202935e-07	-4.391470e-10	-2.221932e+00	-3.533358e+01
1.780000e-06	-2.733415e-07	-4.226552e-10	-1.896218e+00	-3.409071e+01
1.790000e-06	-2.263944e-07	-4.068941e-10	-1.570538e+00	-3.281392e+01
1.800000e-06	-1.794538e-07	-3.902386e-10	-1.244903e+00	-3.150258e+01
1.810000e-06	-1.325140e-07	-3.710721e-10	-9.192730e-01	-3.015612e+01
1.820000e-06	-8.564479e-08	-3.502597e-10	-5.941331e-01	-2.877405e+01
1.830000e-06	-3.868863e-08	-3.286060e-10	-2.683899e-01	-2.735596e+01
1.840000e-06	8.327882e-09	-3.063343e-10	5.777199e-02	-2.590154e+01
1.850000e-06	5.529579e-08	-2.846202e-10	3.835967e-01	-2.441057e+01
1.860000e-06	1.022416e-07	-2.635347e-10	7.092682e-01	-2.288296e+01
1.870000e-06	1.491655e-07	-2.437339e-10	1.034787e+00	-2.131872e+01
1.880000e-06	1.960785e-07	-2.233858e-10	1.360231e+00	-1.971802e+01
1.890000e-06	2.430142e-07	-2.016883e-10	1.685833e+00	-1.808117e+01
1.900000e-06	2.899802e-07	-1.770186e-10	2.011644e+00	-1.640863e+01
1.910000e-06	3.368624e-07	-1.495923e-10	2.336874e+00	-1.470103e+01
1.920000e-06	3.836667e-07	-1.225005e-10	2.661563e+00	-1.295917e+01
1.930000e-06	4.304892e-07	-9.945071e-11	2.986380e+00	-1.118401e+01
1.940000e-06	4.773133e-07	-7.633417e-11	3.311206e+00	-9.376702e+00
1.950000e-06	5.240705e-07	-5.258583e-11	3.635569e+00	-7.538586e+00
1.960000e-06	5.707909e-07	-3.021839e-11	3.959677e+00	-5.671176e+00
1.970000e-06	6.174801e-07	-8.738675e-12	4.283568e+00	-3.776168e+00
1.980000e-06	6.640844e-07	1.478915e-11	4.606871e+00	-1.855438e+00
1.990000e-06	7.105881e-07	4.356934e-11	4.929475e+00	8.896821e-02
2.000000e-06	7.569929e-07	7.649696e-11	5.251394e+00	2.054837e+00
2.010000e-06	8.033114e-07	1.090864e-10	5.572713e+00	4.039801e+00
2.020000e-06	8.495591e-07	1.380425e-10	5.893542e+00	6.041349e+00
2.030000e-06	8.957979e-07	1.624524e-10	6.214308e+00	8.056840e+00
2.040000e-06	9.420345e-07	1.836544e-10	6.535060e+00	1.008352e+01
2.050000e-06	9.882019e-07	2.071986e-10	6.855331e+00	1.211853e+01
2.060000e-06	1.034367e-06	2.345197e-10	7.175587e+00	1.415894e+01
2.070000e-06	1.080498e-06	2.652947e-10	7.495605e+00	1.620176e+01
2.080000e-06	1.126499e-06	2.959161e-10	7.814726e+00	1.824395e+01
2.090000e-06	1.172415e-06	3.249910e-10	8.133249e+00	2.028248e+01
2.100000e-06	1.218195e-06	3.528613e-10	8.450837e+00	2.231428e+01
2.110000e-06	1.263798e-06	3.795995e-10	8.767191e+00	2.433636e+01
2.120000e-06	1.309377e-06	4.064681e-10	9.083382e+00	2.634573e+01
2.130000e-06	1.354917e-06	4.326459e-10	9.399296e+00	2.833950e+01
2.140000e-06	1.400336e-06	4.579325e-10	9.714376e+00	3.031487e+01
2.150000e-06	1.445699e-06	4.842759e-10	1.002907e+01	3.226913e+01
2.160000e-06	1.490932e-06	5.112699e-10	1.034286e+01	3.419973e+01
2.170000e-06	1.536069e-06	5.366375e-10	1.065598e+01	3.610424e+01
2.180000e-06	1.581075e-06	5.601138e-10	1.096819e+01	3.798041e+01
2.190000e-06	1.625933e-06	5.836306e-10	1.127939e+01	3.982615e+01
2.200000e-06	1.670703e-06	6.084839e-10	1.158996e+01	4.163957e+01
2.210000e-06	1.715252e-06	6.362756e-10	1.189901e+01	4.341896e+01
2.220000e-06	1.759633e-06	6.665245e-10	1.220688e+01	4.516284e+01
2.230000e-06	1.803966e-06	6.939920e-10	1.251443e+01	4.686990e+01
2.240000e-06	1.848221e-06	7.152273e-10	1.282144e+01	4.853906e+01
2.250000e-06	1.892371e-06	7.320605e-10	1.312771e+01	5.016944e+01
2.260000e-06	1.936384e-06	7.483222e-10	1.343304e+01	5.176038e+01
2.270000e-06	1.980286e-06	7.649334e-10	1.373759e+01	5.331138e+01
2.280000e-06	2.024132e-06	7.819036e-10	1.404176e+01	5.482217e+01
2.290000e-06	2.067938e-06	8.036990e-10	1.434565e+01	5.629265e+01
2.300000e-06	2.111701e-06	8.300984e-10	1.464925e+01	5.772287e+01
2.310000e-06	2.155277e-06	8.553826e-10	1.495154e+01	5.911307e+01
2.320000e-06	2.198705e-06	8.775384e-10	1.525280e+01	6.046360e+01
2.330000e-06	2.242120e-06	8.955196e-10	1.555399e+01	6.177497e+01
2.340000e-06	2.285481e-06	9.087096e-10	1.585479e+01	6.304778e+01
2.350000e-06	2.328651e-06	9.195888e-10	1.615426e+01	6.428273e+01
2.360000e-06	2.371645e-06	9.314560e-10	1.645252e+01	6.548060e+01
2.370000e-06	2.414432e-06	9.455213e-10	1.674934e+01	6.664225e+01
2.380000e-06	2.456841e-06	9.612252e-10	1.704354e+01	6.776856e+01
2.390000e-06	2.498848e-06	9.804236e-10	1.733495e+01	6.886047e+01
2.400000e-06	2.540516e-06	9.994148e-10	1.762401e+01	6.991891e+01
2.410000e-06	2.581916e-06	1.015162e-09	1.791121e+01	7.094484e+01
2.420000e-06	2.623043e-06	1.026234e-09	1.819651e+01	7.193920e+01
2.430000e-06	2.663822e-06	1.032909e-09	1.847941e+01	7.290290e+01
2.440000e-06	2.704309e-06	1.039530e-09	1.876027e+01	7.383685e+01
2.450000e-06	2.744590e-06	1.049283e-09	1.903971e+01	7.474190e+01
2.460000e-06	2.784692e-06	1.063101e-09	1.931790e+01	7.561888e+01
2.470000e-06	2.824650e-06	1.079328e-09	1.959509e+01	7.646855e+01
2.480000e-06	2.864473e-06	1.094768e-09	1.987136e+01	7.729166e+01
2.490000e-06	2.904185e-06	1.107984e-09	2.014684e+01	7.808887e+01
2.500000e-06	2.943811e-06	1.117854e-09	2.042174e+01	7.886081e+01
2.510000e-06	2.983324e-06	1.124583e-09	2.069585e+01	7.960808e+01
2.520000e-06	3.022652e-06	1.130577e-09	2.096867e+01	8.033122e+01
2.530000e-06	3.061735e-06	1.137270e-09	2.123980e+01	8.103073e+01
2.540000e-06	3.100638e-06	1.145933e-09	2.150967e+01	8.170710e+01
2.550000e-06	3.139382e-06	1.155429e-09	2.177845e+01	8.236076e+01
2.560000e-06	3.177801e-06	1.166352e-09	2.204497e+01	8.299214e+01
2.570000e-06	3.215910e-06	1.176835e-09	2.230934e+01	8.360166e+01
2.580000e-06	3.253808e-06	1.185355e-09	2.257224e+01	8.418974e+01
2.590000e-06	3.291520e-06	1.191758e-09	2.283385e+01	8.475678e+01
2.600000e-06	3.329047e-06	1.197489e-09	2.309419e+01	8.530320e+01
2.610000e-06	3.366374e-06	1.205005e-09	2.335313e+01	8.582943e+01
2.620000e-06	3.403426e-06	1.214736e-09	2.361017e+01	8.633594e+01
2.630000e-06	3.440235e-06	1.226136e-09	2.386552e+01	8.682319e+01
2.640000e-06	3.476804e-06	1.236118e-09	2.411920e+01	8.729169e+01
2.650000e-06	3.513055e-06	1.242865e-09	2.437068e+01	8.774198e+01
2.660000e-06	3.549092e-06	1.247880e-09	2.462068e+01	8.817463e+01
2.670000e-06	3.585024e-06	1.252648e-09	2.486995e+01	8.859024e+01
2.680000e-06	3.620810e-06	1.256913e-09	2.511820e+01	8.898944e+01
2.690000e-06	3.656460e-06	1.260820e-09	2.536551e+01	8.937291e+01
2.700000e-06	3.691968e-06	1.265991e-09	2.561184e+01	8.974133e+01
2.710000e-06	3.727231e-06	1.272796e-09	2.585646e+01	9.009542e+01
2.720000e-06	3.762220e-06	1.280972e-09	2.609919e+01	9.043593e+01
2.730000e-06	3.796895e-06	1.289650e-09	2.633973e+01	9.076360e+01
2.740000e-06	3.831166e-06	1.297115e-09	2.657747e+01	9.107919e+01
2.750000e-06	3.864966e-06	1.300278e-09	2.681196e+01	9.138347e+01
2.760000e-06	3.898215e-06	1.301924e-09	2.704260e+01	9.167719e+01
2.770000e-06	3.931011e-06	1.303293e-09	2.727012e+01	9.196108e+01
2.780000e-06	3.963522e-06	1.307350e-09	2.749565e+01	9.223588e+01
2.790000e-06	3.995699e-06	1.317443e-09	2.771887e+01	9.250227e+01
2.800000e-06	4.027608e-06	1.327216e-09	2.794023e+01	9.276091e+01
2.810000e-06	4.059357e-06	1.334047e-09	2.816048e+01	9.301242e+01
2.820000e-06	4.090996e-06	1.336342e-09	2.837996e+01	9.325737e+01
2.830000e-06	4.122521e-06	1.337315e-09	2.859866e+01	9.349627e+01
2.840000e-06	4.153817e-06	1.337854e-09	2.881576e+01	9.372958e+01
2.850000e-06	4.184759e-06	1.337048e-09	2.903041e+01	9.395770e+01
2.860000e-06	4.215307e-06	1.339554e-09	2.924233e+01	9.418097e+01
2.870000e-06	4.245518e-06	1.346208e-09	2.945191e+01	9.439967e+01
2.880000e-06	4.275490e-06	1.354762e-09	2.965983e+01	9.461400e+01
2.890000e-06	4.305223e-06	1.361390e-09	2.986609e+01	9.482412e+01
2.900000e-06	4.334624e-06	1.362487e-09	3.007005e+01	9.503010e+01
2.910000e-06	4.363642e-06	1.362620e-09	3.027135e+01	9.523197e+01
2.920000e-06	4.392367e-06	1.364650e-09	3.047063e+01	9.542972e+01
2.930000e-06	4.420868e-06	1.368903e-09	3.066834e+01	9.562326e+01
2.940000e-06	4.449074e-06	1.373326e-09	3.086402e+01	9.581249e+01
2.950000e-06	4.477047e-06	1.377170e-09	3.105807e+01	9.599723e+01
2.960000e-06	4.504866e-06	1.381289e-09	3.125105e+01	9.617731e+01
2.970000e-06	4.532514e-06	1.384448e-09	3.144285e+01	9.635253e+01
2.980000e-06	4.559965e-06	1.386349e-09	3.163328e+01	9.652265e+01
2.990000e-06	4.587159e-06	1.386141e-09	3.182194e+01	9.668744e+01
3.000000e-06	4.613917e-06	1.388349e-09	3.200756e+01	9.684667e+01
3.010000e-06	4.640036e-06	1.391518e-09	3.218875e+01	9.700012e+01
3.020000e-06	4.665483e-06	1.393432e-09	3.236528e+01	9.714757e+01
3.030000e-06	4.690450e-06	1.396313e-09	3.253848e+01	9.728882e+01
3.040000e-06	4.715047e-06	1.400663e-09	3.270912e+01	9.742371e+01
3.050000e-06	4.739242e-06	1.406157e-09	3.287696e+01	9.755211e+01
3.060000e-06	4.763118e-06	1.407956e-09	3.304259e+01	9.767390e+01
3.070000e-06	4.786740e-06	1.406352e-09	3.320646e+01	9.778902e+01
3.080000e-06	4.810079e-06	1.407135e-09	3.336837e+01	9.789744e+01
3.090000e-06	4.833114e-06	1.407935e-09	3.352816e+01	9.799919e+01
3.100000e-06	4.855876e-06	1.409767e-09	3.368607e+01	9.809431e+01
3.110000e-06	4.878324e-06	1.414313e-09	3.384180e+01	9.818291e+01
3.120000e-06	4.900351e-06	1.422282e-09	3.399460e+01	9.826513e+01
3.130000e-06	4.922031e-06	1.429253e-09	3.414500e+01	9.834114e+01
3.140000e-06	4.943427e-06	1.431941e-09	3.429343e+01	9.841116e+01
3.150000e-06	4.964428e-06	1.430867e-09	3.443911e+01	9.847543e+01
3.160000e-06	4.985031e-06	1.427695e-09	3.458204e+01	9.853422e+01
3.170000e-06	5.005333e-06	1.426327e-09	3.472288e+01	9.858782e+01
3.180000e-06	5.025399e-06	1.426991e-09	3.486208e+01	9.863655e+01
3.190000e-06	5.045258e-06	1.431357e-09	3.499985e+01	9.868072e+01
3.200000e-06	5.064915e-06	1.439082e-09	3.513621e+01	9.872066e+01
3.210000e-06	5.084358e-06	1.446156e-09	3.527109e+01	9.875669e+01
3.220000e-06	5.103440e-06	1.449147e-09	3.540347e+01	9.878913e+01
3.230000e-06	5.122050e-06	1.448062e-09	3.553256e+01	9.881828e+01
3.240000e-06	5.140253e-06	1.446183e-09	3.565885e+01	9.884444e+01
3.250000e-06	5.158095e-06	1.445682e-09	3.578262e+01	9.886787e+01
3.260000e-06	5.175462e-06	1.445905e-09	3.590309e+01	9.888881e+01
3.270000e-06	5.192502e-06	1.447697e-09	3.602130e+01	9.890748e+01
3.280000e-06	5.209273e-06	1.451587e-09	3.613765e+01	9.892406e+01
3.290000e-06	5.225696e-06	1.455583e-09	3.625158e+01	9.893870e+01
3.300000e-06	5.241857e-06	1.458634e-09	3.636369e+01	9.895150e+01
3.310000e-06	5.257532e-06	1.459408e-09	3.647243e+01	9.896254e+01
3.320000e-06	5.272656e-06	1.455100e-09	3.657735e+01	9.897185e+01
3.330000e-06	5.287326e-06	1.450694e-09	3.667912e+01	9.897945e+01
3.340000e-06	5.301520e-06	1.449354e-09	3.677758e+01	9.898530e+01
3.350000e-06	5.315318e-06	1.451571e-09	3.687330e+01	9.898933e+01
3.360000e-06	5.328752e-06	1.456026e-09	3.696650e+01	9.899147e+01
3.370000e-06	5.341837e-06	1.458874e-09	3.705727e+01	9.899159e+01
3.380000e-06	5.354562e-06	1.458689e-09	3.714554e+01	9.898956e+01
3.390000e-06	5.366911e-06	1.458782e-09	3.723121e+01	9.898522e+01
3.400000e-06	5.378909e-06	1.460794e-09	3.731444e+01	9.897843e+01
3.410000e-06	5.390501e-06	1.461648e-09	3.739486e+01	9.896899e+01
3.420000e-06	5.401695e-06	1.461206e-09	3.747251e+01	9.895675e+01
3.430000e-06	5.412428e-06	1.462519e-09	3.754697e+01	9.894153e+01
3.440000e-06	5.422537e-06	1.464376e-09	3.761710e+01	9.892318e+01
3.450000e-06	5.431994e-06	1.465491e-09	3.768270e+01	9.890154e+01
3.460000e-06	5.440805e-06	1.467003e-09	3.774383e+01	9.887648e+01
3.470000e-06	5.449065e-06	1.467717e-09	3.780113e+01	9.884788e+01
3.480000e-06	5.457001e-06	1.465091e-09	3.785618e+01	9.881567e+01
3.490000e-06	5.464746e-06	1.461817e-09	3.790991e+01	9.877978e+01
3.500000e-06	5.472260e-06	1.461791e-09	3.796204e+01	9.874018e+01
3.510000e-06	5.479420e-06	1.463288e-09	3.801171e+01	9.869686e+01
3.520000e-06	5.486185e-06	1.465928e-09	3.805864e+01	9.864985e+01
3.530000e-06	5.492544e-06	1.468974e-09	3.810275e+01	9.859922e+01
3.540000e-06	5.498481e-06	1.472604e-09	3.814394e+01	9.854506e+01
3.550000e-06	5.504084e-06	1.474616e-09	3.818281e+01	9.848749e+01
3.560000e-06	5.509428e-06	1.473454e-09	3.821987e+01	9.842666e+01
3.570000e-06	5.514394e-06	1.469797e-09	3.825433e+01	9.836275e+01
3.580000e-06	5.518900e-06	1.465301e-09	3.828558e+01	9.829597e+01
3.590000e-06	5.523062e-06	1.463037e-09	3.831445e+01	9.822654e+01
3.600000e-06	5.526976e-06	1.464156e-09	3.834161e+01	9.815468e+01
3.610000e-06	5.530670e-06	1.468249e-09	3.836724e+01	9.808067e+01
3.620000e-06	5.534174e-06	1.471687e-09	3.839155e+01	9.800475e+01
3.630000e-06	5.537261e-06	1.471472e-09	3.841296e+01	9.792718e+01
3.640000e-06	5.539721e-06	1.469420e-09	3.843003e+01	9.784823e+01
3.650000e-06	5.541602e-06	1.466768e-09	3.844308e+01	9.776815e+01
3.660000e-06	5.542961e-06	1.463146e-09	3.845250e+01	9.768718e+01
3.670000e-06	5.543789e-06	1.459957e-09	3.845825e+01	9.760555e+01
3.680000e-06	5.544042e-06	1.458777e-09	3.846000e+01	9.752347e+01
3.690000e-06	5.543924e-06	1.457943e-09	3.845918e+01	9.744112e+01
3.700000e-06	5.543596e-06	1.458562e-09	3.845691e+01	9.735866e+01
3.710000e-06	5.543008e-06	1.458999e-09	3.845282e+01	9.727620e+01
3.720000e-06	5.542032e-06	1.458076e-09	3.844606e+01	9.719385e+01
3.730000e-06	5.540727e-06	1.456443e-09	3.843700e+01	9.711165e+01
3.740000e-06	5.539110e-06	1.452384e-09	3.842578e+01	9.702962e+01
3.750000e-06	5.537049e-06	1.449769e-09	3.841149e+01	9.694776e+01
3.760000e-06	5.534623e-06	1.440923e-09	3.839465e+01	9.686598e+01
3.770000e-06	5.531833e-06	1.450539e-09	3.837531e+01	9.678422e+01
3.780000e-06	5.528568e-06	1.449084e-09	3.835265e+01	9.670232e+01
3.790000e-06	5.524836e-06	1.349666e-09	3.832676e+01	9.662012e+01
3.800000e-06	5.520715e-06	1.374430e-09	3.829817e+01	9.653743e+01
3.810000e-06	5.516372e-06	1.528938e-09	3.826805e+01	9.645401e+01
3.820000e-06	5.511932e-06	1.552065e-09	3.823725e+01	9.636962e+01
3.830000e-06	5.507231e-06	1.460066e-09	3.820463e+01	9.628397e+01
3.840000e-06	5.501886e-06	1.374015e-09	3.816756e+01	9.619678e+01
3.850000e-06	5.495845e-06	1.508755e-09	3.812565e+01	9.610773e+01
3.860000e-06	5.489372e-06	1.564681e-09	3.808074e+01	9.601652e+01
3.870000e-06	5.482701e-06	1.410601e-09	3.803447e+01	9.592283e+01
3.880000e-06	5.475565e-06	1.321399e-09	3.798496e+01	9.582635e+01
3.890000e-06	5.467745e-06	1.492202e-09	3.793072e+01	9.572678e+01
3.900000e-06	5.459563e-06	1.606689e-09	3.787395e+01	9.562382e+01
3.910000e-06	5.451178e-06	1.403288e-09	3.781578e+01	9.551722e+01
3.920000e-06	5.442453e-06	1.300669e-09	3.775526e+01	9.540672e+01
3.930000e-06	5.433245e-06	1.455379e-09	3.769138e+01	9.529211e+01
3.940000e-06	5.423792e-06	1.560475e-09	3.762581e+01	9.517321e+01
3.950000e-06	5.414089e-06	1.386390e-09	3.755850e+01	9.504988e+01
3.960000e-06	5.403833e-06	1.336087e-09	3.748735e+01	9.492201e+01
3.970000e-06	5.393104e-06	1.458001e-09	3.741292e+01	9.478953e+01
3.980000e-06	5.382123e-06	1.488366e-09	3.733674e+01	9.465244e+01
3.990000e-06	5.370786e-06	1.382388e-09	3.725809e+01	9.451076e+01
4.000000e-06	5.358977e-06	1.396057e-09	3.717617e+01	9.436457e+01
4.010000e-06	5.346730e-06	1.473181e-09	3.709121e+01	9.421399e+01
4.020000e-06	5.334164e-06	1.465037e-09	3.700404e+01	9.405918e+01
4.030000e-06	5.321093e-06	1.391953e-09	3.691336e+01	9.390036e+01
4.040000e-06	5.307401e-06	1.391055e-09	3.681838e+01	9.373778e+01
4.050000e-06	5.293271e-06	1.457020e-09	3.672036e+01	9.357172e+01
4.060000e-06	5.278599e-06	1.482401e-09	3.661857e+01	9.340251e+01
4.070000e-06	5.263223e-06	1.401149e-09	3.651191e+01	9.323049e+01
4.080000e-06	5.247350e-06	1.370899e-09	3.640179e+01	9.305603e+01
4.090000e-06	5.231224e-06	1.477707e-09	3.628992e+01	9.287954e+01
4.100000e-06	5.214836e-06	1.474859e-09	3.617624e+01	9.270140e+01
4.110000e-06	5.198114e-06	1.335666e-09	3.606024e+01	9.252203e+01
4.120000e-06	5.181073e-06	1.370282e-09	3.594202e+01	9.234183e+01
4.130000e-06	5.163768e-06	1.518590e-09	3.582197e+01	9.216121e+01
4.140000e-06	5.146053e-06	1.405275e-09	3.569908e+01	9.198054e+01
4.150000e-06	5.127905e-06	1.307537e-09	3.557318e+01	9.180019e+01
4.160000e-06	5.109503e-06	1.455828e-09	3.544553e+01	9.162050e+01
4.170000e-06	5.090727e-06	1.466831e-09	3.531527e+01	9.144177e+01
4.180000e-06	5.071516e-06	1.286831e-09	3.518200e+01	9.126427e+01
4.190000e-06	5.052074e-06	1.385905e-09	3.504713e+01	9.108822e+01
4.200000e-06	5.032342e-06	1.498270e-09	3.491024e+01	9.091379e+01
4.210000e-06	5.012286e-06	1.336368e-09	3.477112e+01	9.074111e+01
4.220000e-06	4.992027e-06	1.313349e-09	3.463058e+01	9.057025e+01
4.230000e-06	4.971575e-06	1.479245e-09	3.448870e+01	9.040122e+01
4.240000e-06	4.950789e-06	1.375873e-09	3.434450e+01	9.023398e+01
4.250000e-06	4.929563e-06	1.286470e-09	3.419725e+01	9.006844e+01
4.260000e-06	4.907858e-06	1.442960e-09	3.404668e+01	8.990443e+01
4.270000e-06	4.885514e-06	1.427601e-09	3.389167e+01	8.974176e+01
4.280000e-06	4.862594e-06	1.273741e-09	3.373267e+01	8.958016e+01
4.290000e-06	4.839254e-06	1.379036e-09	3.357076e+01	8.941933e+01
4.300000e-06	4.815492e-06	1.448020e-09	3.340592e+01	8.925892e+01
4.310000e-06	4.791395e-06	1.312543e-09	3.323875e+01	8.909854e+01
4.320000e-06	4.767057e-06	1.328016e-09	3.306992e+01	8.893777e+01
4.330000e-06	4.742576e-06	1.434465e-09	3.290009e+01	8.877617e+01
4.340000e-06	4.717880e-06	1.365341e-09	3.272877e+01	8.861326e+01
4.350000e-06	4.692844e-06	1.333049e-09	3.255509e+01	8.844859e+01
4.360000e-06	4.667431e-06	1.404121e-09	3.237879e+01	8.828166e+01
4.370000e-06	4.641629e-06	1.372125e-09	3.219980e+01	8.811199e+01
4.380000e-06	4.615491e-06	1.324415e-09	3.201848e+01	8.793913e+01
4.390000e-06	4.589113e-06	1.365454e-09	3.183549e+01	8.776263e+01
4.400000e-06	4.562350e-06	1.369627e-09	3.164983e+01	8.758205e+01
4.410000e-06	4.535139e-06	1.330964e-09	3.146106e+01	8.739702e+01
4.420000e-06	4.507652e-06	1.348197e-09	3.127038e+01	8.720717e+01
4.430000e-06	4.479876e-06	1.357773e-09	3.107769e+01	8.701220e+01
4.440000e-06	4.451871e-06	1.335403e-09	3.088342e+01	8.681184e+01
4.450000e-06	4.423711e-06	1.333869e-09	3.068806e+01	8.660588e+01
4.460000e-06	4.395371e-06	1.345172e-09	3.049147e+01	8.639416e+01
4.470000e-06	4.366785e-06	1.325223e-09	3.029316e+01	8.617659e+01
4.480000e-06	4.337977e-06	1.315996e-09	3.009331e+01	8.595312e+01
4.490000e-06	4.308903e-06	1.321824e-09	2.989162e+01	8.572376e+01
4.500000e-06	4.279248e-06	1.318913e-09	2.968590e+01	8.548858e+01
4.510000e-06	4.248931e-06	1.307810e-09	2.947558e+01	8.524771e+01
4.520000e-06	4.218091e-06	1.316625e-09	2.926164e+01	8.500131e+01
4.530000e-06	4.186809e-06	1.308946e-09	2.904464e+01	8.474961e+01
4.540000e-06	4.155202e-06	1.296982e-09	2.882537e+01	8.449287e+01
4.550000e-06	4.123360e-06	1.304236e-09	2.860448e+01	8.423137e+01
4.560000e-06	4.091312e-06	1.306481e-09	2.838216e+01	8.396546e+01
4.570000e-06	4.059002e-06	1.281212e-09	2.815802e+01	8.369547e+01
4.580000e-06	4.026572e-06	1.277734e-09	2.793304e+01	8.342177e+01
4.590000e-06	3.994018e-06	1.289702e-09	2.770721e+01	8.314473e+01
4.600000e-06	3.961101e-06	1.280265e-09	2.747886e+01	8.286472e+01
4.610000e-06	3.927889e-06	1.275160e-09	2.724846e+01	8.258212e+01
4.620000e-06	3.894432e-06	1.291846e-09	2.701637e+01	8.229727e+01
4.630000e-06	3.860649e-06	1.287258e-09	2.678200e+01	8.201051e+01
4.640000e-06	3.826580e-06	1.269174e-09	2.654566e+01	8.172213e+01
4.650000e-06	3.792299e-06	1.271822e-09	2.630785e+01	8.143240e+01
4.660000e-06	3.757854e-06	1.269219e-09	2.606890e+01	8.114156e+01
4.670000e-06	3.723130e-06	1.248614e-09	2.582801e+01	8.084980e+01
4.680000e-06	3.688033e-06	1.248910e-09	2.558454e+01	8.055725e+01
4.690000e-06	3.652614e-06	1.262724e-09	2.533883e+01	8.026400e+01
4.700000e-06	3.616957e-06	1.251313e-09	2.509147e+01	7.997009e+01
4.710000e-06	3.581189e-06	1.241906e-09	2.484334e+01	7.967551e+01
4.720000e-06	3.545259e-06	1.246744e-09	2.459409e+01	7.938019e+01
4.730000e-06	3.509095e-06	1.238051e-09	2.434321e+01	7.908401e+01
4.740000e-06	3.472774e-06	1.219109e-09	2.409125e+01	7.878680e+01
4.750000e-06	3.436366e-06	1.223441e-09	2.383868e+01	7.848835e+01
4.760000e-06	3.399856e-06	1.228365e-09	2.358540e+01	7.818840e+01
4.770000e-06	3.363069e-06	1.219592e-09	2.333021e+01	7.788665e+01
4.780000e-06	3.325910e-06	1.216880e-09	2.307242e+01	7.758278e+01
4.790000e-06	3.288416e-06	1.221937e-09	2.281232e+01	7.727642e+01
4.800000e-06	3.250432e-06	1.212980e-09	2.254882e+01	7.696720e+01
4.810000e-06	3.211979e-06	1.205005e-09	2.228207e+01	7.665472e+01
4.820000e-06	3.173114e-06	1.206732e-09	2.201245e+01	7.633858e+01
4.830000e-06	3.133909e-06	1.204202e-09	2.174048e+01	7.601837e+01
4.840000e-06	3.094437e-06	1.194128e-09	2.146666e+01	7.569368e+01
4.850000e-06	3.054770e-06	1.193904e-09	2.119148e+01	7.536411e+01
4.860000e-06	3.014975e-06	1.194967e-09	2.091541e+01	7.502929e+01
4.870000e-06	2.974948e-06	1.186874e-09	2.063774e+01	7.468884e+01
4.880000e-06	2.934818e-06	1.178708e-09	2.035935e+01	7.434242e+01
4.890000e-06	2.894590e-06	1.175785e-09	2.008029e+01	7.398973e+01
4.900000e-06	2.854201e-06	1.167183e-09	1.980009e+01	7.363046e+01
4.910000e-06	2.813739e-06	1.159914e-09	1.951940e+01	7.326437e+01
4.920000e-06	2.773145e-06	1.160040e-09	1.923779e+01	7.289123e+01
4.930000e-06	2.732362e-06	1.160096e-09	1.895488e+01	7.251085e+01
4.940000e-06	2.691344e-06	1.158051e-09	1.867033e+01	7.212308e+01
4.950000e-06	2.650069e-06	1.157209e-09	1.838400e+01	7.172778e+01
4.960000e-06	2.608577e-06	1.154247e-09	1.809616e+01	7.132487e+01
4.970000e-06	2.567040e-06	1.144180e-09	1.780801e+01	7.091426e+01
4.980000e-06	2.525400e-06	1.134478e-09	1.751914e+01	7.049591e+01
4.990000e-06	2.483504e-06	1.124852e-09	1.722850e+01	7.006979e+01
5.000000e-06	2.441385e-06	1.114225e-09	1.693632e+01	6.963588e+01
5.010000e-06	2.399090e-06	1.105635e-09	1.664291e+01	6.919418e+01
5.020000e-06	2.356690e-06	1.102330e-09	1.634877e+01	6.874467e+01
5.030000e-06	2.314161e-06	1.099230e-09	1.605374e+01	6.828737e+01
5.040000e-06	2.271410e-06	1.093348e-09	1.575717e+01	6.782226e+01
5.050000e-06	2.228414e-06	1.087015e-09	1.545890e+01	6.734932e+01
5.060000e-06	2.185231e-06	1.082054e-09	1.515933e+01	6.686851e+01
5.070000e-06	2.141874e-06	1.072022e-09	1.485856e+01	6.637978e+01
5.080000e-06	2.098478e-06	1.059875e-09	1.455751e+01	6.588304e+01
5.090000e-06	2.054973e-06	1.049904e-09	1.425571e+01	6.537818e+01
5.100000e-06	2.011285e-06	1.044104e-09	1.395264e+01	6.486505e+01
5.110000e-06	1.967472e-06	1.038473e-09	1.364870e+01	6.434348e+01
5.120000e-06	1.923515e-06	1.033987e-09	1.334377e+01	6.381325e+01
5.130000e-06	1.879487e-06	1.027347e-09	1.303833e+01	6.327410e+01
5.140000e-06	1.835400e-06	1.018377e-09	1.273249e+01	6.272574e+01
5.150000e-06	1.791227e-06	1.007607e-09	1.242606e+01	6.216782e+01
5.160000e-06	1.746994e-06	9.988402e-10	1.211921e+01	6.159998e+01
5.170000e-06	1.702670e-06	9.905012e-10	1.181172e+01	6.102178e+01
5.180000e-06	1.658247e-06	9.787836e-10	1.150355e+01	6.043278e+01
5.190000e-06	1.613704e-06	9.673198e-10	1.119455e+01	5.983247e+01
5.200000e-06	1.569084e-06	9.573041e-10	1.088501e+01	5.922033e+01
5.210000e-06	1.524448e-06	9.508133e-10	1.057536e+01	5.859579e+01
5.220000e-06	1.479720e-06	9.467598e-10	1.026508e+01	5.795826e+01
5.230000e-06	1.434937e-06	9.409282e-10	9.954414e+00	5.730710e+01
5.240000e-06	1.390116e-06	9.344205e-10	9.643480e+00	5.664168e+01
5.250000e-06	1.345116e-06	9.286316e-10	9.331304e+00	5.596130e+01
5.260000e-06	1.299899e-06	9.197662e-10	9.017628e+00	5.526528e+01
5.270000e-06	1.254506e-06	9.090193e-10	8.702727e+00	5.455290e+01
5.280000e-06	1.209072e-06	8.983133e-10	8.387545e+00	5.382341e+01
5.290000e-06	1.163694e-06	8.863875e-10	8.072754e+00	5.307608e+01
5.300000e-06	1.118238e-06	8.732730e-10	7.757416e+00	5.231013e+01
5.310000e-06	1.072558e-06	8.631029e-10	7.440522e+00	5.152478e+01
5.320000e-06	1.026807e-06	8.540963e-10	7.123139e+00	5.071926e+01
5.330000e-06	9.809510e-07	8.446251e-10	6.805031e+00	4.989275e+01
5.340000e-06	9.349987e-07	8.330580e-10	6.486251e+00	4.904444e+01
5.350000e-06	8.889873e-07	8.196958e-10	6.167062e+00	4.817353e+01
5.360000e-06	8.428449e-07	8.034125e-10	5.846964e+00	4.727919e+01
5.370000e-06	7.966964e-07	7.888954e-10	5.526823e+00	4.636058e+01
5.380000e-06	7.505893e-07	7.766607e-10	5.206971e+00	4.541687e+01
5.390000e-06	7.045696e-07	7.626667e-10	4.887724e+00	4.444721e+01
5.400000e-06	6.584093e-07	7.475086e-10	4.567501e+00	4.345077e+01
5.410000e-06	6.120964e-07	7.335276e-10	4.246221e+00	4.242670e+01
5.420000e-06	5.657888e-07	7.181269e-10	3.924977e+00	4.137417e+01
5.430000e-06	5.193727e-07	6.998560e-10	3.602980e+00	4.029234e+01
5.440000e-06	4.728410e-07	6.816882e-10	3.280182e+00	3.918039e+01
5.450000e-06	4.263028e-07	6.640183e-10	2.957338e+00	3.803751e+01
5.460000e-06	3.797511e-07	6.454995e-10	2.634401e+00	3.686292e+01
5.470000e-06	3.331157e-07	6.283315e-10	2.310883e+00	3.565586e+01
5.480000e-06	2.864918e-07	6.119861e-10	1.987444e+00	3.441561e+01
5.490000e-06	2.399130e-07	5.921514e-10	1.664319e+00	3.314149e+01
5.500000e-06	1.933645e-07	5.709550e-10	1.341403e+00	3.183286e+01
5.510000e-06	1.468715e-07	5.495669e-10	1.018873e+00	3.048916e+01
5.520000e-06	1.002889e-07	5.263150e-10	6.957221e-01	2.910989e+01
5.530000e-06	5.363423e-08	5.033199e-10	3.720701e-01	2.769464e+01
5.540000e-06	6.971847e-09	4.838176e-10	4.836493e-02	2.624307e+01
5.550000e-06	-3.969945e-08	4.627194e-10	-2.754021e-01	2.475496e+01
5.560000e-06	-8.637636e-08	4.384332e-10	-5.992081e-01	2.323022e+01
5.570000e-06	-1.329957e-07	4.113766e-10	-9.226150e-01	2.166884e+01
5.580000e-06	-1.795934e-07	3.817379e-10	-1.245871e+00	2.007098e+01
5.590000e-06	-2.262010e-07	3.538567e-10	-1.569196e+00	1.843695e+01
5.600000e-06	-2.727122e-07	3.264014e-10	-1.891852e+00	1.676718e+01
5.610000e-06	-3.192176e-07	2.980055e-10	-2.214469e+00	1.506229e+01
5.620000e-06	-3.657425e-07	2.661909e-10	-2.537220e+00	1.332305e+01
5.630000e-06	-4.121897e-07	2.355601e-10	-2.859433e+00	1.155044e+01
5.640000e-06	-4.585533e-07	2.059159e-10	-3.181065e+00	9.745581e+00
5.650000e-06	-5.049455e-07	1.730787e-10	-3.502897e+00	7.909793e+00
5.660000e-06	-5.513761e-07	1.416487e-10	-3.824993e+00	6.044576e+00
5.670000e-06	-5.978317e-07	1.136820e-10	-4.147264e+00	4.151613e+00
5.680000e-06	-6.441710e-07	8.488726e-11	-4.468728e+00	2.232765e+00
5.690000e-06	-6.903643e-07	5.332276e-11	-4.789179e+00	2.900644e-01
5.700000e-06	-7.365403e-07	1.836059e-11	-5.109510e+00	-1.674289e+00
5.710000e-06	-7.826659e-07	-1.911171e-11	-5.429491e+00	-3.657941e+00
5.720000e-06	-8.287160e-07	-5.534898e-11	-5.748949e+00	-5.658392e+00
5.730000e-06	-8.747161e-07	-8.991607e-11	-6.068060e+00	-7.673010e+00
5.740000e-06	-9.206443e-07	-1.219704e-10	-6.386672e+00	-9.699048e+00
5.750000e-06	-9.664899e-07	-1.514016e-10	-6.704711e+00	-1.173366e+01
5.760000e-06	-1.012265e-06	-1.811285e-10	-7.022262e+00	-1.377392e+01
5.770000e-06	-1.057977e-06	-2.167090e-10	-7.339375e+00	-1.581684e+01
5.780000e-06	-1.103561e-06	-2.557736e-10	-7.655600e+00	-1.785939e+01
5.790000e-06	-1.148969e-06	-2.950057e-10	-7.970604e+00	-1.989852e+01
5.800000e-06	-1.194238e-06	-3.328381e-10	-8.284642e+00	-2.193119e+01
5.810000e-06	-1.239464e-06	-3.663851e-10	-8.598378e+00	-2.395437e+01
5.820000e-06	-1.284660e-06	-3.956267e-10	-8.911917e+00	-2.596510e+01
5.830000e-06	-1.329753e-06	-4.241185e-10	-9.224729e+00	-2.796047e+01
5.840000e-06	-1.374792e-06	-4.532301e-10	-9.537177e+00	-2.993766e+01
5.850000e-06	-1.419756e-06	-4.843435e-10	-9.849096e+00	-3.189397e+01
5.860000e-06	-1.464555e-06	-5.172580e-10	-1.015987e+01	-3.382682e+01
5.870000e-06	-1.509203e-06	-5.520281e-10	-1.046960e+01	-3.573377e+01
5.880000e-06	-1.553742e-06	-5.879522e-10	-1.077859e+01	-3.761257e+01
5.890000e-06	-1.598231e-06	-6.216732e-10	-1.108721e+01	-3.946111e+01
5.900000e-06	-1.642680e-06	-6.518871e-10	-1.139556e+01	-4.127747e+01
5.910000e-06	-1.687013e-06	-6.828925e-10	-1.170311e+01	-4.305995e+01
5.920000e-06	-1.731244e-06	-7.138503e-10	-1.200995e+01	-4.480702e+01
5.930000e-06	-1.775399e-06	-7.414802e-10	-1.231626e+01	-4.651738e+01
5.940000e-06	-1.819512e-06	-7.676940e-10	-1.262227e+01	-4.818992e+01
5.950000e-06	-1.863598e-06	-7.948544e-10	-1.292811e+01	-4.982375e+01
5.960000e-06	-1.907593e-06	-8.232299e-10	-1.323331e+01	-5.141817e+01
5.970000e-06	-1.951448e-06	-8.525167e-10	-1.353754e+01	-5.297271e+01
5.980000e-06	-1.995194e-06	-8.821039e-10	-1.384101e+01	-5.448704e+01
5.990000e-06	-2.038872e-06	-9.094162e-10	-1.414402e+01	-5.596106e+01
6.000000e-06	-2.082424e-06	-9.330811e-10	-1.444615e+01	-5.739482e+01
6.010000e-06	-2.125751e-06	-9.532251e-10	-1.474671e+01	-5.878852e+01
6.020000e-06	-2.168906e-06	-9.716050e-10	-1.504609e+01	-6.014253e+01
6.030000e-06	-2.211906e-06	-9.903608e-10	-1.534438e+01	-6.145732e+01
6.040000e-06	-2.254740e-06	-1.010002e-09	-1.564153e+01	-6.273350e+01
6.050000e-06	-2.297417e-06	-1.028822e-09	-1.593759e+01	-6.397176e+01
6.060000e-06	-2.339914e-06	-1.049078e-09	-1.623240e+01	-6.517288e+01
6.070000e-06	-2.382238e-06	-1.073051e-09	-1.652601e+01	-6.633770e+01
6.080000e-06	-2.424469e-06	-1.096432e-09	-1.681897e+01	-6.746711e+01
6.090000e-06	-2.466590e-06	-1.117169e-09	-1.711117e+01	-6.856203e+01
6.100000e-06	-2.508530e-06	-1.135364e-09	-1.740212e+01	-6.962342e+01
6.110000e-06	-2.550324e-06	-1.149526e-09	-1.769205e+01	-7.065220e+01
6.120000e-06	-2.591912e-06	-1.162166e-09	-1.798055e+01	-7.164934e+01
6.130000e-06	-2.633243e-06	-1.176852e-09	-1.826727e+01	-7.261575e+01
6.140000e-06	-2.674356e-06	-1.193941e-09	-1.855248e+01	-7.355233e+01
6.150000e-06	-2.715249e-06	-1.208301e-09	-1.883616e+01	-7.445994e+01
6.160000e-06	-2.755934e-06	-1.223348e-09	-1.911840e+01	-7.533941e+01
6.170000e-06	-2.796453e-06	-1.234870e-09	-1.939949e+01	-7.619152e+01
6.180000e-06	-2.836921e-06	-1.245681e-09	-1.968022e+01	-7.701700e+01
6.190000e-06	-2.877275e-06	-1.259953e-09	-1.996017e+01	-7.781652e+01
6.200000e-06	-2.917458e-06	-1.275692e-09	-2.023892e+01	-7.859074e+01
6.210000e-06	-2.957537e-06	-1.289130e-09	-2.051696e+01	-7.934023e+01
6.220000e-06	-2.997495e-06	-1.302462e-09	-2.079415e+01	-8.006554e+01
6.230000e-06	-3.037215e-06	-1.315783e-09	-2.106970e+01	-8.076719e+01
6.240000e-06	-3.076693e-06	-1.324348e-09	-2.134356e+01	-8.144565e+01
6.250000e-06	-3.115926e-06	-1.332403e-09	-2.161573e+01	-8.210137e+01
6.260000e-06	-3.154879e-06	-1.340275e-09	-2.188595e+01	-8.273478e+01
6.270000e-06	-3.193581e-06	-1.349790e-09	-2.215444e+01	-8.334630e+01
6.280000e-06	-3.231824e-06	-1.361189e-09	-2.241974e+01	-8.393633e+01
6.290000e-06	-3.269573e-06	-1.372677e-09	-2.268161e+01	-8.450529e+01
6.300000e-06	-3.306980e-06	-1.382749e-09	-2.294110e+01	-8.505360e+01
6.310000e-06	-3.344059e-06	-1.390662e-09	-2.319833e+01	-8.558168e+01
6.320000e-06	-3.380796e-06	-1.396239e-09	-2.345318e+01	-8.609000e+01
6.330000e-06	-3.417265e-06	-1.400493e-09	-2.370617e+01	-8.657902e+01
6.340000e-06	-3.453508e-06	-1.406084e-09	-2.395760e+01	-8.704925e+01
6.350000e-06	-3.489660e-06	-1.415878e-09	-2.420839e+01	-8.750122e+01
6.360000e-06	-3.525718e-06	-1.423189e-09	-2.445853e+01	-8.793550e+01
6.370000e-06	-3.561555e-06	-1.429607e-09	-2.470714e+01	-8.835269e+01
6.380000e-06	-3.597207e-06	-1.436575e-09	-2.495446e+01	-8.875343e+01
6.390000e-06	-3.632687e-06	-1.444377e-09	-2.520059e+01	-8.913836e+01
6.400000e-06	-3.667958e-06	-1.450501e-09	-2.544528e+01	-8.950820e+01
6.410000e-06	-3.702868e-06	-1.456502e-09	-2.568745e+01	-8.986364e+01
6.420000e-06	-3.737412e-06	-1.462817e-09	-2.592709e+01	-9.020544e+01
6.430000e-06	-3.771707e-06	-1.465938e-09	-2.616500e+01	-9.053433e+01
6.440000e-06	-3.805806e-06	-1.465729e-09	-2.640155e+01	-9.085109e+01
6.450000e-06	-3.839680e-06	-1.467164e-09	-2.663654e+01	-9.115647e+01
6.460000e-06	-3.873279e-06	-1.469483e-09	-2.686962e+01	-9.145122e+01
6.470000e-06	-3.906596e-06	-1.469815e-09	-2.710075e+01	-9.173609e+01
6.480000e-06	-3.939597e-06	-1.472801e-09	-2.732968e+01	-9.201181e+01
6.490000e-06	-3.972321e-06	-1.479995e-09	-2.755670e+01	-9.227906e+01
6.500000e-06	-4.004823e-06	-1.488919e-09	-2.778216e+01	-9.253850e+01
6.510000e-06	-4.037132e-06	-1.497541e-09	-2.800630e+01	-9.279077e+01
6.520000e-06	-4.069303e-06	-1.503944e-09	-2.822948e+01	-9.303643e+01
6.530000e-06	-4.101211e-06	-1.504821e-09	-2.845083e+01	-9.327600e+01
6.540000e-06	-4.132829e-06	-1.502207e-09	-2.867017e+01	-9.350994e+01
6.550000e-06	-4.164181e-06	-1.500336e-09	-2.888766e+01	-9.373867e+01
6.560000e-06	-4.195140e-06	-1.501994e-09	-2.910243e+01	-9.396252e+01
6.570000e-06	-4.225652e-06	-1.505775e-09	-2.931410e+01	-9.418178e+01
6.580000e-06	-4.255755e-06	-1.511600e-09	-2.952292e+01	-9.439665e+01
6.590000e-06	-4.285395e-06	-1.517171e-09	-2.972854e+01	-9.460730e+01
6.600000e-06	-4.314517e-06	-1.521588e-09	-2.993057e+01	-9.481381e+01
6.610000e-06	-4.343205e-06	-1.524614e-09	-3.012958e+01	-9.501621e+01
6.620000e-06	-4.371618e-06	-1.525864e-09	-3.032669e+01	-9.521449e+01
6.630000e-06	-4.399860e-06	-1.526193e-09	-3.052261e+01	-9.540857e+01
6.640000e-06	-4.427913e-06	-1.526319e-09	-3.071722e+01	-9.559834e+01
6.650000e-06	-4.455779e-06	-1.526608e-09	-3.091052e+01	-9.578365e+01
6.660000e-06	-4.483338e-06	-1.530109e-09	-3.110171e+01	-9.596432e+01
6.670000e-06	-4.510579e-06	-1.534837e-09	-3.129068e+01	-9.614013e+01
6.680000e-06	-4.537552e-06	-1.538969e-09	-3.147780e+01	-9.631087e+01
6.690000e-06	-4.564205e-06	-1.543941e-09	-3.166270e+01	-9.647630e+01
6.700000e-06	-4.590491e-06	-1.547349e-09	-3.184504e+01	-9.663619e+01
6.710000e-06	-4.616447e-06	-1.547490e-09	-3.202511e+01	-9.679031e+01
6.720000e-06	-4.642110e-06	-1.548296e-09	-3.220314e+01	-9.693845e+01
6.730000e-06	-4.667434e-06	-1.550156e-09	-3.237882e+01	-9.708042e+01
6.740000e-06	-4.692367e-06	-1.551573e-09	-3.255178e+01	-9.721603e+01
6.750000e-06	-4.716994e-06	-1.552595e-09	-3.272262e+01	-9.734516e+01
6.760000e-06	-4.741374e-06	-1.552893e-09	-3.289175e+01	-9.746769e+01
6.770000e-06	-4.765530e-06	-1.553773e-09	-3.305932e+01	-9.758355e+01
6.780000e-06	-4.789447e-06	-1.555097e-09	-3.322524e+01	-9.769272e+01
6.790000e-06	-4.813069e-06	-1.555543e-09	-3.338911e+01	-9.779520e+01
6.800000e-06	-4.836429e-06	-1.556783e-09	-3.355117e+01	-9.789106e+01
6.810000e-06	-4.859399e-06	-1.559082e-09	-3.371051e+01	-9.798038e+01
6.820000e-06	-4.881799e-06	-1.559519e-09	-3.386591e+01	-9.806331e+01
6.830000e-06	-4.903629e-06	-1.559040e-09	-3.401734e+01	-9.814002e+01
6.840000e-06	-4.924811e-06	-1.558111e-09	-3.416428e+01	-9.821071e+01
6.850000e-06	-4.945510e-06	-1.556444e-09	-3.430788e+01	-9.827563e+01
6.860000e-06	-4.965935e-06	-1.554700e-09	-3.444957e+01	-9.833506e+01
6.870000e-06	-4.986125e-06	-1.553361e-09	-3.458963e+01	-9.838927e+01
6.880000e-06	-5.006159e-06	-1.552630e-09	-3.472861e+01	-9.843858e+01
6.890000e-06	-5.025945e-06	-1.552325e-09	-3.486587e+01	-9.848330e+01
6.900000e-06	-5.045451e-06	-1.551407e-09	-3.500119e+01	-9.852376e+01
6.910000e-06	-5.064600e-06	-1.550493e-09	-3.513402e+01	-9.856029e+01
6.920000e-06	-5.083373e-06	-1.549599e-09	-3.526425e+01	-9.859320e+01
6.930000e-06	-5.101746e-06	-1.548811e-09	-3.539171e+01	-9.862280e+01
6.940000e-06	-5.119759e-06	-1.548137e-09	-3.551667e+01	-9.864938e+01
6.950000e-06	-5.137516e-06	-1.546856e-09	-3.563986e+01	-9.867322e+01
6.960000e-06	-5.154881e-06	-1.544257e-09	-3.576032e+01	-9.869455e+01
6.970000e-06	-5.171900e-06	-1.540901e-09	-3.587839e+01	-9.871359e+01
6.980000e-06	-5.188635e-06	-1.538376e-09	-3.599448e+01	-9.873052e+01
6.990000e-06	-5.205042e-06	-1.538424e-09	-3.610829e+01	-9.874550e+01
7.000000e-06	-5.221155e-06	-1.542015e-09	-3.622007e+01	-9.875863e+01
7.010000e-06	-5.237011e-06	-1.547354e-09	-3.633007e+01	-9.877000e+01
7.020000e-06	-5.252553e-06	-1.550126e-09	-3.643789e+01	-9.877964e+01
7.030000e-06	-5.267555e-06	-1.549148e-09	-3.654196e+01	-9.878757e+01
7.040000e-06	-5.281843e-06	-1.545341e-09	-3.664108e+01	-9.879375e+01
7.050000e-06	-5.295543e-06	-1.540897e-09	-3.673612e+01	-9.879812e+01
7.060000e-06	-5.308792e-06	-1.537192e-09	-3.682803e+01	-9.880061e+01
7.070000e-06	-5.321556e-06	-1.537213e-09	-3.691658e+01	-9.880109e+01
7.080000e-06	-5.333903e-06	-1.541152e-09	-3.700223e+01	-9.879942e+01
7.090000e-06	-5.345841e-06	-1.544591e-09	-3.708504e+01	-9.879548e+01
7.100000e-06	-5.357418e-06	-1.546558e-09	-3.716536e+01	-9.878907e+01
7.110000e-06	-5.368693e-06	-1.545810e-09	-3.724357e+01	-9.878005e+01
7.120000e-06	-5.379588e-06	-1.540486e-09	-3.731916e+01	-9.876824e+01
7.130000e-06	-5.390079e-06	-1.533398e-09	-3.739193e+01	-9.875346e+01
7.140000e-06	-5.400213e-06	-1.528586e-09	-3.746223e+01	-9.873556e+01
7.150000e-06	-5.410025e-06	-1.526316e-09	-3.753030e+01	-9.871438e+01
7.160000e-06	-5.419426e-06	-1.526397e-09	-3.759551e+01	-9.868979e+01
7.170000e-06	-5.428412e-06	-1.526649e-09	-3.765785e+01	-9.866169e+01
7.180000e-06	-5.437057e-06	-1.525358e-09	-3.771783e+01	-9.862996e+01
7.190000e-06	-5.445444e-06	-1.523621e-09	-3.777600e+01	-9.859457e+01
7.200000e-06	-5.453613e-06	-1.523146e-09	-3.783268e+01	-9.855546e+01
7.210000e-06	-5.461512e-06	-1.521850e-09	-3.788747e+01	-9.851263e+01
7.220000e-06	-5.469051e-06	-1.519289e-09	-3.793977e+01	-9.846611e+01
7.230000e-06	-5.476159e-06	-1.517451e-09	-3.798908e+01	-9.841597e+01
7.240000e-06	-5.482650e-06	-1.514952e-09	-3.803411e+01	-9.836228e+01
7.250000e-06	-5.488409e-06	-1.513673e-09	-3.807406e+01	-9.830517e+01
7.260000e-06	-5.493623e-06	-1.512146e-09	-3.811023e+01	-9.824480e+01
7.270000e-06	-5.498382e-06	-1.508700e-09	-3.814325e+01	-9.818133e+01
7.280000e-06	-5.502738e-06	-1.506257e-09	-3.817347e+01	-9.811496e+01
7.290000e-06	-5.506885e-06	-1.505203e-09	-3.820223e+01	-9.804592e+01
7.300000e-06	-5.510875e-06	-1.504400e-09	-3.822991e+01	-9.797445e+01
7.310000e-06	-5.514556e-06	-1.504116e-09	-3.825545e+01	-9.790079e+01
7.320000e-06	-5.517818e-06	-1.504201e-09	-3.827808e+01	-9.782520e+01
7.330000e-06	-5.520574e-06	-1.502612e-09	-3.829720e+01	-9.774795e+01
7.340000e-06	-5.522971e-06	-1.498851e-09	-3.831383e+01	-9.766929e+01
7.350000e-06	-5.525104e-06	-1.494370e-09	-3.832862e+01	-9.758948e+01
7.360000e-06	-5.526901e-06	-1.489699e-09	-3.834109e+01	-9.750876e+01
7.370000e-06	-5.528240e-06	-1.485358e-09	-3.835038e+01	-9.742736e+01
7.380000e-06	-5.529149e-06	-1.483898e-09	-3.835668e+01	-9.734550e+01
7.390000e-06	-5.529782e-06	-1.484212e-09	-3.836108e+01	-9.726335e+01
7.400000e-06	-5.530145e-06	-1.482307e-09	-3.836359e+01	-9.718107e+01
