# Temperatura_=_-6.9
# Concentracion g/m^3_=_1620.0
# C_Vs_to_Am_M_A/Vsm_=_65563218390.804596
# pendiente_HvsI_1/m_=_3716.3
# ordenada_HvsI_A/m_=_1297.0
# frecuencia_Hz_=_135100.8137099932

Tiempo_(s)	Campo_(V.s)	Magnetizacion_(V.s)	Campo_(kA/m)	Magnetizacion_(A/m)
0.000000e+00	-5.521308e-06	-1.303141e-09	-3.836495e+01	-8.486539e+01
1.000000e-08	-5.521420e-06	-1.298198e-09	-3.836573e+01	-8.479805e+01
2.000000e-08	-5.521226e-06	-1.293985e-09	-3.836439e+01	-8.472918e+01
3.000000e-08	-5.520688e-06	-1.292020e-09	-3.836064e+01	-8.465921e+01
4.000000e-08	-5.519646e-06	-1.292270e-09	-3.835340e+01	-8.458855e+01
5.000000e-08	-5.518008e-06	-1.293691e-09	-3.834203e+01	-8.451765e+01
6.000000e-08	-5.515791e-06	-1.304217e-09	-3.832662e+01	-8.444693e+01
7.000000e-08	-5.512982e-06	-1.305660e-09	-3.830710e+01	-8.437678e+01
8.000000e-08	-5.509611e-06	-1.276609e-09	-3.828368e+01	-8.430758e+01
9.000000e-08	-5.505828e-06	-1.262802e-09	-3.825739e+01	-8.423967e+01
1.000000e-07	-5.501665e-06	-1.299588e-09	-3.822846e+01	-8.417334e+01
1.100000e-07	-5.497132e-06	-1.337235e-09	-3.819697e+01	-8.410882e+01
1.200000e-07	-5.492393e-06	-1.274060e-09	-3.816404e+01	-8.404628e+01
1.300000e-07	-5.487357e-06	-1.236633e-09	-3.812905e+01	-8.398584e+01
1.400000e-07	-5.481982e-06	-1.287495e-09	-3.809170e+01	-8.392753e+01
1.500000e-07	-5.476235e-06	-1.338795e-09	-3.805176e+01	-8.387132e+01
1.600000e-07	-5.470057e-06	-1.288084e-09	-3.800884e+01	-8.381711e+01
1.700000e-07	-5.463454e-06	-1.215446e-09	-3.796295e+01	-8.376470e+01
1.800000e-07	-5.456430e-06	-1.268611e-09	-3.791415e+01	-8.371386e+01
1.900000e-07	-5.449059e-06	-1.294514e-09	-3.786293e+01	-8.366425e+01
2.000000e-07	-5.441405e-06	-1.273203e-09	-3.780974e+01	-8.361551e+01
2.100000e-07	-5.433485e-06	-1.236033e-09	-3.775471e+01	-8.356718e+01
2.200000e-07	-5.425366e-06	-1.287304e-09	-3.769830e+01	-8.351879e+01
2.300000e-07	-5.416968e-06	-1.295600e-09	-3.763995e+01	-8.346982e+01
2.400000e-07	-5.408071e-06	-1.265969e-09	-3.757812e+01	-8.341970e+01
2.500000e-07	-5.398575e-06	-1.240088e-09	-3.751214e+01	-8.336788e+01
2.600000e-07	-5.388372e-06	-1.265577e-09	-3.744124e+01	-8.331377e+01
2.700000e-07	-5.377496e-06	-1.272593e-09	-3.736567e+01	-8.325679e+01
2.800000e-07	-5.366170e-06	-1.257739e-09	-3.728698e+01	-8.319641e+01
2.900000e-07	-5.354434e-06	-1.242561e-09	-3.720543e+01	-8.313207e+01
3.000000e-07	-5.342280e-06	-1.247655e-09	-3.712097e+01	-8.306331e+01
3.100000e-07	-5.329760e-06	-1.263043e-09	-3.703398e+01	-8.298969e+01
3.200000e-07	-5.316829e-06	-1.252882e-09	-3.694413e+01	-8.291082e+01
3.300000e-07	-5.303475e-06	-1.239540e-09	-3.685133e+01	-8.282641e+01
3.400000e-07	-5.289762e-06	-1.238484e-09	-3.675605e+01	-8.273621e+01
3.500000e-07	-5.275738e-06	-1.262036e-09	-3.665860e+01	-8.264009e+01
3.600000e-07	-5.261200e-06	-1.242610e-09	-3.655759e+01	-8.253799e+01
3.700000e-07	-5.246098e-06	-1.228350e-09	-3.645265e+01	-8.242994e+01
3.800000e-07	-5.230421e-06	-1.243712e-09	-3.634372e+01	-8.231606e+01
3.900000e-07	-5.214272e-06	-1.255688e-09	-3.623151e+01	-8.219655e+01
4.000000e-07	-5.197811e-06	-1.211519e-09	-3.611713e+01	-8.207174e+01
4.100000e-07	-5.181017e-06	-1.228974e-09	-3.600043e+01	-8.194199e+01
4.200000e-07	-5.163970e-06	-1.261784e-09	-3.588198e+01	-8.180778e+01
4.300000e-07	-5.146561e-06	-1.228431e-09	-3.576101e+01	-8.166963e+01
4.400000e-07	-5.128757e-06	-1.186582e-09	-3.563730e+01	-8.152813e+01
4.500000e-07	-5.110618e-06	-1.243837e-09	-3.551127e+01	-8.138394e+01
4.600000e-07	-5.092114e-06	-1.248489e-09	-3.538269e+01	-8.123773e+01
4.700000e-07	-5.073162e-06	-1.196716e-09	-3.525100e+01	-8.109021e+01
4.800000e-07	-5.053830e-06	-1.207735e-09	-3.511667e+01	-8.094209e+01
4.900000e-07	-5.034305e-06	-1.248399e-09	-3.498100e+01	-8.079410e+01
5.000000e-07	-5.014509e-06	-1.205526e-09	-3.484345e+01	-8.064693e+01
5.100000e-07	-4.994448e-06	-1.196556e-09	-3.470406e+01	-8.050126e+01
5.200000e-07	-4.974133e-06	-1.235310e-09	-3.456289e+01	-8.035772e+01
5.300000e-07	-4.953431e-06	-1.214904e-09	-3.441904e+01	-8.021688e+01
5.400000e-07	-4.932259e-06	-1.181551e-09	-3.427193e+01	-8.007924e+01
5.500000e-07	-4.910767e-06	-1.222329e-09	-3.412260e+01	-7.994523e+01
5.600000e-07	-4.888995e-06	-1.228579e-09	-3.397131e+01	-7.981520e+01
5.700000e-07	-4.866849e-06	-1.188327e-09	-3.381743e+01	-7.968939e+01
5.800000e-07	-4.844342e-06	-1.203464e-09	-3.366104e+01	-7.956794e+01
5.900000e-07	-4.821485e-06	-1.229431e-09	-3.350222e+01	-7.945088e+01
6.000000e-07	-4.798260e-06	-1.198971e-09	-3.334083e+01	-7.933816e+01
6.100000e-07	-4.774711e-06	-1.186738e-09	-3.317721e+01	-7.922959e+01
6.200000e-07	-4.750969e-06	-1.208102e-09	-3.301223e+01	-7.912489e+01
6.300000e-07	-4.727009e-06	-1.192746e-09	-3.284575e+01	-7.902367e+01
6.400000e-07	-4.702858e-06	-1.178651e-09	-3.267793e+01	-7.892545e+01
6.500000e-07	-4.678439e-06	-1.190502e-09	-3.250825e+01	-7.882966e+01
6.600000e-07	-4.653539e-06	-1.197240e-09	-3.233524e+01	-7.873565e+01
6.700000e-07	-4.628009e-06	-1.185316e-09	-3.215784e+01	-7.864270e+01
6.800000e-07	-4.601855e-06	-1.187350e-09	-3.197611e+01	-7.855004e+01
6.900000e-07	-4.575194e-06	-1.183512e-09	-3.179085e+01	-7.845684e+01
7.000000e-07	-4.548156e-06	-1.177986e-09	-3.160298e+01	-7.836226e+01
7.100000e-07	-4.520844e-06	-1.169827e-09	-3.141320e+01	-7.826544e+01
7.200000e-07	-4.493286e-06	-1.169061e-09	-3.122171e+01	-7.816551e+01
7.300000e-07	-4.465538e-06	-1.165773e-09	-3.102891e+01	-7.806162e+01
7.400000e-07	-4.437611e-06	-1.167624e-09	-3.083486e+01	-7.795296e+01
7.500000e-07	-4.409453e-06	-1.160075e-09	-3.063920e+01	-7.783876e+01
7.600000e-07	-4.380999e-06	-1.159677e-09	-3.044148e+01	-7.771829e+01
7.700000e-07	-4.352196e-06	-1.156809e-09	-3.024135e+01	-7.759091e+01
7.800000e-07	-4.323059e-06	-1.148358e-09	-3.003889e+01	-7.745606e+01
7.900000e-07	-4.293588e-06	-1.139042e-09	-2.983411e+01	-7.731326e+01
8.000000e-07	-4.263833e-06	-1.140826e-09	-2.962735e+01	-7.716212e+01
8.100000e-07	-4.233852e-06	-1.134644e-09	-2.941903e+01	-7.700237e+01
8.200000e-07	-4.203593e-06	-1.126233e-09	-2.920878e+01	-7.683384e+01
8.300000e-07	-4.172988e-06	-1.125078e-09	-2.899612e+01	-7.665648e+01
8.400000e-07	-4.142015e-06	-1.131045e-09	-2.878090e+01	-7.647032e+01
8.500000e-07	-4.110767e-06	-1.131093e-09	-2.856378e+01	-7.627552e+01
8.600000e-07	-4.079333e-06	-1.126176e-09	-2.834535e+01	-7.607235e+01
8.700000e-07	-4.047784e-06	-1.118593e-09	-2.812613e+01	-7.586115e+01
8.800000e-07	-4.016091e-06	-1.108102e-09	-2.790592e+01	-7.564237e+01
8.900000e-07	-3.984174e-06	-1.098971e-09	-2.768414e+01	-7.541653e+01
9.000000e-07	-3.951998e-06	-1.094919e-09	-2.746056e+01	-7.518424e+01
9.100000e-07	-3.919480e-06	-1.096922e-09	-2.723461e+01	-7.494615e+01
9.200000e-07	-3.886636e-06	-1.096735e-09	-2.700639e+01	-7.470294e+01
9.300000e-07	-3.853345e-06	-1.096334e-09	-2.677507e+01	-7.445537e+01
9.400000e-07	-3.819573e-06	-1.093374e-09	-2.654041e+01	-7.420417e+01
9.500000e-07	-3.785353e-06	-1.088222e-09	-2.630263e+01	-7.395011e+01
9.600000e-07	-3.750642e-06	-1.076436e-09	-2.606143e+01	-7.369393e+01
9.700000e-07	-3.715524e-06	-1.069921e-09	-2.581742e+01	-7.343636e+01
9.800000e-07	-3.680091e-06	-1.064986e-09	-2.557121e+01	-7.317809e+01
9.900000e-07	-3.644508e-06	-1.061202e-09	-2.532396e+01	-7.291977e+01
1.000000e-06	-3.608845e-06	-1.056917e-09	-2.507615e+01	-7.266198e+01
1.010000e-06	-3.573082e-06	-1.058263e-09	-2.482766e+01	-7.240525e+01
1.020000e-06	-3.537200e-06	-1.056040e-09	-2.457833e+01	-7.215003e+01
1.030000e-06	-3.501157e-06	-1.052672e-09	-2.432788e+01	-7.189668e+01
1.040000e-06	-3.464827e-06	-1.047509e-09	-2.407544e+01	-7.164549e+01
1.050000e-06	-3.428154e-06	-1.041661e-09	-2.382062e+01	-7.139664e+01
1.060000e-06	-3.391204e-06	-1.033181e-09	-2.356387e+01	-7.115023e+01
1.070000e-06	-3.353980e-06	-1.030257e-09	-2.330522e+01	-7.090628e+01
1.080000e-06	-3.316513e-06	-1.028216e-09	-2.304488e+01	-7.066471e+01
1.090000e-06	-3.278856e-06	-1.025563e-09	-2.278322e+01	-7.042534e+01
1.100000e-06	-3.241017e-06	-1.020920e-09	-2.252029e+01	-7.018794e+01
1.110000e-06	-3.202969e-06	-1.016812e-09	-2.225591e+01	-6.995217e+01
1.120000e-06	-3.164670e-06	-1.010544e-09	-2.198980e+01	-6.971766e+01
1.130000e-06	-3.126152e-06	-1.003018e-09	-2.172215e+01	-6.948395e+01
1.140000e-06	-3.087256e-06	-9.996774e-10	-2.145188e+01	-6.925054e+01
1.150000e-06	-3.048008e-06	-9.990790e-10	-2.117917e+01	-6.901691e+01
1.160000e-06	-3.008682e-06	-9.948808e-10	-2.090591e+01	-6.878246e+01
1.170000e-06	-2.969320e-06	-9.910736e-10	-2.063240e+01	-6.854663e+01
1.180000e-06	-2.929873e-06	-9.915435e-10	-2.035830e+01	-6.830880e+01
1.190000e-06	-2.890275e-06	-9.919420e-10	-2.008315e+01	-6.806838e+01
1.200000e-06	-2.850542e-06	-9.909269e-10	-1.980706e+01	-6.782477e+01
1.210000e-06	-2.810718e-06	-9.867302e-10	-1.953035e+01	-6.757740e+01
1.220000e-06	-2.770747e-06	-9.816816e-10	-1.925261e+01	-6.732573e+01
1.230000e-06	-2.730662e-06	-9.751285e-10	-1.897408e+01	-6.706923e+01
1.240000e-06	-2.690456e-06	-9.706411e-10	-1.869470e+01	-6.680743e+01
1.250000e-06	-2.649950e-06	-9.674889e-10	-1.841325e+01	-6.653989e+01
1.260000e-06	-2.609147e-06	-9.646182e-10	-1.812973e+01	-6.626623e+01
1.270000e-06	-2.568124e-06	-9.599667e-10	-1.784468e+01	-6.598609e+01
1.280000e-06	-2.526800e-06	-9.551043e-10	-1.755754e+01	-6.569919e+01
1.290000e-06	-2.485023e-06	-9.468392e-10	-1.726725e+01	-6.540528e+01
1.300000e-06	-2.442862e-06	-9.371538e-10	-1.697429e+01	-6.510416e+01
1.310000e-06	-2.400463e-06	-9.289076e-10	-1.667968e+01	-6.479567e+01
1.320000e-06	-2.357804e-06	-9.243939e-10	-1.638326e+01	-6.447970e+01
1.330000e-06	-2.314937e-06	-9.186273e-10	-1.608540e+01	-6.415617e+01
1.340000e-06	-2.271851e-06	-9.150172e-10	-1.578602e+01	-6.382500e+01
1.350000e-06	-2.228534e-06	-9.145670e-10	-1.548503e+01	-6.348618e+01
1.360000e-06	-2.185090e-06	-9.131027e-10	-1.518316e+01	-6.313967e+01
1.370000e-06	-2.141540e-06	-9.064500e-10	-1.488055e+01	-6.278546e+01
1.380000e-06	-2.097916e-06	-8.974727e-10	-1.457742e+01	-6.242354e+01
1.390000e-06	-2.054212e-06	-8.872763e-10	-1.427374e+01	-6.205388e+01
1.400000e-06	-2.010442e-06	-8.767132e-10	-1.396961e+01	-6.167643e+01
1.410000e-06	-1.966585e-06	-8.676129e-10	-1.366487e+01	-6.129113e+01
1.420000e-06	-1.922631e-06	-8.618114e-10	-1.335945e+01	-6.089787e+01
1.430000e-06	-1.878609e-06	-8.570416e-10	-1.305357e+01	-6.049652e+01
1.440000e-06	-1.834555e-06	-8.504811e-10	-1.274745e+01	-6.008690e+01
1.450000e-06	-1.790412e-06	-8.421682e-10	-1.244072e+01	-5.966878e+01
1.460000e-06	-1.746137e-06	-8.319753e-10	-1.213308e+01	-5.924188e+01
1.470000e-06	-1.701693e-06	-8.192630e-10	-1.182426e+01	-5.880584e+01
1.480000e-06	-1.657060e-06	-8.088165e-10	-1.151413e+01	-5.836029e+01
1.490000e-06	-1.612295e-06	-8.000916e-10	-1.120308e+01	-5.790475e+01
1.500000e-06	-1.567375e-06	-7.887382e-10	-1.089095e+01	-5.743872e+01
1.510000e-06	-1.522327e-06	-7.795551e-10	-1.057793e+01	-5.696160e+01
1.520000e-06	-1.477212e-06	-7.729874e-10	-1.026445e+01	-5.647277e+01
1.530000e-06	-1.432006e-06	-7.653664e-10	-9.950328e+00	-5.597154e+01
1.540000e-06	-1.386658e-06	-7.551524e-10	-9.635227e+00	-5.545716e+01
1.550000e-06	-1.341257e-06	-7.444675e-10	-9.319759e+00	-5.492883e+01
1.560000e-06	-1.295727e-06	-7.346261e-10	-9.003390e+00	-5.438572e+01
1.570000e-06	-1.250008e-06	-7.257656e-10	-8.685713e+00	-5.382695e+01
1.580000e-06	-1.204257e-06	-7.155514e-10	-8.367812e+00	-5.325160e+01
1.590000e-06	-1.158398e-06	-7.045209e-10	-8.049157e+00	-5.265875e+01
1.600000e-06	-1.112406e-06	-6.962783e-10	-7.729580e+00	-5.204743e+01
1.610000e-06	-1.066401e-06	-6.896955e-10	-7.409913e+00	-5.141666e+01
1.620000e-06	-1.020316e-06	-6.823521e-10	-7.089690e+00	-5.076546e+01
1.630000e-06	-9.742164e-07	-6.767762e-10	-6.769368e+00	-5.009283e+01
1.640000e-06	-9.280112e-07	-6.691037e-10	-6.448310e+00	-4.939779e+01
1.650000e-06	-8.816779e-07	-6.579236e-10	-6.126362e+00	-4.867936e+01
1.660000e-06	-8.353690e-07	-6.426860e-10	-5.804583e+00	-4.793657e+01
1.670000e-06	-7.890207e-07	-6.261708e-10	-5.482531e+00	-4.716848e+01
1.680000e-06	-7.426356e-07	-6.103557e-10	-5.160223e+00	-4.637417e+01
1.690000e-06	-6.961740e-07	-5.955936e-10	-4.837383e+00	-4.555275e+01
1.700000e-06	-6.496678e-07	-5.823863e-10	-4.514234e+00	-4.470336e+01
1.710000e-06	-6.031861e-07	-5.720410e-10	-4.191255e+00	-4.382518e+01
1.720000e-06	-5.566429e-07	-5.597936e-10	-3.867848e+00	-4.291743e+01
1.730000e-06	-5.100055e-07	-5.437320e-10	-3.543787e+00	-4.197940e+01
1.740000e-06	-4.633027e-07	-5.268373e-10	-3.219271e+00	-4.101039e+01
1.750000e-06	-4.165506e-07	-5.096126e-10	-2.894413e+00	-4.000977e+01
1.760000e-06	-3.697502e-07	-4.922208e-10	-2.569219e+00	-3.897699e+01
1.770000e-06	-3.228319e-07	-4.762873e-10	-2.243206e+00	-3.791153e+01
1.780000e-06	-2.759224e-07	-4.618161e-10	-1.917254e+00	-3.681293e+01
1.790000e-06	-2.291182e-07	-4.475174e-10	-1.592034e+00	-3.568083e+01
1.800000e-06	-1.823428e-07	-4.334674e-10	-1.267014e+00	-3.451489e+01
1.810000e-06	-1.355322e-07	-4.185741e-10	-9.417489e-01	-3.331489e+01
1.820000e-06	-8.863707e-08	-4.025273e-10	-6.158970e-01	-3.208065e+01
1.830000e-06	-4.172966e-08	-3.845407e-10	-2.899596e-01	-3.081210e+01
1.840000e-06	5.187042e-09	-3.665402e-10	3.604230e-02	-2.950922e+01
1.850000e-06	5.212768e-08	-3.489603e-10	3.622106e-01	-2.817210e+01
1.860000e-06	9.901814e-08	-3.301848e-10	6.880302e-01	-2.680091e+01
1.870000e-06	1.458263e-07	-3.106027e-10	1.013278e+00	-2.539592e+01
1.880000e-06	1.926029e-07	-2.913577e-10	1.338306e+00	-2.395749e+01
1.890000e-06	2.394367e-07	-2.707539e-10	1.663732e+00	-2.248607e+01
1.900000e-06	2.862673e-07	-2.484866e-10	1.989136e+00	-2.098224e+01
1.910000e-06	3.329933e-07	-2.255902e-10	2.313813e+00	-1.944668e+01
1.920000e-06	3.797290e-07	-2.027522e-10	2.638557e+00	-1.788015e+01
1.930000e-06	4.264727e-07	-1.807636e-10	2.963357e+00	-1.628355e+01
1.940000e-06	4.731913e-07	-1.606452e-10	3.287982e+00	-1.465790e+01
1.950000e-06	5.198581e-07	-1.406227e-10	3.612248e+00	-1.300430e+01
1.960000e-06	5.664778e-07	-1.201753e-10	3.936186e+00	-1.132400e+01
1.970000e-06	6.131151e-07	-9.823755e-11	4.260246e+00	-9.618350e+00
1.980000e-06	6.596402e-07	-7.410449e-11	4.583527e+00	-7.888806e+00
1.990000e-06	7.060582e-07	-4.703310e-11	4.906064e+00	-6.136944e+00
2.000000e-06	7.524310e-07	-1.723882e-11	5.228286e+00	-4.364448e+00
2.010000e-06	7.987265e-07	1.012282e-11	5.549972e+00	-2.573104e+00
2.020000e-06	8.449191e-07	3.355185e-11	5.870943e+00	-7.647985e-01
2.030000e-06	8.910433e-07	5.608382e-11	6.191438e+00	1.058490e+00
2.040000e-06	9.371412e-07	7.963229e-11	6.511750e+00	2.894698e+00
2.050000e-06	9.832276e-07	1.054032e-10	6.831983e+00	4.741682e+00
2.060000e-06	1.029300e-06	1.345433e-10	7.152120e+00	6.597232e+00
2.070000e-06	1.075300e-06	1.653456e-10	7.471747e+00	8.459078e+00
2.080000e-06	1.121164e-06	1.927375e-10	7.790437e+00	1.032490e+01
2.090000e-06	1.166925e-06	2.176479e-10	8.108409e+00	1.219235e+01
2.100000e-06	1.212634e-06	2.427587e-10	8.426016e+00	1.405905e+01
2.110000e-06	1.258246e-06	2.674225e-10	8.742954e+00	1.592261e+01
2.120000e-06	1.303739e-06	2.931510e-10	9.059061e+00	1.778064e+01
2.130000e-06	1.349140e-06	3.200487e-10	9.374532e+00	1.963077e+01
2.140000e-06	1.394458e-06	3.440433e-10	9.689431e+00	2.147066e+01
2.150000e-06	1.439655e-06	3.670318e-10	1.000348e+01	2.329800e+01
2.160000e-06	1.484779e-06	3.921117e-10	1.031703e+01	2.511055e+01
2.170000e-06	1.529906e-06	4.181107e-10	1.063059e+01	2.690613e+01
2.180000e-06	1.574880e-06	4.446085e-10	1.094309e+01	2.868262e+01
2.190000e-06	1.619716e-06	4.704931e-10	1.125464e+01	3.043803e+01
2.200000e-06	1.664511e-06	4.951241e-10	1.156590e+01	3.217044e+01
2.210000e-06	1.709095e-06	5.167418e-10	1.187569e+01	3.387806e+01
2.220000e-06	1.753453e-06	5.371609e-10	1.218391e+01	3.555919e+01
2.230000e-06	1.797700e-06	5.586238e-10	1.249136e+01	3.721228e+01
2.240000e-06	1.841881e-06	5.791216e-10	1.279836e+01	3.883592e+01
2.250000e-06	1.885966e-06	5.990131e-10	1.310469e+01	4.042882e+01
2.260000e-06	1.929921e-06	6.214855e-10	1.341011e+01	4.198982e+01
2.270000e-06	1.973810e-06	6.420403e-10	1.371507e+01	4.351792e+01
2.280000e-06	2.017660e-06	6.601848e-10	1.401976e+01	4.501227e+01
2.290000e-06	2.061439e-06	6.767412e-10	1.432397e+01	4.647214e+01
2.300000e-06	2.105106e-06	6.950967e-10	1.462738e+01	4.789695e+01
2.310000e-06	2.148697e-06	7.143419e-10	1.493028e+01	4.928626e+01
2.320000e-06	2.192262e-06	7.318655e-10	1.523299e+01	5.063977e+01
2.330000e-06	2.235715e-06	7.500021e-10	1.553493e+01	5.195727e+01
2.340000e-06	2.278927e-06	7.685820e-10	1.583519e+01	5.323872e+01
2.350000e-06	2.321929e-06	7.869330e-10	1.613398e+01	5.448416e+01
2.360000e-06	2.364763e-06	8.040909e-10	1.643162e+01	5.569375e+01
2.370000e-06	2.407416e-06	8.206038e-10	1.672800e+01	5.686773e+01
2.380000e-06	2.449887e-06	8.335518e-10	1.702310e+01	5.800645e+01
2.390000e-06	2.491971e-06	8.465877e-10	1.731552e+01	5.911031e+01
2.400000e-06	2.533545e-06	8.612215e-10	1.760441e+01	6.017981e+01
2.410000e-06	2.574798e-06	8.757319e-10	1.789105e+01	6.121548e+01
2.420000e-06	2.615831e-06	8.880610e-10	1.817617e+01	6.221793e+01
2.430000e-06	2.656577e-06	8.976407e-10	1.845930e+01	6.318779e+01
2.440000e-06	2.697073e-06	9.067359e-10	1.874068e+01	6.412571e+01
2.450000e-06	2.737377e-06	9.160275e-10	1.902074e+01	6.503241e+01
2.460000e-06	2.777483e-06	9.263898e-10	1.929941e+01	6.590858e+01
2.470000e-06	2.817445e-06	9.381583e-10	1.957709e+01	6.675494e+01
2.480000e-06	2.857280e-06	9.488232e-10	1.985388e+01	6.757223e+01
2.490000e-06	2.896960e-06	9.610902e-10	2.012961e+01	6.836115e+01
2.500000e-06	2.936536e-06	9.713371e-10	2.040460e+01	6.912243e+01
2.510000e-06	2.975935e-06	9.793354e-10	2.067836e+01	6.985678e+01
2.520000e-06	3.015164e-06	9.867612e-10	2.095095e+01	7.056489e+01
2.530000e-06	3.054255e-06	9.942612e-10	2.122257e+01	7.124744e+01
2.540000e-06	3.093125e-06	1.003638e-09	2.149266e+01	7.190511e+01
2.550000e-06	3.131775e-06	1.013510e-09	2.176122e+01	7.253855e+01
2.560000e-06	3.170097e-06	1.024577e-09	2.202750e+01	7.314840e+01
2.570000e-06	3.208154e-06	1.033899e-09	2.229194e+01	7.373528e+01
2.580000e-06	3.246046e-06	1.040081e-09	2.255524e+01	7.429981e+01
2.590000e-06	3.283713e-06	1.044431e-09	2.281697e+01	7.484259e+01
2.600000e-06	3.321209e-06	1.049120e-09	2.307751e+01	7.536422e+01
2.610000e-06	3.358509e-06	1.056428e-09	2.333669e+01	7.586528e+01
2.620000e-06	3.395510e-06	1.066314e-09	2.359379e+01	7.634636e+01
2.630000e-06	3.432278e-06	1.078067e-09	2.384927e+01	7.680804e+01
2.640000e-06	3.468861e-06	1.090428e-09	2.410347e+01	7.725092e+01
2.650000e-06	3.505166e-06	1.100456e-09	2.435574e+01	7.767558e+01
2.660000e-06	3.541227e-06	1.107431e-09	2.460631e+01	7.808262e+01
2.670000e-06	3.577115e-06	1.111941e-09	2.485568e+01	7.847264e+01
2.680000e-06	3.612851e-06	1.116534e-09	2.510399e+01	7.884627e+01
2.690000e-06	3.648459e-06	1.122769e-09	2.535141e+01	7.920412e+01
2.700000e-06	3.683933e-06	1.131045e-09	2.559790e+01	7.954683e+01
2.710000e-06	3.719190e-06	1.139570e-09	2.584289e+01	7.987504e+01
2.720000e-06	3.754201e-06	1.148487e-09	2.608616e+01	8.018941e+01
2.730000e-06	3.788929e-06	1.154934e-09	2.632747e+01	8.049060e+01
2.740000e-06	3.823124e-06	1.159207e-09	2.656508e+01	8.077928e+01
2.750000e-06	3.856740e-06	1.160644e-09	2.679866e+01	8.105612e+01
2.760000e-06	3.889921e-06	1.161151e-09	2.702922e+01	8.132180e+01
2.770000e-06	3.922706e-06	1.163181e-09	2.725703e+01	8.157700e+01
2.780000e-06	3.955158e-06	1.167818e-09	2.748252e+01	8.182236e+01
2.790000e-06	3.987280e-06	1.176326e-09	2.770572e+01	8.205855e+01
2.800000e-06	4.019174e-06	1.184826e-09	2.792734e+01	8.228621e+01
2.810000e-06	4.050939e-06	1.192296e-09	2.814806e+01	8.250596e+01
2.820000e-06	4.082575e-06	1.196925e-09	2.836788e+01	8.271839e+01
2.830000e-06	4.113984e-06	1.199677e-09	2.858613e+01	8.292407e+01
2.840000e-06	4.145081e-06	1.199625e-09	2.880220e+01	8.312353e+01
2.850000e-06	4.175909e-06	1.195114e-09	2.901641e+01	8.331727e+01
2.860000e-06	4.206448e-06	1.193341e-09	2.922861e+01	8.350573e+01
2.870000e-06	4.236660e-06	1.197014e-09	2.943854e+01	8.368933e+01
2.880000e-06	4.266539e-06	1.206236e-09	2.964616e+01	8.386842e+01
2.890000e-06	4.296137e-06	1.216717e-09	2.985182e+01	8.404330e+01
2.900000e-06	4.325555e-06	1.220973e-09	3.005623e+01	8.421422e+01
2.910000e-06	4.354724e-06	1.220871e-09	3.025892e+01	8.438137e+01
2.920000e-06	4.383477e-06	1.217924e-09	3.045871e+01	8.454489e+01
2.930000e-06	4.411914e-06	1.214919e-09	3.065630e+01	8.470485e+01
2.940000e-06	4.440137e-06	1.215188e-09	3.085241e+01	8.486127e+01
2.950000e-06	4.468105e-06	1.217983e-09	3.104674e+01	8.501413e+01
2.960000e-06	4.495879e-06	1.224009e-09	3.123973e+01	8.516332e+01
2.970000e-06	4.523554e-06	1.230544e-09	3.143203e+01	8.530872e+01
2.980000e-06	4.551004e-06	1.237202e-09	3.162277e+01	8.545013e+01
2.990000e-06	4.578083e-06	1.243588e-09	3.181093e+01	8.558734e+01
3.000000e-06	4.604804e-06	1.246356e-09	3.199660e+01	8.572008e+01
3.010000e-06	4.631043e-06	1.244387e-09	3.217893e+01	8.584807e+01
3.020000e-06	4.656622e-06	1.240861e-09	3.235666e+01	8.597097e+01
3.030000e-06	4.681590e-06	1.240130e-09	3.253015e+01	8.608847e+01
3.040000e-06	4.706159e-06	1.242524e-09	3.270087e+01	8.620022e+01
3.050000e-06	4.730348e-06	1.250394e-09	3.286894e+01	8.630588e+01
3.060000e-06	4.754186e-06	1.259100e-09	3.303459e+01	8.640510e+01
3.070000e-06	4.777775e-06	1.262871e-09	3.319849e+01	8.649755e+01
3.080000e-06	4.801094e-06	1.262663e-09	3.336053e+01	8.658294e+01
3.090000e-06	4.824131e-06	1.259828e-09	3.352060e+01	8.666098e+01
3.100000e-06	4.846828e-06	1.257548e-09	3.367831e+01	8.673142e+01
3.110000e-06	4.869193e-06	1.257845e-09	3.383372e+01	8.679405e+01
3.120000e-06	4.891237e-06	1.260742e-09	3.398689e+01	8.684873e+01
3.130000e-06	4.913026e-06	1.266153e-09	3.413829e+01	8.689532e+01
3.140000e-06	4.934500e-06	1.272511e-09	3.428751e+01	8.693379e+01
3.150000e-06	4.955549e-06	1.276103e-09	3.443376e+01	8.696414e+01
3.160000e-06	4.976244e-06	1.274975e-09	3.457756e+01	8.698643e+01
3.170000e-06	4.996596e-06	1.270427e-09	3.471898e+01	8.700078e+01
3.180000e-06	5.016650e-06	1.264731e-09	3.485833e+01	8.700740e+01
3.190000e-06	5.036483e-06	1.262566e-09	3.499613e+01	8.700652e+01
3.200000e-06	5.056074e-06	1.265297e-09	3.513226e+01	8.699848e+01
3.210000e-06	5.075394e-06	1.272774e-09	3.526651e+01	8.698363e+01
3.220000e-06	5.094418e-06	1.279955e-09	3.539870e+01	8.696240e+01
3.230000e-06	5.113071e-06	1.281535e-09	3.552831e+01	8.693528e+01
3.240000e-06	5.131297e-06	1.278852e-09	3.565495e+01	8.690277e+01
3.250000e-06	5.149029e-06	1.274786e-09	3.577816e+01	8.686544e+01
3.260000e-06	5.166334e-06	1.271343e-09	3.589841e+01	8.682388e+01
3.270000e-06	5.183341e-06	1.271679e-09	3.601658e+01	8.677869e+01
3.280000e-06	5.200048e-06	1.275634e-09	3.613267e+01	8.673051e+01
3.290000e-06	5.216499e-06	1.282018e-09	3.624698e+01	8.667996e+01
3.300000e-06	5.232557e-06	1.289183e-09	3.635856e+01	8.662767e+01
3.310000e-06	5.248066e-06	1.292228e-09	3.646633e+01	8.657427e+01
3.320000e-06	5.263088e-06	1.289455e-09	3.657070e+01	8.652035e+01
3.330000e-06	5.277640e-06	1.285344e-09	3.667182e+01	8.646648e+01
3.340000e-06	5.291773e-06	1.282093e-09	3.677002e+01	8.641319e+01
3.350000e-06	5.305634e-06	1.281717e-09	3.686634e+01	8.636098e+01
3.360000e-06	5.319161e-06	1.284789e-09	3.696033e+01	8.631028e+01
3.370000e-06	5.332258e-06	1.287415e-09	3.705134e+01	8.626148e+01
3.380000e-06	5.344952e-06	1.289585e-09	3.713954e+01	8.621489e+01
3.390000e-06	5.357207e-06	1.292382e-09	3.722469e+01	8.617077e+01
3.400000e-06	5.369095e-06	1.296095e-09	3.730730e+01	8.612930e+01
3.410000e-06	5.380671e-06	1.298397e-09	3.738773e+01	8.609060e+01
3.420000e-06	5.391872e-06	1.299466e-09	3.746556e+01	8.605471e+01
3.430000e-06	5.402687e-06	1.300682e-09	3.754071e+01	8.602161e+01
3.440000e-06	5.412924e-06	1.301240e-09	3.761184e+01	8.599119e+01
3.450000e-06	5.422383e-06	1.301945e-09	3.767757e+01	8.596330e+01
3.460000e-06	5.431276e-06	1.304202e-09	3.773936e+01	8.593771e+01
3.470000e-06	5.439762e-06	1.308016e-09	3.779833e+01	8.591415e+01
3.480000e-06	5.447863e-06	1.309737e-09	3.785462e+01	8.589228e+01
3.490000e-06	5.455670e-06	1.309102e-09	3.790887e+01	8.587174e+01
3.500000e-06	5.463224e-06	1.309439e-09	3.796136e+01	8.585212e+01
3.510000e-06	5.470359e-06	1.309115e-09	3.801093e+01	8.583298e+01
3.520000e-06	5.477080e-06	1.309936e-09	3.805764e+01	8.581389e+01
3.530000e-06	5.483511e-06	1.313349e-09	3.810232e+01	8.579438e+01
3.540000e-06	5.489584e-06	1.316767e-09	3.814452e+01	8.577400e+01
3.550000e-06	5.495301e-06	1.318840e-09	3.818425e+01	8.575230e+01
3.560000e-06	5.500670e-06	1.318853e-09	3.822155e+01	8.572888e+01
3.570000e-06	5.505672e-06	1.316410e-09	3.825630e+01	8.570332e+01
3.580000e-06	5.510254e-06	1.312975e-09	3.828815e+01	8.567529e+01
3.590000e-06	5.514432e-06	1.313743e-09	3.831717e+01	8.564446e+01
3.600000e-06	5.518328e-06	1.318980e-09	3.834425e+01	8.561058e+01
3.610000e-06	5.521976e-06	1.323799e-09	3.836959e+01	8.557344e+01
3.620000e-06	5.525346e-06	1.325753e-09	3.839302e+01	8.553290e+01
3.630000e-06	5.528361e-06	1.325309e-09	3.841396e+01	8.548887e+01
3.640000e-06	5.530819e-06	1.323342e-09	3.843104e+01	8.544135e+01
3.650000e-06	5.532655e-06	1.322109e-09	3.844380e+01	8.539038e+01
3.660000e-06	5.533888e-06	1.321140e-09	3.845236e+01	8.533607e+01
3.670000e-06	5.534626e-06	1.318763e-09	3.845749e+01	8.527859e+01
3.680000e-06	5.534968e-06	1.318715e-09	3.845987e+01	8.521818e+01
3.690000e-06	5.534987e-06	1.320105e-09	3.846000e+01	8.515511e+01
3.700000e-06	5.534753e-06	1.320738e-09	3.845838e+01	8.508973e+01
3.710000e-06	5.534210e-06	1.321474e-09	3.845461e+01	8.502238e+01
3.720000e-06	5.533385e-06	1.320110e-09	3.844887e+01	8.495347e+01
3.730000e-06	5.532197e-06	1.315930e-09	3.844062e+01	8.488343e+01
3.740000e-06	5.530592e-06	1.310450e-09	3.842947e+01	8.481266e+01
3.750000e-06	5.528612e-06	1.295161e-09	3.841571e+01	8.474162e+01
3.760000e-06	5.526272e-06	1.278316e-09	3.839945e+01	8.467071e+01
3.770000e-06	5.523548e-06	1.294709e-09	3.838052e+01	8.460035e+01
3.780000e-06	5.520361e-06	1.327197e-09	3.835838e+01	8.453091e+01
3.790000e-06	5.516730e-06	1.307741e-09	3.833315e+01	8.446273e+01
3.800000e-06	5.512760e-06	1.246177e-09	3.830556e+01	8.439611e+01
3.810000e-06	5.508505e-06	1.279380e-09	3.827599e+01	8.433128e+01
3.820000e-06	5.503975e-06	1.350001e-09	3.824452e+01	8.426842e+01
3.830000e-06	5.499088e-06	1.323029e-09	3.821056e+01	8.420766e+01
3.840000e-06	5.493685e-06	1.261496e-09	3.817301e+01	8.414902e+01
3.850000e-06	5.487814e-06	1.268538e-09	3.813222e+01	8.409249e+01
3.860000e-06	5.481577e-06	1.378950e-09	3.808888e+01	8.403797e+01
3.870000e-06	5.474921e-06	1.346305e-09	3.804263e+01	8.398527e+01
3.880000e-06	5.467712e-06	1.223682e-09	3.799254e+01	8.393416e+01
3.890000e-06	5.460000e-06	1.233432e-09	3.793896e+01	8.388431e+01
3.900000e-06	5.451937e-06	1.351855e-09	3.788293e+01	8.383536e+01
3.910000e-06	5.443517e-06	1.343856e-09	3.782442e+01	8.378687e+01
3.920000e-06	5.434819e-06	1.212820e-09	3.776398e+01	8.373836e+01
3.930000e-06	5.425792e-06	1.235767e-09	3.770126e+01	8.368930e+01
3.940000e-06	5.416362e-06	1.326453e-09	3.763574e+01	8.363916e+01
3.950000e-06	5.406512e-06	1.308167e-09	3.756729e+01	8.358735e+01
3.960000e-06	5.396263e-06	1.213247e-09	3.749608e+01	8.353330e+01
3.970000e-06	5.385648e-06	1.257381e-09	3.742232e+01	8.347643e+01
3.980000e-06	5.374661e-06	1.309339e-09	3.734597e+01	8.341620e+01
3.990000e-06	5.363354e-06	1.275382e-09	3.726741e+01	8.335207e+01
4.000000e-06	5.351687e-06	1.240317e-09	3.718634e+01	8.328355e+01
4.010000e-06	5.339514e-06	1.300107e-09	3.710176e+01	8.321019e+01
4.020000e-06	5.326836e-06	1.327784e-09	3.701366e+01	8.313163e+01
4.030000e-06	5.313714e-06	1.289205e-09	3.692249e+01	8.304753e+01
4.040000e-06	5.300122e-06	1.266141e-09	3.682804e+01	8.295768e+01
4.050000e-06	5.286044e-06	1.306425e-09	3.673022e+01	8.286191e+01
4.060000e-06	5.271464e-06	1.333877e-09	3.662891e+01	8.276016e+01
4.070000e-06	5.256278e-06	1.294052e-09	3.652339e+01	8.265245e+01
4.080000e-06	5.240547e-06	1.256666e-09	3.641408e+01	8.253889e+01
4.090000e-06	5.224562e-06	1.295610e-09	3.630301e+01	8.241970e+01
4.100000e-06	5.208306e-06	1.339937e-09	3.619005e+01	8.229516e+01
4.110000e-06	5.191738e-06	1.278268e-09	3.607493e+01	8.216566e+01
4.120000e-06	5.174862e-06	1.245424e-09	3.595766e+01	8.203165e+01
4.130000e-06	5.157579e-06	1.314223e-09	3.583757e+01	8.189366e+01
4.140000e-06	5.139854e-06	1.325750e-09	3.571441e+01	8.175227e+01
4.150000e-06	5.121760e-06	1.234417e-09	3.558868e+01	8.160813e+01
4.160000e-06	5.103342e-06	1.263590e-09	3.546071e+01	8.146191e+01
4.170000e-06	5.084637e-06	1.328981e-09	3.533074e+01	8.131432e+01
4.180000e-06	5.065660e-06	1.264507e-09	3.519887e+01	8.116607e+01
4.190000e-06	5.046317e-06	1.220434e-09	3.506447e+01	8.101790e+01
4.200000e-06	5.026634e-06	1.309757e-09	3.492770e+01	8.087049e+01
4.210000e-06	5.006705e-06	1.295782e-09	3.478922e+01	8.072452e+01
4.220000e-06	4.986554e-06	1.223288e-09	3.464920e+01	8.058062e+01
4.230000e-06	4.966126e-06	1.268742e-09	3.450726e+01	8.043939e+01
4.240000e-06	4.945374e-06	1.302086e-09	3.436306e+01	8.030131e+01
4.250000e-06	4.924199e-06	1.226531e-09	3.421593e+01	8.016684e+01
4.260000e-06	4.902455e-06	1.239885e-09	3.406484e+01	8.003632e+01
4.270000e-06	4.880089e-06	1.287946e-09	3.390943e+01	7.991000e+01
4.280000e-06	4.857204e-06	1.236774e-09	3.375041e+01	7.978803e+01
4.290000e-06	4.833864e-06	1.215881e-09	3.358823e+01	7.967046e+01
4.300000e-06	4.810142e-06	1.275412e-09	3.342340e+01	7.955723e+01
4.310000e-06	4.786139e-06	1.257504e-09	3.325661e+01	7.944818e+01
4.320000e-06	4.761912e-06	1.216923e-09	3.308827e+01	7.934302e+01
4.330000e-06	4.737486e-06	1.247340e-09	3.291855e+01	7.924137e+01
4.340000e-06	4.712817e-06	1.259806e-09	3.274714e+01	7.914278e+01
4.350000e-06	4.687801e-06	1.235009e-09	3.257331e+01	7.904666e+01
4.360000e-06	4.662452e-06	1.241997e-09	3.239717e+01	7.895238e+01
4.370000e-06	4.636818e-06	1.251613e-09	3.221905e+01	7.885923e+01
4.380000e-06	4.610800e-06	1.240357e-09	3.203827e+01	7.876642e+01
4.390000e-06	4.584383e-06	1.236317e-09	3.185471e+01	7.867315e+01
4.400000e-06	4.557676e-06	1.236060e-09	3.166913e+01	7.857857e+01
4.410000e-06	4.530722e-06	1.240949e-09	3.148184e+01	7.848181e+01
4.420000e-06	4.503386e-06	1.239491e-09	3.129190e+01	7.838202e+01
4.430000e-06	4.475697e-06	1.226179e-09	3.109950e+01	7.827835e+01
4.440000e-06	4.447836e-06	1.221050e-09	3.090591e+01	7.816997e+01
4.450000e-06	4.419779e-06	1.231009e-09	3.071095e+01	7.805610e+01
4.460000e-06	4.391513e-06	1.217890e-09	3.051454e+01	7.793604e+01
4.470000e-06	4.363045e-06	1.209270e-09	3.031674e+01	7.780911e+01
4.480000e-06	4.334277e-06	1.213103e-09	3.011684e+01	7.767475e+01
4.490000e-06	4.305089e-06	1.207568e-09	2.991402e+01	7.753248e+01
4.500000e-06	4.275415e-06	1.195281e-09	2.970783e+01	7.738189e+01
4.510000e-06	4.245251e-06	1.204506e-09	2.949824e+01	7.722272e+01
4.520000e-06	4.214522e-06	1.206012e-09	2.928472e+01	7.705478e+01
4.530000e-06	4.183227e-06	1.196046e-09	2.906726e+01	7.687800e+01
4.540000e-06	4.151553e-06	1.193303e-09	2.884718e+01	7.669242e+01
4.550000e-06	4.119706e-06	1.200082e-09	2.862588e+01	7.649819e+01
4.560000e-06	4.087716e-06	1.192772e-09	2.840360e+01	7.629555e+01
4.570000e-06	4.055570e-06	1.181257e-09	2.818024e+01	7.608485e+01
4.580000e-06	4.023257e-06	1.176614e-09	2.795571e+01	7.586654e+01
4.590000e-06	3.990740e-06	1.177921e-09	2.772976e+01	7.564112e+01
4.600000e-06	3.957959e-06	1.174472e-09	2.750198e+01	7.540919e+01
4.610000e-06	3.924889e-06	1.175829e-09	2.727219e+01	7.517141e+01
4.620000e-06	3.891481e-06	1.180770e-09	2.704006e+01	7.492845e+01
4.630000e-06	3.857771e-06	1.176618e-09	2.680582e+01	7.468106e+01
4.640000e-06	3.823858e-06	1.166226e-09	2.657018e+01	7.442999e+01
4.650000e-06	3.789677e-06	1.161071e-09	2.633267e+01	7.417599e+01
4.660000e-06	3.755255e-06	1.156784e-09	2.609349e+01	7.391981e+01
4.670000e-06	3.720634e-06	1.147411e-09	2.585292e+01	7.366218e+01
4.680000e-06	3.685682e-06	1.146746e-09	2.561006e+01	7.340379e+01
4.690000e-06	3.650309e-06	1.149237e-09	2.536427e+01	7.314530e+01
4.700000e-06	3.614729e-06	1.149227e-09	2.511704e+01	7.288730e+01
4.710000e-06	3.579045e-06	1.147557e-09	2.486909e+01	7.263031e+01
4.720000e-06	3.543139e-06	1.146978e-09	2.461959e+01	7.237480e+01
4.730000e-06	3.507058e-06	1.141335e-09	2.436889e+01	7.212114e+01
4.740000e-06	3.470852e-06	1.135099e-09	2.411731e+01	7.186961e+01
4.750000e-06	3.434540e-06	1.130652e-09	2.386499e+01	7.162041e+01
4.760000e-06	3.398111e-06	1.132018e-09	2.361186e+01	7.137365e+01
4.770000e-06	3.361402e-06	1.131976e-09	2.335679e+01	7.112934e+01
4.780000e-06	3.324314e-06	1.130838e-09	2.309908e+01	7.088743e+01
4.790000e-06	3.286872e-06	1.130196e-09	2.283892e+01	7.064773e+01
4.800000e-06	3.249120e-06	1.132023e-09	2.257660e+01	7.041003e+01
4.810000e-06	3.210968e-06	1.131018e-09	2.231149e+01	7.017399e+01
4.820000e-06	3.172363e-06	1.129457e-09	2.204325e+01	6.993924e+01
4.830000e-06	3.133385e-06	1.125431e-09	2.177241e+01	6.970533e+01
4.840000e-06	3.094004e-06	1.120069e-09	2.149877e+01	6.947177e+01
4.850000e-06	3.054294e-06	1.115603e-09	2.122284e+01	6.923803e+01
4.860000e-06	3.014396e-06	1.114730e-09	2.094561e+01	6.900353e+01
4.870000e-06	2.974397e-06	1.113396e-09	2.066767e+01	6.876768e+01
4.880000e-06	2.934305e-06	1.109679e-09	2.038909e+01	6.852989e+01
4.890000e-06	2.894111e-06	1.103251e-09	2.010981e+01	6.828956e+01
4.900000e-06	2.853853e-06	1.097434e-09	1.983007e+01	6.804609e+01
4.910000e-06	2.813490e-06	1.092240e-09	1.954961e+01	6.779891e+01
4.920000e-06	2.773051e-06	1.088109e-09	1.926862e+01	6.754747e+01
4.930000e-06	2.732452e-06	1.086306e-09	1.898652e+01	6.729124e+01
4.940000e-06	2.691556e-06	1.085394e-09	1.870235e+01	6.702975e+01
4.950000e-06	2.650373e-06	1.082866e-09	1.841619e+01	6.676255e+01
4.960000e-06	2.608984e-06	1.079253e-09	1.812860e+01	6.648926e+01
4.970000e-06	2.567429e-06	1.077355e-09	1.783985e+01	6.620953e+01
4.980000e-06	2.525752e-06	1.071428e-09	1.755025e+01	6.592305e+01
4.990000e-06	2.483956e-06	1.061561e-09	1.725983e+01	6.562958e+01
5.000000e-06	2.442003e-06	1.053905e-09	1.696832e+01	6.532892e+01
5.010000e-06	2.399879e-06	1.051580e-09	1.667562e+01	6.502091e+01
5.020000e-06	2.357548e-06	1.047816e-09	1.638149e+01	6.470541e+01
5.030000e-06	2.315058e-06	1.043567e-09	1.608624e+01	6.438236e+01
5.040000e-06	2.272409e-06	1.038644e-09	1.578989e+01	6.405168e+01
5.050000e-06	2.229571e-06	1.030888e-09	1.549223e+01	6.371335e+01
5.060000e-06	2.186524e-06	1.022369e-09	1.519312e+01	6.336733e+01
5.070000e-06	2.143326e-06	1.016190e-09	1.489295e+01	6.301362e+01
5.080000e-06	2.100043e-06	1.006360e-09	1.459221e+01	6.265219e+01
5.090000e-06	2.056596e-06	9.959895e-10	1.429031e+01	6.228302e+01
5.100000e-06	2.012934e-06	9.919541e-10	1.398692e+01	6.190608e+01
5.110000e-06	1.969145e-06	9.911716e-10	1.368266e+01	6.152128e+01
5.120000e-06	1.925230e-06	9.878216e-10	1.337751e+01	6.112855e+01
5.130000e-06	1.881208e-06	9.844014e-10	1.307162e+01	6.072773e+01
5.140000e-06	1.837118e-06	9.799946e-10	1.276526e+01	6.031866e+01
5.150000e-06	1.792992e-06	9.721194e-10	1.245865e+01	5.990111e+01
5.160000e-06	1.748823e-06	9.652886e-10	1.215175e+01	5.947479e+01
5.170000e-06	1.704585e-06	9.603551e-10	1.184435e+01	5.903939e+01
5.180000e-06	1.660326e-06	9.530971e-10	1.153682e+01	5.859449e+01
5.190000e-06	1.616013e-06	9.431939e-10	1.122891e+01	5.813966e+01
5.200000e-06	1.571614e-06	9.347038e-10	1.092040e+01	5.767437e+01
5.210000e-06	1.527146e-06	9.274352e-10	1.061142e+01	5.719805e+01
5.220000e-06	1.482651e-06	9.215232e-10	1.030224e+01	5.671008e+01
5.230000e-06	1.438069e-06	9.162437e-10	9.992457e+00	5.620976e+01
5.240000e-06	1.393312e-06	9.097779e-10	9.681466e+00	5.569635e+01
5.250000e-06	1.348415e-06	9.026557e-10	9.369498e+00	5.516906e+01
5.260000e-06	1.303365e-06	8.947603e-10	9.056468e+00	5.462707e+01
5.270000e-06	1.258154e-06	8.855400e-10	8.742317e+00	5.406949e+01
5.280000e-06	1.212828e-06	8.761415e-10	8.427369e+00	5.349541e+01
5.290000e-06	1.167447e-06	8.701444e-10	8.112034e+00	5.290391e+01
5.300000e-06	1.121903e-06	8.651956e-10	7.795574e+00	5.229401e+01
5.310000e-06	1.076162e-06	8.605060e-10	7.477743e+00	5.166475e+01
5.320000e-06	1.030430e-06	8.550299e-10	7.159967e+00	5.101514e+01
5.330000e-06	9.846652e-07	8.473721e-10	6.841972e+00	5.034419e+01
5.340000e-06	9.387961e-07	8.372815e-10	6.523250e+00	4.965090e+01
5.350000e-06	8.928804e-07	8.247481e-10	6.204203e+00	4.893431e+01
5.360000e-06	8.468957e-07	8.108154e-10	5.884677e+00	4.819344e+01
5.370000e-06	8.008085e-07	7.984982e-10	5.564439e+00	4.742734e+01
5.380000e-06	7.545806e-07	7.904029e-10	5.243224e+00	4.663510e+01
5.390000e-06	7.082906e-07	7.828707e-10	4.921576e+00	4.581582e+01
5.400000e-06	6.619680e-07	7.727498e-10	4.599702e+00	4.496864e+01
5.410000e-06	6.156425e-07	7.598096e-10	4.277808e+00	4.409274e+01
5.420000e-06	5.693163e-07	7.455619e-10	3.955909e+00	4.318734e+01
5.430000e-06	5.228963e-07	7.286862e-10	3.633359e+00	4.225171e+01
5.440000e-06	4.764156e-07	7.111609e-10	3.310387e+00	4.128515e+01
5.450000e-06	4.299180e-07	6.958272e-10	2.987297e+00	4.028705e+01
5.460000e-06	3.833500e-07	6.823352e-10	2.663718e+00	3.925682e+01
5.470000e-06	3.367015e-07	6.679332e-10	2.339579e+00	3.819395e+01
5.480000e-06	2.900749e-07	6.526521e-10	2.015593e+00	3.709798e+01
5.490000e-06	2.434515e-07	6.363637e-10	1.691629e+00	3.596853e+01
5.500000e-06	1.968076e-07	6.185548e-10	1.367523e+00	3.480527e+01
5.510000e-06	1.501530e-07	5.996556e-10	1.043342e+00	3.360797e+01
5.520000e-06	1.035366e-07	5.807169e-10	7.194271e-01	3.237644e+01
5.530000e-06	5.698580e-08	5.595443e-10	3.959673e-01	3.111060e+01
5.540000e-06	1.043119e-08	5.383294e-10	7.248138e-02	2.981043e+01
5.550000e-06	-3.615473e-08	5.169221e-10	-2.512221e-01	2.847601e+01
5.560000e-06	-8.271445e-08	4.940245e-10	-5.747436e-01	2.710750e+01
5.570000e-06	-1.291741e-07	4.695110e-10	-8.975696e-01	2.570516e+01
5.580000e-06	-1.756287e-07	4.449014e-10	-1.220361e+00	2.426935e+01
5.590000e-06	-2.221547e-07	4.232043e-10	-1.543648e+00	2.280052e+01
5.600000e-06	-2.686695e-07	4.007288e-10	-1.866857e+00	2.129922e+01
5.610000e-06	-3.151753e-07	3.776980e-10	-2.190004e+00	1.976611e+01
5.620000e-06	-3.616778e-07	3.497498e-10	-2.513127e+00	1.820198e+01
5.630000e-06	-4.081374e-07	3.199437e-10	-2.835953e+00	1.660771e+01
5.640000e-06	-4.545821e-07	2.906856e-10	-3.158676e+00	1.498428e+01
5.650000e-06	-5.009488e-07	2.607610e-10	-3.480856e+00	1.333282e+01
5.660000e-06	-5.471950e-07	2.320161e-10	-3.802199e+00	1.165455e+01
5.670000e-06	-5.935675e-07	2.050343e-10	-4.124420e+00	9.950806e+00
5.680000e-06	-6.399882e-07	1.772371e-10	-4.446975e+00	8.223044e+00
5.690000e-06	-6.861909e-07	1.475284e-10	-4.768016e+00	6.472830e+00
5.700000e-06	-7.323233e-07	1.152120e-10	-5.088568e+00	4.701837e+00
5.710000e-06	-7.784594e-07	8.075685e-11	-5.409146e+00	2.911844e+00
5.720000e-06	-8.244446e-07	4.695834e-11	-5.728675e+00	1.104728e+00
5.730000e-06	-8.704002e-07	1.474290e-11	-6.047999e+00	-7.175391e-01
5.740000e-06	-9.163208e-07	-1.506284e-11	-6.367079e+00	-2.552900e+00
5.750000e-06	-9.621272e-07	-4.473696e-11	-6.685366e+00	-4.399219e+00
5.760000e-06	-1.007876e-06	-7.430092e-11	-7.003256e+00	-6.254291e+00
5.770000e-06	-1.053458e-06	-1.064124e-10	-7.319978e+00	-8.115849e+00
5.780000e-06	-1.098934e-06	-1.416519e-10	-7.635971e+00	-9.981581e+00
5.790000e-06	-1.144457e-06	-1.758932e-10	-7.952288e+00	-1.184914e+01
5.800000e-06	-1.189966e-06	-2.089362e-10	-8.268511e+00	-1.371614e+01
5.810000e-06	-1.235285e-06	-2.408718e-10	-8.583413e+00	-1.558020e+01
5.820000e-06	-1.280323e-06	-2.708682e-10	-8.896355e+00	-1.743893e+01
5.830000e-06	-1.325204e-06	-3.007445e-10	-9.208216e+00	-1.928996e+01
5.840000e-06	-1.370039e-06	-3.308999e-10	-9.519750e+00	-2.113094e+01
5.850000e-06	-1.414741e-06	-3.619855e-10	-9.830363e+00	-2.295956e+01
5.860000e-06	-1.459297e-06	-3.940667e-10	-1.013996e+01	-2.477358e+01
5.870000e-06	-1.503819e-06	-4.260320e-10	-1.044932e+01	-2.657080e+01
5.880000e-06	-1.548308e-06	-4.573060e-10	-1.075846e+01	-2.834911e+01
5.890000e-06	-1.592731e-06	-4.863737e-10	-1.106714e+01	-3.010650e+01
5.900000e-06	-1.637109e-06	-5.127728e-10	-1.137550e+01	-3.184105e+01
5.910000e-06	-1.681403e-06	-5.401720e-10	-1.168327e+01	-3.355094e+01
5.920000e-06	-1.725604e-06	-5.685127e-10	-1.199040e+01	-3.523449e+01
5.930000e-06	-1.769724e-06	-5.961515e-10	-1.229698e+01	-3.689013e+01
5.940000e-06	-1.813771e-06	-6.228471e-10	-1.260303e+01	-3.851642e+01
5.950000e-06	-1.857719e-06	-6.487287e-10	-1.290841e+01	-4.011207e+01
5.960000e-06	-1.901554e-06	-6.743744e-10	-1.321300e+01	-4.167592e+01
5.970000e-06	-1.945350e-06	-7.007329e-10	-1.351732e+01	-4.320695e+01
5.980000e-06	-1.989119e-06	-7.283306e-10	-1.382144e+01	-4.470429e+01
5.990000e-06	-2.032783e-06	-7.563144e-10	-1.412485e+01	-4.616721e+01
6.000000e-06	-2.076282e-06	-7.832826e-10	-1.442710e+01	-4.759511e+01
6.010000e-06	-2.119680e-06	-8.069572e-10	-1.472865e+01	-4.898754e+01
6.020000e-06	-2.162924e-06	-8.272656e-10	-1.502913e+01	-5.034419e+01
6.030000e-06	-2.205908e-06	-8.439691e-10	-1.532781e+01	-5.166485e+01
6.040000e-06	-2.248726e-06	-8.599347e-10	-1.562533e+01	-5.294945e+01
6.050000e-06	-2.291322e-06	-8.772317e-10	-1.592131e+01	-5.419804e+01
6.060000e-06	-2.333738e-06	-8.956497e-10	-1.621604e+01	-5.541075e+01
6.070000e-06	-2.376022e-06	-9.174256e-10	-1.650985e+01	-5.658784e+01
6.080000e-06	-2.418135e-06	-9.399377e-10	-1.680247e+01	-5.772963e+01
6.090000e-06	-2.460078e-06	-9.623192e-10	-1.709392e+01	-5.883653e+01
6.100000e-06	-2.501905e-06	-9.825322e-10	-1.738455e+01	-5.990902e+01
6.110000e-06	-2.543591e-06	-9.979213e-10	-1.767421e+01	-6.094764e+01
6.120000e-06	-2.585083e-06	-1.010145e-09	-1.796252e+01	-6.195298e+01
6.130000e-06	-2.626398e-06	-1.022015e-09	-1.824960e+01	-6.292568e+01
6.140000e-06	-2.667543e-06	-1.039452e-09	-1.853549e+01	-6.386639e+01
6.150000e-06	-2.708514e-06	-1.058985e-09	-1.882018e+01	-6.477581e+01
6.160000e-06	-2.749246e-06	-1.078733e-09	-1.910321e+01	-6.565465e+01
6.170000e-06	-2.789780e-06	-1.097357e-09	-1.938486e+01	-6.650362e+01
6.180000e-06	-2.830207e-06	-1.112989e-09	-1.966577e+01	-6.732344e+01
6.190000e-06	-2.870547e-06	-1.123112e-09	-1.994607e+01	-6.811485e+01
6.200000e-06	-2.910714e-06	-1.129586e-09	-2.022517e+01	-6.887856e+01
6.210000e-06	-2.950718e-06	-1.138382e-09	-2.050314e+01	-6.961527e+01
6.220000e-06	-2.990589e-06	-1.148893e-09	-2.078019e+01	-7.032569e+01
6.230000e-06	-3.030297e-06	-1.159487e-09	-2.105610e+01	-7.101050e+01
6.240000e-06	-3.069814e-06	-1.171769e-09	-2.133068e+01	-7.167037e+01
6.250000e-06	-3.109075e-06	-1.188297e-09	-2.160349e+01	-7.230595e+01
6.260000e-06	-3.147957e-06	-1.202435e-09	-2.187366e+01	-7.291789e+01
6.270000e-06	-3.186495e-06	-1.212236e-09	-2.214144e+01	-7.350681e+01
6.280000e-06	-3.224699e-06	-1.218593e-09	-2.240691e+01	-7.407333e+01
6.290000e-06	-3.262522e-06	-1.225654e-09	-2.266972e+01	-7.461805e+01
6.300000e-06	-3.299966e-06	-1.235614e-09	-2.292990e+01	-7.514157e+01
6.310000e-06	-3.336991e-06	-1.245240e-09	-2.318717e+01	-7.564447e+01
6.320000e-06	-3.373688e-06	-1.256675e-09	-2.344216e+01	-7.612734e+01
6.330000e-06	-3.410168e-06	-1.268867e-09	-2.369565e+01	-7.659077e+01
6.340000e-06	-3.446484e-06	-1.279598e-09	-2.394799e+01	-7.703534e+01
6.350000e-06	-3.482661e-06	-1.284998e-09	-2.419936e+01	-7.746164e+01
6.360000e-06	-3.518708e-06	-1.284116e-09	-2.444984e+01	-7.787028e+01
6.370000e-06	-3.554613e-06	-1.284904e-09	-2.469932e+01	-7.826185e+01
6.380000e-06	-3.590319e-06	-1.291157e-09	-2.494743e+01	-7.863696e+01
6.390000e-06	-3.625771e-06	-1.302507e-09	-2.519377e+01	-7.899625e+01
6.400000e-06	-3.660969e-06	-1.315988e-09	-2.543834e+01	-7.934035e+01
6.410000e-06	-3.695837e-06	-1.327694e-09	-2.568062e+01	-7.966989e+01
6.420000e-06	-3.730377e-06	-1.336782e-09	-2.592062e+01	-7.998554e+01
6.430000e-06	-3.764742e-06	-1.339082e-09	-2.615941e+01	-8.028795e+01
6.440000e-06	-3.798945e-06	-1.334734e-09	-2.639707e+01	-8.057780e+01
6.450000e-06	-3.832873e-06	-1.331594e-09	-2.663282e+01	-8.085575e+01
6.460000e-06	-3.866534e-06	-1.335699e-09	-2.686671e+01	-8.112249e+01
6.470000e-06	-3.899954e-06	-1.343957e-09	-2.709893e+01	-8.137868e+01
6.480000e-06	-3.933069e-06	-1.354125e-09	-2.732903e+01	-8.162498e+01
6.490000e-06	-3.965843e-06	-1.364515e-09	-2.755676e+01	-8.186206e+01
6.500000e-06	-3.998351e-06	-1.369681e-09	-2.778265e+01	-8.209056e+01
6.510000e-06	-4.030669e-06	-1.370965e-09	-2.800721e+01	-8.231109e+01
6.520000e-06	-4.062793e-06	-1.370888e-09	-2.823042e+01	-8.252426e+01
6.530000e-06	-4.094699e-06	-1.371818e-09	-2.845213e+01	-8.273063e+01
6.540000e-06	-4.126325e-06	-1.373303e-09	-2.867188e+01	-8.293074e+01
6.550000e-06	-4.157669e-06	-1.374800e-09	-2.888968e+01	-8.312509e+01
6.560000e-06	-4.188639e-06	-1.378930e-09	-2.910487e+01	-8.331412e+01
6.570000e-06	-4.219131e-06	-1.384416e-09	-2.931675e+01	-8.349826e+01
6.580000e-06	-4.249186e-06	-1.388865e-09	-2.952558e+01	-8.367786e+01
6.590000e-06	-4.278794e-06	-1.391612e-09	-2.973131e+01	-8.385323e+01
6.600000e-06	-4.307957e-06	-1.394850e-09	-2.993395e+01	-8.402462e+01
6.610000e-06	-4.336709e-06	-1.397279e-09	-3.013374e+01	-8.419223e+01
6.620000e-06	-4.365108e-06	-1.395457e-09	-3.033107e+01	-8.435620e+01
6.630000e-06	-4.393295e-06	-1.394081e-09	-3.052693e+01	-8.451661e+01
6.640000e-06	-4.421320e-06	-1.395572e-09	-3.072166e+01	-8.467347e+01
6.650000e-06	-4.449125e-06	-1.397971e-09	-3.091486e+01	-8.482678e+01
6.660000e-06	-4.476648e-06	-1.401835e-09	-3.110610e+01	-8.497643e+01
6.670000e-06	-4.503873e-06	-1.405547e-09	-3.129528e+01	-8.512230e+01
6.680000e-06	-4.530778e-06	-1.406744e-09	-3.148223e+01	-8.526420e+01
6.690000e-06	-4.557314e-06	-1.407508e-09	-3.166661e+01	-8.540192e+01
6.700000e-06	-4.583546e-06	-1.405964e-09	-3.184889e+01	-8.553520e+01
6.710000e-06	-4.609467e-06	-1.401661e-09	-3.202900e+01	-8.566374e+01
6.720000e-06	-4.635050e-06	-1.398750e-09	-3.220676e+01	-8.578723e+01
6.730000e-06	-4.660329e-06	-1.398723e-09	-3.238242e+01	-8.590534e+01
6.740000e-06	-4.685244e-06	-1.402218e-09	-3.255554e+01	-8.601773e+01
6.750000e-06	-4.709854e-06	-1.407477e-09	-3.272654e+01	-8.612406e+01
6.760000e-06	-4.734251e-06	-1.410930e-09	-3.289607e+01	-8.622397e+01
6.770000e-06	-4.758440e-06	-1.411453e-09	-3.306415e+01	-8.631716e+01
6.780000e-06	-4.782402e-06	-1.412165e-09	-3.323065e+01	-8.640329e+01
6.790000e-06	-4.806048e-06	-1.413487e-09	-3.339495e+01	-8.648210e+01
6.800000e-06	-4.829267e-06	-1.414632e-09	-3.355629e+01	-8.655333e+01
6.810000e-06	-4.852012e-06	-1.415455e-09	-3.371433e+01	-8.661678e+01
6.820000e-06	-4.874269e-06	-1.413378e-09	-3.386898e+01	-8.667227e+01
6.830000e-06	-4.896008e-06	-1.408651e-09	-3.402004e+01	-8.671969e+01
6.840000e-06	-4.917282e-06	-1.405596e-09	-3.416786e+01	-8.675899e+01
6.850000e-06	-4.938150e-06	-1.405145e-09	-3.431286e+01	-8.679016e+01
6.860000e-06	-4.958702e-06	-1.404835e-09	-3.445567e+01	-8.681326e+01
6.870000e-06	-4.979000e-06	-1.402190e-09	-3.459671e+01	-8.682842e+01
6.880000e-06	-4.999044e-06	-1.400444e-09	-3.473599e+01	-8.683582e+01
6.890000e-06	-5.018807e-06	-1.402345e-09	-3.487331e+01	-8.683571e+01
6.900000e-06	-5.038166e-06	-1.402351e-09	-3.500783e+01	-8.682840e+01
6.910000e-06	-5.057158e-06	-1.400272e-09	-3.513980e+01	-8.681425e+01
6.920000e-06	-5.075815e-06	-1.399805e-09	-3.526944e+01	-8.679368e+01
6.930000e-06	-5.094119e-06	-1.398686e-09	-3.539662e+01	-8.676718e+01
6.940000e-06	-5.112084e-06	-1.396667e-09	-3.552145e+01	-8.673525e+01
6.950000e-06	-5.129770e-06	-1.395556e-09	-3.564434e+01	-8.669845e+01
6.960000e-06	-5.147131e-06	-1.392517e-09	-3.576498e+01	-8.665737e+01
6.970000e-06	-5.164084e-06	-1.389147e-09	-3.588277e+01	-8.661261e+01
6.980000e-06	-5.180716e-06	-1.387798e-09	-3.599834e+01	-8.656480e+01
6.990000e-06	-5.197147e-06	-1.387993e-09	-3.611251e+01	-8.651457e+01
7.000000e-06	-5.213321e-06	-1.388515e-09	-3.622490e+01	-8.646256e+01
7.010000e-06	-5.229176e-06	-1.388018e-09	-3.633507e+01	-8.640937e+01
7.020000e-06	-5.244587e-06	-1.385958e-09	-3.644215e+01	-8.635562e+01
7.030000e-06	-5.259445e-06	-1.382302e-09	-3.654539e+01	-8.630188e+01
7.040000e-06	-5.273773e-06	-1.380666e-09	-3.664495e+01	-8.624867e+01
7.050000e-06	-5.287488e-06	-1.381708e-09	-3.674025e+01	-8.619650e+01
7.060000e-06	-5.300617e-06	-1.383044e-09	-3.683148e+01	-8.614581e+01
7.070000e-06	-5.313332e-06	-1.384993e-09	-3.691983e+01	-8.609699e+01
7.080000e-06	-5.325721e-06	-1.387852e-09	-3.700591e+01	-8.605035e+01
7.090000e-06	-5.337636e-06	-1.389085e-09	-3.708871e+01	-8.600616e+01
7.100000e-06	-5.349138e-06	-1.387907e-09	-3.716863e+01	-8.596462e+01
7.110000e-06	-5.360345e-06	-1.384970e-09	-3.724650e+01	-8.592583e+01
7.120000e-06	-5.371131e-06	-1.378729e-09	-3.732145e+01	-8.588986e+01
7.130000e-06	-5.381520e-06	-1.373023e-09	-3.739363e+01	-8.585668e+01
7.140000e-06	-5.391563e-06	-1.371115e-09	-3.746341e+01	-8.582619e+01
7.150000e-06	-5.401273e-06	-1.371041e-09	-3.753089e+01	-8.579825e+01
7.160000e-06	-5.410673e-06	-1.370949e-09	-3.759621e+01	-8.577263e+01
7.170000e-06	-5.419710e-06	-1.368102e-09	-3.765900e+01	-8.574906e+01
7.180000e-06	-5.428373e-06	-1.363749e-09	-3.771919e+01	-8.572722e+01
7.190000e-06	-5.436702e-06	-1.359849e-09	-3.777706e+01	-8.570673e+01
7.200000e-06	-5.444795e-06	-1.357063e-09	-3.783330e+01	-8.568719e+01
7.210000e-06	-5.452659e-06	-1.355502e-09	-3.788794e+01	-8.566818e+01
7.220000e-06	-5.460092e-06	-1.353972e-09	-3.793959e+01	-8.564925e+01
7.230000e-06	-5.467000e-06	-1.352287e-09	-3.798759e+01	-8.562994e+01
7.240000e-06	-5.473378e-06	-1.350497e-09	-3.803191e+01	-8.560980e+01
7.250000e-06	-5.479183e-06	-1.347221e-09	-3.807225e+01	-8.558838e+01
7.260000e-06	-5.484414e-06	-1.342615e-09	-3.810859e+01	-8.556526e+01
7.270000e-06	-5.489178e-06	-1.338179e-09	-3.814170e+01	-8.554005e+01
7.280000e-06	-5.493639e-06	-1.334196e-09	-3.817269e+01	-8.551239e+01
7.290000e-06	-5.497824e-06	-1.330670e-09	-3.820177e+01	-8.548195e+01
7.300000e-06	-5.501729e-06	-1.329831e-09	-3.822891e+01	-8.544848e+01
7.310000e-06	-5.505282e-06	-1.329556e-09	-3.825359e+01	-8.541177e+01
7.320000e-06	-5.508431e-06	-1.326322e-09	-3.827548e+01	-8.537166e+01
7.330000e-06	-5.511219e-06	-1.322534e-09	-3.829485e+01	-8.532808e+01
7.340000e-06	-5.513707e-06	-1.319040e-09	-3.831214e+01	-8.528100e+01
7.350000e-06	-5.515854e-06	-1.315968e-09	-3.832706e+01	-8.523046e+01
7.360000e-06	-5.517552e-06	-1.312965e-09	-3.833885e+01	-8.517657e+01
7.370000e-06	-5.518834e-06	-1.311856e-09	-3.834776e+01	-8.511950e+01
7.380000e-06	-5.519838e-06	-1.312487e-09	-3.835474e+01	-8.505947e+01
7.390000e-06	-5.520556e-06	-1.311286e-09	-3.835973e+01	-8.499676e+01
7.400000e-06	-5.520995e-06	-1.308233e-09	-3.836278e+01	-8.493171e+01
