# Temperatura_=_11.5
# Concentracion g/m^3_=_1620.0
# C_Vs_to_Am_M_A/Vsm_=_65563218390.804596
# pendiente_HvsI_1/m_=_3716.3
# ordenada_HvsI_A/m_=_1297.0
# frecuencia_Hz_=_135095.80128455098

Tiempo_(s)	Campo_(V.s)	Magnetizacion_(V.s)	Campo_(kA/m)	Magnetizacion_(A/m)
0.000000e+00	-5.533984e-06	-1.652880e-09	-3.836882e+01	-1.080010e+02
1.000000e-08	-5.534200e-06	-1.648410e-09	-3.837031e+01	-1.079556e+02
2.000000e-08	-5.534253e-06	-1.644155e-09	-3.837068e+01	-1.079121e+02
3.000000e-08	-5.534069e-06	-1.642770e-09	-3.836940e+01	-1.078705e+02
4.000000e-08	-5.533404e-06	-1.643012e-09	-3.836479e+01	-1.078309e+02
5.000000e-08	-5.532028e-06	-1.641007e-09	-3.835525e+01	-1.077932e+02
6.000000e-08	-5.530071e-06	-1.629646e-09	-3.834168e+01	-1.077572e+02
7.000000e-08	-5.527487e-06	-1.602934e-09	-3.832377e+01	-1.077225e+02
8.000000e-08	-5.524319e-06	-1.606321e-09	-3.830180e+01	-1.076889e+02
9.000000e-08	-5.520732e-06	-1.716762e-09	-3.827693e+01	-1.076560e+02
1.000000e-07	-5.516704e-06	-1.802365e-09	-3.824901e+01	-1.076231e+02
1.100000e-07	-5.512339e-06	-1.679819e-09	-3.821874e+01	-1.075899e+02
1.200000e-07	-5.507833e-06	-1.495819e-09	-3.818750e+01	-1.075555e+02
1.300000e-07	-5.503154e-06	-1.541531e-09	-3.815506e+01	-1.075194e+02
1.400000e-07	-5.498037e-06	-1.709246e-09	-3.811958e+01	-1.074808e+02
1.500000e-07	-5.492400e-06	-1.693924e-09	-3.808050e+01	-1.074390e+02
1.600000e-07	-5.486459e-06	-1.535841e-09	-3.803931e+01	-1.073931e+02
1.700000e-07	-5.480256e-06	-1.582752e-09	-3.799630e+01	-1.073425e+02
1.800000e-07	-5.473561e-06	-1.729947e-09	-3.794988e+01	-1.072864e+02
1.900000e-07	-5.466403e-06	-1.725018e-09	-3.790026e+01	-1.072239e+02
2.000000e-07	-5.458980e-06	-1.545748e-09	-3.784879e+01	-1.071545e+02
2.100000e-07	-5.451334e-06	-1.534728e-09	-3.779578e+01	-1.070774e+02
2.200000e-07	-5.443389e-06	-1.650298e-09	-3.774069e+01	-1.069921e+02
2.300000e-07	-5.435186e-06	-1.708012e-09	-3.768381e+01	-1.068981e+02
2.400000e-07	-5.426680e-06	-1.623043e-09	-3.762484e+01	-1.067949e+02
2.500000e-07	-5.417556e-06	-1.585281e-09	-3.756158e+01	-1.066822e+02
2.600000e-07	-5.407517e-06	-1.631104e-09	-3.749198e+01	-1.065599e+02
2.700000e-07	-5.396748e-06	-1.641574e-09	-3.741732e+01	-1.064277e+02
2.800000e-07	-5.385516e-06	-1.591891e-09	-3.733944e+01	-1.062857e+02
2.900000e-07	-5.373892e-06	-1.582217e-09	-3.725884e+01	-1.061341e+02
3.000000e-07	-5.362015e-06	-1.643154e-09	-3.717650e+01	-1.059730e+02
3.100000e-07	-5.349832e-06	-1.634769e-09	-3.709203e+01	-1.058028e+02
3.200000e-07	-5.337198e-06	-1.588374e-09	-3.700443e+01	-1.056238e+02
3.300000e-07	-5.324020e-06	-1.567714e-09	-3.691307e+01	-1.054368e+02
3.400000e-07	-5.310459e-06	-1.633735e-09	-3.681905e+01	-1.052422e+02
3.500000e-07	-5.296643e-06	-1.613678e-09	-3.672326e+01	-1.050409e+02
3.600000e-07	-5.282347e-06	-1.572200e-09	-3.662414e+01	-1.048335e+02
3.700000e-07	-5.267567e-06	-1.585237e-09	-3.652166e+01	-1.046209e+02
3.800000e-07	-5.252418e-06	-1.638327e-09	-3.641663e+01	-1.044040e+02
3.900000e-07	-5.236661e-06	-1.569040e-09	-3.630738e+01	-1.041836e+02
4.000000e-07	-5.220288e-06	-1.549272e-09	-3.619386e+01	-1.039606e+02
4.100000e-07	-5.203624e-06	-1.617556e-09	-3.607833e+01	-1.037358e+02
4.200000e-07	-5.186640e-06	-1.606303e-09	-3.596057e+01	-1.035102e+02
4.300000e-07	-5.169260e-06	-1.510290e-09	-3.584007e+01	-1.032845e+02
4.400000e-07	-5.151679e-06	-1.571634e-09	-3.571818e+01	-1.030594e+02
4.500000e-07	-5.133852e-06	-1.640836e-09	-3.559457e+01	-1.028356e+02
4.600000e-07	-5.115444e-06	-1.548451e-09	-3.546695e+01	-1.026136e+02
4.700000e-07	-5.096469e-06	-1.504349e-09	-3.533539e+01	-1.023940e+02
4.800000e-07	-5.077153e-06	-1.598985e-09	-3.520146e+01	-1.021770e+02
4.900000e-07	-5.057607e-06	-1.575244e-09	-3.506595e+01	-1.019630e+02
5.000000e-07	-5.037940e-06	-1.502118e-09	-3.492959e+01	-1.017521e+02
5.100000e-07	-5.018166e-06	-1.561399e-09	-3.479249e+01	-1.015443e+02
5.200000e-07	-4.998089e-06	-1.573634e-09	-3.465329e+01	-1.013395e+02
5.300000e-07	-4.977581e-06	-1.489125e-09	-3.451110e+01	-1.011375e+02
5.400000e-07	-4.956675e-06	-1.529512e-09	-3.436616e+01	-1.009380e+02
5.500000e-07	-4.935418e-06	-1.593408e-09	-3.421877e+01	-1.007406e+02
5.600000e-07	-4.913840e-06	-1.502537e-09	-3.406917e+01	-1.005448e+02
5.700000e-07	-4.891909e-06	-1.472971e-09	-3.391711e+01	-1.003500e+02
5.800000e-07	-4.869725e-06	-1.551357e-09	-3.376330e+01	-1.001555e+02
5.900000e-07	-4.847163e-06	-1.531860e-09	-3.360687e+01	-9.996080e+01
6.000000e-07	-4.824125e-06	-1.476223e-09	-3.344715e+01	-9.976500e+01
6.100000e-07	-4.800740e-06	-1.528576e-09	-3.328501e+01	-9.956739e+01
6.200000e-07	-4.777161e-06	-1.530950e-09	-3.312153e+01	-9.936722e+01
6.300000e-07	-4.753485e-06	-1.478690e-09	-3.295738e+01	-9.916376e+01
6.400000e-07	-4.729657e-06	-1.492925e-09	-3.279217e+01	-9.895628e+01
6.500000e-07	-4.705437e-06	-1.515730e-09	-3.262424e+01	-9.874411e+01
6.600000e-07	-4.680672e-06	-1.473503e-09	-3.245254e+01	-9.852663e+01
6.700000e-07	-4.655444e-06	-1.480139e-09	-3.227763e+01	-9.830329e+01
6.800000e-07	-4.629663e-06	-1.500868e-09	-3.209888e+01	-9.807361e+01
6.900000e-07	-4.603219e-06	-1.476196e-09	-3.191554e+01	-9.783721e+01
7.000000e-07	-4.576226e-06	-1.460388e-09	-3.172838e+01	-9.759378e+01
7.100000e-07	-4.548886e-06	-1.480223e-09	-3.153883e+01	-9.734312e+01
7.200000e-07	-4.521328e-06	-1.459864e-09	-3.134776e+01	-9.708513e+01
7.300000e-07	-4.493666e-06	-1.445520e-09	-3.115597e+01	-9.681980e+01
7.400000e-07	-4.465882e-06	-1.459926e-09	-3.096334e+01	-9.654722e+01
7.500000e-07	-4.437867e-06	-1.456727e-09	-3.076909e+01	-9.626756e+01
7.600000e-07	-4.409598e-06	-1.435900e-09	-3.057310e+01	-9.598109e+01
7.700000e-07	-4.381028e-06	-1.440807e-09	-3.037502e+01	-9.568813e+01
7.800000e-07	-4.352025e-06	-1.434830e-09	-3.017393e+01	-9.538909e+01
7.900000e-07	-4.322683e-06	-1.417248e-09	-2.997049e+01	-9.508441e+01
8.000000e-07	-4.293094e-06	-1.421774e-09	-2.976534e+01	-9.477459e+01
8.100000e-07	-4.263284e-06	-1.421857e-09	-2.955866e+01	-9.446013e+01
8.200000e-07	-4.233132e-06	-1.397372e-09	-2.934961e+01	-9.414157e+01
8.300000e-07	-4.202604e-06	-1.388230e-09	-2.913794e+01	-9.381944e+01
8.400000e-07	-4.171769e-06	-1.394590e-09	-2.892416e+01	-9.349424e+01
8.500000e-07	-4.140652e-06	-1.379212e-09	-2.870841e+01	-9.316645e+01
8.600000e-07	-4.109334e-06	-1.367003e-09	-2.849128e+01	-9.283651e+01
8.700000e-07	-4.077824e-06	-1.371452e-09	-2.827281e+01	-9.250482e+01
8.800000e-07	-4.046152e-06	-1.365932e-09	-2.805322e+01	-9.217170e+01
8.900000e-07	-4.014325e-06	-1.351194e-09	-2.783255e+01	-9.183741e+01
9.000000e-07	-3.982380e-06	-1.355972e-09	-2.761107e+01	-9.150213e+01
9.100000e-07	-3.950150e-06	-1.352005e-09	-2.738760e+01	-9.116598e+01
9.200000e-07	-3.917582e-06	-1.335234e-09	-2.716180e+01	-9.082897e+01
9.300000e-07	-3.884661e-06	-1.330941e-09	-2.693355e+01	-9.049105e+01
9.400000e-07	-3.851150e-06	-1.339989e-09	-2.670121e+01	-9.015208e+01
9.500000e-07	-3.817034e-06	-1.329887e-09	-2.646467e+01	-8.981186e+01
9.600000e-07	-3.782471e-06	-1.323577e-09	-2.622503e+01	-8.947010e+01
9.700000e-07	-3.747558e-06	-1.326228e-09	-2.598298e+01	-8.912648e+01
9.800000e-07	-3.712302e-06	-1.319000e-09	-2.573854e+01	-8.878061e+01
9.900000e-07	-3.676818e-06	-1.299622e-09	-2.549251e+01	-8.843206e+01
1.000000e-06	-3.641230e-06	-1.294307e-09	-2.524577e+01	-8.808038e+01
1.010000e-06	-3.605526e-06	-1.290009e-09	-2.499822e+01	-8.772509e+01
1.020000e-06	-3.569637e-06	-1.281851e-09	-2.474939e+01	-8.736572e+01
1.030000e-06	-3.533545e-06	-1.281092e-09	-2.449916e+01	-8.700181e+01
1.040000e-06	-3.497249e-06	-1.285365e-09	-2.424751e+01	-8.663290e+01
1.050000e-06	-3.460637e-06	-1.276956e-09	-2.399366e+01	-8.625860e+01
1.060000e-06	-3.423785e-06	-1.266183e-09	-2.373815e+01	-8.587853e+01
1.070000e-06	-3.386707e-06	-1.261577e-09	-2.348108e+01	-8.549237e+01
1.080000e-06	-3.349297e-06	-1.252880e-09	-2.322171e+01	-8.509988e+01
1.090000e-06	-3.311664e-06	-1.241512e-09	-2.296078e+01	-8.470087e+01
1.100000e-06	-3.273932e-06	-1.239840e-09	-2.269918e+01	-8.429522e+01
1.110000e-06	-3.235970e-06	-1.236418e-09	-2.243598e+01	-8.388289e+01
1.120000e-06	-3.197694e-06	-1.225990e-09	-2.217060e+01	-8.346391e+01
1.130000e-06	-3.159134e-06	-1.217956e-09	-2.190325e+01	-8.303838e+01
1.140000e-06	-3.120367e-06	-1.208690e-09	-2.163446e+01	-8.260649e+01
1.150000e-06	-3.081461e-06	-1.196528e-09	-2.136472e+01	-8.216846e+01
1.160000e-06	-3.042291e-06	-1.185054e-09	-2.109314e+01	-8.172460e+01
1.170000e-06	-3.002956e-06	-1.176946e-09	-2.082042e+01	-8.127522e+01
1.180000e-06	-2.963433e-06	-1.170161e-09	-2.054639e+01	-8.082072e+01
1.190000e-06	-2.923733e-06	-1.165903e-09	-2.027114e+01	-8.036147e+01
1.200000e-06	-2.883999e-06	-1.163520e-09	-1.999565e+01	-7.989788e+01
1.210000e-06	-2.844191e-06	-1.159178e-09	-1.971965e+01	-7.943036e+01
1.220000e-06	-2.804288e-06	-1.152524e-09	-1.944299e+01	-7.895928e+01
1.230000e-06	-2.764157e-06	-1.148540e-09	-1.916475e+01	-7.848500e+01
1.240000e-06	-2.723695e-06	-1.142079e-09	-1.888422e+01	-7.800782e+01
1.250000e-06	-2.683067e-06	-1.134772e-09	-1.860253e+01	-7.752799e+01
1.260000e-06	-2.642300e-06	-1.125729e-09	-1.831988e+01	-7.704570e+01
1.270000e-06	-2.601158e-06	-1.118989e-09	-1.803463e+01	-7.656105e+01
1.280000e-06	-2.559568e-06	-1.110787e-09	-1.774627e+01	-7.607404e+01
1.290000e-06	-2.517603e-06	-1.103299e-09	-1.745531e+01	-7.558461e+01
1.300000e-06	-2.475398e-06	-1.092546e-09	-1.716269e+01	-7.509257e+01
1.310000e-06	-2.432945e-06	-1.082190e-09	-1.686836e+01	-7.459764e+01
1.320000e-06	-2.390277e-06	-1.072723e-09	-1.657252e+01	-7.409945e+01
1.330000e-06	-2.347459e-06	-1.064115e-09	-1.627565e+01	-7.359752e+01
1.340000e-06	-2.304476e-06	-1.054883e-09	-1.597764e+01	-7.309125e+01
1.350000e-06	-2.261294e-06	-1.049312e-09	-1.567825e+01	-7.257999e+01
1.360000e-06	-2.217940e-06	-1.046035e-09	-1.537766e+01	-7.206298e+01
1.370000e-06	-2.174481e-06	-1.041250e-09	-1.507635e+01	-7.153940e+01
1.380000e-06	-2.130878e-06	-1.030939e-09	-1.477403e+01	-7.100836e+01
1.390000e-06	-2.087152e-06	-1.018722e-09	-1.447087e+01	-7.046893e+01
1.400000e-06	-2.043351e-06	-1.006217e-09	-1.416718e+01	-6.992013e+01
1.410000e-06	-1.999449e-06	-9.957409e-10	-1.386279e+01	-6.936098e+01
1.420000e-06	-1.955499e-06	-9.853535e-10	-1.355808e+01	-6.879046e+01
1.430000e-06	-1.911490e-06	-9.764058e-10	-1.325295e+01	-6.820758e+01
1.440000e-06	-1.867375e-06	-9.681255e-10	-1.294708e+01	-6.761137e+01
1.450000e-06	-1.823158e-06	-9.577805e-10	-1.264052e+01	-6.700088e+01
1.460000e-06	-1.778765e-06	-9.462537e-10	-1.233272e+01	-6.637521e+01
1.470000e-06	-1.734181e-06	-9.309557e-10	-1.202361e+01	-6.573353e+01
1.480000e-06	-1.689431e-06	-9.158104e-10	-1.171334e+01	-6.507505e+01
1.490000e-06	-1.644559e-06	-9.010748e-10	-1.140223e+01	-6.439908e+01
1.500000e-06	-1.599585e-06	-8.851353e-10	-1.109042e+01	-6.370496e+01
1.510000e-06	-1.554503e-06	-8.708657e-10	-1.077785e+01	-6.299217e+01
1.520000e-06	-1.509282e-06	-8.630496e-10	-1.046432e+01	-6.226021e+01
1.530000e-06	-1.463946e-06	-8.552559e-10	-1.014999e+01	-6.150871e+01
1.540000e-06	-1.418567e-06	-8.442146e-10	-9.835363e+00	-6.073733e+01
1.550000e-06	-1.373104e-06	-8.298922e-10	-9.520154e+00	-5.994583e+01
1.560000e-06	-1.327529e-06	-8.163937e-10	-9.204169e+00	-5.913401e+01
1.570000e-06	-1.281835e-06	-8.021285e-10	-8.887358e+00	-5.830172e+01
1.580000e-06	-1.236013e-06	-7.902487e-10	-8.569662e+00	-5.744887e+01
1.590000e-06	-1.190135e-06	-7.769071e-10	-8.251571e+00	-5.657536e+01
1.600000e-06	-1.144217e-06	-7.615975e-10	-7.933210e+00	-5.568112e+01
1.610000e-06	-1.098186e-06	-7.457146e-10	-7.614062e+00	-5.476610e+01
1.620000e-06	-1.052039e-06	-7.333063e-10	-7.294112e+00	-5.383018e+01
1.630000e-06	-1.005838e-06	-7.214146e-10	-6.973787e+00	-5.287326e+01
1.640000e-06	-9.595524e-07	-7.071855e-10	-6.652872e+00	-5.189517e+01
1.650000e-06	-9.132556e-07	-6.902156e-10	-6.331882e+00	-5.089568e+01
1.660000e-06	-8.669263e-07	-6.718107e-10	-6.010667e+00	-4.987451e+01
1.670000e-06	-8.205564e-07	-6.532712e-10	-5.689170e+00	-4.883128e+01
1.680000e-06	-7.741809e-07	-6.364799e-10	-5.367634e+00	-4.776554e+01
1.690000e-06	-7.277602e-07	-6.212630e-10	-5.045785e+00	-4.667674e+01
1.700000e-06	-6.812174e-07	-6.047016e-10	-4.723090e+00	-4.556425e+01
1.710000e-06	-6.345948e-07	-5.885267e-10	-4.399841e+00	-4.442733e+01
1.720000e-06	-5.879331e-07	-5.721672e-10	-4.076321e+00	-4.326516e+01
1.730000e-06	-5.411611e-07	-5.523435e-10	-3.752037e+00	-4.207683e+01
1.740000e-06	-4.944163e-07	-5.279193e-10	-3.427940e+00	-4.086137e+01
1.750000e-06	-4.476132e-07	-5.046361e-10	-3.103440e+00	-3.961771e+01
1.760000e-06	-4.007519e-07	-4.854413e-10	-2.778537e+00	-3.834476e+01
1.770000e-06	-3.539721e-07	-4.668680e-10	-2.454197e+00	-3.704139e+01
1.780000e-06	-3.071361e-07	-4.487545e-10	-2.129469e+00	-3.570644e+01
1.790000e-06	-2.602096e-07	-4.312348e-10	-1.804113e+00	-3.433877e+01
1.800000e-06	-2.132373e-07	-4.119292e-10	-1.478440e+00	-3.293724e+01
1.810000e-06	-1.661773e-07	-3.916984e-10	-1.152159e+00	-3.150079e+01
1.820000e-06	-1.190606e-07	-3.697619e-10	-8.254835e-01	-3.002842e+01
1.830000e-06	-7.198771e-08	-3.479734e-10	-4.991129e-01	-2.851921e+01
1.840000e-06	-2.495916e-08	-3.266424e-10	-1.730495e-01	-2.697238e+01
1.850000e-06	2.200324e-08	-3.070807e-10	1.525552e-01	-2.538728e+01
1.860000e-06	6.897687e-08	-2.881648e-10	4.782379e-01	-2.376343e+01
1.870000e-06	1.160051e-07	-2.666460e-10	8.042991e-01	-2.210054e+01
1.880000e-06	1.630102e-07	-2.404479e-10	1.130200e+00	-2.039851e+01
1.890000e-06	2.099304e-07	-2.116096e-10	1.455512e+00	-1.865747e+01
1.900000e-06	2.568572e-07	-1.841999e-10	1.780870e+00	-1.687778e+01
1.910000e-06	3.038614e-07	-1.575746e-10	2.106764e+00	-1.506004e+01
1.920000e-06	3.507908e-07	-1.308948e-10	2.432141e+00	-1.320510e+01
1.930000e-06	3.976890e-07	-1.035740e-10	2.757300e+00	-1.131408e+01
1.940000e-06	4.445785e-07	-7.680488e-11	3.082400e+00	-9.388341e+00
1.950000e-06	4.913770e-07	-5.213629e-11	3.406868e+00	-7.429496e+00
1.960000e-06	5.380838e-07	-2.616797e-11	3.730701e+00	-5.439410e+00
1.970000e-06	5.847028e-07	-2.101582e-13	4.053924e+00	-3.420185e+00
1.980000e-06	6.312436e-07	2.575020e-11	4.376606e+00	-1.374143e+00
1.990000e-06	6.778276e-07	5.347273e-11	4.699588e+00	6.961850e-01
2.000000e-06	7.244228e-07	8.340556e-11	5.022646e+00	2.788080e+00
2.010000e-06	7.708392e-07	1.143710e-10	5.344466e+00	4.898657e+00
2.020000e-06	8.171913e-07	1.447357e-10	5.665839e+00	7.024889e+00
2.030000e-06	8.635731e-07	1.753528e-10	5.987418e+00	9.163629e+00
2.040000e-06	9.098360e-07	2.050383e-10	6.308173e+00	1.131164e+01
2.050000e-06	9.560554e-07	2.334364e-10	6.628626e+00	1.346563e+01
2.060000e-06	1.002236e-06	2.628695e-10	6.948812e+00	1.562226e+01
2.070000e-06	1.048216e-06	2.949949e-10	7.267601e+00	1.777820e+01
2.080000e-06	1.094066e-06	3.296033e-10	7.585497e+00	1.993013e+01
2.090000e-06	1.139953e-06	3.639910e-10	7.903644e+00	2.207479e+01
2.100000e-06	1.185807e-06	3.945163e-10	8.221566e+00	2.420898e+01
2.110000e-06	1.231549e-06	4.223226e-10	8.538706e+00	2.632962e+01
2.120000e-06	1.277204e-06	4.508394e-10	8.855248e+00	2.843375e+01
2.130000e-06	1.322780e-06	4.810532e-10	9.171243e+00	3.051855e+01
2.140000e-06	1.368286e-06	5.101133e-10	9.486746e+00	3.258135e+01
2.150000e-06	1.413638e-06	5.374846e-10	9.801187e+00	3.461968e+01
2.160000e-06	1.458922e-06	5.653691e-10	1.011515e+01	3.663126e+01
2.170000e-06	1.504142e-06	5.932174e-10	1.042868e+01	3.861398e+01
2.180000e-06	1.549157e-06	6.193747e-10	1.074078e+01	4.056598e+01
2.190000e-06	1.593990e-06	6.452759e-10	1.105162e+01	4.248558e+01
2.200000e-06	1.638692e-06	6.726587e-10	1.136156e+01	4.437132e+01
2.210000e-06	1.683295e-06	7.007533e-10	1.167081e+01	4.622197e+01
2.220000e-06	1.727791e-06	7.283331e-10	1.197931e+01	4.803648e+01
2.230000e-06	1.772189e-06	7.550683e-10	1.228713e+01	4.981403e+01
2.240000e-06	1.816438e-06	7.783265e-10	1.259392e+01	5.155397e+01
2.250000e-06	1.860563e-06	7.984542e-10	1.289985e+01	5.325584e+01
2.260000e-06	1.904593e-06	8.186500e-10	1.320513e+01	5.491936e+01
2.270000e-06	1.948502e-06	8.398923e-10	1.350957e+01	5.654439e+01
2.280000e-06	1.992346e-06	8.619533e-10	1.381354e+01	5.813094e+01
2.290000e-06	2.036131e-06	8.847256e-10	1.411713e+01	5.967917e+01
2.300000e-06	2.079862e-06	9.063810e-10	1.442033e+01	6.118933e+01
2.310000e-06	2.123554e-06	9.266199e-10	1.472326e+01	6.266177e+01
2.320000e-06	2.167222e-06	9.470352e-10	1.502602e+01	6.409692e+01
2.330000e-06	2.210832e-06	9.670673e-10	1.532838e+01	6.549530e+01
2.340000e-06	2.254375e-06	9.858191e-10	1.563028e+01	6.685747e+01
2.350000e-06	2.297761e-06	1.004138e-09	1.593108e+01	6.818403e+01
2.360000e-06	2.340958e-06	1.023759e-09	1.623058e+01	6.947560e+01
2.370000e-06	2.383924e-06	1.042511e-09	1.652848e+01	7.073284e+01
2.380000e-06	2.426529e-06	1.059875e-09	1.682387e+01	7.195641e+01
2.390000e-06	2.468817e-06	1.075845e-09	1.711707e+01	7.314696e+01
2.400000e-06	2.510863e-06	1.092599e-09	1.740859e+01	7.430516e+01
2.410000e-06	2.552683e-06	1.108985e-09	1.769854e+01	7.543163e+01
2.420000e-06	2.594198e-06	1.122562e-09	1.798637e+01	7.652701e+01
2.430000e-06	2.635362e-06	1.134367e-09	1.827177e+01	7.759190e+01
2.440000e-06	2.676226e-06	1.144697e-09	1.855510e+01	7.862688e+01
2.450000e-06	2.716793e-06	1.155553e-09	1.883636e+01	7.963254e+01
2.460000e-06	2.757035e-06	1.168225e-09	1.911537e+01	8.060941e+01
2.470000e-06	2.797054e-06	1.183567e-09	1.939284e+01	8.155802e+01
2.480000e-06	2.836966e-06	1.198633e-09	1.966956e+01	8.247889e+01
2.490000e-06	2.876753e-06	1.211318e-09	1.994542e+01	8.337251e+01
2.500000e-06	2.916411e-06	1.222908e-09	2.022038e+01	8.423939e+01
2.510000e-06	2.955969e-06	1.232132e-09	2.049464e+01	8.508000e+01
2.520000e-06	2.995402e-06	1.241977e-09	2.076805e+01	8.589484e+01
2.530000e-06	3.034617e-06	1.251683e-09	2.103993e+01	8.668438e+01
2.540000e-06	3.073578e-06	1.260096e-09	2.131007e+01	8.744911e+01
2.550000e-06	3.112373e-06	1.270207e-09	2.157904e+01	8.818954e+01
2.560000e-06	3.150959e-06	1.281363e-09	2.184657e+01	8.890617e+01
2.570000e-06	3.189269e-06	1.294712e-09	2.211219e+01	8.959953e+01
2.580000e-06	3.227367e-06	1.307168e-09	2.237633e+01	9.027016e+01
2.590000e-06	3.265259e-06	1.317519e-09	2.263905e+01	9.091861e+01
2.600000e-06	3.302996e-06	1.325649e-09	2.290069e+01	9.154546e+01
2.610000e-06	3.340551e-06	1.331361e-09	2.316107e+01	9.215130e+01
2.620000e-06	3.377874e-06	1.336633e-09	2.341984e+01	9.273674e+01
2.630000e-06	3.414977e-06	1.343718e-09	2.367708e+01	9.330241e+01
2.640000e-06	3.451802e-06	1.353553e-09	2.393240e+01	9.384894e+01
2.650000e-06	3.488322e-06	1.364667e-09	2.418561e+01	9.437700e+01
2.660000e-06	3.524600e-06	1.373997e-09	2.443714e+01	9.488725e+01
2.670000e-06	3.560656e-06	1.381004e-09	2.468712e+01	9.538036e+01
2.680000e-06	3.596513e-06	1.386564e-09	2.493573e+01	9.585702e+01
2.690000e-06	3.632258e-06	1.391192e-09	2.518356e+01	9.631790e+01
2.700000e-06	3.667866e-06	1.396278e-09	2.543045e+01	9.676368e+01
2.710000e-06	3.703329e-06	1.403264e-09	2.567632e+01	9.719503e+01
2.720000e-06	3.738670e-06	1.413210e-09	2.592135e+01	9.761262e+01
2.730000e-06	3.773732e-06	1.423893e-09	2.616444e+01	9.801711e+01
2.740000e-06	3.808437e-06	1.433049e-09	2.640507e+01	9.840912e+01
2.750000e-06	3.842794e-06	1.439405e-09	2.664327e+01	9.878928e+01
2.760000e-06	3.876607e-06	1.441756e-09	2.687771e+01	9.915818e+01
2.770000e-06	3.909861e-06	1.442882e-09	2.710827e+01	9.951639e+01
2.780000e-06	3.942723e-06	1.445143e-09	2.733611e+01	9.986445e+01
2.790000e-06	3.975143e-06	1.449887e-09	2.756089e+01	1.002029e+02
2.800000e-06	4.007214e-06	1.459557e-09	2.778325e+01	1.005322e+02
2.810000e-06	4.039062e-06	1.469525e-09	2.800406e+01	1.008527e+02
2.820000e-06	4.070749e-06	1.476009e-09	2.822375e+01	1.011651e+02
2.830000e-06	4.102386e-06	1.482329e-09	2.844310e+01	1.014695e+02
2.840000e-06	4.133819e-06	1.487585e-09	2.866104e+01	1.017663e+02
2.850000e-06	4.164940e-06	1.488935e-09	2.887681e+01	1.020560e+02
2.860000e-06	4.195729e-06	1.487286e-09	2.909028e+01	1.023387e+02
2.870000e-06	4.226142e-06	1.487486e-09	2.930114e+01	1.026146e+02
2.880000e-06	4.256211e-06	1.492287e-09	2.950962e+01	1.028841e+02
2.890000e-06	4.285991e-06	1.498925e-09	2.971609e+01	1.031473e+02
2.900000e-06	4.315550e-06	1.505259e-09	2.992104e+01	1.034043e+02
2.910000e-06	4.344939e-06	1.506887e-09	3.012480e+01	1.036553e+02
2.920000e-06	4.374066e-06	1.509041e-09	3.032674e+01	1.039003e+02
2.930000e-06	4.402822e-06	1.513088e-09	3.052612e+01	1.041395e+02
2.940000e-06	4.431258e-06	1.516692e-09	3.072328e+01	1.043729e+02
2.950000e-06	4.459369e-06	1.518040e-09	3.091818e+01	1.046004e+02
2.960000e-06	4.487231e-06	1.519536e-09	3.111135e+01	1.048222e+02
2.970000e-06	4.514973e-06	1.523860e-09	3.130370e+01	1.050381e+02
2.980000e-06	4.542597e-06	1.529899e-09	3.149523e+01	1.052483e+02
2.990000e-06	4.570081e-06	1.537381e-09	3.168578e+01	1.054525e+02
3.000000e-06	4.597263e-06	1.541711e-09	3.187424e+01	1.056509e+02
3.010000e-06	4.623971e-06	1.544868e-09	3.205941e+01	1.058433e+02
3.020000e-06	4.650051e-06	1.546260e-09	3.224024e+01	1.060297e+02
3.030000e-06	4.675387e-06	1.544914e-09	3.241590e+01	1.062101e+02
3.040000e-06	4.700139e-06	1.545750e-09	3.258751e+01	1.063843e+02
3.050000e-06	4.724443e-06	1.549180e-09	3.275602e+01	1.065524e+02
3.060000e-06	4.748424e-06	1.554918e-09	3.292228e+01	1.067143e+02
3.070000e-06	4.772214e-06	1.558740e-09	3.308723e+01	1.068700e+02
3.080000e-06	4.795857e-06	1.560479e-09	3.325115e+01	1.070194e+02
3.090000e-06	4.819338e-06	1.561790e-09	3.341395e+01	1.071626e+02
3.100000e-06	4.842441e-06	1.561069e-09	3.357413e+01	1.072995e+02
3.110000e-06	4.865076e-06	1.561684e-09	3.373107e+01	1.074303e+02
3.120000e-06	4.887349e-06	1.565064e-09	3.388549e+01	1.075549e+02
3.130000e-06	4.909321e-06	1.572138e-09	3.403783e+01	1.076734e+02
3.140000e-06	4.931011e-06	1.579147e-09	3.418821e+01	1.077859e+02
3.150000e-06	4.952409e-06	1.584931e-09	3.433658e+01	1.078926e+02
3.160000e-06	4.973469e-06	1.588848e-09	3.448259e+01	1.079934e+02
3.170000e-06	4.994061e-06	1.588919e-09	3.462536e+01	1.080887e+02
3.180000e-06	5.014235e-06	1.587195e-09	3.476524e+01	1.081784e+02
3.190000e-06	5.034202e-06	1.586401e-09	3.490367e+01	1.082629e+02
3.200000e-06	5.053999e-06	1.589452e-09	3.504093e+01	1.083424e+02
3.210000e-06	5.073558e-06	1.597128e-09	3.517654e+01	1.084169e+02
3.220000e-06	5.092862e-06	1.602330e-09	3.531038e+01	1.084868e+02
3.230000e-06	5.111855e-06	1.607239e-09	3.544206e+01	1.085522e+02
3.240000e-06	5.130375e-06	1.606451e-09	3.557047e+01	1.086134e+02
3.250000e-06	5.148416e-06	1.602848e-09	3.569555e+01	1.086707e+02
3.260000e-06	5.166060e-06	1.600322e-09	3.581788e+01	1.087241e+02
3.270000e-06	5.183274e-06	1.600737e-09	3.593724e+01	1.087740e+02
3.280000e-06	5.200199e-06	1.605123e-09	3.605458e+01	1.088206e+02
3.290000e-06	5.216828e-06	1.611706e-09	3.616987e+01	1.088639e+02
3.300000e-06	5.233098e-06	1.621133e-09	3.628268e+01	1.089043e+02
3.310000e-06	5.249059e-06	1.625721e-09	3.639334e+01	1.089418e+02
3.320000e-06	5.264544e-06	1.625635e-09	3.650070e+01	1.089766e+02
3.330000e-06	5.279426e-06	1.622066e-09	3.660389e+01	1.090088e+02
3.340000e-06	5.293903e-06	1.620077e-09	3.670426e+01	1.090384e+02
3.350000e-06	5.308032e-06	1.619766e-09	3.680222e+01	1.090655e+02
3.360000e-06	5.321668e-06	1.622194e-09	3.689676e+01	1.090902e+02
3.370000e-06	5.335025e-06	1.628622e-09	3.698937e+01	1.091123e+02
3.380000e-06	5.348126e-06	1.632015e-09	3.708020e+01	1.091320e+02
3.390000e-06	5.360708e-06	1.632315e-09	3.716744e+01	1.091491e+02
3.400000e-06	5.372850e-06	1.633186e-09	3.725162e+01	1.091635e+02
3.410000e-06	5.384683e-06	1.636193e-09	3.733367e+01	1.091752e+02
3.420000e-06	5.396206e-06	1.642316e-09	3.741355e+01	1.091841e+02
3.430000e-06	5.407341e-06	1.646327e-09	3.749076e+01	1.091900e+02
3.440000e-06	5.417927e-06	1.649735e-09	3.756415e+01	1.091928e+02
3.450000e-06	5.427852e-06	1.650077e-09	3.763297e+01	1.091924e+02
3.460000e-06	5.437212e-06	1.650893e-09	3.769786e+01	1.091886e+02
3.470000e-06	5.446005e-06	1.652266e-09	3.775883e+01	1.091815e+02
3.480000e-06	5.454196e-06	1.653371e-09	3.781562e+01	1.091708e+02
3.490000e-06	5.462078e-06	1.653778e-09	3.787027e+01	1.091566e+02
3.500000e-06	5.469807e-06	1.653321e-09	3.792386e+01	1.091387e+02
3.510000e-06	5.477312e-06	1.653880e-09	3.797589e+01	1.091171e+02
3.520000e-06	5.484562e-06	1.654634e-09	3.802616e+01	1.090920e+02
3.530000e-06	5.491440e-06	1.657686e-09	3.807384e+01	1.090633e+02
3.540000e-06	5.497790e-06	1.661607e-09	3.811787e+01	1.090311e+02
3.550000e-06	5.503678e-06	1.662281e-09	3.815869e+01	1.089957e+02
3.560000e-06	5.509208e-06	1.659021e-09	3.819704e+01	1.089571e+02
3.570000e-06	5.514346e-06	1.656644e-09	3.823266e+01	1.089156e+02
3.580000e-06	5.519181e-06	1.656773e-09	3.826618e+01	1.088716e+02
3.590000e-06	5.523639e-06	1.656277e-09	3.829709e+01	1.088252e+02
3.600000e-06	5.527673e-06	1.658094e-09	3.832506e+01	1.087768e+02
3.610000e-06	5.531487e-06	1.664804e-09	3.835150e+01	1.087268e+02
3.620000e-06	5.535152e-06	1.670598e-09	3.837691e+01	1.086755e+02
3.630000e-06	5.538535e-06	1.671580e-09	3.840037e+01	1.086234e+02
3.640000e-06	5.541425e-06	1.666209e-09	3.842041e+01	1.085709e+02
3.650000e-06	5.543778e-06	1.659743e-09	3.843672e+01	1.085183e+02
3.660000e-06	5.545437e-06	1.655196e-09	3.844822e+01	1.084661e+02
3.670000e-06	5.546447e-06	1.654695e-09	3.845523e+01	1.084146e+02
3.680000e-06	5.546993e-06	1.657837e-09	3.845901e+01	1.083641e+02
3.690000e-06	5.547136e-06	1.663850e-09	3.846000e+01	1.083150e+02
3.700000e-06	5.547018e-06	1.668209e-09	3.845918e+01	1.082675e+02
3.710000e-06	5.546751e-06	1.668370e-09	3.845733e+01	1.082218e+02
3.720000e-06	5.546250e-06	1.666406e-09	3.845386e+01	1.081780e+02
3.730000e-06	5.545284e-06	1.662197e-09	3.844716e+01	1.081362e+02
3.740000e-06	5.543819e-06	1.655683e-09	3.843700e+01	1.080964e+02
3.750000e-06	5.542032e-06	1.656820e-09	3.842462e+01	1.080584e+02
3.760000e-06	5.539930e-06	1.682968e-09	3.841004e+01	1.080221e+02
3.770000e-06	5.537467e-06	1.716177e-09	3.839296e+01	1.079873e+02
3.780000e-06	5.534567e-06	1.650884e-09	3.837286e+01	1.079535e+02
3.790000e-06	5.531135e-06	1.494739e-09	3.834906e+01	1.079204e+02
3.800000e-06	5.527128e-06	1.519673e-09	3.832128e+01	1.078875e+02
3.810000e-06	5.522691e-06	1.746828e-09	3.829052e+01	1.078542e+02
3.820000e-06	5.518247e-06	1.818818e-09	3.825971e+01	1.078198e+02
3.830000e-06	5.513854e-06	1.674534e-09	3.822925e+01	1.077838e+02
3.840000e-06	5.509061e-06	1.572817e-09	3.819602e+01	1.077453e+02
3.850000e-06	5.503329e-06	1.724839e-09	3.815627e+01	1.077037e+02
3.860000e-06	5.497034e-06	1.772314e-09	3.811263e+01	1.076581e+02
3.870000e-06	5.490804e-06	1.565268e-09	3.806944e+01	1.076078e+02
3.880000e-06	5.484227e-06	1.497972e-09	3.802383e+01	1.075520e+02
3.890000e-06	5.476801e-06	1.759644e-09	3.797235e+01	1.074900e+02
3.900000e-06	5.468799e-06	1.896686e-09	3.791687e+01	1.074211e+02
3.910000e-06	5.460610e-06	1.590879e-09	3.786009e+01	1.073445e+02
3.920000e-06	5.452124e-06	1.417759e-09	3.780126e+01	1.072598e+02
3.930000e-06	5.443187e-06	1.631559e-09	3.773929e+01	1.071665e+02
3.940000e-06	5.434088e-06	1.811395e-09	3.767621e+01	1.070639e+02
3.950000e-06	5.424762e-06	1.615816e-09	3.761154e+01	1.069520e+02
3.960000e-06	5.414750e-06	1.534720e-09	3.754213e+01	1.068303e+02
3.970000e-06	5.404152e-06	1.683603e-09	3.746865e+01	1.066989e+02
3.980000e-06	5.393418e-06	1.732690e-09	3.739423e+01	1.065577e+02
3.990000e-06	5.382536e-06	1.562801e-09	3.731878e+01	1.064067e+02
4.000000e-06	5.371011e-06	1.539147e-09	3.723887e+01	1.062463e+02
4.010000e-06	5.358970e-06	1.670623e-09	3.715539e+01	1.060767e+02
4.020000e-06	5.346818e-06	1.673833e-09	3.707113e+01	1.058983e+02
4.030000e-06	5.334178e-06	1.559084e-09	3.698350e+01	1.057118e+02
4.040000e-06	5.320737e-06	1.570788e-09	3.689031e+01	1.055178e+02
4.050000e-06	5.306900e-06	1.699121e-09	3.679437e+01	1.053169e+02
4.060000e-06	5.292768e-06	1.658871e-09	3.669639e+01	1.051099e+02
4.070000e-06	5.277887e-06	1.520032e-09	3.659321e+01	1.048976e+02
4.080000e-06	5.262258e-06	1.557749e-09	3.648486e+01	1.046809e+02
4.090000e-06	5.246300e-06	1.728583e-09	3.637421e+01	1.044606e+02
4.100000e-06	5.230084e-06	1.663066e-09	3.626178e+01	1.042377e+02
4.110000e-06	5.213551e-06	1.503739e-09	3.614715e+01	1.040130e+02
4.120000e-06	5.196838e-06	1.585671e-09	3.603128e+01	1.037873e+02
4.130000e-06	5.179941e-06	1.719684e-09	3.591413e+01	1.035614e+02
4.140000e-06	5.162562e-06	1.569487e-09	3.579363e+01	1.033362e+02
4.150000e-06	5.144667e-06	1.506311e-09	3.566956e+01	1.031121e+02
4.160000e-06	5.126479e-06	1.657527e-09	3.554346e+01	1.028899e+02
4.170000e-06	5.108012e-06	1.635644e-09	3.541542e+01	1.026699e+02
4.180000e-06	5.089125e-06	1.474501e-09	3.528447e+01	1.024526e+02
4.190000e-06	5.069936e-06	1.592430e-09	3.515142e+01	1.022382e+02
4.200000e-06	5.050474e-06	1.681675e-09	3.501649e+01	1.020269e+02
4.210000e-06	5.030622e-06	1.519176e-09	3.487885e+01	1.018188e+02
4.220000e-06	5.010506e-06	1.509151e-09	3.473938e+01	1.016136e+02
4.230000e-06	4.990151e-06	1.655633e-09	3.459825e+01	1.014113e+02
4.240000e-06	4.969565e-06	1.567410e-09	3.445552e+01	1.012115e+02
4.250000e-06	4.948670e-06	1.502964e-09	3.431066e+01	1.010138e+02
4.260000e-06	4.927417e-06	1.636355e-09	3.416330e+01	1.008178e+02
4.270000e-06	4.905567e-06	1.598514e-09	3.401180e+01	1.006228e+02
4.280000e-06	4.882887e-06	1.471186e-09	3.385456e+01	1.004283e+02
4.290000e-06	4.859667e-06	1.574559e-09	3.369357e+01	1.002335e+02
4.300000e-06	4.836086e-06	1.627234e-09	3.353007e+01	1.000377e+02
4.310000e-06	4.812146e-06	1.495142e-09	3.336409e+01	9.984019e+01
4.320000e-06	4.787975e-06	1.510521e-09	3.319650e+01	9.964016e+01
4.330000e-06	4.763657e-06	1.598599e-09	3.302790e+01	9.943689e+01
4.340000e-06	4.739112e-06	1.539550e-09	3.285772e+01	9.922967e+01
4.350000e-06	4.714258e-06	1.510548e-09	3.268540e+01	9.901781e+01
4.360000e-06	4.689072e-06	1.564421e-09	3.251078e+01	9.880069e+01
4.370000e-06	4.663505e-06	1.525420e-09	3.233352e+01	9.857775e+01
4.380000e-06	4.637511e-06	1.494808e-09	3.215329e+01	9.834851e+01
4.390000e-06	4.611229e-06	1.543343e-09	3.197107e+01	9.811258e+01
4.400000e-06	4.584743e-06	1.546830e-09	3.178743e+01	9.786964e+01
4.410000e-06	4.557929e-06	1.506679e-09	3.160153e+01	9.761948e+01
4.420000e-06	4.530717e-06	1.517119e-09	3.141286e+01	9.736200e+01
4.430000e-06	4.503127e-06	1.512739e-09	3.122157e+01	9.709718e+01
4.440000e-06	4.475255e-06	1.492831e-09	3.102832e+01	9.682509e+01
4.450000e-06	4.447166e-06	1.502033e-09	3.083357e+01	9.654591e+01
4.460000e-06	4.418932e-06	1.504583e-09	3.063781e+01	9.625988e+01
4.470000e-06	4.390523e-06	1.477321e-09	3.044085e+01	9.596735e+01
4.480000e-06	4.361898e-06	1.479755e-09	3.024238e+01	9.566869e+01
4.490000e-06	4.333008e-06	1.485260e-09	3.004208e+01	9.536436e+01
4.500000e-06	4.303569e-06	1.467124e-09	2.983797e+01	9.505484e+01
4.510000e-06	4.273516e-06	1.457319e-09	2.962960e+01	9.474065e+01
4.520000e-06	4.243063e-06	1.467915e-09	2.941846e+01	9.442231e+01
4.530000e-06	4.212177e-06	1.456796e-09	2.920432e+01	9.410035e+01
4.540000e-06	4.180800e-06	1.450075e-09	2.898677e+01	9.377527e+01
4.550000e-06	4.149031e-06	1.466042e-09	2.876651e+01	9.344758e+01
4.560000e-06	4.117007e-06	1.460438e-09	2.854447e+01	9.311770e+01
4.570000e-06	4.084858e-06	1.430308e-09	2.832158e+01	9.278604e+01
4.580000e-06	4.052554e-06	1.431753e-09	2.809761e+01	9.245292e+01
4.590000e-06	4.020043e-06	1.443616e-09	2.787220e+01	9.211861e+01
4.600000e-06	3.987311e-06	1.426101e-09	2.764526e+01	9.178331e+01
4.610000e-06	3.954332e-06	1.418254e-09	2.741660e+01	9.144712e+01
4.620000e-06	3.921034e-06	1.426058e-09	2.718574e+01	9.111008e+01
4.630000e-06	3.887413e-06	1.413980e-09	2.695263e+01	9.077213e+01
4.640000e-06	3.853572e-06	1.401284e-09	2.671800e+01	9.043315e+01
4.650000e-06	3.819542e-06	1.411399e-09	2.648206e+01	9.009294e+01
4.660000e-06	3.785235e-06	1.404212e-09	2.624420e+01	8.975122e+01
4.670000e-06	3.750589e-06	1.381671e-09	2.600399e+01	8.940767e+01
4.680000e-06	3.715691e-06	1.383345e-09	2.576203e+01	8.906190e+01
4.690000e-06	3.680569e-06	1.396128e-09	2.551852e+01	8.871348e+01
4.700000e-06	3.645139e-06	1.382979e-09	2.527287e+01	8.836197e+01
4.710000e-06	3.609439e-06	1.375079e-09	2.502535e+01	8.800690e+01
4.720000e-06	3.573597e-06	1.380120e-09	2.477685e+01	8.764778e+01
4.730000e-06	3.537633e-06	1.374797e-09	2.452750e+01	8.728416e+01
4.740000e-06	3.501519e-06	1.362872e-09	2.427711e+01	8.691558e+01
4.750000e-06	3.465269e-06	1.367024e-09	2.402578e+01	8.654164e+01
4.760000e-06	3.428835e-06	1.362485e-09	2.377317e+01	8.616196e+01
4.770000e-06	3.392145e-06	1.346660e-09	2.351879e+01	8.577622e+01
4.780000e-06	3.355170e-06	1.341217e-09	2.326242e+01	8.538416e+01
4.790000e-06	3.317929e-06	1.342453e-09	2.300422e+01	8.498559e+01
4.800000e-06	3.280376e-06	1.332819e-09	2.274386e+01	8.458039e+01
4.810000e-06	3.242489e-06	1.324871e-09	2.248117e+01	8.416850e+01
4.820000e-06	3.204166e-06	1.322995e-09	2.221547e+01	8.374997e+01
4.830000e-06	3.165302e-06	1.319129e-09	2.194601e+01	8.332488e+01
4.840000e-06	3.126052e-06	1.316339e-09	2.167388e+01	8.289341e+01
4.850000e-06	3.086550e-06	1.317976e-09	2.140000e+01	8.245578e+01
4.860000e-06	3.046837e-06	1.312877e-09	2.112466e+01	8.201228e+01
4.870000e-06	3.006962e-06	1.301106e-09	2.084819e+01	8.156325e+01
4.880000e-06	2.966936e-06	1.292526e-09	2.057068e+01	8.110905e+01
4.890000e-06	2.926801e-06	1.285603e-09	2.029241e+01	8.065007e+01
4.900000e-06	2.886522e-06	1.276863e-09	2.001314e+01	8.018673e+01
4.910000e-06	2.846060e-06	1.267790e-09	1.973261e+01	7.971941e+01
4.920000e-06	2.805505e-06	1.259540e-09	1.945143e+01	7.924851e+01
4.930000e-06	2.764787e-06	1.251043e-09	1.916912e+01	7.877438e+01
4.940000e-06	2.723908e-06	1.246793e-09	1.888569e+01	7.829733e+01
4.950000e-06	2.682881e-06	1.243531e-09	1.860124e+01	7.781761e+01
4.960000e-06	2.641570e-06	1.235785e-09	1.831482e+01	7.733541e+01
4.970000e-06	2.599998e-06	1.225614e-09	1.802658e+01	7.685085e+01
4.980000e-06	2.558232e-06	1.220446e-09	1.773701e+01	7.636394e+01
4.990000e-06	2.516326e-06	1.213522e-09	1.744646e+01	7.587461e+01
5.000000e-06	2.474362e-06	1.204063e-09	1.715551e+01	7.538269e+01
5.010000e-06	2.432224e-06	1.196316e-09	1.686336e+01	7.488791e+01
5.020000e-06	2.389822e-06	1.190588e-09	1.656937e+01	7.438991e+01
5.030000e-06	2.347265e-06	1.181916e-09	1.627431e+01	7.388820e+01
5.040000e-06	2.304563e-06	1.175173e-09	1.597825e+01	7.338221e+01
5.050000e-06	2.261748e-06	1.170008e-09	1.568139e+01	7.287129e+01
5.060000e-06	2.218760e-06	1.164128e-09	1.538334e+01	7.235469e+01
5.070000e-06	2.175503e-06	1.155604e-09	1.508343e+01	7.183158e+01
5.080000e-06	2.132105e-06	1.145362e-09	1.478254e+01	7.130110e+01
5.090000e-06	2.088626e-06	1.131576e-09	1.448109e+01	7.076230e+01
5.100000e-06	2.044973e-06	1.118134e-09	1.417843e+01	7.021421e+01
5.110000e-06	2.001167e-06	1.108834e-09	1.387471e+01	6.965585e+01
5.120000e-06	1.957269e-06	1.102788e-09	1.357035e+01	6.908621e+01
5.130000e-06	1.913287e-06	1.097035e-09	1.326541e+01	6.850430e+01
5.140000e-06	1.869262e-06	1.091820e-09	1.296017e+01	6.790913e+01
5.150000e-06	1.825187e-06	1.085202e-09	1.265458e+01	6.729976e+01
5.160000e-06	1.781081e-06	1.075958e-09	1.234878e+01	6.667529e+01
5.170000e-06	1.736905e-06	1.066529e-09	1.204250e+01	6.603487e+01
5.180000e-06	1.692584e-06	1.056435e-09	1.173521e+01	6.537771e+01
5.190000e-06	1.648157e-06	1.046412e-09	1.142718e+01	6.470311e+01
5.200000e-06	1.603690e-06	1.033035e-09	1.111887e+01	6.401043e+01
5.210000e-06	1.559167e-06	1.020725e-09	1.081019e+01	6.329910e+01
5.220000e-06	1.514547e-06	1.011640e-09	1.050082e+01	6.256866e+01
5.230000e-06	1.469771e-06	1.002394e-09	1.019038e+01	6.181869e+01
5.240000e-06	1.424887e-06	9.916165e-10	9.879182e+00	6.104888e+01
5.250000e-06	1.379946e-06	9.801248e-10	9.567592e+00	6.025895e+01
5.260000e-06	1.334907e-06	9.676421e-10	9.255324e+00	5.944873e+01
5.270000e-06	1.289802e-06	9.567578e-10	8.942594e+00	5.861805e+01
5.280000e-06	1.244622e-06	9.466777e-10	8.629345e+00	5.776680e+01
5.290000e-06	1.199297e-06	9.329600e-10	8.315093e+00	5.689491e+01
5.300000e-06	1.153804e-06	9.197536e-10	7.999681e+00	5.600231e+01
5.310000e-06	1.108132e-06	9.081275e-10	7.683019e+00	5.508891e+01
5.320000e-06	1.062334e-06	8.967819e-10	7.365489e+00	5.415464e+01
5.330000e-06	1.016494e-06	8.868019e-10	7.047665e+00	5.319937e+01
5.340000e-06	9.706366e-07	8.759530e-10	6.729722e+00	5.222294e+01
5.350000e-06	9.246971e-07	8.625553e-10	6.411209e+00	5.122514e+01
5.360000e-06	8.787186e-07	8.444167e-10	6.092426e+00	5.020568e+01
5.370000e-06	8.327173e-07	8.269272e-10	5.773486e+00	4.916420e+01
5.380000e-06	7.865877e-07	8.136239e-10	5.453655e+00	4.810025e+01
5.390000e-06	7.404418e-07	7.991145e-10	5.133711e+00	4.701330e+01
5.400000e-06	6.942954e-07	7.842998e-10	4.813764e+00	4.590270e+01
5.410000e-06	6.480135e-07	7.677497e-10	4.492877e+00	4.476774e+01
5.420000e-06	6.016684e-07	7.476032e-10	4.171552e+00	4.360760e+01
5.430000e-06	5.553198e-07	7.272694e-10	3.850203e+00	4.242139e+01
5.440000e-06	5.088419e-07	7.101477e-10	3.527958e+00	4.120812e+01
5.450000e-06	4.622669e-07	6.897466e-10	3.205039e+00	3.996675e+01
5.460000e-06	4.157178e-07	6.666742e-10	2.882299e+00	3.869618e+01
5.470000e-06	3.691734e-07	6.474005e-10	2.559593e+00	3.739528e+01
5.480000e-06	3.226013e-07	6.307596e-10	2.236694e+00	3.606290e+01
5.490000e-06	2.760097e-07	6.135057e-10	1.913660e+00	3.469789e+01
5.500000e-06	2.293392e-07	5.913754e-10	1.590079e+00	3.329913e+01
5.510000e-06	1.827073e-07	5.666285e-10	1.266766e+00	3.186552e+01
5.520000e-06	1.361097e-07	5.424721e-10	9.436907e-01	3.039607e+01
5.530000e-06	8.937082e-08	5.165232e-10	6.196354e-01	2.888986e+01
5.540000e-06	4.264348e-08	4.903876e-10	2.956604e-01	2.734609e+01
5.550000e-06	-3.953728e-09	4.681924e-10	-2.741241e-02	2.576409e+01
5.560000e-06	-5.055532e-08	4.441450e-10	-3.505156e-01	2.414339e+01
5.570000e-06	-9.718133e-08	4.180316e-10	-6.737881e-01	2.248365e+01
5.580000e-06	-1.438099e-07	3.902021e-10	-9.970783e-01	2.078478e+01
5.590000e-06	-1.905306e-07	3.622288e-10	-1.321007e+00	1.904687e+01
5.600000e-06	-2.372639e-07	3.332004e-10	-1.645024e+00	1.727027e+01
5.610000e-06	-2.838834e-07	3.025498e-10	-1.968251e+00	1.545557e+01
5.620000e-06	-3.304495e-07	2.719653e-10	-2.291108e+00	1.360359e+01
5.630000e-06	-3.770090e-07	2.394138e-10	-2.613919e+00	1.171542e+01
5.640000e-06	-4.235062e-07	2.079773e-10	-2.936299e+00	9.792412e+00
5.650000e-06	-4.699343e-07	1.769083e-10	-3.258199e+00	7.836153e+00
5.660000e-06	-5.163620e-07	1.432983e-10	-3.580097e+00	5.848489e+00
5.670000e-06	-5.627756e-07	1.083437e-10	-3.901896e+00	3.831501e+00
5.680000e-06	-6.091348e-07	7.486399e-11	-4.223319e+00	1.787495e+00
5.690000e-06	-6.554521e-07	4.157979e-11	-4.544451e+00	-2.810151e-01
5.700000e-06	-7.017637e-07	7.730063e-12	-4.865544e+00	-2.371326e+00
5.710000e-06	-7.480364e-07	-2.832170e-11	-5.186367e+00	-4.480565e+00
5.720000e-06	-7.942146e-07	-6.624938e-11	-5.506534e+00	-6.605715e+00
5.730000e-06	-8.404080e-07	-1.021829e-10	-5.826807e+00	-8.743641e+00
5.740000e-06	-8.865446e-07	-1.372610e-10	-6.146687e+00	-1.089111e+01
5.750000e-06	-9.324774e-07	-1.697667e-10	-6.465153e+00	-1.304483e+01
5.760000e-06	-9.783961e-07	-2.014549e-10	-6.783521e+00	-1.520148e+01
5.770000e-06	-1.024311e-06	-2.345626e-10	-7.101863e+00	-1.735771e+01
5.780000e-06	-1.070099e-06	-2.703246e-10	-7.419325e+00	-1.951020e+01
5.790000e-06	-1.115751e-06	-3.088339e-10	-7.735845e+00	-2.165569e+01
5.800000e-06	-1.161296e-06	-3.473315e-10	-8.051621e+00	-2.379098e+01
5.810000e-06	-1.206676e-06	-3.873552e-10	-8.366254e+00	-2.591297e+01
5.820000e-06	-1.251815e-06	-4.250200e-10	-8.679216e+00	-2.801869e+01
5.830000e-06	-1.296799e-06	-4.577570e-10	-8.991105e+00	-3.010531e+01
5.840000e-06	-1.341637e-06	-4.893015e-10	-9.301986e+00	-3.217015e+01
5.850000e-06	-1.386458e-06	-5.208625e-10	-9.612737e+00	-3.421071e+01
5.860000e-06	-1.431314e-06	-5.522978e-10	-9.923739e+00	-3.622470e+01
5.870000e-06	-1.476132e-06	-5.845141e-10	-1.023448e+01	-3.821001e+01
5.880000e-06	-1.520813e-06	-6.181787e-10	-1.054427e+01	-4.016474e+01
5.890000e-06	-1.565341e-06	-6.523048e-10	-1.085299e+01	-4.208720e+01
5.900000e-06	-1.609780e-06	-6.869203e-10	-1.116110e+01	-4.397592e+01
5.910000e-06	-1.654147e-06	-7.180254e-10	-1.146871e+01	-4.582964e+01
5.920000e-06	-1.698466e-06	-7.450858e-10	-1.177599e+01	-4.764731e+01
5.930000e-06	-1.742722e-06	-7.706117e-10	-1.208283e+01	-4.942807e+01
5.940000e-06	-1.786945e-06	-7.960085e-10	-1.238944e+01	-5.117126e+01
5.950000e-06	-1.831130e-06	-8.234423e-10	-1.269579e+01	-5.287643e+01
5.960000e-06	-1.875255e-06	-8.530116e-10	-1.300172e+01	-5.454325e+01
5.970000e-06	-1.919297e-06	-8.842618e-10	-1.330708e+01	-5.617159e+01
5.980000e-06	-1.963197e-06	-9.145791e-10	-1.361145e+01	-5.776146e+01
5.990000e-06	-2.006969e-06	-9.412642e-10	-1.391493e+01	-5.931298e+01
6.000000e-06	-2.050618e-06	-9.657365e-10	-1.421757e+01	-6.082640e+01
6.010000e-06	-2.094162e-06	-9.910820e-10	-1.451947e+01	-6.230207e+01
6.020000e-06	-2.137560e-06	-1.014734e-09	-1.482036e+01	-6.374042e+01
6.030000e-06	-2.180697e-06	-1.034496e-09	-1.511944e+01	-6.514195e+01
6.040000e-06	-2.223663e-06	-1.053488e-09	-1.541734e+01	-6.650721e+01
6.050000e-06	-2.266557e-06	-1.074500e-09	-1.571474e+01	-6.783682e+01
6.060000e-06	-2.309295e-06	-1.096413e-09	-1.601105e+01	-6.913139e+01
6.070000e-06	-2.351784e-06	-1.118402e-09	-1.630564e+01	-7.039157e+01
6.080000e-06	-2.394175e-06	-1.138686e-09	-1.659955e+01	-7.161802e+01
6.090000e-06	-2.436491e-06	-1.156258e-09	-1.689294e+01	-7.281141e+01
6.100000e-06	-2.478556e-06	-1.174008e-09	-1.718460e+01	-7.397238e+01
6.110000e-06	-2.520384e-06	-1.191433e-09	-1.747460e+01	-7.510157e+01
6.120000e-06	-2.562043e-06	-1.210105e-09	-1.776343e+01	-7.619962e+01
6.130000e-06	-2.603502e-06	-1.228699e-09	-1.805088e+01	-7.726714e+01
6.140000e-06	-2.644764e-06	-1.247184e-09	-1.833696e+01	-7.830470e+01
6.150000e-06	-2.685947e-06	-1.269331e-09	-1.862249e+01	-7.931288e+01
6.160000e-06	-2.726950e-06	-1.290301e-09	-1.890678e+01	-8.029223e+01
6.170000e-06	-2.767690e-06	-1.306162e-09	-1.918925e+01	-8.124328e+01
6.180000e-06	-2.808242e-06	-1.318266e-09	-1.947041e+01	-8.216655e+01
6.190000e-06	-2.848630e-06	-1.328941e-09	-1.975043e+01	-8.306253e+01
6.200000e-06	-2.888893e-06	-1.340173e-09	-2.002958e+01	-8.393173e+01
6.210000e-06	-2.929051e-06	-1.353138e-09	-2.030801e+01	-8.477461e+01
6.220000e-06	-2.969137e-06	-1.367491e-09	-2.058594e+01	-8.559168e+01
6.230000e-06	-3.009127e-06	-1.381987e-09	-2.086321e+01	-8.638341e+01
6.240000e-06	-3.048916e-06	-1.396362e-09	-2.113908e+01	-8.715030e+01
6.250000e-06	-3.088430e-06	-1.409586e-09	-2.141303e+01	-8.789284e+01
6.260000e-06	-3.127790e-06	-1.422544e-09	-2.168593e+01	-8.861154e+01
6.270000e-06	-3.166860e-06	-1.431787e-09	-2.195681e+01	-8.930693e+01
6.280000e-06	-3.205400e-06	-1.440106e-09	-2.222402e+01	-8.997953e+01
6.290000e-06	-3.243546e-06	-1.451644e-09	-2.248850e+01	-9.062992e+01
6.300000e-06	-3.281364e-06	-1.465655e-09	-2.275071e+01	-9.125865e+01
6.310000e-06	-3.318744e-06	-1.479511e-09	-2.300987e+01	-9.186632e+01
6.320000e-06	-3.355721e-06	-1.491556e-09	-2.326625e+01	-9.245354e+01
6.330000e-06	-3.392458e-06	-1.502381e-09	-2.352095e+01	-9.302094e+01
6.340000e-06	-3.429003e-06	-1.509032e-09	-2.377433e+01	-9.356915e+01
6.350000e-06	-3.465373e-06	-1.515936e-09	-2.402650e+01	-9.409883e+01
6.360000e-06	-3.501593e-06	-1.523011e-09	-2.427762e+01	-9.461064e+01
6.370000e-06	-3.537656e-06	-1.531126e-09	-2.452766e+01	-9.510526e+01
6.380000e-06	-3.573572e-06	-1.538308e-09	-2.477668e+01	-9.558336e+01
6.390000e-06	-3.609390e-06	-1.547297e-09	-2.502501e+01	-9.604563e+01
6.400000e-06	-3.644960e-06	-1.557788e-09	-2.527163e+01	-9.649275e+01
6.410000e-06	-3.680185e-06	-1.566075e-09	-2.551586e+01	-9.692539e+01
6.420000e-06	-3.715081e-06	-1.574586e-09	-2.575780e+01	-9.734421e+01
6.430000e-06	-3.749623e-06	-1.582189e-09	-2.599729e+01	-9.774986e+01
6.440000e-06	-3.783913e-06	-1.588333e-09	-2.623504e+01	-9.814300e+01
6.450000e-06	-3.818075e-06	-1.592885e-09	-2.647189e+01	-9.852422e+01
6.460000e-06	-3.852019e-06	-1.597586e-09	-2.670723e+01	-9.889414e+01
6.470000e-06	-3.885587e-06	-1.603363e-09	-2.693997e+01	-9.925332e+01
6.480000e-06	-3.918841e-06	-1.608293e-09	-2.717053e+01	-9.960232e+01
6.490000e-06	-3.951788e-06	-1.613753e-09	-2.739896e+01	-9.994164e+01
6.500000e-06	-3.984424e-06	-1.617936e-09	-2.762523e+01	-1.002718e+02
6.510000e-06	-4.016858e-06	-1.621345e-09	-2.785012e+01	-1.005932e+02
6.520000e-06	-4.049131e-06	-1.627635e-09	-2.807387e+01	-1.009063e+02
6.530000e-06	-4.081269e-06	-1.635748e-09	-2.829669e+01	-1.012114e+02
6.540000e-06	-4.113326e-06	-1.642997e-09	-2.851896e+01	-1.015090e+02
6.550000e-06	-4.145151e-06	-1.646584e-09	-2.873961e+01	-1.017993e+02
6.560000e-06	-4.176554e-06	-1.650915e-09	-2.895733e+01	-1.020827e+02
6.570000e-06	-4.207438e-06	-1.656638e-09	-2.917146e+01	-1.023593e+02
6.580000e-06	-4.237767e-06	-1.662946e-09	-2.938174e+01	-1.026294e+02
6.590000e-06	-4.267660e-06	-1.670529e-09	-2.958900e+01	-1.028933e+02
6.600000e-06	-4.297063e-06	-1.678300e-09	-2.979286e+01	-1.031509e+02
6.610000e-06	-4.326001e-06	-1.685158e-09	-2.999350e+01	-1.034025e+02
6.620000e-06	-4.354616e-06	-1.690151e-09	-3.019189e+01	-1.036481e+02
6.630000e-06	-4.382972e-06	-1.692449e-09	-3.038850e+01	-1.038879e+02
6.640000e-06	-4.411204e-06	-1.694994e-09	-3.058423e+01	-1.041218e+02
6.650000e-06	-4.439327e-06	-1.698033e-09	-3.077922e+01	-1.043500e+02
6.660000e-06	-4.467276e-06	-1.700524e-09	-3.097300e+01	-1.045723e+02
6.670000e-06	-4.494887e-06	-1.701655e-09	-3.116444e+01	-1.047888e+02
6.680000e-06	-4.522085e-06	-1.701479e-09	-3.135301e+01	-1.049996e+02
6.690000e-06	-4.548967e-06	-1.700571e-09	-3.153939e+01	-1.052044e+02
6.700000e-06	-4.575570e-06	-1.700782e-09	-3.172384e+01	-1.054034e+02
6.710000e-06	-4.601848e-06	-1.701418e-09	-3.190603e+01	-1.055964e+02
6.720000e-06	-4.627764e-06	-1.702473e-09	-3.208571e+01	-1.057834e+02
6.730000e-06	-4.653312e-06	-1.706366e-09	-3.226284e+01	-1.059644e+02
6.740000e-06	-4.678430e-06	-1.712437e-09	-3.243699e+01	-1.061393e+02
6.750000e-06	-4.703148e-06	-1.717513e-09	-3.260838e+01	-1.063080e+02
6.760000e-06	-4.727660e-06	-1.718497e-09	-3.277832e+01	-1.064705e+02
6.770000e-06	-4.752004e-06	-1.718381e-09	-3.294710e+01	-1.066268e+02
6.780000e-06	-4.776181e-06	-1.720000e-09	-3.311473e+01	-1.067768e+02
6.790000e-06	-4.800225e-06	-1.723480e-09	-3.328144e+01	-1.069206e+02
6.800000e-06	-4.824013e-06	-1.727417e-09	-3.344637e+01	-1.070582e+02
6.810000e-06	-4.847424e-06	-1.731874e-09	-3.360868e+01	-1.071896e+02
6.820000e-06	-4.870449e-06	-1.734592e-09	-3.376832e+01	-1.073148e+02
6.830000e-06	-4.892855e-06	-1.733301e-09	-3.392367e+01	-1.074339e+02
6.840000e-06	-4.914578e-06	-1.730728e-09	-3.407428e+01	-1.075471e+02
6.850000e-06	-4.935779e-06	-1.728826e-09	-3.422127e+01	-1.076543e+02
6.860000e-06	-4.956503e-06	-1.726706e-09	-3.436496e+01	-1.077557e+02
6.870000e-06	-4.976902e-06	-1.725601e-09	-3.450640e+01	-1.078515e+02
6.880000e-06	-4.997145e-06	-1.726993e-09	-3.464675e+01	-1.079418e+02
6.890000e-06	-5.017204e-06	-1.730098e-09	-3.478582e+01	-1.080269e+02
6.900000e-06	-5.037053e-06	-1.734090e-09	-3.492344e+01	-1.081068e+02
6.910000e-06	-5.056613e-06	-1.735275e-09	-3.505905e+01	-1.081819e+02
6.920000e-06	-5.075650e-06	-1.735559e-09	-3.519105e+01	-1.082522e+02
6.930000e-06	-5.094218e-06	-1.738010e-09	-3.531978e+01	-1.083181e+02
6.940000e-06	-5.112509e-06	-1.739052e-09	-3.544660e+01	-1.083798e+02
6.950000e-06	-5.130569e-06	-1.739647e-09	-3.557181e+01	-1.084375e+02
6.960000e-06	-5.148313e-06	-1.739229e-09	-3.569484e+01	-1.084913e+02
6.970000e-06	-5.165662e-06	-1.735314e-09	-3.581513e+01	-1.085416e+02
6.980000e-06	-5.182534e-06	-1.731217e-09	-3.593210e+01	-1.085886e+02
6.990000e-06	-5.198998e-06	-1.728963e-09	-3.604625e+01	-1.086323e+02
7.000000e-06	-5.215312e-06	-1.727767e-09	-3.615936e+01	-1.086730e+02
7.010000e-06	-5.231513e-06	-1.728756e-09	-3.627169e+01	-1.087109e+02
7.020000e-06	-5.247327e-06	-1.730261e-09	-3.638133e+01	-1.087460e+02
7.030000e-06	-5.262645e-06	-1.730571e-09	-3.648754e+01	-1.087785e+02
7.040000e-06	-5.277410e-06	-1.729411e-09	-3.658991e+01	-1.088084e+02
7.050000e-06	-5.291390e-06	-1.727489e-09	-3.668683e+01	-1.088358e+02
7.060000e-06	-5.304660e-06	-1.724917e-09	-3.677884e+01	-1.088608e+02
7.070000e-06	-5.317476e-06	-1.722490e-09	-3.686770e+01	-1.088833e+02
7.080000e-06	-5.329985e-06	-1.724640e-09	-3.695442e+01	-1.089032e+02
7.090000e-06	-5.342221e-06	-1.726875e-09	-3.703926e+01	-1.089206e+02
7.100000e-06	-5.354133e-06	-1.726954e-09	-3.712185e+01	-1.089354e+02
7.110000e-06	-5.365692e-06	-1.726660e-09	-3.720200e+01	-1.089474e+02
7.120000e-06	-5.376813e-06	-1.724517e-09	-3.727910e+01	-1.089566e+02
7.130000e-06	-5.387505e-06	-1.719087e-09	-3.735323e+01	-1.089629e+02
7.140000e-06	-5.397866e-06	-1.712937e-09	-3.742507e+01	-1.089661e+02
7.150000e-06	-5.407852e-06	-1.708682e-09	-3.749430e+01	-1.089661e+02
7.160000e-06	-5.417443e-06	-1.705804e-09	-3.756080e+01	-1.089627e+02
7.170000e-06	-5.426667e-06	-1.704859e-09	-3.762475e+01	-1.089560e+02
7.180000e-06	-5.435478e-06	-1.703579e-09	-3.768584e+01	-1.089457e+02
7.190000e-06	-5.443973e-06	-1.701431e-09	-3.774474e+01	-1.089318e+02
7.200000e-06	-5.452279e-06	-1.700293e-09	-3.780233e+01	-1.089143e+02
7.210000e-06	-5.460380e-06	-1.699905e-09	-3.785850e+01	-1.088932e+02
7.220000e-06	-5.468267e-06	-1.700295e-09	-3.791318e+01	-1.088685e+02
7.230000e-06	-5.475746e-06	-1.701652e-09	-3.796503e+01	-1.088402e+02
7.240000e-06	-5.482674e-06	-1.701829e-09	-3.801306e+01	-1.088084e+02
7.250000e-06	-5.488949e-06	-1.698987e-09	-3.805657e+01	-1.087733e+02
7.260000e-06	-5.494453e-06	-1.694222e-09	-3.809473e+01	-1.087351e+02
7.270000e-06	-5.499314e-06	-1.689462e-09	-3.812843e+01	-1.086940e+02
7.280000e-06	-5.503811e-06	-1.684614e-09	-3.815962e+01	-1.086502e+02
7.290000e-06	-5.508136e-06	-1.679291e-09	-3.818961e+01	-1.086041e+02
7.300000e-06	-5.512279e-06	-1.676523e-09	-3.821832e+01	-1.085560e+02
7.310000e-06	-5.516139e-06	-1.675995e-09	-3.824509e+01	-1.085062e+02
7.320000e-06	-5.519620e-06	-1.673704e-09	-3.826923e+01	-1.084551e+02
7.330000e-06	-5.522676e-06	-1.668753e-09	-3.829042e+01	-1.084032e+02
7.340000e-06	-5.525336e-06	-1.663832e-09	-3.830886e+01	-1.083508e+02
7.350000e-06	-5.527719e-06	-1.660193e-09	-3.832538e+01	-1.082983e+02
7.360000e-06	-5.529796e-06	-1.657280e-09	-3.833978e+01	-1.082462e+02
7.370000e-06	-5.531422e-06	-1.656240e-09	-3.835105e+01	-1.081947e+02
7.380000e-06	-5.532590e-06	-1.656493e-09	-3.835915e+01	-1.081442e+02
7.390000e-06	-5.533349e-06	-1.656370e-09	-3.836441e+01	-1.080951e+02
7.400000e-06	-5.533735e-06	-1.655061e-09	-3.836709e+01	-1.080476e+02
