# Temperatura_=_18.6
# Concentracion g/m^3_=_4090.0
# C_Vs_to_Am_M_A/Vsm_=_65563218390.804596
# pendiente_HvsI_1/m_=_3716.3
# ordenada_HvsI_A/m_=_1297.0
# frecuencia_Hz_=_135077.99118572427

Tiempo_(s)	Campo_(V.s)	Magnetizacion_(V.s)	Campo_(kA/m)	Magnetizacion_(A/m)
0.000000e+00	-5.390888e-06	-2.697527e-09	-3.838971e+01	-1.724657e+02
1.000000e-08	-5.390995e-06	-2.697203e-09	-3.839048e+01	-1.724523e+02
2.000000e-08	-5.390910e-06	-2.696892e-09	-3.838987e+01	-1.724369e+02
3.000000e-08	-5.390550e-06	-2.698180e-09	-3.838731e+01	-1.724205e+02
4.000000e-08	-5.389801e-06	-2.701861e-09	-3.838197e+01	-1.724041e+02
5.000000e-08	-5.388632e-06	-2.700105e-09	-3.837365e+01	-1.723887e+02
6.000000e-08	-5.386906e-06	-2.694053e-09	-3.836136e+01	-1.723753e+02
7.000000e-08	-5.384577e-06	-2.697010e-09	-3.834477e+01	-1.723650e+02
8.000000e-08	-5.381629e-06	-2.700769e-09	-3.832378e+01	-1.723587e+02
9.000000e-08	-5.378027e-06	-2.693335e-09	-3.829813e+01	-1.723574e+02
1.000000e-07	-5.373931e-06	-2.705208e-09	-3.826896e+01	-1.723619e+02
1.100000e-07	-5.369605e-06	-2.730084e-09	-3.823815e+01	-1.723732e+02
1.200000e-07	-5.365154e-06	-2.653999e-09	-3.820646e+01	-1.723918e+02
1.300000e-07	-5.360498e-06	-2.643948e-09	-3.817330e+01	-1.724183e+02
1.400000e-07	-5.355474e-06	-2.672474e-09	-3.813752e+01	-1.724531e+02
1.500000e-07	-5.349979e-06	-2.722473e-09	-3.809840e+01	-1.724965e+02
1.600000e-07	-5.344105e-06	-2.658613e-09	-3.805657e+01	-1.725485e+02
1.700000e-07	-5.337947e-06	-2.596697e-09	-3.801271e+01	-1.726090e+02
1.800000e-07	-5.331344e-06	-2.688758e-09	-3.796569e+01	-1.726778e+02
1.900000e-07	-5.324281e-06	-2.728001e-09	-3.791539e+01	-1.727545e+02
2.000000e-07	-5.316927e-06	-2.663297e-09	-3.786302e+01	-1.728382e+02
2.100000e-07	-5.309384e-06	-2.583441e-09	-3.780930e+01	-1.729284e+02
2.200000e-07	-5.301624e-06	-2.663547e-09	-3.775405e+01	-1.730240e+02
2.300000e-07	-5.293505e-06	-2.669586e-09	-3.769623e+01	-1.731239e+02
2.400000e-07	-5.285116e-06	-2.616067e-09	-3.763649e+01	-1.732268e+02
2.500000e-07	-5.276258e-06	-2.615565e-09	-3.757341e+01	-1.733315e+02
2.600000e-07	-5.266672e-06	-2.712460e-09	-3.750514e+01	-1.734365e+02
2.700000e-07	-5.256386e-06	-2.680284e-09	-3.743190e+01	-1.735403e+02
2.800000e-07	-5.245577e-06	-2.623065e-09	-3.735492e+01	-1.736413e+02
2.900000e-07	-5.234310e-06	-2.650091e-09	-3.727469e+01	-1.737380e+02
3.000000e-07	-5.222582e-06	-2.680368e-09	-3.719117e+01	-1.738287e+02
3.100000e-07	-5.210510e-06	-2.614896e-09	-3.710521e+01	-1.739121e+02
3.200000e-07	-5.198145e-06	-2.609518e-09	-3.701715e+01	-1.739864e+02
3.300000e-07	-5.185362e-06	-2.679658e-09	-3.692612e+01	-1.740505e+02
3.400000e-07	-5.172134e-06	-2.667980e-09	-3.683192e+01	-1.741029e+02
3.500000e-07	-5.158547e-06	-2.615924e-09	-3.673516e+01	-1.741424e+02
3.600000e-07	-5.144688e-06	-2.646772e-09	-3.663647e+01	-1.741680e+02
3.700000e-07	-5.130547e-06	-2.673114e-09	-3.653577e+01	-1.741787e+02
3.800000e-07	-5.115869e-06	-2.630928e-09	-3.643124e+01	-1.741738e+02
3.900000e-07	-5.100471e-06	-2.621317e-09	-3.632159e+01	-1.741527e+02
4.000000e-07	-5.084535e-06	-2.649579e-09	-3.620810e+01	-1.741149e+02
4.100000e-07	-5.068164e-06	-2.639556e-09	-3.609152e+01	-1.740603e+02
4.200000e-07	-5.051331e-06	-2.621055e-09	-3.597165e+01	-1.739887e+02
4.300000e-07	-5.034096e-06	-2.648343e-09	-3.584892e+01	-1.739003e+02
4.400000e-07	-5.016629e-06	-2.624664e-09	-3.572453e+01	-1.737953e+02
4.500000e-07	-4.999028e-06	-2.600060e-09	-3.559919e+01	-1.736741e+02
4.600000e-07	-4.981082e-06	-2.610748e-09	-3.547139e+01	-1.735372e+02
4.700000e-07	-4.962709e-06	-2.630613e-09	-3.534055e+01	-1.733855e+02
4.800000e-07	-4.943854e-06	-2.592709e-09	-3.520629e+01	-1.732196e+02
4.900000e-07	-4.924650e-06	-2.599238e-09	-3.506953e+01	-1.730405e+02
5.000000e-07	-4.905153e-06	-2.614963e-09	-3.493069e+01	-1.728492e+02
5.100000e-07	-4.885359e-06	-2.614608e-09	-3.478973e+01	-1.726466e+02
5.200000e-07	-4.865394e-06	-2.589953e-09	-3.464756e+01	-1.724340e+02
5.300000e-07	-4.845234e-06	-2.596231e-09	-3.450399e+01	-1.722124e+02
5.400000e-07	-4.824772e-06	-2.586052e-09	-3.435828e+01	-1.719830e+02
5.500000e-07	-4.803991e-06	-2.589733e-09	-3.421029e+01	-1.717468e+02
5.600000e-07	-4.782813e-06	-2.586201e-09	-3.405948e+01	-1.715049e+02
5.700000e-07	-4.761228e-06	-2.579212e-09	-3.390577e+01	-1.712583e+02
5.800000e-07	-4.739361e-06	-2.566051e-09	-3.375005e+01	-1.710081e+02
5.900000e-07	-4.717205e-06	-2.573577e-09	-3.359226e+01	-1.707551e+02
6.000000e-07	-4.694639e-06	-2.565656e-09	-3.343157e+01	-1.705002e+02
6.100000e-07	-4.671828e-06	-2.552086e-09	-3.326913e+01	-1.702441e+02
6.200000e-07	-4.648743e-06	-2.545484e-09	-3.310473e+01	-1.699875e+02
6.300000e-07	-4.625196e-06	-2.547363e-09	-3.293705e+01	-1.697308e+02
6.400000e-07	-4.601434e-06	-2.544921e-09	-3.276783e+01	-1.694746e+02
6.500000e-07	-4.577513e-06	-2.540006e-09	-3.259749e+01	-1.692192e+02
6.600000e-07	-4.553350e-06	-2.533032e-09	-3.242542e+01	-1.689648e+02
6.700000e-07	-4.528951e-06	-2.529405e-09	-3.225167e+01	-1.687117e+02
6.800000e-07	-4.504253e-06	-2.532592e-09	-3.207579e+01	-1.684597e+02
6.900000e-07	-4.479098e-06	-2.522047e-09	-3.189666e+01	-1.682090e+02
7.000000e-07	-4.453400e-06	-2.510201e-09	-3.171366e+01	-1.679593e+02
7.100000e-07	-4.427208e-06	-2.503405e-09	-3.152714e+01	-1.677105e+02
7.200000e-07	-4.400410e-06	-2.507021e-09	-3.133630e+01	-1.674624e+02
7.300000e-07	-4.373178e-06	-2.501723e-09	-3.114237e+01	-1.672146e+02
7.400000e-07	-4.345671e-06	-2.498128e-09	-3.094649e+01	-1.669667e+02
7.500000e-07	-4.317891e-06	-2.486988e-09	-3.074867e+01	-1.667184e+02
7.600000e-07	-4.289980e-06	-2.487509e-09	-3.054991e+01	-1.664692e+02
7.700000e-07	-4.261899e-06	-2.484145e-09	-3.034993e+01	-1.662186e+02
7.800000e-07	-4.233547e-06	-2.481892e-09	-3.014803e+01	-1.659662e+02
7.900000e-07	-4.204923e-06	-2.473667e-09	-2.994419e+01	-1.657115e+02
8.000000e-07	-4.176000e-06	-2.476380e-09	-2.973822e+01	-1.654540e+02
8.100000e-07	-4.146764e-06	-2.472826e-09	-2.953003e+01	-1.651931e+02
8.200000e-07	-4.117222e-06	-2.471961e-09	-2.931966e+01	-1.649285e+02
8.300000e-07	-4.087396e-06	-2.463818e-09	-2.910726e+01	-1.646597e+02
8.400000e-07	-4.057348e-06	-2.461738e-09	-2.889328e+01	-1.643862e+02
8.500000e-07	-4.027035e-06	-2.457018e-09	-2.867742e+01	-1.641076e+02
8.600000e-07	-3.996551e-06	-2.453078e-09	-2.846033e+01	-1.638235e+02
8.700000e-07	-3.965775e-06	-2.443142e-09	-2.824117e+01	-1.635336e+02
8.800000e-07	-3.934694e-06	-2.438593e-09	-2.801984e+01	-1.632376e+02
8.900000e-07	-3.903407e-06	-2.434152e-09	-2.779703e+01	-1.629351e+02
9.000000e-07	-3.871834e-06	-2.430375e-09	-2.757219e+01	-1.626260e+02
9.100000e-07	-3.840062e-06	-2.422433e-09	-2.734593e+01	-1.623100e+02
9.200000e-07	-3.808139e-06	-2.418483e-09	-2.711861e+01	-1.619869e+02
9.300000e-07	-3.776012e-06	-2.418280e-09	-2.688982e+01	-1.616567e+02
9.400000e-07	-3.743630e-06	-2.416456e-09	-2.665922e+01	-1.613192e+02
9.500000e-07	-3.710988e-06	-2.409700e-09	-2.642678e+01	-1.609743e+02
9.600000e-07	-3.678001e-06	-2.401325e-09	-2.619187e+01	-1.606222e+02
9.700000e-07	-3.644485e-06	-2.397050e-09	-2.595319e+01	-1.602628e+02
9.800000e-07	-3.610504e-06	-2.392428e-09	-2.571120e+01	-1.598963e+02
9.900000e-07	-3.576248e-06	-2.386462e-09	-2.546726e+01	-1.595226e+02
1.000000e-06	-3.541648e-06	-2.377435e-09	-2.522087e+01	-1.591421e+02
1.010000e-06	-3.506655e-06	-2.376534e-09	-2.497167e+01	-1.587549e+02
1.020000e-06	-3.471325e-06	-2.376270e-09	-2.472008e+01	-1.583611e+02
1.030000e-06	-3.435725e-06	-2.371750e-09	-2.446656e+01	-1.579612e+02
1.040000e-06	-3.399959e-06	-2.361499e-09	-2.421187e+01	-1.575554e+02
1.050000e-06	-3.364054e-06	-2.356018e-09	-2.395618e+01	-1.571439e+02
1.060000e-06	-3.328004e-06	-2.348349e-09	-2.369945e+01	-1.567272e+02
1.070000e-06	-3.291840e-06	-2.339229e-09	-2.344192e+01	-1.563055e+02
1.080000e-06	-3.255543e-06	-2.324246e-09	-2.318345e+01	-1.558792e+02
1.090000e-06	-3.219056e-06	-2.314510e-09	-2.292362e+01	-1.554486e+02
1.100000e-06	-3.182314e-06	-2.308545e-09	-2.266196e+01	-1.550141e+02
1.110000e-06	-3.145337e-06	-2.303301e-09	-2.239864e+01	-1.545760e+02
1.120000e-06	-3.108095e-06	-2.292302e-09	-2.213344e+01	-1.541345e+02
1.130000e-06	-3.070577e-06	-2.288354e-09	-2.186626e+01	-1.536900e+02
1.140000e-06	-3.032825e-06	-2.285118e-09	-2.159743e+01	-1.532426e+02
1.150000e-06	-2.994866e-06	-2.281002e-09	-2.132711e+01	-1.527924e+02
1.160000e-06	-2.956730e-06	-2.268966e-09	-2.105553e+01	-1.523396e+02
1.170000e-06	-2.918404e-06	-2.253769e-09	-2.078261e+01	-1.518842e+02
1.180000e-06	-2.879864e-06	-2.240976e-09	-2.050815e+01	-1.514260e+02
1.190000e-06	-2.841076e-06	-2.233212e-09	-2.023194e+01	-1.509651e+02
1.200000e-06	-2.802137e-06	-2.225407e-09	-1.995464e+01	-1.505012e+02
1.210000e-06	-2.762938e-06	-2.217594e-09	-1.967550e+01	-1.500338e+02
1.220000e-06	-2.723572e-06	-2.211136e-09	-1.939516e+01	-1.495627e+02
1.230000e-06	-2.684101e-06	-2.206053e-09	-1.911408e+01	-1.490873e+02
1.240000e-06	-2.644422e-06	-2.197116e-09	-1.883152e+01	-1.486071e+02
1.250000e-06	-2.604592e-06	-2.182130e-09	-1.854788e+01	-1.481212e+02
1.260000e-06	-2.564620e-06	-2.167060e-09	-1.826323e+01	-1.476289e+02
1.270000e-06	-2.524568e-06	-2.155694e-09	-1.797801e+01	-1.471295e+02
1.280000e-06	-2.484404e-06	-2.148504e-09	-1.769200e+01	-1.466218e+02
1.290000e-06	-2.444166e-06	-2.142882e-09	-1.740545e+01	-1.461050e+02
1.300000e-06	-2.403852e-06	-2.137287e-09	-1.711837e+01	-1.455779e+02
1.310000e-06	-2.363355e-06	-2.130467e-09	-1.682997e+01	-1.450395e+02
1.320000e-06	-2.322674e-06	-2.125016e-09	-1.654028e+01	-1.444886e+02
1.330000e-06	-2.281828e-06	-2.113226e-09	-1.624940e+01	-1.439241e+02
1.340000e-06	-2.240714e-06	-2.095994e-09	-1.595663e+01	-1.433449e+02
1.350000e-06	-2.199313e-06	-2.078697e-09	-1.566180e+01	-1.427498e+02
1.360000e-06	-2.157555e-06	-2.068421e-09	-1.536443e+01	-1.421378e+02
1.370000e-06	-2.115431e-06	-2.060528e-09	-1.506446e+01	-1.415078e+02
1.380000e-06	-2.073127e-06	-2.054688e-09	-1.476320e+01	-1.408588e+02
1.390000e-06	-2.030730e-06	-2.046299e-09	-1.446128e+01	-1.401900e+02
1.400000e-06	-1.988004e-06	-2.038348e-09	-1.415702e+01	-1.395006e+02
1.410000e-06	-1.944961e-06	-2.029344e-09	-1.385050e+01	-1.387898e+02
1.420000e-06	-1.901812e-06	-2.014067e-09	-1.354322e+01	-1.380569e+02
1.430000e-06	-1.858506e-06	-1.993178e-09	-1.323483e+01	-1.373016e+02
1.440000e-06	-1.814980e-06	-1.977281e-09	-1.292488e+01	-1.365235e+02
1.450000e-06	-1.771315e-06	-1.967660e-09	-1.261393e+01	-1.357221e+02
1.460000e-06	-1.727571e-06	-1.960640e-09	-1.230242e+01	-1.348974e+02
1.470000e-06	-1.683710e-06	-1.949948e-09	-1.199007e+01	-1.340494e+02
1.480000e-06	-1.639785e-06	-1.936214e-09	-1.167727e+01	-1.331779e+02
1.490000e-06	-1.595786e-06	-1.920966e-09	-1.136394e+01	-1.322831e+02
1.500000e-06	-1.551735e-06	-1.904589e-09	-1.105025e+01	-1.313653e+02
1.510000e-06	-1.507639e-06	-1.886054e-09	-1.073624e+01	-1.304245e+02
1.520000e-06	-1.463449e-06	-1.868062e-09	-1.042155e+01	-1.294611e+02
1.530000e-06	-1.419233e-06	-1.854197e-09	-1.010667e+01	-1.284753e+02
1.540000e-06	-1.374991e-06	-1.846532e-09	-9.791620e+00	-1.274673e+02
1.550000e-06	-1.330665e-06	-1.837611e-09	-9.475962e+00	-1.264374e+02
1.560000e-06	-1.286286e-06	-1.822274e-09	-9.159928e+00	-1.253857e+02
1.570000e-06	-1.241813e-06	-1.806412e-09	-8.843225e+00	-1.243123e+02
1.580000e-06	-1.197266e-06	-1.790456e-09	-8.526001e+00	-1.232170e+02
1.590000e-06	-1.152711e-06	-1.772276e-09	-8.208711e+00	-1.220999e+02
1.600000e-06	-1.108077e-06	-1.753236e-09	-7.890860e+00	-1.209604e+02
1.610000e-06	-1.063310e-06	-1.737311e-09	-7.572069e+00	-1.197982e+02
1.620000e-06	-1.018406e-06	-1.723527e-09	-7.252297e+00	-1.186126e+02
1.630000e-06	-9.734159e-07	-1.708419e-09	-6.931911e+00	-1.174027e+02
1.640000e-06	-9.283605e-07	-1.688847e-09	-6.611062e+00	-1.161675e+02
1.650000e-06	-8.831890e-07	-1.667508e-09	-6.289385e+00	-1.149058e+02
1.660000e-06	-8.379744e-07	-1.646914e-09	-5.967402e+00	-1.136160e+02
1.670000e-06	-7.927447e-07	-1.628489e-09	-5.645312e+00	-1.122966e+02
1.680000e-06	-7.474179e-07	-1.607422e-09	-5.322529e+00	-1.109456e+02
1.690000e-06	-7.019911e-07	-1.584738e-09	-4.999035e+00	-1.095611e+02
1.700000e-06	-6.565387e-07	-1.564110e-09	-4.675359e+00	-1.081409e+02
1.710000e-06	-6.110659e-07	-1.545583e-09	-4.351537e+00	-1.066826e+02
1.720000e-06	-5.656166e-07	-1.524467e-09	-4.027882e+00	-1.051838e+02
1.730000e-06	-5.201854e-07	-1.501039e-09	-3.704356e+00	-1.036421e+02
1.740000e-06	-4.746487e-07	-1.478090e-09	-3.380079e+00	-1.020547e+02
1.750000e-06	-4.290098e-07	-1.454337e-09	-3.055074e+00	-1.004192e+02
1.760000e-06	-3.833157e-07	-1.426020e-09	-2.729676e+00	-9.873291e+01
1.770000e-06	-3.375603e-07	-1.397036e-09	-2.403842e+00	-9.699332e+01
1.780000e-06	-2.917910e-07	-1.371296e-09	-2.077909e+00	-9.519799e+01
1.790000e-06	-2.460565e-07	-1.348620e-09	-1.752223e+00	-9.334457e+01
1.800000e-06	-2.002533e-07	-1.322164e-09	-1.426048e+00	-9.143093e+01
1.810000e-06	-1.543550e-07	-1.289858e-09	-1.099197e+00	-8.945507e+01
1.820000e-06	-1.084685e-07	-1.257137e-09	-7.724285e-01	-8.741527e+01
1.830000e-06	-6.266411e-08	-1.224000e-09	-4.462451e-01	-8.531003e+01
1.840000e-06	-1.690723e-08	-1.188950e-09	-1.204002e-01	-8.313816e+01
1.850000e-06	2.881275e-08	-1.152662e-09	2.051820e-01	-8.089874e+01
1.860000e-06	7.456130e-08	-1.117108e-09	5.309676e-01	-7.859121e+01
1.870000e-06	1.203279e-07	-1.084746e-09	8.568815e-01	-7.621533e+01
1.880000e-06	1.660593e-07	-1.051423e-09	1.182545e+00	-7.377120e+01
1.890000e-06	2.118171e-07	-1.014796e-09	1.508397e+00	-7.125928e+01
1.900000e-06	2.576073e-07	-9.759208e-10	1.834479e+00	-6.868036e+01
1.910000e-06	3.033868e-07	-9.334423e-10	2.160485e+00	-6.603561e+01
1.920000e-06	3.491326e-07	-8.897841e-10	2.486251e+00	-6.332648e+01
1.930000e-06	3.947489e-07	-8.475028e-10	2.811095e+00	-6.055478e+01
1.940000e-06	4.402640e-07	-8.069744e-10	3.135218e+00	-5.772258e+01
1.950000e-06	4.857601e-07	-7.667265e-10	3.459206e+00	-5.483225e+01
1.960000e-06	5.311810e-07	-7.253640e-10	3.782659e+00	-5.188639e+01
1.970000e-06	5.766136e-07	-6.803822e-10	4.106194e+00	-4.888782e+01
1.980000e-06	6.220606e-07	-6.312889e-10	4.429832e+00	-4.583953e+01
1.990000e-06	6.673797e-07	-5.810602e-10	4.752559e+00	-4.274469e+01
2.000000e-06	7.126288e-07	-5.332728e-10	5.074788e+00	-3.960656e+01
2.010000e-06	7.578555e-07	-4.893574e-10	5.396858e+00	-3.642851e+01
2.020000e-06	8.029920e-07	-4.464623e-10	5.718285e+00	-3.321393e+01
2.030000e-06	8.480846e-07	-4.010295e-10	6.039399e+00	-2.996625e+01
2.040000e-06	8.931599e-07	-3.524558e-10	6.360391e+00	-2.668890e+01
2.050000e-06	9.381943e-07	-2.995844e-10	6.681091e+00	-2.338524e+01
2.060000e-06	9.831637e-07	-2.459556e-10	7.001328e+00	-2.005859e+01
2.070000e-06	1.028039e-06	-1.964124e-10	7.320894e+00	-1.671219e+01
2.080000e-06	1.072810e-06	-1.505004e-10	7.639719e+00	-1.334916e+01
2.090000e-06	1.117449e-06	-1.047871e-10	7.957604e+00	-9.972527e+00
2.100000e-06	1.161951e-06	-5.964207e-11	8.274513e+00	-6.585173e+00
2.110000e-06	1.206336e-06	-1.352688e-11	8.590587e+00	-3.189866e+00
2.120000e-06	1.250728e-06	3.771864e-11	8.906715e+00	2.107619e-01
2.130000e-06	1.295122e-06	9.404166e-11	9.222850e+00	3.614207e+00
2.140000e-06	1.339448e-06	1.503685e-10	9.538509e+00	7.018087e+00
2.150000e-06	1.383715e-06	2.024489e-10	9.853743e+00	1.042013e+01
2.160000e-06	1.427886e-06	2.489488e-10	1.016829e+01	1.381818e+01
2.170000e-06	1.472001e-06	2.919999e-10	1.048245e+01	1.721014e+01
2.180000e-06	1.516082e-06	3.377307e-10	1.079636e+01	2.059402e+01
2.190000e-06	1.560108e-06	3.857579e-10	1.110987e+01	2.396784e+01
2.200000e-06	1.604094e-06	4.346275e-10	1.142311e+01	2.732969e+01
2.210000e-06	1.648020e-06	4.862611e-10	1.173592e+01	3.067766e+01
2.220000e-06	1.691847e-06	5.394167e-10	1.204802e+01	3.400986e+01
2.230000e-06	1.735661e-06	5.928981e-10	1.236003e+01	3.732435e+01
2.240000e-06	1.779407e-06	6.424514e-10	1.267155e+01	4.061919e+01
2.250000e-06	1.822980e-06	6.888075e-10	1.298185e+01	4.389237e+01
2.260000e-06	1.866493e-06	7.316210e-10	1.329171e+01	4.714186e+01
2.270000e-06	1.909880e-06	7.741875e-10	1.360068e+01	5.036554e+01
2.280000e-06	1.952975e-06	8.187018e-10	1.390757e+01	5.356124e+01
2.290000e-06	1.995780e-06	8.642841e-10	1.421239e+01	5.672674e+01
2.300000e-06	2.038354e-06	9.104079e-10	1.451558e+01	5.985974e+01
2.310000e-06	2.080748e-06	9.582057e-10	1.481747e+01	6.295791e+01
2.320000e-06	2.122906e-06	1.006908e-09	1.511769e+01	6.601885e+01
2.330000e-06	2.164840e-06	1.050843e-09	1.541631e+01	6.904018e+01
2.340000e-06	2.206443e-06	1.090174e-09	1.571257e+01	7.201947e+01
2.350000e-06	2.247690e-06	1.128048e-09	1.600630e+01	7.495434e+01
2.360000e-06	2.288691e-06	1.168749e-09	1.629828e+01	7.784240e+01
2.370000e-06	2.329481e-06	1.208171e-09	1.658875e+01	8.068137e+01
2.380000e-06	2.370128e-06	1.245718e-09	1.687821e+01	8.346901e+01
2.390000e-06	2.410589e-06	1.284015e-09	1.716634e+01	8.620321e+01
2.400000e-06	2.450855e-06	1.324283e-09	1.745308e+01	8.888201e+01
2.410000e-06	2.490998e-06	1.362774e-09	1.773895e+01	9.150357e+01
2.420000e-06	2.531030e-06	1.397307e-09	1.802403e+01	9.406629e+01
2.430000e-06	2.571005e-06	1.429822e-09	1.830870e+01	9.656872e+01
2.440000e-06	2.610949e-06	1.465859e-09	1.859315e+01	9.900967e+01
2.450000e-06	2.650787e-06	1.501826e-09	1.887685e+01	1.013882e+02
2.460000e-06	2.690460e-06	1.534530e-09	1.915936e+01	1.037036e+02
2.470000e-06	2.729859e-06	1.565429e-09	1.943993e+01	1.059554e+02
2.480000e-06	2.769042e-06	1.596440e-09	1.971896e+01	1.081435e+02
2.490000e-06	2.808114e-06	1.626677e-09	1.999721e+01	1.102679e+02
2.500000e-06	2.846917e-06	1.656680e-09	2.027353e+01	1.123291e+02
2.510000e-06	2.885435e-06	1.687570e-09	2.054782e+01	1.143276e+02
2.520000e-06	2.923804e-06	1.718457e-09	2.082106e+01	1.162644e+02
2.530000e-06	2.962049e-06	1.746209e-09	2.109341e+01	1.181406e+02
2.540000e-06	3.000098e-06	1.768993e-09	2.136437e+01	1.199575e+02
2.550000e-06	3.037941e-06	1.789485e-09	2.163385e+01	1.217166e+02
2.560000e-06	3.075589e-06	1.812287e-09	2.190196e+01	1.234196e+02
2.570000e-06	3.112976e-06	1.838167e-09	2.216819e+01	1.250684e+02
2.580000e-06	3.150168e-06	1.863464e-09	2.243305e+01	1.266647e+02
2.590000e-06	3.187081e-06	1.890902e-09	2.269591e+01	1.282107e+02
2.600000e-06	3.223671e-06	1.918322e-09	2.295648e+01	1.297085e+02
2.610000e-06	3.260084e-06	1.940837e-09	2.321578e+01	1.311599e+02
2.620000e-06	3.296346e-06	1.957047e-09	2.347401e+01	1.325672e+02
2.630000e-06	3.332484e-06	1.972456e-09	2.373136e+01	1.339322e+02
2.640000e-06	3.368545e-06	1.990616e-09	2.398816e+01	1.352570e+02
2.650000e-06	3.404501e-06	2.011312e-09	2.424421e+01	1.365433e+02
2.660000e-06	3.440309e-06	2.030549e-09	2.449921e+01	1.377928e+02
2.670000e-06	3.476000e-06	2.049416e-09	2.475337e+01	1.390071e+02
2.680000e-06	3.511450e-06	2.068439e-09	2.500582e+01	1.401876e+02
2.690000e-06	3.546522e-06	2.084374e-09	2.525558e+01	1.413356e+02
2.700000e-06	3.581082e-06	2.095406e-09	2.550169e+01	1.424521e+02
2.710000e-06	3.615058e-06	2.105961e-09	2.574363e+01	1.435381e+02
2.720000e-06	3.648632e-06	2.121515e-09	2.598272e+01	1.445943e+02
2.730000e-06	3.681881e-06	2.140574e-09	2.621949e+01	1.456212e+02
2.740000e-06	3.714719e-06	2.157361e-09	2.645334e+01	1.466193e+02
2.750000e-06	3.747183e-06	2.170915e-09	2.668452e+01	1.475890e+02
2.760000e-06	3.779423e-06	2.185348e-09	2.691411e+01	1.485303e+02
2.770000e-06	3.811492e-06	2.201076e-09	2.714249e+01	1.494433e+02
2.780000e-06	3.843430e-06	2.213959e-09	2.736992e+01	1.503281e+02
2.790000e-06	3.875297e-06	2.224898e-09	2.759685e+01	1.511846e+02
2.800000e-06	3.906965e-06	2.237840e-09	2.782237e+01	1.520127e+02
2.810000e-06	3.938393e-06	2.252559e-09	2.804617e+01	1.528122e+02
2.820000e-06	3.969541e-06	2.264047e-09	2.826799e+01	1.535831e+02
2.830000e-06	4.000293e-06	2.270541e-09	2.848698e+01	1.543254e+02
2.840000e-06	4.030737e-06	2.274316e-09	2.870378e+01	1.550390e+02
2.850000e-06	4.060936e-06	2.280996e-09	2.891883e+01	1.557240e+02
2.860000e-06	4.090882e-06	2.295019e-09	2.913208e+01	1.563807e+02
2.870000e-06	4.120529e-06	2.313538e-09	2.934321e+01	1.570092e+02
2.880000e-06	4.149849e-06	2.329300e-09	2.955200e+01	1.576101e+02
2.890000e-06	4.178968e-06	2.338798e-09	2.975936e+01	1.581838e+02
2.900000e-06	4.207812e-06	2.343035e-09	2.996477e+01	1.587311e+02
2.910000e-06	4.236284e-06	2.342584e-09	3.016752e+01	1.592527e+02
2.920000e-06	4.264509e-06	2.342830e-09	3.036852e+01	1.597496e+02
2.930000e-06	4.292622e-06	2.345294e-09	3.056872e+01	1.602227e+02
2.940000e-06	4.320607e-06	2.352905e-09	3.076800e+01	1.606734e+02
2.950000e-06	4.348399e-06	2.365626e-09	3.096592e+01	1.611028e+02
2.960000e-06	4.375969e-06	2.379766e-09	3.116225e+01	1.615123e+02
2.970000e-06	4.403219e-06	2.391255e-09	3.135631e+01	1.619032e+02
2.980000e-06	4.430180e-06	2.398638e-09	3.154830e+01	1.622771e+02
2.990000e-06	4.456611e-06	2.400979e-09	3.173652e+01	1.626354e+02
3.000000e-06	4.482266e-06	2.398501e-09	3.191922e+01	1.629795e+02
3.010000e-06	4.507270e-06	2.396610e-09	3.209727e+01	1.633109e+02
3.020000e-06	4.531851e-06	2.401364e-09	3.227232e+01	1.636310e+02
3.030000e-06	4.556173e-06	2.409374e-09	3.244553e+01	1.639411e+02
3.040000e-06	4.580256e-06	2.416776e-09	3.261702e+01	1.642425e+02
3.050000e-06	4.604141e-06	2.425044e-09	3.278712e+01	1.645363e+02
3.060000e-06	4.627791e-06	2.433503e-09	3.295553e+01	1.648236e+02
3.070000e-06	4.651135e-06	2.442569e-09	3.312177e+01	1.651052e+02
3.080000e-06	4.674136e-06	2.448153e-09	3.328556e+01	1.653819e+02
3.090000e-06	4.696728e-06	2.452332e-09	3.344645e+01	1.656543e+02
3.100000e-06	4.718972e-06	2.456590e-09	3.360485e+01	1.659229e+02
3.110000e-06	4.740997e-06	2.461307e-09	3.376169e+01	1.661880e+02
3.120000e-06	4.762811e-06	2.463542e-09	3.391704e+01	1.664499e+02
3.130000e-06	4.784273e-06	2.463941e-09	3.406987e+01	1.667084e+02
3.140000e-06	4.805302e-06	2.466434e-09	3.421962e+01	1.669635e+02
3.150000e-06	4.825929e-06	2.473873e-09	3.436652e+01	1.672151e+02
3.160000e-06	4.846262e-06	2.483874e-09	3.451131e+01	1.674628e+02
3.170000e-06	4.866386e-06	2.491392e-09	3.465462e+01	1.677063e+02
3.180000e-06	4.886387e-06	2.498401e-09	3.479705e+01	1.679450e+02
3.190000e-06	4.906228e-06	2.503619e-09	3.493834e+01	1.681785e+02
3.200000e-06	4.925780e-06	2.504186e-09	3.507757e+01	1.684063e+02
3.210000e-06	4.944992e-06	2.500065e-09	3.521439e+01	1.686278e+02
3.220000e-06	4.963766e-06	2.497923e-09	3.534808e+01	1.688425e+02
3.230000e-06	4.981955e-06	2.504144e-09	3.547761e+01	1.690500e+02
3.240000e-06	4.999580e-06	2.513435e-09	3.560313e+01	1.692497e+02
3.250000e-06	5.016939e-06	2.522832e-09	3.572674e+01	1.694414e+02
3.260000e-06	5.034101e-06	2.533182e-09	3.584895e+01	1.696247e+02
3.270000e-06	5.050988e-06	2.545374e-09	3.596921e+01	1.697993e+02
3.280000e-06	5.067673e-06	2.552873e-09	3.608803e+01	1.699653e+02
3.290000e-06	5.084116e-06	2.550730e-09	3.620512e+01	1.701226e+02
3.300000e-06	5.100000e-06	2.545172e-09	3.631824e+01	1.702712e+02
3.310000e-06	5.115272e-06	2.540609e-09	3.642699e+01	1.704113e+02
3.320000e-06	5.130089e-06	2.541069e-09	3.653251e+01	1.705432e+02
3.330000e-06	5.144447e-06	2.546108e-09	3.663476e+01	1.706673e+02
3.340000e-06	5.158466e-06	2.553393e-09	3.673459e+01	1.707841e+02
3.350000e-06	5.172232e-06	2.562911e-09	3.683262e+01	1.708939e+02
3.360000e-06	5.185694e-06	2.573702e-09	3.692848e+01	1.709975e+02
3.370000e-06	5.198757e-06	2.578775e-09	3.702151e+01	1.710954e+02
3.380000e-06	5.211391e-06	2.574093e-09	3.711147e+01	1.711882e+02
3.390000e-06	5.223653e-06	2.566024e-09	3.719880e+01	1.712765e+02
3.400000e-06	5.235570e-06	2.563298e-09	3.728366e+01	1.713611e+02
3.410000e-06	5.247107e-06	2.566926e-09	3.736582e+01	1.714425e+02
3.420000e-06	5.258166e-06	2.571985e-09	3.744457e+01	1.715212e+02
3.430000e-06	5.268624e-06	2.576828e-09	3.751904e+01	1.715978e+02
3.440000e-06	5.278391e-06	2.584690e-09	3.758860e+01	1.716728e+02
3.450000e-06	5.287580e-06	2.594124e-09	3.765403e+01	1.717464e+02
3.460000e-06	5.296240e-06	2.597589e-09	3.771571e+01	1.718189e+02
3.470000e-06	5.304445e-06	2.593595e-09	3.777414e+01	1.718905e+02
3.480000e-06	5.312399e-06	2.587924e-09	3.783077e+01	1.719614e+02
3.490000e-06	5.320147e-06	2.585587e-09	3.788595e+01	1.720314e+02
3.500000e-06	5.327665e-06	2.586476e-09	3.793949e+01	1.721006e+02
3.510000e-06	5.334873e-06	2.585630e-09	3.799082e+01	1.721686e+02
3.520000e-06	5.341676e-06	2.586123e-09	3.803927e+01	1.722352e+02
3.530000e-06	5.348124e-06	2.591030e-09	3.808518e+01	1.723002e+02
3.540000e-06	5.354284e-06	2.597526e-09	3.812905e+01	1.723630e+02
3.550000e-06	5.360056e-06	2.601345e-09	3.817016e+01	1.724232e+02
3.560000e-06	5.365394e-06	2.601729e-09	3.820817e+01	1.724804e+02
3.570000e-06	5.370299e-06	2.602882e-09	3.824309e+01	1.725341e+02
3.580000e-06	5.374766e-06	2.604822e-09	3.827491e+01	1.725838e+02
3.590000e-06	5.378943e-06	2.603387e-09	3.830465e+01	1.726292e+02
3.600000e-06	5.383010e-06	2.598513e-09	3.833361e+01	1.726697e+02
3.610000e-06	5.386882e-06	2.594014e-09	3.836119e+01	1.727050e+02
3.620000e-06	5.390498e-06	2.594935e-09	3.838694e+01	1.727350e+02
3.630000e-06	5.393738e-06	2.600258e-09	3.841001e+01	1.727593e+02
3.640000e-06	5.396344e-06	2.605716e-09	3.842857e+01	1.727781e+02
3.650000e-06	5.398285e-06	2.611506e-09	3.844239e+01	1.727912e+02
3.660000e-06	5.399605e-06	2.617310e-09	3.845179e+01	1.727988e+02
3.670000e-06	5.400360e-06	2.620433e-09	3.845716e+01	1.728013e+02
3.680000e-06	5.400673e-06	2.618919e-09	3.845939e+01	1.727990e+02
3.690000e-06	5.400758e-06	2.613107e-09	3.846000e+01	1.727924e+02
3.700000e-06	5.400716e-06	2.608684e-09	3.845970e+01	1.727823e+02
3.710000e-06	5.400365e-06	2.609829e-09	3.845720e+01	1.727692e+02
3.720000e-06	5.399604e-06	2.612639e-09	3.845178e+01	1.727541e+02
3.730000e-06	5.398426e-06	2.618265e-09	3.844340e+01	1.727378e+02
3.740000e-06	5.396898e-06	2.627641e-09	3.843251e+01	1.727213e+02
3.750000e-06	5.395092e-06	2.632675e-09	3.841965e+01	1.727056e+02
3.760000e-06	5.392912e-06	2.628951e-09	3.840413e+01	1.726918e+02
3.770000e-06	5.390446e-06	2.615715e-09	3.838657e+01	1.726808e+02
3.780000e-06	5.387768e-06	2.622369e-09	3.836750e+01	1.726738e+02
3.790000e-06	5.384624e-06	2.621325e-09	3.834511e+01	1.726716e+02
3.800000e-06	5.380899e-06	2.573610e-09	3.831858e+01	1.726751e+02
3.810000e-06	5.376830e-06	2.613813e-09	3.828961e+01	1.726851e+02
3.820000e-06	5.372639e-06	2.668140e-09	3.825976e+01	1.727025e+02
3.830000e-06	5.368315e-06	2.647343e-09	3.822896e+01	1.727276e+02
3.840000e-06	5.363501e-06	2.596627e-09	3.819468e+01	1.727610e+02
3.850000e-06	5.357986e-06	2.585574e-09	3.815541e+01	1.728029e+02
3.860000e-06	5.351879e-06	2.686392e-09	3.811192e+01	1.728534e+02
3.870000e-06	5.345361e-06	2.651597e-09	3.806551e+01	1.729126e+02
3.880000e-06	5.338529e-06	2.550892e-09	3.801685e+01	1.729800e+02
3.890000e-06	5.331147e-06	2.568496e-09	3.796428e+01	1.730553e+02
3.900000e-06	5.323294e-06	2.692621e-09	3.790836e+01	1.731379e+02
3.910000e-06	5.315228e-06	2.676671e-09	3.785092e+01	1.732271e+02
3.920000e-06	5.306918e-06	2.553696e-09	3.779175e+01	1.733218e+02
3.930000e-06	5.298265e-06	2.611226e-09	3.773013e+01	1.734210e+02
3.940000e-06	5.289326e-06	2.705945e-09	3.766647e+01	1.735236e+02
3.950000e-06	5.280063e-06	2.644014e-09	3.760051e+01	1.736280e+02
3.960000e-06	5.270365e-06	2.549465e-09	3.753144e+01	1.737331e+02
3.970000e-06	5.260247e-06	2.676415e-09	3.745939e+01	1.738371e+02
3.980000e-06	5.249748e-06	2.760217e-09	3.738462e+01	1.739387e+02
3.990000e-06	5.238905e-06	2.658836e-09	3.730741e+01	1.740362e+02
4.000000e-06	5.227608e-06	2.629802e-09	3.722696e+01	1.741280e+02
4.010000e-06	5.215929e-06	2.753543e-09	3.714379e+01	1.742127e+02
4.020000e-06	5.203905e-06	2.740372e-09	3.705816e+01	1.742886e+02
4.030000e-06	5.191492e-06	2.634278e-09	3.696977e+01	1.743544e+02
4.040000e-06	5.178587e-06	2.677108e-09	3.687787e+01	1.744088e+02
4.050000e-06	5.165249e-06	2.764103e-09	3.678289e+01	1.744505e+02
4.060000e-06	5.151325e-06	2.678046e-09	3.668373e+01	1.744785e+02
4.070000e-06	5.136623e-06	2.637316e-09	3.657904e+01	1.744917e+02
4.080000e-06	5.121352e-06	2.711501e-09	3.647029e+01	1.744895e+02
4.090000e-06	5.105737e-06	2.708834e-09	3.635909e+01	1.744711e+02
4.100000e-06	5.089908e-06	2.631598e-09	3.624637e+01	1.744361e+02
4.110000e-06	5.073803e-06	2.665525e-09	3.613168e+01	1.743843e+02
4.120000e-06	5.057475e-06	2.709293e-09	3.601540e+01	1.743155e+02
4.130000e-06	5.040800e-06	2.660388e-09	3.589666e+01	1.742299e+02
4.140000e-06	5.023677e-06	2.660221e-09	3.577472e+01	1.741275e+02
4.150000e-06	5.006200e-06	2.688324e-09	3.565027e+01	1.740090e+02
4.160000e-06	4.988434e-06	2.652121e-09	3.552375e+01	1.738747e+02
4.170000e-06	4.970385e-06	2.627687e-09	3.539522e+01	1.737253e+02
4.180000e-06	4.952015e-06	2.670443e-09	3.526440e+01	1.735617e+02
4.190000e-06	4.933251e-06	2.657949e-09	3.513078e+01	1.733847e+02
4.200000e-06	4.914070e-06	2.638227e-09	3.499419e+01	1.731954e+02
4.210000e-06	4.894574e-06	2.658590e-09	3.485535e+01	1.729946e+02
4.220000e-06	4.874836e-06	2.668407e-09	3.471480e+01	1.727836e+02
4.230000e-06	4.854902e-06	2.633582e-09	3.457284e+01	1.725634e+02
4.240000e-06	4.834823e-06	2.632537e-09	3.442985e+01	1.723351e+02
4.250000e-06	4.814493e-06	2.629820e-09	3.428508e+01	1.720999e+02
4.260000e-06	4.793869e-06	2.626311e-09	3.413821e+01	1.718589e+02
4.270000e-06	4.772891e-06	2.629908e-09	3.398882e+01	1.716130e+02
4.280000e-06	4.751283e-06	2.636167e-09	3.383494e+01	1.713633e+02
4.290000e-06	4.728941e-06	2.622951e-09	3.367584e+01	1.711107e+02
4.300000e-06	4.706013e-06	2.628237e-09	3.351257e+01	1.708561e+02
4.310000e-06	4.682601e-06	2.617849e-09	3.334584e+01	1.706001e+02
4.320000e-06	4.658894e-06	2.603923e-09	3.317702e+01	1.703435e+02
4.330000e-06	4.635031e-06	2.599014e-09	3.300709e+01	1.700868e+02
4.340000e-06	4.610977e-06	2.601298e-09	3.283579e+01	1.698305e+02
4.350000e-06	4.586679e-06	2.593137e-09	3.266276e+01	1.695749e+02
4.360000e-06	4.562101e-06	2.599707e-09	3.248774e+01	1.693203e+02
4.370000e-06	4.537124e-06	2.593839e-09	3.230987e+01	1.690669e+02
4.380000e-06	4.511753e-06	2.583282e-09	3.212920e+01	1.688147e+02
4.390000e-06	4.486116e-06	2.587125e-09	3.194663e+01	1.685638e+02
4.400000e-06	4.460224e-06	2.587014e-09	3.176225e+01	1.683139e+02
4.410000e-06	4.434066e-06	2.577583e-09	3.157597e+01	1.680650e+02
4.420000e-06	4.407611e-06	2.577199e-09	3.138758e+01	1.678167e+02
4.430000e-06	4.380813e-06	2.577835e-09	3.119675e+01	1.675689e+02
4.440000e-06	4.353708e-06	2.569529e-09	3.100372e+01	1.673210e+02
4.450000e-06	4.326282e-06	2.563732e-09	3.080841e+01	1.670728e+02
4.460000e-06	4.298545e-06	2.555467e-09	3.061090e+01	1.668237e+02
4.470000e-06	4.270662e-06	2.551892e-09	3.041234e+01	1.665734e+02
4.480000e-06	4.242655e-06	2.552861e-09	3.021289e+01	1.663213e+02
4.490000e-06	4.214479e-06	2.554984e-09	3.001224e+01	1.660670e+02
4.500000e-06	4.186048e-06	2.551094e-09	2.980978e+01	1.658099e+02
4.510000e-06	4.157123e-06	2.557558e-09	2.960380e+01	1.655497e+02
4.520000e-06	4.127646e-06	2.555623e-09	2.939389e+01	1.652857e+02
4.530000e-06	4.097820e-06	2.550996e-09	2.918149e+01	1.650176e+02
4.540000e-06	4.067547e-06	2.540076e-09	2.896591e+01	1.647449e+02
4.550000e-06	4.036645e-06	2.535608e-09	2.874585e+01	1.644671e+02
4.560000e-06	4.005301e-06	2.533769e-09	2.852264e+01	1.641840e+02
4.570000e-06	3.973743e-06	2.539807e-09	2.829791e+01	1.638951e+02
4.580000e-06	3.942027e-06	2.539883e-09	2.807205e+01	1.636001e+02
4.590000e-06	3.910135e-06	2.538838e-09	2.784495e+01	1.632987e+02
4.600000e-06	3.878097e-06	2.532310e-09	2.761679e+01	1.629906e+02
4.610000e-06	3.845898e-06	2.529093e-09	2.738750e+01	1.626758e+02
4.620000e-06	3.813443e-06	2.521144e-09	2.715638e+01	1.623539e+02
4.630000e-06	3.780673e-06	2.511866e-09	2.692301e+01	1.620248e+02
4.640000e-06	3.747630e-06	2.505574e-09	2.668771e+01	1.616885e+02
4.650000e-06	3.714436e-06	2.507417e-09	2.645133e+01	1.613449e+02
4.660000e-06	3.680946e-06	2.507709e-09	2.621284e+01	1.609939e+02
4.670000e-06	3.647086e-06	2.503626e-09	2.597171e+01	1.606357e+02
4.680000e-06	3.613068e-06	2.494805e-09	2.572946e+01	1.602703e+02
4.690000e-06	3.578912e-06	2.485572e-09	2.548623e+01	1.598978e+02
4.700000e-06	3.544453e-06	2.480013e-09	2.524084e+01	1.595184e+02
4.710000e-06	3.509666e-06	2.474748e-09	2.499311e+01	1.591323e+02
4.720000e-06	3.474588e-06	2.470060e-09	2.474331e+01	1.587396e+02
4.730000e-06	3.439299e-06	2.467773e-09	2.449202e+01	1.583407e+02
4.740000e-06	3.403865e-06	2.467592e-09	2.423968e+01	1.579358e+02
4.750000e-06	3.368229e-06	2.463739e-09	2.398591e+01	1.575252e+02
4.760000e-06	3.332407e-06	2.454955e-09	2.373081e+01	1.571093e+02
4.770000e-06	3.296467e-06	2.441940e-09	2.347488e+01	1.566884e+02
4.780000e-06	3.260432e-06	2.434802e-09	2.321826e+01	1.562628e+02
4.790000e-06	3.224257e-06	2.430200e-09	2.296066e+01	1.558329e+02
4.800000e-06	3.187898e-06	2.426942e-09	2.270173e+01	1.553990e+02
4.810000e-06	3.151278e-06	2.420843e-09	2.244095e+01	1.549614e+02
4.820000e-06	3.114414e-06	2.416986e-09	2.217843e+01	1.545205e+02
4.830000e-06	3.077230e-06	2.411294e-09	2.191364e+01	1.540764e+02
4.840000e-06	3.039617e-06	2.402985e-09	2.164579e+01	1.536294e+02
4.850000e-06	3.001510e-06	2.389868e-09	2.137442e+01	1.531797e+02
4.860000e-06	2.962925e-06	2.380426e-09	2.109965e+01	1.527273e+02
4.870000e-06	2.924044e-06	2.373797e-09	2.082277e+01	1.522723e+02
4.880000e-06	2.884937e-06	2.369471e-09	2.054428e+01	1.518146e+02
4.890000e-06	2.845486e-06	2.363116e-09	2.026334e+01	1.513542e+02
4.900000e-06	2.805798e-06	2.359179e-09	1.998071e+01	1.508907e+02
4.910000e-06	2.766051e-06	2.354376e-09	1.969767e+01	1.504240e+02
4.920000e-06	2.726201e-06	2.346377e-09	1.941388e+01	1.499535e+02
4.930000e-06	2.686235e-06	2.335036e-09	1.912928e+01	1.494788e+02
4.940000e-06	2.646158e-06	2.326214e-09	1.884388e+01	1.489994e+02
4.950000e-06	2.605984e-06	2.321163e-09	1.855779e+01	1.485145e+02
4.960000e-06	2.565717e-06	2.316752e-09	1.827104e+01	1.480233e+02
4.970000e-06	2.525344e-06	2.311052e-09	1.798354e+01	1.475251e+02
4.980000e-06	2.484837e-06	2.305867e-09	1.769508e+01	1.470189e+02
4.990000e-06	2.444093e-06	2.299060e-09	1.740493e+01	1.465036e+02
5.000000e-06	2.403109e-06	2.292639e-09	1.711308e+01	1.459783e+02
5.010000e-06	2.361991e-06	2.287322e-09	1.682026e+01	1.454418e+02
5.020000e-06	2.320762e-06	2.280399e-09	1.652666e+01	1.448931e+02
5.030000e-06	2.279376e-06	2.273894e-09	1.623195e+01	1.443309e+02
5.040000e-06	2.237771e-06	2.268369e-09	1.593566e+01	1.437542e+02
5.050000e-06	2.195936e-06	2.263885e-09	1.563775e+01	1.431618e+02
5.060000e-06	2.153987e-06	2.257682e-09	1.533902e+01	1.425527e+02
5.070000e-06	2.111935e-06	2.250609e-09	1.503956e+01	1.419257e+02
5.080000e-06	2.069748e-06	2.241083e-09	1.473914e+01	1.412800e+02
5.090000e-06	2.027423e-06	2.230107e-09	1.443773e+01	1.406145e+02
5.100000e-06	1.984987e-06	2.219468e-09	1.413553e+01	1.399285e+02
5.110000e-06	1.942417e-06	2.210747e-09	1.383239e+01	1.392213e+02
5.120000e-06	1.899611e-06	2.202332e-09	1.352755e+01	1.384922e+02
5.130000e-06	1.856581e-06	2.195012e-09	1.322113e+01	1.377406e+02
5.140000e-06	1.813449e-06	2.186061e-09	1.291397e+01	1.369663e+02
5.150000e-06	1.770214e-06	2.176976e-09	1.260609e+01	1.361688e+02
5.160000e-06	1.726830e-06	2.166324e-09	1.229714e+01	1.353480e+02
5.170000e-06	1.683344e-06	2.154922e-09	1.198747e+01	1.345038e+02
5.180000e-06	1.639697e-06	2.144078e-09	1.167665e+01	1.336362e+02
5.190000e-06	1.595920e-06	2.130073e-09	1.136490e+01	1.327453e+02
5.200000e-06	1.552155e-06	2.116099e-09	1.105324e+01	1.318312e+02
5.210000e-06	1.508351e-06	2.102928e-09	1.074131e+01	1.308942e+02
5.220000e-06	1.464456e-06	2.088719e-09	1.042871e+01	1.299346e+02
5.230000e-06	1.420524e-06	2.077269e-09	1.011586e+01	1.289525e+02
5.240000e-06	1.376556e-06	2.065320e-09	9.802760e+00	1.279481e+02
5.250000e-06	1.332544e-06	2.050053e-09	9.489341e+00	1.269219e+02
5.260000e-06	1.288477e-06	2.032899e-09	9.175532e+00	1.258738e+02
5.270000e-06	1.244385e-06	2.014684e-09	8.861540e+00	1.248039e+02
5.280000e-06	1.200247e-06	1.994278e-09	8.547228e+00	1.237123e+02
5.290000e-06	1.156110e-06	1.974343e-09	8.232918e+00	1.225988e+02
5.300000e-06	1.111976e-06	1.957285e-09	7.918630e+00	1.214630e+02
5.310000e-06	1.067758e-06	1.943374e-09	7.603741e+00	1.203046e+02
5.320000e-06	1.023362e-06	1.926929e-09	7.287588e+00	1.191230e+02
5.330000e-06	9.788716e-07	1.906434e-09	6.970763e+00	1.179172e+02
5.340000e-06	9.343812e-07	1.885184e-09	6.653937e+00	1.166863e+02
5.350000e-06	8.897889e-07	1.866297e-09	6.336385e+00	1.154290e+02
5.360000e-06	8.451433e-07	1.847883e-09	6.018454e+00	1.141440e+02
5.370000e-06	8.004945e-07	1.827067e-09	5.700500e+00	1.128296e+02
5.380000e-06	7.557879e-07	1.805601e-09	5.382134e+00	1.114840e+02
5.390000e-06	7.110826e-07	1.786656e-09	5.063777e+00	1.101052e+02
5.400000e-06	6.663652e-07	1.768326e-09	4.745335e+00	1.086911e+02
5.410000e-06	6.215643e-07	1.746952e-09	4.426298e+00	1.072393e+02
5.420000e-06	5.766535e-07	1.721896e-09	4.106478e+00	1.057474e+02
5.430000e-06	5.316866e-07	1.695565e-09	3.786259e+00	1.042130e+02
5.440000e-06	4.867101e-07	1.666375e-09	3.465971e+00	1.026334e+02
5.450000e-06	4.416364e-07	1.635861e-09	3.144992e+00	1.010061e+02
5.460000e-06	3.964870e-07	1.606484e-09	2.823473e+00	9.932841e+01
5.470000e-06	3.513006e-07	1.579763e-09	2.501690e+00	9.759785e+01
5.480000e-06	3.061168e-07	1.555302e-09	2.179926e+00	9.581195e+01
5.490000e-06	2.608974e-07	1.528325e-09	1.857909e+00	9.396835e+01
5.500000e-06	2.156815e-07	1.497305e-09	1.535916e+00	9.206486e+01
5.510000e-06	1.704670e-07	1.464295e-09	1.213934e+00	9.009949e+01
5.520000e-06	1.251648e-07	1.432252e-09	8.913261e-01	8.807043e+01
5.530000e-06	7.986637e-08	1.399135e-09	5.687462e-01	8.597617e+01
5.540000e-06	3.463673e-08	1.363212e-09	2.466559e-01	8.381545e+01
5.550000e-06	-1.064954e-08	1.324318e-09	-7.583775e-02	8.158732e+01
5.560000e-06	-5.599346e-08	1.286715e-09	-3.987419e-01	7.929115e+01
5.570000e-06	-1.012579e-07	1.249616e-09	-7.210801e-01	7.692664e+01
5.580000e-06	-1.465368e-07	1.210235e-09	-1.043521e+00	7.449384e+01
5.590000e-06	-1.918751e-07	1.167863e-09	-1.366385e+00	7.199314e+01
5.600000e-06	-2.372145e-07	1.122574e-09	-1.689257e+00	6.942531e+01
5.610000e-06	-2.825146e-07	1.077706e-09	-2.011850e+00	6.679141e+01
5.620000e-06	-3.277251e-07	1.032807e-09	-2.333804e+00	6.409287e+01
5.630000e-06	-3.728199e-07	9.872521e-10	-2.654934e+00	6.133144e+01
5.640000e-06	-4.178485e-07	9.437562e-10	-2.975592e+00	5.850915e+01
5.650000e-06	-4.628702e-07	9.021898e-10	-3.296202e+00	5.562831e+01
5.660000e-06	-5.078913e-07	8.574438e-10	-3.616807e+00	5.269149e+01
5.670000e-06	-5.528223e-07	8.060358e-10	-3.936771e+00	4.970148e+01
5.680000e-06	-5.975866e-07	7.520235e-10	-4.255547e+00	4.666124e+01
5.690000e-06	-6.423438e-07	7.011432e-10	-4.574273e+00	4.357391e+01
5.700000e-06	-6.870925e-07	6.543117e-10	-4.892939e+00	4.044275e+01
5.710000e-06	-7.318333e-07	6.060125e-10	-5.211548e+00	3.727109e+01
5.720000e-06	-7.765934e-07	5.583032e-10	-5.530295e+00	3.406234e+01
5.730000e-06	-8.212562e-07	5.112735e-10	-5.848348e+00	3.081992e+01
5.740000e-06	-8.658660e-07	4.619909e-10	-6.166024e+00	2.754726e+01
5.750000e-06	-9.104253e-07	4.090548e-10	-6.483342e+00	2.424773e+01
5.760000e-06	-9.548620e-07	3.539246e-10	-6.799785e+00	2.092467e+01
5.770000e-06	-9.992680e-07	2.996398e-10	-7.116010e+00	1.758132e+01
5.780000e-06	-1.043685e-06	2.479767e-10	-7.432313e+00	1.422083e+01
5.790000e-06	-1.087950e-06	1.981593e-10	-7.747534e+00	1.084623e+01
5.800000e-06	-1.132091e-06	1.480320e-10	-8.061870e+00	7.460447e+00
5.810000e-06	-1.176220e-06	9.903026e-11	-8.376125e+00	4.066258e+00
5.820000e-06	-1.220359e-06	4.900744e-11	-8.690446e+00	6.663183e-01
5.830000e-06	-1.264443e-06	-3.220561e-12	-9.004384e+00	-2.736847e+00
5.840000e-06	-1.308467e-06	-5.772482e-11	-9.317887e+00	-6.140836e+00
5.850000e-06	-1.352469e-06	-1.148749e-10	-9.631235e+00	-9.543363e+00
5.860000e-06	-1.396413e-06	-1.724888e-10	-9.944171e+00	-1.294224e+01
5.870000e-06	-1.440288e-06	-2.254938e-10	-1.025661e+01	-1.633538e+01
5.880000e-06	-1.484127e-06	-2.751476e-10	-1.056880e+01	-1.972076e+01
5.890000e-06	-1.527953e-06	-3.246751e-10	-1.088089e+01	-2.309642e+01
5.900000e-06	-1.571742e-06	-3.739641e-10	-1.119272e+01	-2.646042e+01
5.910000e-06	-1.615470e-06	-4.253577e-10	-1.150412e+01	-2.981086e+01
5.920000e-06	-1.659095e-06	-4.802870e-10	-1.181478e+01	-3.314584e+01
5.930000e-06	-1.702521e-06	-5.367042e-10	-1.212403e+01	-3.646343e+01
5.940000e-06	-1.745833e-06	-5.921448e-10	-1.243246e+01	-3.976170e+01
5.950000e-06	-1.789034e-06	-6.467332e-10	-1.274011e+01	-4.303866e+01
5.960000e-06	-1.832088e-06	-7.029018e-10	-1.304671e+01	-4.629226e+01
5.970000e-06	-1.875044e-06	-7.555982e-10	-1.335260e+01	-4.952041e+01
5.980000e-06	-1.917813e-06	-8.030263e-10	-1.365717e+01	-5.272096e+01
5.990000e-06	-1.960380e-06	-8.504471e-10	-1.396030e+01	-5.589167e+01
6.000000e-06	-2.002804e-06	-9.003539e-10	-1.426242e+01	-5.903027e+01
6.010000e-06	-2.045101e-06	-9.515684e-10	-1.456362e+01	-6.213442e+01
6.020000e-06	-2.087255e-06	-1.002210e-09	-1.486381e+01	-6.520176e+01
6.030000e-06	-2.129327e-06	-1.054159e-09	-1.516342e+01	-6.822988e+01
6.040000e-06	-2.171278e-06	-1.108794e-09	-1.546215e+01	-7.121637e+01
6.050000e-06	-2.213074e-06	-1.160721e-09	-1.575979e+01	-7.415882e+01
6.060000e-06	-2.254811e-06	-1.205418e-09	-1.605701e+01	-7.705487e+01
6.070000e-06	-2.296387e-06	-1.244977e-09	-1.635309e+01	-7.990220e+01
6.080000e-06	-2.337706e-06	-1.285425e-09	-1.664733e+01	-8.269856e+01
6.090000e-06	-2.378785e-06	-1.330346e-09	-1.693986e+01	-8.544183e+01
6.100000e-06	-2.419682e-06	-1.374544e-09	-1.723110e+01	-8.813002e+01
6.110000e-06	-2.460421e-06	-1.417255e-09	-1.752121e+01	-9.076126e+01
6.120000e-06	-2.500903e-06	-1.461899e-09	-1.780948e+01	-9.333391e+01
6.130000e-06	-2.541209e-06	-1.509915e-09	-1.809651e+01	-9.584650e+01
6.140000e-06	-2.581415e-06	-1.556457e-09	-1.838283e+01	-9.829779e+01
6.150000e-06	-2.621533e-06	-1.596228e-09	-1.866852e+01	-1.006868e+02
6.160000e-06	-2.661569e-06	-1.631497e-09	-1.895363e+01	-1.030128e+02
6.170000e-06	-2.701506e-06	-1.666318e-09	-1.923803e+01	-1.052752e+02
6.180000e-06	-2.741354e-06	-1.700630e-09	-1.952179e+01	-1.074739e+02
6.190000e-06	-2.781051e-06	-1.734142e-09	-1.980448e+01	-1.096090e+02
6.200000e-06	-2.820596e-06	-1.769045e-09	-2.008609e+01	-1.116807e+02
6.210000e-06	-2.859947e-06	-1.807499e-09	-2.036632e+01	-1.136896e+02
6.220000e-06	-2.898998e-06	-1.846970e-09	-2.064441e+01	-1.156367e+02
6.230000e-06	-2.937845e-06	-1.883279e-09	-2.092105e+01	-1.175229e+02
6.240000e-06	-2.976296e-06	-1.912443e-09	-2.119487e+01	-1.193496e+02
6.250000e-06	-3.014301e-06	-1.937409e-09	-2.146551e+01	-1.211182e+02
6.260000e-06	-3.051913e-06	-1.964495e-09	-2.173336e+01	-1.228305e+02
6.270000e-06	-3.089117e-06	-1.991323e-09	-2.199829e+01	-1.244882e+02
6.280000e-06	-3.126041e-06	-2.014073e-09	-2.226123e+01	-1.260931e+02
6.290000e-06	-3.162667e-06	-2.036996e-09	-2.252205e+01	-1.276474e+02
6.300000e-06	-3.199063e-06	-2.062804e-09	-2.278124e+01	-1.291531e+02
6.310000e-06	-3.235213e-06	-2.089574e-09	-2.303867e+01	-1.306121e+02
6.320000e-06	-3.271181e-06	-2.114159e-09	-2.329481e+01	-1.320266e+02
6.330000e-06	-3.307102e-06	-2.134864e-09	-2.355061e+01	-1.333986e+02
6.340000e-06	-3.342925e-06	-2.155171e-09	-2.380572e+01	-1.347300e+02
6.350000e-06	-3.378554e-06	-2.176826e-09	-2.405944e+01	-1.360226e+02
6.360000e-06	-3.413978e-06	-2.197764e-09	-2.431170e+01	-1.372781e+02
6.370000e-06	-3.449212e-06	-2.215952e-09	-2.456260e+01	-1.384982e+02
6.380000e-06	-3.484155e-06	-2.233239e-09	-2.481144e+01	-1.396843e+02
6.390000e-06	-3.518828e-06	-2.250104e-09	-2.505836e+01	-1.408377e+02
6.400000e-06	-3.553265e-06	-2.267750e-09	-2.530359e+01	-1.419594e+02
6.410000e-06	-3.587446e-06	-2.287607e-09	-2.554700e+01	-1.430504e+02
6.420000e-06	-3.621418e-06	-2.308894e-09	-2.578892e+01	-1.441115e+02
6.430000e-06	-3.655195e-06	-2.327829e-09	-2.602946e+01	-1.451433e+02
6.440000e-06	-3.688730e-06	-2.342329e-09	-2.626827e+01	-1.461462e+02
6.450000e-06	-3.721914e-06	-2.353613e-09	-2.650458e+01	-1.471206e+02
6.460000e-06	-3.754785e-06	-2.361423e-09	-2.673866e+01	-1.480667e+02
6.470000e-06	-3.787365e-06	-2.368700e-09	-2.697067e+01	-1.489845e+02
6.480000e-06	-3.819723e-06	-2.377618e-09	-2.720110e+01	-1.498740e+02
6.490000e-06	-3.851891e-06	-2.391525e-09	-2.743017e+01	-1.507352e+02
6.500000e-06	-3.883865e-06	-2.410072e-09	-2.765787e+01	-1.515680e+02
6.510000e-06	-3.915732e-06	-2.427398e-09	-2.788480e+01	-1.523723e+02
6.520000e-06	-3.947413e-06	-2.440927e-09	-2.811041e+01	-1.531481e+02
6.530000e-06	-3.978772e-06	-2.448185e-09	-2.833372e+01	-1.538951e+02
6.540000e-06	-4.009814e-06	-2.451400e-09	-2.855478e+01	-1.546135e+02
6.550000e-06	-4.040456e-06	-2.455476e-09	-2.877299e+01	-1.553033e+02
6.560000e-06	-4.070721e-06	-2.463904e-09	-2.898851e+01	-1.559647e+02
6.570000e-06	-4.100510e-06	-2.476691e-09	-2.920064e+01	-1.565979e+02
6.580000e-06	-4.129786e-06	-2.488929e-09	-2.940913e+01	-1.572034e+02
6.590000e-06	-4.158684e-06	-2.500160e-09	-2.961491e+01	-1.577817e+02
6.600000e-06	-4.187114e-06	-2.513158e-09	-2.981737e+01	-1.583333e+02
6.610000e-06	-4.215247e-06	-2.524006e-09	-3.001772e+01	-1.588591e+02
6.620000e-06	-4.243248e-06	-2.530958e-09	-3.021711e+01	-1.593601e+02
6.630000e-06	-4.271115e-06	-2.534615e-09	-3.041556e+01	-1.598372e+02
6.640000e-06	-4.298792e-06	-2.538786e-09	-3.061266e+01	-1.602915e+02
6.650000e-06	-4.326257e-06	-2.546130e-09	-3.080824e+01	-1.607244e+02
6.660000e-06	-4.353467e-06	-2.554941e-09	-3.100201e+01	-1.611371e+02
6.670000e-06	-4.380296e-06	-2.561932e-09	-3.119307e+01	-1.615311e+02
6.680000e-06	-4.406821e-06	-2.567885e-09	-3.138195e+01	-1.619077e+02
6.690000e-06	-4.433022e-06	-2.574769e-09	-3.156854e+01	-1.622685e+02
6.700000e-06	-4.458817e-06	-2.582344e-09	-3.175223e+01	-1.626149e+02
6.710000e-06	-4.484314e-06	-2.590391e-09	-3.193380e+01	-1.629483e+02
6.720000e-06	-4.509441e-06	-2.597461e-09	-3.211274e+01	-1.632702e+02
6.730000e-06	-4.534233e-06	-2.602608e-09	-3.228929e+01	-1.635819e+02
6.740000e-06	-4.558757e-06	-2.605455e-09	-3.246392e+01	-1.638847e+02
6.750000e-06	-4.582978e-06	-2.606756e-09	-3.263641e+01	-1.641797e+02
6.760000e-06	-4.606987e-06	-2.607911e-09	-3.280738e+01	-1.644680e+02
6.770000e-06	-4.630880e-06	-2.610510e-09	-3.297753e+01	-1.647506e+02
6.780000e-06	-4.654604e-06	-2.615677e-09	-3.314647e+01	-1.650281e+02
6.790000e-06	-4.678093e-06	-2.624502e-09	-3.331374e+01	-1.653012e+02
6.800000e-06	-4.701185e-06	-2.632685e-09	-3.347818e+01	-1.655704e+02
6.810000e-06	-4.723793e-06	-2.637838e-09	-3.363919e+01	-1.658361e+02
6.820000e-06	-4.745954e-06	-2.640822e-09	-3.379700e+01	-1.660985e+02
6.830000e-06	-4.767404e-06	-2.644658e-09	-3.394975e+01	-1.663576e+02
6.840000e-06	-4.788212e-06	-2.650751e-09	-3.409792e+01	-1.666134e+02
6.850000e-06	-4.808662e-06	-2.656029e-09	-3.424355e+01	-1.668656e+02
6.860000e-06	-4.828796e-06	-2.659897e-09	-3.438693e+01	-1.671140e+02
6.870000e-06	-4.848733e-06	-2.665832e-09	-3.452891e+01	-1.673582e+02
6.880000e-06	-4.868518e-06	-2.671559e-09	-3.466980e+01	-1.675978e+02
6.890000e-06	-4.888086e-06	-2.675752e-09	-3.480915e+01	-1.678322e+02
6.900000e-06	-4.907307e-06	-2.678195e-09	-3.494602e+01	-1.680610e+02
6.910000e-06	-4.926057e-06	-2.681457e-09	-3.507955e+01	-1.682836e+02
6.920000e-06	-4.944442e-06	-2.686324e-09	-3.521047e+01	-1.684995e+02
6.930000e-06	-4.962617e-06	-2.691258e-09	-3.533990e+01	-1.687082e+02
6.940000e-06	-4.980502e-06	-2.693579e-09	-3.546727e+01	-1.689093e+02
6.950000e-06	-4.998027e-06	-2.693473e-09	-3.559207e+01	-1.691024e+02
6.960000e-06	-5.015282e-06	-2.696168e-09	-3.571494e+01	-1.692871e+02
6.970000e-06	-5.032180e-06	-2.701184e-09	-3.583527e+01	-1.694632e+02
6.980000e-06	-5.048622e-06	-2.703965e-09	-3.595236e+01	-1.696307e+02
6.990000e-06	-5.064785e-06	-2.703572e-09	-3.606746e+01	-1.697894e+02
7.000000e-06	-5.080773e-06	-2.705967e-09	-3.618131e+01	-1.699394e+02
7.010000e-06	-5.096530e-06	-2.711402e-09	-3.629352e+01	-1.700810e+02
7.020000e-06	-5.112021e-06	-2.714000e-09	-3.640384e+01	-1.702143e+02
7.030000e-06	-5.126999e-06	-2.711662e-09	-3.651050e+01	-1.703397e+02
7.040000e-06	-5.141285e-06	-2.708416e-09	-3.661224e+01	-1.704576e+02
7.050000e-06	-5.154937e-06	-2.707931e-09	-3.670946e+01	-1.705686e+02
7.060000e-06	-5.167947e-06	-2.710120e-09	-3.680210e+01	-1.706732e+02
7.070000e-06	-5.180434e-06	-2.709517e-09	-3.689102e+01	-1.707720e+02
7.080000e-06	-5.192622e-06	-2.705615e-09	-3.697782e+01	-1.708656e+02
7.090000e-06	-5.204547e-06	-2.704298e-09	-3.706274e+01	-1.709547e+02
7.100000e-06	-5.216116e-06	-2.703592e-09	-3.714513e+01	-1.710399e+02
7.110000e-06	-5.227246e-06	-2.703196e-09	-3.722438e+01	-1.711218e+02
7.120000e-06	-5.237896e-06	-2.703235e-09	-3.730022e+01	-1.712010e+02
7.130000e-06	-5.248190e-06	-2.703243e-09	-3.737353e+01	-1.712779e+02
7.140000e-06	-5.258237e-06	-2.705953e-09	-3.744508e+01	-1.713531e+02
7.150000e-06	-5.268028e-06	-2.711054e-09	-3.751480e+01	-1.714270e+02
7.160000e-06	-5.277382e-06	-2.714029e-09	-3.758141e+01	-1.714997e+02
7.170000e-06	-5.286340e-06	-2.710263e-09	-3.764520e+01	-1.715715e+02
7.180000e-06	-5.294952e-06	-2.703086e-09	-3.770653e+01	-1.716425e+02
7.190000e-06	-5.303232e-06	-2.697019e-09	-3.776550e+01	-1.717127e+02
7.200000e-06	-5.311306e-06	-2.694698e-09	-3.782300e+01	-1.717820e+02
7.210000e-06	-5.319197e-06	-2.693960e-09	-3.787918e+01	-1.718502e+02
7.220000e-06	-5.326827e-06	-2.693341e-09	-3.793352e+01	-1.719172e+02
7.230000e-06	-5.333993e-06	-2.695642e-09	-3.798455e+01	-1.719824e+02
7.240000e-06	-5.340679e-06	-2.701242e-09	-3.803217e+01	-1.720456e+02
7.250000e-06	-5.346917e-06	-2.706998e-09	-3.807659e+01	-1.721063e+02
7.260000e-06	-5.352452e-06	-2.705832e-09	-3.811600e+01	-1.721641e+02
7.270000e-06	-5.357332e-06	-2.699778e-09	-3.815076e+01	-1.722185e+02
7.280000e-06	-5.361756e-06	-2.694831e-09	-3.818226e+01	-1.722689e+02
7.290000e-06	-5.365827e-06	-2.691701e-09	-3.821125e+01	-1.723150e+02
7.300000e-06	-5.369740e-06	-2.692069e-09	-3.823912e+01	-1.723564e+02
7.310000e-06	-5.373434e-06	-2.695903e-09	-3.826542e+01	-1.723926e+02
7.320000e-06	-5.376855e-06	-2.701274e-09	-3.828978e+01	-1.724235e+02
7.330000e-06	-5.379835e-06	-2.706770e-09	-3.831100e+01	-1.724488e+02
7.340000e-06	-5.382381e-06	-2.707700e-09	-3.832913e+01	-1.724685e+02
7.350000e-06	-5.384678e-06	-2.703838e-09	-3.834549e+01	-1.724826e+02
7.360000e-06	-5.386650e-06	-2.697689e-09	-3.835953e+01	-1.724911e+02
7.370000e-06	-5.388357e-06	-2.692472e-09	-3.837169e+01	-1.724945e+02
7.380000e-06	-5.389639e-06	-2.688074e-09	-3.838082e+01	-1.724930e+02
7.390000e-06	-5.390329e-06	-2.690057e-09	-3.838573e+01	-1.724871e+02
7.400000e-06	-5.390669e-06	-2.697297e-09	-3.838815e+01	-1.724775e+02
