# Temperatura_=_18.52
# Concentracion g/m^3_=_4090.0
# C_Vs_to_Am_M_A/Vsm_=_65563218390.804596
# pendiente_HvsI_1/m_=_3716.3
# ordenada_HvsI_A/m_=_1297.0
# frecuencia_Hz_=_135079.64035840068

Tiempo_(s)	Campo_(V.s)	Magnetizacion_(V.s)	Campo_(kA/m)	Magnetizacion_(A/m)
0.000000e+00	-5.439086e-06	-2.717891e-09	-3.839314e+01	-1.759018e+02
1.000000e-08	-5.439158e-06	-2.715658e-09	-3.839365e+01	-1.758652e+02
2.000000e-08	-5.438997e-06	-2.711562e-09	-3.839251e+01	-1.758233e+02
3.000000e-08	-5.438468e-06	-2.706419e-09	-3.838878e+01	-1.757767e+02
4.000000e-08	-5.437487e-06	-2.700629e-09	-3.838185e+01	-1.757266e+02
5.000000e-08	-5.436044e-06	-2.697741e-09	-3.837167e+01	-1.756740e+02
6.000000e-08	-5.434086e-06	-2.710733e-09	-3.835784e+01	-1.756200e+02
7.000000e-08	-5.431478e-06	-2.728145e-09	-3.833944e+01	-1.755657e+02
8.000000e-08	-5.428220e-06	-2.710647e-09	-3.831644e+01	-1.755124e+02
9.000000e-08	-5.424443e-06	-2.647584e-09	-3.828978e+01	-1.754614e+02
1.000000e-07	-5.420291e-06	-2.666408e-09	-3.826047e+01	-1.754136e+02
1.100000e-07	-5.415910e-06	-2.739886e-09	-3.822955e+01	-1.753704e+02
1.200000e-07	-5.411295e-06	-2.740435e-09	-3.819697e+01	-1.753328e+02
1.300000e-07	-5.406384e-06	-2.607061e-09	-3.816230e+01	-1.753017e+02
1.400000e-07	-5.401144e-06	-2.638927e-09	-3.812532e+01	-1.752780e+02
1.500000e-07	-5.395528e-06	-2.743140e-09	-3.808567e+01	-1.752624e+02
1.600000e-07	-5.389548e-06	-2.751319e-09	-3.804346e+01	-1.752553e+02
1.700000e-07	-5.382995e-06	-2.564054e-09	-3.799720e+01	-1.752572e+02
1.800000e-07	-5.376066e-06	-2.598940e-09	-3.794829e+01	-1.752683e+02
1.900000e-07	-5.368872e-06	-2.719492e-09	-3.789752e+01	-1.752884e+02
2.000000e-07	-5.361402e-06	-2.706477e-09	-3.784479e+01	-1.753175e+02
2.100000e-07	-5.353702e-06	-2.590914e-09	-3.779044e+01	-1.753550e+02
2.200000e-07	-5.345716e-06	-2.660267e-09	-3.773407e+01	-1.754003e+02
2.300000e-07	-5.337484e-06	-2.752110e-09	-3.767596e+01	-1.754526e+02
2.400000e-07	-5.328789e-06	-2.667566e-09	-3.761458e+01	-1.755109e+02
2.500000e-07	-5.319395e-06	-2.627209e-09	-3.754827e+01	-1.755741e+02
2.600000e-07	-5.309488e-06	-2.708065e-09	-3.747834e+01	-1.756408e+02
2.700000e-07	-5.298970e-06	-2.748819e-09	-3.740410e+01	-1.757097e+02
2.800000e-07	-5.287728e-06	-2.638076e-09	-3.732474e+01	-1.757792e+02
2.900000e-07	-5.276181e-06	-2.678742e-09	-3.724323e+01	-1.758477e+02
3.000000e-07	-5.264354e-06	-2.774498e-09	-3.715975e+01	-1.759135e+02
3.100000e-07	-5.252163e-06	-2.753140e-09	-3.707369e+01	-1.759750e+02
3.200000e-07	-5.239583e-06	-2.640220e-09	-3.698490e+01	-1.760306e+02
3.300000e-07	-5.226574e-06	-2.731540e-09	-3.689307e+01	-1.760785e+02
3.400000e-07	-5.213073e-06	-2.758808e-09	-3.679777e+01	-1.761173e+02
3.500000e-07	-5.199216e-06	-2.705652e-09	-3.669996e+01	-1.761455e+02
3.600000e-07	-5.185038e-06	-2.665505e-09	-3.659988e+01	-1.761617e+02
3.700000e-07	-5.170371e-06	-2.740775e-09	-3.649635e+01	-1.761646e+02
3.800000e-07	-5.155003e-06	-2.695657e-09	-3.638787e+01	-1.761532e+02
3.900000e-07	-5.139076e-06	-2.694985e-09	-3.627544e+01	-1.761267e+02
4.000000e-07	-5.122652e-06	-2.722379e-09	-3.615951e+01	-1.760841e+02
4.100000e-07	-5.105815e-06	-2.709019e-09	-3.604067e+01	-1.760251e+02
4.200000e-07	-5.088739e-06	-2.657436e-09	-3.592013e+01	-1.759493e+02
4.300000e-07	-5.071421e-06	-2.715627e-09	-3.579788e+01	-1.758564e+02
4.400000e-07	-5.053858e-06	-2.724059e-09	-3.567391e+01	-1.757466e+02
4.500000e-07	-5.035945e-06	-2.652196e-09	-3.554747e+01	-1.756201e+02
4.600000e-07	-5.017673e-06	-2.649303e-09	-3.541849e+01	-1.754772e+02
4.700000e-07	-4.998976e-06	-2.707746e-09	-3.528651e+01	-1.753186e+02
4.800000e-07	-4.979856e-06	-2.693399e-09	-3.515155e+01	-1.751449e+02
4.900000e-07	-4.960413e-06	-2.655730e-09	-3.501430e+01	-1.749571e+02
5.000000e-07	-4.940724e-06	-2.675606e-09	-3.487532e+01	-1.747560e+02
5.100000e-07	-4.920807e-06	-2.678083e-09	-3.473474e+01	-1.745428e+02
5.200000e-07	-4.900660e-06	-2.675307e-09	-3.459253e+01	-1.743186e+02
5.300000e-07	-4.880280e-06	-2.664441e-09	-3.444867e+01	-1.740845e+02
5.400000e-07	-4.859594e-06	-2.651146e-09	-3.430265e+01	-1.738419e+02
5.500000e-07	-4.838495e-06	-2.630835e-09	-3.415372e+01	-1.735918e+02
5.600000e-07	-4.817020e-06	-2.663128e-09	-3.400213e+01	-1.733356e+02
5.700000e-07	-4.795237e-06	-2.658066e-09	-3.384837e+01	-1.730744e+02
5.800000e-07	-4.773115e-06	-2.633656e-09	-3.369222e+01	-1.728093e+02
5.900000e-07	-4.750617e-06	-2.620314e-09	-3.353341e+01	-1.725414e+02
6.000000e-07	-4.727827e-06	-2.646332e-09	-3.337254e+01	-1.722716e+02
6.100000e-07	-4.704709e-06	-2.632317e-09	-3.320936e+01	-1.720009e+02
6.200000e-07	-4.681289e-06	-2.614530e-09	-3.304404e+01	-1.717298e+02
6.300000e-07	-4.657596e-06	-2.592830e-09	-3.287679e+01	-1.714592e+02
6.400000e-07	-4.633605e-06	-2.604334e-09	-3.270745e+01	-1.711895e+02
6.500000e-07	-4.609419e-06	-2.605421e-09	-3.253673e+01	-1.709211e+02
6.600000e-07	-4.585014e-06	-2.601965e-09	-3.236446e+01	-1.706543e+02
6.700000e-07	-4.560248e-06	-2.575508e-09	-3.218964e+01	-1.703892e+02
6.800000e-07	-4.534971e-06	-2.579735e-09	-3.201122e+01	-1.701259e+02
6.900000e-07	-4.509124e-06	-2.585406e-09	-3.182877e+01	-1.698643e+02
7.000000e-07	-4.482751e-06	-2.582830e-09	-3.164261e+01	-1.696042e+02
7.100000e-07	-4.455950e-06	-2.560895e-09	-3.145343e+01	-1.693454e+02
7.200000e-07	-4.428704e-06	-2.556314e-09	-3.126111e+01	-1.690875e+02
7.300000e-07	-4.401088e-06	-2.561398e-09	-3.106617e+01	-1.688301e+02
7.400000e-07	-4.373272e-06	-2.564836e-09	-3.086983e+01	-1.685727e+02
7.500000e-07	-4.345288e-06	-2.548461e-09	-3.067229e+01	-1.683148e+02
7.600000e-07	-4.317141e-06	-2.534641e-09	-3.047361e+01	-1.680558e+02
7.700000e-07	-4.288804e-06	-2.536800e-09	-3.027359e+01	-1.677952e+02
7.800000e-07	-4.260235e-06	-2.539480e-09	-3.007193e+01	-1.675324e+02
7.900000e-07	-4.231328e-06	-2.530239e-09	-2.986788e+01	-1.672669e+02
8.000000e-07	-4.202111e-06	-2.515516e-09	-2.966165e+01	-1.669979e+02
8.100000e-07	-4.172552e-06	-2.514224e-09	-2.945299e+01	-1.667252e+02
8.200000e-07	-4.142688e-06	-2.515700e-09	-2.924219e+01	-1.664480e+02
8.300000e-07	-4.112624e-06	-2.512808e-09	-2.902998e+01	-1.661659e+02
8.400000e-07	-4.082262e-06	-2.496234e-09	-2.881566e+01	-1.658785e+02
8.500000e-07	-4.051500e-06	-2.492771e-09	-2.859852e+01	-1.655855e+02
8.600000e-07	-4.020340e-06	-2.492458e-09	-2.837857e+01	-1.652864e+02
8.700000e-07	-3.989064e-06	-2.494335e-09	-2.815780e+01	-1.649810e+02
8.800000e-07	-3.957627e-06	-2.478273e-09	-2.793590e+01	-1.646690e+02
8.900000e-07	-3.925879e-06	-2.468814e-09	-2.771179e+01	-1.643503e+02
9.000000e-07	-3.893961e-06	-2.463947e-09	-2.748649e+01	-1.640247e+02
9.100000e-07	-3.861951e-06	-2.469320e-09	-2.726054e+01	-1.636921e+02
9.200000e-07	-3.829824e-06	-2.460934e-09	-2.703376e+01	-1.633524e+02
9.300000e-07	-3.797380e-06	-2.457014e-09	-2.680475e+01	-1.630058e+02
9.400000e-07	-3.764549e-06	-2.454641e-09	-2.657301e+01	-1.626521e+02
9.500000e-07	-3.731362e-06	-2.462069e-09	-2.633875e+01	-1.622914e+02
9.600000e-07	-3.697764e-06	-2.456002e-09	-2.610158e+01	-1.619239e+02
9.700000e-07	-3.663784e-06	-2.445069e-09	-2.586173e+01	-1.615496e+02
9.800000e-07	-3.629417e-06	-2.433706e-09	-2.561914e+01	-1.611687e+02
9.900000e-07	-3.594553e-06	-2.436070e-09	-2.537304e+01	-1.607813e+02
1.000000e-06	-3.559301e-06	-2.436733e-09	-2.512421e+01	-1.603876e+02
1.010000e-06	-3.523877e-06	-2.434551e-09	-2.487416e+01	-1.599877e+02
1.020000e-06	-3.488231e-06	-2.426171e-09	-2.462254e+01	-1.595818e+02
1.030000e-06	-3.452383e-06	-2.418775e-09	-2.436950e+01	-1.591702e+02
1.040000e-06	-3.416384e-06	-2.409734e-09	-2.411539e+01	-1.587529e+02
1.050000e-06	-3.380253e-06	-2.396938e-09	-2.386036e+01	-1.583302e+02
1.060000e-06	-3.343992e-06	-2.382953e-09	-2.360440e+01	-1.579023e+02
1.070000e-06	-3.307483e-06	-2.377163e-09	-2.334669e+01	-1.574692e+02
1.080000e-06	-3.270658e-06	-2.379385e-09	-2.308675e+01	-1.570312e+02
1.090000e-06	-3.233585e-06	-2.379412e-09	-2.282506e+01	-1.565883e+02
1.100000e-06	-3.196271e-06	-2.373350e-09	-2.256167e+01	-1.561408e+02
1.110000e-06	-3.158701e-06	-2.360112e-09	-2.229648e+01	-1.556886e+02
1.120000e-06	-3.120898e-06	-2.349380e-09	-2.202963e+01	-1.552320e+02
1.130000e-06	-3.082902e-06	-2.337082e-09	-2.176143e+01	-1.547709e+02
1.140000e-06	-3.044747e-06	-2.327408e-09	-2.149210e+01	-1.543053e+02
1.150000e-06	-3.006447e-06	-2.319953e-09	-2.122175e+01	-1.538353e+02
1.160000e-06	-2.967964e-06	-2.318681e-09	-2.095011e+01	-1.533608e+02
1.170000e-06	-2.929233e-06	-2.312433e-09	-2.067672e+01	-1.528817e+02
1.180000e-06	-2.890232e-06	-2.302471e-09	-2.040142e+01	-1.523979e+02
1.190000e-06	-2.851005e-06	-2.286347e-09	-2.012453e+01	-1.519092e+02
1.200000e-06	-2.811619e-06	-2.274334e-09	-1.984651e+01	-1.514153e+02
1.210000e-06	-2.771966e-06	-2.261747e-09	-1.956661e+01	-1.509159e+02
1.220000e-06	-2.732175e-06	-2.251483e-09	-1.928573e+01	-1.504108e+02
1.230000e-06	-2.692351e-06	-2.238483e-09	-1.900463e+01	-1.498995e+02
1.240000e-06	-2.652413e-06	-2.231327e-09	-1.872271e+01	-1.493815e+02
1.250000e-06	-2.612325e-06	-2.222867e-09	-1.843974e+01	-1.488563e+02
1.260000e-06	-2.572176e-06	-2.215089e-09	-1.815635e+01	-1.483233e+02
1.270000e-06	-2.532018e-06	-2.200959e-09	-1.787288e+01	-1.477819e+02
1.280000e-06	-2.491632e-06	-2.185899e-09	-1.758780e+01	-1.472314e+02
1.290000e-06	-2.450953e-06	-2.171780e-09	-1.730066e+01	-1.466710e+02
1.300000e-06	-2.410044e-06	-2.159735e-09	-1.701189e+01	-1.460999e+02
1.310000e-06	-2.368909e-06	-2.148734e-09	-1.672153e+01	-1.455173e+02
1.320000e-06	-2.327613e-06	-2.139196e-09	-1.643004e+01	-1.449223e+02
1.330000e-06	-2.286008e-06	-2.130188e-09	-1.613635e+01	-1.443141e+02
1.340000e-06	-2.243986e-06	-2.121775e-09	-1.583973e+01	-1.436917e+02
1.350000e-06	-2.201745e-06	-2.109793e-09	-1.554157e+01	-1.430542e+02
1.360000e-06	-2.159410e-06	-2.094635e-09	-1.524273e+01	-1.424007e+02
1.370000e-06	-2.116786e-06	-2.082220e-09	-1.494186e+01	-1.417303e+02
1.380000e-06	-2.073795e-06	-2.069975e-09	-1.463840e+01	-1.410422e+02
1.390000e-06	-2.030611e-06	-2.054030e-09	-1.433357e+01	-1.403355e+02
1.400000e-06	-1.987269e-06	-2.038647e-09	-1.402763e+01	-1.396095e+02
1.410000e-06	-1.943741e-06	-2.030625e-09	-1.372038e+01	-1.388634e+02
1.420000e-06	-1.900083e-06	-2.021129e-09	-1.341221e+01	-1.380965e+02
1.430000e-06	-1.856346e-06	-2.007188e-09	-1.310348e+01	-1.373083e+02
1.440000e-06	-1.812562e-06	-1.989873e-09	-1.279442e+01	-1.364982e+02
1.450000e-06	-1.768708e-06	-1.975934e-09	-1.248487e+01	-1.356658e+02
1.460000e-06	-1.724635e-06	-1.961905e-09	-1.217376e+01	-1.348107e+02
1.470000e-06	-1.680499e-06	-1.945718e-09	-1.186222e+01	-1.339326e+02
1.480000e-06	-1.636385e-06	-1.925600e-09	-1.155083e+01	-1.330313e+02
1.490000e-06	-1.592154e-06	-1.910728e-09	-1.123861e+01	-1.321066e+02
1.500000e-06	-1.547849e-06	-1.900574e-09	-1.092588e+01	-1.311585e+02
1.510000e-06	-1.503512e-06	-1.889070e-09	-1.061292e+01	-1.301868e+02
1.520000e-06	-1.459113e-06	-1.870736e-09	-1.029951e+01	-1.291917e+02
1.530000e-06	-1.414595e-06	-1.852203e-09	-9.985270e+00	-1.281730e+02
1.540000e-06	-1.369965e-06	-1.836651e-09	-9.670236e+00	-1.271309e+02
1.550000e-06	-1.325251e-06	-1.822440e-09	-9.354610e+00	-1.260654e+02
1.560000e-06	-1.280498e-06	-1.808397e-09	-9.038713e+00	-1.249764e+02
1.570000e-06	-1.235590e-06	-1.794932e-09	-8.721718e+00	-1.238639e+02
1.580000e-06	-1.190434e-06	-1.778842e-09	-8.402973e+00	-1.227277e+02
1.590000e-06	-1.145229e-06	-1.761552e-09	-8.083886e+00	-1.215678e+02
1.600000e-06	-1.100002e-06	-1.741460e-09	-7.764639e+00	-1.203837e+02
1.610000e-06	-1.054658e-06	-1.721586e-09	-7.444564e+00	-1.191750e+02
1.620000e-06	-1.009219e-06	-1.705590e-09	-7.123823e+00	-1.179413e+02
1.630000e-06	-9.636576e-07	-1.692462e-09	-6.802216e+00	-1.166817e+02
1.640000e-06	-9.181123e-07	-1.677073e-09	-6.480723e+00	-1.153955e+02
1.650000e-06	-8.725880e-07	-1.658780e-09	-6.159379e+00	-1.140816e+02
1.660000e-06	-8.269962e-07	-1.638391e-09	-5.837558e+00	-1.127388e+02
1.670000e-06	-7.813239e-07	-1.614478e-09	-5.515169e+00	-1.113658e+02
1.680000e-06	-7.355155e-07	-1.586754e-09	-5.191819e+00	-1.099609e+02
1.690000e-06	-6.896822e-07	-1.560796e-09	-4.868293e+00	-1.085225e+02
1.700000e-06	-6.438219e-07	-1.542386e-09	-4.544577e+00	-1.070487e+02
1.710000e-06	-5.979134e-07	-1.525983e-09	-4.220520e+00	-1.055375e+02
1.720000e-06	-5.520155e-07	-1.505179e-09	-3.896538e+00	-1.039867e+02
1.730000e-06	-5.061404e-07	-1.479030e-09	-3.572718e+00	-1.023940e+02
1.740000e-06	-4.601799e-07	-1.452222e-09	-3.248294e+00	-1.007572e+02
1.750000e-06	-4.141480e-07	-1.424999e-09	-2.923366e+00	-9.907369e+01
1.760000e-06	-3.681469e-07	-1.398158e-09	-2.598656e+00	-9.734119e+01
1.770000e-06	-3.221168e-07	-1.371793e-09	-2.273741e+00	-9.555721e+01
1.780000e-06	-2.760588e-07	-1.347894e-09	-1.948630e+00	-9.371934e+01
1.790000e-06	-2.300305e-07	-1.322728e-09	-1.623728e+00	-9.182526e+01
1.800000e-06	-1.839586e-07	-1.293802e-09	-1.298518e+00	-8.987272e+01
1.810000e-06	-1.378694e-07	-1.262667e-09	-9.731853e-01	-8.785963e+01
1.820000e-06	-9.172797e-08	-1.231942e-09	-6.474846e-01	-8.578407e+01
1.830000e-06	-4.552486e-08	-1.199996e-09	-3.213485e-01	-8.364430e+01
1.840000e-06	5.913784e-10	-1.167694e-09	4.174391e-03	-8.143885e+01
1.850000e-06	4.666755e-08	-1.132513e-09	3.294145e-01	-7.916647e+01
1.860000e-06	9.273969e-08	-1.094394e-09	6.546261e-01	-7.682623e+01
1.870000e-06	1.388058e-07	-1.057007e-09	9.797953e-01	-7.441749e+01
1.880000e-06	1.848851e-07	-1.021203e-09	1.305057e+00	-7.193993e+01
1.890000e-06	2.309558e-07	-9.836018e-10	1.630258e+00	-6.939359e+01
1.900000e-06	2.771092e-07	-9.446082e-10	1.956044e+00	-6.677883e+01
1.910000e-06	3.232763e-07	-9.030543e-10	2.281926e+00	-6.409638e+01
1.920000e-06	3.693210e-07	-8.595635e-10	2.606944e+00	-6.134730e+01
1.930000e-06	4.154009e-07	-8.149037e-10	2.932210e+00	-5.853301e+01
1.940000e-06	4.614298e-07	-7.683716e-10	3.257117e+00	-5.565526e+01
1.950000e-06	5.073142e-07	-7.234847e-10	3.581003e+00	-5.271611e+01
1.960000e-06	5.531772e-07	-6.797152e-10	3.904739e+00	-4.971791e+01
1.970000e-06	5.989806e-07	-6.330571e-10	4.228053e+00	-4.666332e+01
1.980000e-06	6.447032e-07	-5.852621e-10	4.550797e+00	-4.355522e+01
1.990000e-06	6.904446e-07	-5.397635e-10	4.873675e+00	-4.039672e+01
2.000000e-06	7.362138e-07	-4.941144e-10	5.196748e+00	-3.719113e+01
2.010000e-06	7.818273e-07	-4.449328e-10	5.518722e+00	-3.394192e+01
2.020000e-06	8.273575e-07	-3.938490e-10	5.840108e+00	-3.065265e+01
2.030000e-06	8.729394e-07	-3.450556e-10	6.161859e+00	-2.732703e+01
2.040000e-06	9.184595e-07	-2.953450e-10	6.483174e+00	-2.396877e+01
2.050000e-06	9.639113e-07	-2.429258e-10	6.804007e+00	-2.058165e+01
2.060000e-06	1.009308e-06	-1.917498e-10	7.124453e+00	-1.716943e+01
2.070000e-06	1.054584e-06	-1.459314e-10	7.444044e+00	-1.373582e+01
2.080000e-06	1.099790e-06	-9.995542e-11	7.763144e+00	-1.028449e+01
2.090000e-06	1.144961e-06	-5.071543e-11	8.081991e+00	-6.819010e+00
2.100000e-06	1.189928e-06	-3.579952e-13	8.399404e+00	-3.342868e+00
2.110000e-06	1.234727e-06	5.042137e-11	8.715626e+00	1.405870e-01
2.120000e-06	1.279511e-06	1.036515e-10	9.031747e+00	3.628132e+00
2.130000e-06	1.324216e-06	1.598510e-10	9.347308e+00	7.116686e+00
2.140000e-06	1.368806e-06	2.129723e-10	9.662055e+00	1.060331e+01
2.150000e-06	1.413337e-06	2.617068e-10	9.976391e+00	1.408523e+01
2.160000e-06	1.457758e-06	3.077500e-10	1.028995e+01	1.755979e+01
2.170000e-06	1.502067e-06	3.554048e-10	1.060271e+01	2.102448e+01
2.180000e-06	1.546339e-06	4.083545e-10	1.091522e+01	2.447695e+01
2.190000e-06	1.590585e-06	4.612158e-10	1.122754e+01	2.791492e+01
2.200000e-06	1.634764e-06	5.106132e-10	1.153939e+01	3.133626e+01
2.210000e-06	1.678845e-06	5.591094e-10	1.185054e+01	3.473891e+01
2.220000e-06	1.722847e-06	6.078813e-10	1.216115e+01	3.812087e+01
2.230000e-06	1.766779e-06	6.560958e-10	1.247125e+01	4.148024e+01
2.240000e-06	1.810610e-06	7.002738e-10	1.278064e+01	4.481513e+01
2.250000e-06	1.854379e-06	7.443022e-10	1.308959e+01	4.812369e+01
2.260000e-06	1.898111e-06	7.931179e-10	1.339829e+01	5.140408e+01
2.270000e-06	1.941744e-06	8.429199e-10	1.370628e+01	5.465446e+01
2.280000e-06	1.985266e-06	8.881033e-10	1.401349e+01	5.787298e+01
2.290000e-06	2.028630e-06	9.295503e-10	1.431959e+01	6.105778e+01
2.300000e-06	2.071779e-06	9.727711e-10	1.462417e+01	6.420697e+01
2.310000e-06	2.114761e-06	1.019274e-09	1.492757e+01	6.731864e+01
2.320000e-06	2.157572e-06	1.064662e-09	1.522976e+01	7.039083e+01
2.330000e-06	2.200174e-06	1.106186e-09	1.553048e+01	7.342161e+01
2.340000e-06	2.242449e-06	1.148934e-09	1.582888e+01	7.640898e+01
2.350000e-06	2.284301e-06	1.194384e-09	1.612431e+01	7.935098e+01
2.360000e-06	2.325798e-06	1.236218e-09	1.641722e+01	8.224565e+01
2.370000e-06	2.367011e-06	1.271206e-09	1.670814e+01	8.509103e+01
2.380000e-06	2.407948e-06	1.304940e-09	1.699710e+01	8.788523e+01
2.390000e-06	2.448560e-06	1.343402e-09	1.728377e+01	9.062641e+01
2.400000e-06	2.488997e-06	1.383269e-09	1.756920e+01	9.331282e+01
2.410000e-06	2.529318e-06	1.419399e-09	1.785382e+01	9.594280e+01
2.420000e-06	2.569504e-06	1.455088e-09	1.813748e+01	9.851482e+01
2.430000e-06	2.609653e-06	1.491828e-09	1.842088e+01	1.010275e+02
2.440000e-06	2.649674e-06	1.528847e-09	1.870338e+01	1.034796e+02
2.450000e-06	2.689583e-06	1.561033e-09	1.898509e+01	1.058702e+02
2.460000e-06	2.729450e-06	1.589535e-09	1.926650e+01	1.081982e+02
2.470000e-06	2.769136e-06	1.619983e-09	1.954664e+01	1.104633e+02
2.480000e-06	2.808599e-06	1.652378e-09	1.982519e+01	1.126649e+02
2.490000e-06	2.847945e-06	1.686045e-09	2.010293e+01	1.148028e+02
2.500000e-06	2.887121e-06	1.717051e-09	2.037946e+01	1.168772e+02
2.510000e-06	2.926064e-06	1.747829e-09	2.065435e+01	1.188884e+02
2.520000e-06	2.964677e-06	1.777043e-09	2.092691e+01	1.208369e+02
2.530000e-06	3.003005e-06	1.801634e-09	2.119746e+01	1.227235e+02
2.540000e-06	3.041261e-06	1.823545e-09	2.146750e+01	1.245491e+02
2.550000e-06	3.079402e-06	1.849315e-09	2.173672e+01	1.263150e+02
2.560000e-06	3.117291e-06	1.879426e-09	2.200417e+01	1.280226e+02
2.570000e-06	3.154937e-06	1.905620e-09	2.226991e+01	1.296734e+02
2.580000e-06	3.192438e-06	1.926922e-09	2.253461e+01	1.312691e+02
2.590000e-06	3.229758e-06	1.948956e-09	2.279805e+01	1.328115e+02
2.600000e-06	3.266824e-06	1.974180e-09	2.305969e+01	1.343025e+02
2.610000e-06	3.303592e-06	1.997402e-09	2.331922e+01	1.357442e+02
2.620000e-06	3.340025e-06	2.016392e-09	2.357640e+01	1.371385e+02
2.630000e-06	3.376247e-06	2.036914e-09	2.383208e+01	1.384875e+02
2.640000e-06	3.412370e-06	2.061098e-09	2.408706e+01	1.397931e+02
2.650000e-06	3.448365e-06	2.083609e-09	2.434114e+01	1.410574e+02
2.660000e-06	3.484226e-06	2.101040e-09	2.459427e+01	1.422822e+02
2.670000e-06	3.519971e-06	2.117485e-09	2.484659e+01	1.434694e+02
2.680000e-06	3.555601e-06	2.135029e-09	2.509809e+01	1.446207e+02
2.690000e-06	3.590924e-06	2.150844e-09	2.534743e+01	1.457376e+02
2.700000e-06	3.625782e-06	2.161525e-09	2.559348e+01	1.468217e+02
2.710000e-06	3.660250e-06	2.172705e-09	2.583678e+01	1.478742e+02
2.720000e-06	3.694313e-06	2.190532e-09	2.607723e+01	1.488963e+02
2.730000e-06	3.727860e-06	2.210821e-09	2.631403e+01	1.498890e+02
2.740000e-06	3.760867e-06	2.228886e-09	2.654701e+01	1.508532e+02
2.750000e-06	3.793502e-06	2.244561e-09	2.677737e+01	1.517896e+02
2.760000e-06	3.825895e-06	2.259458e-09	2.700603e+01	1.526987e+02
2.770000e-06	3.858146e-06	2.271462e-09	2.723368e+01	1.535811e+02
2.780000e-06	3.890249e-06	2.279746e-09	2.746028e+01	1.544371e+02
2.790000e-06	3.922122e-06	2.285669e-09	2.768527e+01	1.552670e+02
2.800000e-06	3.953886e-06	2.296331e-09	2.790949e+01	1.560709e+02
2.810000e-06	3.985410e-06	2.311257e-09	2.813201e+01	1.568490e+02
2.820000e-06	4.016599e-06	2.323378e-09	2.835216e+01	1.576013e+02
2.830000e-06	4.047531e-06	2.333188e-09	2.857050e+01	1.583280e+02
2.840000e-06	4.078215e-06	2.344828e-09	2.878709e+01	1.590292e+02
2.850000e-06	4.108598e-06	2.358314e-09	2.900156e+01	1.597050e+02
2.860000e-06	4.138687e-06	2.370190e-09	2.921395e+01	1.603556e+02
2.870000e-06	4.168542e-06	2.378521e-09	2.942469e+01	1.609811e+02
2.880000e-06	4.198101e-06	2.383934e-09	2.963334e+01	1.615820e+02
2.890000e-06	4.227386e-06	2.388026e-09	2.984005e+01	1.621585e+02
2.900000e-06	4.256401e-06	2.391262e-09	3.004487e+01	1.627112e+02
2.910000e-06	4.285112e-06	2.396472e-09	3.024753e+01	1.632406e+02
2.920000e-06	4.313527e-06	2.404260e-09	3.044810e+01	1.637475e+02
2.930000e-06	4.341688e-06	2.413538e-09	3.064688e+01	1.642325e+02
2.940000e-06	4.369681e-06	2.426195e-09	3.084448e+01	1.646967e+02
2.950000e-06	4.397497e-06	2.437156e-09	3.104082e+01	1.651408e+02
2.960000e-06	4.425107e-06	2.444338e-09	3.123571e+01	1.655661e+02
2.970000e-06	4.452461e-06	2.446451e-09	3.142880e+01	1.659735e+02
2.980000e-06	4.479317e-06	2.446507e-09	3.161837e+01	1.663642e+02
2.990000e-06	4.505597e-06	2.445216e-09	3.180387e+01	1.667395e+02
3.000000e-06	4.531442e-06	2.445497e-09	3.198631e+01	1.671004e+02
3.010000e-06	4.556767e-06	2.451772e-09	3.216507e+01	1.674482e+02
3.020000e-06	4.581595e-06	2.461240e-09	3.234033e+01	1.677841e+02
3.030000e-06	4.606109e-06	2.470094e-09	3.251336e+01	1.681092e+02
3.040000e-06	4.630312e-06	2.477121e-09	3.268421e+01	1.684246e+02
3.050000e-06	4.654223e-06	2.482184e-09	3.285299e+01	1.687312e+02
3.060000e-06	4.677934e-06	2.484165e-09	3.302036e+01	1.690300e+02
3.070000e-06	4.701396e-06	2.484214e-09	3.318597e+01	1.693218e+02
3.080000e-06	4.724543e-06	2.484797e-09	3.334936e+01	1.696072e+02
3.090000e-06	4.747286e-06	2.490264e-09	3.350990e+01	1.698868e+02
3.100000e-06	4.769644e-06	2.497680e-09	3.366772e+01	1.701611e+02
3.110000e-06	4.791700e-06	2.502553e-09	3.382341e+01	1.704303e+02
3.120000e-06	4.813411e-06	2.504265e-09	3.397666e+01	1.706946e+02
3.130000e-06	4.834879e-06	2.508307e-09	3.412819e+01	1.709542e+02
3.140000e-06	4.856085e-06	2.512679e-09	3.427788e+01	1.712089e+02
3.150000e-06	4.876858e-06	2.515078e-09	3.442451e+01	1.714585e+02
3.160000e-06	4.897269e-06	2.518027e-09	3.456859e+01	1.717028e+02
3.170000e-06	4.917439e-06	2.524123e-09	3.471096e+01	1.719414e+02
3.180000e-06	4.937390e-06	2.533102e-09	3.485179e+01	1.721740e+02
3.190000e-06	4.957139e-06	2.540579e-09	3.499120e+01	1.724001e+02
3.200000e-06	4.976596e-06	2.542613e-09	3.512854e+01	1.726191e+02
3.210000e-06	4.995698e-06	2.543954e-09	3.526337e+01	1.728307e+02
3.220000e-06	5.014390e-06	2.550356e-09	3.539531e+01	1.730342e+02
3.230000e-06	5.032643e-06	2.559498e-09	3.552416e+01	1.732294e+02
3.240000e-06	5.050420e-06	2.564846e-09	3.564964e+01	1.734157e+02
3.250000e-06	5.067838e-06	2.569597e-09	3.577259e+01	1.735928e+02
3.260000e-06	5.085042e-06	2.578820e-09	3.589403e+01	1.737605e+02
3.270000e-06	5.102025e-06	2.587610e-09	3.601391e+01	1.739186e+02
3.280000e-06	5.118677e-06	2.589011e-09	3.613145e+01	1.740670e+02
3.290000e-06	5.134788e-06	2.586314e-09	3.624518e+01	1.742058e+02
3.300000e-06	5.150474e-06	2.585927e-09	3.635590e+01	1.743350e+02
3.310000e-06	5.165846e-06	2.587654e-09	3.646441e+01	1.744550e+02
3.320000e-06	5.180791e-06	2.590831e-09	3.656990e+01	1.745661e+02
3.330000e-06	5.195226e-06	2.595282e-09	3.667179e+01	1.746687e+02
3.340000e-06	5.209254e-06	2.602265e-09	3.677081e+01	1.747633e+02
3.350000e-06	5.222914e-06	2.609843e-09	3.686723e+01	1.748507e+02
3.360000e-06	5.236125e-06	2.614325e-09	3.696049e+01	1.749315e+02
3.370000e-06	5.248908e-06	2.612657e-09	3.705072e+01	1.750065e+02
3.380000e-06	5.261388e-06	2.607851e-09	3.713882e+01	1.750764e+02
3.390000e-06	5.273611e-06	2.603607e-09	3.722509e+01	1.751420e+02
3.400000e-06	5.285459e-06	2.601895e-09	3.730873e+01	1.752041e+02
3.410000e-06	5.296914e-06	2.604712e-09	3.738958e+01	1.752635e+02
3.420000e-06	5.307942e-06	2.612077e-09	3.746742e+01	1.753209e+02
3.430000e-06	5.318335e-06	2.621760e-09	3.754079e+01	1.753771e+02
3.440000e-06	5.328016e-06	2.628133e-09	3.760912e+01	1.754324e+02
3.450000e-06	5.337093e-06	2.630346e-09	3.767319e+01	1.754876e+02
3.460000e-06	5.345718e-06	2.630858e-09	3.773407e+01	1.755429e+02
3.470000e-06	5.353949e-06	2.628768e-09	3.779218e+01	1.755988e+02
3.480000e-06	5.361896e-06	2.626994e-09	3.784827e+01	1.756553e+02
3.490000e-06	5.369664e-06	2.624612e-09	3.790311e+01	1.757125e+02
3.500000e-06	5.377135e-06	2.623514e-09	3.795584e+01	1.757703e+02
3.510000e-06	5.384308e-06	2.623150e-09	3.800647e+01	1.758285e+02
3.520000e-06	5.391085e-06	2.622434e-09	3.805431e+01	1.758869e+02
3.530000e-06	5.397418e-06	2.620710e-09	3.809901e+01	1.759450e+02
3.540000e-06	5.403425e-06	2.620133e-09	3.814142e+01	1.760024e+02
3.550000e-06	5.409101e-06	2.625961e-09	3.818148e+01	1.760583e+02
3.560000e-06	5.414356e-06	2.632476e-09	3.821858e+01	1.761122e+02
3.570000e-06	5.419234e-06	2.633406e-09	3.825301e+01	1.761634e+02
3.580000e-06	5.423746e-06	2.628303e-09	3.828486e+01	1.762112e+02
3.590000e-06	5.427925e-06	2.621860e-09	3.831436e+01	1.762548e+02
3.600000e-06	5.431891e-06	2.617946e-09	3.834235e+01	1.762936e+02
3.610000e-06	5.435649e-06	2.614021e-09	3.836888e+01	1.763268e+02
3.620000e-06	5.439184e-06	2.613210e-09	3.839383e+01	1.763540e+02
3.630000e-06	5.442211e-06	2.620474e-09	3.841520e+01	1.763746e+02
3.640000e-06	5.444593e-06	2.634820e-09	3.843201e+01	1.763881e+02
3.650000e-06	5.446360e-06	2.646340e-09	3.844448e+01	1.763943e+02
3.660000e-06	5.447471e-06	2.648739e-09	3.845233e+01	1.763930e+02
3.670000e-06	5.448112e-06	2.644697e-09	3.845685e+01	1.763842e+02
3.680000e-06	5.448458e-06	2.638922e-09	3.845930e+01	1.763680e+02
3.690000e-06	5.448558e-06	2.632116e-09	3.846000e+01	1.763446e+02
3.700000e-06	5.448471e-06	2.625462e-09	3.845939e+01	1.763146e+02
3.710000e-06	5.448070e-06	2.626296e-09	3.845656e+01	1.762784e+02
3.720000e-06	5.447131e-06	2.634631e-09	3.844993e+01	1.762368e+02
3.730000e-06	5.445772e-06	2.646204e-09	3.844034e+01	1.761905e+02
3.740000e-06	5.444204e-06	2.655234e-09	3.842926e+01	1.761406e+02
3.750000e-06	5.442366e-06	2.650821e-09	3.841629e+01	1.760881e+02
3.760000e-06	5.440183e-06	2.624603e-09	3.840088e+01	1.760340e+02
3.770000e-06	5.437617e-06	2.611514e-09	3.838277e+01	1.759797e+02
3.780000e-06	5.434652e-06	2.655546e-09	3.836184e+01	1.759262e+02
3.790000e-06	5.431243e-06	2.691584e-09	3.833778e+01	1.758748e+02
3.800000e-06	5.427436e-06	2.631387e-09	3.831090e+01	1.758267e+02
3.810000e-06	5.423409e-06	2.551885e-09	3.828248e+01	1.757830e+02
3.820000e-06	5.419214e-06	2.662597e-09	3.825287e+01	1.757448e+02
3.830000e-06	5.414679e-06	2.702197e-09	3.822086e+01	1.757130e+02
3.840000e-06	5.409504e-06	2.615227e-09	3.818432e+01	1.756886e+02
3.850000e-06	5.403776e-06	2.526608e-09	3.814389e+01	1.756722e+02
3.860000e-06	5.397692e-06	2.652782e-09	3.810095e+01	1.756643e+02
3.870000e-06	5.391201e-06	2.778385e-09	3.805513e+01	1.756654e+02
3.880000e-06	5.384244e-06	2.602326e-09	3.800602e+01	1.756756e+02
3.890000e-06	5.376806e-06	2.537325e-09	3.795352e+01	1.756950e+02
3.900000e-06	5.368943e-06	2.665459e-09	3.789802e+01	1.757232e+02
3.910000e-06	5.360729e-06	2.760260e-09	3.784004e+01	1.757599e+02
3.920000e-06	5.352122e-06	2.545065e-09	3.777928e+01	1.758045e+02
3.930000e-06	5.343160e-06	2.546970e-09	3.771602e+01	1.758562e+02
3.940000e-06	5.333858e-06	2.746520e-09	3.765036e+01	1.759140e+02
3.950000e-06	5.324278e-06	2.759708e-09	3.758273e+01	1.759768e+02
3.960000e-06	5.314340e-06	2.538664e-09	3.751259e+01	1.760432e+02
3.970000e-06	5.303984e-06	2.602391e-09	3.743949e+01	1.761119e+02
3.980000e-06	5.293173e-06	2.791958e-09	3.736318e+01	1.761813e+02
3.990000e-06	5.282007e-06	2.699186e-09	3.728436e+01	1.762498e+02
4.000000e-06	5.270602e-06	2.565412e-09	3.720385e+01	1.763159e+02
4.010000e-06	5.258748e-06	2.724705e-09	3.712017e+01	1.763777e+02
4.020000e-06	5.246400e-06	2.860638e-09	3.703301e+01	1.764338e+02
4.030000e-06	5.233593e-06	2.689506e-09	3.694261e+01	1.764824e+02
4.040000e-06	5.220411e-06	2.643032e-09	3.684957e+01	1.765219e+02
4.050000e-06	5.206686e-06	2.778293e-09	3.675269e+01	1.765509e+02
4.060000e-06	5.192223e-06	2.776964e-09	3.665059e+01	1.765681e+02
4.070000e-06	5.177120e-06	2.639623e-09	3.654398e+01	1.765721e+02
4.080000e-06	5.161605e-06	2.709574e-09	3.643447e+01	1.765619e+02
4.090000e-06	5.145830e-06	2.757448e-09	3.632312e+01	1.765365e+02
4.100000e-06	5.129798e-06	2.697935e-09	3.620995e+01	1.764953e+02
4.110000e-06	5.113531e-06	2.699640e-09	3.609513e+01	1.764376e+02
4.120000e-06	5.096941e-06	2.767637e-09	3.597802e+01	1.763631e+02
4.130000e-06	5.079992e-06	2.679319e-09	3.585839e+01	1.762716e+02
4.140000e-06	5.062729e-06	2.667825e-09	3.573653e+01	1.761631e+02
4.150000e-06	5.045073e-06	2.735801e-09	3.561190e+01	1.760379e+02
4.160000e-06	5.027054e-06	2.716883e-09	3.548471e+01	1.758963e+02
4.170000e-06	5.008726e-06	2.629311e-09	3.535534e+01	1.757388e+02
4.180000e-06	4.990063e-06	2.691383e-09	3.522359e+01	1.755663e+02
4.190000e-06	4.970972e-06	2.730438e-09	3.508884e+01	1.753796e+02
4.200000e-06	4.951467e-06	2.682287e-09	3.495116e+01	1.751795e+02
4.210000e-06	4.931674e-06	2.662368e-09	3.481144e+01	1.749672e+02
4.220000e-06	4.911769e-06	2.683000e-09	3.467094e+01	1.747437e+02
4.230000e-06	4.891774e-06	2.671228e-09	3.452980e+01	1.745104e+02
4.240000e-06	4.871495e-06	2.669596e-09	3.438666e+01	1.742683e+02
4.250000e-06	4.850768e-06	2.667239e-09	3.424035e+01	1.740188e+02
4.260000e-06	4.829614e-06	2.639267e-09	3.409103e+01	1.737630e+02
4.270000e-06	4.807897e-06	2.651498e-09	3.393774e+01	1.735021e+02
4.280000e-06	4.785466e-06	2.669047e-09	3.377940e+01	1.732372e+02
4.290000e-06	4.762553e-06	2.650618e-09	3.361766e+01	1.729694e+02
4.300000e-06	4.739385e-06	2.626392e-09	3.345412e+01	1.726997e+02
4.310000e-06	4.715884e-06	2.642190e-09	3.328824e+01	1.724288e+02
4.320000e-06	4.691993e-06	2.641199e-09	3.311959e+01	1.721577e+02
4.330000e-06	4.667860e-06	2.631730e-09	3.294925e+01	1.718870e+02
4.340000e-06	4.643551e-06	2.604359e-09	3.277765e+01	1.716171e+02
4.350000e-06	4.618968e-06	2.604276e-09	3.260413e+01	1.713485e+02
4.360000e-06	4.594053e-06	2.618295e-09	3.242826e+01	1.710815e+02
4.370000e-06	4.568787e-06	2.624991e-09	3.224991e+01	1.708162e+02
4.380000e-06	4.543172e-06	2.594560e-09	3.206911e+01	1.705527e+02
4.390000e-06	4.517293e-06	2.595410e-09	3.188643e+01	1.702908e+02
4.400000e-06	4.491123e-06	2.603428e-09	3.170171e+01	1.700306e+02
4.410000e-06	4.464569e-06	2.603086e-09	3.151427e+01	1.697716e+02
4.420000e-06	4.437630e-06	2.581296e-09	3.132411e+01	1.695135e+02
4.430000e-06	4.410411e-06	2.579799e-09	3.113198e+01	1.692560e+02
4.440000e-06	4.382923e-06	2.585221e-09	3.093795e+01	1.689986e+02
4.450000e-06	4.355146e-06	2.598168e-09	3.074188e+01	1.687406e+02
4.460000e-06	4.327193e-06	2.585212e-09	3.054456e+01	1.684817e+02
4.470000e-06	4.299164e-06	2.568679e-09	3.034671e+01	1.682212e+02
4.480000e-06	4.270896e-06	2.566920e-09	3.014718e+01	1.679586e+02
4.490000e-06	4.242303e-06	2.575647e-09	2.994535e+01	1.676932e+02
4.500000e-06	4.213271e-06	2.568894e-09	2.974042e+01	1.674245e+02
4.510000e-06	4.183720e-06	2.563891e-09	2.953183e+01	1.671520e+02
4.520000e-06	4.153694e-06	2.569540e-09	2.931988e+01	1.668751e+02
4.530000e-06	4.123205e-06	2.577948e-09	2.910466e+01	1.665934e+02
4.540000e-06	4.092250e-06	2.575493e-09	2.888616e+01	1.663064e+02
4.550000e-06	4.060838e-06	2.561278e-09	2.866443e+01	1.660137e+02
4.560000e-06	4.029156e-06	2.553402e-09	2.844080e+01	1.657151e+02
4.570000e-06	3.997332e-06	2.553678e-09	2.821616e+01	1.654101e+02
4.580000e-06	3.965353e-06	2.553912e-09	2.799043e+01	1.650986e+02
4.590000e-06	3.933227e-06	2.542685e-09	2.776366e+01	1.647804e+02
4.600000e-06	3.900877e-06	2.538051e-09	2.753531e+01	1.644553e+02
4.610000e-06	3.868237e-06	2.540828e-09	2.730491e+01	1.641232e+02
4.620000e-06	3.835317e-06	2.546806e-09	2.707254e+01	1.637841e+02
4.630000e-06	3.802134e-06	2.535817e-09	2.683831e+01	1.634379e+02
4.640000e-06	3.768732e-06	2.525337e-09	2.660253e+01	1.630848e+02
4.650000e-06	3.735077e-06	2.519819e-09	2.636497e+01	1.627246e+02
4.660000e-06	3.701165e-06	2.523329e-09	2.612559e+01	1.623576e+02
4.670000e-06	3.666939e-06	2.515112e-09	2.588400e+01	1.619838e+02
4.680000e-06	3.632481e-06	2.507317e-09	2.564077e+01	1.616033e+02
4.690000e-06	3.597834e-06	2.502825e-09	2.539621e+01	1.612164e+02
4.700000e-06	3.562974e-06	2.506734e-09	2.515013e+01	1.608231e+02
4.710000e-06	3.527901e-06	2.500782e-09	2.490257e+01	1.604237e+02
4.720000e-06	3.492582e-06	2.492629e-09	2.465326e+01	1.600182e+02
4.730000e-06	3.457036e-06	2.487516e-09	2.440235e+01	1.596070e+02
4.740000e-06	3.421275e-06	2.489619e-09	2.414992e+01	1.591901e+02
4.750000e-06	3.385353e-06	2.481467e-09	2.389636e+01	1.587678e+02
4.760000e-06	3.349362e-06	2.466925e-09	2.364231e+01	1.583402e+02
4.770000e-06	3.313244e-06	2.451937e-09	2.338735e+01	1.579074e+02
4.780000e-06	3.276884e-06	2.447373e-09	2.313070e+01	1.574697e+02
4.790000e-06	3.240272e-06	2.445078e-09	2.287227e+01	1.570272e+02
4.800000e-06	3.203396e-06	2.441385e-09	2.261196e+01	1.565800e+02
4.810000e-06	3.166201e-06	2.436998e-09	2.234941e+01	1.561282e+02
4.820000e-06	3.128517e-06	2.435194e-09	2.208342e+01	1.556718e+02
4.830000e-06	3.090361e-06	2.431173e-09	2.181408e+01	1.552110e+02
4.840000e-06	3.051774e-06	2.416533e-09	2.154171e+01	1.547457e+02
4.850000e-06	3.012793e-06	2.398409e-09	2.126655e+01	1.542760e+02
4.860000e-06	2.973576e-06	2.384343e-09	2.098973e+01	1.538018e+02
4.870000e-06	2.934084e-06	2.377099e-09	2.071096e+01	1.533231e+02
4.880000e-06	2.894439e-06	2.370453e-09	2.043111e+01	1.528396e+02
4.890000e-06	2.854715e-06	2.367257e-09	2.015072e+01	1.523512e+02
4.900000e-06	2.814865e-06	2.364452e-09	1.986943e+01	1.518576e+02
4.910000e-06	2.774894e-06	2.364202e-09	1.958728e+01	1.513587e+02
4.920000e-06	2.734771e-06	2.358523e-09	1.930406e+01	1.508540e+02
4.930000e-06	2.694532e-06	2.348205e-09	1.902002e+01	1.503431e+02
4.940000e-06	2.654169e-06	2.334091e-09	1.873511e+01	1.498256e+02
4.950000e-06	2.613587e-06	2.324132e-09	1.844866e+01	1.493010e+02
4.960000e-06	2.572833e-06	2.315149e-09	1.816098e+01	1.487686e+02
4.970000e-06	2.531931e-06	2.310262e-09	1.787227e+01	1.482278e+02
4.980000e-06	2.490853e-06	2.307716e-09	1.758231e+01	1.476780e+02
4.990000e-06	2.449700e-06	2.308529e-09	1.729182e+01	1.471184e+02
5.000000e-06	2.408352e-06	2.305605e-09	1.699995e+01	1.465481e+02
5.010000e-06	2.366822e-06	2.298320e-09	1.670680e+01	1.459665e+02
5.020000e-06	2.325127e-06	2.285225e-09	1.641249e+01	1.453725e+02
5.030000e-06	2.283256e-06	2.273170e-09	1.611693e+01	1.447653e+02
5.040000e-06	2.241263e-06	2.263269e-09	1.582051e+01	1.441440e+02
5.050000e-06	2.199105e-06	2.257360e-09	1.552293e+01	1.435078e+02
5.060000e-06	2.156828e-06	2.252415e-09	1.522450e+01	1.428556e+02
5.070000e-06	2.114362e-06	2.249178e-09	1.492475e+01	1.421866e+02
5.080000e-06	2.071679e-06	2.245481e-09	1.462346e+01	1.414999e+02
5.090000e-06	2.028879e-06	2.238935e-09	1.432135e+01	1.407947e+02
5.100000e-06	1.985897e-06	2.228495e-09	1.401795e+01	1.400702e+02
5.110000e-06	1.942738e-06	2.213630e-09	1.371330e+01	1.393257e+02
5.120000e-06	1.899456e-06	2.199449e-09	1.340778e+01	1.385606e+02
5.130000e-06	1.856116e-06	2.187104e-09	1.310185e+01	1.377741e+02
5.140000e-06	1.812698e-06	2.180097e-09	1.279538e+01	1.369657e+02
5.150000e-06	1.769194e-06	2.173110e-09	1.248830e+01	1.361351e+02
5.160000e-06	1.725585e-06	2.165616e-09	1.218047e+01	1.352818e+02
5.170000e-06	1.681790e-06	2.157518e-09	1.187133e+01	1.344056e+02
5.180000e-06	1.637929e-06	2.148781e-09	1.156173e+01	1.335062e+02
5.190000e-06	1.593992e-06	2.136434e-09	1.125158e+01	1.325834e+02
5.200000e-06	1.550003e-06	2.122980e-09	1.094108e+01	1.316371e+02
5.210000e-06	1.506040e-06	2.108236e-09	1.063075e+01	1.306674e+02
5.220000e-06	1.461981e-06	2.094440e-09	1.031976e+01	1.296741e+02
5.230000e-06	1.417819e-06	2.083253e-09	1.000803e+01	1.286573e+02
5.240000e-06	1.373627e-06	2.068395e-09	9.696084e+00	1.276171e+02
5.250000e-06	1.329406e-06	2.051420e-09	9.383941e+00	1.265535e+02
5.260000e-06	1.285154e-06	2.037436e-09	9.071580e+00	1.254663e+02
5.270000e-06	1.240859e-06	2.024266e-09	8.758914e+00	1.243557e+02
5.280000e-06	1.196417e-06	2.006282e-09	8.445206e+00	1.232215e+02
5.290000e-06	1.151798e-06	1.985679e-09	8.130251e+00	1.220634e+02
5.300000e-06	1.107244e-06	1.971692e-09	7.815758e+00	1.208813e+02
5.310000e-06	1.062677e-06	1.958308e-09	7.501168e+00	1.196746e+02
5.320000e-06	1.017959e-06	1.940777e-09	7.185517e+00	1.184429e+02
5.330000e-06	9.730997e-07	1.916368e-09	6.868866e+00	1.171855e+02
5.340000e-06	9.280618e-07	1.893441e-09	6.550955e+00	1.159015e+02
5.350000e-06	8.829762e-07	1.873706e-09	6.232707e+00	1.145898e+02
5.360000e-06	8.378309e-07	1.852638e-09	5.914038e+00	1.132494e+02
5.370000e-06	7.926745e-07	1.830927e-09	5.595290e+00	1.118789e+02
5.380000e-06	7.475960e-07	1.812510e-09	5.277092e+00	1.104767e+02
5.390000e-06	7.024029e-07	1.796195e-09	4.958085e+00	1.090410e+02
5.400000e-06	6.570724e-07	1.777732e-09	4.638109e+00	1.075702e+02
5.410000e-06	6.116405e-07	1.756653e-09	4.317417e+00	1.060621e+02
5.420000e-06	5.661030e-07	1.733058e-09	3.995979e+00	1.045146e+02
5.430000e-06	5.204673e-07	1.705701e-09	3.673848e+00	1.029254e+02
5.440000e-06	4.747373e-07	1.673306e-09	3.351051e+00	1.012923e+02
5.450000e-06	4.290240e-07	1.640149e-09	3.028372e+00	9.961269e+01
5.460000e-06	3.833994e-07	1.611629e-09	2.706320e+00	9.788429e+01
5.470000e-06	3.377728e-07	1.587919e-09	2.384253e+00	9.610462e+01
5.480000e-06	2.921101e-07	1.565119e-09	2.061932e+00	9.427126e+01
5.490000e-06	2.463543e-07	1.537763e-09	1.738953e+00	9.238188e+01
5.500000e-06	2.005253e-07	1.503911e-09	1.415458e+00	9.043422e+01
5.510000e-06	1.547249e-07	1.469614e-09	1.092164e+00	8.842618e+01
5.520000e-06	1.089024e-07	1.434022e-09	7.687145e-01	8.635581e+01
5.530000e-06	6.305781e-08	1.394332e-09	4.451092e-01	8.422138e+01
5.540000e-06	1.728197e-08	1.351196e-09	1.219890e-01	8.202138e+01
5.550000e-06	-2.850258e-08	1.312528e-09	-2.011925e-01	7.975454e+01
5.560000e-06	-7.432035e-08	1.279436e-09	-5.246086e-01	7.741991e+01
5.570000e-06	-1.200468e-07	1.244636e-09	-8.473803e-01	7.501682e+01
5.580000e-06	-1.657753e-07	1.202244e-09	-1.170166e+00	7.254493e+01
5.590000e-06	-2.115471e-07	1.157285e-09	-1.493258e+00	7.000423e+01
5.600000e-06	-2.572908e-07	1.111934e-09	-1.816151e+00	6.739508e+01
5.610000e-06	-3.030081e-07	1.063912e-09	-2.138858e+00	6.471816e+01
5.620000e-06	-3.487414e-07	1.013073e-09	-2.461678e+00	6.197451e+01
5.630000e-06	-3.944349e-07	9.649086e-10	-2.784217e+00	5.916552e+01
5.640000e-06	-4.400995e-07	9.222757e-10	-3.106551e+00	5.629290e+01
5.650000e-06	-4.856697e-07	8.816422e-10	-3.428220e+00	5.335870e+01
5.660000e-06	-5.311413e-07	8.345219e-10	-3.749193e+00	5.036526e+01
5.670000e-06	-5.766089e-07	7.838739e-10	-4.070137e+00	4.731518e+01
5.680000e-06	-6.221018e-07	7.346094e-10	-4.391260e+00	4.421135e+01
5.690000e-06	-6.675432e-07	6.859286e-10	-4.712019e+00	4.105686e+01
5.700000e-06	-7.128306e-07	6.354856e-10	-5.031691e+00	3.785499e+01
5.710000e-06	-7.581192e-07	5.824211e-10	-5.351373e+00	3.460919e+01
5.720000e-06	-8.034015e-07	5.315804e-10	-5.671009e+00	3.132305e+01
5.730000e-06	-8.485079e-07	4.823632e-10	-5.989404e+00	2.800024e+01
5.740000e-06	-8.935480e-07	4.300870e-10	-6.307330e+00	2.464449e+01
5.750000e-06	-9.386310e-07	3.742008e-10	-6.625560e+00	2.125955e+01
5.760000e-06	-9.836269e-07	3.216876e-10	-6.943174e+00	1.784920e+01
5.770000e-06	-1.028485e-06	2.724300e-10	-7.259816e+00	1.441716e+01
5.780000e-06	-1.073147e-06	2.220825e-10	-7.575074e+00	1.096709e+01
5.790000e-06	-1.117669e-06	1.685027e-10	-7.889343e+00	7.502586e+00
5.800000e-06	-1.162113e-06	1.146765e-10	-8.203061e+00	4.027128e+00
5.810000e-06	-1.206451e-06	6.246600e-11	-8.516031e+00	5.440827e-01
5.820000e-06	-1.250839e-06	9.033652e-12	-8.829356e+00	-2.943316e+00
5.830000e-06	-1.295196e-06	-4.674308e-11	-9.142460e+00	-6.431975e+00
5.840000e-06	-1.339465e-06	-1.013406e-10	-9.454949e+00	-9.918947e+00
5.850000e-06	-1.383680e-06	-1.536869e-10	-9.767047e+00	-1.340143e+01
5.860000e-06	-1.427783e-06	-2.057147e-10	-1.007836e+01	-1.687678e+01
5.870000e-06	-1.471772e-06	-2.600188e-10	-1.038887e+01	-2.034246e+01
5.880000e-06	-1.515709e-06	-3.144956e-10	-1.069901e+01	-2.379611e+01
5.890000e-06	-1.559642e-06	-3.693443e-10	-1.100912e+01	-2.723545e+01
5.900000e-06	-1.603524e-06	-4.241013e-10	-1.131887e+01	-3.065833e+01
5.910000e-06	-1.647334e-06	-4.789524e-10	-1.162812e+01	-3.406268e+01
5.920000e-06	-1.691010e-06	-5.332204e-10	-1.193641e+01	-3.744652e+01
5.930000e-06	-1.734681e-06	-5.849010e-10	-1.224468e+01	-4.080792e+01
5.940000e-06	-1.778356e-06	-6.355816e-10	-1.255296e+01	-4.414500e+01
5.950000e-06	-1.821926e-06	-6.905975e-10	-1.286052e+01	-4.745589e+01
5.960000e-06	-1.865399e-06	-7.472990e-10	-1.316738e+01	-5.073878e+01
5.970000e-06	-1.908646e-06	-7.995945e-10	-1.347265e+01	-5.399180e+01
5.980000e-06	-1.951709e-06	-8.492448e-10	-1.377662e+01	-5.721313e+01
5.990000e-06	-1.994730e-06	-9.002285e-10	-1.408030e+01	-6.040088e+01
6.000000e-06	-2.037577e-06	-9.517822e-10	-1.438274e+01	-6.355319e+01
6.010000e-06	-2.080181e-06	-1.000331e-09	-1.468347e+01	-6.666812e+01
6.020000e-06	-2.122613e-06	-1.048727e-09	-1.498299e+01	-6.974376e+01
6.030000e-06	-2.164937e-06	-1.101127e-09	-1.528175e+01	-7.277814e+01
6.040000e-06	-2.207186e-06	-1.153981e-09	-1.557997e+01	-7.576928e+01
6.050000e-06	-2.249212e-06	-1.201693e-09	-1.587662e+01	-7.871521e+01
6.060000e-06	-2.291057e-06	-1.244145e-09	-1.617199e+01	-8.161397e+01
6.070000e-06	-2.332836e-06	-1.285980e-09	-1.646690e+01	-8.446361e+01
6.080000e-06	-2.374414e-06	-1.331029e-09	-1.676039e+01	-8.726222e+01
6.090000e-06	-2.415746e-06	-1.376309e-09	-1.705214e+01	-9.000796e+01
6.100000e-06	-2.456815e-06	-1.419950e-09	-1.734204e+01	-9.269907e+01
6.110000e-06	-2.497747e-06	-1.464781e-09	-1.763097e+01	-9.533389e+01
6.120000e-06	-2.538605e-06	-1.513065e-09	-1.791938e+01	-9.791087e+01
6.130000e-06	-2.579269e-06	-1.560420e-09	-1.820641e+01	-1.004286e+02
6.140000e-06	-2.619813e-06	-1.603119e-09	-1.849260e+01	-1.028859e+02
6.150000e-06	-2.660202e-06	-1.642356e-09	-1.877770e+01	-1.052817e+02
6.160000e-06	-2.700394e-06	-1.681993e-09	-1.906140e+01	-1.076151e+02
6.170000e-06	-2.740490e-06	-1.719791e-09	-1.934443e+01	-1.098855e+02
6.180000e-06	-2.780451e-06	-1.755647e-09	-1.962651e+01	-1.120924e+02
6.190000e-06	-2.820250e-06	-1.792789e-09	-1.990743e+01	-1.142357e+02
6.200000e-06	-2.859953e-06	-1.832643e-09	-2.018769e+01	-1.163155e+02
6.210000e-06	-2.899555e-06	-1.871413e-09	-2.046723e+01	-1.183320e+02
6.220000e-06	-2.938941e-06	-1.906390e-09	-2.074524e+01	-1.202858e+02
6.230000e-06	-2.978107e-06	-1.938841e-09	-2.102171e+01	-1.221776e+02
6.240000e-06	-3.017019e-06	-1.968212e-09	-2.129638e+01	-1.240083e+02
6.250000e-06	-3.055572e-06	-1.993679e-09	-2.156852e+01	-1.257792e+02
6.260000e-06	-3.093754e-06	-2.019552e-09	-2.183803e+01	-1.274917e+02
6.270000e-06	-3.131473e-06	-2.044817e-09	-2.210428e+01	-1.291472e+02
6.280000e-06	-3.168753e-06	-2.069789e-09	-2.236743e+01	-1.307475e+02
6.290000e-06	-3.205799e-06	-2.096392e-09	-2.262893e+01	-1.322943e+02
6.300000e-06	-3.242633e-06	-2.122560e-09	-2.288893e+01	-1.337897e+02
6.310000e-06	-3.279165e-06	-2.147477e-09	-2.314680e+01	-1.352355e+02
6.320000e-06	-3.315430e-06	-2.171966e-09	-2.340279e+01	-1.366337e+02
6.330000e-06	-3.351515e-06	-2.194369e-09	-2.365750e+01	-1.379864e+02
6.340000e-06	-3.387470e-06	-2.215682e-09	-2.391130e+01	-1.392957e+02
6.350000e-06	-3.423305e-06	-2.237265e-09	-2.416425e+01	-1.405634e+02
6.360000e-06	-3.458936e-06	-2.257958e-09	-2.441576e+01	-1.417915e+02
6.370000e-06	-3.494286e-06	-2.277565e-09	-2.466529e+01	-1.429818e+02
6.380000e-06	-3.529467e-06	-2.295053e-09	-2.491362e+01	-1.441361e+02
6.390000e-06	-3.564450e-06	-2.311903e-09	-2.516056e+01	-1.452559e+02
6.400000e-06	-3.599226e-06	-2.329522e-09	-2.540603e+01	-1.463428e+02
6.410000e-06	-3.633736e-06	-2.348239e-09	-2.564963e+01	-1.473979e+02
6.420000e-06	-3.667933e-06	-2.363338e-09	-2.589101e+01	-1.484226e+02
6.430000e-06	-3.701893e-06	-2.376429e-09	-2.613073e+01	-1.494178e+02
6.440000e-06	-3.735584e-06	-2.390054e-09	-2.636855e+01	-1.503844e+02
6.450000e-06	-3.768973e-06	-2.401790e-09	-2.660423e+01	-1.513232e+02
6.460000e-06	-3.802080e-06	-2.410103e-09	-2.683793e+01	-1.522347e+02
6.470000e-06	-3.834961e-06	-2.416809e-09	-2.707002e+01	-1.531194e+02
6.480000e-06	-3.867564e-06	-2.425844e-09	-2.730016e+01	-1.539776e+02
6.490000e-06	-3.899902e-06	-2.440492e-09	-2.752843e+01	-1.548097e+02
6.500000e-06	-3.932055e-06	-2.454080e-09	-2.775539e+01	-1.556159e+02
6.510000e-06	-3.964060e-06	-2.463062e-09	-2.798130e+01	-1.563962e+02
6.520000e-06	-3.995843e-06	-2.470567e-09	-2.820565e+01	-1.571507e+02
6.530000e-06	-4.027306e-06	-2.478943e-09	-2.842774e+01	-1.578797e+02
6.540000e-06	-4.058480e-06	-2.485129e-09	-2.864779e+01	-1.585831e+02
6.550000e-06	-4.089325e-06	-2.488835e-09	-2.886552e+01	-1.592610e+02
6.560000e-06	-4.119785e-06	-2.495346e-09	-2.908053e+01	-1.599138e+02
6.570000e-06	-4.149852e-06	-2.507948e-09	-2.929276e+01	-1.605415e+02
6.580000e-06	-4.179463e-06	-2.522055e-09	-2.950177e+01	-1.611444e+02
6.590000e-06	-4.208495e-06	-2.532184e-09	-2.970671e+01	-1.617230e+02
6.600000e-06	-4.236991e-06	-2.541552e-09	-2.990785e+01	-1.622778e+02
6.610000e-06	-4.265211e-06	-2.550074e-09	-3.010705e+01	-1.628092e+02
6.620000e-06	-4.293262e-06	-2.556385e-09	-3.030505e+01	-1.633180e+02
6.630000e-06	-4.321158e-06	-2.557729e-09	-3.050196e+01	-1.638049e+02
6.640000e-06	-4.348866e-06	-2.558578e-09	-3.069755e+01	-1.642708e+02
6.650000e-06	-4.376329e-06	-2.565895e-09	-3.089140e+01	-1.647167e+02
6.660000e-06	-4.403517e-06	-2.579480e-09	-3.108331e+01	-1.651435e+02
6.670000e-06	-4.430421e-06	-2.592251e-09	-3.127323e+01	-1.655524e+02
6.680000e-06	-4.457050e-06	-2.599015e-09	-3.146119e+01	-1.659446e+02
6.690000e-06	-4.483315e-06	-2.603476e-09	-3.164659e+01	-1.663211e+02
6.700000e-06	-4.509230e-06	-2.610202e-09	-3.182952e+01	-1.666833e+02
6.710000e-06	-4.534810e-06	-2.615412e-09	-3.201008e+01	-1.670323e+02
6.720000e-06	-4.560057e-06	-2.617607e-09	-3.218830e+01	-1.673692e+02
6.730000e-06	-4.584963e-06	-2.620112e-09	-3.236410e+01	-1.676952e+02
6.740000e-06	-4.609504e-06	-2.626775e-09	-3.253733e+01	-1.680114e+02
6.750000e-06	-4.633786e-06	-2.635922e-09	-3.270872e+01	-1.683188e+02
6.760000e-06	-4.657886e-06	-2.642500e-09	-3.287884e+01	-1.686183e+02
6.770000e-06	-4.681801e-06	-2.645415e-09	-3.304765e+01	-1.689107e+02
6.780000e-06	-4.705518e-06	-2.649868e-09	-3.321507e+01	-1.691967e+02
6.790000e-06	-4.728958e-06	-2.657052e-09	-3.338053e+01	-1.694768e+02
6.800000e-06	-4.752045e-06	-2.662717e-09	-3.354349e+01	-1.697516e+02
6.810000e-06	-4.774760e-06	-2.665169e-09	-3.370383e+01	-1.700213e+02
6.820000e-06	-4.796874e-06	-2.668202e-09	-3.385992e+01	-1.702862e+02
6.830000e-06	-4.818299e-06	-2.675985e-09	-3.401116e+01	-1.705462e+02
6.840000e-06	-4.839231e-06	-2.684102e-09	-3.415891e+01	-1.708013e+02
6.850000e-06	-4.859784e-06	-2.687280e-09	-3.430399e+01	-1.710515e+02
6.860000e-06	-4.880025e-06	-2.689622e-09	-3.444687e+01	-1.712963e+02
6.870000e-06	-4.900063e-06	-2.696364e-09	-3.458831e+01	-1.715355e+02
6.880000e-06	-4.919894e-06	-2.703432e-09	-3.472829e+01	-1.717687e+02
6.890000e-06	-4.939409e-06	-2.707809e-09	-3.486604e+01	-1.719954e+02
6.900000e-06	-4.958610e-06	-2.709122e-09	-3.500158e+01	-1.722151e+02
6.910000e-06	-4.977495e-06	-2.711772e-09	-3.513488e+01	-1.724274e+02
6.920000e-06	-4.995997e-06	-2.716008e-09	-3.526548e+01	-1.726317e+02
6.930000e-06	-5.014150e-06	-2.718804e-09	-3.539362e+01	-1.728276e+02
6.940000e-06	-5.032056e-06	-2.718085e-09	-3.552001e+01	-1.730148e+02
6.950000e-06	-5.049632e-06	-2.719999e-09	-3.564408e+01	-1.731928e+02
6.960000e-06	-5.066792e-06	-2.726979e-09	-3.576521e+01	-1.733613e+02
6.970000e-06	-5.083554e-06	-2.732429e-09	-3.588353e+01	-1.735203e+02
6.980000e-06	-5.099971e-06	-2.732434e-09	-3.599941e+01	-1.736696e+02
6.990000e-06	-5.116163e-06	-2.732389e-09	-3.611370e+01	-1.738092e+02
7.000000e-06	-5.132162e-06	-2.736291e-09	-3.622664e+01	-1.739393e+02
7.010000e-06	-5.147907e-06	-2.739730e-09	-3.633778e+01	-1.740601e+02
7.020000e-06	-5.163236e-06	-2.740843e-09	-3.644599e+01	-1.741720e+02
7.030000e-06	-5.178035e-06	-2.741433e-09	-3.655045e+01	-1.742754e+02
7.040000e-06	-5.192258e-06	-2.743435e-09	-3.665084e+01	-1.743708e+02
7.050000e-06	-5.205886e-06	-2.746479e-09	-3.674704e+01	-1.744588e+02
7.060000e-06	-5.218980e-06	-2.746696e-09	-3.683946e+01	-1.745402e+02
7.070000e-06	-5.231596e-06	-2.741564e-09	-3.692852e+01	-1.746157e+02
7.080000e-06	-5.243832e-06	-2.735758e-09	-3.701489e+01	-1.746861e+02
7.090000e-06	-5.255724e-06	-2.733906e-09	-3.709883e+01	-1.747521e+02
7.100000e-06	-5.267254e-06	-2.733834e-09	-3.718022e+01	-1.748145e+02
7.110000e-06	-5.278326e-06	-2.733470e-09	-3.725838e+01	-1.748742e+02
7.120000e-06	-5.288933e-06	-2.732501e-09	-3.733325e+01	-1.749318e+02
7.130000e-06	-5.299204e-06	-2.731679e-09	-3.740575e+01	-1.749881e+02
7.140000e-06	-5.309218e-06	-2.733797e-09	-3.747643e+01	-1.750436e+02
7.150000e-06	-5.318908e-06	-2.738394e-09	-3.754483e+01	-1.750988e+02
7.160000e-06	-5.328200e-06	-2.739326e-09	-3.761042e+01	-1.751542e+02
7.170000e-06	-5.337117e-06	-2.734104e-09	-3.767336e+01	-1.752101e+02
7.180000e-06	-5.345737e-06	-2.727712e-09	-3.773421e+01	-1.752666e+02
7.190000e-06	-5.354016e-06	-2.723794e-09	-3.779265e+01	-1.753238e+02
7.200000e-06	-5.361999e-06	-2.722691e-09	-3.784900e+01	-1.753816e+02
7.210000e-06	-5.369769e-06	-2.722215e-09	-3.790385e+01	-1.754400e+02
7.220000e-06	-5.377232e-06	-2.722951e-09	-3.795653e+01	-1.754984e+02
7.230000e-06	-5.384325e-06	-2.725629e-09	-3.800659e+01	-1.755567e+02
7.240000e-06	-5.391000e-06	-2.728140e-09	-3.805371e+01	-1.756141e+02
7.250000e-06	-5.397109e-06	-2.726419e-09	-3.809683e+01	-1.756703e+02
7.260000e-06	-5.402525e-06	-2.721266e-09	-3.813506e+01	-1.757245e+02
7.270000e-06	-5.407285e-06	-2.717261e-09	-3.816866e+01	-1.757760e+02
7.280000e-06	-5.411558e-06	-2.716842e-09	-3.819883e+01	-1.758242e+02
7.290000e-06	-5.415598e-06	-2.719145e-09	-3.822734e+01	-1.758682e+02
7.300000e-06	-5.419447e-06	-2.722158e-09	-3.825451e+01	-1.759075e+02
7.310000e-06	-5.423012e-06	-2.723669e-09	-3.827968e+01	-1.759413e+02
7.320000e-06	-5.426240e-06	-2.723326e-09	-3.830246e+01	-1.759691e+02
7.330000e-06	-5.429050e-06	-2.722135e-09	-3.832230e+01	-1.759903e+02
7.340000e-06	-5.431506e-06	-2.719275e-09	-3.833963e+01	-1.760045e+02
7.350000e-06	-5.433688e-06	-2.714321e-09	-3.835503e+01	-1.760114e+02
7.360000e-06	-5.435534e-06	-2.709997e-09	-3.836807e+01	-1.760108e+02
7.370000e-06	-5.437000e-06	-2.707819e-09	-3.837841e+01	-1.760027e+02
7.380000e-06	-5.437958e-06	-2.708080e-09	-3.838518e+01	-1.759872e+02
7.390000e-06	-5.438533e-06	-2.711297e-09	-3.838923e+01	-1.759645e+02
7.400000e-06	-5.438892e-06	-2.715678e-09	-3.839177e+01	-1.759351e+02
