# Temperatura_=_11.63
# Concentracion g/m^3_=_4090.0
# C_Vs_to_Am_M_A/Vsm_=_65563218390.804596
# pendiente_HvsI_1/m_=_3716.3
# ordenada_HvsI_A/m_=_1297.0
# frecuencia_Hz_=_135080.27102130058

Tiempo_(s)	Campo_(V.s)	Magnetizacion_(V.s)	Campo_(kA/m)	Magnetizacion_(A/m)
0.000000e+00	-5.414720e-06	-2.588439e-09	-3.839402e+01	-1.652863e+02
1.000000e-08	-5.414962e-06	-2.587689e-09	-3.839574e+01	-1.652335e+02
2.000000e-08	-5.414968e-06	-2.584612e-09	-3.839578e+01	-1.651823e+02
3.000000e-08	-5.414659e-06	-2.584567e-09	-3.839359e+01	-1.651345e+02
4.000000e-08	-5.414017e-06	-2.586056e-09	-3.838904e+01	-1.650917e+02
5.000000e-08	-5.412941e-06	-2.583131e-09	-3.838141e+01	-1.650557e+02
6.000000e-08	-5.411289e-06	-2.582141e-09	-3.836969e+01	-1.650283e+02
7.000000e-08	-5.409004e-06	-2.602790e-09	-3.835349e+01	-1.650110e+02
8.000000e-08	-5.406179e-06	-2.606851e-09	-3.833346e+01	-1.650055e+02
9.000000e-08	-5.402754e-06	-2.545172e-09	-3.830918e+01	-1.650134e+02
1.000000e-07	-5.398804e-06	-2.512142e-09	-3.828117e+01	-1.650358e+02
1.100000e-07	-5.394533e-06	-2.612527e-09	-3.825088e+01	-1.650741e+02
1.200000e-07	-5.390087e-06	-2.647838e-09	-3.821936e+01	-1.651290e+02
1.300000e-07	-5.385507e-06	-2.551204e-09	-3.818689e+01	-1.652015e+02
1.400000e-07	-5.380509e-06	-2.486985e-09	-3.815144e+01	-1.652918e+02
1.500000e-07	-5.375115e-06	-2.612518e-09	-3.811320e+01	-1.654003e+02
1.600000e-07	-5.369382e-06	-2.676923e-09	-3.807254e+01	-1.655270e+02
1.700000e-07	-5.363195e-06	-2.522974e-09	-3.802868e+01	-1.656713e+02
1.800000e-07	-5.356518e-06	-2.456228e-09	-3.798133e+01	-1.658328e+02
1.900000e-07	-5.349463e-06	-2.583914e-09	-3.793131e+01	-1.660106e+02
2.000000e-07	-5.342139e-06	-2.648015e-09	-3.787938e+01	-1.662034e+02
2.100000e-07	-5.334534e-06	-2.532849e-09	-3.782545e+01	-1.664099e+02
2.200000e-07	-5.326701e-06	-2.531350e-09	-3.776991e+01	-1.666283e+02
2.300000e-07	-5.318662e-06	-2.623797e-09	-3.771291e+01	-1.668569e+02
2.400000e-07	-5.310332e-06	-2.608308e-09	-3.765384e+01	-1.670935e+02
2.500000e-07	-5.301528e-06	-2.526119e-09	-3.759142e+01	-1.673359e+02
2.600000e-07	-5.292136e-06	-2.598564e-09	-3.752482e+01	-1.675817e+02
2.700000e-07	-5.282069e-06	-2.665600e-09	-3.745344e+01	-1.678286e+02
2.800000e-07	-5.271402e-06	-2.591951e-09	-3.737780e+01	-1.680741e+02
2.900000e-07	-5.260292e-06	-2.562749e-09	-3.729903e+01	-1.683156e+02
3.000000e-07	-5.248709e-06	-2.661615e-09	-3.721689e+01	-1.685507e+02
3.100000e-07	-5.236720e-06	-2.651972e-09	-3.713188e+01	-1.687769e+02
3.200000e-07	-5.224417e-06	-2.545825e-09	-3.704465e+01	-1.689920e+02
3.300000e-07	-5.211733e-06	-2.568899e-09	-3.695471e+01	-1.691937e+02
3.400000e-07	-5.198633e-06	-2.643932e-09	-3.686182e+01	-1.693801e+02
3.500000e-07	-5.185174e-06	-2.607514e-09	-3.676639e+01	-1.695492e+02
3.600000e-07	-5.171304e-06	-2.570653e-09	-3.666804e+01	-1.696994e+02
3.700000e-07	-5.157008e-06	-2.614296e-09	-3.656667e+01	-1.698295e+02
3.800000e-07	-5.142326e-06	-2.614332e-09	-3.646257e+01	-1.699381e+02
3.900000e-07	-5.127079e-06	-2.585084e-09	-3.635445e+01	-1.700244e+02
4.000000e-07	-5.111133e-06	-2.596653e-09	-3.624139e+01	-1.700878e+02
4.100000e-07	-5.094705e-06	-2.592202e-09	-3.612490e+01	-1.701279e+02
4.200000e-07	-5.078026e-06	-2.554568e-09	-3.600664e+01	-1.701447e+02
4.300000e-07	-5.060993e-06	-2.585147e-09	-3.588586e+01	-1.701382e+02
4.400000e-07	-5.043582e-06	-2.614167e-09	-3.576241e+01	-1.701089e+02
4.500000e-07	-5.025927e-06	-2.578016e-09	-3.563722e+01	-1.700574e+02
4.600000e-07	-5.007933e-06	-2.550614e-09	-3.550963e+01	-1.699846e+02
4.700000e-07	-4.989598e-06	-2.580730e-09	-3.537962e+01	-1.698914e+02
4.800000e-07	-4.970884e-06	-2.584317e-09	-3.524692e+01	-1.697790e+02
4.900000e-07	-4.951738e-06	-2.565135e-09	-3.511117e+01	-1.696488e+02
5.000000e-07	-4.932255e-06	-2.555263e-09	-3.497302e+01	-1.695023e+02
5.100000e-07	-4.912523e-06	-2.565885e-09	-3.483311e+01	-1.693408e+02
5.200000e-07	-4.892587e-06	-2.577472e-09	-3.469175e+01	-1.691659e+02
5.300000e-07	-4.872456e-06	-2.578056e-09	-3.454901e+01	-1.689793e+02
5.400000e-07	-4.852022e-06	-2.551061e-09	-3.440411e+01	-1.687825e+02
5.500000e-07	-4.831227e-06	-2.540756e-09	-3.425666e+01	-1.685770e+02
5.600000e-07	-4.810060e-06	-2.557790e-09	-3.410658e+01	-1.683644e+02
5.700000e-07	-4.788558e-06	-2.560958e-09	-3.395411e+01	-1.681460e+02
5.800000e-07	-4.766773e-06	-2.541952e-09	-3.379964e+01	-1.679233e+02
5.900000e-07	-4.744706e-06	-2.534233e-09	-3.364317e+01	-1.676973e+02
6.000000e-07	-4.722346e-06	-2.539403e-09	-3.348463e+01	-1.674693e+02
6.100000e-07	-4.699680e-06	-2.549353e-09	-3.332390e+01	-1.672403e+02
6.200000e-07	-4.676664e-06	-2.544891e-09	-3.316071e+01	-1.670109e+02
6.300000e-07	-4.653191e-06	-2.521885e-09	-3.299427e+01	-1.667821e+02
6.400000e-07	-4.629445e-06	-2.512417e-09	-3.282589e+01	-1.665542e+02
6.500000e-07	-4.605540e-06	-2.526422e-09	-3.265639e+01	-1.663279e+02
6.600000e-07	-4.581417e-06	-2.526590e-09	-3.248535e+01	-1.661033e+02
6.700000e-07	-4.556987e-06	-2.504857e-09	-3.231212e+01	-1.658808e+02
6.800000e-07	-4.532143e-06	-2.497929e-09	-3.213595e+01	-1.656603e+02
6.900000e-07	-4.506865e-06	-2.505134e-09	-3.195672e+01	-1.654418e+02
7.000000e-07	-4.481100e-06	-2.507997e-09	-3.177403e+01	-1.652252e+02
7.100000e-07	-4.454834e-06	-2.497910e-09	-3.158778e+01	-1.650104e+02
7.200000e-07	-4.428070e-06	-2.489299e-09	-3.139801e+01	-1.647971e+02
7.300000e-07	-4.400864e-06	-2.490204e-09	-3.120510e+01	-1.645849e+02
7.400000e-07	-4.373352e-06	-2.499033e-09	-3.101002e+01	-1.643735e+02
7.500000e-07	-4.345571e-06	-2.490097e-09	-3.081304e+01	-1.641625e+02
7.600000e-07	-4.317629e-06	-2.471840e-09	-3.061491e+01	-1.639516e+02
7.700000e-07	-4.289588e-06	-2.466482e-09	-3.041608e+01	-1.637403e+02
7.800000e-07	-4.261268e-06	-2.473432e-09	-3.021527e+01	-1.635283e+02
7.900000e-07	-4.232571e-06	-2.469255e-09	-3.001179e+01	-1.633150e+02
8.000000e-07	-4.203471e-06	-2.459096e-09	-2.980545e+01	-1.631002e+02
8.100000e-07	-4.174109e-06	-2.454279e-09	-2.959726e+01	-1.628834e+02
8.200000e-07	-4.144558e-06	-2.458591e-09	-2.938772e+01	-1.626643e+02
8.300000e-07	-4.114704e-06	-2.458344e-09	-2.917603e+01	-1.624425e+02
8.400000e-07	-4.084564e-06	-2.446751e-09	-2.896232e+01	-1.622178e+02
8.500000e-07	-4.054193e-06	-2.435359e-09	-2.874697e+01	-1.619898e+02
8.600000e-07	-4.023618e-06	-2.436651e-09	-2.853017e+01	-1.617582e+02
8.700000e-07	-3.992777e-06	-2.435300e-09	-2.831148e+01	-1.615228e+02
8.800000e-07	-3.961647e-06	-2.424390e-09	-2.809075e+01	-1.612832e+02
8.900000e-07	-3.930276e-06	-2.413409e-09	-2.786831e+01	-1.610393e+02
9.000000e-07	-3.898646e-06	-2.414363e-09	-2.764404e+01	-1.607907e+02
9.100000e-07	-3.866795e-06	-2.418981e-09	-2.741819e+01	-1.605372e+02
9.200000e-07	-3.834808e-06	-2.414879e-09	-2.719138e+01	-1.602786e+02
9.300000e-07	-3.802678e-06	-2.404188e-09	-2.696356e+01	-1.600145e+02
9.400000e-07	-3.770340e-06	-2.400399e-09	-2.673426e+01	-1.597448e+02
9.500000e-07	-3.737651e-06	-2.402441e-09	-2.650247e+01	-1.594691e+02
9.600000e-07	-3.704562e-06	-2.395419e-09	-2.626785e+01	-1.591872e+02
9.700000e-07	-3.671109e-06	-2.382071e-09	-2.603064e+01	-1.588988e+02
9.800000e-07	-3.637215e-06	-2.377550e-09	-2.579031e+01	-1.586037e+02
9.900000e-07	-3.602868e-06	-2.383411e-09	-2.554677e+01	-1.583017e+02
1.000000e-06	-3.568184e-06	-2.384243e-09	-2.530084e+01	-1.579924e+02
1.010000e-06	-3.533149e-06	-2.377728e-09	-2.505242e+01	-1.576757e+02
1.020000e-06	-3.497719e-06	-2.371146e-09	-2.480119e+01	-1.573515e+02
1.030000e-06	-3.462044e-06	-2.368712e-09	-2.454823e+01	-1.570194e+02
1.040000e-06	-3.426223e-06	-2.362821e-09	-2.429424e+01	-1.566795e+02
1.050000e-06	-3.390287e-06	-2.351524e-09	-2.403942e+01	-1.563316e+02
1.060000e-06	-3.354286e-06	-2.337953e-09	-2.378416e+01	-1.559757e+02
1.070000e-06	-3.318120e-06	-2.330136e-09	-2.352771e+01	-1.556119e+02
1.080000e-06	-3.281695e-06	-2.325769e-09	-2.326943e+01	-1.552402e+02
1.090000e-06	-3.245066e-06	-2.318663e-09	-2.300971e+01	-1.548607e+02
1.100000e-06	-3.208146e-06	-2.309771e-09	-2.274793e+01	-1.544736e+02
1.110000e-06	-3.170922e-06	-2.306413e-09	-2.248398e+01	-1.540792e+02
1.120000e-06	-3.133485e-06	-2.304707e-09	-2.221852e+01	-1.536777e+02
1.130000e-06	-3.095839e-06	-2.299262e-09	-2.195159e+01	-1.532695e+02
1.140000e-06	-3.057998e-06	-2.289666e-09	-2.168327e+01	-1.528550e+02
1.150000e-06	-3.020039e-06	-2.280296e-09	-2.141412e+01	-1.524346e+02
1.160000e-06	-2.981918e-06	-2.273052e-09	-2.114381e+01	-1.520086e+02
1.170000e-06	-2.943552e-06	-2.265638e-09	-2.087177e+01	-1.515776e+02
1.180000e-06	-2.904942e-06	-2.256053e-09	-2.059800e+01	-1.511420e+02
1.190000e-06	-2.866157e-06	-2.249363e-09	-2.032299e+01	-1.507023e+02
1.200000e-06	-2.827161e-06	-2.246487e-09	-2.004648e+01	-1.502587e+02
1.210000e-06	-2.787930e-06	-2.240539e-09	-1.976831e+01	-1.498118e+02
1.220000e-06	-2.748493e-06	-2.229602e-09	-1.948868e+01	-1.493617e+02
1.230000e-06	-2.708900e-06	-2.218578e-09	-1.920794e+01	-1.489088e+02
1.240000e-06	-2.669240e-06	-2.211755e-09	-1.892672e+01	-1.484531e+02
1.250000e-06	-2.629475e-06	-2.206407e-09	-1.864475e+01	-1.479949e+02
1.260000e-06	-2.589575e-06	-2.198762e-09	-1.836184e+01	-1.475339e+02
1.270000e-06	-2.549569e-06	-2.191004e-09	-1.807817e+01	-1.470702e+02
1.280000e-06	-2.509394e-06	-2.187319e-09	-1.779330e+01	-1.466033e+02
1.290000e-06	-2.468985e-06	-2.181398e-09	-1.750677e+01	-1.461330e+02
1.300000e-06	-2.428403e-06	-2.166515e-09	-1.721902e+01	-1.456588e+02
1.310000e-06	-2.387698e-06	-2.148339e-09	-1.693040e+01	-1.451800e+02
1.320000e-06	-2.346872e-06	-2.135503e-09	-1.664091e+01	-1.446958e+02
1.330000e-06	-2.305837e-06	-2.129346e-09	-1.634994e+01	-1.442055e+02
1.340000e-06	-2.264520e-06	-2.125092e-09	-1.605697e+01	-1.437081e+02
1.350000e-06	-2.222946e-06	-2.121152e-09	-1.576219e+01	-1.432025e+02
1.360000e-06	-2.180993e-06	-2.117588e-09	-1.546471e+01	-1.426877e+02
1.370000e-06	-2.138709e-06	-2.110248e-09	-1.516489e+01	-1.421624e+02
1.380000e-06	-2.096239e-06	-2.096557e-09	-1.486375e+01	-1.416254e+02
1.390000e-06	-2.053592e-06	-2.076245e-09	-1.456135e+01	-1.410754e+02
1.400000e-06	-2.010688e-06	-2.058486e-09	-1.425714e+01	-1.405113e+02
1.410000e-06	-1.967562e-06	-2.050449e-09	-1.395134e+01	-1.399318e+02
1.420000e-06	-1.924310e-06	-2.046250e-09	-1.364466e+01	-1.393355e+02
1.430000e-06	-1.880829e-06	-2.040698e-09	-1.333635e+01	-1.387214e+02
1.440000e-06	-1.837162e-06	-2.033516e-09	-1.302672e+01	-1.380884e+02
1.450000e-06	-1.793406e-06	-2.024336e-09	-1.271646e+01	-1.374353e+02
1.460000e-06	-1.749622e-06	-2.010347e-09	-1.240600e+01	-1.367613e+02
1.470000e-06	-1.705751e-06	-1.991261e-09	-1.209492e+01	-1.360654e+02
1.480000e-06	-1.661766e-06	-1.971055e-09	-1.178305e+01	-1.353470e+02
1.490000e-06	-1.617698e-06	-1.956731e-09	-1.147057e+01	-1.346054e+02
1.500000e-06	-1.573524e-06	-1.949142e-09	-1.115735e+01	-1.338401e+02
1.510000e-06	-1.529228e-06	-1.941452e-09	-1.084326e+01	-1.330507e+02
1.520000e-06	-1.484905e-06	-1.927988e-09	-1.052898e+01	-1.322368e+02
1.530000e-06	-1.440607e-06	-1.911319e-09	-1.021487e+01	-1.313983e+02
1.540000e-06	-1.396197e-06	-1.896892e-09	-9.899982e+00	-1.305350e+02
1.550000e-06	-1.351699e-06	-1.881247e-09	-9.584461e+00	-1.296468e+02
1.560000e-06	-1.307205e-06	-1.864268e-09	-9.268965e+00	-1.287339e+02
1.570000e-06	-1.262661e-06	-1.850291e-09	-8.953120e+00	-1.277962e+02
1.580000e-06	-1.217955e-06	-1.839477e-09	-8.636122e+00	-1.268336e+02
1.590000e-06	-1.173115e-06	-1.825581e-09	-8.318181e+00	-1.258464e+02
1.600000e-06	-1.128220e-06	-1.808295e-09	-7.999840e+00	-1.248343e+02
1.610000e-06	-1.083314e-06	-1.791049e-09	-7.681429e+00	-1.237975e+02
1.620000e-06	-1.038231e-06	-1.776001e-09	-7.361757e+00	-1.227356e+02
1.630000e-06	-9.930013e-07	-1.761072e-09	-7.041050e+00	-1.216484e+02
1.640000e-06	-9.477892e-07	-1.741455e-09	-6.720466e+00	-1.205356e+02
1.650000e-06	-9.025201e-07	-1.722043e-09	-6.399478e+00	-1.193965e+02
1.660000e-06	-8.572372e-07	-1.706851e-09	-6.078391e+00	-1.182305e+02
1.670000e-06	-8.118969e-07	-1.689706e-09	-5.756898e+00	-1.170366e+02
1.680000e-06	-7.664441e-07	-1.668568e-09	-5.434607e+00	-1.158138e+02
1.690000e-06	-7.209209e-07	-1.646207e-09	-5.111816e+00	-1.145609e+02
1.700000e-06	-6.753034e-07	-1.624601e-09	-4.788357e+00	-1.132763e+02
1.710000e-06	-6.296179e-07	-1.603369e-09	-4.464417e+00	-1.119584e+02
1.720000e-06	-5.839281e-07	-1.581810e-09	-4.140445e+00	-1.106054e+02
1.730000e-06	-5.382366e-07	-1.562252e-09	-3.816461e+00	-1.092153e+02
1.740000e-06	-4.924905e-07	-1.542389e-09	-3.492090e+00	-1.077859e+02
1.750000e-06	-4.467178e-07	-1.519197e-09	-3.167531e+00	-1.063151e+02
1.760000e-06	-4.009503e-07	-1.495819e-09	-2.843009e+00	-1.048003e+02
1.770000e-06	-3.551181e-07	-1.473813e-09	-2.518027e+00	-1.032393e+02
1.780000e-06	-3.093117e-07	-1.451856e-09	-2.193229e+00	-1.016295e+02
1.790000e-06	-2.634804e-07	-1.429545e-09	-1.868254e+00	-9.996838e+01
1.800000e-06	-2.176019e-07	-1.404468e-09	-1.542945e+00	-9.825357e+01
1.810000e-06	-1.717586e-07	-1.377095e-09	-1.217884e+00	-9.648266e+01
1.820000e-06	-1.258767e-07	-1.349618e-09	-8.925509e-01	-9.465336e+01
1.830000e-06	-7.995082e-08	-1.321908e-09	-5.669053e-01	-9.276353e+01
1.840000e-06	-3.401660e-08	-1.291948e-09	-2.412007e-01	-9.081123e+01
1.850000e-06	1.189136e-08	-1.259058e-09	8.431776e-02	-8.879469e+01
1.860000e-06	5.780597e-08	-1.226855e-09	4.098834e-01	-8.671241e+01
1.870000e-06	1.037828e-07	-1.196913e-09	7.358903e-01	-8.456316e+01
1.880000e-06	1.497020e-07	-1.164772e-09	1.061488e+00	-8.234599e+01
1.890000e-06	1.955787e-07	-1.128924e-09	1.386785e+00	-8.006028e+01
1.900000e-06	2.414970e-07	-1.092891e-09	1.712377e+00	-7.770574e+01
1.910000e-06	2.873663e-07	-1.059047e-09	2.037621e+00	-7.528242e+01
1.920000e-06	3.332362e-07	-1.023812e-09	2.362870e+00	-7.279072e+01
1.930000e-06	3.791043e-07	-9.826889e-10	2.688106e+00	-7.023138e+01
1.940000e-06	4.248726e-07	-9.421733e-10	3.012634e+00	-6.760549e+01
1.950000e-06	4.705707e-07	-9.037105e-10	3.336664e+00	-6.491448e+01
1.960000e-06	5.163214e-07	-8.642351e-10	3.661067e+00	-6.216009e+01
1.970000e-06	5.620484e-07	-8.234735e-10	3.985303e+00	-5.934437e+01
1.980000e-06	6.076645e-07	-7.814661e-10	4.308752e+00	-5.646963e+01
1.990000e-06	6.532011e-07	-7.419368e-10	4.631637e+00	-5.353846e+01
2.000000e-06	6.986956e-07	-7.012338e-10	4.954224e+00	-5.055364e+01
2.010000e-06	7.442671e-07	-6.561055e-10	5.277357e+00	-4.751817e+01
2.020000e-06	7.898606e-07	-6.075627e-10	5.600645e+00	-4.443519e+01
2.030000e-06	8.353028e-07	-5.587591e-10	5.922862e+00	-4.130796e+01
2.040000e-06	8.805783e-07	-5.095136e-10	6.243896e+00	-3.813985e+01
2.050000e-06	9.257430e-07	-4.589130e-10	6.564143e+00	-3.493426e+01
2.060000e-06	9.708569e-07	-4.101477e-10	6.884032e+00	-3.169464e+01
2.070000e-06	1.015984e-06	-3.659119e-10	7.204010e+00	-2.842441e+01
2.080000e-06	1.060999e-06	-3.257449e-10	7.523196e+00	-2.512696e+01
2.090000e-06	1.105945e-06	-2.835417e-10	7.841895e+00	-2.180563e+01
2.100000e-06	1.150847e-06	-2.354302e-10	8.160285e+00	-1.846366e+01
2.110000e-06	1.195664e-06	-1.843969e-10	8.478068e+00	-1.510422e+01
2.120000e-06	1.240394e-06	-1.299677e-10	8.795229e+00	-1.173033e+01
2.130000e-06	1.284995e-06	-7.249816e-11	9.111481e+00	-8.344919e+00
2.140000e-06	1.329505e-06	-1.581503e-11	9.427092e+00	-4.950758e+00
2.150000e-06	1.373922e-06	3.531087e-11	9.742037e+00	-1.550505e+00
2.160000e-06	1.418312e-06	8.159197e-11	1.005679e+01	1.853313e+00
2.170000e-06	1.462661e-06	1.278788e-10	1.037126e+01	5.258295e+00
2.180000e-06	1.506912e-06	1.771844e-10	1.068503e+01	8.662150e+00
2.190000e-06	1.551089e-06	2.277347e-10	1.099827e+01	1.206269e+01
2.200000e-06	1.595235e-06	2.784963e-10	1.131129e+01	1.545781e+01
2.210000e-06	1.639330e-06	3.302727e-10	1.162396e+01	1.884548e+01
2.220000e-06	1.683311e-06	3.833102e-10	1.193581e+01	2.222371e+01
2.230000e-06	1.727211e-06	4.356975e-10	1.224709e+01	2.559056e+01
2.240000e-06	1.771067e-06	4.842702e-10	1.255806e+01	2.894410e+01
2.250000e-06	1.814807e-06	5.304271e-10	1.286821e+01	3.228239e+01
2.260000e-06	1.858422e-06	5.771215e-10	1.317746e+01	3.560347e+01
2.270000e-06	1.901915e-06	6.250406e-10	1.348586e+01	3.890537e+01
2.280000e-06	1.945316e-06	6.712612e-10	1.379360e+01	4.218604e+01
2.290000e-06	1.988566e-06	7.168567e-10	1.410028e+01	4.544340e+01
2.300000e-06	2.031524e-06	7.649464e-10	1.440488e+01	4.867530e+01
2.310000e-06	2.074291e-06	8.153581e-10	1.470812e+01	5.187953e+01
2.320000e-06	2.116921e-06	8.613563e-10	1.501040e+01	5.505380e+01
2.330000e-06	2.159245e-06	9.042661e-10	1.531051e+01	5.819577e+01
2.340000e-06	2.201248e-06	9.475378e-10	1.560834e+01	6.130306e+01
2.350000e-06	2.242904e-06	9.922977e-10	1.590370e+01	6.437322e+01
2.360000e-06	2.284230e-06	1.038377e-09	1.619674e+01	6.740379e+01
2.370000e-06	2.325352e-06	1.081804e-09	1.648832e+01	7.039231e+01
2.380000e-06	2.366232e-06	1.121045e-09	1.677818e+01	7.333629e+01
2.390000e-06	2.406948e-06	1.160855e-09	1.706689e+01	7.623331e+01
2.400000e-06	2.447517e-06	1.200860e-09	1.735455e+01	7.908100e+01
2.410000e-06	2.487898e-06	1.236476e-09	1.764088e+01	8.187705e+01
2.420000e-06	2.528134e-06	1.270590e-09	1.792618e+01	8.461926e+01
2.430000e-06	2.568286e-06	1.310472e-09	1.821088e+01	8.730559e+01
2.440000e-06	2.608325e-06	1.356301e-09	1.849479e+01	8.993411e+01
2.450000e-06	2.648181e-06	1.397974e-09	1.877740e+01	9.250310e+01
2.460000e-06	2.687892e-06	1.431628e-09	1.905897e+01	9.501102e+01
2.470000e-06	2.727522e-06	1.464034e-09	1.933997e+01	9.745657e+01
2.480000e-06	2.767001e-06	1.496270e-09	1.961991e+01	9.983866e+01
2.490000e-06	2.806212e-06	1.525703e-09	1.989794e+01	1.021565e+02
2.500000e-06	2.845225e-06	1.553716e-09	2.017457e+01	1.044094e+02
2.510000e-06	2.884093e-06	1.585941e-09	2.045017e+01	1.065972e+02
2.520000e-06	2.922694e-06	1.623036e-09	2.072387e+01	1.087197e+02
2.530000e-06	2.961106e-06	1.655605e-09	2.099624e+01	1.107772e+02
2.540000e-06	2.999442e-06	1.678860e-09	2.126807e+01	1.127701e+02
2.550000e-06	3.037528e-06	1.699200e-09	2.153813e+01	1.146991e+02
2.560000e-06	3.075368e-06	1.725500e-09	2.180644e+01	1.165651e+02
2.570000e-06	3.112997e-06	1.754623e-09	2.207325e+01	1.183694e+02
2.580000e-06	3.150407e-06	1.781292e-09	2.233851e+01	1.201131e+02
2.590000e-06	3.187596e-06	1.807199e-09	2.260221e+01	1.217978e+02
2.600000e-06	3.224522e-06	1.835550e-09	2.286404e+01	1.234251e+02
2.610000e-06	3.261293e-06	1.861793e-09	2.312477e+01	1.249968e+02
2.620000e-06	3.297885e-06	1.880538e-09	2.338424e+01	1.265146e+02
2.630000e-06	3.334250e-06	1.897140e-09	2.364209e+01	1.279804e+02
2.640000e-06	3.370445e-06	1.918010e-09	2.389874e+01	1.293962e+02
2.650000e-06	3.406480e-06	1.940339e-09	2.415425e+01	1.307638e+02
2.660000e-06	3.442339e-06	1.959405e-09	2.440851e+01	1.320852e+02
2.670000e-06	3.478040e-06	1.977884e-09	2.466165e+01	1.333621e+02
2.680000e-06	3.513573e-06	1.998489e-09	2.491361e+01	1.345963e+02
2.690000e-06	3.548831e-06	2.017097e-09	2.516361e+01	1.357895e+02
2.700000e-06	3.583708e-06	2.028988e-09	2.541091e+01	1.369434e+02
2.710000e-06	3.618175e-06	2.035911e-09	2.565530e+01	1.380592e+02
2.720000e-06	3.652335e-06	2.046784e-09	2.589752e+01	1.391386e+02
2.730000e-06	3.686149e-06	2.062978e-09	2.613729e+01	1.401825e+02
2.740000e-06	3.719511e-06	2.079429e-09	2.637385e+01	1.411922e+02
2.750000e-06	3.752479e-06	2.095553e-09	2.660761e+01	1.421685e+02
2.760000e-06	3.785070e-06	2.114502e-09	2.683870e+01	1.431125e+02
2.770000e-06	3.817338e-06	2.134625e-09	2.706751e+01	1.440247e+02
2.780000e-06	3.849422e-06	2.148767e-09	2.729500e+01	1.449059e+02
2.790000e-06	3.881330e-06	2.156336e-09	2.752125e+01	1.457567e+02
2.800000e-06	3.913079e-06	2.165208e-09	2.774637e+01	1.465774e+02
2.810000e-06	3.944670e-06	2.177719e-09	2.797038e+01	1.473686e+02
2.820000e-06	3.975941e-06	2.189157e-09	2.819211e+01	1.481306e+02
2.830000e-06	4.006907e-06	2.198452e-09	2.841168e+01	1.488640e+02
2.840000e-06	4.037625e-06	2.208125e-09	2.862949e+01	1.495689e+02
2.850000e-06	4.068061e-06	2.220162e-09	2.884530e+01	1.502459e+02
2.860000e-06	4.098279e-06	2.230469e-09	2.905957e+01	1.508953e+02
2.870000e-06	4.128150e-06	2.238060e-09	2.927137e+01	1.515177e+02
2.880000e-06	4.157676e-06	2.247066e-09	2.948074e+01	1.521136e+02
2.890000e-06	4.186985e-06	2.258053e-09	2.968856e+01	1.526835e+02
2.900000e-06	4.216032e-06	2.265818e-09	2.989452e+01	1.532282e+02
2.910000e-06	4.244818e-06	2.270740e-09	3.009863e+01	1.537484e+02
2.920000e-06	4.273378e-06	2.277733e-09	3.030114e+01	1.542449e+02
2.930000e-06	4.301687e-06	2.286001e-09	3.050187e+01	1.547186e+02
2.940000e-06	4.329780e-06	2.294333e-09	3.070107e+01	1.551705e+02
2.950000e-06	4.357677e-06	2.300757e-09	3.089887e+01	1.556016e+02
2.960000e-06	4.385286e-06	2.307594e-09	3.109464e+01	1.560130e+02
2.970000e-06	4.412623e-06	2.316151e-09	3.128848e+01	1.564059e+02
2.980000e-06	4.439688e-06	2.323325e-09	3.148039e+01	1.567813e+02
2.990000e-06	4.466314e-06	2.328181e-09	3.166919e+01	1.571405e+02
3.000000e-06	4.492339e-06	2.332166e-09	3.185372e+01	1.574846e+02
3.010000e-06	4.517807e-06	2.338124e-09	3.203430e+01	1.578149e+02
3.020000e-06	4.542873e-06	2.346395e-09	3.221204e+01	1.581324e+02
3.030000e-06	4.567571e-06	2.352023e-09	3.238717e+01	1.584382e+02
3.040000e-06	4.591874e-06	2.354698e-09	3.255949e+01	1.587333e+02
3.050000e-06	4.615871e-06	2.359068e-09	3.272965e+01	1.590187e+02
3.060000e-06	4.639610e-06	2.365077e-09	3.289797e+01	1.592953e+02
3.070000e-06	4.663069e-06	2.371605e-09	3.306431e+01	1.595638e+02
3.080000e-06	4.686199e-06	2.376951e-09	3.322832e+01	1.598250e+02
3.090000e-06	4.709031e-06	2.384230e-09	3.339021e+01	1.600792e+02
3.100000e-06	4.731589e-06	2.390105e-09	3.355017e+01	1.603271e+02
3.110000e-06	4.753785e-06	2.391272e-09	3.370755e+01	1.605689e+02
3.120000e-06	4.775648e-06	2.389456e-09	3.386257e+01	1.608049e+02
3.130000e-06	4.797205e-06	2.388550e-09	3.401543e+01	1.610353e+02
3.140000e-06	4.818496e-06	2.390119e-09	3.416640e+01	1.612601e+02
3.150000e-06	4.839511e-06	2.394245e-09	3.431540e+01	1.614792e+02
3.160000e-06	4.860145e-06	2.400178e-09	3.446171e+01	1.616926e+02
3.170000e-06	4.880513e-06	2.407213e-09	3.460614e+01	1.619001e+02
3.180000e-06	4.900654e-06	2.416667e-09	3.474895e+01	1.621015e+02
3.190000e-06	4.920517e-06	2.422052e-09	3.488979e+01	1.622966e+02
3.200000e-06	4.940130e-06	2.420002e-09	3.502886e+01	1.624851e+02
3.210000e-06	4.959499e-06	2.415838e-09	3.516620e+01	1.626670e+02
3.220000e-06	4.978516e-06	2.414970e-09	3.530104e+01	1.628418e+02
3.230000e-06	4.997014e-06	2.418488e-09	3.543221e+01	1.630095e+02
3.240000e-06	5.015051e-06	2.423652e-09	3.556010e+01	1.631699e+02
3.250000e-06	5.032786e-06	2.429619e-09	3.568586e+01	1.633231e+02
3.260000e-06	5.050157e-06	2.438359e-09	3.580903e+01	1.634688e+02
3.270000e-06	5.067173e-06	2.448069e-09	3.592968e+01	1.636073e+02
3.280000e-06	5.083988e-06	2.453063e-09	3.604891e+01	1.637386e+02
3.290000e-06	5.100496e-06	2.452121e-09	3.616596e+01	1.638630e+02
3.300000e-06	5.116590e-06	2.452171e-09	3.628008e+01	1.639808e+02
3.310000e-06	5.132222e-06	2.453626e-09	3.639092e+01	1.640922e+02
3.320000e-06	5.147221e-06	2.454751e-09	3.649728e+01	1.641977e+02
3.330000e-06	5.161674e-06	2.457524e-09	3.659976e+01	1.642978e+02
3.340000e-06	5.175827e-06	2.462200e-09	3.670011e+01	1.643929e+02
3.350000e-06	5.189728e-06	2.467610e-09	3.679868e+01	1.644836e+02
3.360000e-06	5.203290e-06	2.471749e-09	3.689485e+01	1.645704e+02
3.370000e-06	5.216433e-06	2.473135e-09	3.698804e+01	1.646538e+02
3.380000e-06	5.229228e-06	2.473692e-09	3.707876e+01	1.647343e+02
3.390000e-06	5.241665e-06	2.475739e-09	3.716695e+01	1.648124e+02
3.400000e-06	5.253678e-06	2.477374e-09	3.725213e+01	1.648886e+02
3.410000e-06	5.265320e-06	2.477406e-09	3.733468e+01	1.649632e+02
3.420000e-06	5.276532e-06	2.479023e-09	3.741418e+01	1.650364e+02
3.430000e-06	5.287132e-06	2.481698e-09	3.748934e+01	1.651085e+02
3.440000e-06	5.297176e-06	2.483709e-09	3.756056e+01	1.651796e+02
3.450000e-06	5.306782e-06	2.487776e-09	3.762867e+01	1.652497e+02
3.460000e-06	5.315788e-06	2.493369e-09	3.769253e+01	1.653187e+02
3.470000e-06	5.324210e-06	2.497786e-09	3.775225e+01	1.653864e+02
3.480000e-06	5.332339e-06	2.500223e-09	3.780989e+01	1.654526e+02
3.490000e-06	5.340336e-06	2.500057e-09	3.786659e+01	1.655167e+02
3.500000e-06	5.348049e-06	2.498878e-09	3.792128e+01	1.655784e+02
3.510000e-06	5.355428e-06	2.496562e-09	3.797360e+01	1.656372e+02
3.520000e-06	5.362450e-06	2.494636e-09	3.802339e+01	1.656923e+02
3.530000e-06	5.369024e-06	2.495879e-09	3.807001e+01	1.657433e+02
3.540000e-06	5.375278e-06	2.499137e-09	3.811435e+01	1.657895e+02
3.550000e-06	5.381182e-06	2.505078e-09	3.815622e+01	1.658302e+02
3.560000e-06	5.386613e-06	2.509425e-09	3.819472e+01	1.658649e+02
3.570000e-06	5.391655e-06	2.511006e-09	3.823048e+01	1.658929e+02
3.580000e-06	5.396422e-06	2.508409e-09	3.826428e+01	1.659138e+02
3.590000e-06	5.400819e-06	2.502491e-09	3.829546e+01	1.659272e+02
3.600000e-06	5.404882e-06	2.496923e-09	3.832426e+01	1.659328e+02
3.610000e-06	5.408746e-06	2.496747e-09	3.835167e+01	1.659305e+02
3.620000e-06	5.412310e-06	2.503961e-09	3.837694e+01	1.659203e+02
3.630000e-06	5.415505e-06	2.514507e-09	3.839959e+01	1.659024e+02
3.640000e-06	5.418243e-06	2.524361e-09	3.841901e+01	1.658770e+02
3.650000e-06	5.420428e-06	2.529379e-09	3.843450e+01	1.658448e+02
3.660000e-06	5.422055e-06	2.527440e-09	3.844603e+01	1.658063e+02
3.670000e-06	5.423119e-06	2.520156e-09	3.845358e+01	1.657625e+02
3.680000e-06	5.423754e-06	2.514734e-09	3.845808e+01	1.657145e+02
3.690000e-06	5.424025e-06	2.514004e-09	3.846000e+01	1.656634e+02
3.700000e-06	5.423999e-06	2.515569e-09	3.845982e+01	1.656106e+02
3.710000e-06	5.423756e-06	2.519770e-09	3.845810e+01	1.655576e+02
3.720000e-06	5.423194e-06	2.526428e-09	3.845411e+01	1.655060e+02
3.730000e-06	5.422301e-06	2.533406e-09	3.844778e+01	1.654573e+02
3.740000e-06	5.421039e-06	2.537072e-09	3.843883e+01	1.654135e+02
3.750000e-06	5.419347e-06	2.530760e-09	3.842683e+01	1.653762e+02
3.760000e-06	5.417337e-06	2.506708e-09	3.841258e+01	1.653471e+02
3.770000e-06	5.415069e-06	2.475959e-09	3.839650e+01	1.653279e+02
3.780000e-06	5.412372e-06	2.519251e-09	3.837738e+01	1.653203e+02
3.790000e-06	5.409245e-06	2.607972e-09	3.835520e+01	1.653257e+02
3.800000e-06	5.405771e-06	2.547248e-09	3.833057e+01	1.653455e+02
3.810000e-06	5.401933e-06	2.445745e-09	3.830336e+01	1.653810e+02
3.820000e-06	5.397833e-06	2.487169e-09	3.827428e+01	1.654330e+02
3.830000e-06	5.393521e-06	2.578010e-09	3.824371e+01	1.655024e+02
3.840000e-06	5.388879e-06	2.520196e-09	3.821079e+01	1.655896e+02
3.850000e-06	5.383683e-06	2.364251e-09	3.817395e+01	1.656950e+02
3.860000e-06	5.377880e-06	2.459201e-09	3.813280e+01	1.658185e+02
3.870000e-06	5.371575e-06	2.636358e-09	3.808810e+01	1.659599e+02
3.880000e-06	5.364837e-06	2.556253e-09	3.804032e+01	1.661185e+02
3.890000e-06	5.357624e-06	2.382643e-09	3.798917e+01	1.662935e+02
3.900000e-06	5.349946e-06	2.488058e-09	3.793474e+01	1.664838e+02
3.910000e-06	5.341885e-06	2.639906e-09	3.787757e+01	1.666880e+02
3.920000e-06	5.333565e-06	2.484147e-09	3.781858e+01	1.669045e+02
3.930000e-06	5.324991e-06	2.358520e-09	3.775779e+01	1.671314e+02
3.940000e-06	5.316005e-06	2.536414e-09	3.769406e+01	1.673667e+02
3.950000e-06	5.306631e-06	2.653355e-09	3.762760e+01	1.676082e+02
3.960000e-06	5.297006e-06	2.476253e-09	3.755935e+01	1.678536e+02
3.970000e-06	5.287059e-06	2.446246e-09	3.748882e+01	1.681004e+02
3.980000e-06	5.276622e-06	2.648964e-09	3.741482e+01	1.683462e+02
3.990000e-06	5.265784e-06	2.653112e-09	3.733797e+01	1.685884e+02
4.000000e-06	5.254582e-06	2.475920e-09	3.725854e+01	1.688246e+02
4.010000e-06	5.242949e-06	2.552172e-09	3.717605e+01	1.690524e+02
4.020000e-06	5.230920e-06	2.717566e-09	3.709076e+01	1.692694e+02
4.030000e-06	5.218575e-06	2.624466e-09	3.700322e+01	1.694734e+02
4.040000e-06	5.205952e-06	2.504141e-09	3.691372e+01	1.696624e+02
4.050000e-06	5.192803e-06	2.614491e-09	3.682048e+01	1.698344e+02
4.060000e-06	5.178909e-06	2.661891e-09	3.672197e+01	1.699878e+02
4.070000e-06	5.164450e-06	2.558042e-09	3.661944e+01	1.701212e+02
4.080000e-06	5.149491e-06	2.564191e-09	3.651337e+01	1.702333e+02
4.090000e-06	5.134010e-06	2.638142e-09	3.640360e+01	1.703233e+02
4.100000e-06	5.118139e-06	2.604407e-09	3.629107e+01	1.703905e+02
4.110000e-06	5.102009e-06	2.582035e-09	3.617669e+01	1.704344e+02
4.120000e-06	5.085667e-06	2.622650e-09	3.606081e+01	1.704549e+02
4.130000e-06	5.068984e-06	2.589283e-09	3.594252e+01	1.704522e+02
4.140000e-06	5.051900e-06	2.554204e-09	3.582138e+01	1.704266e+02
4.150000e-06	5.034504e-06	2.602934e-09	3.569804e+01	1.703786e+02
4.160000e-06	5.016810e-06	2.614084e-09	3.557258e+01	1.703092e+02
4.170000e-06	4.998862e-06	2.560339e-09	3.544531e+01	1.702192e+02
4.180000e-06	4.980590e-06	2.572650e-09	3.531575e+01	1.701099e+02
4.190000e-06	4.961874e-06	2.606171e-09	3.518304e+01	1.699825e+02
4.200000e-06	4.942729e-06	2.598521e-09	3.504729e+01	1.698384e+02
4.210000e-06	4.923234e-06	2.576737e-09	3.490906e+01	1.696792e+02
4.220000e-06	4.903490e-06	2.571484e-09	3.476906e+01	1.695064e+02
4.230000e-06	4.883556e-06	2.578313e-09	3.462772e+01	1.693215e+02
4.240000e-06	4.863413e-06	2.594331e-09	3.448489e+01	1.691262e+02
4.250000e-06	4.842992e-06	2.575335e-09	3.434009e+01	1.689220e+02
4.260000e-06	4.822332e-06	2.552420e-09	3.419359e+01	1.687104e+02
4.270000e-06	4.801231e-06	2.569925e-09	3.404397e+01	1.684928e+02
4.280000e-06	4.779519e-06	2.585880e-09	3.389002e+01	1.682706e+02
4.290000e-06	4.757256e-06	2.565564e-09	3.373216e+01	1.680450e+02
4.300000e-06	4.734423e-06	2.558410e-09	3.357026e+01	1.678172e+02
4.310000e-06	4.711038e-06	2.562068e-09	3.340444e+01	1.675881e+02
4.320000e-06	4.687370e-06	2.563880e-09	3.323662e+01	1.673587e+02
4.330000e-06	4.663567e-06	2.568543e-09	3.306784e+01	1.671296e+02
4.340000e-06	4.639537e-06	2.554161e-09	3.289745e+01	1.669015e+02
4.350000e-06	4.615308e-06	2.528517e-09	3.272565e+01	1.666747e+02
4.360000e-06	4.590792e-06	2.540879e-09	3.255182e+01	1.664498e+02
4.370000e-06	4.565863e-06	2.555637e-09	3.237505e+01	1.662268e+02
4.380000e-06	4.540546e-06	2.533923e-09	3.219554e+01	1.660058e+02
4.390000e-06	4.514969e-06	2.521356e-09	3.201418e+01	1.657869e+02
4.400000e-06	4.489148e-06	2.534621e-09	3.183109e+01	1.655700e+02
4.410000e-06	4.463010e-06	2.538135e-09	3.164575e+01	1.653548e+02
4.420000e-06	4.436560e-06	2.524577e-09	3.145821e+01	1.651411e+02
4.430000e-06	4.409808e-06	2.507759e-09	3.126852e+01	1.649286e+02
4.440000e-06	4.382785e-06	2.501922e-09	3.107691e+01	1.647170e+02
4.450000e-06	4.355438e-06	2.511838e-09	3.088300e+01	1.645060e+02
4.460000e-06	4.327775e-06	2.511378e-09	3.068685e+01	1.642950e+02
4.470000e-06	4.299874e-06	2.498220e-09	3.048902e+01	1.640837e+02
4.480000e-06	4.271864e-06	2.496147e-09	3.029040e+01	1.638717e+02
4.490000e-06	4.243729e-06	2.503549e-09	3.009090e+01	1.636585e+02
4.500000e-06	4.215288e-06	2.495742e-09	2.988924e+01	1.634439e+02
4.510000e-06	4.186385e-06	2.485474e-09	2.968430e+01	1.632274e+02
4.520000e-06	4.156966e-06	2.485917e-09	2.947570e+01	1.630086e+02
4.530000e-06	4.127074e-06	2.495309e-09	2.926374e+01	1.627872e+02
4.540000e-06	4.096684e-06	2.497765e-09	2.904825e+01	1.625629e+02
4.550000e-06	4.065735e-06	2.487709e-09	2.882881e+01	1.623354e+02
4.560000e-06	4.034376e-06	2.476220e-09	2.860645e+01	1.621043e+02
4.570000e-06	4.002825e-06	2.478832e-09	2.838274e+01	1.618694e+02
4.580000e-06	3.971085e-06	2.482481e-09	2.815768e+01	1.616305e+02
4.590000e-06	3.939143e-06	2.475895e-09	2.793119e+01	1.613872e+02
4.600000e-06	3.907066e-06	2.465459e-09	2.770374e+01	1.611393e+02
4.610000e-06	3.874811e-06	2.465606e-09	2.747503e+01	1.608866e+02
4.620000e-06	3.842306e-06	2.470980e-09	2.724454e+01	1.606287e+02
4.630000e-06	3.809576e-06	2.468385e-09	2.701247e+01	1.603655e+02
4.640000e-06	3.776533e-06	2.453763e-09	2.677817e+01	1.600966e+02
4.650000e-06	3.743174e-06	2.444867e-09	2.654163e+01	1.598218e+02
4.660000e-06	3.709584e-06	2.447612e-09	2.630346e+01	1.595409e+02
4.670000e-06	3.675813e-06	2.446377e-09	2.606400e+01	1.592535e+02
4.680000e-06	3.641861e-06	2.434347e-09	2.582326e+01	1.589595e+02
4.690000e-06	3.607689e-06	2.425851e-09	2.558095e+01	1.586585e+02
4.700000e-06	3.573212e-06	2.427288e-09	2.533649e+01	1.583503e+02
4.710000e-06	3.538428e-06	2.427762e-09	2.508985e+01	1.580348e+02
4.720000e-06	3.503335e-06	2.420249e-09	2.484101e+01	1.577117e+02
4.730000e-06	3.467938e-06	2.412579e-09	2.459002e+01	1.573809e+02
4.740000e-06	3.432343e-06	2.414567e-09	2.433763e+01	1.570422e+02
4.750000e-06	3.396564e-06	2.417432e-09	2.408393e+01	1.566955e+02
4.760000e-06	3.360631e-06	2.411696e-09	2.382915e+01	1.563409e+02
4.770000e-06	3.324640e-06	2.400235e-09	2.357394e+01	1.559783e+02
4.780000e-06	3.288553e-06	2.393760e-09	2.331806e+01	1.556078e+02
4.790000e-06	3.252255e-06	2.391074e-09	2.306068e+01	1.552295e+02
4.800000e-06	3.215755e-06	2.387102e-09	2.280188e+01	1.548436e+02
4.810000e-06	3.179049e-06	2.380759e-09	2.254161e+01	1.544502e+02
4.820000e-06	3.141970e-06	2.376737e-09	2.227869e+01	1.540498e+02
4.830000e-06	3.104390e-06	2.375903e-09	2.201222e+01	1.536426e+02
4.840000e-06	3.066413e-06	2.373940e-09	2.174294e+01	1.532291e+02
4.850000e-06	3.028045e-06	2.364495e-09	2.147088e+01	1.528095e+02
4.860000e-06	2.989279e-06	2.352801e-09	2.119601e+01	1.523843e+02
4.870000e-06	2.950202e-06	2.345636e-09	2.091892e+01	1.519541e+02
4.880000e-06	2.910874e-06	2.338708e-09	2.064007e+01	1.515191e+02
4.890000e-06	2.871330e-06	2.329213e-09	2.035967e+01	1.510799e+02
4.900000e-06	2.831600e-06	2.322505e-09	2.007796e+01	1.506369e+02
4.910000e-06	2.791748e-06	2.320399e-09	1.979538e+01	1.501904e+02
4.920000e-06	2.751760e-06	2.319276e-09	1.951184e+01	1.497407e+02
4.930000e-06	2.711655e-06	2.313190e-09	1.922747e+01	1.492881e+02
4.940000e-06	2.671541e-06	2.304633e-09	1.894303e+01	1.488328e+02
4.950000e-06	2.631289e-06	2.299114e-09	1.865762e+01	1.483749e+02
4.960000e-06	2.590842e-06	2.294786e-09	1.837082e+01	1.479143e+02
4.970000e-06	2.550314e-06	2.286586e-09	1.808345e+01	1.474510e+02
4.980000e-06	2.509601e-06	2.278989e-09	1.779476e+01	1.469846e+02
4.990000e-06	2.468608e-06	2.274654e-09	1.750410e+01	1.465148e+02
5.000000e-06	2.427344e-06	2.271417e-09	1.721151e+01	1.460411e+02
5.010000e-06	2.385906e-06	2.267282e-09	1.691768e+01	1.455630e+02
5.020000e-06	2.344403e-06	2.260714e-09	1.662340e+01	1.450797e+02
5.030000e-06	2.302805e-06	2.254869e-09	1.632844e+01	1.445904e+02
5.040000e-06	2.261067e-06	2.251716e-09	1.603249e+01	1.440942e+02
5.050000e-06	2.219182e-06	2.247398e-09	1.573550e+01	1.435899e+02
5.060000e-06	2.177153e-06	2.241430e-09	1.543749e+01	1.430766e+02
5.070000e-06	2.134980e-06	2.236329e-09	1.513845e+01	1.425530e+02
5.080000e-06	2.092689e-06	2.233707e-09	1.483858e+01	1.420180e+02
5.090000e-06	2.050279e-06	2.229174e-09	1.453786e+01	1.414702e+02
5.100000e-06	2.007681e-06	2.218600e-09	1.423582e+01	1.409084e+02
5.110000e-06	1.964930e-06	2.208349e-09	1.393268e+01	1.403314e+02
5.120000e-06	1.922020e-06	2.198531e-09	1.362842e+01	1.397380e+02
5.130000e-06	1.878938e-06	2.189246e-09	1.332294e+01	1.391268e+02
5.140000e-06	1.835703e-06	2.179381e-09	1.301637e+01	1.384969e+02
5.150000e-06	1.792329e-06	2.173292e-09	1.270882e+01	1.378472e+02
5.160000e-06	1.748928e-06	2.171403e-09	1.240108e+01	1.371766e+02
5.170000e-06	1.705494e-06	2.169179e-09	1.209311e+01	1.364843e+02
5.180000e-06	1.661875e-06	2.158961e-09	1.178382e+01	1.357696e+02
5.190000e-06	1.618150e-06	2.141491e-09	1.147378e+01	1.350319e+02
5.200000e-06	1.574422e-06	2.126410e-09	1.116372e+01	1.342704e+02
5.210000e-06	1.530575e-06	2.115747e-09	1.085281e+01	1.334849e+02
5.220000e-06	1.486604e-06	2.105576e-09	1.054102e+01	1.326750e+02
5.230000e-06	1.442583e-06	2.096099e-09	1.022889e+01	1.318405e+02
5.240000e-06	1.398529e-06	2.088034e-09	9.916517e+00	1.309813e+02
5.250000e-06	1.354451e-06	2.081161e-09	9.603975e+00	1.300972e+02
5.260000e-06	1.310335e-06	2.069869e-09	9.291161e+00	1.291883e+02
5.270000e-06	1.266186e-06	2.051413e-09	8.978116e+00	1.282546e+02
5.280000e-06	1.221984e-06	2.029569e-09	8.664692e+00	1.272961e+02
5.290000e-06	1.177699e-06	2.009360e-09	8.350682e+00	1.263129e+02
5.300000e-06	1.133300e-06	1.993475e-09	8.035860e+00	1.253049e+02
5.310000e-06	1.088790e-06	1.978646e-09	7.720257e+00	1.242720e+02
5.320000e-06	1.044261e-06	1.966642e-09	7.404520e+00	1.232143e+02
5.330000e-06	9.997044e-07	1.954886e-09	7.088580e+00	1.221312e+02
5.340000e-06	9.551020e-07	1.941214e-09	6.772319e+00	1.210226e+02
5.350000e-06	9.103832e-07	1.924522e-09	6.455232e+00	1.198879e+02
5.360000e-06	8.655438e-07	1.904726e-09	6.137290e+00	1.187263e+02
5.370000e-06	8.206077e-07	1.883218e-09	5.818663e+00	1.175370e+02
5.380000e-06	7.755917e-07	1.866138e-09	5.499469e+00	1.163191e+02
5.390000e-06	7.305851e-07	1.850198e-09	5.180342e+00	1.150711e+02
5.400000e-06	6.855464e-07	1.832998e-09	4.860987e+00	1.137918e+02
5.410000e-06	6.404219e-07	1.813961e-09	4.541024e+00	1.124795e+02
5.420000e-06	5.952254e-07	1.795913e-09	4.220550e+00	1.111324e+02
5.430000e-06	5.499786e-07	1.776820e-09	3.899720e+00	1.097485e+02
5.440000e-06	5.047712e-07	1.753114e-09	3.579169e+00	1.083257e+02
5.450000e-06	4.595150e-07	1.724335e-09	3.258272e+00	1.068619e+02
5.460000e-06	4.141402e-07	1.697481e-09	2.936534e+00	1.053545e+02
5.470000e-06	3.687772e-07	1.678578e-09	2.614879e+00	1.038013e+02
5.480000e-06	3.233052e-07	1.660917e-09	2.292452e+00	1.021997e+02
5.490000e-06	2.777588e-07	1.641096e-09	1.969497e+00	1.005472e+02
5.500000e-06	2.322440e-07	1.615420e-09	1.646767e+00	9.884142e+01
5.510000e-06	1.867426e-07	1.585770e-09	1.324131e+00	9.707992e+01
5.520000e-06	1.412618e-07	1.553273e-09	1.001642e+00	9.526041e+01
5.530000e-06	9.583651e-08	1.519174e-09	6.795457e-01	9.338072e+01
5.540000e-06	5.046429e-08	1.485789e-09	3.578259e-01	9.143886e+01
5.550000e-06	4.961096e-09	1.456383e-09	3.517752e-02	8.943304e+01
5.560000e-06	-4.064642e-08	1.429222e-09	-2.882106e-01	8.736172e+01
5.570000e-06	-8.624555e-08	1.400275e-09	-6.115392e-01	8.522360e+01
5.580000e-06	-1.318162e-07	1.366417e-09	-9.346658e-01	8.301771e+01
5.590000e-06	-1.773000e-07	1.326992e-09	-1.257177e+00	8.074336e+01
5.600000e-06	-2.227897e-07	1.281043e-09	-1.579729e+00	7.840020e+01
5.610000e-06	-2.682984e-07	1.232124e-09	-1.902417e+00	7.598823e+01
5.620000e-06	-3.137844e-07	1.186766e-09	-2.224944e+00	7.350779e+01
5.630000e-06	-3.592732e-07	1.149135e-09	-2.547489e+00	7.095956e+01
5.640000e-06	-4.047395e-07	1.116475e-09	-2.869877e+00	6.834458e+01
5.650000e-06	-4.501754e-07	1.082034e-09	-3.192048e+00	6.566421e+01
5.660000e-06	-4.954406e-07	1.040956e-09	-3.513009e+00	6.292015e+01
5.670000e-06	-5.406276e-07	9.931629e-10	-3.833415e+00	6.011440e+01
5.680000e-06	-5.859069e-07	9.409003e-10	-4.154476e+00	5.724923e+01
5.690000e-06	-6.311668e-07	8.881985e-10	-4.475399e+00	5.432718e+01
5.700000e-06	-6.762145e-07	8.374954e-10	-4.794817e+00	5.135101e+01
5.710000e-06	-7.211136e-07	7.878588e-10	-5.113182e+00	4.832367e+01
5.720000e-06	-7.660189e-07	7.430581e-10	-5.431592e+00	4.524829e+01
5.730000e-06	-8.108935e-07	7.019494e-10	-5.749783e+00	4.212811e+01
5.740000e-06	-8.556677e-07	6.590931e-10	-6.067263e+00	3.896648e+01
5.750000e-06	-9.004349e-07	6.100179e-10	-6.384692e+00	3.576680e+01
5.760000e-06	-9.451666e-07	5.557683e-10	-6.701870e+00	3.253252e+01
5.770000e-06	-9.897262e-07	5.007983e-10	-7.017827e+00	2.926705e+01
5.780000e-06	-1.034233e-06	4.472796e-10	-7.333412e+00	2.597381e+01
5.790000e-06	-1.078708e-06	3.934317e-10	-7.648771e+00	2.265614e+01
5.800000e-06	-1.123101e-06	3.397095e-10	-7.963548e+00	1.931729e+01
5.810000e-06	-1.167411e-06	2.882847e-10	-8.277732e+00	1.596045e+01
5.820000e-06	-1.211656e-06	2.394898e-10	-8.591463e+00	1.258867e+01
5.830000e-06	-1.255829e-06	1.921350e-10	-8.904676e+00	9.204886e+00
5.840000e-06	-1.299933e-06	1.434101e-10	-9.217402e+00	5.811899e+00
5.850000e-06	-1.344038e-06	9.007906e-11	-9.530137e+00	2.412387e+00
5.860000e-06	-1.388111e-06	3.426647e-11	-9.842644e+00	-9.911030e-01
5.870000e-06	-1.432111e-06	-2.101066e-11	-1.015464e+01	-4.396149e+00
5.880000e-06	-1.476040e-06	-7.553517e-11	-1.046612e+01	-7.800442e+00
5.890000e-06	-1.519858e-06	-1.308548e-10	-1.077682e+01	-1.120178e+01
5.900000e-06	-1.563617e-06	-1.858466e-10	-1.108710e+01	-1.459804e+01
5.910000e-06	-1.607347e-06	-2.389491e-10	-1.139718e+01	-1.798719e+01
5.920000e-06	-1.651037e-06	-2.904851e-10	-1.170697e+01	-2.136722e+01
5.930000e-06	-1.694724e-06	-3.436170e-10	-1.201674e+01	-2.473620e+01
5.940000e-06	-1.738332e-06	-3.971884e-10	-1.232595e+01	-2.809219e+01
5.950000e-06	-1.781749e-06	-4.497923e-10	-1.263381e+01	-3.143325e+01
5.960000e-06	-1.824970e-06	-5.040437e-10	-1.294027e+01	-3.475743e+01
5.970000e-06	-1.868040e-06	-5.599689e-10	-1.324567e+01	-3.806276e+01
5.980000e-06	-1.910988e-06	-6.154486e-10	-1.355020e+01	-4.134721e+01
5.990000e-06	-1.953776e-06	-6.674142e-10	-1.385359e+01	-4.460870e+01
6.000000e-06	-1.996446e-06	-7.170645e-10	-1.415615e+01	-4.784509e+01
6.010000e-06	-2.039058e-06	-7.669844e-10	-1.445830e+01	-5.105418e+01
6.020000e-06	-2.081515e-06	-8.172734e-10	-1.475934e+01	-5.423370e+01
6.030000e-06	-2.123811e-06	-8.679517e-10	-1.505926e+01	-5.738132e+01
6.040000e-06	-2.165962e-06	-9.202743e-10	-1.535813e+01	-6.049465e+01
6.050000e-06	-2.207921e-06	-9.718475e-10	-1.565565e+01	-6.357127e+01
6.060000e-06	-2.249796e-06	-1.020958e-09	-1.595257e+01	-6.660871e+01
6.070000e-06	-2.291527e-06	-1.065451e-09	-1.624848e+01	-6.960450e+01
6.080000e-06	-2.333052e-06	-1.106518e-09	-1.654292e+01	-7.255617e+01
6.090000e-06	-2.374421e-06	-1.151104e-09	-1.683625e+01	-7.546128e+01
6.100000e-06	-2.415600e-06	-1.199626e-09	-1.712824e+01	-7.831745e+01
6.110000e-06	-2.456607e-06	-1.247003e-09	-1.741900e+01	-8.112235e+01
6.120000e-06	-2.497447e-06	-1.292933e-09	-1.770859e+01	-8.387379e+01
6.130000e-06	-2.538037e-06	-1.339292e-09	-1.799640e+01	-8.656966e+01
6.140000e-06	-2.578413e-06	-1.385793e-09	-1.828269e+01	-8.920803e+01
6.150000e-06	-2.618655e-06	-1.429209e-09	-1.856803e+01	-9.178715e+01
6.160000e-06	-2.658775e-06	-1.467298e-09	-1.885251e+01	-9.430545e+01
6.170000e-06	-2.698801e-06	-1.502198e-09	-1.913632e+01	-9.676157e+01
6.180000e-06	-2.738697e-06	-1.537793e-09	-1.941921e+01	-9.915440e+01
6.190000e-06	-2.778449e-06	-1.576898e-09	-1.970108e+01	-1.014831e+02
6.200000e-06	-2.818134e-06	-1.617772e-09	-1.998248e+01	-1.037469e+02
6.210000e-06	-2.857730e-06	-1.656365e-09	-2.026324e+01	-1.059457e+02
6.220000e-06	-2.897122e-06	-1.692457e-09	-2.054255e+01	-1.080791e+02
6.230000e-06	-2.936264e-06	-1.728564e-09	-2.082010e+01	-1.101475e+02
6.240000e-06	-2.975055e-06	-1.762039e-09	-2.109515e+01	-1.121512e+02
6.250000e-06	-3.013511e-06	-1.790896e-09	-2.136783e+01	-1.140910e+02
6.260000e-06	-3.051727e-06	-1.818968e-09	-2.163881e+01	-1.159675e+02
6.270000e-06	-3.089564e-06	-1.847689e-09	-2.190710e+01	-1.177821e+02
6.280000e-06	-3.126961e-06	-1.875580e-09	-2.217227e+01	-1.195359e+02
6.290000e-06	-3.164022e-06	-1.901327e-09	-2.243505e+01	-1.212304e+02
6.300000e-06	-3.200830e-06	-1.927211e-09	-2.269605e+01	-1.228673e+02
6.310000e-06	-3.237402e-06	-1.955687e-09	-2.295537e+01	-1.244482e+02
6.320000e-06	-3.273767e-06	-1.982478e-09	-2.321322e+01	-1.259749e+02
6.330000e-06	-3.309925e-06	-2.004993e-09	-2.346960e+01	-1.274494e+02
6.340000e-06	-3.345876e-06	-2.029764e-09	-2.372453e+01	-1.288735e+02
6.350000e-06	-3.381673e-06	-2.057172e-09	-2.397835e+01	-1.302491e+02
6.360000e-06	-3.417305e-06	-2.081074e-09	-2.423100e+01	-1.315781e+02
6.370000e-06	-3.452724e-06	-2.099882e-09	-2.448215e+01	-1.328624e+02
6.380000e-06	-3.487915e-06	-2.116515e-09	-2.473168e+01	-1.341037e+02
6.390000e-06	-3.522908e-06	-2.134738e-09	-2.497980e+01	-1.353037e+02
6.400000e-06	-3.557659e-06	-2.154488e-09	-2.522620e+01	-1.364641e+02
6.410000e-06	-3.592096e-06	-2.174713e-09	-2.547039e+01	-1.375864e+02
6.420000e-06	-3.626308e-06	-2.195192e-09	-2.571298e+01	-1.386718e+02
6.430000e-06	-3.660313e-06	-2.215610e-09	-2.595409e+01	-1.397216e+02
6.440000e-06	-3.694027e-06	-2.233850e-09	-2.619315e+01	-1.407370e+02
6.450000e-06	-3.727530e-06	-2.250208e-09	-2.643071e+01	-1.417190e+02
6.460000e-06	-3.760794e-06	-2.263960e-09	-2.666657e+01	-1.426684e+02
6.470000e-06	-3.793770e-06	-2.274129e-09	-2.690039e+01	-1.435860e+02
6.480000e-06	-3.826410e-06	-2.284529e-09	-2.713183e+01	-1.444724e+02
6.490000e-06	-3.858743e-06	-2.297097e-09	-2.736109e+01	-1.453283e+02
6.500000e-06	-3.890960e-06	-2.310227e-09	-2.758953e+01	-1.461541e+02
6.510000e-06	-3.922953e-06	-2.324584e-09	-2.781639e+01	-1.469502e+02
6.520000e-06	-3.954688e-06	-2.338985e-09	-2.804141e+01	-1.477172e+02
6.530000e-06	-3.986318e-06	-2.352351e-09	-2.826569e+01	-1.484554e+02
6.540000e-06	-4.017692e-06	-2.362974e-09	-2.848815e+01	-1.491651e+02
6.550000e-06	-4.048608e-06	-2.374375e-09	-2.870736e+01	-1.498468e+02
6.560000e-06	-4.079101e-06	-2.387615e-09	-2.892358e+01	-1.505009e+02
6.570000e-06	-4.109164e-06	-2.397385e-09	-2.913675e+01	-1.511279e+02
6.580000e-06	-4.138813e-06	-2.403299e-09	-2.934698e+01	-1.517282e+02
6.590000e-06	-4.168081e-06	-2.409099e-09	-2.955451e+01	-1.523025e+02
6.600000e-06	-4.196942e-06	-2.417204e-09	-2.975916e+01	-1.528515e+02
6.610000e-06	-4.225463e-06	-2.426094e-09	-2.996139e+01	-1.533758e+02
6.620000e-06	-4.253718e-06	-2.435599e-09	-3.016174e+01	-1.538763e+02
6.630000e-06	-4.281692e-06	-2.447488e-09	-3.036009e+01	-1.543538e+02
6.640000e-06	-4.309404e-06	-2.459686e-09	-3.055659e+01	-1.548094e+02
6.650000e-06	-4.336940e-06	-2.468985e-09	-3.075184e+01	-1.552440e+02
6.660000e-06	-4.364257e-06	-2.474171e-09	-3.094553e+01	-1.556587e+02
6.670000e-06	-4.391299e-06	-2.477574e-09	-3.113728e+01	-1.560546e+02
6.680000e-06	-4.418038e-06	-2.480954e-09	-3.132688e+01	-1.564330e+02
6.690000e-06	-4.444409e-06	-2.485732e-09	-3.151386e+01	-1.567949e+02
6.700000e-06	-4.470340e-06	-2.494017e-09	-3.169773e+01	-1.571416e+02
6.710000e-06	-4.495955e-06	-2.504340e-09	-3.187936e+01	-1.574741e+02
6.720000e-06	-4.521224e-06	-2.514520e-09	-3.205853e+01	-1.577938e+02
6.730000e-06	-4.546214e-06	-2.520708e-09	-3.223573e+01	-1.581015e+02
6.740000e-06	-4.570964e-06	-2.522282e-09	-3.241122e+01	-1.583985e+02
6.750000e-06	-4.595363e-06	-2.521457e-09	-3.258423e+01	-1.586856e+02
6.760000e-06	-4.619585e-06	-2.523366e-09	-3.275598e+01	-1.589637e+02
6.770000e-06	-4.643562e-06	-2.526878e-09	-3.292599e+01	-1.592336e+02
6.780000e-06	-4.667312e-06	-2.529118e-09	-3.309440e+01	-1.594960e+02
6.790000e-06	-4.690884e-06	-2.533128e-09	-3.326154e+01	-1.597514e+02
6.800000e-06	-4.714105e-06	-2.542026e-09	-3.342619e+01	-1.600005e+02
6.810000e-06	-4.736959e-06	-2.550810e-09	-3.358824e+01	-1.602434e+02
6.820000e-06	-4.759289e-06	-2.552796e-09	-3.374658e+01	-1.604804e+02
6.830000e-06	-4.781093e-06	-2.549267e-09	-3.390118e+01	-1.607118e+02
6.840000e-06	-4.802386e-06	-2.549872e-09	-3.405216e+01	-1.609376e+02
6.850000e-06	-4.823125e-06	-2.556005e-09	-3.419922e+01	-1.611578e+02
6.860000e-06	-4.843542e-06	-2.561332e-09	-3.434398e+01	-1.613722e+02
6.870000e-06	-4.863712e-06	-2.565339e-09	-3.448700e+01	-1.615808e+02
6.880000e-06	-4.883605e-06	-2.570324e-09	-3.462806e+01	-1.617834e+02
6.890000e-06	-4.903204e-06	-2.576175e-09	-3.476703e+01	-1.619796e+02
6.900000e-06	-4.922551e-06	-2.578865e-09	-3.490421e+01	-1.621694e+02
6.910000e-06	-4.941559e-06	-2.576016e-09	-3.503900e+01	-1.623524e+02
6.920000e-06	-4.960210e-06	-2.572455e-09	-3.517124e+01	-1.625285e+02
6.930000e-06	-4.978534e-06	-2.574460e-09	-3.530117e+01	-1.626975e+02
6.940000e-06	-4.996553e-06	-2.578442e-09	-3.542894e+01	-1.628593e+02
6.950000e-06	-5.014240e-06	-2.578315e-09	-3.555435e+01	-1.630137e+02
6.960000e-06	-5.031572e-06	-2.578776e-09	-3.567725e+01	-1.631608e+02
6.970000e-06	-5.048599e-06	-2.584623e-09	-3.579798e+01	-1.633006e+02
6.980000e-06	-5.065310e-06	-2.589626e-09	-3.591647e+01	-1.634332e+02
6.990000e-06	-5.081687e-06	-2.589900e-09	-3.603260e+01	-1.635589e+02
7.000000e-06	-5.097726e-06	-2.591404e-09	-3.614632e+01	-1.636778e+02
7.010000e-06	-5.113512e-06	-2.597911e-09	-3.625826e+01	-1.637903e+02
7.020000e-06	-5.129006e-06	-2.605541e-09	-3.636812e+01	-1.638969e+02
7.030000e-06	-5.144100e-06	-2.606856e-09	-3.647514e+01	-1.639980e+02
7.040000e-06	-5.158682e-06	-2.602303e-09	-3.657854e+01	-1.640940e+02
7.050000e-06	-5.172567e-06	-2.600220e-09	-3.667700e+01	-1.641854e+02
7.060000e-06	-5.185778e-06	-2.601089e-09	-3.677067e+01	-1.642729e+02
7.070000e-06	-5.198465e-06	-2.600082e-09	-3.686063e+01	-1.643569e+02
7.080000e-06	-5.210801e-06	-2.597552e-09	-3.694810e+01	-1.644380e+02
7.090000e-06	-5.222832e-06	-2.601039e-09	-3.703341e+01	-1.645166e+02
7.100000e-06	-5.234503e-06	-2.609589e-09	-3.711617e+01	-1.645932e+02
7.110000e-06	-5.245814e-06	-2.613802e-09	-3.719637e+01	-1.646681e+02
7.120000e-06	-5.256761e-06	-2.608728e-09	-3.727399e+01	-1.647416e+02
7.130000e-06	-5.267364e-06	-2.600259e-09	-3.734917e+01	-1.648140e+02
7.140000e-06	-5.277571e-06	-2.596121e-09	-3.742154e+01	-1.648853e+02
7.150000e-06	-5.287391e-06	-2.595497e-09	-3.749118e+01	-1.649557e+02
7.160000e-06	-5.296927e-06	-2.595074e-09	-3.755879e+01	-1.650250e+02
7.170000e-06	-5.306122e-06	-2.595970e-09	-3.762399e+01	-1.650931e+02
7.180000e-06	-5.314910e-06	-2.600567e-09	-3.768630e+01	-1.651596e+02
7.190000e-06	-5.323387e-06	-2.604819e-09	-3.774641e+01	-1.652242e+02
7.200000e-06	-5.331560e-06	-2.602958e-09	-3.780436e+01	-1.652864e+02
7.210000e-06	-5.339488e-06	-2.596571e-09	-3.786058e+01	-1.653458e+02
7.220000e-06	-5.347202e-06	-2.592877e-09	-3.791528e+01	-1.654017e+02
7.230000e-06	-5.354600e-06	-2.592431e-09	-3.796773e+01	-1.654535e+02
7.240000e-06	-5.361587e-06	-2.591248e-09	-3.801728e+01	-1.655006e+02
7.250000e-06	-5.367997e-06	-2.590000e-09	-3.806273e+01	-1.655424e+02
7.260000e-06	-5.373777e-06	-2.593411e-09	-3.810371e+01	-1.655782e+02
7.270000e-06	-5.378970e-06	-2.599370e-09	-3.814053e+01	-1.656074e+02
7.280000e-06	-5.383597e-06	-2.600807e-09	-3.817334e+01	-1.656297e+02
7.290000e-06	-5.387854e-06	-2.597765e-09	-3.820353e+01	-1.656444e+02
7.300000e-06	-5.391875e-06	-2.596586e-09	-3.823204e+01	-1.656515e+02
7.310000e-06	-5.395626e-06	-2.598958e-09	-3.825864e+01	-1.656506e+02
7.320000e-06	-5.399092e-06	-2.598476e-09	-3.828321e+01	-1.656418e+02
7.330000e-06	-5.402247e-06	-2.592566e-09	-3.830558e+01	-1.656252e+02
7.340000e-06	-5.405017e-06	-2.587716e-09	-3.832522e+01	-1.656012e+02
7.350000e-06	-5.407436e-06	-2.587296e-09	-3.834238e+01	-1.655701e+02
7.360000e-06	-5.409551e-06	-2.585974e-09	-3.835737e+01	-1.655327e+02
7.370000e-06	-5.411360e-06	-2.581592e-09	-3.837020e+01	-1.654899e+02
7.380000e-06	-5.412768e-06	-2.577901e-09	-3.838018e+01	-1.654426e+02
7.390000e-06	-5.413724e-06	-2.579517e-09	-3.838696e+01	-1.653920e+02
7.400000e-06	-5.414324e-06	-2.584532e-09	-3.839122e+01	-1.653395e+02
