# Temperatura_=_-2.8
# Concentracion g/m^3_=_4090.0
# C_Vs_to_Am_M_A/Vsm_=_65563218390.804596
# pendiente_HvsI_1/m_=_3716.3
# ordenada_HvsI_A/m_=_1297.0
# frecuencia_Hz_=_135078.1087860915

Tiempo_(s)	Campo_(V.s)	Magnetizacion_(V.s)	Campo_(kA/m)	Magnetizacion_(A/m)
0.000000e+00	-5.428705e-06	-2.429162e-09	-3.839300e+01	-1.559037e+02
1.000000e-08	-5.428732e-06	-2.428236e-09	-3.839320e+01	-1.558862e+02
2.000000e-08	-5.428590e-06	-2.425505e-09	-3.839219e+01	-1.558736e+02
3.000000e-08	-5.428299e-06	-2.424606e-09	-3.839013e+01	-1.558667e+02
4.000000e-08	-5.427619e-06	-2.421995e-09	-3.838532e+01	-1.558663e+02
5.000000e-08	-5.426415e-06	-2.417210e-09	-3.837681e+01	-1.558731e+02
6.000000e-08	-5.424622e-06	-2.423628e-09	-3.836413e+01	-1.558877e+02
7.000000e-08	-5.422152e-06	-2.442096e-09	-3.834666e+01	-1.559107e+02
8.000000e-08	-5.419153e-06	-2.426721e-09	-3.832545e+01	-1.559423e+02
9.000000e-08	-5.415618e-06	-2.393701e-09	-3.830045e+01	-1.559829e+02
1.000000e-07	-5.411511e-06	-2.414366e-09	-3.827140e+01	-1.560328e+02
1.100000e-07	-5.407176e-06	-2.432535e-09	-3.824074e+01	-1.560919e+02
1.200000e-07	-5.402766e-06	-2.436080e-09	-3.820956e+01	-1.561602e+02
1.300000e-07	-5.398118e-06	-2.380091e-09	-3.817668e+01	-1.562375e+02
1.400000e-07	-5.393034e-06	-2.376919e-09	-3.814073e+01	-1.563236e+02
1.500000e-07	-5.387495e-06	-2.437428e-09	-3.810156e+01	-1.564179e+02
1.600000e-07	-5.381685e-06	-2.420718e-09	-3.806047e+01	-1.565200e+02
1.700000e-07	-5.375462e-06	-2.415436e-09	-3.801646e+01	-1.566292e+02
1.800000e-07	-5.368655e-06	-2.380204e-09	-3.796831e+01	-1.567449e+02
1.900000e-07	-5.361444e-06	-2.424124e-09	-3.791732e+01	-1.568661e+02
2.000000e-07	-5.354039e-06	-2.396913e-09	-3.786495e+01	-1.569921e+02
2.100000e-07	-5.346419e-06	-2.399902e-09	-3.781106e+01	-1.571217e+02
2.200000e-07	-5.338454e-06	-2.383139e-09	-3.775473e+01	-1.572542e+02
2.300000e-07	-5.330276e-06	-2.401278e-09	-3.769689e+01	-1.573883e+02
2.400000e-07	-5.321821e-06	-2.400595e-09	-3.763709e+01	-1.575229e+02
2.500000e-07	-5.312828e-06	-2.412189e-09	-3.757350e+01	-1.576571e+02
2.600000e-07	-5.303130e-06	-2.421925e-09	-3.750491e+01	-1.577897e+02
2.700000e-07	-5.292825e-06	-2.439963e-09	-3.743203e+01	-1.579195e+02
2.800000e-07	-5.282014e-06	-2.446603e-09	-3.735558e+01	-1.580455e+02
2.900000e-07	-5.270588e-06	-2.432561e-09	-3.727477e+01	-1.581667e+02
3.000000e-07	-5.258747e-06	-2.440165e-09	-3.719102e+01	-1.582820e+02
3.100000e-07	-5.246606e-06	-2.440063e-09	-3.710516e+01	-1.583904e+02
3.200000e-07	-5.234013e-06	-2.450033e-09	-3.701610e+01	-1.584910e+02
3.300000e-07	-5.221011e-06	-2.427451e-09	-3.692414e+01	-1.585830e+02
3.400000e-07	-5.207659e-06	-2.443347e-09	-3.682971e+01	-1.586656e+02
3.500000e-07	-5.193927e-06	-2.456132e-09	-3.673260e+01	-1.587380e+02
3.600000e-07	-5.179878e-06	-2.469475e-09	-3.663324e+01	-1.587996e+02
3.700000e-07	-5.165429e-06	-2.436508e-09	-3.653106e+01	-1.588500e+02
3.800000e-07	-5.150419e-06	-2.442969e-09	-3.642491e+01	-1.588885e+02
3.900000e-07	-5.134767e-06	-2.438771e-09	-3.631421e+01	-1.589150e+02
4.000000e-07	-5.118463e-06	-2.438507e-09	-3.619890e+01	-1.589290e+02
4.100000e-07	-5.101841e-06	-2.419656e-09	-3.608135e+01	-1.589304e+02
4.200000e-07	-5.084943e-06	-2.438972e-09	-3.596184e+01	-1.589192e+02
4.300000e-07	-5.067649e-06	-2.433251e-09	-3.583953e+01	-1.588953e+02
4.400000e-07	-5.050118e-06	-2.445982e-09	-3.571555e+01	-1.588589e+02
4.500000e-07	-5.032283e-06	-2.436949e-09	-3.558942e+01	-1.588102e+02
4.600000e-07	-5.014140e-06	-2.431145e-09	-3.546111e+01	-1.587493e+02
4.700000e-07	-4.995674e-06	-2.411766e-09	-3.533051e+01	-1.586768e+02
4.800000e-07	-4.976705e-06	-2.425608e-09	-3.519636e+01	-1.585931e+02
4.900000e-07	-4.957330e-06	-2.420171e-09	-3.505934e+01	-1.584986e+02
5.000000e-07	-4.937725e-06	-2.413675e-09	-3.492068e+01	-1.583941e+02
5.100000e-07	-4.917866e-06	-2.412589e-09	-3.478024e+01	-1.582801e+02
5.200000e-07	-4.897800e-06	-2.427281e-09	-3.463833e+01	-1.581574e+02
5.300000e-07	-4.877486e-06	-2.425240e-09	-3.449466e+01	-1.580268e+02
5.400000e-07	-4.856893e-06	-2.417895e-09	-3.434902e+01	-1.578891e+02
5.500000e-07	-4.836025e-06	-2.407869e-09	-3.420144e+01	-1.577452e+02
5.600000e-07	-4.814751e-06	-2.404755e-09	-3.405099e+01	-1.575958e+02
5.700000e-07	-4.793121e-06	-2.408057e-09	-3.389802e+01	-1.574420e+02
5.800000e-07	-4.771186e-06	-2.400277e-09	-3.374288e+01	-1.572846e+02
5.900000e-07	-4.748875e-06	-2.388630e-09	-3.358509e+01	-1.571245e+02
6.000000e-07	-4.726255e-06	-2.389965e-09	-3.342512e+01	-1.569626e+02
6.100000e-07	-4.703333e-06	-2.400528e-09	-3.326301e+01	-1.567997e+02
6.200000e-07	-4.680056e-06	-2.387020e-09	-3.309839e+01	-1.566366e+02
6.300000e-07	-4.656491e-06	-2.378625e-09	-3.293174e+01	-1.564742e+02
6.400000e-07	-4.632697e-06	-2.371709e-09	-3.276346e+01	-1.563130e+02
6.500000e-07	-4.608687e-06	-2.375947e-09	-3.259365e+01	-1.561537e+02
6.600000e-07	-4.584440e-06	-2.372766e-09	-3.242217e+01	-1.559968e+02
6.700000e-07	-4.559908e-06	-2.373382e-09	-3.224868e+01	-1.558428e+02
6.800000e-07	-4.535008e-06	-2.359757e-09	-3.207258e+01	-1.556922e+02
6.900000e-07	-4.509530e-06	-2.363303e-09	-3.189239e+01	-1.555450e+02
7.000000e-07	-4.483378e-06	-2.360973e-09	-3.170744e+01	-1.554016e+02
7.100000e-07	-4.456732e-06	-2.356475e-09	-3.151900e+01	-1.552618e+02
7.200000e-07	-4.429691e-06	-2.341010e-09	-3.132775e+01	-1.551258e+02
7.300000e-07	-4.402263e-06	-2.346900e-09	-3.113378e+01	-1.549933e+02
7.400000e-07	-4.374557e-06	-2.350266e-09	-3.093784e+01	-1.548641e+02
7.500000e-07	-4.346694e-06	-2.354175e-09	-3.074078e+01	-1.547377e+02
7.600000e-07	-4.318695e-06	-2.347334e-09	-3.054277e+01	-1.546138e+02
7.700000e-07	-4.290461e-06	-2.348954e-09	-3.034309e+01	-1.544917e+02
7.800000e-07	-4.261979e-06	-2.347511e-09	-3.014166e+01	-1.543708e+02
7.900000e-07	-4.233251e-06	-2.344117e-09	-2.993849e+01	-1.542505e+02
8.000000e-07	-4.204218e-06	-2.327161e-09	-2.973316e+01	-1.541299e+02
8.100000e-07	-4.174827e-06	-2.316757e-09	-2.952530e+01	-1.540083e+02
8.200000e-07	-4.145007e-06	-2.319313e-09	-2.931441e+01	-1.538849e+02
8.300000e-07	-4.114962e-06	-2.329034e-09	-2.910192e+01	-1.537587e+02
8.400000e-07	-4.084780e-06	-2.331270e-09	-2.888847e+01	-1.536290e+02
8.500000e-07	-4.054252e-06	-2.328721e-09	-2.867257e+01	-1.534949e+02
8.600000e-07	-4.023407e-06	-2.325348e-09	-2.845443e+01	-1.533557e+02
8.700000e-07	-3.992317e-06	-2.320235e-09	-2.823455e+01	-1.532105e+02
8.800000e-07	-3.960938e-06	-2.310050e-09	-2.801263e+01	-1.530589e+02
8.900000e-07	-3.929330e-06	-2.294814e-09	-2.778909e+01	-1.529001e+02
9.000000e-07	-3.897551e-06	-2.291145e-09	-2.756434e+01	-1.527336e+02
9.100000e-07	-3.865593e-06	-2.296813e-09	-2.733833e+01	-1.525591e+02
9.200000e-07	-3.833408e-06	-2.305852e-09	-2.711071e+01	-1.523762e+02
9.300000e-07	-3.801078e-06	-2.305038e-09	-2.688207e+01	-1.521847e+02
9.400000e-07	-3.768546e-06	-2.302130e-09	-2.665199e+01	-1.519846e+02
9.500000e-07	-3.735596e-06	-2.294678e-09	-2.641896e+01	-1.517760e+02
9.600000e-07	-3.702224e-06	-2.289446e-09	-2.618295e+01	-1.515589e+02
9.700000e-07	-3.668400e-06	-2.278019e-09	-2.594374e+01	-1.513336e+02
9.800000e-07	-3.634075e-06	-2.273784e-09	-2.570098e+01	-1.511006e+02
9.900000e-07	-3.599324e-06	-2.274385e-09	-2.545522e+01	-1.508603e+02
1.000000e-06	-3.564248e-06	-2.282448e-09	-2.520715e+01	-1.506133e+02
1.010000e-06	-3.528888e-06	-2.284291e-09	-2.495708e+01	-1.503602e+02
1.020000e-06	-3.493252e-06	-2.281734e-09	-2.470505e+01	-1.501018e+02
1.030000e-06	-3.457444e-06	-2.269285e-09	-2.445181e+01	-1.498388e+02
1.040000e-06	-3.421527e-06	-2.259406e-09	-2.419780e+01	-1.495719e+02
1.050000e-06	-3.385501e-06	-2.247979e-09	-2.394301e+01	-1.493021e+02
1.060000e-06	-3.349327e-06	-2.240182e-09	-2.368718e+01	-1.490300e+02
1.070000e-06	-3.312967e-06	-2.235870e-09	-2.343003e+01	-1.487565e+02
1.080000e-06	-3.276288e-06	-2.239062e-09	-2.317063e+01	-1.484823e+02
1.090000e-06	-3.239317e-06	-2.240805e-09	-2.290917e+01	-1.482080e+02
1.100000e-06	-3.202201e-06	-2.238987e-09	-2.264667e+01	-1.479343e+02
1.110000e-06	-3.164859e-06	-2.230206e-09	-2.238259e+01	-1.476616e+02
1.120000e-06	-3.127219e-06	-2.219811e-09	-2.211638e+01	-1.473903e+02
1.130000e-06	-3.089327e-06	-2.211027e-09	-2.184841e+01	-1.471208e+02
1.140000e-06	-3.051287e-06	-2.205050e-09	-2.157938e+01	-1.468532e+02
1.150000e-06	-3.013126e-06	-2.202354e-09	-2.130950e+01	-1.465876e+02
1.160000e-06	-2.974807e-06	-2.203115e-09	-2.103850e+01	-1.463237e+02
1.170000e-06	-2.936189e-06	-2.201277e-09	-2.076538e+01	-1.460616e+02
1.180000e-06	-2.897267e-06	-2.193905e-09	-2.049011e+01	-1.458007e+02
1.190000e-06	-2.858225e-06	-2.186772e-09	-2.021400e+01	-1.455406e+02
1.200000e-06	-2.818988e-06	-2.181239e-09	-1.993651e+01	-1.452807e+02
1.210000e-06	-2.779509e-06	-2.175068e-09	-1.965730e+01	-1.450203e+02
1.220000e-06	-2.739830e-06	-2.163133e-09	-1.937668e+01	-1.447586e+02
1.230000e-06	-2.700051e-06	-2.155177e-09	-1.909536e+01	-1.444947e+02
1.240000e-06	-2.660215e-06	-2.149994e-09	-1.881363e+01	-1.442277e+02
1.250000e-06	-2.620257e-06	-2.146722e-09	-1.853104e+01	-1.439566e+02
1.260000e-06	-2.580199e-06	-2.139968e-09	-1.824774e+01	-1.436803e+02
1.270000e-06	-2.540022e-06	-2.133109e-09	-1.796360e+01	-1.433978e+02
1.280000e-06	-2.499731e-06	-2.126064e-09	-1.767865e+01	-1.431080e+02
1.290000e-06	-2.459311e-06	-2.121616e-09	-1.739279e+01	-1.428099e+02
1.300000e-06	-2.418693e-06	-2.113414e-09	-1.710553e+01	-1.425026e+02
1.310000e-06	-2.377803e-06	-2.106532e-09	-1.681635e+01	-1.421850e+02
1.320000e-06	-2.336675e-06	-2.100368e-09	-1.652548e+01	-1.418562e+02
1.330000e-06	-2.295215e-06	-2.096497e-09	-1.623227e+01	-1.415156e+02
1.340000e-06	-2.253509e-06	-2.090626e-09	-1.593732e+01	-1.411623e+02
1.350000e-06	-2.211596e-06	-2.084309e-09	-1.564090e+01	-1.407957e+02
1.360000e-06	-2.169347e-06	-2.076144e-09	-1.534210e+01	-1.404153e+02
1.370000e-06	-2.126783e-06	-2.069039e-09	-1.504108e+01	-1.400207e+02
1.380000e-06	-2.083870e-06	-2.061958e-09	-1.473759e+01	-1.396115e+02
1.390000e-06	-2.040783e-06	-2.053155e-09	-1.443287e+01	-1.391875e+02
1.400000e-06	-1.997669e-06	-2.044892e-09	-1.412795e+01	-1.387487e+02
1.410000e-06	-1.954377e-06	-2.039918e-09	-1.382178e+01	-1.382949e+02
1.420000e-06	-1.910915e-06	-2.033059e-09	-1.351441e+01	-1.378262e+02
1.430000e-06	-1.867326e-06	-2.023712e-09	-1.320614e+01	-1.373427e+02
1.440000e-06	-1.823613e-06	-2.014434e-09	-1.289700e+01	-1.368446e+02
1.450000e-06	-1.779813e-06	-2.005786e-09	-1.258723e+01	-1.363321e+02
1.460000e-06	-1.735884e-06	-1.997101e-09	-1.227655e+01	-1.358054e+02
1.470000e-06	-1.691912e-06	-1.987631e-09	-1.196557e+01	-1.352647e+02
1.480000e-06	-1.647926e-06	-1.978446e-09	-1.165450e+01	-1.347103e+02
1.490000e-06	-1.603866e-06	-1.969722e-09	-1.134289e+01	-1.341424e+02
1.500000e-06	-1.559710e-06	-1.962290e-09	-1.103061e+01	-1.335612e+02
1.510000e-06	-1.515485e-06	-1.951475e-09	-1.071785e+01	-1.329668e+02
1.520000e-06	-1.471200e-06	-1.940252e-09	-1.040466e+01	-1.323593e+02
1.530000e-06	-1.426812e-06	-1.931907e-09	-1.009073e+01	-1.317387e+02
1.540000e-06	-1.382260e-06	-1.923358e-09	-9.775650e+00	-1.311050e+02
1.550000e-06	-1.337587e-06	-1.910223e-09	-9.459710e+00	-1.304580e+02
1.560000e-06	-1.292904e-06	-1.895453e-09	-9.143703e+00	-1.297974e+02
1.570000e-06	-1.248166e-06	-1.884420e-09	-8.827307e+00	-1.291229e+02
1.580000e-06	-1.203307e-06	-1.879454e-09	-8.510057e+00	-1.284340e+02
1.590000e-06	-1.158336e-06	-1.871804e-09	-8.192011e+00	-1.277303e+02
1.600000e-06	-1.113290e-06	-1.859009e-09	-7.873435e+00	-1.270111e+02
1.610000e-06	-1.068151e-06	-1.844906e-09	-7.554203e+00	-1.262757e+02
1.620000e-06	-1.022889e-06	-1.835610e-09	-7.234097e+00	-1.255232e+02
1.630000e-06	-9.775755e-07	-1.827346e-09	-6.913631e+00	-1.247528e+02
1.640000e-06	-9.322242e-07	-1.814581e-09	-6.592896e+00	-1.239636e+02
1.650000e-06	-8.867711e-07	-1.799425e-09	-6.271441e+00	-1.231544e+02
1.660000e-06	-8.412402e-07	-1.788899e-09	-5.949437e+00	-1.223244e+02
1.670000e-06	-7.957264e-07	-1.778919e-09	-5.627553e+00	-1.214722e+02
1.680000e-06	-7.501650e-07	-1.762810e-09	-5.305333e+00	-1.205968e+02
1.690000e-06	-7.044363e-07	-1.743234e-09	-4.981929e+00	-1.196970e+02
1.700000e-06	-6.586236e-07	-1.729888e-09	-4.657932e+00	-1.187714e+02
1.710000e-06	-6.128509e-07	-1.720377e-09	-4.334217e+00	-1.178189e+02
1.720000e-06	-5.670501e-07	-1.707416e-09	-4.010303e+00	-1.168381e+02
1.730000e-06	-5.212540e-07	-1.690619e-09	-3.686424e+00	-1.158277e+02
1.740000e-06	-4.754740e-07	-1.674541e-09	-3.362657e+00	-1.147863e+02
1.750000e-06	-4.296166e-07	-1.659164e-09	-3.038344e+00	-1.137125e+02
1.760000e-06	-3.836688e-07	-1.642234e-09	-2.713390e+00	-1.126048e+02
1.770000e-06	-3.376477e-07	-1.623721e-09	-2.387919e+00	-1.114618e+02
1.780000e-06	-2.915894e-07	-1.608825e-09	-2.062184e+00	-1.102818e+02
1.790000e-06	-2.455438e-07	-1.597211e-09	-1.736540e+00	-1.090632e+02
1.800000e-06	-1.995074e-07	-1.579638e-09	-1.410960e+00	-1.078043e+02
1.810000e-06	-1.535181e-07	-1.556164e-09	-1.085714e+00	-1.065033e+02
1.820000e-06	-1.075211e-07	-1.531978e-09	-7.604132e-01	-1.051582e+02
1.830000e-06	-6.143981e-08	-1.511218e-09	-4.345159e-01	-1.037670e+02
1.840000e-06	-1.538350e-08	-1.488722e-09	-1.087955e-01	-1.023275e+02
1.850000e-06	3.061418e-08	-1.463466e-09	2.165102e-01	-1.008374e+02
1.860000e-06	7.662312e-08	-1.439841e-09	5.418957e-01	-9.929424e+01
1.870000e-06	1.226732e-07	-1.419617e-09	8.675717e-01	-9.769553e+01
1.880000e-06	1.687222e-07	-1.396923e-09	1.193241e+00	-9.603852e+01
1.890000e-06	2.147288e-07	-1.370051e-09	1.518609e+00	-9.432038e+01
1.900000e-06	2.607280e-07	-1.341282e-09	1.843926e+00	-9.253816e+01
1.910000e-06	3.067566e-07	-1.311087e-09	2.169451e+00	-9.068879e+01
1.920000e-06	3.527205e-07	-1.277837e-09	2.494518e+00	-8.876914e+01
1.930000e-06	3.986375e-07	-1.243804e-09	2.819253e+00	-8.677599e+01
1.940000e-06	4.445261e-07	-1.212479e-09	3.143787e+00	-8.470611e+01
1.950000e-06	4.903922e-07	-1.186618e-09	3.468162e+00	-8.255626e+01
1.960000e-06	5.362511e-07	-1.161624e-09	3.792486e+00	-8.032325e+01
1.970000e-06	5.820088e-07	-1.130471e-09	4.116095e+00	-7.800395e+01
1.980000e-06	6.276864e-07	-1.092263e-09	4.439137e+00	-7.559536e+01
1.990000e-06	6.733495e-07	-1.050864e-09	4.762077e+00	-7.309468e+01
2.000000e-06	7.189633e-07	-1.007895e-09	5.084668e+00	-7.049930e+01
2.010000e-06	7.645658e-07	-9.613827e-10	5.407179e+00	-6.780691e+01
2.020000e-06	8.101474e-07	-9.154172e-10	5.729542e+00	-6.501552e+01
2.030000e-06	8.556554e-07	-8.736688e-10	6.051384e+00	-6.212354e+01
2.040000e-06	9.010406e-07	-8.385079e-10	6.372358e+00	-5.912982e+01
2.050000e-06	9.463152e-07	-8.014778e-10	6.692550e+00	-5.603366e+01
2.060000e-06	9.915695e-07	-7.568175e-10	7.012599e+00	-5.283494e+01
2.070000e-06	1.036816e-06	-7.080396e-10	7.332595e+00	-4.953410e+01
2.080000e-06	1.081998e-06	-6.577594e-10	7.652128e+00	-4.613219e+01
2.090000e-06	1.127059e-06	-6.036724e-10	7.970811e+00	-4.263092e+01
2.100000e-06	1.171961e-06	-5.471579e-10	8.288367e+00	-3.903267e+01
2.110000e-06	1.216739e-06	-4.919854e-10	8.605050e+00	-3.534050e+01
2.120000e-06	1.261435e-06	-4.386110e-10	8.921146e+00	-3.155821e+01
2.130000e-06	1.306055e-06	-3.842550e-10	9.236710e+00	-2.769025e+01
2.140000e-06	1.350568e-06	-3.270554e-10	9.551516e+00	-2.374181e+01
2.150000e-06	1.394984e-06	-2.690506e-10	9.865633e+00	-1.971874e+01
2.160000e-06	1.439336e-06	-2.114249e-10	1.017930e+01	-1.562754e+01
2.170000e-06	1.483611e-06	-1.501517e-10	1.049242e+01	-1.147534e+01
2.180000e-06	1.527808e-06	-8.091349e-11	1.080500e+01	-7.269834e+00
2.190000e-06	1.571947e-06	-7.530606e-12	1.111715e+01	-3.019228e+00
2.200000e-06	1.616046e-06	6.288692e-11	1.142904e+01	1.267799e+00
2.210000e-06	1.660118e-06	1.275642e-10	1.174072e+01	5.582184e+00
2.220000e-06	1.704150e-06	1.926110e-10	1.205213e+01	9.914548e+00
2.230000e-06	1.748071e-06	2.562276e-10	1.236275e+01	1.425527e+01
2.240000e-06	1.791906e-06	3.162658e-10	1.267275e+01	1.859459e+01
2.250000e-06	1.835642e-06	3.768244e-10	1.298207e+01	2.292267e+01
2.260000e-06	1.879284e-06	4.424230e-10	1.329071e+01	2.722970e+01
2.270000e-06	1.922847e-06	5.140397e-10	1.359880e+01	3.150599e+01
2.280000e-06	1.966255e-06	5.844391e-10	1.390579e+01	3.574203e+01
2.290000e-06	2.009441e-06	6.506268e-10	1.421121e+01	3.992863e+01
2.300000e-06	2.052484e-06	7.142941e-10	1.451562e+01	4.405696e+01
2.310000e-06	2.095421e-06	7.725846e-10	1.481928e+01	4.811862e+01
2.320000e-06	2.138153e-06	8.236176e-10	1.512149e+01	5.210577e+01
2.330000e-06	2.180573e-06	8.707936e-10	1.542150e+01	5.601112e+01
2.340000e-06	2.222608e-06	9.199209e-10	1.571878e+01	5.982805e+01
2.350000e-06	2.264327e-06	9.769181e-10	1.601382e+01	6.355063e+01
2.360000e-06	2.305825e-06	1.039291e-09	1.630730e+01	6.717366e+01
2.370000e-06	2.347111e-06	1.096813e-09	1.659929e+01	7.069272e+01
2.380000e-06	2.388272e-06	1.147859e-09	1.689039e+01	7.410415e+01
2.390000e-06	2.429209e-06	1.194901e-09	1.717990e+01	7.740510e+01
2.400000e-06	2.469735e-06	1.234826e-09	1.746651e+01	8.059351e+01
2.410000e-06	2.509994e-06	1.266979e-09	1.775123e+01	8.366810e+01
2.420000e-06	2.550223e-06	1.297621e-09	1.803574e+01	8.662834e+01
2.430000e-06	2.590329e-06	1.334808e-09	1.831938e+01	8.947446e+01
2.440000e-06	2.630248e-06	1.381768e-09	1.860169e+01	9.220734e+01
2.450000e-06	2.670070e-06	1.429404e-09	1.888332e+01	9.482853e+01
2.460000e-06	2.709769e-06	1.470239e-09	1.916409e+01	9.734017e+01
2.470000e-06	2.749327e-06	1.506484e-09	1.944385e+01	9.974493e+01
2.480000e-06	2.788768e-06	1.537829e-09	1.972279e+01	1.020459e+02
2.490000e-06	2.828067e-06	1.562630e-09	2.000072e+01	1.042467e+02
2.500000e-06	2.867173e-06	1.585094e-09	2.027728e+01	1.063512e+02
2.510000e-06	2.906065e-06	1.610910e-09	2.055234e+01	1.083634e+02
2.520000e-06	2.944728e-06	1.641312e-09	2.082577e+01	1.102877e+02
2.530000e-06	2.983090e-06	1.672546e-09	2.109707e+01	1.121286e+02
2.540000e-06	3.021223e-06	1.700970e-09	2.136676e+01	1.138905e+02
2.550000e-06	3.059236e-06	1.730099e-09	2.163559e+01	1.155779e+02
2.560000e-06	3.097070e-06	1.759992e-09	2.190316e+01	1.171952e+02
2.570000e-06	3.134694e-06	1.783111e-09	2.216925e+01	1.187468e+02
2.580000e-06	3.172127e-06	1.799654e-09	2.243398e+01	1.202367e+02
2.590000e-06	3.209388e-06	1.818292e-09	2.269750e+01	1.216689e+02
2.600000e-06	3.246362e-06	1.840425e-09	2.295899e+01	1.230470e+02
2.610000e-06	3.283077e-06	1.860499e-09	2.321864e+01	1.243745e+02
2.620000e-06	3.319614e-06	1.878637e-09	2.347704e+01	1.256544e+02
2.630000e-06	3.355974e-06	1.898767e-09	2.373419e+01	1.268896e+02
2.640000e-06	3.392120e-06	1.921107e-09	2.398983e+01	1.280825e+02
2.650000e-06	3.428082e-06	1.941275e-09	2.424415e+01	1.292354e+02
2.660000e-06	3.463924e-06	1.954563e-09	2.449763e+01	1.303501e+02
2.670000e-06	3.499570e-06	1.967538e-09	2.474973e+01	1.314282e+02
2.680000e-06	3.535025e-06	1.983995e-09	2.500048e+01	1.324711e+02
2.690000e-06	3.570271e-06	1.999796e-09	2.524975e+01	1.334799e+02
2.700000e-06	3.605211e-06	2.010364e-09	2.549685e+01	1.344554e+02
2.710000e-06	3.639712e-06	2.018165e-09	2.574085e+01	1.353983e+02
2.720000e-06	3.673761e-06	2.030631e-09	2.598165e+01	1.363092e+02
2.730000e-06	3.707517e-06	2.046313e-09	2.622038e+01	1.371883e+02
2.740000e-06	3.740910e-06	2.059744e-09	2.645654e+01	1.380362e+02
2.750000e-06	3.773854e-06	2.071841e-09	2.668953e+01	1.388529e+02
2.760000e-06	3.806460e-06	2.086024e-09	2.692013e+01	1.396386e+02
2.770000e-06	3.838809e-06	2.102905e-09	2.714890e+01	1.403937e+02
2.780000e-06	3.870919e-06	2.115243e-09	2.737599e+01	1.411183e+02
2.790000e-06	3.902802e-06	2.120477e-09	2.760148e+01	1.418127e+02
2.800000e-06	3.934499e-06	2.125288e-09	2.782565e+01	1.424773e+02
2.810000e-06	3.966025e-06	2.133435e-09	2.804861e+01	1.431124e+02
2.820000e-06	3.997382e-06	2.142450e-09	2.827037e+01	1.437186e+02
2.830000e-06	4.028468e-06	2.148959e-09	2.849022e+01	1.442966e+02
2.840000e-06	4.059200e-06	2.156958e-09	2.870756e+01	1.448470e+02
2.850000e-06	4.089630e-06	2.168382e-09	2.892277e+01	1.453707e+02
2.860000e-06	4.119801e-06	2.181830e-09	2.913614e+01	1.458686e+02
2.870000e-06	4.149689e-06	2.192108e-09	2.934752e+01	1.463418e+02
2.880000e-06	4.179309e-06	2.196757e-09	2.955700e+01	1.467914e+02
2.890000e-06	4.208716e-06	2.197874e-09	2.976497e+01	1.472186e+02
2.900000e-06	4.237810e-06	2.196946e-09	2.997073e+01	1.476245e+02
2.910000e-06	4.266578e-06	2.196312e-09	3.017418e+01	1.480106e+02
2.920000e-06	4.295087e-06	2.201566e-09	3.037580e+01	1.483780e+02
2.930000e-06	4.323349e-06	2.212096e-09	3.057568e+01	1.487282e+02
2.940000e-06	4.351379e-06	2.224061e-09	3.077392e+01	1.490623e+02
2.950000e-06	4.379217e-06	2.232584e-09	3.097080e+01	1.493816e+02
2.960000e-06	4.406868e-06	2.238458e-09	3.116634e+01	1.496874e+02
2.970000e-06	4.434157e-06	2.241652e-09	3.135934e+01	1.499807e+02
2.980000e-06	4.461011e-06	2.241748e-09	3.154926e+01	1.502626e+02
2.990000e-06	4.487434e-06	2.239899e-09	3.173613e+01	1.505340e+02
3.000000e-06	4.513356e-06	2.240857e-09	3.191945e+01	1.507959e+02
3.010000e-06	4.538705e-06	2.249038e-09	3.209873e+01	1.510488e+02
3.020000e-06	4.563528e-06	2.262301e-09	3.227428e+01	1.512936e+02
3.030000e-06	4.588008e-06	2.270743e-09	3.244741e+01	1.515306e+02
3.040000e-06	4.612192e-06	2.272867e-09	3.261844e+01	1.517604e+02
3.050000e-06	4.636148e-06	2.274541e-09	3.278787e+01	1.519832e+02
3.060000e-06	4.659895e-06	2.275353e-09	3.295581e+01	1.521992e+02
3.070000e-06	4.683270e-06	2.277042e-09	3.312112e+01	1.524085e+02
3.080000e-06	4.706317e-06	2.277465e-09	3.328412e+01	1.526112e+02
3.090000e-06	4.729071e-06	2.282903e-09	3.344503e+01	1.528073e+02
3.100000e-06	4.751466e-06	2.290856e-09	3.360342e+01	1.529967e+02
3.110000e-06	4.773563e-06	2.295977e-09	3.375970e+01	1.531793e+02
3.120000e-06	4.795408e-06	2.293691e-09	3.391418e+01	1.533549e+02
3.130000e-06	4.816968e-06	2.290226e-09	3.406666e+01	1.535234e+02
3.140000e-06	4.838164e-06	2.292181e-09	3.421657e+01	1.536847e+02
3.150000e-06	4.858955e-06	2.297914e-09	3.436360e+01	1.538387e+02
3.160000e-06	4.879407e-06	2.303729e-09	3.450825e+01	1.539853e+02
3.170000e-06	4.899626e-06	2.309378e-09	3.465124e+01	1.541244e+02
3.180000e-06	4.919660e-06	2.316876e-09	3.479292e+01	1.542561e+02
3.190000e-06	4.939546e-06	2.321089e-09	3.493356e+01	1.543804e+02
3.200000e-06	4.959243e-06	2.317944e-09	3.507286e+01	1.544975e+02
3.210000e-06	4.978495e-06	2.311359e-09	3.520902e+01	1.546076e+02
3.220000e-06	4.997230e-06	2.309035e-09	3.534152e+01	1.547108e+02
3.230000e-06	5.015505e-06	2.314447e-09	3.547076e+01	1.548077e+02
3.240000e-06	5.033391e-06	2.321268e-09	3.559725e+01	1.548984e+02
3.250000e-06	5.050943e-06	2.327063e-09	3.572139e+01	1.549835e+02
3.260000e-06	5.068174e-06	2.333193e-09	3.584325e+01	1.550633e+02
3.270000e-06	5.085231e-06	2.338589e-09	3.596388e+01	1.551385e+02
3.280000e-06	5.102059e-06	2.340121e-09	3.608289e+01	1.552095e+02
3.290000e-06	5.118539e-06	2.335310e-09	3.619944e+01	1.552769e+02
3.300000e-06	5.134598e-06	2.330461e-09	3.631301e+01	1.553411e+02
3.310000e-06	5.150172e-06	2.329601e-09	3.642315e+01	1.554028e+02
3.320000e-06	5.165217e-06	2.332255e-09	3.652956e+01	1.554623e+02
3.330000e-06	5.179728e-06	2.338013e-09	3.663218e+01	1.555201e+02
3.340000e-06	5.193876e-06	2.343913e-09	3.673224e+01	1.555767e+02
3.350000e-06	5.207704e-06	2.349811e-09	3.683004e+01	1.556323e+02
3.360000e-06	5.221162e-06	2.353637e-09	3.692521e+01	1.556872e+02
3.370000e-06	5.234196e-06	2.351270e-09	3.701739e+01	1.557417e+02
3.380000e-06	5.246796e-06	2.345669e-09	3.710651e+01	1.557958e+02
3.390000e-06	5.259072e-06	2.341855e-09	3.719332e+01	1.558495e+02
3.400000e-06	5.271077e-06	2.344300e-09	3.727822e+01	1.559029e+02
3.410000e-06	5.282685e-06	2.350619e-09	3.736032e+01	1.559559e+02
3.420000e-06	5.293797e-06	2.356664e-09	3.743890e+01	1.560081e+02
3.430000e-06	5.304468e-06	2.360567e-09	3.751437e+01	1.560595e+02
3.440000e-06	5.314466e-06	2.363839e-09	3.758508e+01	1.561096e+02
3.450000e-06	5.323634e-06	2.364554e-09	3.764992e+01	1.561581e+02
3.460000e-06	5.332300e-06	2.359552e-09	3.771121e+01	1.562046e+02
3.470000e-06	5.340653e-06	2.353924e-09	3.777028e+01	1.562486e+02
3.480000e-06	5.348707e-06	2.353983e-09	3.782724e+01	1.562899e+02
3.490000e-06	5.356536e-06	2.357100e-09	3.788261e+01	1.563278e+02
3.500000e-06	5.364135e-06	2.359851e-09	3.793635e+01	1.563620e+02
3.510000e-06	5.371427e-06	2.358078e-09	3.798792e+01	1.563921e+02
3.520000e-06	5.378260e-06	2.353796e-09	3.803624e+01	1.564177e+02
3.530000e-06	5.384684e-06	2.349298e-09	3.808168e+01	1.564386e+02
3.540000e-06	5.390802e-06	2.348746e-09	3.812495e+01	1.564545e+02
3.550000e-06	5.396545e-06	2.352695e-09	3.816556e+01	1.564653e+02
3.560000e-06	5.401941e-06	2.356639e-09	3.820372e+01	1.564709e+02
3.570000e-06	5.406981e-06	2.358191e-09	3.823937e+01	1.564714e+02
3.580000e-06	5.411606e-06	2.357996e-09	3.827207e+01	1.564668e+02
3.590000e-06	5.415907e-06	2.355226e-09	3.830249e+01	1.564575e+02
3.600000e-06	5.420014e-06	2.351368e-09	3.833154e+01	1.564437e+02
3.610000e-06	5.423944e-06	2.347011e-09	3.835933e+01	1.564259e+02
3.620000e-06	5.427634e-06	2.344650e-09	3.838543e+01	1.564045e+02
3.630000e-06	5.430841e-06	2.349333e-09	3.840811e+01	1.563802e+02
3.640000e-06	5.433430e-06	2.357615e-09	3.842642e+01	1.563538e+02
3.650000e-06	5.435393e-06	2.363073e-09	3.844030e+01	1.563259e+02
3.660000e-06	5.436722e-06	2.364142e-09	3.844970e+01	1.562973e+02
3.670000e-06	5.437529e-06	2.365378e-09	3.845541e+01	1.562690e+02
3.680000e-06	5.438007e-06	2.364558e-09	3.845879e+01	1.562419e+02
3.690000e-06	5.438178e-06	2.359785e-09	3.846000e+01	1.562167e+02
3.700000e-06	5.438067e-06	2.354619e-09	3.845921e+01	1.561946e+02
3.710000e-06	5.437713e-06	2.352850e-09	3.845671e+01	1.561763e+02
3.720000e-06	5.436984e-06	2.358445e-09	3.845155e+01	1.561628e+02
3.730000e-06	5.435913e-06	2.366802e-09	3.844398e+01	1.561549e+02
3.740000e-06	5.434442e-06	2.370426e-09	3.843358e+01	1.561534e+02
3.750000e-06	5.432569e-06	2.369319e-09	3.842033e+01	1.561589e+02
3.760000e-06	5.430385e-06	2.350390e-09	3.840488e+01	1.561721e+02
3.770000e-06	5.427865e-06	2.345259e-09	3.838706e+01	1.561936e+02
3.780000e-06	5.425036e-06	2.386388e-09	3.836706e+01	1.562237e+02
3.790000e-06	5.421758e-06	2.402314e-09	3.834387e+01	1.562628e+02
3.800000e-06	5.418037e-06	2.380088e-09	3.831755e+01	1.563111e+02
3.810000e-06	5.414085e-06	2.360534e-09	3.828961e+01	1.563686e+02
3.820000e-06	5.409966e-06	2.368672e-09	3.826048e+01	1.564353e+02
3.830000e-06	5.405595e-06	2.423437e-09	3.822956e+01	1.565111e+02
3.840000e-06	5.400791e-06	2.356739e-09	3.819559e+01	1.565957e+02
3.850000e-06	5.395210e-06	2.342161e-09	3.815612e+01	1.566887e+02
3.860000e-06	5.388963e-06	2.385532e-09	3.811194e+01	1.567895e+02
3.870000e-06	5.382395e-06	2.424176e-09	3.806549e+01	1.568975e+02
3.880000e-06	5.375283e-06	2.396681e-09	3.801519e+01	1.570121e+02
3.890000e-06	5.367700e-06	2.349192e-09	3.796156e+01	1.571325e+02
3.900000e-06	5.359903e-06	2.411526e-09	3.790642e+01	1.572577e+02
3.910000e-06	5.351846e-06	2.403493e-09	3.784944e+01	1.573867e+02
3.920000e-06	5.343475e-06	2.377315e-09	3.779024e+01	1.575187e+02
3.930000e-06	5.334734e-06	2.334844e-09	3.772842e+01	1.576526e+02
3.940000e-06	5.325696e-06	2.405413e-09	3.766450e+01	1.577872e+02
3.950000e-06	5.316295e-06	2.418676e-09	3.759801e+01	1.579215e+02
3.960000e-06	5.306408e-06	2.407781e-09	3.752809e+01	1.580544e+02
3.970000e-06	5.296091e-06	2.386588e-09	3.745513e+01	1.581847e+02
3.980000e-06	5.285441e-06	2.417585e-09	3.737981e+01	1.583114e+02
3.990000e-06	5.274449e-06	2.423179e-09	3.730207e+01	1.584334e+02
4.000000e-06	5.263137e-06	2.401811e-09	3.722207e+01	1.585497e+02
4.010000e-06	5.251529e-06	2.409109e-09	3.713998e+01	1.586593e+02
4.020000e-06	5.239435e-06	2.447778e-09	3.705444e+01	1.587612e+02
4.030000e-06	5.226826e-06	2.464487e-09	3.696527e+01	1.588547e+02
4.040000e-06	5.213834e-06	2.440957e-09	3.687339e+01	1.589388e+02
4.050000e-06	5.200444e-06	2.419655e-09	3.677869e+01	1.590130e+02
4.060000e-06	5.186421e-06	2.433486e-09	3.667951e+01	1.590764e+02
4.070000e-06	5.171655e-06	2.450430e-09	3.657509e+01	1.591286e+02
4.080000e-06	5.156327e-06	2.421918e-09	3.646669e+01	1.591691e+02
4.090000e-06	5.140608e-06	2.413135e-09	3.635552e+01	1.591976e+02
4.100000e-06	5.124666e-06	2.432261e-09	3.624277e+01	1.592137e+02
4.110000e-06	5.108551e-06	2.452284e-09	3.612880e+01	1.592172e+02
4.120000e-06	5.092201e-06	2.428854e-09	3.601318e+01	1.592080e+02
4.130000e-06	5.075509e-06	2.433608e-09	3.589512e+01	1.591862e+02
4.140000e-06	5.058316e-06	2.419819e-09	3.577353e+01	1.591518e+02
4.150000e-06	5.040702e-06	2.419350e-09	3.564896e+01	1.591051e+02
4.160000e-06	5.022801e-06	2.416751e-09	3.552236e+01	1.590462e+02
4.170000e-06	5.004596e-06	2.423871e-09	3.539361e+01	1.589756e+02
4.180000e-06	4.986033e-06	2.394941e-09	3.526233e+01	1.588936e+02
4.190000e-06	4.967097e-06	2.415380e-09	3.512841e+01	1.588009e+02
4.200000e-06	4.947803e-06	2.433835e-09	3.499195e+01	1.586979e+02
4.210000e-06	4.928260e-06	2.425315e-09	3.485374e+01	1.585855e+02
4.220000e-06	4.908549e-06	2.400177e-09	3.471434e+01	1.584641e+02
4.230000e-06	4.888658e-06	2.411298e-09	3.457367e+01	1.583348e+02
4.240000e-06	4.868608e-06	2.405791e-09	3.443187e+01	1.581981e+02
4.250000e-06	4.848313e-06	2.400949e-09	3.428834e+01	1.580551e+02
4.260000e-06	4.827462e-06	2.396514e-09	3.414088e+01	1.579066e+02
4.270000e-06	4.805907e-06	2.398588e-09	3.398844e+01	1.577534e+02
4.280000e-06	4.783754e-06	2.405884e-09	3.383177e+01	1.575965e+02
4.290000e-06	4.761055e-06	2.415593e-09	3.367123e+01	1.574368e+02
4.300000e-06	4.737865e-06	2.398870e-09	3.350723e+01	1.572751e+02
4.310000e-06	4.714271e-06	2.387418e-09	3.334037e+01	1.571123e+02
4.320000e-06	4.690430e-06	2.393548e-09	3.317176e+01	1.569491e+02
4.330000e-06	4.666448e-06	2.385162e-09	3.300216e+01	1.567865e+02
4.340000e-06	4.642290e-06	2.373099e-09	3.283130e+01	1.566250e+02
4.350000e-06	4.617911e-06	2.377313e-09	3.265889e+01	1.564653e+02
4.360000e-06	4.593187e-06	2.387583e-09	3.248404e+01	1.563079e+02
4.370000e-06	4.568037e-06	2.390520e-09	3.230617e+01	1.561534e+02
4.380000e-06	4.542504e-06	2.390729e-09	3.212559e+01	1.560021e+02
4.390000e-06	4.516714e-06	2.372064e-09	3.194320e+01	1.558544e+02
4.400000e-06	4.490684e-06	2.363732e-09	3.175911e+01	1.557102e+02
4.410000e-06	4.464310e-06	2.367353e-09	3.157259e+01	1.555699e+02
4.420000e-06	4.437552e-06	2.369572e-09	3.138335e+01	1.554332e+02
4.430000e-06	4.410437e-06	2.360551e-09	3.119159e+01	1.553001e+02
4.440000e-06	4.383048e-06	2.372537e-09	3.099789e+01	1.551703e+02
4.450000e-06	4.355393e-06	2.381755e-09	3.080231e+01	1.550435e+02
4.460000e-06	4.327550e-06	2.383694e-09	3.060539e+01	1.549191e+02
4.470000e-06	4.299591e-06	2.369404e-09	3.040766e+01	1.547967e+02
4.480000e-06	4.271432e-06	2.359023e-09	3.020851e+01	1.546757e+02
4.490000e-06	4.243057e-06	2.351473e-09	3.000784e+01	1.545553e+02
4.500000e-06	4.214421e-06	2.355921e-09	2.980532e+01	1.544347e+02
4.510000e-06	4.185383e-06	2.354572e-09	2.959995e+01	1.543133e+02
4.520000e-06	4.155886e-06	2.360826e-09	2.939135e+01	1.541902e+02
4.530000e-06	4.125871e-06	2.369857e-09	2.917907e+01	1.540645e+02
4.540000e-06	4.095199e-06	2.377316e-09	2.896215e+01	1.539354e+02
4.550000e-06	4.063976e-06	2.368924e-09	2.874134e+01	1.538020e+02
4.560000e-06	4.032493e-06	2.358573e-09	2.851868e+01	1.536637e+02
4.570000e-06	4.000825e-06	2.352022e-09	2.829472e+01	1.535196e+02
4.580000e-06	3.968985e-06	2.352750e-09	2.806954e+01	1.533690e+02
4.590000e-06	3.937013e-06	2.348908e-09	2.784343e+01	1.532114e+02
4.600000e-06	3.904857e-06	2.342712e-09	2.761601e+01	1.530462e+02
4.610000e-06	3.872477e-06	2.343406e-09	2.738701e+01	1.528730e+02
4.620000e-06	3.839818e-06	2.350373e-09	2.715604e+01	1.526915e+02
4.630000e-06	3.806841e-06	2.350053e-09	2.692282e+01	1.525014e+02
4.640000e-06	3.773536e-06	2.341361e-09	2.668728e+01	1.523027e+02
4.650000e-06	3.739998e-06	2.335099e-09	2.645009e+01	1.520954e+02
4.660000e-06	3.706288e-06	2.333398e-09	2.621169e+01	1.518797e+02
4.670000e-06	3.672354e-06	2.332887e-09	2.597170e+01	1.516557e+02
4.680000e-06	3.638168e-06	2.323951e-09	2.572993e+01	1.514240e+02
4.690000e-06	3.603769e-06	2.317878e-09	2.548665e+01	1.511848e+02
4.700000e-06	3.569066e-06	2.317420e-09	2.524123e+01	1.509388e+02
4.710000e-06	3.533916e-06	2.321528e-09	2.499263e+01	1.506867e+02
4.720000e-06	3.498546e-06	2.319004e-09	2.474249e+01	1.504291e+02
4.730000e-06	3.463063e-06	2.316038e-09	2.449155e+01	1.501667e+02
4.740000e-06	3.427369e-06	2.314816e-09	2.423911e+01	1.499004e+02
4.750000e-06	3.391535e-06	2.317595e-09	2.398568e+01	1.496310e+02
4.760000e-06	3.355588e-06	2.310164e-09	2.373146e+01	1.493592e+02
4.770000e-06	3.319515e-06	2.298321e-09	2.347635e+01	1.490859e+02
4.780000e-06	3.283389e-06	2.289541e-09	2.322085e+01	1.488117e+02
4.790000e-06	3.247023e-06	2.290672e-09	2.296367e+01	1.485373e+02
4.800000e-06	3.210330e-06	2.288821e-09	2.270416e+01	1.482634e+02
4.810000e-06	3.173427e-06	2.284959e-09	2.244318e+01	1.479905e+02
4.820000e-06	3.136201e-06	2.283207e-09	2.217991e+01	1.477189e+02
4.830000e-06	3.098506e-06	2.287358e-09	2.191332e+01	1.474491e+02
4.840000e-06	3.060343e-06	2.285346e-09	2.164342e+01	1.471811e+02
4.850000e-06	3.021773e-06	2.276461e-09	2.137065e+01	1.469151e+02
4.860000e-06	2.982945e-06	2.265256e-09	2.109605e+01	1.466509e+02
4.870000e-06	2.943839e-06	2.259800e-09	2.081948e+01	1.463885e+02
4.880000e-06	2.904338e-06	2.255375e-09	2.054012e+01	1.461273e+02
4.890000e-06	2.864611e-06	2.248708e-09	2.025916e+01	1.458671e+02
4.900000e-06	2.824800e-06	2.241257e-09	1.997761e+01	1.456072e+02
4.910000e-06	2.784930e-06	2.238561e-09	1.969564e+01	1.453469e+02
4.920000e-06	2.744966e-06	2.237238e-09	1.941301e+01	1.450854e+02
4.930000e-06	2.704882e-06	2.235074e-09	1.912953e+01	1.448220e+02
4.940000e-06	2.664680e-06	2.234499e-09	1.884521e+01	1.445555e+02
4.950000e-06	2.624356e-06	2.235006e-09	1.856002e+01	1.442851e+02
4.960000e-06	2.583831e-06	2.234456e-09	1.827342e+01	1.440097e+02
4.970000e-06	2.543056e-06	2.225116e-09	1.798505e+01	1.437283e+02
4.980000e-06	2.502090e-06	2.212853e-09	1.769533e+01	1.434398e+02
4.990000e-06	2.460976e-06	2.204280e-09	1.740456e+01	1.431431e+02
5.000000e-06	2.419653e-06	2.203062e-09	1.711232e+01	1.428373e+02
5.010000e-06	2.378143e-06	2.203838e-09	1.681875e+01	1.425214e+02
5.020000e-06	2.336494e-06	2.204565e-09	1.652420e+01	1.421946e+02
5.030000e-06	2.294614e-06	2.206055e-09	1.622802e+01	1.418559e+02
5.040000e-06	2.252542e-06	2.209472e-09	1.593048e+01	1.415047e+02
5.050000e-06	2.210413e-06	2.206341e-09	1.563253e+01	1.411404e+02
5.060000e-06	2.168137e-06	2.195075e-09	1.533355e+01	1.407623e+02
5.070000e-06	2.125701e-06	2.182766e-09	1.503343e+01	1.403700e+02
5.080000e-06	2.083159e-06	2.175947e-09	1.473256e+01	1.399632e+02
5.090000e-06	2.040506e-06	2.171147e-09	1.443091e+01	1.395417e+02
5.100000e-06	1.997675e-06	2.168305e-09	1.412800e+01	1.391053e+02
5.110000e-06	1.954659e-06	2.164934e-09	1.382378e+01	1.386540e+02
5.120000e-06	1.911597e-06	2.166394e-09	1.351924e+01	1.381877e+02
5.130000e-06	1.868431e-06	2.166004e-09	1.321395e+01	1.377067e+02
5.140000e-06	1.825056e-06	2.159052e-09	1.290720e+01	1.372110e+02
5.150000e-06	1.781527e-06	2.149195e-09	1.259935e+01	1.367008e+02
5.160000e-06	1.737918e-06	2.143513e-09	1.229094e+01	1.361764e+02
5.170000e-06	1.694230e-06	2.139993e-09	1.198197e+01	1.356380e+02
5.180000e-06	1.650455e-06	2.131666e-09	1.167238e+01	1.350858e+02
5.190000e-06	1.606576e-06	2.121025e-09	1.136206e+01	1.345201e+02
5.200000e-06	1.562637e-06	2.113541e-09	1.105132e+01	1.339410e+02
5.210000e-06	1.518653e-06	2.107866e-09	1.074025e+01	1.333488e+02
5.220000e-06	1.474619e-06	2.100543e-09	1.042883e+01	1.327435e+02
5.230000e-06	1.430507e-06	2.090656e-09	1.011686e+01	1.321251e+02
5.240000e-06	1.386303e-06	2.083692e-09	9.804241e+00	1.314935e+02
5.250000e-06	1.342048e-06	2.078586e-09	9.491260e+00	1.308487e+02
5.260000e-06	1.297762e-06	2.069973e-09	9.178062e+00	1.301903e+02
5.270000e-06	1.253455e-06	2.055058e-09	8.864712e+00	1.295181e+02
5.280000e-06	1.209162e-06	2.040718e-09	8.551461e+00	1.288317e+02
5.290000e-06	1.164833e-06	2.030665e-09	8.237956e+00	1.281304e+02
5.300000e-06	1.120373e-06	2.020452e-09	7.923527e+00	1.274138e+02
5.310000e-06	1.075798e-06	2.010706e-09	7.608283e+00	1.266811e+02
5.320000e-06	1.031107e-06	2.001054e-09	7.292219e+00	1.259315e+02
5.330000e-06	9.862866e-07	1.991364e-09	6.975237e+00	1.251641e+02
5.340000e-06	9.414395e-07	1.978355e-09	6.658069e+00	1.243780e+02
5.350000e-06	8.966466e-07	1.963248e-09	6.341283e+00	1.235723e+02
5.360000e-06	8.518503e-07	1.945489e-09	6.024474e+00	1.227457e+02
5.370000e-06	8.069109e-07	1.929485e-09	5.706653e+00	1.218973e+02
5.380000e-06	7.618361e-07	1.919968e-09	5.387874e+00	1.210258e+02
5.390000e-06	7.167505e-07	1.912688e-09	5.069018e+00	1.201301e+02
5.400000e-06	6.715514e-07	1.905252e-09	4.749360e+00	1.192089e+02
5.410000e-06	6.262842e-07	1.895543e-09	4.429220e+00	1.182609e+02
5.420000e-06	5.810518e-07	1.881943e-09	4.109327e+00	1.172849e+02
5.430000e-06	5.356264e-07	1.862016e-09	3.788068e+00	1.162794e+02
5.440000e-06	4.900573e-07	1.835613e-09	3.465794e+00	1.152433e+02
5.450000e-06	4.445033e-07	1.811622e-09	3.143625e+00	1.141749e+02
5.460000e-06	3.989490e-07	1.795089e-09	2.821456e+00	1.130730e+02
5.470000e-06	3.533628e-07	1.784985e-09	2.499060e+00	1.119359e+02
5.480000e-06	3.076738e-07	1.773320e-09	2.175938e+00	1.107621e+02
5.490000e-06	2.619110e-07	1.758020e-09	1.852293e+00	1.095501e+02
5.500000e-06	2.161127e-07	1.737866e-09	1.528397e+00	1.082980e+02
5.510000e-06	1.703809e-07	1.715285e-09	1.204972e+00	1.070041e+02
5.520000e-06	1.246600e-07	1.690508e-09	8.816234e-01	1.056664e+02
5.530000e-06	7.888691e-08	1.662837e-09	5.579057e-01	1.042830e+02
5.540000e-06	3.312902e-08	1.634732e-09	2.342958e-01	1.028517e+02
5.550000e-06	-1.251238e-08	1.609545e-09	-8.849029e-02	1.013701e+02
5.560000e-06	-5.811047e-08	1.587668e-09	-4.109701e-01	9.983598e+01
5.570000e-06	-1.038528e-07	1.565020e-09	-7.344699e-01	9.824669e+01
5.580000e-06	-1.495426e-07	1.538279e-09	-1.057598e+00	9.659955e+01
5.590000e-06	-1.950669e-07	1.508883e-09	-1.379556e+00	9.489176e+01
5.600000e-06	-2.406292e-07	1.475883e-09	-1.701783e+00	9.312039e+01
5.610000e-06	-2.862878e-07	1.440352e-09	-2.024690e+00	9.128240e+01
5.620000e-06	-3.319092e-07	1.402923e-09	-2.347336e+00	8.937464e+01
5.630000e-06	-3.774246e-07	1.368378e-09	-2.669230e+00	8.739393e+01
5.640000e-06	-4.228885e-07	1.336962e-09	-2.990761e+00	8.533703e+01
5.650000e-06	-4.683484e-07	1.306537e-09	-3.312263e+00	8.320070e+01
5.660000e-06	-5.137804e-07	1.275023e-09	-3.633569e+00	8.098173e+01
5.670000e-06	-5.592352e-07	1.237846e-09	-3.955035e+00	7.867698e+01
5.680000e-06	-6.046425e-07	1.194692e-09	-4.276166e+00	7.628344e+01
5.690000e-06	-6.499146e-07	1.148639e-09	-4.596340e+00	7.379825e+01
5.700000e-06	-6.950550e-07	1.105086e-09	-4.915583e+00	7.121879e+01
5.710000e-06	-7.400711e-07	1.064255e-09	-5.233946e+00	6.854268e+01
5.720000e-06	-7.851028e-07	1.022383e-09	-5.552421e+00	6.576788e+01
5.730000e-06	-8.301516e-07	9.777513e-10	-5.871016e+00	6.289272e+01
5.740000e-06	-8.751496e-07	9.325079e-10	-6.189251e+00	5.991598e+01
5.750000e-06	-9.200134e-07	8.849919e-10	-6.506538e+00	5.683688e+01
5.760000e-06	-9.648266e-07	8.346281e-10	-6.823467e+00	5.365520e+01
5.770000e-06	-1.009697e-06	7.817029e-10	-7.140804e+00	5.037129e+01
5.780000e-06	-1.054486e-06	7.290742e-10	-7.457561e+00	4.698608e+01
5.790000e-06	-1.099056e-06	6.798435e-10	-7.772764e+00	4.350119e+01
5.800000e-06	-1.143490e-06	6.321829e-10	-8.087016e+00	3.991887e+01
5.810000e-06	-1.187898e-06	5.812631e-10	-8.401080e+00	3.624208e+01
5.820000e-06	-1.232235e-06	5.260417e-10	-8.714641e+00	3.247448e+01
5.830000e-06	-1.276476e-06	4.688711e-10	-9.027519e+00	2.862042e+01
5.840000e-06	-1.320670e-06	4.104787e-10	-9.340071e+00	2.468497e+01
5.850000e-06	-1.364858e-06	3.461557e-10	-9.652581e+00	2.067387e+01
5.860000e-06	-1.408964e-06	2.782507e-10	-9.964508e+00	1.659351e+01
5.870000e-06	-1.453011e-06	2.137701e-10	-1.027602e+01	1.245092e+01
5.880000e-06	-1.497005e-06	1.549517e-10	-1.058715e+01	8.253701e+00
5.890000e-06	-1.540931e-06	9.601550e-11	-1.089780e+01	4.009984e+00
5.900000e-06	-1.584810e-06	3.293829e-11	-1.120812e+01	-2.716298e-01
5.910000e-06	-1.628617e-06	-3.598025e-11	-1.151794e+01	-4.582136e+00
5.920000e-06	-1.672333e-06	-1.069614e-10	-1.182711e+01	-8.912202e+00
5.930000e-06	-1.715962e-06	-1.767602e-10	-1.213566e+01	-1.325225e+01
5.940000e-06	-1.759511e-06	-2.465847e-10	-1.244365e+01	-1.759252e+01
5.950000e-06	-1.802948e-06	-3.165144e-10	-1.275084e+01	-2.192319e+01
5.960000e-06	-1.846278e-06	-3.847878e-10	-1.305729e+01	-2.623444e+01
5.970000e-06	-1.889511e-06	-4.479734e-10	-1.336304e+01	-3.051655e+01
5.980000e-06	-1.932635e-06	-5.094173e-10	-1.366802e+01	-3.475999e+01
5.990000e-06	-1.975589e-06	-5.738240e-10	-1.397180e+01	-3.895550e+01
6.000000e-06	-2.018331e-06	-6.404711e-10	-1.427408e+01	-4.309417e+01
6.010000e-06	-2.060972e-06	-7.045999e-10	-1.457565e+01	-4.716754e+01
6.020000e-06	-2.103475e-06	-7.649316e-10	-1.487624e+01	-5.116766e+01
6.030000e-06	-2.145794e-06	-8.280701e-10	-1.517553e+01	-5.508716e+01
6.040000e-06	-2.187981e-06	-8.936407e-10	-1.547389e+01	-5.891929e+01
6.050000e-06	-2.230005e-06	-9.540717e-10	-1.577109e+01	-6.265802e+01
6.060000e-06	-2.271858e-06	-1.007020e-09	-1.606708e+01	-6.629801e+01
6.070000e-06	-2.313699e-06	-1.055969e-09	-1.636299e+01	-6.983471e+01
6.080000e-06	-2.355390e-06	-1.107284e-09	-1.665784e+01	-7.326433e+01
6.090000e-06	-2.396696e-06	-1.160645e-09	-1.694996e+01	-7.658390e+01
6.100000e-06	-2.437785e-06	-1.211481e-09	-1.724055e+01	-7.979121e+01
6.110000e-06	-2.478704e-06	-1.263616e-09	-1.752994e+01	-8.288486e+01
6.120000e-06	-2.519508e-06	-1.319585e-09	-1.781852e+01	-8.586420e+01
6.130000e-06	-2.560238e-06	-1.372694e-09	-1.810657e+01	-8.872933e+01
6.140000e-06	-2.600797e-06	-1.416859e-09	-1.839342e+01	-9.148103e+01
6.150000e-06	-2.641176e-06	-1.454913e-09	-1.867898e+01	-9.412074e+01
6.160000e-06	-2.681338e-06	-1.495206e-09	-1.896301e+01	-9.665050e+01
6.170000e-06	-2.721314e-06	-1.536974e-09	-1.924573e+01	-9.907290e+01
6.180000e-06	-2.761315e-06	-1.574751e-09	-1.952863e+01	-1.013910e+02
6.190000e-06	-2.801292e-06	-1.609222e-09	-1.981135e+01	-1.036083e+02
6.200000e-06	-2.841087e-06	-1.647211e-09	-2.009280e+01	-1.057285e+02
6.210000e-06	-2.880730e-06	-1.688200e-09	-2.037316e+01	-1.077559e+02
6.220000e-06	-2.920140e-06	-1.724225e-09	-2.065188e+01	-1.096946e+02
6.230000e-06	-2.959294e-06	-1.753858e-09	-2.092878e+01	-1.115491e+02
6.240000e-06	-2.998168e-06	-1.782025e-09	-2.120371e+01	-1.133239e+02
6.250000e-06	-3.036540e-06	-1.810422e-09	-2.147508e+01	-1.150234e+02
6.260000e-06	-3.074444e-06	-1.838173e-09	-2.174315e+01	-1.166522e+02
6.270000e-06	-3.112172e-06	-1.862468e-09	-2.200997e+01	-1.182144e+02
6.280000e-06	-3.149754e-06	-1.884463e-09	-2.227575e+01	-1.197144e+02
6.290000e-06	-3.186958e-06	-1.908494e-09	-2.253887e+01	-1.211560e+02
6.300000e-06	-3.223733e-06	-1.933925e-09	-2.279896e+01	-1.225429e+02
6.310000e-06	-3.260224e-06	-1.958691e-09	-2.305703e+01	-1.238786e+02
6.320000e-06	-3.296498e-06	-1.981799e-09	-2.331356e+01	-1.251663e+02
6.330000e-06	-3.332607e-06	-2.004759e-09	-2.356894e+01	-1.264088e+02
6.340000e-06	-3.368554e-06	-2.027929e-09	-2.382316e+01	-1.276086e+02
6.350000e-06	-3.404307e-06	-2.047406e-09	-2.407601e+01	-1.287680e+02
6.360000e-06	-3.439886e-06	-2.061651e-09	-2.432763e+01	-1.298890e+02
6.370000e-06	-3.475264e-06	-2.074226e-09	-2.457783e+01	-1.309732e+02
6.380000e-06	-3.510393e-06	-2.088967e-09	-2.482627e+01	-1.320219e+02
6.390000e-06	-3.545210e-06	-2.104161e-09	-2.507251e+01	-1.330364e+02
6.400000e-06	-3.579753e-06	-2.119286e-09	-2.531681e+01	-1.340174e+02
6.410000e-06	-3.614123e-06	-2.138265e-09	-2.555988e+01	-1.349658e+02
6.420000e-06	-3.648234e-06	-2.156893e-09	-2.580112e+01	-1.358820e+02
6.430000e-06	-3.682072e-06	-2.169855e-09	-2.604043e+01	-1.367664e+02
6.440000e-06	-3.715772e-06	-2.180365e-09	-2.627876e+01	-1.376195e+02
6.450000e-06	-3.749272e-06	-2.191371e-09	-2.651568e+01	-1.384414e+02
6.460000e-06	-3.782475e-06	-2.201180e-09	-2.675050e+01	-1.392324e+02
6.470000e-06	-3.815360e-06	-2.207819e-09	-2.698307e+01	-1.399926e+02
6.480000e-06	-3.847964e-06	-2.213543e-09	-2.721365e+01	-1.407223e+02
6.490000e-06	-3.880378e-06	-2.223533e-09	-2.744289e+01	-1.414217e+02
6.500000e-06	-3.912555e-06	-2.237065e-09	-2.767046e+01	-1.420912e+02
6.510000e-06	-3.944520e-06	-2.248619e-09	-2.789652e+01	-1.427313e+02
6.520000e-06	-3.976337e-06	-2.256283e-09	-2.812154e+01	-1.433423e+02
6.530000e-06	-4.007883e-06	-2.263546e-09	-2.834464e+01	-1.439250e+02
6.540000e-06	-4.039094e-06	-2.271412e-09	-2.856537e+01	-1.444799e+02
6.550000e-06	-4.070019e-06	-2.276043e-09	-2.878408e+01	-1.450081e+02
6.560000e-06	-4.100559e-06	-2.278172e-09	-2.900006e+01	-1.455103e+02
6.570000e-06	-4.130626e-06	-2.285240e-09	-2.921270e+01	-1.459876e+02
6.580000e-06	-4.160252e-06	-2.296735e-09	-2.942222e+01	-1.464410e+02
6.590000e-06	-4.189327e-06	-2.305207e-09	-2.962785e+01	-1.468719e+02
6.600000e-06	-4.217974e-06	-2.309296e-09	-2.983044e+01	-1.472813e+02
6.610000e-06	-4.246369e-06	-2.314194e-09	-3.003126e+01	-1.476707e+02
6.620000e-06	-4.274527e-06	-2.321379e-09	-3.023040e+01	-1.480412e+02
6.630000e-06	-4.302479e-06	-2.328321e-09	-3.042808e+01	-1.483941e+02
6.640000e-06	-4.330202e-06	-2.334236e-09	-3.062415e+01	-1.487309e+02
6.650000e-06	-4.357748e-06	-2.341858e-09	-3.081896e+01	-1.490526e+02
6.660000e-06	-4.385058e-06	-2.353284e-09	-3.101210e+01	-1.493606e+02
6.670000e-06	-4.412051e-06	-2.362749e-09	-3.120300e+01	-1.496559e+02
6.680000e-06	-4.438704e-06	-2.365416e-09	-3.139149e+01	-1.499397e+02
6.690000e-06	-4.465053e-06	-2.363113e-09	-3.157784e+01	-1.502129e+02
6.700000e-06	-4.491094e-06	-2.361629e-09	-3.176201e+01	-1.504763e+02
6.710000e-06	-4.516773e-06	-2.364756e-09	-3.194362e+01	-1.507307e+02
6.720000e-06	-4.542163e-06	-2.371807e-09	-3.212318e+01	-1.509768e+02
6.730000e-06	-4.567166e-06	-2.379816e-09	-3.230001e+01	-1.512152e+02
6.740000e-06	-4.591773e-06	-2.386983e-09	-3.247403e+01	-1.514462e+02
6.750000e-06	-4.616148e-06	-2.392064e-09	-3.264642e+01	-1.516701e+02
6.760000e-06	-4.640355e-06	-2.393741e-09	-3.281762e+01	-1.518873e+02
6.770000e-06	-4.664408e-06	-2.390250e-09	-3.298772e+01	-1.520978e+02
6.780000e-06	-4.688217e-06	-2.388036e-09	-3.315611e+01	-1.523016e+02
6.790000e-06	-4.711698e-06	-2.392359e-09	-3.332217e+01	-1.524989e+02
6.800000e-06	-4.734847e-06	-2.400603e-09	-3.348588e+01	-1.526894e+02
6.810000e-06	-4.757563e-06	-2.406527e-09	-3.364654e+01	-1.528732e+02
6.820000e-06	-4.779732e-06	-2.410380e-09	-3.380332e+01	-1.530500e+02
6.830000e-06	-4.801346e-06	-2.414891e-09	-3.395618e+01	-1.532197e+02
6.840000e-06	-4.822459e-06	-2.417638e-09	-3.410550e+01	-1.533823e+02
6.850000e-06	-4.843142e-06	-2.416496e-09	-3.425177e+01	-1.535376e+02
6.860000e-06	-4.863455e-06	-2.415046e-09	-3.439543e+01	-1.536854e+02
6.870000e-06	-4.883518e-06	-2.419151e-09	-3.453732e+01	-1.538258e+02
6.880000e-06	-4.903355e-06	-2.426064e-09	-3.467761e+01	-1.539588e+02
6.890000e-06	-4.922918e-06	-2.431233e-09	-3.481597e+01	-1.540843e+02
6.900000e-06	-4.942226e-06	-2.434400e-09	-3.495251e+01	-1.542027e+02
6.910000e-06	-4.961212e-06	-2.436038e-09	-3.508679e+01	-1.543139e+02
6.920000e-06	-4.979798e-06	-2.437020e-09	-3.521824e+01	-1.544183e+02
6.930000e-06	-4.998042e-06	-2.433934e-09	-3.534726e+01	-1.545162e+02
6.940000e-06	-5.015985e-06	-2.429267e-09	-3.547415e+01	-1.546080e+02
6.950000e-06	-5.033594e-06	-2.429979e-09	-3.559869e+01	-1.546940e+02
6.960000e-06	-5.050864e-06	-2.438289e-09	-3.572083e+01	-1.547747e+02
6.970000e-06	-5.067757e-06	-2.447813e-09	-3.584030e+01	-1.548507e+02
6.980000e-06	-5.084319e-06	-2.449682e-09	-3.595743e+01	-1.549224e+02
6.990000e-06	-5.100651e-06	-2.447137e-09	-3.607294e+01	-1.549904e+02
7.000000e-06	-5.116778e-06	-2.445775e-09	-3.618699e+01	-1.550552e+02
7.010000e-06	-5.132619e-06	-2.445191e-09	-3.629901e+01	-1.551172e+02
7.020000e-06	-5.148038e-06	-2.443215e-09	-3.640807e+01	-1.551771e+02
7.030000e-06	-5.163011e-06	-2.443294e-09	-3.651396e+01	-1.552352e+02
7.040000e-06	-5.177432e-06	-2.448880e-09	-3.661595e+01	-1.552920e+02
7.050000e-06	-5.191235e-06	-2.457740e-09	-3.671356e+01	-1.553478e+02
7.060000e-06	-5.204467e-06	-2.460858e-09	-3.680714e+01	-1.554029e+02
7.070000e-06	-5.217118e-06	-2.457409e-09	-3.689661e+01	-1.554574e+02
7.080000e-06	-5.229344e-06	-2.451348e-09	-3.698308e+01	-1.555116e+02
7.090000e-06	-5.241266e-06	-2.448126e-09	-3.706740e+01	-1.555655e+02
7.100000e-06	-5.252817e-06	-2.444925e-09	-3.714908e+01	-1.556190e+02
7.110000e-06	-5.264041e-06	-2.442004e-09	-3.722846e+01	-1.556720e+02
7.120000e-06	-5.274908e-06	-2.443283e-09	-3.730532e+01	-1.557244e+02
7.130000e-06	-5.285367e-06	-2.447177e-09	-3.737928e+01	-1.557760e+02
7.140000e-06	-5.295436e-06	-2.452222e-09	-3.745050e+01	-1.558263e+02
7.150000e-06	-5.305220e-06	-2.453775e-09	-3.751969e+01	-1.558752e+02
7.160000e-06	-5.314708e-06	-2.449535e-09	-3.758679e+01	-1.559221e+02
7.170000e-06	-5.323756e-06	-2.442313e-09	-3.765078e+01	-1.559666e+02
7.180000e-06	-5.332368e-06	-2.435639e-09	-3.771169e+01	-1.560084e+02
7.190000e-06	-5.340679e-06	-2.431306e-09	-3.777047e+01	-1.560469e+02
7.200000e-06	-5.348772e-06	-2.429550e-09	-3.782770e+01	-1.560818e+02
7.210000e-06	-5.356645e-06	-2.430741e-09	-3.788338e+01	-1.561127e+02
7.220000e-06	-5.364280e-06	-2.434810e-09	-3.793738e+01	-1.561391e+02
7.230000e-06	-5.371645e-06	-2.438721e-09	-3.798946e+01	-1.561608e+02
7.240000e-06	-5.378474e-06	-2.441103e-09	-3.803776e+01	-1.561776e+02
7.250000e-06	-5.384522e-06	-2.440677e-09	-3.808053e+01	-1.561893e+02
7.260000e-06	-5.389976e-06	-2.437151e-09	-3.811910e+01	-1.561958e+02
7.270000e-06	-5.395031e-06	-2.433291e-09	-3.815486e+01	-1.561972e+02
7.280000e-06	-5.399667e-06	-2.429699e-09	-3.818764e+01	-1.561935e+02
7.290000e-06	-5.403923e-06	-2.426575e-09	-3.821774e+01	-1.561850e+02
7.300000e-06	-5.407922e-06	-2.428700e-09	-3.824602e+01	-1.561719e+02
7.310000e-06	-5.411670e-06	-2.433139e-09	-3.827253e+01	-1.561548e+02
7.320000e-06	-5.415063e-06	-2.435387e-09	-3.829653e+01	-1.561340e+02
7.330000e-06	-5.418021e-06	-2.434522e-09	-3.831744e+01	-1.561102e+02
7.340000e-06	-5.420575e-06	-2.433419e-09	-3.833551e+01	-1.560841e+02
7.350000e-06	-5.422825e-06	-2.431866e-09	-3.835142e+01	-1.560564e+02
7.360000e-06	-5.424778e-06	-2.428677e-09	-3.836523e+01	-1.560279e+02
7.370000e-06	-5.426306e-06	-2.424475e-09	-3.837604e+01	-1.559996e+02
7.380000e-06	-5.427428e-06	-2.421396e-09	-3.838398e+01	-1.559722e+02
7.390000e-06	-5.428160e-06	-2.422349e-09	-3.838915e+01	-1.559467e+02
7.400000e-06	-5.428513e-06	-2.425894e-09	-3.839165e+01	-1.559240e+02
