# Temperatura_=_-2.77
# Concentracion g/m^3_=_4090.0
# C_Vs_to_Am_M_A/Vsm_=_65563218390.804596
# pendiente_HvsI_1/m_=_3716.3
# ordenada_HvsI_A/m_=_1297.0
# frecuencia_Hz_=_135080.78483521097

Tiempo_(s)	Campo_(V.s)	Magnetizacion_(V.s)	Campo_(kA/m)	Magnetizacion_(A/m)
0.000000e+00	-5.417045e-06	-2.409140e-09	-3.839263e+01	-1.557377e+02
1.000000e-08	-5.417179e-06	-2.409535e-09	-3.839359e+01	-1.557063e+02
2.000000e-08	-5.417075e-06	-2.410701e-09	-3.839285e+01	-1.556777e+02
3.000000e-08	-5.416685e-06	-2.408910e-09	-3.839008e+01	-1.556533e+02
4.000000e-08	-5.416009e-06	-2.403779e-09	-3.838529e+01	-1.556348e+02
5.000000e-08	-5.414912e-06	-2.400035e-09	-3.837752e+01	-1.556234e+02
6.000000e-08	-5.413109e-06	-2.402220e-09	-3.836474e+01	-1.556208e+02
7.000000e-08	-5.410644e-06	-2.417124e-09	-3.834727e+01	-1.556282e+02
8.000000e-08	-5.407591e-06	-2.428948e-09	-3.832564e+01	-1.556470e+02
9.000000e-08	-5.403946e-06	-2.412002e-09	-3.829980e+01	-1.556783e+02
1.000000e-07	-5.399920e-06	-2.359648e-09	-3.827127e+01	-1.557230e+02
1.100000e-07	-5.395627e-06	-2.360465e-09	-3.824084e+01	-1.557822e+02
1.200000e-07	-5.391170e-06	-2.445472e-09	-3.820925e+01	-1.558563e+02
1.300000e-07	-5.386480e-06	-2.437383e-09	-3.817601e+01	-1.559459e+02
1.400000e-07	-5.381297e-06	-2.347021e-09	-3.813927e+01	-1.560511e+02
1.500000e-07	-5.375684e-06	-2.325087e-09	-3.809949e+01	-1.561722e+02
1.600000e-07	-5.369871e-06	-2.422931e-09	-3.805830e+01	-1.563087e+02
1.700000e-07	-5.363693e-06	-2.465568e-09	-3.801451e+01	-1.564604e+02
1.800000e-07	-5.356939e-06	-2.342581e-09	-3.796664e+01	-1.566265e+02
1.900000e-07	-5.349815e-06	-2.329963e-09	-3.791615e+01	-1.568062e+02
2.000000e-07	-5.342511e-06	-2.431323e-09	-3.786439e+01	-1.569983e+02
2.100000e-07	-5.334907e-06	-2.468560e-09	-3.781049e+01	-1.572017e+02
2.200000e-07	-5.326966e-06	-2.377304e-09	-3.775421e+01	-1.574148e+02
2.300000e-07	-5.318829e-06	-2.400978e-09	-3.769654e+01	-1.576361e+02
2.400000e-07	-5.310400e-06	-2.477573e-09	-3.763680e+01	-1.578636e+02
2.500000e-07	-5.301291e-06	-2.442599e-09	-3.757225e+01	-1.580957e+02
2.600000e-07	-5.291501e-06	-2.390501e-09	-3.750286e+01	-1.583302e+02
2.700000e-07	-5.281282e-06	-2.471828e-09	-3.743044e+01	-1.585651e+02
2.800000e-07	-5.270524e-06	-2.511616e-09	-3.735419e+01	-1.587984e+02
2.900000e-07	-5.259177e-06	-2.424225e-09	-3.727377e+01	-1.590280e+02
3.000000e-07	-5.247552e-06	-2.428809e-09	-3.719138e+01	-1.592517e+02
3.100000e-07	-5.235601e-06	-2.521584e-09	-3.710668e+01	-1.594677e+02
3.200000e-07	-5.223115e-06	-2.498378e-09	-3.701818e+01	-1.596738e+02
3.300000e-07	-5.210272e-06	-2.395904e-09	-3.692716e+01	-1.598684e+02
3.400000e-07	-5.197123e-06	-2.436595e-09	-3.683397e+01	-1.600496e+02
3.500000e-07	-5.183515e-06	-2.499697e-09	-3.673752e+01	-1.602159e+02
3.600000e-07	-5.169534e-06	-2.472665e-09	-3.663843e+01	-1.603660e+02
3.700000e-07	-5.155279e-06	-2.448509e-09	-3.653740e+01	-1.604984e+02
3.800000e-07	-5.140478e-06	-2.482352e-09	-3.643250e+01	-1.606124e+02
3.900000e-07	-5.125000e-06	-2.469156e-09	-3.632280e+01	-1.607069e+02
4.000000e-07	-5.109045e-06	-2.457263e-09	-3.620972e+01	-1.607815e+02
4.100000e-07	-5.092698e-06	-2.468805e-09	-3.609387e+01	-1.608357e+02
4.200000e-07	-5.075905e-06	-2.445316e-09	-3.597485e+01	-1.608694e+02
4.300000e-07	-5.058792e-06	-2.412094e-09	-3.585357e+01	-1.608826e+02
4.400000e-07	-5.041486e-06	-2.465740e-09	-3.573091e+01	-1.608757e+02
4.500000e-07	-5.023858e-06	-2.486518e-09	-3.560597e+01	-1.608491e+02
4.600000e-07	-5.005847e-06	-2.440027e-09	-3.547832e+01	-1.608035e+02
4.700000e-07	-4.987403e-06	-2.427569e-09	-3.534760e+01	-1.607397e+02
4.800000e-07	-4.968543e-06	-2.470368e-09	-3.521393e+01	-1.606587e+02
4.900000e-07	-4.949315e-06	-2.465569e-09	-3.507766e+01	-1.605618e+02
5.000000e-07	-4.929777e-06	-2.435934e-09	-3.493919e+01	-1.604502e+02
5.100000e-07	-4.910014e-06	-2.422962e-09	-3.479912e+01	-1.603253e+02
5.200000e-07	-4.890005e-06	-2.432431e-09	-3.465731e+01	-1.601886e+02
5.300000e-07	-4.869725e-06	-2.451980e-09	-3.451358e+01	-1.600416e+02
5.400000e-07	-4.849173e-06	-2.455246e-09	-3.436791e+01	-1.598859e+02
5.500000e-07	-4.828310e-06	-2.423334e-09	-3.422005e+01	-1.597230e+02
5.600000e-07	-4.807075e-06	-2.420984e-09	-3.406955e+01	-1.595545e+02
5.700000e-07	-4.785507e-06	-2.451834e-09	-3.391669e+01	-1.593820e+02
5.800000e-07	-4.763603e-06	-2.444137e-09	-3.376145e+01	-1.592068e+02
5.900000e-07	-4.741392e-06	-2.409987e-09	-3.360403e+01	-1.590304e+02
6.000000e-07	-4.718860e-06	-2.404239e-09	-3.344434e+01	-1.588540e+02
6.100000e-07	-4.695993e-06	-2.417002e-09	-3.328227e+01	-1.586789e+02
6.200000e-07	-4.672793e-06	-2.417824e-09	-3.311784e+01	-1.585061e+02
6.300000e-07	-4.649279e-06	-2.407776e-09	-3.295119e+01	-1.583365e+02
6.400000e-07	-4.625552e-06	-2.387564e-09	-3.278303e+01	-1.581708e+02
6.500000e-07	-4.601621e-06	-2.392076e-09	-3.261342e+01	-1.580097e+02
6.600000e-07	-4.577446e-06	-2.413497e-09	-3.244208e+01	-1.578535e+02
6.700000e-07	-4.553002e-06	-2.412595e-09	-3.226884e+01	-1.577026e+02
6.800000e-07	-4.528108e-06	-2.386129e-09	-3.209241e+01	-1.575571e+02
6.900000e-07	-4.502734e-06	-2.385536e-09	-3.191257e+01	-1.574170e+02
7.000000e-07	-4.476866e-06	-2.394878e-09	-3.172923e+01	-1.572820e+02
7.100000e-07	-4.450442e-06	-2.387262e-09	-3.154196e+01	-1.571518e+02
7.200000e-07	-4.423611e-06	-2.363999e-09	-3.135180e+01	-1.570260e+02
7.300000e-07	-4.396393e-06	-2.360128e-09	-3.115889e+01	-1.569039e+02
7.400000e-07	-4.368829e-06	-2.372095e-09	-3.096354e+01	-1.567850e+02
7.500000e-07	-4.341050e-06	-2.382735e-09	-3.076665e+01	-1.566683e+02
7.600000e-07	-4.313085e-06	-2.370393e-09	-3.056846e+01	-1.565530e+02
7.700000e-07	-4.284835e-06	-2.358178e-09	-3.036824e+01	-1.564383e+02
7.800000e-07	-4.256329e-06	-2.361389e-09	-3.016620e+01	-1.563232e+02
7.900000e-07	-4.227605e-06	-2.366853e-09	-2.996263e+01	-1.562067e+02
8.000000e-07	-4.198588e-06	-2.352296e-09	-2.975698e+01	-1.560878e+02
8.100000e-07	-4.169239e-06	-2.336035e-09	-2.954897e+01	-1.559657e+02
8.200000e-07	-4.139577e-06	-2.335809e-09	-2.933874e+01	-1.558393e+02
8.300000e-07	-4.109603e-06	-2.349118e-09	-2.912630e+01	-1.557078e+02
8.400000e-07	-4.079317e-06	-2.353183e-09	-2.891165e+01	-1.555705e+02
8.500000e-07	-4.048853e-06	-2.343965e-09	-2.869574e+01	-1.554266e+02
8.600000e-07	-4.018171e-06	-2.335634e-09	-2.847829e+01	-1.552755e+02
8.700000e-07	-3.987183e-06	-2.335868e-09	-2.825866e+01	-1.551166e+02
8.800000e-07	-3.955928e-06	-2.332115e-09	-2.803715e+01	-1.549496e+02
8.900000e-07	-3.924441e-06	-2.317077e-09	-2.781399e+01	-1.547741e+02
9.000000e-07	-3.892757e-06	-2.306431e-09	-2.758944e+01	-1.545900e+02
9.100000e-07	-3.860869e-06	-2.309880e-09	-2.736343e+01	-1.543972e+02
9.200000e-07	-3.828799e-06	-2.318893e-09	-2.713614e+01	-1.541957e+02
9.300000e-07	-3.796596e-06	-2.317024e-09	-2.690790e+01	-1.539857e+02
9.400000e-07	-3.764155e-06	-2.310973e-09	-2.667799e+01	-1.537674e+02
9.500000e-07	-3.731359e-06	-2.309483e-09	-2.644555e+01	-1.535414e+02
9.600000e-07	-3.698239e-06	-2.312069e-09	-2.621081e+01	-1.533079e+02
9.700000e-07	-3.664742e-06	-2.303251e-09	-2.597341e+01	-1.530676e+02
9.800000e-07	-3.630673e-06	-2.290128e-09	-2.573195e+01	-1.528210e+02
9.900000e-07	-3.596188e-06	-2.283754e-09	-2.548754e+01	-1.525689e+02
1.000000e-06	-3.561378e-06	-2.289415e-09	-2.524083e+01	-1.523119e+02
1.010000e-06	-3.526211e-06	-2.293447e-09	-2.499158e+01	-1.520508e+02
1.020000e-06	-3.490751e-06	-2.290268e-09	-2.474027e+01	-1.517863e+02
1.030000e-06	-3.455026e-06	-2.282370e-09	-2.448707e+01	-1.515191e+02
1.040000e-06	-3.419171e-06	-2.278246e-09	-2.423295e+01	-1.512499e+02
1.050000e-06	-3.383189e-06	-2.270726e-09	-2.397793e+01	-1.509794e+02
1.060000e-06	-3.347098e-06	-2.258012e-09	-2.372215e+01	-1.507083e+02
1.070000e-06	-3.310796e-06	-2.246335e-09	-2.346486e+01	-1.504369e+02
1.080000e-06	-3.274183e-06	-2.243394e-09	-2.320537e+01	-1.501659e+02
1.090000e-06	-3.237383e-06	-2.243310e-09	-2.294455e+01	-1.498956e+02
1.100000e-06	-3.200423e-06	-2.241709e-09	-2.268260e+01	-1.496263e+02
1.110000e-06	-3.163225e-06	-2.236714e-09	-2.241897e+01	-1.493582e+02
1.120000e-06	-3.125735e-06	-2.231402e-09	-2.215326e+01	-1.490914e+02
1.130000e-06	-3.087943e-06	-2.229025e-09	-2.188542e+01	-1.488258e+02
1.140000e-06	-3.049948e-06	-2.223095e-09	-2.161613e+01	-1.485614e+02
1.150000e-06	-3.011799e-06	-2.211502e-09	-2.134575e+01	-1.482979e+02
1.160000e-06	-2.973466e-06	-2.203037e-09	-2.107408e+01	-1.480350e+02
1.170000e-06	-2.935022e-06	-2.200030e-09	-2.080161e+01	-1.477722e+02
1.180000e-06	-2.896330e-06	-2.197055e-09	-2.052738e+01	-1.475091e+02
1.190000e-06	-2.857382e-06	-2.192981e-09	-2.025134e+01	-1.472450e+02
1.200000e-06	-2.818206e-06	-2.189963e-09	-1.997369e+01	-1.469794e+02
1.210000e-06	-2.778765e-06	-2.188065e-09	-1.969415e+01	-1.467114e+02
1.220000e-06	-2.739256e-06	-2.183310e-09	-1.941414e+01	-1.464404e+02
1.230000e-06	-2.699628e-06	-2.175323e-09	-1.913328e+01	-1.461657e+02
1.240000e-06	-2.659879e-06	-2.165617e-09	-1.885156e+01	-1.458863e+02
1.250000e-06	-2.620053e-06	-2.158585e-09	-1.856930e+01	-1.456015e+02
1.260000e-06	-2.580111e-06	-2.153264e-09	-1.828622e+01	-1.453105e+02
1.270000e-06	-2.539969e-06	-2.149197e-09	-1.800171e+01	-1.450125e+02
1.280000e-06	-2.499663e-06	-2.144157e-09	-1.771605e+01	-1.447069e+02
1.290000e-06	-2.459363e-06	-2.141175e-09	-1.743043e+01	-1.443930e+02
1.300000e-06	-2.418929e-06	-2.137720e-09	-1.714386e+01	-1.440700e+02
1.310000e-06	-2.378238e-06	-2.132451e-09	-1.685547e+01	-1.437375e+02
1.320000e-06	-2.337282e-06	-2.124854e-09	-1.656520e+01	-1.433949e+02
1.330000e-06	-2.296126e-06	-2.116304e-09	-1.627351e+01	-1.430417e+02
1.340000e-06	-2.254795e-06	-2.109516e-09	-1.598058e+01	-1.426777e+02
1.350000e-06	-2.213097e-06	-2.104204e-09	-1.568505e+01	-1.423025e+02
1.360000e-06	-2.171024e-06	-2.095328e-09	-1.538686e+01	-1.419158e+02
1.370000e-06	-2.128602e-06	-2.086537e-09	-1.508620e+01	-1.415175e+02
1.380000e-06	-2.085879e-06	-2.082897e-09	-1.478341e+01	-1.411075e+02
1.390000e-06	-2.043039e-06	-2.078583e-09	-1.447979e+01	-1.406857e+02
1.400000e-06	-2.000029e-06	-2.070992e-09	-1.417496e+01	-1.402520e+02
1.410000e-06	-1.956803e-06	-2.063561e-09	-1.386860e+01	-1.398064e+02
1.420000e-06	-1.913431e-06	-2.056118e-09	-1.356121e+01	-1.393491e+02
1.430000e-06	-1.869861e-06	-2.048040e-09	-1.325241e+01	-1.388799e+02
1.440000e-06	-1.826205e-06	-2.037990e-09	-1.294300e+01	-1.383989e+02
1.450000e-06	-1.782574e-06	-2.029283e-09	-1.263377e+01	-1.379061e+02
1.460000e-06	-1.738812e-06	-2.024702e-09	-1.232362e+01	-1.374016e+02
1.470000e-06	-1.694888e-06	-2.019163e-09	-1.201231e+01	-1.368851e+02
1.480000e-06	-1.650876e-06	-2.010708e-09	-1.170038e+01	-1.363568e+02
1.490000e-06	-1.606754e-06	-1.997831e-09	-1.138767e+01	-1.358163e+02
1.500000e-06	-1.562550e-06	-1.984411e-09	-1.107438e+01	-1.352634e+02
1.510000e-06	-1.518345e-06	-1.972816e-09	-1.076109e+01	-1.346980e+02
1.520000e-06	-1.474113e-06	-1.965704e-09	-1.044760e+01	-1.341196e+02
1.530000e-06	-1.429743e-06	-1.959459e-09	-1.013312e+01	-1.335278e+02
1.540000e-06	-1.385287e-06	-1.955062e-09	-9.818052e+00	-1.329221e+02
1.550000e-06	-1.340732e-06	-1.949863e-09	-9.502275e+00	-1.323019e+02
1.560000e-06	-1.296107e-06	-1.939184e-09	-9.185996e+00	-1.316667e+02
1.570000e-06	-1.251469e-06	-1.922579e-09	-8.869631e+00	-1.310155e+02
1.580000e-06	-1.206744e-06	-1.903064e-09	-8.552647e+00	-1.303478e+02
1.590000e-06	-1.161986e-06	-1.887009e-09	-8.235429e+00	-1.296627e+02
1.600000e-06	-1.117077e-06	-1.876190e-09	-7.917142e+00	-1.289592e+02
1.610000e-06	-1.071949e-06	-1.871109e-09	-7.597305e+00	-1.282365e+02
1.620000e-06	-1.026749e-06	-1.869329e-09	-7.276956e+00	-1.274937e+02
1.630000e-06	-9.814432e-07	-1.866236e-09	-6.955858e+00	-1.267297e+02
1.640000e-06	-9.361233e-07	-1.854616e-09	-6.634658e+00	-1.259435e+02
1.650000e-06	-8.907618e-07	-1.836228e-09	-6.313164e+00	-1.251343e+02
1.660000e-06	-8.452939e-07	-1.817955e-09	-5.990916e+00	-1.243010e+02
1.670000e-06	-7.998122e-07	-1.801239e-09	-5.668570e+00	-1.234426e+02
1.680000e-06	-7.543006e-07	-1.785721e-09	-5.346012e+00	-1.225582e+02
1.690000e-06	-7.087100e-07	-1.775161e-09	-5.022894e+00	-1.216467e+02
1.700000e-06	-6.630008e-07	-1.768015e-09	-4.698936e+00	-1.207072e+02
1.710000e-06	-6.172530e-07	-1.760331e-09	-4.374704e+00	-1.197388e+02
1.720000e-06	-5.714232e-07	-1.748245e-09	-4.049891e+00	-1.187405e+02
1.730000e-06	-5.255874e-07	-1.729997e-09	-3.725036e+00	-1.177113e+02
1.740000e-06	-4.797573e-07	-1.707904e-09	-3.400221e+00	-1.166503e+02
1.750000e-06	-4.338773e-07	-1.686274e-09	-3.075052e+00	-1.155565e+02
1.760000e-06	-3.880940e-07	-1.666585e-09	-2.750568e+00	-1.144287e+02
1.770000e-06	-3.422761e-07	-1.649181e-09	-2.425840e+00	-1.132660e+02
1.780000e-06	-2.963304e-07	-1.636112e-09	-2.100205e+00	-1.120672e+02
1.790000e-06	-2.504134e-07	-1.627608e-09	-1.774774e+00	-1.108309e+02
1.800000e-06	-2.044894e-07	-1.616255e-09	-1.449293e+00	-1.095559e+02
1.810000e-06	-1.585246e-07	-1.598621e-09	-1.123523e+00	-1.082407e+02
1.820000e-06	-1.126458e-07	-1.576027e-09	-7.983633e-01	-1.068837e+02
1.830000e-06	-6.680259e-08	-1.550941e-09	-4.734551e-01	-1.054831e+02
1.840000e-06	-2.090642e-08	-1.525864e-09	-1.481717e-01	-1.040370e+02
1.850000e-06	2.498374e-08	-1.499731e-09	1.770692e-01	-1.025434e+02
1.860000e-06	7.088725e-08	-1.473639e-09	5.024046e-01	-1.010000e+02
1.870000e-06	1.168042e-07	-1.451232e-09	8.278354e-01	-9.940439e+01
1.880000e-06	1.626704e-07	-1.430761e-09	1.152906e+00	-9.775394e+01
1.890000e-06	2.085310e-07	-1.408293e-09	1.477938e+00	-9.604589e+01
1.900000e-06	2.544742e-07	-1.383429e-09	1.803555e+00	-9.427731e+01
1.910000e-06	3.004330e-07	-1.356802e-09	2.129282e+00	-9.244513e+01
1.920000e-06	3.463086e-07	-1.327241e-09	2.454420e+00	-9.054612e+01
1.930000e-06	3.921771e-07	-1.294575e-09	2.779507e+00	-8.857700e+01
1.940000e-06	4.380148e-07	-1.258763e-09	3.104376e+00	-8.653440e+01
1.950000e-06	4.838548e-07	-1.223509e-09	3.429261e+00	-8.441490e+01
1.960000e-06	5.296774e-07	-1.193502e-09	3.754023e+00	-8.221511e+01
1.970000e-06	5.753676e-07	-1.164619e-09	4.077847e+00	-7.993169e+01
1.980000e-06	6.210072e-07	-1.132564e-09	4.401312e+00	-7.756140e+01
1.990000e-06	6.666399e-07	-1.096927e-09	4.724728e+00	-7.510115e+01
2.000000e-06	7.122120e-07	-1.061811e-09	5.047714e+00	-7.254806e+01
2.010000e-06	7.577674e-07	-1.026653e-09	5.370583e+00	-6.989950e+01
2.020000e-06	8.033015e-07	-9.844222e-10	5.693300e+00	-6.715319e+01
2.030000e-06	8.487743e-07	-9.360913e-10	6.015583e+00	-6.430719e+01
2.040000e-06	8.941809e-07	-8.889990e-10	6.337397e+00	-6.136001e+01
2.050000e-06	9.394716e-07	-8.436379e-10	6.658389e+00	-5.831065e+01
2.060000e-06	9.846694e-07	-7.994368e-10	6.978722e+00	-5.515863e+01
2.070000e-06	1.029788e-06	-7.562844e-10	7.298498e+00	-5.190405e+01
2.080000e-06	1.074864e-06	-7.141583e-10	7.617964e+00	-4.854766e+01
2.090000e-06	1.119874e-06	-6.719759e-10	7.936966e+00	-4.509083e+01
2.100000e-06	1.164722e-06	-6.231589e-10	8.254824e+00	-4.153562e+01
2.110000e-06	1.209436e-06	-5.632622e-10	8.571730e+00	-3.788482e+01
2.120000e-06	1.254036e-06	-4.970863e-10	8.887824e+00	-3.414191e+01
2.130000e-06	1.298495e-06	-4.318283e-10	9.202926e+00	-3.031109e+01
2.140000e-06	1.342936e-06	-3.706275e-10	9.517892e+00	-2.639731e+01
2.150000e-06	1.387338e-06	-3.105706e-10	9.832586e+00	-2.240618e+01
2.160000e-06	1.431635e-06	-2.524623e-10	1.014654e+01	-1.834399e+01
2.170000e-06	1.475829e-06	-1.979253e-10	1.045976e+01	-1.421769e+01
2.180000e-06	1.519928e-06	-1.413410e-10	1.077230e+01	-1.003482e+01
2.190000e-06	1.564022e-06	-7.689061e-11	1.108482e+01	-5.803456e+00
2.200000e-06	1.608115e-06	-5.168880e-12	1.139731e+01	-1.532178e+00
2.210000e-06	1.652151e-06	6.740103e-11	1.170941e+01	2.770027e+00
2.220000e-06	1.696141e-06	1.393187e-10	1.202119e+01	7.093823e+00
2.230000e-06	1.740078e-06	2.107117e-10	1.233259e+01	1.142961e+01
2.240000e-06	1.783916e-06	2.772661e-10	1.264328e+01	1.576760e+01
2.250000e-06	1.827689e-06	3.376328e-10	1.295352e+01	2.009793e+01
2.260000e-06	1.871346e-06	3.953478e-10	1.326293e+01	2.441070e+01
2.270000e-06	1.914822e-06	4.564294e-10	1.357106e+01	2.869613e+01
2.280000e-06	1.958106e-06	5.209058e-10	1.387784e+01	3.294461e+01
2.290000e-06	2.001132e-06	5.848021e-10	1.418277e+01	3.714678e+01
2.300000e-06	2.043976e-06	6.480229e-10	1.448643e+01	4.129364e+01
2.310000e-06	2.086631e-06	7.124552e-10	1.478874e+01	4.537663e+01
2.320000e-06	2.129087e-06	7.741095e-10	1.508964e+01	4.938769e+01
2.330000e-06	2.171432e-06	8.294359e-10	1.538976e+01	5.331932e+01
2.340000e-06	2.213500e-06	8.817566e-10	1.568791e+01	5.716470e+01
2.350000e-06	2.255212e-06	9.344273e-10	1.598354e+01	6.091766e+01
2.360000e-06	2.296556e-06	9.884650e-10	1.627655e+01	6.457278e+01
2.370000e-06	2.337589e-06	1.040514e-09	1.656737e+01	6.812541e+01
2.380000e-06	2.378401e-06	1.088555e-09	1.685662e+01	7.157167e+01
2.390000e-06	2.419038e-06	1.134194e-09	1.714464e+01	7.490851e+01
2.400000e-06	2.459505e-06	1.176922e-09	1.743144e+01	7.813366e+01
2.410000e-06	2.499817e-06	1.215903e-09	1.771715e+01	8.124566e+01
2.420000e-06	2.540026e-06	1.254377e-09	1.800212e+01	8.424383e+01
2.430000e-06	2.580094e-06	1.296784e-09	1.828610e+01	8.712823e+01
2.440000e-06	2.620062e-06	1.343475e-09	1.856937e+01	8.989964e+01
2.450000e-06	2.659954e-06	1.385888e-09	1.885210e+01	9.255950e+01
2.460000e-06	2.699695e-06	1.422178e-09	1.913375e+01	9.510987e+01
2.470000e-06	2.739281e-06	1.455977e-09	1.941432e+01	9.755336e+01
2.480000e-06	2.778764e-06	1.486021e-09	1.969415e+01	9.989307e+01
2.490000e-06	2.818061e-06	1.512799e-09	1.997266e+01	1.021325e+02
2.500000e-06	2.857076e-06	1.539490e-09	2.024917e+01	1.042756e+02
2.510000e-06	2.895769e-06	1.569349e-09	2.052340e+01	1.063264e+02
2.520000e-06	2.934292e-06	1.603105e-09	2.079643e+01	1.082894e+02
2.530000e-06	2.972679e-06	1.635381e-09	2.106849e+01	1.101690e+02
2.540000e-06	3.010896e-06	1.661662e-09	2.133935e+01	1.119697e+02
2.550000e-06	3.048959e-06	1.686374e-09	2.160912e+01	1.136962e+02
2.560000e-06	3.086832e-06	1.712081e-09	2.187754e+01	1.153528e+02
2.570000e-06	3.124433e-06	1.735076e-09	2.214403e+01	1.169439e+02
2.580000e-06	3.161744e-06	1.754875e-09	2.240847e+01	1.184737e+02
2.590000e-06	3.198877e-06	1.776340e-09	2.267164e+01	1.199462e+02
2.600000e-06	3.235764e-06	1.800621e-09	2.293308e+01	1.213650e+02
2.610000e-06	3.272370e-06	1.822578e-09	2.319252e+01	1.227335e+02
2.620000e-06	3.308774e-06	1.839651e-09	2.345052e+01	1.240548e+02
2.630000e-06	3.345066e-06	1.856900e-09	2.370774e+01	1.253317e+02
2.640000e-06	3.381260e-06	1.877480e-09	2.396426e+01	1.265666e+02
2.650000e-06	3.417288e-06	1.896913e-09	2.421961e+01	1.277615e+02
2.660000e-06	3.453167e-06	1.911405e-09	2.447389e+01	1.289182e+02
2.670000e-06	3.488930e-06	1.923534e-09	2.472736e+01	1.300382e+02
2.680000e-06	3.524450e-06	1.937907e-09	2.497910e+01	1.311226e+02
2.690000e-06	3.559545e-06	1.952055e-09	2.522784e+01	1.321723e+02
2.700000e-06	3.594241e-06	1.962394e-09	2.547374e+01	1.331879e+02
2.710000e-06	3.628600e-06	1.973224e-09	2.571726e+01	1.341699e+02
2.720000e-06	3.662521e-06	1.987473e-09	2.595767e+01	1.351186e+02
2.730000e-06	3.695954e-06	2.003824e-09	2.619462e+01	1.360341e+02
2.740000e-06	3.728939e-06	2.019452e-09	2.642839e+01	1.369164e+02
2.750000e-06	3.761632e-06	2.033999e-09	2.666010e+01	1.377656e+02
2.760000e-06	3.794148e-06	2.047936e-09	2.689056e+01	1.385816e+02
2.770000e-06	3.826445e-06	2.059363e-09	2.711946e+01	1.393644e+02
2.780000e-06	3.858528e-06	2.064941e-09	2.734684e+01	1.401141e+02
2.790000e-06	3.890439e-06	2.068446e-09	2.757300e+01	1.408307e+02
2.800000e-06	3.922114e-06	2.077776e-09	2.779750e+01	1.415146e+02
2.810000e-06	3.953556e-06	2.091033e-09	2.802034e+01	1.421660e+02
2.820000e-06	3.984779e-06	2.103472e-09	2.824163e+01	1.427855e+02
2.830000e-06	4.015699e-06	2.114233e-09	2.846077e+01	1.433736e+02
2.840000e-06	4.046296e-06	2.123041e-09	2.867763e+01	1.439312e+02
2.850000e-06	4.076604e-06	2.130651e-09	2.889243e+01	1.444592e+02
2.860000e-06	4.106723e-06	2.137530e-09	2.910589e+01	1.449587e+02
2.870000e-06	4.136681e-06	2.141844e-09	2.931821e+01	1.454310e+02
2.880000e-06	4.166320e-06	2.144392e-09	2.952828e+01	1.458774e+02
2.890000e-06	4.195575e-06	2.149067e-09	2.973562e+01	1.462994e+02
2.900000e-06	4.224525e-06	2.155909e-09	2.994080e+01	1.466987e+02
2.910000e-06	4.253226e-06	2.163775e-09	3.014422e+01	1.470767e+02
2.920000e-06	4.281651e-06	2.171296e-09	3.034567e+01	1.474354e+02
2.930000e-06	4.309857e-06	2.179220e-09	3.054558e+01	1.477763e+02
2.940000e-06	4.337897e-06	2.188865e-09	3.074431e+01	1.481011e+02
2.950000e-06	4.365784e-06	2.194365e-09	3.094195e+01	1.484117e+02
2.960000e-06	4.393568e-06	2.197839e-09	3.113887e+01	1.487095e+02
2.970000e-06	4.421034e-06	2.200715e-09	3.133353e+01	1.489962e+02
2.980000e-06	4.448068e-06	2.203577e-09	3.152513e+01	1.492731e+02
2.990000e-06	4.474603e-06	2.204552e-09	3.171319e+01	1.495415e+02
3.000000e-06	4.500539e-06	2.205513e-09	3.189701e+01	1.498027e+02
3.010000e-06	4.525934e-06	2.210544e-09	3.207699e+01	1.500577e+02
3.020000e-06	4.550777e-06	2.221877e-09	3.225307e+01	1.503071e+02
3.030000e-06	4.575186e-06	2.229977e-09	3.242607e+01	1.505519e+02
3.040000e-06	4.599315e-06	2.229989e-09	3.259708e+01	1.507924e+02
3.050000e-06	4.623279e-06	2.231693e-09	3.276692e+01	1.510289e+02
3.060000e-06	4.647022e-06	2.235281e-09	3.293520e+01	1.512617e+02
3.070000e-06	4.670392e-06	2.238029e-09	3.310083e+01	1.514907e+02
3.080000e-06	4.693513e-06	2.235974e-09	3.326469e+01	1.517158e+02
3.090000e-06	4.716335e-06	2.235945e-09	3.342644e+01	1.519367e+02
3.100000e-06	4.738766e-06	2.242371e-09	3.358542e+01	1.521530e+02
3.110000e-06	4.760948e-06	2.249844e-09	3.374263e+01	1.523643e+02
3.120000e-06	4.782903e-06	2.251897e-09	3.389823e+01	1.525700e+02
3.130000e-06	4.804525e-06	2.252846e-09	3.405148e+01	1.527696e+02
3.140000e-06	4.825674e-06	2.257202e-09	3.420136e+01	1.529624e+02
3.150000e-06	4.846433e-06	2.262736e-09	3.434849e+01	1.531479e+02
3.160000e-06	4.866927e-06	2.262599e-09	3.449374e+01	1.533255e+02
3.170000e-06	4.887136e-06	2.259155e-09	3.463698e+01	1.534946e+02
3.180000e-06	4.907147e-06	2.263301e-09	3.477880e+01	1.536548e+02
3.190000e-06	4.926951e-06	2.273320e-09	3.491915e+01	1.538058e+02
3.200000e-06	4.946519e-06	2.278751e-09	3.505784e+01	1.539473e+02
3.210000e-06	4.965806e-06	2.278855e-09	3.519453e+01	1.540791e+02
3.220000e-06	4.984669e-06	2.278533e-09	3.532822e+01	1.542011e+02
3.230000e-06	5.003088e-06	2.283293e-09	3.545876e+01	1.543135e+02
3.240000e-06	5.021126e-06	2.287025e-09	3.558661e+01	1.544165e+02
3.250000e-06	5.038791e-06	2.285756e-09	3.571181e+01	1.545103e+02
3.260000e-06	5.056175e-06	2.286240e-09	3.583501e+01	1.545955e+02
3.270000e-06	5.073248e-06	2.295342e-09	3.595602e+01	1.546727e+02
3.280000e-06	5.089990e-06	2.304875e-09	3.607468e+01	1.547424e+02
3.290000e-06	5.106367e-06	2.304011e-09	3.619074e+01	1.548054e+02
3.300000e-06	5.122215e-06	2.297652e-09	3.630307e+01	1.548625e+02
3.310000e-06	5.137595e-06	2.294029e-09	3.641207e+01	1.549147e+02
3.320000e-06	5.152572e-06	2.297387e-09	3.651821e+01	1.549627e+02
3.330000e-06	5.167189e-06	2.303128e-09	3.662182e+01	1.550076e+02
3.340000e-06	5.181452e-06	2.307479e-09	3.672290e+01	1.550502e+02
3.350000e-06	5.195343e-06	2.312406e-09	3.682135e+01	1.550913e+02
3.360000e-06	5.208851e-06	2.319162e-09	3.691709e+01	1.551318e+02
3.370000e-06	5.221911e-06	2.320432e-09	3.700965e+01	1.551723e+02
3.380000e-06	5.234550e-06	2.313346e-09	3.709923e+01	1.552137e+02
3.390000e-06	5.246856e-06	2.305865e-09	3.718644e+01	1.552564e+02
3.400000e-06	5.258804e-06	2.305820e-09	3.727113e+01	1.553008e+02
3.410000e-06	5.270406e-06	2.310604e-09	3.735335e+01	1.553473e+02
3.420000e-06	5.281677e-06	2.315049e-09	3.743323e+01	1.553960e+02
3.430000e-06	5.292363e-06	2.318571e-09	3.750897e+01	1.554470e+02
3.440000e-06	5.302293e-06	2.324482e-09	3.757935e+01	1.555002e+02
3.450000e-06	5.311589e-06	2.329925e-09	3.764523e+01	1.555553e+02
3.460000e-06	5.320385e-06	2.329581e-09	3.770757e+01	1.556121e+02
3.470000e-06	5.328793e-06	2.324614e-09	3.776716e+01	1.556701e+02
3.480000e-06	5.336930e-06	2.322293e-09	3.782483e+01	1.557287e+02
3.490000e-06	5.344827e-06	2.324177e-09	3.788080e+01	1.557873e+02
3.500000e-06	5.352454e-06	2.327127e-09	3.793485e+01	1.558452e+02
3.510000e-06	5.359730e-06	2.328373e-09	3.798642e+01	1.559015e+02
3.520000e-06	5.366623e-06	2.329954e-09	3.803528e+01	1.559557e+02
3.530000e-06	5.373192e-06	2.333249e-09	3.808183e+01	1.560067e+02
3.540000e-06	5.379346e-06	2.335079e-09	3.812545e+01	1.560540e+02
3.550000e-06	5.385138e-06	2.332781e-09	3.816650e+01	1.560967e+02
3.560000e-06	5.390564e-06	2.330820e-09	3.820496e+01	1.561341e+02
3.570000e-06	5.395569e-06	2.332986e-09	3.824043e+01	1.561658e+02
3.580000e-06	5.400250e-06	2.335359e-09	3.827361e+01	1.561913e+02
3.590000e-06	5.404625e-06	2.333978e-09	3.830461e+01	1.562102e+02
3.600000e-06	5.408753e-06	2.331424e-09	3.833387e+01	1.562222e+02
3.610000e-06	5.412652e-06	2.330797e-09	3.836150e+01	1.562273e+02
3.620000e-06	5.416206e-06	2.331279e-09	3.838669e+01	1.562257e+02
3.630000e-06	5.419251e-06	2.333748e-09	3.840827e+01	1.562176e+02
3.640000e-06	5.421801e-06	2.340474e-09	3.842634e+01	1.562034e+02
3.650000e-06	5.423776e-06	2.349174e-09	3.844034e+01	1.561837e+02
3.660000e-06	5.425130e-06	2.354124e-09	3.844994e+01	1.561592e+02
3.670000e-06	5.425973e-06	2.353918e-09	3.845591e+01	1.561310e+02
3.680000e-06	5.426404e-06	2.349870e-09	3.845897e+01	1.561000e+02
3.690000e-06	5.426550e-06	2.346077e-09	3.846000e+01	1.560674e+02
3.700000e-06	5.426472e-06	2.343884e-09	3.845945e+01	1.560345e+02
3.710000e-06	5.426129e-06	2.342342e-09	3.845702e+01	1.560027e+02
3.720000e-06	5.425388e-06	2.343513e-09	3.845177e+01	1.559735e+02
3.730000e-06	5.424327e-06	2.349955e-09	3.844425e+01	1.559483e+02
3.740000e-06	5.422999e-06	2.359228e-09	3.843484e+01	1.559286e+02
3.750000e-06	5.421362e-06	2.362656e-09	3.842324e+01	1.559159e+02
3.760000e-06	5.419393e-06	2.348685e-09	3.840928e+01	1.559116e+02
3.770000e-06	5.417017e-06	2.320984e-09	3.839244e+01	1.559172e+02
3.780000e-06	5.414211e-06	2.313715e-09	3.837255e+01	1.559340e+02
3.790000e-06	5.410964e-06	2.369938e-09	3.834954e+01	1.559630e+02
3.800000e-06	5.407322e-06	2.417270e-09	3.832373e+01	1.560054e+02
3.810000e-06	5.403395e-06	2.353006e-09	3.829589e+01	1.560620e+02
3.820000e-06	5.399331e-06	2.287196e-09	3.826709e+01	1.561336e+02
3.830000e-06	5.395084e-06	2.347167e-09	3.823699e+01	1.562205e+02
3.840000e-06	5.390342e-06	2.389566e-09	3.820338e+01	1.563231e+02
3.850000e-06	5.384839e-06	2.321539e-09	3.816438e+01	1.564414e+02
3.860000e-06	5.378849e-06	2.232941e-09	3.812192e+01	1.565754e+02
3.870000e-06	5.372595e-06	2.335187e-09	3.807760e+01	1.567245e+02
3.880000e-06	5.365725e-06	2.457595e-09	3.802891e+01	1.568882e+02
3.890000e-06	5.358251e-06	2.365419e-09	3.797594e+01	1.570656e+02
3.900000e-06	5.350552e-06	2.281301e-09	3.792137e+01	1.572557e+02
3.910000e-06	5.342583e-06	2.375391e-09	3.786490e+01	1.574573e+02
3.920000e-06	5.334180e-06	2.443522e-09	3.780534e+01	1.576688e+02
3.930000e-06	5.325402e-06	2.279712e-09	3.774313e+01	1.578887e+02
3.940000e-06	5.316383e-06	2.252818e-09	3.767920e+01	1.581153e+02
3.950000e-06	5.307046e-06	2.437703e-09	3.761303e+01	1.583467e+02
3.960000e-06	5.297240e-06	2.491500e-09	3.754353e+01	1.585809e+02
3.970000e-06	5.287041e-06	2.326731e-09	3.747125e+01	1.588158e+02
3.980000e-06	5.276553e-06	2.357001e-09	3.739692e+01	1.590495e+02
3.990000e-06	5.265663e-06	2.524694e-09	3.731973e+01	1.592798e+02
4.000000e-06	5.254332e-06	2.460139e-09	3.723943e+01	1.595046e+02
4.010000e-06	5.242661e-06	2.329669e-09	3.715671e+01	1.597219e+02
4.020000e-06	5.230651e-06	2.454184e-09	3.707160e+01	1.599298e+02
4.030000e-06	5.218225e-06	2.580487e-09	3.698352e+01	1.601263e+02
4.040000e-06	5.205369e-06	2.454294e-09	3.689241e+01	1.603098e+02
4.050000e-06	5.191987e-06	2.380360e-09	3.679757e+01	1.604787e+02
4.060000e-06	5.177891e-06	2.501541e-09	3.669766e+01	1.606314e+02
4.070000e-06	5.163158e-06	2.516802e-09	3.659325e+01	1.607668e+02
4.080000e-06	5.147999e-06	2.412246e-09	3.648581e+01	1.608839e+02
4.090000e-06	5.132492e-06	2.431651e-09	3.637590e+01	1.609816e+02
4.100000e-06	5.116640e-06	2.484953e-09	3.626355e+01	1.610595e+02
4.110000e-06	5.100501e-06	2.463545e-09	3.614917e+01	1.611171e+02
4.120000e-06	5.084039e-06	2.470615e-09	3.603250e+01	1.611541e+02
4.130000e-06	5.067230e-06	2.502237e-09	3.591337e+01	1.611707e+02
4.140000e-06	5.050059e-06	2.440268e-09	3.579167e+01	1.611671e+02
4.150000e-06	5.032527e-06	2.430818e-09	3.566741e+01	1.611436e+02
4.160000e-06	5.014731e-06	2.487051e-09	3.554129e+01	1.611011e+02
4.170000e-06	4.996637e-06	2.468499e-09	3.541305e+01	1.610402e+02
4.180000e-06	4.978219e-06	2.408622e-09	3.528251e+01	1.609620e+02
4.190000e-06	4.959457e-06	2.449312e-09	3.514954e+01	1.608676e+02
4.200000e-06	4.940280e-06	2.487438e-09	3.501363e+01	1.607583e+02
4.210000e-06	4.920780e-06	2.467122e-09	3.487542e+01	1.606354e+02
4.220000e-06	4.901042e-06	2.437631e-09	3.473553e+01	1.605005e+02
4.230000e-06	4.881129e-06	2.432348e-09	3.459440e+01	1.603551e+02
4.240000e-06	4.861049e-06	2.440030e-09	3.445208e+01	1.602006e+02
4.250000e-06	4.840617e-06	2.457801e-09	3.430728e+01	1.600387e+02
4.260000e-06	4.819734e-06	2.436653e-09	3.415927e+01	1.598710e+02
4.270000e-06	4.798431e-06	2.420065e-09	3.400829e+01	1.596990e+02
4.280000e-06	4.776485e-06	2.449406e-09	3.385275e+01	1.595241e+02
4.290000e-06	4.753822e-06	2.459887e-09	3.369212e+01	1.593477e+02
4.300000e-06	4.730633e-06	2.427685e-09	3.352778e+01	1.591712e+02
4.310000e-06	4.707115e-06	2.419000e-09	3.336110e+01	1.589958e+02
4.320000e-06	4.683386e-06	2.426627e-09	3.319292e+01	1.588225e+02
4.330000e-06	4.659537e-06	2.426786e-09	3.302389e+01	1.586522e+02
4.340000e-06	4.635494e-06	2.429281e-09	3.285349e+01	1.584858e+02
4.350000e-06	4.611073e-06	2.414687e-09	3.268041e+01	1.583238e+02
4.360000e-06	4.586344e-06	2.402909e-09	3.250515e+01	1.581667e+02
4.370000e-06	4.561295e-06	2.425015e-09	3.232761e+01	1.580149e+02
4.380000e-06	4.535872e-06	2.433742e-09	3.214743e+01	1.578684e+02
4.390000e-06	4.510176e-06	2.403519e-09	3.196532e+01	1.577273e+02
4.400000e-06	4.484215e-06	2.397958e-09	3.178132e+01	1.575914e+02
4.410000e-06	4.457889e-06	2.419790e-09	3.159474e+01	1.574604e+02
4.420000e-06	4.431243e-06	2.426012e-09	3.140589e+01	1.573339e+02
4.430000e-06	4.404330e-06	2.410029e-09	3.121515e+01	1.572112e+02
4.440000e-06	4.377076e-06	2.400388e-09	3.102199e+01	1.570917e+02
4.450000e-06	4.349540e-06	2.402539e-09	3.082683e+01	1.569746e+02
4.460000e-06	4.321796e-06	2.412171e-09	3.063020e+01	1.568591e+02
4.470000e-06	4.293908e-06	2.400636e-09	3.043254e+01	1.567443e+02
4.480000e-06	4.265858e-06	2.383583e-09	3.023374e+01	1.566293e+02
4.490000e-06	4.237575e-06	2.387188e-09	3.003329e+01	1.565130e+02
4.500000e-06	4.209037e-06	2.403556e-09	2.983103e+01	1.563945e+02
4.510000e-06	4.180032e-06	2.405245e-09	2.962546e+01	1.562729e+02
4.520000e-06	4.150463e-06	2.402321e-09	2.941589e+01	1.561473e+02
4.530000e-06	4.120358e-06	2.403459e-09	2.920253e+01	1.560167e+02
4.540000e-06	4.089802e-06	2.408816e-09	2.898596e+01	1.558803e+02
4.550000e-06	4.058849e-06	2.404553e-09	2.876659e+01	1.557375e+02
4.560000e-06	4.027509e-06	2.392209e-09	2.854447e+01	1.555876e+02
4.570000e-06	3.995953e-06	2.383622e-09	2.832083e+01	1.554300e+02
4.580000e-06	3.964224e-06	2.390606e-09	2.809595e+01	1.552643e+02
4.590000e-06	3.932279e-06	2.398010e-09	2.786954e+01	1.550901e+02
4.600000e-06	3.900122e-06	2.395413e-09	2.764164e+01	1.549074e+02
4.610000e-06	3.867696e-06	2.388024e-09	2.741182e+01	1.547160e+02
4.620000e-06	3.835098e-06	2.387384e-09	2.718078e+01	1.545158e+02
4.630000e-06	3.802205e-06	2.389911e-09	2.694766e+01	1.543072e+02
4.640000e-06	3.768977e-06	2.384309e-09	2.671216e+01	1.540902e+02
4.650000e-06	3.735647e-06	2.374173e-09	2.647594e+01	1.538654e+02
4.660000e-06	3.702097e-06	2.372440e-09	2.623815e+01	1.536330e+02
4.670000e-06	3.668159e-06	2.377202e-09	2.599763e+01	1.533938e+02
4.680000e-06	3.634036e-06	2.372247e-09	2.575578e+01	1.531482e+02
4.690000e-06	3.599785e-06	2.361883e-09	2.551303e+01	1.528969e+02
4.700000e-06	3.565196e-06	2.357259e-09	2.526789e+01	1.526406e+02
4.710000e-06	3.530263e-06	2.359784e-09	2.502031e+01	1.523800e+02
4.720000e-06	3.495092e-06	2.358909e-09	2.477103e+01	1.521160e+02
4.730000e-06	3.459710e-06	2.355185e-09	2.452027e+01	1.518491e+02
4.740000e-06	3.424167e-06	2.353774e-09	2.426836e+01	1.515802e+02
4.750000e-06	3.388503e-06	2.356719e-09	2.401560e+01	1.513098e+02
4.760000e-06	3.352661e-06	2.352570e-09	2.376157e+01	1.510386e+02
4.770000e-06	3.316682e-06	2.341488e-09	2.350657e+01	1.507672e+02
4.780000e-06	3.280573e-06	2.331050e-09	2.325066e+01	1.504961e+02
4.790000e-06	3.244234e-06	2.328541e-09	2.299311e+01	1.502256e+02
4.800000e-06	3.207619e-06	2.329191e-09	2.273360e+01	1.499561e+02
4.810000e-06	3.170686e-06	2.327305e-09	2.247184e+01	1.496877e+02
4.820000e-06	3.133424e-06	2.323909e-09	2.220775e+01	1.494206e+02
4.830000e-06	3.095756e-06	2.324027e-09	2.194079e+01	1.491548e+02
4.840000e-06	3.057682e-06	2.321098e-09	2.167095e+01	1.488901e+02
4.850000e-06	3.019235e-06	2.312514e-09	2.139845e+01	1.486264e+02
4.860000e-06	2.980438e-06	2.302120e-09	2.112348e+01	1.483633e+02
4.870000e-06	2.941330e-06	2.295189e-09	2.084632e+01	1.481005e+02
4.880000e-06	2.901944e-06	2.291573e-09	2.056717e+01	1.478374e+02
4.890000e-06	2.862437e-06	2.289591e-09	2.028717e+01	1.475735e+02
4.900000e-06	2.822756e-06	2.286378e-09	2.000593e+01	1.473081e+02
4.910000e-06	2.782901e-06	2.283678e-09	1.972347e+01	1.470406e+02
4.920000e-06	2.742929e-06	2.280964e-09	1.944017e+01	1.467701e+02
4.930000e-06	2.702852e-06	2.276329e-09	1.915613e+01	1.464959e+02
4.940000e-06	2.662694e-06	2.270256e-09	1.887152e+01	1.462173e+02
4.950000e-06	2.622449e-06	2.264997e-09	1.858628e+01	1.459334e+02
4.960000e-06	2.582122e-06	2.261372e-09	1.830047e+01	1.456434e+02
4.970000e-06	2.541554e-06	2.258191e-09	1.801295e+01	1.453466e+02
4.980000e-06	2.500653e-06	2.256444e-09	1.772307e+01	1.450423e+02
4.990000e-06	2.459654e-06	2.254674e-09	1.743249e+01	1.447297e+02
5.000000e-06	2.418522e-06	2.251493e-09	1.714097e+01	1.444082e+02
5.010000e-06	2.377109e-06	2.246237e-09	1.684747e+01	1.440773e+02
5.020000e-06	2.335615e-06	2.240949e-09	1.655339e+01	1.437363e+02
5.030000e-06	2.294042e-06	2.236793e-09	1.625874e+01	1.433849e+02
5.040000e-06	2.252242e-06	2.234453e-09	1.596248e+01	1.430227e+02
5.050000e-06	2.210227e-06	2.231885e-09	1.566471e+01	1.426493e+02
5.060000e-06	2.168035e-06	2.229094e-09	1.536568e+01	1.422645e+02
5.070000e-06	2.125703e-06	2.226039e-09	1.506566e+01	1.418681e+02
5.080000e-06	2.083245e-06	2.221732e-09	1.476474e+01	1.414600e+02
5.090000e-06	2.040684e-06	2.213585e-09	1.446309e+01	1.410400e+02
5.100000e-06	1.997995e-06	2.205733e-09	1.416054e+01	1.406083e+02
5.110000e-06	1.955156e-06	2.200254e-09	1.385693e+01	1.401646e+02
5.120000e-06	1.912164e-06	2.195468e-09	1.355223e+01	1.397092e+02
5.130000e-06	1.868995e-06	2.187230e-09	1.324627e+01	1.392419e+02
5.140000e-06	1.825715e-06	2.180103e-09	1.293953e+01	1.387628e+02
5.150000e-06	1.782278e-06	2.178575e-09	1.263168e+01	1.382719e+02
5.160000e-06	1.738748e-06	2.180283e-09	1.232316e+01	1.377693e+02
5.170000e-06	1.695196e-06	2.178724e-09	1.201450e+01	1.372548e+02
5.180000e-06	1.651506e-06	2.169359e-09	1.170484e+01	1.367284e+02
5.190000e-06	1.607659e-06	2.159622e-09	1.139409e+01	1.361898e+02
5.200000e-06	1.563783e-06	2.152774e-09	1.108312e+01	1.356390e+02
5.210000e-06	1.519923e-06	2.143913e-09	1.077226e+01	1.350756e+02
5.220000e-06	1.475983e-06	2.132691e-09	1.046084e+01	1.344994e+02
5.230000e-06	1.431948e-06	2.125300e-09	1.014876e+01	1.339098e+02
5.240000e-06	1.387882e-06	2.123173e-09	9.836439e+00	1.333064e+02
5.250000e-06	1.343782e-06	2.118545e-09	9.523886e+00	1.326886e+02
5.260000e-06	1.299616e-06	2.108387e-09	9.210867e+00	1.320558e+02
5.270000e-06	1.255393e-06	2.097814e-09	8.897446e+00	1.314074e+02
5.280000e-06	1.211176e-06	2.087531e-09	8.584057e+00	1.307424e+02
5.290000e-06	1.166903e-06	2.074000e-09	8.270279e+00	1.300601e+02
5.300000e-06	1.122525e-06	2.057417e-09	7.955758e+00	1.293597e+02
5.310000e-06	1.078118e-06	2.041673e-09	7.641025e+00	1.286403e+02
5.320000e-06	1.033580e-06	2.032728e-09	7.325371e+00	1.279008e+02
5.330000e-06	9.888722e-07	2.027127e-09	7.008509e+00	1.271403e+02
5.340000e-06	9.440966e-07	2.016628e-09	6.691168e+00	1.263579e+02
5.350000e-06	8.992260e-07	2.002621e-09	6.373153e+00	1.255525e+02
5.360000e-06	8.543281e-07	1.989366e-09	6.054945e+00	1.247233e+02
5.370000e-06	8.094228e-07	1.977921e-09	5.736684e+00	1.238691e+02
5.380000e-06	7.644423e-07	1.964039e-09	5.417891e+00	1.229890e+02
5.390000e-06	7.193547e-07	1.947633e-09	5.098337e+00	1.220820e+02
5.400000e-06	6.741495e-07	1.936637e-09	4.777952e+00	1.211472e+02
5.410000e-06	6.288968e-07	1.930288e-09	4.457228e+00	1.201836e+02
5.420000e-06	5.836637e-07	1.919646e-09	4.136645e+00	1.191903e+02
5.430000e-06	5.383677e-07	1.902794e-09	3.815614e+00	1.181663e+02
5.440000e-06	4.930252e-07	1.883719e-09	3.494255e+00	1.171106e+02
5.450000e-06	4.477257e-07	1.867547e-09	3.173200e+00	1.160222e+02
5.460000e-06	4.023169e-07	1.851323e-09	2.851372e+00	1.149001e+02
5.470000e-06	3.567675e-07	1.832133e-09	2.528546e+00	1.137433e+02
5.480000e-06	3.111584e-07	1.812802e-09	2.205296e+00	1.125505e+02
5.490000e-06	2.656087e-07	1.795674e-09	1.882469e+00	1.113205e+02
5.500000e-06	2.201375e-07	1.775772e-09	1.560197e+00	1.100520e+02
5.510000e-06	1.745918e-07	1.751178e-09	1.237397e+00	1.087435e+02
5.520000e-06	1.290112e-07	1.728046e-09	9.143509e-01	1.073935e+02
5.530000e-06	8.349752e-08	1.709382e-09	5.917783e-01	1.060003e+02
5.540000e-06	3.796950e-08	1.690200e-09	2.691042e-01	1.045619e+02
5.550000e-06	-7.596597e-09	1.662112e-09	-5.383994e-02	1.030763e+02
5.560000e-06	-5.311326e-08	1.628992e-09	-3.764336e-01	1.015413e+02
5.570000e-06	-9.864207e-08	1.599400e-09	-6.991135e-01	9.995446e+01
5.580000e-06	-1.442701e-07	1.572981e-09	-1.022496e+00	9.831328e+01
5.590000e-06	-1.899029e-07	1.544640e-09	-1.345913e+00	9.661497e+01
5.600000e-06	-2.354685e-07	1.510181e-09	-1.668854e+00	9.485663e+01
5.610000e-06	-2.809739e-07	1.474851e-09	-1.991368e+00	9.303521e+01
5.620000e-06	-3.264876e-07	1.442545e-09	-2.313940e+00	9.114751e+01
5.630000e-06	-3.719783e-07	1.412011e-09	-2.636350e+00	8.919025e+01
5.640000e-06	-4.174243e-07	1.381096e-09	-2.958443e+00	8.716007e+01
5.650000e-06	-4.627880e-07	1.351095e-09	-3.279953e+00	8.505356e+01
5.660000e-06	-5.080029e-07	1.321780e-09	-3.600408e+00	8.286733e+01
5.670000e-06	-5.531989e-07	1.286307e-09	-3.920729e+00	8.059802e+01
5.680000e-06	-5.983532e-07	1.242638e-09	-4.240754e+00	7.824237e+01
5.690000e-06	-6.434366e-07	1.195211e-09	-4.560278e+00	7.579726e+01
5.700000e-06	-6.884698e-07	1.149780e-09	-4.879444e+00	7.325977e+01
5.710000e-06	-7.334780e-07	1.108407e-09	-5.198434e+00	7.062724e+01
5.720000e-06	-7.784193e-07	1.069562e-09	-5.516951e+00	6.789730e+01
5.730000e-06	-8.232495e-07	1.031483e-09	-5.834679e+00	6.506797e+01
5.740000e-06	-8.680067e-07	9.927969e-10	-6.151890e+00	6.213768e+01
5.750000e-06	-9.126925e-07	9.494998e-10	-6.468595e+00	5.910534e+01
5.760000e-06	-9.573236e-07	8.973909e-10	-6.784913e+00	5.597038e+01
5.770000e-06	-1.001838e-06	8.399694e-10	-7.100405e+00	5.273280e+01
5.780000e-06	-1.046242e-06	7.850018e-10	-7.415112e+00	4.939324e+01
5.790000e-06	-1.090617e-06	7.330424e-10	-7.729613e+00	4.595296e+01
5.800000e-06	-1.134948e-06	6.810921e-10	-8.043806e+00	4.241392e+01
5.810000e-06	-1.179162e-06	6.291627e-10	-8.357164e+00	3.877877e+01
5.820000e-06	-1.223322e-06	5.787509e-10	-8.670147e+00	3.505088e+01
5.830000e-06	-1.267449e-06	5.280931e-10	-8.982887e+00	3.123434e+01
5.840000e-06	-1.311496e-06	4.737955e-10	-9.295066e+00	2.733395e+01
5.850000e-06	-1.355516e-06	4.098757e-10	-9.607054e+00	2.335523e+01
5.860000e-06	-1.399559e-06	3.385954e-10	-9.919199e+00	1.930436e+01
5.870000e-06	-1.443571e-06	2.687164e-10	-1.023113e+01	1.518818e+01
5.880000e-06	-1.487516e-06	2.032755e-10	-1.054258e+01	1.101413e+01
5.890000e-06	-1.531421e-06	1.411104e-10	-1.085375e+01	6.790209e+00
5.900000e-06	-1.575274e-06	7.986988e-11	-1.116456e+01	2.524911e+00
5.910000e-06	-1.619058e-06	1.693762e-11	-1.147487e+01	-1.772838e+00
5.920000e-06	-1.662795e-06	-4.938788e-11	-1.178486e+01	-6.093755e+00
5.930000e-06	-1.706548e-06	-1.198896e-10	-1.209495e+01	-1.042828e+01
5.940000e-06	-1.750180e-06	-1.929103e-10	-1.240419e+01	-1.476665e+01
5.950000e-06	-1.793692e-06	-2.677388e-10	-1.271257e+01	-1.909899e+01
5.960000e-06	-1.837104e-06	-3.409395e-10	-1.302025e+01	-2.341544e+01
5.970000e-06	-1.880270e-06	-4.074231e-10	-1.332618e+01	-2.770616e+01
5.980000e-06	-1.923270e-06	-4.681387e-10	-1.363094e+01	-3.196151e+01
5.990000e-06	-1.966135e-06	-5.249929e-10	-1.393474e+01	-3.617209e+01
6.000000e-06	-2.008905e-06	-5.828811e-10	-1.423786e+01	-4.032884e+01
6.010000e-06	-2.051516e-06	-6.431367e-10	-1.453987e+01	-4.442311e+01
6.020000e-06	-2.093901e-06	-7.072695e-10	-1.484026e+01	-4.844674e+01
6.030000e-06	-2.136150e-06	-7.777675e-10	-1.513970e+01	-5.239217e+01
6.040000e-06	-2.178266e-06	-8.519160e-10	-1.543819e+01	-5.625243e+01
6.050000e-06	-2.220234e-06	-9.182417e-10	-1.573564e+01	-6.002125e+01
6.060000e-06	-2.262045e-06	-9.710962e-10	-1.603196e+01	-6.369308e+01
6.070000e-06	-2.303732e-06	-1.014328e-09	-1.632742e+01	-6.726314e+01
6.080000e-06	-2.345269e-06	-1.055785e-09	-1.662181e+01	-7.072742e+01
6.090000e-06	-2.386595e-06	-1.103775e-09	-1.691470e+01	-7.408273e+01
6.100000e-06	-2.427776e-06	-1.156791e-09	-1.720656e+01	-7.732668e+01
6.110000e-06	-2.468815e-06	-1.214853e-09	-1.749742e+01	-8.045767e+01
6.120000e-06	-2.509574e-06	-1.275966e-09	-1.778630e+01	-8.347488e+01
6.130000e-06	-2.550034e-06	-1.334037e-09	-1.807305e+01	-8.637827e+01
6.140000e-06	-2.590380e-06	-1.381648e-09	-1.835900e+01	-8.916849e+01
6.150000e-06	-2.630614e-06	-1.417784e-09	-1.864415e+01	-9.184687e+01
6.160000e-06	-2.670671e-06	-1.448479e-09	-1.892805e+01	-9.441538e+01
6.170000e-06	-2.710658e-06	-1.480939e-09	-1.921145e+01	-9.687654e+01
6.180000e-06	-2.750577e-06	-1.516860e-09	-1.949437e+01	-9.923336e+01
6.190000e-06	-2.790439e-06	-1.556699e-09	-1.977689e+01	-1.014893e+02
6.200000e-06	-2.830217e-06	-1.600803e-09	-2.005881e+01	-1.036482e+02
6.210000e-06	-2.869813e-06	-1.647495e-09	-2.033945e+01	-1.057142e+02
6.220000e-06	-2.909155e-06	-1.692476e-09	-2.061828e+01	-1.076916e+02
6.230000e-06	-2.948356e-06	-1.728494e-09	-2.089611e+01	-1.095848e+02
6.240000e-06	-2.987313e-06	-1.753396e-09	-2.117221e+01	-1.113984e+02
6.250000e-06	-3.025765e-06	-1.774894e-09	-2.144474e+01	-1.131370e+02
6.260000e-06	-3.063819e-06	-1.799934e-09	-2.171444e+01	-1.148050e+02
6.270000e-06	-3.101439e-06	-1.826016e-09	-2.198107e+01	-1.164068e+02
6.280000e-06	-3.138710e-06	-1.850989e-09	-2.224522e+01	-1.179466e+02
6.290000e-06	-3.175767e-06	-1.876121e-09	-2.250785e+01	-1.194285e+02
6.300000e-06	-3.212431e-06	-1.903394e-09	-2.276771e+01	-1.208560e+02
6.310000e-06	-3.248810e-06	-1.931960e-09	-2.302554e+01	-1.222328e+02
6.320000e-06	-3.285082e-06	-1.954427e-09	-2.328261e+01	-1.235618e+02
6.330000e-06	-3.321174e-06	-1.970138e-09	-2.353841e+01	-1.248460e+02
6.340000e-06	-3.357059e-06	-1.989067e-09	-2.379274e+01	-1.260877e+02
6.350000e-06	-3.392832e-06	-2.012235e-09	-2.404627e+01	-1.272892e+02
6.360000e-06	-3.428459e-06	-2.031172e-09	-2.429878e+01	-1.284523e+02
6.370000e-06	-3.463797e-06	-2.044708e-09	-2.454923e+01	-1.295783e+02
6.380000e-06	-3.498939e-06	-2.059941e-09	-2.479830e+01	-1.306686e+02
6.390000e-06	-3.533858e-06	-2.078948e-09	-2.504578e+01	-1.317241e+02
6.400000e-06	-3.568433e-06	-2.097089e-09	-2.529083e+01	-1.327455e+02
6.410000e-06	-3.602776e-06	-2.113121e-09	-2.553423e+01	-1.337331e+02
6.420000e-06	-3.636969e-06	-2.129963e-09	-2.577657e+01	-1.346874e+02
6.430000e-06	-3.670970e-06	-2.148529e-09	-2.601755e+01	-1.356084e+02
6.440000e-06	-3.704627e-06	-2.165025e-09	-2.625609e+01	-1.364964e+02
6.450000e-06	-3.737978e-06	-2.172509e-09	-2.649245e+01	-1.373511e+02
6.460000e-06	-3.771072e-06	-2.176188e-09	-2.672701e+01	-1.381727e+02
6.470000e-06	-3.803852e-06	-2.183699e-09	-2.695933e+01	-1.389611e+02
6.480000e-06	-3.836383e-06	-2.196010e-09	-2.718989e+01	-1.397164e+02
6.490000e-06	-3.868662e-06	-2.210057e-09	-2.741867e+01	-1.404386e+02
6.500000e-06	-3.900699e-06	-2.223450e-09	-2.764572e+01	-1.411280e+02
6.510000e-06	-3.932640e-06	-2.236615e-09	-2.787210e+01	-1.417848e+02
6.520000e-06	-3.964490e-06	-2.245990e-09	-2.809783e+01	-1.424096e+02
6.530000e-06	-3.996134e-06	-2.250579e-09	-2.832211e+01	-1.430030e+02
6.540000e-06	-4.027429e-06	-2.252875e-09	-2.854391e+01	-1.435657e+02
6.550000e-06	-4.058306e-06	-2.256005e-09	-2.876274e+01	-1.440986e+02
6.560000e-06	-4.088687e-06	-2.263803e-09	-2.897806e+01	-1.446028e+02
6.570000e-06	-4.118556e-06	-2.276092e-09	-2.918975e+01	-1.450796e+02
6.580000e-06	-4.148034e-06	-2.286417e-09	-2.939868e+01	-1.455303e+02
6.590000e-06	-4.177094e-06	-2.294234e-09	-2.960464e+01	-1.459563e+02
6.600000e-06	-4.205708e-06	-2.302169e-09	-2.980744e+01	-1.463593e+02
6.610000e-06	-4.234021e-06	-2.306696e-09	-3.000810e+01	-1.467408e+02
6.620000e-06	-4.262171e-06	-2.309333e-09	-3.020761e+01	-1.471026e+02
6.630000e-06	-4.290138e-06	-2.312926e-09	-3.040582e+01	-1.474464e+02
6.640000e-06	-4.317919e-06	-2.318411e-09	-3.060271e+01	-1.477739e+02
6.650000e-06	-4.345497e-06	-2.326294e-09	-3.079817e+01	-1.480868e+02
6.660000e-06	-4.372771e-06	-2.334053e-09	-3.099147e+01	-1.483867e+02
6.670000e-06	-4.399710e-06	-2.339811e-09	-3.118240e+01	-1.486752e+02
6.680000e-06	-4.426295e-06	-2.343736e-09	-3.137082e+01	-1.489537e+02
6.690000e-06	-4.452561e-06	-2.346622e-09	-3.155697e+01	-1.492235e+02
6.700000e-06	-4.478521e-06	-2.348336e-09	-3.174097e+01	-1.494859e+02
6.710000e-06	-4.504151e-06	-2.350193e-09	-3.192262e+01	-1.497419e+02
6.720000e-06	-4.529504e-06	-2.354150e-09	-3.210230e+01	-1.499923e+02
6.730000e-06	-4.554513e-06	-2.360150e-09	-3.227955e+01	-1.502378e+02
6.740000e-06	-4.579169e-06	-2.366793e-09	-3.245430e+01	-1.504791e+02
6.750000e-06	-4.603551e-06	-2.374220e-09	-3.262710e+01	-1.507163e+02
6.760000e-06	-4.627682e-06	-2.380432e-09	-3.279813e+01	-1.509498e+02
6.770000e-06	-4.651639e-06	-2.380217e-09	-3.296791e+01	-1.511794e+02
6.780000e-06	-4.675382e-06	-2.376915e-09	-3.313619e+01	-1.514053e+02
6.790000e-06	-4.698834e-06	-2.374239e-09	-3.330240e+01	-1.516269e+02
6.800000e-06	-4.721995e-06	-2.374883e-09	-3.346656e+01	-1.518441e+02
6.810000e-06	-4.744800e-06	-2.380657e-09	-3.362818e+01	-1.520563e+02
6.820000e-06	-4.767150e-06	-2.387861e-09	-3.378659e+01	-1.522631e+02
6.830000e-06	-4.788867e-06	-2.398045e-09	-3.394050e+01	-1.524638e+02
6.840000e-06	-4.809905e-06	-2.406997e-09	-3.408961e+01	-1.526578e+02
6.850000e-06	-4.830408e-06	-2.408989e-09	-3.423492e+01	-1.528446e+02
6.860000e-06	-4.850590e-06	-2.403454e-09	-3.437796e+01	-1.530236e+02
6.870000e-06	-4.870627e-06	-2.396203e-09	-3.451997e+01	-1.531943e+02
6.880000e-06	-4.890512e-06	-2.393050e-09	-3.466090e+01	-1.533561e+02
6.890000e-06	-4.910135e-06	-2.395415e-09	-3.479998e+01	-1.535087e+02
6.900000e-06	-4.929429e-06	-2.402837e-09	-3.493672e+01	-1.536518e+02
6.910000e-06	-4.948400e-06	-2.414055e-09	-3.507117e+01	-1.537853e+02
6.920000e-06	-4.967030e-06	-2.424243e-09	-3.520321e+01	-1.539090e+02
6.930000e-06	-4.985325e-06	-2.427914e-09	-3.533287e+01	-1.540231e+02
6.940000e-06	-5.003320e-06	-2.424338e-09	-3.546041e+01	-1.541276e+02
6.950000e-06	-5.021013e-06	-2.416052e-09	-3.558581e+01	-1.542230e+02
6.960000e-06	-5.038312e-06	-2.411338e-09	-3.570841e+01	-1.543097e+02
6.970000e-06	-5.055229e-06	-2.413470e-09	-3.582831e+01	-1.543882e+02
6.980000e-06	-5.071794e-06	-2.416902e-09	-3.594572e+01	-1.544591e+02
6.990000e-06	-5.088041e-06	-2.421940e-09	-3.606086e+01	-1.545233e+02
7.000000e-06	-5.104097e-06	-2.431395e-09	-3.617466e+01	-1.545814e+02
7.010000e-06	-5.119920e-06	-2.441007e-09	-3.628680e+01	-1.546344e+02
7.020000e-06	-5.135419e-06	-2.443038e-09	-3.639665e+01	-1.546831e+02
7.030000e-06	-5.150495e-06	-2.437768e-09	-3.650350e+01	-1.547285e+02
7.040000e-06	-5.164835e-06	-2.432201e-09	-3.660513e+01	-1.547714e+02
7.050000e-06	-5.178550e-06	-2.429255e-09	-3.670233e+01	-1.548128e+02
7.060000e-06	-5.191770e-06	-2.427233e-09	-3.679603e+01	-1.548534e+02
7.070000e-06	-5.204446e-06	-2.423377e-09	-3.688587e+01	-1.548940e+02
7.080000e-06	-5.216778e-06	-2.421884e-09	-3.697327e+01	-1.549352e+02
7.090000e-06	-5.228773e-06	-2.426072e-09	-3.705828e+01	-1.549777e+02
7.100000e-06	-5.240376e-06	-2.429709e-09	-3.714052e+01	-1.550218e+02
7.110000e-06	-5.251571e-06	-2.428102e-09	-3.721986e+01	-1.550680e+02
7.120000e-06	-5.262389e-06	-2.422731e-09	-3.729653e+01	-1.551164e+02
7.130000e-06	-5.272905e-06	-2.420441e-09	-3.737106e+01	-1.551671e+02
7.140000e-06	-5.283108e-06	-2.423805e-09	-3.744337e+01	-1.552200e+02
7.150000e-06	-5.292970e-06	-2.425718e-09	-3.751327e+01	-1.552749e+02
7.160000e-06	-5.302490e-06	-2.422158e-09	-3.758074e+01	-1.553315e+02
7.170000e-06	-5.311583e-06	-2.417400e-09	-3.764519e+01	-1.553894e+02
7.180000e-06	-5.320214e-06	-2.415492e-09	-3.770636e+01	-1.554480e+02
7.190000e-06	-5.328505e-06	-2.414915e-09	-3.776512e+01	-1.555067e+02
7.200000e-06	-5.336553e-06	-2.413560e-09	-3.782216e+01	-1.555648e+02
7.210000e-06	-5.344406e-06	-2.409626e-09	-3.787782e+01	-1.556215e+02
7.220000e-06	-5.352031e-06	-2.408837e-09	-3.793186e+01	-1.556761e+02
7.230000e-06	-5.359326e-06	-2.411964e-09	-3.798356e+01	-1.557278e+02
7.240000e-06	-5.366139e-06	-2.414155e-09	-3.803185e+01	-1.557758e+02
7.250000e-06	-5.372396e-06	-2.413206e-09	-3.807619e+01	-1.558194e+02
7.260000e-06	-5.378009e-06	-2.411851e-09	-3.811597e+01	-1.558578e+02
7.270000e-06	-5.382992e-06	-2.411244e-09	-3.815129e+01	-1.558906e+02
7.280000e-06	-5.387533e-06	-2.409558e-09	-3.818347e+01	-1.559172e+02
7.290000e-06	-5.391737e-06	-2.406512e-09	-3.821327e+01	-1.559372e+02
7.300000e-06	-5.395732e-06	-2.406137e-09	-3.824158e+01	-1.559504e+02
7.310000e-06	-5.399534e-06	-2.410569e-09	-3.826853e+01	-1.559568e+02
7.320000e-06	-5.402992e-06	-2.415763e-09	-3.829304e+01	-1.559564e+02
7.330000e-06	-5.405939e-06	-2.417258e-09	-3.831392e+01	-1.559493e+02
7.340000e-06	-5.408508e-06	-2.414583e-09	-3.833213e+01	-1.559362e+02
7.350000e-06	-5.410794e-06	-2.408031e-09	-3.834833e+01	-1.559174e+02
7.360000e-06	-5.412709e-06	-2.399760e-09	-3.836191e+01	-1.558937e+02
7.370000e-06	-5.414349e-06	-2.394129e-09	-3.837353e+01	-1.558661e+02
7.380000e-06	-5.415622e-06	-2.391952e-09	-3.838255e+01	-1.558356e+02
7.390000e-06	-5.416391e-06	-2.396506e-09	-3.838800e+01	-1.558032e+02
7.400000e-06	-5.416798e-06	-2.404878e-09	-3.839089e+01	-1.557703e+02
