# Temperatura_=_19.81
# Concentracion g/m^3_=_4090.0
# C_Vs_to_Am_M_A/Vsm_=_65563218390.804596
# pendiente_HvsI_1/m_=_3716.3
# ordenada_HvsI_A/m_=_1297.0
# frecuencia_Hz_=_135073.44420070772

Tiempo_(s)	Campo_(V.s)	Magnetizacion_(V.s)	Campo_(kA/m)	Magnetizacion_(A/m)
0.000000e+00	-5.416293e-06	-2.712076e-09	-3.839409e+01	-1.747603e+02
1.000000e-08	-5.416388e-06	-2.718043e-09	-3.839477e+01	-1.747320e+02
2.000000e-08	-5.416241e-06	-2.718520e-09	-3.839373e+01	-1.747037e+02
3.000000e-08	-5.415850e-06	-2.713506e-09	-3.839095e+01	-1.746761e+02
4.000000e-08	-5.415135e-06	-2.710175e-09	-3.838588e+01	-1.746500e+02
5.000000e-08	-5.413904e-06	-2.713347e-09	-3.837716e+01	-1.746263e+02
6.000000e-08	-5.411915e-06	-2.732749e-09	-3.836306e+01	-1.746057e+02
7.000000e-08	-5.409181e-06	-2.736062e-09	-3.834368e+01	-1.745891e+02
8.000000e-08	-5.405832e-06	-2.667902e-09	-3.831993e+01	-1.745770e+02
9.000000e-08	-5.402018e-06	-2.620838e-09	-3.829290e+01	-1.745702e+02
1.000000e-07	-5.397814e-06	-2.748495e-09	-3.826310e+01	-1.745692e+02
1.100000e-07	-5.393284e-06	-2.802317e-09	-3.823099e+01	-1.745744e+02
1.200000e-07	-5.388593e-06	-2.665929e-09	-3.819774e+01	-1.745862e+02
1.300000e-07	-5.383769e-06	-2.570970e-09	-3.816354e+01	-1.746047e+02
1.400000e-07	-5.378619e-06	-2.730597e-09	-3.812703e+01	-1.746301e+02
1.500000e-07	-5.372986e-06	-2.840387e-09	-3.808711e+01	-1.746623e+02
1.600000e-07	-5.366935e-06	-2.641723e-09	-3.804421e+01	-1.747011e+02
1.700000e-07	-5.360458e-06	-2.525768e-09	-3.799830e+01	-1.747462e+02
1.800000e-07	-5.353554e-06	-2.713948e-09	-3.794936e+01	-1.747971e+02
1.900000e-07	-5.346291e-06	-2.808125e-09	-3.789787e+01	-1.748533e+02
2.000000e-07	-5.338729e-06	-2.634901e-09	-3.784427e+01	-1.749140e+02
2.100000e-07	-5.331034e-06	-2.596704e-09	-3.778972e+01	-1.749785e+02
2.200000e-07	-5.323185e-06	-2.777910e-09	-3.773409e+01	-1.750457e+02
2.300000e-07	-5.314997e-06	-2.768303e-09	-3.767604e+01	-1.751146e+02
2.400000e-07	-5.306373e-06	-2.616516e-09	-3.761491e+01	-1.751843e+02
2.500000e-07	-5.297265e-06	-2.682565e-09	-3.755034e+01	-1.752535e+02
2.600000e-07	-5.287412e-06	-2.804295e-09	-3.748050e+01	-1.753210e+02
2.700000e-07	-5.276760e-06	-2.692128e-09	-3.740500e+01	-1.753857e+02
2.800000e-07	-5.265686e-06	-2.607868e-09	-3.732650e+01	-1.754464e+02
2.900000e-07	-5.254338e-06	-2.751727e-09	-3.724606e+01	-1.755018e+02
3.000000e-07	-5.242540e-06	-2.775683e-09	-3.716242e+01	-1.755509e+02
3.100000e-07	-5.230283e-06	-2.623093e-09	-3.707554e+01	-1.755924e+02
3.200000e-07	-5.217665e-06	-2.634954e-09	-3.698609e+01	-1.756254e+02
3.300000e-07	-5.204638e-06	-2.766553e-09	-3.689375e+01	-1.756489e+02
3.400000e-07	-5.191226e-06	-2.703889e-09	-3.679867e+01	-1.756620e+02
3.500000e-07	-5.177490e-06	-2.632940e-09	-3.670131e+01	-1.756640e+02
3.600000e-07	-5.163425e-06	-2.690935e-09	-3.660160e+01	-1.756542e+02
3.700000e-07	-5.148922e-06	-2.708229e-09	-3.649880e+01	-1.756321e+02
3.800000e-07	-5.133893e-06	-2.648533e-09	-3.639226e+01	-1.755973e+02
3.900000e-07	-5.118327e-06	-2.680882e-09	-3.628192e+01	-1.755494e+02
4.000000e-07	-5.102080e-06	-2.688186e-09	-3.616675e+01	-1.754884e+02
4.100000e-07	-5.085302e-06	-2.629391e-09	-3.604782e+01	-1.754142e+02
4.200000e-07	-5.068262e-06	-2.656785e-09	-3.592703e+01	-1.753268e+02
4.300000e-07	-5.050967e-06	-2.712084e-09	-3.580443e+01	-1.752265e+02
4.400000e-07	-5.033382e-06	-2.648945e-09	-3.567978e+01	-1.751135e+02
4.500000e-07	-5.015512e-06	-2.605555e-09	-3.555310e+01	-1.749882e+02
4.600000e-07	-4.997374e-06	-2.658229e-09	-3.542453e+01	-1.748510e+02
4.700000e-07	-4.978843e-06	-2.667385e-09	-3.529317e+01	-1.747025e+02
4.800000e-07	-4.959897e-06	-2.625272e-09	-3.515887e+01	-1.745434e+02
4.900000e-07	-4.940527e-06	-2.621918e-09	-3.502156e+01	-1.743741e+02
5.000000e-07	-4.920787e-06	-2.638252e-09	-3.488163e+01	-1.741954e+02
5.100000e-07	-4.900919e-06	-2.646849e-09	-3.474080e+01	-1.740080e+02
5.200000e-07	-4.880929e-06	-2.650959e-09	-3.459909e+01	-1.738125e+02
5.300000e-07	-4.860709e-06	-2.616077e-09	-3.445576e+01	-1.736098e+02
5.400000e-07	-4.840085e-06	-2.597784e-09	-3.430956e+01	-1.734003e+02
5.500000e-07	-4.819016e-06	-2.631635e-09	-3.416022e+01	-1.731848e+02
5.600000e-07	-4.797623e-06	-2.639890e-09	-3.400857e+01	-1.729640e+02
5.700000e-07	-4.775903e-06	-2.599110e-09	-3.385460e+01	-1.727383e+02
5.800000e-07	-4.753926e-06	-2.596666e-09	-3.369882e+01	-1.725084e+02
5.900000e-07	-4.731686e-06	-2.616035e-09	-3.354117e+01	-1.722747e+02
6.000000e-07	-4.709094e-06	-2.618097e-09	-3.338102e+01	-1.720377e+02
6.100000e-07	-4.686018e-06	-2.605393e-09	-3.321745e+01	-1.717977e+02
6.200000e-07	-4.662484e-06	-2.586991e-09	-3.305062e+01	-1.715552e+02
6.300000e-07	-4.638756e-06	-2.574363e-09	-3.288242e+01	-1.713103e+02
6.400000e-07	-4.614944e-06	-2.594860e-09	-3.271362e+01	-1.710632e+02
6.500000e-07	-4.590964e-06	-2.597617e-09	-3.254364e+01	-1.708142e+02
6.600000e-07	-4.566702e-06	-2.567719e-09	-3.237165e+01	-1.705634e+02
6.700000e-07	-4.542083e-06	-2.559225e-09	-3.219714e+01	-1.703108e+02
6.800000e-07	-4.517089e-06	-2.578468e-09	-3.201997e+01	-1.700565e+02
6.900000e-07	-4.491558e-06	-2.571616e-09	-3.183899e+01	-1.698004e+02
7.000000e-07	-4.465376e-06	-2.546222e-09	-3.165339e+01	-1.695426e+02
7.100000e-07	-4.438698e-06	-2.533826e-09	-3.146428e+01	-1.692830e+02
7.200000e-07	-4.411664e-06	-2.542665e-09	-3.127265e+01	-1.690214e+02
7.300000e-07	-4.384294e-06	-2.552051e-09	-3.107863e+01	-1.687577e+02
7.400000e-07	-4.356630e-06	-2.542448e-09	-3.088254e+01	-1.684919e+02
7.500000e-07	-4.328720e-06	-2.519721e-09	-3.068469e+01	-1.682237e+02
7.600000e-07	-4.300622e-06	-2.517573e-09	-3.048552e+01	-1.679529e+02
7.700000e-07	-4.272359e-06	-2.525543e-09	-3.028517e+01	-1.676795e+02
7.800000e-07	-4.243853e-06	-2.513986e-09	-3.008310e+01	-1.674032e+02
7.900000e-07	-4.215058e-06	-2.496686e-09	-2.987898e+01	-1.671237e+02
8.000000e-07	-4.185954e-06	-2.496488e-09	-2.967268e+01	-1.668409e+02
8.100000e-07	-4.156558e-06	-2.505567e-09	-2.946430e+01	-1.665545e+02
8.200000e-07	-4.126843e-06	-2.503526e-09	-2.925366e+01	-1.662644e+02
8.300000e-07	-4.096830e-06	-2.489456e-09	-2.904091e+01	-1.659701e+02
8.400000e-07	-4.066568e-06	-2.477536e-09	-2.882639e+01	-1.656716e+02
8.500000e-07	-4.036050e-06	-2.478919e-09	-2.861006e+01	-1.653685e+02
8.600000e-07	-4.005303e-06	-2.473325e-09	-2.839210e+01	-1.650605e+02
8.700000e-07	-3.974286e-06	-2.456483e-09	-2.817224e+01	-1.647475e+02
8.800000e-07	-3.942944e-06	-2.443643e-09	-2.795006e+01	-1.644290e+02
8.900000e-07	-3.911307e-06	-2.447700e-09	-2.772580e+01	-1.641048e+02
9.000000e-07	-3.879430e-06	-2.451669e-09	-2.749984e+01	-1.637747e+02
9.100000e-07	-3.847438e-06	-2.444314e-09	-2.727306e+01	-1.634383e+02
9.200000e-07	-3.815337e-06	-2.433079e-09	-2.704551e+01	-1.630954e+02
9.300000e-07	-3.783045e-06	-2.432522e-09	-2.681660e+01	-1.627457e+02
9.400000e-07	-3.750459e-06	-2.432903e-09	-2.658561e+01	-1.623890e+02
9.500000e-07	-3.717467e-06	-2.422857e-09	-2.635174e+01	-1.620250e+02
9.600000e-07	-3.684018e-06	-2.404708e-09	-2.611464e+01	-1.616535e+02
9.700000e-07	-3.650057e-06	-2.397119e-09	-2.587390e+01	-1.612745e+02
9.800000e-07	-3.615731e-06	-2.399112e-09	-2.563057e+01	-1.608876e+02
9.900000e-07	-3.581008e-06	-2.398370e-09	-2.538444e+01	-1.604929e+02
1.000000e-06	-3.545878e-06	-2.391146e-09	-2.513541e+01	-1.600902e+02
1.010000e-06	-3.510535e-06	-2.387945e-09	-2.488488e+01	-1.596797e+02
1.020000e-06	-3.474964e-06	-2.386278e-09	-2.463273e+01	-1.592612e+02
1.030000e-06	-3.439209e-06	-2.377389e-09	-2.437927e+01	-1.588349e+02
1.040000e-06	-3.403287e-06	-2.361533e-09	-2.412464e+01	-1.584009e+02
1.050000e-06	-3.367207e-06	-2.347552e-09	-2.386888e+01	-1.579595e+02
1.060000e-06	-3.331006e-06	-2.340004e-09	-2.361227e+01	-1.575109e+02
1.070000e-06	-3.294585e-06	-2.335608e-09	-2.335409e+01	-1.570552e+02
1.080000e-06	-3.257920e-06	-2.326498e-09	-2.309418e+01	-1.565930e+02
1.090000e-06	-3.221128e-06	-2.317171e-09	-2.283338e+01	-1.561245e+02
1.100000e-06	-3.184120e-06	-2.313404e-09	-2.257105e+01	-1.556501e+02
1.110000e-06	-3.146774e-06	-2.307141e-09	-2.230631e+01	-1.551702e+02
1.120000e-06	-3.109176e-06	-2.295313e-09	-2.203980e+01	-1.546853e+02
1.130000e-06	-3.071442e-06	-2.283971e-09	-2.177232e+01	-1.541957e+02
1.140000e-06	-3.033534e-06	-2.279503e-09	-2.150360e+01	-1.537019e+02
1.150000e-06	-2.995401e-06	-2.276732e-09	-2.123328e+01	-1.532042e+02
1.160000e-06	-2.957031e-06	-2.271484e-09	-2.096130e+01	-1.527030e+02
1.170000e-06	-2.918475e-06	-2.259826e-09	-2.068799e+01	-1.521985e+02
1.180000e-06	-2.879720e-06	-2.246793e-09	-2.041327e+01	-1.516911e+02
1.190000e-06	-2.840671e-06	-2.234529e-09	-2.013647e+01	-1.511808e+02
1.200000e-06	-2.801430e-06	-2.223574e-09	-1.985830e+01	-1.506678e+02
1.210000e-06	-2.762002e-06	-2.213189e-09	-1.957881e+01	-1.501520e+02
1.220000e-06	-2.722387e-06	-2.206805e-09	-1.929799e+01	-1.496334e+02
1.230000e-06	-2.682630e-06	-2.203204e-09	-1.901617e+01	-1.491116e+02
1.240000e-06	-2.642773e-06	-2.198228e-09	-1.873364e+01	-1.485864e+02
1.250000e-06	-2.602829e-06	-2.187802e-09	-1.845049e+01	-1.480574e+02
1.260000e-06	-2.562771e-06	-2.175628e-09	-1.816653e+01	-1.475239e+02
1.270000e-06	-2.522657e-06	-2.163425e-09	-1.788218e+01	-1.469854e+02
1.280000e-06	-2.482483e-06	-2.152446e-09	-1.759740e+01	-1.464410e+02
1.290000e-06	-2.442136e-06	-2.141858e-09	-1.731140e+01	-1.458899e+02
1.300000e-06	-2.401553e-06	-2.133065e-09	-1.702372e+01	-1.453311e+02
1.310000e-06	-2.360757e-06	-2.127876e-09	-1.673453e+01	-1.447636e+02
1.320000e-06	-2.319674e-06	-2.123636e-09	-1.644331e+01	-1.441862e+02
1.330000e-06	-2.278282e-06	-2.114047e-09	-1.614990e+01	-1.435979e+02
1.340000e-06	-2.236588e-06	-2.101809e-09	-1.585434e+01	-1.429973e+02
1.350000e-06	-2.194630e-06	-2.091149e-09	-1.555692e+01	-1.423833e+02
1.360000e-06	-2.152436e-06	-2.080754e-09	-1.525782e+01	-1.417547e+02
1.370000e-06	-2.109937e-06	-2.069789e-09	-1.495656e+01	-1.411101e+02
1.380000e-06	-2.067249e-06	-2.056352e-09	-1.465396e+01	-1.404484e+02
1.390000e-06	-2.024435e-06	-2.042402e-09	-1.435047e+01	-1.397685e+02
1.400000e-06	-1.981381e-06	-2.031212e-09	-1.404527e+01	-1.390692e+02
1.410000e-06	-1.938069e-06	-2.021389e-09	-1.373826e+01	-1.383495e+02
1.420000e-06	-1.894641e-06	-2.008487e-09	-1.343041e+01	-1.376086e+02
1.430000e-06	-1.851148e-06	-1.993566e-09	-1.312210e+01	-1.368455e+02
1.440000e-06	-1.807506e-06	-1.979538e-09	-1.281274e+01	-1.360596e+02
1.450000e-06	-1.763712e-06	-1.969299e-09	-1.250230e+01	-1.352501e+02
1.460000e-06	-1.719845e-06	-1.958334e-09	-1.219134e+01	-1.344167e+02
1.470000e-06	-1.675904e-06	-1.944310e-09	-1.187986e+01	-1.335588e+02
1.480000e-06	-1.631914e-06	-1.929459e-09	-1.156803e+01	-1.326762e+02
1.490000e-06	-1.587906e-06	-1.915998e-09	-1.125608e+01	-1.317687e+02
1.500000e-06	-1.543758e-06	-1.900586e-09	-1.094313e+01	-1.308362e+02
1.510000e-06	-1.499483e-06	-1.882228e-09	-1.062928e+01	-1.298787e+02
1.520000e-06	-1.455180e-06	-1.863510e-09	-1.031523e+01	-1.288961e+02
1.530000e-06	-1.410840e-06	-1.849798e-09	-1.000092e+01	-1.278886e+02
1.540000e-06	-1.366454e-06	-1.839793e-09	-9.686286e+00	-1.268562e+02
1.550000e-06	-1.321959e-06	-1.826783e-09	-9.370874e+00	-1.257990e+02
1.560000e-06	-1.277297e-06	-1.809769e-09	-9.054285e+00	-1.247171e+02
1.570000e-06	-1.232491e-06	-1.793317e-09	-8.736670e+00	-1.236105e+02
1.580000e-06	-1.187631e-06	-1.777118e-09	-8.418673e+00	-1.224792e+02
1.590000e-06	-1.142809e-06	-1.758711e-09	-8.100946e+00	-1.213230e+02
1.600000e-06	-1.097862e-06	-1.736565e-09	-7.782338e+00	-1.201417e+02
1.610000e-06	-1.052753e-06	-1.714925e-09	-7.462573e+00	-1.189350e+02
1.620000e-06	-1.007597e-06	-1.697742e-09	-7.142478e+00	-1.177022e+02
1.630000e-06	-9.623499e-07	-1.683358e-09	-6.821741e+00	-1.164427e+02
1.640000e-06	-9.170116e-07	-1.667544e-09	-6.500355e+00	-1.151557e+02
1.650000e-06	-8.716125e-07	-1.648516e-09	-6.178537e+00	-1.138400e+02
1.660000e-06	-8.262005e-07	-1.628562e-09	-5.856628e+00	-1.124945e+02
1.670000e-06	-7.807737e-07	-1.606503e-09	-5.534615e+00	-1.111176e+02
1.680000e-06	-7.352703e-07	-1.579210e-09	-5.212058e+00	-1.097079e+02
1.690000e-06	-6.896642e-07	-1.550383e-09	-4.888774e+00	-1.082634e+02
1.700000e-06	-6.440077e-07	-1.527902e-09	-4.565132e+00	-1.067823e+02
1.710000e-06	-5.983281e-07	-1.509482e-09	-4.241326e+00	-1.052624e+02
1.720000e-06	-5.526236e-07	-1.488246e-09	-3.917343e+00	-1.037014e+02
1.730000e-06	-5.068479e-07	-1.464282e-09	-3.592857e+00	-1.020970e+02
1.740000e-06	-4.610097e-07	-1.440575e-09	-3.267927e+00	-1.004469e+02
1.750000e-06	-4.152025e-07	-1.413659e-09	-2.943217e+00	-9.874843e+01
1.760000e-06	-3.694407e-07	-1.382867e-09	-2.618828e+00	-9.699922e+01
1.770000e-06	-3.236926e-07	-1.351256e-09	-2.294537e+00	-9.519676e+01
1.780000e-06	-2.778313e-07	-1.325703e-09	-1.969443e+00	-9.333865e+01
1.790000e-06	-2.318513e-07	-1.305662e-09	-1.643508e+00	-9.142257e+01
1.800000e-06	-1.858872e-07	-1.281727e-09	-1.317685e+00	-8.944633e+01
1.810000e-06	-1.399714e-07	-1.252417e-09	-9.922052e-01	-8.740792e+01
1.820000e-06	-9.406937e-08	-1.221167e-09	-6.668228e-01	-8.530550e+01
1.830000e-06	-4.808438e-08	-1.187665e-09	-3.408524e-01	-8.313750e+01
1.840000e-06	-2.114680e-09	-1.151587e-09	-1.499019e-02	-8.090258e+01
1.850000e-06	4.372316e-08	-1.112310e-09	3.099373e-01	-7.859971e+01
1.860000e-06	8.956981e-08	-1.074068e-09	6.349272e-01	-7.622816e+01
1.870000e-06	1.355234e-07	-1.041446e-09	9.606751e-01	-7.378754e+01
1.880000e-06	1.814985e-07	-1.009541e-09	1.286576e+00	-7.127780e+01
1.890000e-06	2.274364e-07	-9.718627e-10	1.612212e+00	-6.869923e+01
1.900000e-06	2.733177e-07	-9.306674e-10	1.937448e+00	-6.605251e+01
1.910000e-06	3.191583e-07	-8.884253e-10	2.262395e+00	-6.333866e+01
1.920000e-06	3.650028e-07	-8.452931e-10	2.587370e+00	-6.055904e+01
1.930000e-06	4.108264e-07	-8.016848e-10	2.912196e+00	-5.771537e+01
1.940000e-06	4.566839e-07	-7.589564e-10	3.237263e+00	-5.480970e+01
1.950000e-06	5.025077e-07	-7.199129e-10	3.562091e+00	-5.184437e+01
1.960000e-06	5.482131e-07	-6.812487e-10	3.886079e+00	-4.882204e+01
1.970000e-06	5.938952e-07	-6.386668e-10	4.209903e+00	-4.574558e+01
1.980000e-06	6.395307e-07	-5.900191e-10	4.533396e+00	-4.261814e+01
1.990000e-06	6.850703e-07	-5.375501e-10	4.856209e+00	-3.944303e+01
2.000000e-06	7.305652e-07	-4.871413e-10	5.178705e+00	-3.622375e+01
2.010000e-06	7.760509e-07	-4.398764e-10	5.501137e+00	-3.296391e+01
2.020000e-06	8.215461e-07	-3.922882e-10	5.823636e+00	-2.966724e+01
2.030000e-06	8.669737e-07	-3.449374e-10	6.145655e+00	-2.633751e+01
2.040000e-06	9.122855e-07	-2.980077e-10	6.466853e+00	-2.297853e+01
2.050000e-06	9.575290e-07	-2.495779e-10	6.787568e+00	-1.959409e+01
2.060000e-06	1.002685e-06	-1.978927e-10	7.107661e+00	-1.618798e+01
2.070000e-06	1.047820e-06	-1.429197e-10	7.427605e+00	-1.276388e+01
2.080000e-06	1.092834e-06	-8.971647e-11	7.746696e+00	-9.325416e+00
2.090000e-06	1.137705e-06	-4.183367e-11	8.064769e+00	-5.876102e+00
2.100000e-06	1.182574e-06	4.663061e-12	8.382831e+00	-2.419320e+00
2.110000e-06	1.227320e-06	5.339330e-11	8.700018e+00	1.041686e+00
2.120000e-06	1.271943e-06	1.050488e-10	9.016330e+00	4.503824e+00
2.130000e-06	1.316508e-06	1.594931e-10	9.332234e+00	7.964156e+00
2.140000e-06	1.360932e-06	2.144794e-10	9.647144e+00	1.141990e+01
2.150000e-06	1.405232e-06	2.683668e-10	9.961171e+00	1.486844e+01
2.160000e-06	1.449446e-06	3.195025e-10	1.027458e+01	1.830731e+01
2.170000e-06	1.493616e-06	3.666375e-10	1.058769e+01	2.173419e+01
2.180000e-06	1.537807e-06	4.132182e-10	1.090095e+01	2.514688e+01
2.190000e-06	1.581923e-06	4.618467e-10	1.121367e+01	2.854333e+01
2.200000e-06	1.625939e-06	5.115219e-10	1.152568e+01	3.192158e+01
2.210000e-06	1.669870e-06	5.617451e-10	1.183709e+01	3.527978e+01
2.220000e-06	1.713735e-06	6.133572e-10	1.214803e+01	3.861614e+01
2.230000e-06	1.757544e-06	6.650618e-10	1.245858e+01	4.192894e+01
2.240000e-06	1.801292e-06	7.135269e-10	1.276869e+01	4.521651e+01
2.250000e-06	1.844988e-06	7.590231e-10	1.307843e+01	4.847719e+01
2.260000e-06	1.888474e-06	8.027689e-10	1.338669e+01	5.170937e+01
2.270000e-06	1.931791e-06	8.465953e-10	1.369375e+01	5.491140e+01
2.280000e-06	1.975053e-06	8.913513e-10	1.400042e+01	5.808167e+01
2.290000e-06	2.018265e-06	9.361366e-10	1.430673e+01	6.121852e+01
2.300000e-06	2.061254e-06	9.818387e-10	1.461146e+01	6.432029e+01
2.310000e-06	2.103857e-06	1.027556e-09	1.491346e+01	6.738529e+01
2.320000e-06	2.146276e-06	1.070974e-09	1.521416e+01	7.041181e+01
2.330000e-06	2.188463e-06	1.112997e-09	1.551320e+01	7.339812e+01
2.340000e-06	2.230235e-06	1.153442e-09	1.580931e+01	7.634248e+01
2.350000e-06	2.271727e-06	1.193757e-09	1.610343e+01	7.924315e+01
2.360000e-06	2.313023e-06	1.235855e-09	1.639616e+01	8.209837e+01
2.370000e-06	2.354024e-06	1.276050e-09	1.668681e+01	8.490644e+01
2.380000e-06	2.394680e-06	1.313777e-09	1.697500e+01	8.766565e+01
2.390000e-06	2.435126e-06	1.350440e-09	1.726170e+01	9.037438e+01
2.400000e-06	2.475449e-06	1.384375e-09	1.754754e+01	9.303105e+01
2.410000e-06	2.515689e-06	1.416769e-09	1.783279e+01	9.563417e+01
2.420000e-06	2.555839e-06	1.451430e-09	1.811740e+01	9.818235e+01
2.430000e-06	2.595833e-06	1.489361e-09	1.840090e+01	1.006743e+02
2.440000e-06	2.635689e-06	1.528504e-09	1.868342e+01	1.031090e+02
2.450000e-06	2.675447e-06	1.563801e-09	1.896525e+01	1.054853e+02
2.460000e-06	2.715128e-06	1.596687e-09	1.924654e+01	1.078024e+02
2.470000e-06	2.754650e-06	1.629243e-09	1.952669e+01	1.100597e+02
2.480000e-06	2.793974e-06	1.659637e-09	1.980545e+01	1.122568e+02
2.490000e-06	2.833093e-06	1.688007e-09	2.008275e+01	1.143933e+02
2.500000e-06	2.871973e-06	1.717961e-09	2.035835e+01	1.164692e+02
2.510000e-06	2.910675e-06	1.750873e-09	2.063269e+01	1.184846e+02
2.520000e-06	2.949188e-06	1.781842e-09	2.090570e+01	1.204397e+02
2.530000e-06	2.987470e-06	1.805931e-09	2.117706e+01	1.223351e+02
2.540000e-06	3.025500e-06	1.825422e-09	2.144664e+01	1.241715e+02
2.550000e-06	3.063284e-06	1.847553e-09	2.171449e+01	1.259496e+02
2.560000e-06	3.100930e-06	1.873376e-09	2.198134e+01	1.276704e+02
2.570000e-06	3.138453e-06	1.898319e-09	2.224733e+01	1.293352e+02
2.580000e-06	3.175786e-06	1.922060e-09	2.251197e+01	1.309451e+02
2.590000e-06	3.212854e-06	1.947341e-09	2.277473e+01	1.325016e+02
2.600000e-06	3.249624e-06	1.973020e-09	2.303538e+01	1.340060e+02
2.610000e-06	3.286175e-06	1.994451e-09	2.329447e+01	1.354599e+02
2.620000e-06	3.322530e-06	2.011791e-09	2.355218e+01	1.368649e+02
2.630000e-06	3.358652e-06	2.030379e-09	2.380823e+01	1.382227e+02
2.640000e-06	3.394629e-06	2.051936e-09	2.406326e+01	1.395347e+02
2.650000e-06	3.430493e-06	2.071239e-09	2.431749e+01	1.408026e+02
2.660000e-06	3.466215e-06	2.086065e-09	2.457072e+01	1.420280e+02
2.670000e-06	3.501786e-06	2.103589e-09	2.482286e+01	1.432125e+02
2.680000e-06	3.537145e-06	2.124964e-09	2.507351e+01	1.443575e+02
2.690000e-06	3.572227e-06	2.143078e-09	2.532219e+01	1.454645e+02
2.700000e-06	3.607003e-06	2.154695e-09	2.556871e+01	1.465348e+02
2.710000e-06	3.641345e-06	2.166614e-09	2.581214e+01	1.475698e+02
2.720000e-06	3.675101e-06	2.183620e-09	2.605143e+01	1.485705e+02
2.730000e-06	3.708419e-06	2.199840e-09	2.628761e+01	1.495381e+02
2.740000e-06	3.741420e-06	2.212826e-09	2.652154e+01	1.504737e+02
2.750000e-06	3.774101e-06	2.224501e-09	2.675320e+01	1.513783e+02
2.760000e-06	3.806473e-06	2.238563e-09	2.698268e+01	1.522526e+02
2.770000e-06	3.838581e-06	2.254064e-09	2.721027e+01	1.530976e+02
2.780000e-06	3.870507e-06	2.266509e-09	2.743659e+01	1.539139e+02
2.790000e-06	3.902272e-06	2.276604e-09	2.766176e+01	1.547023e+02
2.800000e-06	3.933887e-06	2.288454e-09	2.788586e+01	1.554634e+02
2.810000e-06	3.965339e-06	2.303259e-09	2.810882e+01	1.561979e+02
2.820000e-06	3.996515e-06	2.313240e-09	2.832981e+01	1.569065e+02
2.830000e-06	4.027349e-06	2.317625e-09	2.854838e+01	1.575896e+02
2.840000e-06	4.057887e-06	2.324319e-09	2.876486e+01	1.582480e+02
2.850000e-06	4.088166e-06	2.335681e-09	2.897949e+01	1.588823e+02
2.860000e-06	4.118126e-06	2.347390e-09	2.919187e+01	1.594930e+02
2.870000e-06	4.147795e-06	2.358454e-09	2.940218e+01	1.600810e+02
2.880000e-06	4.177229e-06	2.369870e-09	2.961083e+01	1.606469e+02
2.890000e-06	4.206415e-06	2.378574e-09	2.981771e+01	1.611913e+02
2.900000e-06	4.235352e-06	2.381945e-09	3.002284e+01	1.617152e+02
2.910000e-06	4.264000e-06	2.383263e-09	3.022591e+01	1.622194e+02
2.920000e-06	4.292302e-06	2.388583e-09	3.042654e+01	1.627046e+02
2.930000e-06	4.320341e-06	2.398015e-09	3.062529e+01	1.631717e+02
2.940000e-06	4.348306e-06	2.407834e-09	3.082353e+01	1.636217e+02
2.950000e-06	4.376162e-06	2.416413e-09	3.102099e+01	1.640555e+02
2.960000e-06	4.403784e-06	2.422892e-09	3.121679e+01	1.644740e+02
2.970000e-06	4.431021e-06	2.430728e-09	3.140987e+01	1.648781e+02
2.980000e-06	4.457861e-06	2.436489e-09	3.160012e+01	1.652687e+02
2.990000e-06	4.484291e-06	2.437401e-09	3.178748e+01	1.656469e+02
3.000000e-06	4.510164e-06	2.438586e-09	3.197088e+01	1.660133e+02
3.010000e-06	4.535413e-06	2.443821e-09	3.214986e+01	1.663689e+02
3.020000e-06	4.560064e-06	2.451465e-09	3.232460e+01	1.667144e+02
3.030000e-06	4.584334e-06	2.454873e-09	3.249664e+01	1.670505e+02
3.040000e-06	4.608411e-06	2.457039e-09	3.266731e+01	1.673780e+02
3.050000e-06	4.632286e-06	2.464880e-09	3.283655e+01	1.676973e+02
3.060000e-06	4.655909e-06	2.475525e-09	3.300401e+01	1.680090e+02
3.070000e-06	4.679210e-06	2.483562e-09	3.316918e+01	1.683134e+02
3.080000e-06	4.702174e-06	2.486580e-09	3.333196e+01	1.686110e+02
3.090000e-06	4.724816e-06	2.489095e-09	3.349247e+01	1.689020e+02
3.100000e-06	4.747108e-06	2.492979e-09	3.365049e+01	1.691864e+02
3.110000e-06	4.769113e-06	2.494469e-09	3.380648e+01	1.694645e+02
3.120000e-06	4.790800e-06	2.493402e-09	3.396020e+01	1.697361e+02
3.130000e-06	4.812104e-06	2.495243e-09	3.411122e+01	1.700013e+02
3.140000e-06	4.833098e-06	2.502162e-09	3.426004e+01	1.702599e+02
3.150000e-06	4.853839e-06	2.510667e-09	3.440707e+01	1.705118e+02
3.160000e-06	4.874261e-06	2.517329e-09	3.455183e+01	1.707568e+02
3.170000e-06	4.894379e-06	2.522245e-09	3.469444e+01	1.709946e+02
3.180000e-06	4.914332e-06	2.528100e-09	3.483588e+01	1.712249e+02
3.190000e-06	4.934138e-06	2.529825e-09	3.497627e+01	1.714476e+02
3.200000e-06	4.953692e-06	2.528085e-09	3.511488e+01	1.716624e+02
3.210000e-06	4.972867e-06	2.525874e-09	3.525081e+01	1.718691e+02
3.220000e-06	4.991612e-06	2.530106e-09	3.538368e+01	1.720675e+02
3.230000e-06	5.009954e-06	2.540859e-09	3.551370e+01	1.722574e+02
3.240000e-06	5.027844e-06	2.547423e-09	3.564052e+01	1.724388e+02
3.250000e-06	5.045231e-06	2.549347e-09	3.576377e+01	1.726116e+02
3.260000e-06	5.062361e-06	2.551884e-09	3.588520e+01	1.727758e+02
3.270000e-06	5.079377e-06	2.556562e-09	3.600582e+01	1.729314e+02
3.280000e-06	5.096015e-06	2.556468e-09	3.612376e+01	1.730787e+02
3.290000e-06	5.112135e-06	2.555109e-09	3.623803e+01	1.732178e+02
3.300000e-06	5.127832e-06	2.559363e-09	3.634930e+01	1.733490e+02
3.310000e-06	5.143032e-06	2.565390e-09	3.645704e+01	1.734727e+02
3.320000e-06	5.157745e-06	2.568982e-09	3.656134e+01	1.735890e+02
3.330000e-06	5.172079e-06	2.570077e-09	3.666295e+01	1.736986e+02
3.340000e-06	5.186043e-06	2.569568e-09	3.676193e+01	1.738017e+02
3.350000e-06	5.199728e-06	2.571108e-09	3.685894e+01	1.738990e+02
3.360000e-06	5.213060e-06	2.573079e-09	3.695345e+01	1.739908e+02
3.370000e-06	5.225941e-06	2.573253e-09	3.704475e+01	1.740776e+02
3.380000e-06	5.238453e-06	2.576511e-09	3.713345e+01	1.741599e+02
3.390000e-06	5.250682e-06	2.583762e-09	3.722014e+01	1.742382e+02
3.400000e-06	5.262565e-06	2.588844e-09	3.730437e+01	1.743128e+02
3.410000e-06	5.273982e-06	2.588449e-09	3.738530e+01	1.743841e+02
3.420000e-06	5.284961e-06	2.586846e-09	3.746313e+01	1.744526e+02
3.430000e-06	5.295433e-06	2.588420e-09	3.753736e+01	1.745184e+02
3.440000e-06	5.305199e-06	2.593013e-09	3.760659e+01	1.745817e+02
3.450000e-06	5.314267e-06	2.597101e-09	3.767087e+01	1.746428e+02
3.460000e-06	5.322843e-06	2.599909e-09	3.773166e+01	1.747017e+02
3.470000e-06	5.331053e-06	2.604686e-09	3.778986e+01	1.747583e+02
3.480000e-06	5.338969e-06	2.608730e-09	3.784597e+01	1.748128e+02
3.490000e-06	5.346683e-06	2.606434e-09	3.790065e+01	1.748649e+02
3.500000e-06	5.354202e-06	2.600396e-09	3.795395e+01	1.749146e+02
3.510000e-06	5.361387e-06	2.596343e-09	3.800489e+01	1.749615e+02
3.520000e-06	5.368056e-06	2.596184e-09	3.805216e+01	1.750055e+02
3.530000e-06	5.374329e-06	2.597757e-09	3.809662e+01	1.750463e+02
3.540000e-06	5.380314e-06	2.602173e-09	3.813905e+01	1.750837e+02
3.550000e-06	5.385909e-06	2.610114e-09	3.817871e+01	1.751172e+02
3.560000e-06	5.391153e-06	2.618309e-09	3.821588e+01	1.751466e+02
3.570000e-06	5.396083e-06	2.620092e-09	3.825083e+01	1.751717e+02
3.580000e-06	5.400620e-06	2.614872e-09	3.828299e+01	1.751923e+02
3.590000e-06	5.404819e-06	2.608948e-09	3.831275e+01	1.752081e+02
3.600000e-06	5.408782e-06	2.608022e-09	3.834085e+01	1.752190e+02
3.610000e-06	5.412431e-06	2.609522e-09	3.836672e+01	1.752251e+02
3.620000e-06	5.415807e-06	2.612925e-09	3.839065e+01	1.752262e+02
3.630000e-06	5.418875e-06	2.621981e-09	3.841239e+01	1.752225e+02
3.640000e-06	5.421451e-06	2.634008e-09	3.843065e+01	1.752143e+02
3.650000e-06	5.423385e-06	2.639208e-09	3.844437e+01	1.752016e+02
3.660000e-06	5.424587e-06	2.635023e-09	3.845289e+01	1.751850e+02
3.670000e-06	5.425242e-06	2.630469e-09	3.845753e+01	1.751649e+02
3.680000e-06	5.425565e-06	2.628064e-09	3.845982e+01	1.751417e+02
3.690000e-06	5.425591e-06	2.623487e-09	3.846000e+01	1.751162e+02
3.700000e-06	5.425413e-06	2.620784e-09	3.845874e+01	1.750890e+02
3.710000e-06	5.425032e-06	2.625800e-09	3.845604e+01	1.750608e+02
3.720000e-06	5.424320e-06	2.638360e-09	3.845099e+01	1.750323e+02
3.730000e-06	5.423240e-06	2.649581e-09	3.844334e+01	1.750045e+02
3.740000e-06	5.421797e-06	2.651480e-09	3.843311e+01	1.749780e+02
3.750000e-06	5.419985e-06	2.634390e-09	3.842026e+01	1.749538e+02
3.760000e-06	5.417793e-06	2.595421e-09	3.840472e+01	1.749327e+02
3.770000e-06	5.415270e-06	2.619306e-09	3.838684e+01	1.749153e+02
3.780000e-06	5.412439e-06	2.721967e-09	3.836677e+01	1.749024e+02
3.790000e-06	5.409130e-06	2.665898e-09	3.834332e+01	1.748946e+02
3.800000e-06	5.405323e-06	2.521248e-09	3.831633e+01	1.748925e+02
3.810000e-06	5.401234e-06	2.574268e-09	3.828735e+01	1.748966e+02
3.820000e-06	5.396869e-06	2.723276e-09	3.825640e+01	1.749072e+02
3.830000e-06	5.392212e-06	2.674463e-09	3.822339e+01	1.749246e+02
3.840000e-06	5.387183e-06	2.467328e-09	3.818774e+01	1.749488e+02
3.850000e-06	5.381564e-06	2.534254e-09	3.814791e+01	1.749798e+02
3.860000e-06	5.375289e-06	2.792826e-09	3.810343e+01	1.750174e+02
3.870000e-06	5.368687e-06	2.712189e-09	3.805663e+01	1.750615e+02
3.880000e-06	5.361824e-06	2.449693e-09	3.800798e+01	1.751114e+02
3.890000e-06	5.354408e-06	2.559364e-09	3.795541e+01	1.751667e+02
3.900000e-06	5.346474e-06	2.810127e-09	3.789917e+01	1.752267e+02
3.910000e-06	5.338214e-06	2.641623e-09	3.784062e+01	1.752905e+02
3.920000e-06	5.329767e-06	2.399923e-09	3.778074e+01	1.753573e+02
3.930000e-06	5.321055e-06	2.632227e-09	3.771899e+01	1.754260e+02
3.940000e-06	5.312008e-06	2.845204e-09	3.765485e+01	1.754955e+02
3.950000e-06	5.302499e-06	2.610837e-09	3.758745e+01	1.755648e+02
3.960000e-06	5.292491e-06	2.481318e-09	3.751650e+01	1.756327e+02
3.970000e-06	5.282102e-06	2.777200e-09	3.744286e+01	1.756979e+02
3.980000e-06	5.271411e-06	2.834953e-09	3.736708e+01	1.757593e+02
3.990000e-06	5.260388e-06	2.554769e-09	3.728894e+01	1.758156e+02
4.000000e-06	5.248886e-06	2.595959e-09	3.720740e+01	1.758657e+02
4.010000e-06	5.236904e-06	2.866609e-09	3.712247e+01	1.759085e+02
4.020000e-06	5.224635e-06	2.765592e-09	3.703550e+01	1.759430e+02
4.030000e-06	5.212045e-06	2.556564e-09	3.694625e+01	1.759680e+02
4.040000e-06	5.198832e-06	2.719474e-09	3.685259e+01	1.759829e+02
4.050000e-06	5.185133e-06	2.828248e-09	3.675548e+01	1.759868e+02
4.060000e-06	5.170876e-06	2.649677e-09	3.665442e+01	1.759789e+02
4.070000e-06	5.155939e-06	2.614625e-09	3.654854e+01	1.759589e+02
4.080000e-06	5.140521e-06	2.753233e-09	3.643925e+01	1.759261e+02
4.090000e-06	5.124715e-06	2.708875e-09	3.632720e+01	1.758804e+02
4.100000e-06	5.108656e-06	2.649813e-09	3.621337e+01	1.758216e+02
4.110000e-06	5.092430e-06	2.730893e-09	3.609835e+01	1.757495e+02
4.120000e-06	5.075981e-06	2.715327e-09	3.598174e+01	1.756642e+02
4.130000e-06	5.059185e-06	2.640152e-09	3.586269e+01	1.755660e+02
4.140000e-06	5.041902e-06	2.712305e-09	3.574017e+01	1.754550e+02
4.150000e-06	5.024196e-06	2.732254e-09	3.561466e+01	1.753317e+02
4.160000e-06	5.006301e-06	2.638782e-09	3.548781e+01	1.751964e+02
4.170000e-06	4.988166e-06	2.646294e-09	3.535926e+01	1.750497e+02
4.180000e-06	4.969648e-06	2.715770e-09	3.522799e+01	1.748923e+02
4.190000e-06	4.950704e-06	2.690421e-09	3.509370e+01	1.747246e+02
4.200000e-06	4.931308e-06	2.663241e-09	3.495621e+01	1.745474e+02
4.210000e-06	4.911609e-06	2.670136e-09	3.481657e+01	1.743613e+02
4.220000e-06	4.891716e-06	2.671393e-09	3.467556e+01	1.741671e+02
4.230000e-06	4.871611e-06	2.689512e-09	3.453304e+01	1.739654e+02
4.240000e-06	4.851285e-06	2.680863e-09	3.438896e+01	1.737570e+02
4.250000e-06	4.830708e-06	2.633817e-09	3.424310e+01	1.735424e+02
4.260000e-06	4.809737e-06	2.654256e-09	3.409444e+01	1.733224e+02
4.270000e-06	4.788226e-06	2.695467e-09	3.394196e+01	1.730974e+02
4.280000e-06	4.766088e-06	2.656964e-09	3.378503e+01	1.728681e+02
4.290000e-06	4.743347e-06	2.637670e-09	3.362383e+01	1.726350e+02
4.300000e-06	4.720172e-06	2.664408e-09	3.345955e+01	1.723985e+02
4.310000e-06	4.696627e-06	2.659752e-09	3.329264e+01	1.721589e+02
4.320000e-06	4.672804e-06	2.648522e-09	3.312377e+01	1.719167e+02
4.330000e-06	4.648761e-06	2.649726e-09	3.295334e+01	1.716721e+02
4.340000e-06	4.624491e-06	2.623492e-09	3.278130e+01	1.714254e+02
4.350000e-06	4.599976e-06	2.629983e-09	3.260752e+01	1.711766e+02
4.360000e-06	4.575118e-06	2.659154e-09	3.243131e+01	1.709261e+02
4.370000e-06	4.549846e-06	2.633531e-09	3.225217e+01	1.706737e+02
4.380000e-06	4.524262e-06	2.602952e-09	3.207082e+01	1.704196e+02
4.390000e-06	4.498409e-06	2.627175e-09	3.188756e+01	1.701638e+02
4.400000e-06	4.472299e-06	2.635287e-09	3.170247e+01	1.699063e+02
4.410000e-06	4.445964e-06	2.615041e-09	3.151579e+01	1.696469e+02
4.420000e-06	4.419323e-06	2.602131e-09	3.132694e+01	1.693856e+02
4.430000e-06	4.392342e-06	2.606495e-09	3.113568e+01	1.691222e+02
4.440000e-06	4.365051e-06	2.616368e-09	3.094222e+01	1.688567e+02
4.450000e-06	4.337493e-06	2.614774e-09	3.074688e+01	1.685888e+02
4.460000e-06	4.309661e-06	2.592773e-09	3.054959e+01	1.683185e+02
4.470000e-06	4.281615e-06	2.587223e-09	3.035078e+01	1.680455e+02
4.480000e-06	4.253376e-06	2.598646e-09	3.015060e+01	1.677696e+02
4.490000e-06	4.224841e-06	2.591766e-09	2.994833e+01	1.674906e+02
4.500000e-06	4.195938e-06	2.576306e-09	2.974345e+01	1.672083e+02
4.510000e-06	4.166674e-06	2.580741e-09	2.953601e+01	1.669225e+02
4.520000e-06	4.137027e-06	2.591447e-09	2.932585e+01	1.666329e+02
4.530000e-06	4.106946e-06	2.592377e-09	2.911261e+01	1.663394e+02
4.540000e-06	4.076305e-06	2.579560e-09	2.889541e+01	1.660415e+02
4.550000e-06	4.045148e-06	2.565528e-09	2.867455e+01	1.657391e+02
4.560000e-06	4.013727e-06	2.567062e-09	2.845182e+01	1.654320e+02
4.570000e-06	3.982094e-06	2.569878e-09	2.822759e+01	1.651197e+02
4.580000e-06	3.950208e-06	2.561856e-09	2.800156e+01	1.648021e+02
4.590000e-06	3.918111e-06	2.552480e-09	2.777404e+01	1.644789e+02
4.600000e-06	3.885838e-06	2.557617e-09	2.754526e+01	1.641497e+02
4.610000e-06	3.853369e-06	2.564247e-09	2.731510e+01	1.638143e+02
4.620000e-06	3.820660e-06	2.556906e-09	2.708324e+01	1.634725e+02
4.630000e-06	3.787658e-06	2.537774e-09	2.684930e+01	1.631239e+02
4.640000e-06	3.754331e-06	2.527844e-09	2.661306e+01	1.627683e+02
4.650000e-06	3.720723e-06	2.529236e-09	2.637482e+01	1.624055e+02
4.660000e-06	3.686927e-06	2.525498e-09	2.613526e+01	1.620352e+02
4.670000e-06	3.652905e-06	2.511484e-09	2.589409e+01	1.616574e+02
4.680000e-06	3.618617e-06	2.504871e-09	2.565103e+01	1.612718e+02
4.690000e-06	3.584152e-06	2.507840e-09	2.540672e+01	1.608783e+02
4.700000e-06	3.549466e-06	2.508363e-09	2.516085e+01	1.604769e+02
4.710000e-06	3.514491e-06	2.498456e-09	2.491292e+01	1.600676e+02
4.720000e-06	3.479294e-06	2.490061e-09	2.466342e+01	1.596504e+02
4.730000e-06	3.443871e-06	2.486609e-09	2.441232e+01	1.592254e+02
4.740000e-06	3.408219e-06	2.481907e-09	2.415960e+01	1.587926e+02
4.750000e-06	3.372444e-06	2.471725e-09	2.390601e+01	1.583524e+02
4.760000e-06	3.336513e-06	2.461626e-09	2.365130e+01	1.579049e+02
4.770000e-06	3.300397e-06	2.455101e-09	2.339529e+01	1.574503e+02
4.780000e-06	3.264203e-06	2.451466e-09	2.313872e+01	1.569891e+02
4.790000e-06	3.227869e-06	2.446012e-09	2.288117e+01	1.565216e+02
4.800000e-06	3.191259e-06	2.439578e-09	2.262165e+01	1.560481e+02
4.810000e-06	3.154291e-06	2.434576e-09	2.235960e+01	1.555690e+02
4.820000e-06	3.116919e-06	2.428992e-09	2.209468e+01	1.550849e+02
4.830000e-06	3.079156e-06	2.419580e-09	2.182699e+01	1.545960e+02
4.840000e-06	3.040988e-06	2.407737e-09	2.155644e+01	1.541028e+02
4.850000e-06	3.002498e-06	2.397509e-09	2.128359e+01	1.536057e+02
4.860000e-06	2.963783e-06	2.390042e-09	2.100916e+01	1.531050e+02
4.870000e-06	2.924713e-06	2.383981e-09	2.073221e+01	1.526010e+02
4.880000e-06	2.885280e-06	2.378313e-09	2.045268e+01	1.520940e+02
4.890000e-06	2.845674e-06	2.372566e-09	2.017192e+01	1.515842e+02
4.900000e-06	2.805925e-06	2.364679e-09	1.989016e+01	1.510715e+02
4.910000e-06	2.765992e-06	2.357490e-09	1.960709e+01	1.505562e+02
4.920000e-06	2.725934e-06	2.347839e-09	1.932313e+01	1.500379e+02
4.930000e-06	2.685798e-06	2.338801e-09	1.903862e+01	1.495167e+02
4.940000e-06	2.645563e-06	2.332351e-09	1.875341e+01	1.489920e+02
4.950000e-06	2.605185e-06	2.327700e-09	1.846719e+01	1.484636e+02
4.960000e-06	2.564666e-06	2.323033e-09	1.817997e+01	1.479309e+02
4.970000e-06	2.523990e-06	2.316546e-09	1.789163e+01	1.473932e+02
4.980000e-06	2.483148e-06	2.306782e-09	1.760212e+01	1.468498e+02
4.990000e-06	2.442163e-06	2.296014e-09	1.731158e+01	1.462998e+02
5.000000e-06	2.401008e-06	2.286864e-09	1.701985e+01	1.457423e+02
5.010000e-06	2.359602e-06	2.280567e-09	1.672634e+01	1.451763e+02
5.020000e-06	2.317992e-06	2.275244e-09	1.643138e+01	1.446006e+02
5.030000e-06	2.276277e-06	2.271511e-09	1.613568e+01	1.440141e+02
5.040000e-06	2.234399e-06	2.268341e-09	1.583882e+01	1.434157e+02
5.050000e-06	2.192366e-06	2.263615e-09	1.554087e+01	1.428039e+02
5.060000e-06	2.150173e-06	2.253003e-09	1.524178e+01	1.421777e+02
5.070000e-06	2.107872e-06	2.239963e-09	1.494192e+01	1.415358e+02
5.080000e-06	2.065454e-06	2.227812e-09	1.464124e+01	1.408770e+02
5.090000e-06	2.022901e-06	2.218827e-09	1.433959e+01	1.402002e+02
5.100000e-06	1.980191e-06	2.213221e-09	1.403684e+01	1.395041e+02
5.110000e-06	1.937313e-06	2.205263e-09	1.373290e+01	1.387879e+02
5.120000e-06	1.894373e-06	2.195734e-09	1.342851e+01	1.380505e+02
5.130000e-06	1.851301e-06	2.186515e-09	1.312319e+01	1.372911e+02
5.140000e-06	1.808036e-06	2.178189e-09	1.281650e+01	1.365090e+02
5.150000e-06	1.764564e-06	2.166331e-09	1.250834e+01	1.357035e+02
5.160000e-06	1.720929e-06	2.153728e-09	1.219903e+01	1.348740e+02
5.170000e-06	1.677206e-06	2.143948e-09	1.188909e+01	1.340202e+02
5.180000e-06	1.633440e-06	2.133606e-09	1.157885e+01	1.331417e+02
5.190000e-06	1.589645e-06	2.119669e-09	1.126840e+01	1.322383e+02
5.200000e-06	1.545747e-06	2.102203e-09	1.095723e+01	1.313099e+02
5.210000e-06	1.501772e-06	2.086676e-09	1.064550e+01	1.303565e+02
5.220000e-06	1.457760e-06	2.076718e-09	1.033352e+01	1.293780e+02
5.230000e-06	1.413675e-06	2.066719e-09	1.002102e+01	1.283746e+02
5.240000e-06	1.369599e-06	2.053132e-09	9.708577e+00	1.273463e+02
5.250000e-06	1.325560e-06	2.037746e-09	9.396401e+00	1.262932e+02
5.260000e-06	1.281467e-06	2.022676e-09	9.083848e+00	1.252153e+02
5.270000e-06	1.237228e-06	2.004137e-09	8.770253e+00	1.241128e+02
5.280000e-06	1.192860e-06	1.981386e-09	8.455743e+00	1.229856e+02
5.290000e-06	1.148441e-06	1.957648e-09	8.140872e+00	1.218335e+02
5.300000e-06	1.103966e-06	1.939577e-09	7.825604e+00	1.206564e+02
5.310000e-06	1.059458e-06	1.925813e-09	7.510103e+00	1.194539e+02
5.320000e-06	1.014945e-06	1.910756e-09	7.194565e+00	1.182254e+02
5.330000e-06	9.703307e-07	1.893412e-09	6.878314e+00	1.169704e+02
5.340000e-06	9.255377e-07	1.875138e-09	6.560793e+00	1.156880e+02
5.350000e-06	8.807522e-07	1.854691e-09	6.243325e+00	1.143771e+02
5.360000e-06	8.359214e-07	1.828732e-09	5.925537e+00	1.130366e+02
5.370000e-06	7.908805e-07	1.802323e-09	5.606258e+00	1.116650e+02
5.380000e-06	7.458141e-07	1.780863e-09	5.286800e+00	1.102608e+02
5.390000e-06	7.007988e-07	1.763519e-09	4.967703e+00	1.088222e+02
5.400000e-06	6.557683e-07	1.745542e-09	4.648498e+00	1.073473e+02
5.410000e-06	6.106753e-07	1.726053e-09	4.328851e+00	1.058339e+02
5.420000e-06	5.655367e-07	1.707579e-09	4.008880e+00	1.042799e+02
5.430000e-06	5.203596e-07	1.684997e-09	3.688636e+00	1.026829e+02
5.440000e-06	4.750580e-07	1.653583e-09	3.367510e+00	1.010405e+02
5.450000e-06	4.295343e-07	1.617514e-09	3.044809e+00	9.935024e+01
5.460000e-06	3.839703e-07	1.584049e-09	2.721823e+00	9.760961e+01
5.470000e-06	3.385106e-07	1.558042e-09	2.399576e+00	9.581614e+01
5.480000e-06	2.930624e-07	1.532291e-09	2.077411e+00	9.396742e+01
5.490000e-06	2.475308e-07	1.502911e-09	1.754654e+00	9.206111e+01
5.500000e-06	2.019909e-07	1.473532e-09	1.431839e+00	9.009499e+01
5.510000e-06	1.564806e-07	1.447293e-09	1.109233e+00	8.806702e+01
5.520000e-06	1.108992e-07	1.416913e-09	7.861230e-01	8.597534e+01
5.530000e-06	6.532715e-08	1.377935e-09	4.630800e-01	8.381832e+01
5.540000e-06	1.976723e-08	1.338269e-09	1.401226e-01	8.159458e+01
5.550000e-06	-2.585257e-08	1.303304e-09	-1.832593e-01	7.930305e+01
5.560000e-06	-7.156573e-08	1.268266e-09	-5.073029e-01	7.694293e+01
5.570000e-06	-1.172415e-07	1.226965e-09	-8.310817e-01	7.451379e+01
5.580000e-06	-1.627427e-07	1.181616e-09	-1.153622e+00	7.201550e+01
5.590000e-06	-2.081225e-07	1.140893e-09	-1.475303e+00	6.944832e+01
5.600000e-06	-2.535738e-07	1.101883e-09	-1.797491e+00	6.681285e+01
5.610000e-06	-2.990868e-07	1.055834e-09	-2.120116e+00	6.411004e+01
5.620000e-06	-3.445922e-07	1.004485e-09	-2.442686e+00	6.134122e+01
5.630000e-06	-3.901447e-07	9.585846e-10	-2.765591e+00	5.850805e+01
5.640000e-06	-4.356604e-07	9.183716e-10	-3.088235e+00	5.561250e+01
5.650000e-06	-4.810383e-07	8.748631e-10	-3.409902e+00	5.265690e+01
5.660000e-06	-5.262872e-07	8.231023e-10	-3.730655e+00	4.964382e+01
5.670000e-06	-5.715100e-07	7.707248e-10	-4.051222e+00	4.657612e+01
5.680000e-06	-6.166550e-07	7.224154e-10	-4.371238e+00	4.345690e+01
5.690000e-06	-6.617712e-07	6.730078e-10	-4.691050e+00	4.028945e+01
5.700000e-06	-7.069400e-07	6.202495e-10	-5.011235e+00	3.707723e+01
5.710000e-06	-7.520154e-07	5.683020e-10	-5.330758e+00	3.382385e+01
5.720000e-06	-7.969338e-07	5.217542e-10	-5.649168e+00	3.053300e+01
5.730000e-06	-8.417396e-07	4.751041e-10	-5.966780e+00	2.720847e+01
5.740000e-06	-8.864479e-07	4.242216e-10	-6.283701e+00	2.385405e+01
5.750000e-06	-9.311101e-07	3.720425e-10	-6.600294e+00	2.047354e+01
5.760000e-06	-9.757147e-07	3.233176e-10	-6.916479e+00	1.707073e+01
5.770000e-06	-1.020290e-06	2.730245e-10	-7.232456e+00	1.364932e+01
5.780000e-06	-1.064851e-06	2.164213e-10	-7.548337e+00	1.021296e+01
5.790000e-06	-1.109261e-06	1.586916e-10	-7.863140e+00	6.765162e+00
5.800000e-06	-1.153525e-06	1.064755e-10	-8.176910e+00	3.309345e+00
5.810000e-06	-1.197760e-06	5.568447e-11	-8.490473e+00	-1.512268e-01
5.820000e-06	-1.241974e-06	1.686802e-12	-8.803894e+00	-3.613434e+00
5.830000e-06	-1.286116e-06	-5.362256e-11	-9.116798e+00	-7.074314e+00
5.840000e-06	-1.330186e-06	-1.070935e-10	-9.429197e+00	-1.053106e+01
5.850000e-06	-1.374181e-06	-1.611578e-10	-9.741056e+00	-1.398103e+01
5.860000e-06	-1.418154e-06	-2.196384e-10	-1.005276e+01	-1.742172e+01
5.870000e-06	-1.462129e-06	-2.770281e-10	-1.036449e+01	-2.085080e+01
5.880000e-06	-1.506045e-06	-3.264511e-10	-1.067580e+01	-2.426606e+01
5.890000e-06	-1.549849e-06	-3.735182e-10	-1.098631e+01	-2.766540e+01
5.900000e-06	-1.593619e-06	-4.241224e-10	-1.129657e+01	-3.104687e+01
5.910000e-06	-1.637406e-06	-4.805007e-10	-1.160696e+01	-3.440859e+01
5.920000e-06	-1.681128e-06	-5.372394e-10	-1.191689e+01	-3.774876e+01
5.930000e-06	-1.724785e-06	-5.897046e-10	-1.222636e+01	-4.106566e+01
5.940000e-06	-1.768271e-06	-6.447714e-10	-1.253461e+01	-4.435759e+01
5.950000e-06	-1.811605e-06	-7.062652e-10	-1.284180e+01	-4.762292e+01
5.960000e-06	-1.854833e-06	-7.637647e-10	-1.314822e+01	-5.086001e+01
5.970000e-06	-1.897875e-06	-8.085604e-10	-1.345333e+01	-5.406723e+01
5.980000e-06	-1.940772e-06	-8.499058e-10	-1.375741e+01	-5.724296e+01
5.990000e-06	-1.983531e-06	-8.988274e-10	-1.406051e+01	-6.038554e+01
6.000000e-06	-2.026103e-06	-9.508294e-10	-1.436230e+01	-6.349333e+01
6.010000e-06	-2.068538e-06	-9.973219e-10	-1.466310e+01	-6.656463e+01
6.020000e-06	-2.110867e-06	-1.045891e-09	-1.496316e+01	-6.959773e+01
6.030000e-06	-2.153009e-06	-1.106331e-09	-1.526188e+01	-7.259091e+01
6.040000e-06	-2.194987e-06	-1.167999e-09	-1.555945e+01	-7.554244e+01
6.050000e-06	-2.236808e-06	-1.215963e-09	-1.585590e+01	-7.845055e+01
6.060000e-06	-2.278474e-06	-1.252034e-09	-1.615125e+01	-8.131352e+01
6.070000e-06	-2.320104e-06	-1.290123e-09	-1.644636e+01	-8.412961e+01
6.080000e-06	-2.361611e-06	-1.334126e-09	-1.674059e+01	-8.689714e+01
6.090000e-06	-2.402878e-06	-1.377751e-09	-1.703311e+01	-8.961444e+01
6.100000e-06	-2.443905e-06	-1.420717e-09	-1.732393e+01	-9.227994e+01
6.110000e-06	-2.484665e-06	-1.470592e-09	-1.761287e+01	-9.489214e+01
6.120000e-06	-2.525321e-06	-1.525145e-09	-1.790107e+01	-9.744962e+01
6.130000e-06	-2.565875e-06	-1.573178e-09	-1.818854e+01	-9.995109e+01
6.140000e-06	-2.606190e-06	-1.611140e-09	-1.847432e+01	-1.023954e+02
6.150000e-06	-2.646356e-06	-1.643102e-09	-1.875903e+01	-1.047815e+02
6.160000e-06	-2.686436e-06	-1.675646e-09	-1.904314e+01	-1.071086e+02
6.170000e-06	-2.726466e-06	-1.708218e-09	-1.932691e+01	-1.093760e+02
6.180000e-06	-2.766399e-06	-1.742253e-09	-1.960998e+01	-1.115832e+02
6.190000e-06	-2.806189e-06	-1.781538e-09	-1.989203e+01	-1.137299e+02
6.200000e-06	-2.845803e-06	-1.825921e-09	-2.017284e+01	-1.158160e+02
6.210000e-06	-2.885204e-06	-1.867762e-09	-2.045214e+01	-1.178414e+02
6.220000e-06	-2.924397e-06	-1.899796e-09	-2.072996e+01	-1.198066e+02
6.230000e-06	-2.963308e-06	-1.926739e-09	-2.100579e+01	-1.217120e+02
6.240000e-06	-3.001907e-06	-1.953136e-09	-2.127941e+01	-1.235582e+02
6.250000e-06	-3.040161e-06	-1.977179e-09	-2.155058e+01	-1.253460e+02
6.260000e-06	-3.078046e-06	-2.002190e-09	-2.181913e+01	-1.270763e+02
6.270000e-06	-3.115654e-06	-2.029150e-09	-2.208572e+01	-1.287504e+02
6.280000e-06	-3.152851e-06	-2.059481e-09	-2.234939e+01	-1.303694e+02
6.290000e-06	-3.189573e-06	-2.090005e-09	-2.260970e+01	-1.319348e+02
6.300000e-06	-3.226015e-06	-2.114971e-09	-2.286802e+01	-1.334478e+02
6.310000e-06	-3.262258e-06	-2.136788e-09	-2.312493e+01	-1.349101e+02
6.320000e-06	-3.298395e-06	-2.161125e-09	-2.338110e+01	-1.363232e+02
6.330000e-06	-3.334435e-06	-2.185622e-09	-2.363657e+01	-1.376887e+02
6.340000e-06	-3.370308e-06	-2.207422e-09	-2.389086e+01	-1.390083e+02
6.350000e-06	-3.406060e-06	-2.226585e-09	-2.414430e+01	-1.402835e+02
6.360000e-06	-3.441671e-06	-2.244283e-09	-2.439673e+01	-1.415160e+02
6.370000e-06	-3.477073e-06	-2.263703e-09	-2.464768e+01	-1.427072e+02
6.380000e-06	-3.512223e-06	-2.281790e-09	-2.489684e+01	-1.438588e+02
6.390000e-06	-3.547092e-06	-2.296154e-09	-2.514402e+01	-1.449721e+02
6.400000e-06	-3.581632e-06	-2.312760e-09	-2.538886e+01	-1.460484e+02
6.410000e-06	-3.615863e-06	-2.335266e-09	-2.563151e+01	-1.470892e+02
6.420000e-06	-3.649894e-06	-2.356198e-09	-2.587274e+01	-1.480956e+02
6.430000e-06	-3.683728e-06	-2.371198e-09	-2.611258e+01	-1.490688e+02
6.440000e-06	-3.717250e-06	-2.384509e-09	-2.635021e+01	-1.500097e+02
6.450000e-06	-3.750399e-06	-2.398688e-09	-2.658518e+01	-1.509194e+02
6.460000e-06	-3.783261e-06	-2.409538e-09	-2.681813e+01	-1.517988e+02
6.470000e-06	-3.815875e-06	-2.416400e-09	-2.704932e+01	-1.526486e+02
6.480000e-06	-3.848279e-06	-2.424868e-09	-2.727902e+01	-1.534697e+02
6.490000e-06	-3.880528e-06	-2.441180e-09	-2.750762e+01	-1.542627e+02
6.500000e-06	-3.912608e-06	-2.460739e-09	-2.773503e+01	-1.550284e+02
6.510000e-06	-3.944507e-06	-2.475903e-09	-2.796115e+01	-1.557674e+02
6.520000e-06	-3.976191e-06	-2.483958e-09	-2.818574e+01	-1.564803e+02
6.530000e-06	-4.007550e-06	-2.489911e-09	-2.840804e+01	-1.571677e+02
6.540000e-06	-4.038613e-06	-2.497084e-09	-2.862823e+01	-1.578302e+02
6.550000e-06	-4.069383e-06	-2.502909e-09	-2.884635e+01	-1.584685e+02
6.560000e-06	-4.099640e-06	-2.508585e-09	-2.906083e+01	-1.590832e+02
6.570000e-06	-4.129360e-06	-2.520071e-09	-2.927150e+01	-1.596749e+02
6.580000e-06	-4.158691e-06	-2.536104e-09	-2.947942e+01	-1.602444e+02
6.590000e-06	-4.187619e-06	-2.547361e-09	-2.968448e+01	-1.607925e+02
6.600000e-06	-4.216120e-06	-2.552758e-09	-2.988651e+01	-1.613198e+02
6.610000e-06	-4.244349e-06	-2.557284e-09	-3.008661e+01	-1.618272e+02
6.620000e-06	-4.272397e-06	-2.564710e-09	-3.028543e+01	-1.623156e+02
6.630000e-06	-4.300217e-06	-2.571891e-09	-3.048265e+01	-1.627857e+02
6.640000e-06	-4.327831e-06	-2.578576e-09	-3.067839e+01	-1.632386e+02
6.650000e-06	-4.355247e-06	-2.589167e-09	-3.087273e+01	-1.636750e+02
6.660000e-06	-4.382376e-06	-2.603305e-09	-3.106504e+01	-1.640961e+02
6.670000e-06	-4.409155e-06	-2.612750e-09	-3.125486e+01	-1.645025e+02
6.680000e-06	-4.435574e-06	-2.615127e-09	-3.144214e+01	-1.648954e+02
6.690000e-06	-4.461665e-06	-2.617804e-09	-3.162709e+01	-1.652756e+02
6.700000e-06	-4.487466e-06	-2.625161e-09	-3.180998e+01	-1.656440e+02
6.710000e-06	-4.512949e-06	-2.633344e-09	-3.199062e+01	-1.660014e+02
6.720000e-06	-4.538062e-06	-2.639845e-09	-3.216863e+01	-1.663486e+02
6.730000e-06	-4.562912e-06	-2.648031e-09	-3.234479e+01	-1.666863e+02
6.740000e-06	-4.587542e-06	-2.657926e-09	-3.251939e+01	-1.670152e+02
6.750000e-06	-4.611878e-06	-2.665899e-09	-3.269189e+01	-1.673359e+02
6.760000e-06	-4.635949e-06	-2.668057e-09	-3.286252e+01	-1.676488e+02
6.770000e-06	-4.659763e-06	-2.666593e-09	-3.303133e+01	-1.679545e+02
6.780000e-06	-4.683376e-06	-2.668900e-09	-3.319872e+01	-1.682533e+02
6.790000e-06	-4.706797e-06	-2.676208e-09	-3.336474e+01	-1.685454e+02
6.800000e-06	-4.729799e-06	-2.682776e-09	-3.352779e+01	-1.688310e+02
6.810000e-06	-4.752398e-06	-2.686625e-09	-3.368799e+01	-1.691101e+02
6.820000e-06	-4.774562e-06	-2.690242e-09	-3.384510e+01	-1.693829e+02
6.830000e-06	-4.796069e-06	-2.695979e-09	-3.399755e+01	-1.696492e+02
6.840000e-06	-4.817032e-06	-2.701742e-09	-3.414615e+01	-1.699090e+02
6.850000e-06	-4.837562e-06	-2.703625e-09	-3.429168e+01	-1.701621e+02
6.860000e-06	-4.857692e-06	-2.704453e-09	-3.443438e+01	-1.704083e+02
6.870000e-06	-4.877583e-06	-2.706997e-09	-3.457537e+01	-1.706473e+02
6.880000e-06	-4.897318e-06	-2.710564e-09	-3.471527e+01	-1.708790e+02
6.890000e-06	-4.916841e-06	-2.714207e-09	-3.485366e+01	-1.711030e+02
6.900000e-06	-4.935980e-06	-2.718163e-09	-3.498933e+01	-1.713192e+02
6.910000e-06	-4.954766e-06	-2.724756e-09	-3.512249e+01	-1.715273e+02
6.920000e-06	-4.973279e-06	-2.730241e-09	-3.525373e+01	-1.717271e+02
6.930000e-06	-4.991401e-06	-2.730601e-09	-3.538219e+01	-1.719185e+02
6.940000e-06	-5.009184e-06	-2.728443e-09	-3.550825e+01	-1.721014e+02
6.950000e-06	-5.026662e-06	-2.728854e-09	-3.563214e+01	-1.722756e+02
6.960000e-06	-5.043758e-06	-2.733279e-09	-3.575333e+01	-1.724413e+02
6.970000e-06	-5.060418e-06	-2.737064e-09	-3.587143e+01	-1.725984e+02
6.980000e-06	-5.076718e-06	-2.736757e-09	-3.598697e+01	-1.727472e+02
6.990000e-06	-5.092879e-06	-2.737048e-09	-3.610153e+01	-1.728877e+02
7.000000e-06	-5.108845e-06	-2.741131e-09	-3.621471e+01	-1.730202e+02
7.010000e-06	-5.124579e-06	-2.743610e-09	-3.632624e+01	-1.731451e+02
7.020000e-06	-5.139959e-06	-2.743113e-09	-3.643526e+01	-1.732627e+02
7.030000e-06	-5.154744e-06	-2.742771e-09	-3.654006e+01	-1.733734e+02
7.040000e-06	-5.169048e-06	-2.745294e-09	-3.664146e+01	-1.734777e+02
7.050000e-06	-5.182738e-06	-2.748817e-09	-3.673851e+01	-1.735759e+02
7.060000e-06	-5.195749e-06	-2.749156e-09	-3.683074e+01	-1.736686e+02
7.070000e-06	-5.208315e-06	-2.747101e-09	-3.691981e+01	-1.737563e+02
7.080000e-06	-5.220478e-06	-2.745064e-09	-3.700603e+01	-1.738394e+02
7.090000e-06	-5.232266e-06	-2.744245e-09	-3.708959e+01	-1.739183e+02
7.100000e-06	-5.243729e-06	-2.743390e-09	-3.717085e+01	-1.739936e+02
7.110000e-06	-5.254872e-06	-2.742027e-09	-3.724983e+01	-1.740655e+02
7.120000e-06	-5.265598e-06	-2.740421e-09	-3.732587e+01	-1.741345e+02
7.130000e-06	-5.275899e-06	-2.740720e-09	-3.739889e+01	-1.742007e+02
7.140000e-06	-5.285869e-06	-2.742749e-09	-3.746956e+01	-1.742645e+02
7.150000e-06	-5.295527e-06	-2.743740e-09	-3.753803e+01	-1.743260e+02
7.160000e-06	-5.304811e-06	-2.742551e-09	-3.760384e+01	-1.743853e+02
7.170000e-06	-5.313673e-06	-2.738896e-09	-3.766666e+01	-1.744424e+02
7.180000e-06	-5.322162e-06	-2.734663e-09	-3.772683e+01	-1.744973e+02
7.190000e-06	-5.330340e-06	-2.732308e-09	-3.778480e+01	-1.745499e+02
7.200000e-06	-5.338278e-06	-2.730880e-09	-3.784107e+01	-1.746000e+02
7.210000e-06	-5.346020e-06	-2.728459e-09	-3.789595e+01	-1.746475e+02
7.220000e-06	-5.353476e-06	-2.725887e-09	-3.794881e+01	-1.746920e+02
7.230000e-06	-5.360504e-06	-2.725869e-09	-3.799862e+01	-1.747335e+02
7.240000e-06	-5.367161e-06	-2.728028e-09	-3.804581e+01	-1.747714e+02
7.250000e-06	-5.373302e-06	-2.731531e-09	-3.808934e+01	-1.748056e+02
7.260000e-06	-5.378740e-06	-2.731067e-09	-3.812789e+01	-1.748358e+02
7.270000e-06	-5.383578e-06	-2.728049e-09	-3.816218e+01	-1.748617e+02
7.280000e-06	-5.387936e-06	-2.724643e-09	-3.819308e+01	-1.748831e+02
7.290000e-06	-5.392003e-06	-2.721193e-09	-3.822191e+01	-1.748998e+02
7.300000e-06	-5.395887e-06	-2.718675e-09	-3.824944e+01	-1.749116e+02
7.310000e-06	-5.399565e-06	-2.718094e-09	-3.827551e+01	-1.749185e+02
7.320000e-06	-5.402933e-06	-2.721971e-09	-3.829938e+01	-1.749205e+02
7.330000e-06	-5.405843e-06	-2.726268e-09	-3.832002e+01	-1.749177e+02
7.340000e-06	-5.408352e-06	-2.724644e-09	-3.833780e+01	-1.749102e+02
7.350000e-06	-5.410578e-06	-2.717630e-09	-3.835358e+01	-1.748983e+02
7.360000e-06	-5.412482e-06	-2.712356e-09	-3.836708e+01	-1.748824e+02
7.370000e-06	-5.413842e-06	-2.709788e-09	-3.837672e+01	-1.748628e+02
7.380000e-06	-5.414736e-06	-2.706308e-09	-3.838305e+01	-1.748402e+02
7.390000e-06	-5.415451e-06	-2.704065e-09	-3.838812e+01	-1.748151e+02
7.400000e-06	-5.415964e-06	-2.706839e-09	-3.839176e+01	-1.747881e+02
