# Temperatura_=_-2.4
# Concentracion g/m^3_=_4090.0
# C_Vs_to_Am_M_A/Vsm_=_65563218390.804596
# pendiente_HvsI_1/m_=_3716.3
# ordenada_HvsI_A/m_=_1297.0
# frecuencia_Hz_=_135074.29503673912

Tiempo_(s)	Campo_(V.s)	Magnetizacion_(V.s)	Campo_(kA/m)	Magnetizacion_(A/m)
0.000000e+00	-5.416545e-06	-2.446896e-09	-3.840017e+01	-1.576756e+02
1.000000e-08	-5.416678e-06	-2.442742e-09	-3.840112e+01	-1.576676e+02
2.000000e-08	-5.416547e-06	-2.439646e-09	-3.840019e+01	-1.576609e+02
3.000000e-08	-5.416056e-06	-2.435532e-09	-3.839671e+01	-1.576565e+02
4.000000e-08	-5.415075e-06	-2.430229e-09	-3.838975e+01	-1.576554e+02
5.000000e-08	-5.413530e-06	-2.430947e-09	-3.837880e+01	-1.576585e+02
6.000000e-08	-5.411297e-06	-2.447490e-09	-3.836297e+01	-1.576668e+02
7.000000e-08	-5.408393e-06	-2.488480e-09	-3.834239e+01	-1.576811e+02
8.000000e-08	-5.404945e-06	-2.482302e-09	-3.831794e+01	-1.577025e+02
9.000000e-08	-5.400983e-06	-2.372792e-09	-3.828985e+01	-1.577315e+02
1.000000e-07	-5.396657e-06	-2.336170e-09	-3.825919e+01	-1.577690e+02
1.100000e-07	-5.392305e-06	-2.488644e-09	-3.822833e+01	-1.578156e+02
1.200000e-07	-5.387809e-06	-2.533175e-09	-3.819645e+01	-1.578717e+02
1.300000e-07	-5.382922e-06	-2.358005e-09	-3.816181e+01	-1.579376e+02
1.400000e-07	-5.377688e-06	-2.291654e-09	-3.812471e+01	-1.580136e+02
1.500000e-07	-5.372090e-06	-2.505490e-09	-3.808502e+01	-1.580998e+02
1.600000e-07	-5.366001e-06	-2.601296e-09	-3.804185e+01	-1.581961e+02
1.700000e-07	-5.359346e-06	-2.360692e-09	-3.799467e+01	-1.583023e+02
1.800000e-07	-5.352375e-06	-2.266456e-09	-3.794525e+01	-1.584179e+02
1.900000e-07	-5.345249e-06	-2.461116e-09	-3.789473e+01	-1.585425e+02
2.000000e-07	-5.337802e-06	-2.536971e-09	-3.784193e+01	-1.586755e+02
2.100000e-07	-5.330039e-06	-2.362503e-09	-3.778690e+01	-1.588160e+02
2.200000e-07	-5.322041e-06	-2.369440e-09	-3.773020e+01	-1.589631e+02
2.300000e-07	-5.313776e-06	-2.531093e-09	-3.767161e+01	-1.591158e+02
2.400000e-07	-5.304947e-06	-2.489985e-09	-3.760901e+01	-1.592730e+02
2.500000e-07	-5.295375e-06	-2.362682e-09	-3.754115e+01	-1.594335e+02
2.600000e-07	-5.285368e-06	-2.469360e-09	-3.747021e+01	-1.595961e+02
2.700000e-07	-5.274790e-06	-2.565387e-09	-3.739522e+01	-1.597594e+02
2.800000e-07	-5.263551e-06	-2.412114e-09	-3.731554e+01	-1.599221e+02
2.900000e-07	-5.251971e-06	-2.366318e-09	-3.723344e+01	-1.600827e+02
3.000000e-07	-5.240099e-06	-2.538019e-09	-3.714927e+01	-1.602401e+02
3.100000e-07	-5.227805e-06	-2.523153e-09	-3.706212e+01	-1.603928e+02
3.200000e-07	-5.215153e-06	-2.347391e-09	-3.697242e+01	-1.605394e+02
3.300000e-07	-5.202163e-06	-2.398407e-09	-3.688033e+01	-1.606789e+02
3.400000e-07	-5.188736e-06	-2.519336e-09	-3.678514e+01	-1.608099e+02
3.500000e-07	-5.174951e-06	-2.456597e-09	-3.668742e+01	-1.609314e+02
3.600000e-07	-5.160855e-06	-2.408614e-09	-3.658748e+01	-1.610423e+02
3.700000e-07	-5.146288e-06	-2.481209e-09	-3.648421e+01	-1.611417e+02
3.800000e-07	-5.131033e-06	-2.461235e-09	-3.637606e+01	-1.612289e+02
3.900000e-07	-5.115189e-06	-2.428836e-09	-3.626374e+01	-1.613031e+02
4.000000e-07	-5.098981e-06	-2.470482e-09	-3.614883e+01	-1.613639e+02
4.100000e-07	-5.082430e-06	-2.440338e-09	-3.603149e+01	-1.614107e+02
4.200000e-07	-5.065459e-06	-2.367305e-09	-3.591118e+01	-1.614432e+02
4.300000e-07	-5.048189e-06	-2.447293e-09	-3.578875e+01	-1.614614e+02
4.400000e-07	-5.030606e-06	-2.505046e-09	-3.566409e+01	-1.614651e+02
4.500000e-07	-5.012667e-06	-2.420335e-09	-3.553691e+01	-1.614546e+02
4.600000e-07	-4.994409e-06	-2.390537e-09	-3.540748e+01	-1.614299e+02
4.700000e-07	-4.975741e-06	-2.462631e-09	-3.527513e+01	-1.613915e+02
4.800000e-07	-4.956699e-06	-2.457958e-09	-3.514013e+01	-1.613399e+02
4.900000e-07	-4.937342e-06	-2.410620e-09	-3.500290e+01	-1.612755e+02
5.000000e-07	-4.917694e-06	-2.405394e-09	-3.486361e+01	-1.611990e+02
5.100000e-07	-4.897810e-06	-2.414622e-09	-3.472265e+01	-1.611113e+02
5.200000e-07	-4.877684e-06	-2.436465e-09	-3.457996e+01	-1.610130e+02
5.300000e-07	-4.857280e-06	-2.453334e-09	-3.443531e+01	-1.609052e+02
5.400000e-07	-4.836557e-06	-2.409800e-09	-3.428840e+01	-1.607887e+02
5.500000e-07	-4.815488e-06	-2.384957e-09	-3.413903e+01	-1.606645e+02
5.600000e-07	-4.794062e-06	-2.435507e-09	-3.398713e+01	-1.605337e+02
5.700000e-07	-4.772385e-06	-2.448282e-09	-3.383345e+01	-1.603971e+02
5.800000e-07	-4.750406e-06	-2.402132e-09	-3.367764e+01	-1.602560e+02
5.900000e-07	-4.728083e-06	-2.391761e-09	-3.351938e+01	-1.601111e+02
6.000000e-07	-4.705407e-06	-2.420108e-09	-3.335862e+01	-1.599635e+02
6.100000e-07	-4.682358e-06	-2.425498e-09	-3.319521e+01	-1.598142e+02
6.200000e-07	-4.658987e-06	-2.409453e-09	-3.302953e+01	-1.596640e+02
6.300000e-07	-4.635361e-06	-2.384620e-09	-3.286203e+01	-1.595136e+02
6.400000e-07	-4.611543e-06	-2.385674e-09	-3.269318e+01	-1.593639e+02
6.500000e-07	-4.587559e-06	-2.413834e-09	-3.252315e+01	-1.592155e+02
6.600000e-07	-4.563318e-06	-2.416058e-09	-3.235129e+01	-1.590689e+02
6.700000e-07	-4.538637e-06	-2.379100e-09	-3.217632e+01	-1.589246e+02
6.800000e-07	-4.513442e-06	-2.372993e-09	-3.199770e+01	-1.587830e+02
6.900000e-07	-4.487789e-06	-2.393849e-09	-3.181583e+01	-1.586443e+02
7.000000e-07	-4.461635e-06	-2.393160e-09	-3.163042e+01	-1.585087e+02
7.100000e-07	-4.434908e-06	-2.367073e-09	-3.144094e+01	-1.583761e+02
7.200000e-07	-4.407718e-06	-2.359342e-09	-3.124818e+01	-1.582465e+02
7.300000e-07	-4.380223e-06	-2.376317e-09	-3.105325e+01	-1.581197e+02
7.400000e-07	-4.352540e-06	-2.394121e-09	-3.085699e+01	-1.579953e+02
7.500000e-07	-4.324693e-06	-2.378704e-09	-3.065958e+01	-1.578730e+02
7.600000e-07	-4.296689e-06	-2.354955e-09	-3.046105e+01	-1.577523e+02
7.700000e-07	-4.268515e-06	-2.356726e-09	-3.026131e+01	-1.576326e+02
7.800000e-07	-4.239982e-06	-2.368068e-09	-3.005903e+01	-1.575132e+02
7.900000e-07	-4.211035e-06	-2.355780e-09	-2.985381e+01	-1.573934e+02
8.000000e-07	-4.181809e-06	-2.336962e-09	-2.964661e+01	-1.572724e+02
8.100000e-07	-4.152338e-06	-2.339809e-09	-2.943768e+01	-1.571495e+02
8.200000e-07	-4.122669e-06	-2.358116e-09	-2.922734e+01	-1.570237e+02
8.300000e-07	-4.092651e-06	-2.363356e-09	-2.901454e+01	-1.568943e+02
8.400000e-07	-4.062304e-06	-2.347295e-09	-2.879939e+01	-1.567604e+02
8.500000e-07	-4.031786e-06	-2.334537e-09	-2.858304e+01	-1.566212e+02
8.600000e-07	-4.001008e-06	-2.340118e-09	-2.836484e+01	-1.564759e+02
8.700000e-07	-3.970043e-06	-2.343676e-09	-2.814531e+01	-1.563238e+02
8.800000e-07	-3.938835e-06	-2.326710e-09	-2.792407e+01	-1.561642e+02
8.900000e-07	-3.907269e-06	-2.312088e-09	-2.770028e+01	-1.559965e+02
9.000000e-07	-3.875468e-06	-2.319511e-09	-2.747483e+01	-1.558204e+02
9.100000e-07	-3.843516e-06	-2.333659e-09	-2.724831e+01	-1.556352e+02
9.200000e-07	-3.811422e-06	-2.328462e-09	-2.702078e+01	-1.554409e+02
9.300000e-07	-3.779073e-06	-2.314095e-09	-2.679145e+01	-1.552372e+02
9.400000e-07	-3.746354e-06	-2.311795e-09	-2.655949e+01	-1.550239e+02
9.500000e-07	-3.713302e-06	-2.319081e-09	-2.632517e+01	-1.548014e+02
9.600000e-07	-3.679839e-06	-2.312759e-09	-2.608793e+01	-1.545696e+02
9.700000e-07	-3.645850e-06	-2.297976e-09	-2.584697e+01	-1.543289e+02
9.800000e-07	-3.611431e-06	-2.292409e-09	-2.560296e+01	-1.540797e+02
9.900000e-07	-3.576689e-06	-2.301393e-09	-2.535666e+01	-1.538226e+02
1.000000e-06	-3.541687e-06	-2.306516e-09	-2.510852e+01	-1.535582e+02
1.010000e-06	-3.506448e-06	-2.300802e-09	-2.485869e+01	-1.532871e+02
1.020000e-06	-3.470942e-06	-2.293368e-09	-2.460698e+01	-1.530102e+02
1.030000e-06	-3.435220e-06	-2.293535e-09	-2.435373e+01	-1.527283e+02
1.040000e-06	-3.399397e-06	-2.290435e-09	-2.409976e+01	-1.524422e+02
1.050000e-06	-3.363430e-06	-2.276142e-09	-2.384478e+01	-1.521529e+02
1.060000e-06	-3.327259e-06	-2.259860e-09	-2.358835e+01	-1.518612e+02
1.070000e-06	-3.290920e-06	-2.256123e-09	-2.333072e+01	-1.515681e+02
1.080000e-06	-3.254277e-06	-2.258120e-09	-2.307094e+01	-1.512743e+02
1.090000e-06	-3.217312e-06	-2.253448e-09	-2.280888e+01	-1.509808e+02
1.100000e-06	-3.180107e-06	-2.243410e-09	-2.254513e+01	-1.506883e+02
1.110000e-06	-3.142707e-06	-2.239392e-09	-2.227998e+01	-1.503974e+02
1.120000e-06	-3.105176e-06	-2.242280e-09	-2.201391e+01	-1.501086e+02
1.130000e-06	-3.067412e-06	-2.241079e-09	-2.174618e+01	-1.498225e+02
1.140000e-06	-3.029388e-06	-2.231439e-09	-2.147661e+01	-1.495393e+02
1.150000e-06	-2.991179e-06	-2.223847e-09	-2.120573e+01	-1.492593e+02
1.160000e-06	-2.952813e-06	-2.221376e-09	-2.093374e+01	-1.489825e+02
1.170000e-06	-2.914251e-06	-2.216142e-09	-2.066036e+01	-1.487089e+02
1.180000e-06	-2.875504e-06	-2.203450e-09	-2.038567e+01	-1.484382e+02
1.190000e-06	-2.836562e-06	-2.193537e-09	-2.010958e+01	-1.481701e+02
1.200000e-06	-2.797390e-06	-2.193923e-09	-1.983188e+01	-1.479040e+02
1.210000e-06	-2.758062e-06	-2.193258e-09	-1.955307e+01	-1.476394e+02
1.220000e-06	-2.718567e-06	-2.184893e-09	-1.927307e+01	-1.473755e+02
1.230000e-06	-2.678922e-06	-2.174552e-09	-1.899201e+01	-1.471115e+02
1.240000e-06	-2.639167e-06	-2.170412e-09	-1.871017e+01	-1.468464e+02
1.250000e-06	-2.599315e-06	-2.168132e-09	-1.842764e+01	-1.465793e+02
1.260000e-06	-2.559392e-06	-2.161051e-09	-1.814461e+01	-1.463090e+02
1.270000e-06	-2.519339e-06	-2.147836e-09	-1.786066e+01	-1.460345e+02
1.280000e-06	-2.479127e-06	-2.139905e-09	-1.757558e+01	-1.457546e+02
1.290000e-06	-2.438750e-06	-2.138214e-09	-1.728933e+01	-1.454682e+02
1.300000e-06	-2.398150e-06	-2.135838e-09	-1.700150e+01	-1.451741e+02
1.310000e-06	-2.357279e-06	-2.129589e-09	-1.671175e+01	-1.448714e+02
1.320000e-06	-2.316216e-06	-2.126080e-09	-1.642063e+01	-1.445589e+02
1.330000e-06	-2.275002e-06	-2.123794e-09	-1.612845e+01	-1.442357e+02
1.340000e-06	-2.233435e-06	-2.118259e-09	-1.583377e+01	-1.439008e+02
1.350000e-06	-2.191482e-06	-2.107718e-09	-1.553634e+01	-1.435536e+02
1.360000e-06	-2.149250e-06	-2.097171e-09	-1.523694e+01	-1.431933e+02
1.370000e-06	-2.106741e-06	-2.089883e-09	-1.493558e+01	-1.428193e+02
1.380000e-06	-2.063884e-06	-2.081514e-09	-1.463175e+01	-1.424312e+02
1.390000e-06	-2.020717e-06	-2.071244e-09	-1.432572e+01	-1.420286e+02
1.400000e-06	-1.977369e-06	-2.067252e-09	-1.401841e+01	-1.416112e+02
1.410000e-06	-1.933921e-06	-2.066088e-09	-1.371038e+01	-1.411788e+02
1.420000e-06	-1.890430e-06	-2.058856e-09	-1.340206e+01	-1.407316e+02
1.430000e-06	-1.846831e-06	-2.045658e-09	-1.309297e+01	-1.402694e+02
1.440000e-06	-1.803150e-06	-2.034632e-09	-1.278329e+01	-1.397925e+02
1.450000e-06	-1.759421e-06	-2.027775e-09	-1.247328e+01	-1.393010e+02
1.460000e-06	-1.715634e-06	-2.019269e-09	-1.216285e+01	-1.387952e+02
1.470000e-06	-1.671828e-06	-2.006944e-09	-1.185229e+01	-1.382752e+02
1.480000e-06	-1.627938e-06	-1.995117e-09	-1.154114e+01	-1.377415e+02
1.490000e-06	-1.583927e-06	-1.988114e-09	-1.122913e+01	-1.371943e+02
1.500000e-06	-1.539850e-06	-1.984108e-09	-1.091665e+01	-1.366338e+02
1.510000e-06	-1.495663e-06	-1.977828e-09	-1.060339e+01	-1.360603e+02
1.520000e-06	-1.451369e-06	-1.964602e-09	-1.028937e+01	-1.354739e+02
1.530000e-06	-1.407048e-06	-1.951575e-09	-9.975155e+00	-1.348747e+02
1.540000e-06	-1.362665e-06	-1.941494e-09	-9.660511e+00	-1.342628e+02
1.550000e-06	-1.318139e-06	-1.931003e-09	-9.344845e+00	-1.336379e+02
1.560000e-06	-1.273522e-06	-1.919566e-09	-9.028533e+00	-1.330000e+02
1.570000e-06	-1.228872e-06	-1.911946e-09	-8.711995e+00	-1.323486e+02
1.580000e-06	-1.184064e-06	-1.908129e-09	-8.394328e+00	-1.316833e+02
1.590000e-06	-1.139100e-06	-1.903819e-09	-8.075562e+00	-1.310036e+02
1.600000e-06	-1.094021e-06	-1.893206e-09	-7.755976e+00	-1.303087e+02
1.610000e-06	-1.048815e-06	-1.879673e-09	-7.435490e+00	-1.295977e+02
1.620000e-06	-1.003604e-06	-1.867779e-09	-7.114971e+00	-1.288698e+02
1.630000e-06	-9.583777e-07	-1.856457e-09	-6.794345e+00	-1.281238e+02
1.640000e-06	-9.130727e-07	-1.843767e-09	-6.473159e+00	-1.273585e+02
1.650000e-06	-8.677143e-07	-1.832819e-09	-6.151594e+00	-1.265726e+02
1.660000e-06	-8.222788e-07	-1.825324e-09	-5.829482e+00	-1.257648e+02
1.670000e-06	-7.767566e-07	-1.816750e-09	-5.506756e+00	-1.249336e+02
1.680000e-06	-7.311444e-07	-1.800913e-09	-5.183392e+00	-1.240774e+02
1.690000e-06	-6.854986e-07	-1.780576e-09	-4.859789e+00	-1.231947e+02
1.700000e-06	-6.398664e-07	-1.765294e-09	-4.536283e+00	-1.222838e+02
1.710000e-06	-5.942335e-07	-1.753524e-09	-4.212773e+00	-1.213430e+02
1.720000e-06	-5.485835e-07	-1.740802e-09	-3.889141e+00	-1.203708e+02
1.730000e-06	-5.028709e-07	-1.725693e-09	-3.565065e+00	-1.193653e+02
1.740000e-06	-4.571236e-07	-1.712986e-09	-3.240742e+00	-1.183249e+02
1.750000e-06	-4.113234e-07	-1.701564e-09	-2.916045e+00	-1.172478e+02
1.760000e-06	-3.654985e-07	-1.687341e-09	-2.591174e+00	-1.161324e+02
1.770000e-06	-3.196327e-07	-1.668134e-09	-2.266012e+00	-1.149770e+02
1.780000e-06	-2.737521e-07	-1.648980e-09	-1.940744e+00	-1.137798e+02
1.790000e-06	-2.279234e-07	-1.631858e-09	-1.615845e+00	-1.125392e+02
1.800000e-06	-1.820481e-07	-1.609890e-09	-1.290616e+00	-1.112534e+02
1.810000e-06	-1.361231e-07	-1.587173e-09	-9.650341e-01	-1.099208e+02
1.820000e-06	-9.022282e-08	-1.568730e-09	-6.396277e-01	-1.085395e+02
1.830000e-06	-4.435795e-08	-1.553692e-09	-3.144723e-01	-1.071079e+02
1.840000e-06	1.515398e-09	-1.535915e-09	1.074330e-02	-1.056240e+02
1.850000e-06	4.738047e-08	-1.510696e-09	3.359002e-01	-1.040861e+02
1.860000e-06	9.321833e-08	-1.480772e-09	6.608641e-01	-1.024923e+02
1.870000e-06	1.390555e-07	-1.450697e-09	9.858229e-01	-1.008406e+02
1.880000e-06	1.848906e-07	-1.420333e-09	1.310768e+00	-9.912885e+01
1.890000e-06	2.307941e-07	-1.389659e-09	1.636197e+00	-9.735509e+01
1.900000e-06	2.767160e-07	-1.363370e-09	1.961757e+00	-9.551709e+01
1.910000e-06	3.225990e-07	-1.341261e-09	2.287041e+00	-9.361259e+01
1.920000e-06	3.684912e-07	-1.319794e-09	2.612390e+00	-9.163929e+01
1.930000e-06	4.143699e-07	-1.295417e-09	2.937644e+00	-8.959482e+01
1.940000e-06	4.601963e-07	-1.264601e-09	3.262526e+00	-8.747675e+01
1.950000e-06	5.059452e-07	-1.230357e-09	3.586859e+00	-8.528267e+01
1.960000e-06	5.516204e-07	-1.193571e-09	3.910670e+00	-8.301012e+01
1.970000e-06	5.972301e-07	-1.153100e-09	4.234016e+00	-8.065671e+01
1.980000e-06	6.427765e-07	-1.110877e-09	4.556915e+00	-7.822008e+01
1.990000e-06	6.882754e-07	-1.072761e-09	4.879475e+00	-7.569796e+01
2.000000e-06	7.337311e-07	-1.040683e-09	5.201730e+00	-7.308824e+01
2.010000e-06	7.791329e-07	-1.009745e-09	5.523603e+00	-7.038895e+01
2.020000e-06	8.245146e-07	-9.734167e-10	5.845332e+00	-6.759837e+01
2.030000e-06	8.698490e-07	-9.321318e-10	6.166728e+00	-6.471502e+01
2.040000e-06	9.151784e-07	-8.856811e-10	6.488087e+00	-6.173775e+01
2.050000e-06	9.604424e-07	-8.337159e-10	6.808982e+00	-5.866575e+01
2.060000e-06	1.005610e-06	-7.813089e-10	7.129192e+00	-5.549865e+01
2.070000e-06	1.050738e-06	-7.345133e-10	7.449128e+00	-5.223650e+01
2.080000e-06	1.095754e-06	-6.932159e-10	7.768265e+00	-4.887987e+01
2.090000e-06	1.140659e-06	-6.513964e-10	8.086615e+00	-4.542987e+01
2.100000e-06	1.185396e-06	-6.043250e-10	8.403770e+00	-4.188816e+01
2.110000e-06	1.229985e-06	-5.507193e-10	8.719885e+00	-3.825702e+01
2.120000e-06	1.274547e-06	-4.920129e-10	9.035806e+00	-3.453934e+01
2.130000e-06	1.319106e-06	-4.293238e-10	9.351701e+00	-3.073868e+01
2.140000e-06	1.363542e-06	-3.654743e-10	9.666723e+00	-2.685920e+01
2.150000e-06	1.407848e-06	-3.041864e-10	9.980829e+00	-2.290576e+01
2.160000e-06	1.452165e-06	-2.489858e-10	1.029501e+01	-1.888384e+01
2.170000e-06	1.496389e-06	-1.948687e-10	1.060853e+01	-1.479954e+01
2.180000e-06	1.540453e-06	-1.357992e-10	1.092092e+01	-1.065955e+01
2.190000e-06	1.584491e-06	-7.208169e-11	1.123313e+01	-6.471153e+00
2.200000e-06	1.628426e-06	-6.886221e-12	1.154460e+01	-2.242117e+00
2.210000e-06	1.672241e-06	5.924809e-11	1.185522e+01	2.019313e+00
2.220000e-06	1.716063e-06	1.282974e-10	1.216590e+01	6.304488e+00
2.230000e-06	1.759862e-06	1.967350e-10	1.247640e+01	1.060443e+01
2.240000e-06	1.803586e-06	2.606313e-10	1.278639e+01	1.490988e+01
2.250000e-06	1.847155e-06	3.209442e-10	1.309526e+01	1.921144e+01
2.260000e-06	1.890570e-06	3.835456e-10	1.340305e+01	2.349956e+01
2.270000e-06	1.933950e-06	4.505482e-10	1.371059e+01	2.776473e+01
2.280000e-06	1.977206e-06	5.156755e-10	1.401725e+01	3.199749e+01
2.290000e-06	2.020272e-06	5.771251e-10	1.432256e+01	3.618856e+01
2.300000e-06	2.063203e-06	6.399646e-10	1.462692e+01	4.032890e+01
2.310000e-06	2.105963e-06	7.050176e-10	1.493006e+01	4.440982e+01
2.320000e-06	2.148420e-06	7.662388e-10	1.523106e+01	4.842307e+01
2.330000e-06	2.190595e-06	8.217148e-10	1.553005e+01	5.236089e+01
2.340000e-06	2.232480e-06	8.739464e-10	1.582699e+01	5.621608e+01
2.350000e-06	2.274092e-06	9.290696e-10	1.612200e+01	5.998209e+01
2.360000e-06	2.315509e-06	9.859367e-10	1.641562e+01	6.365305e+01
2.370000e-06	2.356552e-06	1.036585e-09	1.670659e+01	6.722384e+01
2.380000e-06	2.397328e-06	1.081187e-09	1.699567e+01	7.069012e+01
2.390000e-06	2.437908e-06	1.126445e-09	1.728336e+01	7.404831e+01
2.400000e-06	2.478278e-06	1.172259e-09	1.756956e+01	7.729569e+01
2.410000e-06	2.518488e-06	1.214340e-09	1.785462e+01	8.043033e+01
2.420000e-06	2.558533e-06	1.254931e-09	1.813853e+01	8.345112e+01
2.430000e-06	2.598454e-06	1.298614e-09	1.842154e+01	8.635773e+01
2.440000e-06	2.638232e-06	1.344889e-09	1.870354e+01	8.915061e+01
2.450000e-06	2.677922e-06	1.384919e-09	1.898492e+01	9.183094e+01
2.460000e-06	2.717510e-06	1.417978e-09	1.926558e+01	9.440055e+01
2.470000e-06	2.757003e-06	1.449330e-09	1.954556e+01	9.686192e+01
2.480000e-06	2.796375e-06	1.482420e-09	1.982468e+01	9.921808e+01
2.490000e-06	2.835481e-06	1.516835e-09	2.010192e+01	1.014726e+02
2.500000e-06	2.874333e-06	1.548965e-09	2.037736e+01	1.036293e+02
2.510000e-06	2.913081e-06	1.581154e-09	2.065206e+01	1.056926e+02
2.520000e-06	2.951712e-06	1.614135e-09	2.092594e+01	1.076670e+02
2.530000e-06	2.990020e-06	1.642945e-09	2.119752e+01	1.095572e+02
2.540000e-06	3.028026e-06	1.665862e-09	2.146696e+01	1.113681e+02
2.550000e-06	3.065877e-06	1.689185e-09	2.173530e+01	1.131046e+02
2.560000e-06	3.103530e-06	1.715948e-09	2.200224e+01	1.147715e+02
2.570000e-06	3.141016e-06	1.740176e-09	2.226799e+01	1.163736e+02
2.580000e-06	3.178335e-06	1.762025e-09	2.253256e+01	1.179154e+02
2.590000e-06	3.215359e-06	1.784101e-09	2.279504e+01	1.194013e+02
2.600000e-06	3.252114e-06	1.805225e-09	2.305561e+01	1.208353e+02
2.610000e-06	3.288641e-06	1.823757e-09	2.331457e+01	1.222213e+02
2.620000e-06	3.324937e-06	1.841328e-09	2.357189e+01	1.235625e+02
2.630000e-06	3.361111e-06	1.861345e-09	2.382834e+01	1.248620e+02
2.640000e-06	3.397137e-06	1.882036e-09	2.408374e+01	1.261226e+02
2.650000e-06	3.432983e-06	1.900226e-09	2.433787e+01	1.273464e+02
2.660000e-06	3.468684e-06	1.915793e-09	2.459096e+01	1.285353e+02
2.670000e-06	3.504181e-06	1.932677e-09	2.484262e+01	1.296909e+02
2.680000e-06	3.539516e-06	1.951006e-09	2.509313e+01	1.308142e+02
2.690000e-06	3.574585e-06	1.966526e-09	2.534174e+01	1.319061e+02
2.700000e-06	3.609261e-06	1.977544e-09	2.558758e+01	1.329670e+02
2.710000e-06	3.643531e-06	1.988184e-09	2.583053e+01	1.339973e+02
2.720000e-06	3.677325e-06	2.003876e-09	2.607011e+01	1.349968e+02
2.730000e-06	3.710691e-06	2.022465e-09	2.630666e+01	1.359654e+02
2.740000e-06	3.743744e-06	2.036949e-09	2.654098e+01	1.369028e+02
2.750000e-06	3.776475e-06	2.048455e-09	2.677303e+01	1.378086e+02
2.760000e-06	3.808927e-06	2.062819e-09	2.700309e+01	1.386823e+02
2.770000e-06	3.841110e-06	2.078313e-09	2.723125e+01	1.395233e+02
2.780000e-06	3.873011e-06	2.090435e-09	2.745741e+01	1.403314e+02
2.790000e-06	3.904728e-06	2.099205e-09	2.768227e+01	1.411060e+02
2.800000e-06	3.936320e-06	2.110689e-09	2.790624e+01	1.418471e+02
2.810000e-06	3.967745e-06	2.125575e-09	2.812902e+01	1.425544e+02
2.820000e-06	3.998866e-06	2.135899e-09	2.834965e+01	1.432279e+02
2.830000e-06	4.029672e-06	2.141510e-09	2.856805e+01	1.438681e+02
2.840000e-06	4.060154e-06	2.147609e-09	2.878415e+01	1.444752e+02
2.850000e-06	4.090340e-06	2.157135e-09	2.899815e+01	1.450500e+02
2.860000e-06	4.120299e-06	2.168498e-09	2.921054e+01	1.455932e+02
2.870000e-06	4.150033e-06	2.178023e-09	2.942134e+01	1.461061e+02
2.880000e-06	4.179439e-06	2.185947e-09	2.962981e+01	1.465897e+02
2.890000e-06	4.208539e-06	2.193093e-09	2.983611e+01	1.470456e+02
2.900000e-06	4.237396e-06	2.198178e-09	3.004069e+01	1.474754e+02
2.910000e-06	4.265842e-06	2.201136e-09	3.024236e+01	1.478807e+02
2.920000e-06	4.294025e-06	2.202364e-09	3.044216e+01	1.482635e+02
2.930000e-06	4.322100e-06	2.205565e-09	3.064119e+01	1.486256e+02
2.940000e-06	4.349963e-06	2.214258e-09	3.083873e+01	1.489691e+02
2.950000e-06	4.377648e-06	2.224005e-09	3.103499e+01	1.492959e+02
2.960000e-06	4.405144e-06	2.232090e-09	3.122993e+01	1.496080e+02
2.970000e-06	4.432294e-06	2.240071e-09	3.142240e+01	1.499073e+02
2.980000e-06	4.459027e-06	2.245206e-09	3.161193e+01	1.501957e+02
2.990000e-06	4.485257e-06	2.246329e-09	3.179788e+01	1.504748e+02
3.000000e-06	4.510902e-06	2.245865e-09	3.197969e+01	1.507464e+02
3.010000e-06	4.536103e-06	2.246743e-09	3.215835e+01	1.510118e+02
3.020000e-06	4.560905e-06	2.250280e-09	3.233418e+01	1.512724e+02
3.030000e-06	4.585257e-06	2.253330e-09	3.250682e+01	1.515291e+02
3.040000e-06	4.609273e-06	2.257737e-09	3.267708e+01	1.517829e+02
3.050000e-06	4.633073e-06	2.265486e-09	3.284582e+01	1.520344e+02
3.060000e-06	4.656643e-06	2.274223e-09	3.301291e+01	1.522841e+02
3.070000e-06	4.679890e-06	2.281405e-09	3.317772e+01	1.525323e+02
3.080000e-06	4.702844e-06	2.284155e-09	3.334045e+01	1.527790e+02
3.090000e-06	4.725519e-06	2.283441e-09	3.350120e+01	1.530241e+02
3.100000e-06	4.747853e-06	2.283887e-09	3.365954e+01	1.532673e+02
3.110000e-06	4.769870e-06	2.284937e-09	3.381562e+01	1.535081e+02
3.120000e-06	4.791602e-06	2.282641e-09	3.396969e+01	1.537461e+02
3.130000e-06	4.813027e-06	2.282999e-09	3.412159e+01	1.539804e+02
3.140000e-06	4.834098e-06	2.289098e-09	3.427097e+01	1.542105e+02
3.150000e-06	4.854800e-06	2.298360e-09	3.441773e+01	1.544354e+02
3.160000e-06	4.875153e-06	2.306625e-09	3.456202e+01	1.546544e+02
3.170000e-06	4.895243e-06	2.310281e-09	3.470444e+01	1.548666e+02
3.180000e-06	4.915137e-06	2.311152e-09	3.484549e+01	1.550712e+02
3.190000e-06	4.934801e-06	2.309869e-09	3.498489e+01	1.552676e+02
3.200000e-06	4.954196e-06	2.307390e-09	3.512239e+01	1.554549e+02
3.210000e-06	4.973321e-06	2.304652e-09	3.525797e+01	1.556327e+02
3.220000e-06	4.992007e-06	2.307006e-09	3.539045e+01	1.558004e+02
3.230000e-06	5.010215e-06	2.314309e-09	3.551953e+01	1.559578e+02
3.240000e-06	5.028074e-06	2.321984e-09	3.564615e+01	1.561045e+02
3.250000e-06	5.045603e-06	2.328964e-09	3.577041e+01	1.562405e+02
3.260000e-06	5.062776e-06	2.336030e-09	3.589216e+01	1.563659e+02
3.270000e-06	5.079638e-06	2.340751e-09	3.601170e+01	1.564809e+02
3.280000e-06	5.096187e-06	2.339954e-09	3.612902e+01	1.565857e+02
3.290000e-06	5.112352e-06	2.336300e-09	3.624362e+01	1.566808e+02
3.300000e-06	5.128126e-06	2.332058e-09	3.635545e+01	1.567668e+02
3.310000e-06	5.143352e-06	2.329317e-09	3.646340e+01	1.568443e+02
3.320000e-06	5.158036e-06	2.328824e-09	3.656749e+01	1.569141e+02
3.330000e-06	5.172341e-06	2.330085e-09	3.666891e+01	1.569769e+02
3.340000e-06	5.186327e-06	2.334644e-09	3.676806e+01	1.570336e+02
3.350000e-06	5.199882e-06	2.343889e-09	3.686416e+01	1.570851e+02
3.360000e-06	5.213013e-06	2.353600e-09	3.695725e+01	1.571322e+02
3.370000e-06	5.225889e-06	2.355408e-09	3.704854e+01	1.571758e+02
3.380000e-06	5.238389e-06	2.348360e-09	3.713716e+01	1.572166e+02
3.390000e-06	5.250499e-06	2.338414e-09	3.722300e+01	1.572555e+02
3.400000e-06	5.262296e-06	2.332288e-09	3.730664e+01	1.572932e+02
3.410000e-06	5.273661e-06	2.333701e-09	3.738721e+01	1.573302e+02
3.420000e-06	5.284526e-06	2.338022e-09	3.746424e+01	1.573671e+02
3.430000e-06	5.294843e-06	2.344600e-09	3.753738e+01	1.574043e+02
3.440000e-06	5.304573e-06	2.352122e-09	3.760636e+01	1.574422e+02
3.450000e-06	5.313657e-06	2.358318e-09	3.767076e+01	1.574808e+02
3.460000e-06	5.322277e-06	2.359888e-09	3.773187e+01	1.575203e+02
3.470000e-06	5.330599e-06	2.356001e-09	3.779087e+01	1.575606e+02
3.480000e-06	5.338574e-06	2.348532e-09	3.784741e+01	1.576017e+02
3.490000e-06	5.346261e-06	2.341909e-09	3.790190e+01	1.576433e+02
3.500000e-06	5.353668e-06	2.338448e-09	3.795441e+01	1.576852e+02
3.510000e-06	5.360724e-06	2.337438e-09	3.800444e+01	1.577269e+02
3.520000e-06	5.367436e-06	2.339787e-09	3.805203e+01	1.577680e+02
3.530000e-06	5.373825e-06	2.344657e-09	3.809732e+01	1.578080e+02
3.540000e-06	5.379835e-06	2.350762e-09	3.813992e+01	1.578466e+02
3.550000e-06	5.385394e-06	2.355521e-09	3.817933e+01	1.578832e+02
3.560000e-06	5.390556e-06	2.356845e-09	3.821593e+01	1.579173e+02
3.570000e-06	5.395411e-06	2.354099e-09	3.825035e+01	1.579485e+02
3.580000e-06	5.399889e-06	2.349893e-09	3.828210e+01	1.579764e+02
3.590000e-06	5.404107e-06	2.345263e-09	3.831200e+01	1.580007e+02
3.600000e-06	5.408133e-06	2.341262e-09	3.834054e+01	1.580212e+02
3.610000e-06	5.411863e-06	2.341756e-09	3.836698e+01	1.580377e+02
3.620000e-06	5.415255e-06	2.348719e-09	3.839103e+01	1.580501e+02
3.630000e-06	5.418282e-06	2.358964e-09	3.841249e+01	1.580586e+02
3.640000e-06	5.420731e-06	2.369176e-09	3.842985e+01	1.580633e+02
3.650000e-06	5.422491e-06	2.374776e-09	3.844233e+01	1.580644e+02
3.660000e-06	5.423755e-06	2.373551e-09	3.845129e+01	1.580624e+02
3.670000e-06	5.424598e-06	2.366782e-09	3.845727e+01	1.580578e+02
3.680000e-06	5.424983e-06	2.359724e-09	3.846000e+01	1.580512e+02
3.690000e-06	5.424964e-06	2.353591e-09	3.845987e+01	1.580433e+02
3.700000e-06	5.424731e-06	2.351107e-09	3.845821e+01	1.580349e+02
3.710000e-06	5.424336e-06	2.358360e-09	3.845541e+01	1.580268e+02
3.720000e-06	5.423506e-06	2.368800e-09	3.844953e+01	1.580200e+02
3.730000e-06	5.422253e-06	2.378750e-09	3.844064e+01	1.580153e+02
3.740000e-06	5.420699e-06	2.387045e-09	3.842963e+01	1.580139e+02
3.750000e-06	5.418800e-06	2.384232e-09	3.841616e+01	1.580166e+02
3.760000e-06	5.416590e-06	2.349170e-09	3.840049e+01	1.580243e+02
3.770000e-06	5.414038e-06	2.295946e-09	3.838240e+01	1.580381e+02
3.780000e-06	5.411050e-06	2.356946e-09	3.836122e+01	1.580588e+02
3.790000e-06	5.407569e-06	2.489949e-09	3.833655e+01	1.580872e+02
3.800000e-06	5.403718e-06	2.399994e-09	3.830924e+01	1.581240e+02
3.810000e-06	5.399669e-06	2.243471e-09	3.828054e+01	1.581697e+02
3.820000e-06	5.395426e-06	2.321097e-09	3.825046e+01	1.582250e+02
3.830000e-06	5.390830e-06	2.470044e-09	3.821788e+01	1.582901e+02
3.840000e-06	5.385661e-06	2.387615e-09	3.818123e+01	1.583652e+02
3.850000e-06	5.380074e-06	2.157266e-09	3.814162e+01	1.584506e+02
3.860000e-06	5.374249e-06	2.291622e-09	3.810032e+01	1.585460e+02
3.870000e-06	5.367830e-06	2.556892e-09	3.805481e+01	1.586513e+02
3.880000e-06	5.360731e-06	2.431039e-09	3.800449e+01	1.587662e+02
3.890000e-06	5.353301e-06	2.185800e-09	3.795182e+01	1.588900e+02
3.900000e-06	5.345501e-06	2.341763e-09	3.789651e+01	1.590223e+02
3.910000e-06	5.337229e-06	2.558925e-09	3.783787e+01	1.591622e+02
3.920000e-06	5.328617e-06	2.310703e-09	3.777682e+01	1.593087e+02
3.930000e-06	5.319751e-06	2.135565e-09	3.771397e+01	1.594610e+02
3.940000e-06	5.310584e-06	2.431716e-09	3.764898e+01	1.596179e+02
3.950000e-06	5.300951e-06	2.599946e-09	3.758069e+01	1.597782e+02
3.960000e-06	5.290918e-06	2.300294e-09	3.750955e+01	1.599406e+02
3.970000e-06	5.280650e-06	2.242376e-09	3.743676e+01	1.601039e+02
3.980000e-06	5.270006e-06	2.562445e-09	3.736130e+01	1.602666e+02
3.990000e-06	5.258828e-06	2.546299e-09	3.728206e+01	1.604275e+02
4.000000e-06	5.247282e-06	2.258067e-09	3.720020e+01	1.605852e+02
4.010000e-06	5.235387e-06	2.395834e-09	3.711587e+01	1.607382e+02
4.020000e-06	5.222958e-06	2.669062e-09	3.702776e+01	1.608854e+02
4.030000e-06	5.210230e-06	2.488599e-09	3.693752e+01	1.610255e+02
4.040000e-06	5.197236e-06	2.295804e-09	3.684540e+01	1.611572e+02
4.050000e-06	5.183727e-06	2.492137e-09	3.674963e+01	1.612795e+02
4.060000e-06	5.169583e-06	2.562612e-09	3.664936e+01	1.613914e+02
4.070000e-06	5.154786e-06	2.371780e-09	3.654446e+01	1.614918e+02
4.080000e-06	5.139451e-06	2.388843e-09	3.643574e+01	1.615800e+02
4.090000e-06	5.123710e-06	2.508942e-09	3.632415e+01	1.616553e+02
4.100000e-06	5.107655e-06	2.451796e-09	3.621033e+01	1.617172e+02
4.110000e-06	5.091326e-06	2.444155e-09	3.609457e+01	1.617651e+02
4.120000e-06	5.074713e-06	2.518496e-09	3.597678e+01	1.617988e+02
4.130000e-06	5.057743e-06	2.428593e-09	3.585648e+01	1.618182e+02
4.140000e-06	5.040433e-06	2.373734e-09	3.573376e+01	1.618231e+02
4.150000e-06	5.022724e-06	2.485687e-09	3.560821e+01	1.618137e+02
4.160000e-06	5.004713e-06	2.486018e-09	3.548053e+01	1.617902e+02
4.170000e-06	4.986456e-06	2.380800e-09	3.535110e+01	1.617529e+02
4.180000e-06	4.967782e-06	2.432311e-09	3.521871e+01	1.617023e+02
4.190000e-06	4.948685e-06	2.497222e-09	3.508332e+01	1.616389e+02
4.200000e-06	4.929293e-06	2.452934e-09	3.494584e+01	1.615635e+02
4.210000e-06	4.909631e-06	2.421348e-09	3.480645e+01	1.614766e+02
4.220000e-06	4.889733e-06	2.420550e-09	3.466539e+01	1.613792e+02
4.230000e-06	4.869684e-06	2.417665e-09	3.452325e+01	1.612721e+02
4.240000e-06	4.849473e-06	2.456401e-09	3.437996e+01	1.611563e+02
4.250000e-06	4.829000e-06	2.450739e-09	3.423482e+01	1.610327e+02
4.260000e-06	4.808051e-06	2.402149e-09	3.408630e+01	1.609023e+02
4.270000e-06	4.786431e-06	2.434319e-09	3.393303e+01	1.607662e+02
4.280000e-06	4.764220e-06	2.471840e-09	3.377557e+01	1.606254e+02
4.290000e-06	4.741512e-06	2.418234e-09	3.361458e+01	1.604808e+02
4.300000e-06	4.718304e-06	2.389482e-09	3.345005e+01	1.603334e+02
4.310000e-06	4.694653e-06	2.414806e-09	3.328238e+01	1.601841e+02
4.320000e-06	4.670715e-06	2.423028e-09	3.311267e+01	1.600339e+02
4.330000e-06	4.646619e-06	2.427926e-09	3.294185e+01	1.598835e+02
4.340000e-06	4.622336e-06	2.421374e-09	3.276969e+01	1.597337e+02
4.350000e-06	4.597771e-06	2.400104e-09	3.259554e+01	1.595851e+02
4.360000e-06	4.572928e-06	2.420913e-09	3.241942e+01	1.594384e+02
4.370000e-06	4.547763e-06	2.441594e-09	3.224102e+01	1.592939e+02
4.380000e-06	4.522248e-06	2.401599e-09	3.206013e+01	1.591520e+02
4.390000e-06	4.496418e-06	2.380732e-09	3.187701e+01	1.590131e+02
4.400000e-06	4.470255e-06	2.410442e-09	3.169153e+01	1.588771e+02
4.410000e-06	4.443834e-06	2.427716e-09	3.150422e+01	1.587443e+02
4.420000e-06	4.417161e-06	2.412566e-09	3.131512e+01	1.586144e+02
4.430000e-06	4.390136e-06	2.400731e-09	3.112353e+01	1.584873e+02
4.440000e-06	4.362746e-06	2.406250e-09	3.092935e+01	1.583628e+02
4.450000e-06	4.335032e-06	2.424637e-09	3.073288e+01	1.582403e+02
4.460000e-06	4.307079e-06	2.417039e-09	3.053470e+01	1.581195e+02
4.470000e-06	4.278929e-06	2.390320e-09	3.033514e+01	1.579996e+02
4.480000e-06	4.250650e-06	2.387962e-09	3.013465e+01	1.578802e+02
4.490000e-06	4.222208e-06	2.404895e-09	2.993302e+01	1.577605e+02
4.500000e-06	4.193441e-06	2.401305e-09	2.972907e+01	1.576396e+02
4.510000e-06	4.164293e-06	2.392542e-09	2.952243e+01	1.575168e+02
4.520000e-06	4.134662e-06	2.398580e-09	2.931237e+01	1.573913e+02
4.530000e-06	4.104404e-06	2.416600e-09	2.909786e+01	1.572622e+02
4.540000e-06	4.073599e-06	2.422416e-09	2.887947e+01	1.571287e+02
4.550000e-06	4.042395e-06	2.408012e-09	2.865825e+01	1.569900e+02
4.560000e-06	4.010895e-06	2.391044e-09	2.843493e+01	1.568452e+02
4.570000e-06	3.979156e-06	2.391092e-09	2.820992e+01	1.566936e+02
4.580000e-06	3.947179e-06	2.396540e-09	2.798322e+01	1.565347e+02
4.590000e-06	3.915025e-06	2.389374e-09	2.775527e+01	1.563677e+02
4.600000e-06	3.882717e-06	2.379058e-09	2.752623e+01	1.561923e+02
4.610000e-06	3.850250e-06	2.386475e-09	2.729605e+01	1.560079e+02
4.620000e-06	3.817522e-06	2.403600e-09	2.706403e+01	1.558143e+02
4.630000e-06	3.784484e-06	2.401888e-09	2.682981e+01	1.556113e+02
4.640000e-06	3.751194e-06	2.382229e-09	2.659380e+01	1.553989e+02
4.650000e-06	3.717676e-06	2.371521e-09	2.635618e+01	1.551770e+02
4.660000e-06	3.683898e-06	2.375886e-09	2.611671e+01	1.549460e+02
4.670000e-06	3.649882e-06	2.372894e-09	2.587555e+01	1.547060e+02
4.680000e-06	3.615680e-06	2.358682e-09	2.563309e+01	1.544575e+02
4.690000e-06	3.581228e-06	2.352311e-09	2.538884e+01	1.542010e+02
4.700000e-06	3.546487e-06	2.362929e-09	2.514254e+01	1.539372e+02
4.710000e-06	3.511481e-06	2.367192e-09	2.489437e+01	1.536666e+02
4.720000e-06	3.476159e-06	2.357901e-09	2.464396e+01	1.533901e+02
4.730000e-06	3.440561e-06	2.350396e-09	2.439159e+01	1.531085e+02
4.740000e-06	3.404771e-06	2.355297e-09	2.413786e+01	1.528228e+02
4.750000e-06	3.368833e-06	2.355530e-09	2.388308e+01	1.525336e+02
4.760000e-06	3.332798e-06	2.340320e-09	2.362761e+01	1.522421e+02
4.770000e-06	3.296696e-06	2.321962e-09	2.337167e+01	1.519491e+02
4.780000e-06	3.260472e-06	2.318921e-09	2.311487e+01	1.516553e+02
4.790000e-06	3.224039e-06	2.323838e-09	2.285657e+01	1.513618e+02
4.800000e-06	3.187361e-06	2.322680e-09	2.259655e+01	1.510691e+02
4.810000e-06	3.150409e-06	2.316873e-09	2.233458e+01	1.507780e+02
4.820000e-06	3.113179e-06	2.317132e-09	2.207064e+01	1.504890e+02
4.830000e-06	3.075623e-06	2.320098e-09	2.180439e+01	1.502026e+02
4.840000e-06	3.037672e-06	2.314238e-09	2.153534e+01	1.499192e+02
4.850000e-06	2.999385e-06	2.296784e-09	2.126391e+01	1.496389e+02
4.860000e-06	2.960701e-06	2.282825e-09	2.098966e+01	1.493619e+02
4.870000e-06	2.921510e-06	2.279456e-09	2.071182e+01	1.490880e+02
4.880000e-06	2.882045e-06	2.280370e-09	2.043203e+01	1.488170e+02
4.890000e-06	2.842397e-06	2.278242e-09	2.015096e+01	1.485486e+02
4.900000e-06	2.802549e-06	2.275714e-09	1.986846e+01	1.482824e+02
4.910000e-06	2.762570e-06	2.278563e-09	1.958503e+01	1.480177e+02
4.920000e-06	2.722495e-06	2.281048e-09	1.930092e+01	1.477537e+02
4.930000e-06	2.682351e-06	2.276869e-09	1.901632e+01	1.474898e+02
4.940000e-06	2.642147e-06	2.268415e-09	1.873130e+01	1.472248e+02
4.950000e-06	2.601816e-06	2.261869e-09	1.844537e+01	1.469579e+02
4.960000e-06	2.561269e-06	2.257341e-09	1.815792e+01	1.466879e+02
4.970000e-06	2.520522e-06	2.250643e-09	1.786905e+01	1.464137e+02
4.980000e-06	2.479626e-06	2.243124e-09	1.757912e+01	1.461343e+02
4.990000e-06	2.438492e-06	2.242302e-09	1.728750e+01	1.458484e+02
5.000000e-06	2.397165e-06	2.247459e-09	1.699452e+01	1.455551e+02
5.010000e-06	2.355744e-06	2.251678e-09	1.670086e+01	1.452531e+02
5.020000e-06	2.314174e-06	2.249669e-09	1.640616e+01	1.449414e+02
5.030000e-06	2.272466e-06	2.247384e-09	1.611047e+01	1.446191e+02
5.040000e-06	2.230631e-06	2.245826e-09	1.581389e+01	1.442852e+02
5.050000e-06	2.188635e-06	2.240325e-09	1.551616e+01	1.439391e+02
5.060000e-06	2.146499e-06	2.229862e-09	1.521744e+01	1.435798e+02
5.070000e-06	2.104219e-06	2.221615e-09	1.491770e+01	1.432070e+02
5.080000e-06	2.061800e-06	2.217417e-09	1.461697e+01	1.428200e+02
5.090000e-06	2.019224e-06	2.216951e-09	1.431514e+01	1.424186e+02
5.100000e-06	1.976477e-06	2.218295e-09	1.401208e+01	1.420024e+02
5.110000e-06	1.933607e-06	2.218308e-09	1.370815e+01	1.415713e+02
5.120000e-06	1.890622e-06	2.217195e-09	1.340342e+01	1.411253e+02
5.130000e-06	1.847480e-06	2.211340e-09	1.309757e+01	1.406644e+02
5.140000e-06	1.804065e-06	2.201646e-09	1.278978e+01	1.401887e+02
5.150000e-06	1.760464e-06	2.192262e-09	1.248067e+01	1.396983e+02
5.160000e-06	1.716764e-06	2.186243e-09	1.217087e+01	1.391936e+02
5.170000e-06	1.673013e-06	2.181360e-09	1.186070e+01	1.386749e+02
5.180000e-06	1.629193e-06	2.174311e-09	1.155004e+01	1.381423e+02
5.190000e-06	1.585239e-06	2.166081e-09	1.123843e+01	1.375961e+02
5.200000e-06	1.541274e-06	2.160512e-09	1.092674e+01	1.370367e+02
5.210000e-06	1.497285e-06	2.156359e-09	1.061489e+01	1.364643e+02
5.220000e-06	1.453210e-06	2.150369e-09	1.030242e+01	1.358789e+02
5.230000e-06	1.409100e-06	2.143751e-09	9.989709e+00	1.352808e+02
5.240000e-06	1.364941e-06	2.134489e-09	9.676643e+00	1.346699e+02
5.250000e-06	1.320746e-06	2.124309e-09	9.363327e+00	1.340461e+02
5.260000e-06	1.276530e-06	2.113648e-09	9.049860e+00	1.334092e+02
5.270000e-06	1.232296e-06	2.102047e-09	8.736270e+00	1.327590e+02
5.280000e-06	1.187994e-06	2.090417e-09	8.422195e+00	1.320949e+02
5.290000e-06	1.143599e-06	2.079659e-09	8.107459e+00	1.314164e+02
5.300000e-06	1.099171e-06	2.071646e-09	7.792491e+00	1.307227e+02
5.310000e-06	1.054647e-06	2.065176e-09	7.476839e+00	1.300131e+02
5.320000e-06	1.009990e-06	2.056602e-09	7.160248e+00	1.292866e+02
5.330000e-06	9.653248e-07	2.043177e-09	6.843595e+00	1.285421e+02
5.340000e-06	9.206628e-07	2.029183e-09	6.526968e+00	1.277785e+02
5.350000e-06	8.759464e-07	2.017304e-09	6.209954e+00	1.269944e+02
5.360000e-06	8.312287e-07	2.003521e-09	5.892931e+00	1.261884e+02
5.370000e-06	7.864275e-07	1.989057e-09	5.575317e+00	1.253592e+02
5.380000e-06	7.415573e-07	1.976093e-09	5.257213e+00	1.245051e+02
5.390000e-06	6.966169e-07	1.965093e-09	4.938612e+00	1.236246e+02
5.400000e-06	6.515431e-07	1.956228e-09	4.619065e+00	1.227161e+02
5.410000e-06	6.064146e-07	1.946816e-09	4.299129e+00	1.217779e+02
5.420000e-06	5.612133e-07	1.934630e-09	3.978678e+00	1.208083e+02
5.430000e-06	5.159706e-07	1.917173e-09	3.657934e+00	1.198057e+02
5.440000e-06	4.706712e-07	1.896503e-09	3.336787e+00	1.187682e+02
5.450000e-06	4.253011e-07	1.876599e-09	3.015139e+00	1.176943e+02
5.460000e-06	3.798766e-07	1.857538e-09	2.693106e+00	1.165821e+02
5.470000e-06	3.344372e-07	1.838979e-09	2.370967e+00	1.154301e+02
5.480000e-06	2.890444e-07	1.821724e-09	2.049158e+00	1.142364e+02
5.490000e-06	2.436295e-07	1.804276e-09	1.727192e+00	1.129995e+02
5.500000e-06	1.981517e-07	1.783808e-09	1.404781e+00	1.117175e+02
5.510000e-06	1.525484e-07	1.762132e-09	1.081480e+00	1.103888e+02
5.520000e-06	1.069666e-07	1.740350e-09	7.583313e-01	1.090116e+02
5.530000e-06	6.148240e-08	1.716169e-09	4.358747e-01	1.075842e+02
5.540000e-06	1.604179e-08	1.688836e-09	1.137270e-01	1.061048e+02
5.550000e-06	-2.945196e-08	1.659790e-09	-2.087974e-01	1.045715e+02
5.560000e-06	-7.504078e-08	1.634240e-09	-5.319958e-01	1.029823e+02
5.570000e-06	-1.206188e-07	1.611654e-09	-8.551178e-01	1.013355e+02
5.580000e-06	-1.660991e-07	1.585478e-09	-1.177547e+00	9.962883e+01
5.590000e-06	-2.115040e-07	1.553482e-09	-1.499441e+00	9.786031e+01
5.600000e-06	-2.569684e-07	1.519562e-09	-1.821758e+00	9.602772e+01
5.610000e-06	-3.023935e-07	1.487798e-09	-2.143796e+00	9.412884e+01
5.620000e-06	-3.477708e-07	1.455175e-09	-2.465494e+00	9.216134e+01
5.630000e-06	-3.931678e-07	1.421025e-09	-2.787333e+00	9.012287e+01
5.640000e-06	-4.385593e-07	1.387807e-09	-3.109133e+00	8.801101e+01
5.650000e-06	-4.838825e-07	1.355722e-09	-3.430447e+00	8.582334e+01
5.660000e-06	-5.290532e-07	1.318611e-09	-3.750682e+00	8.355740e+01
5.670000e-06	-5.741833e-07	1.275094e-09	-4.070628e+00	8.121080e+01
5.680000e-06	-6.192924e-07	1.231504e-09	-4.390426e+00	7.878117e+01
5.690000e-06	-6.642650e-07	1.191878e-09	-4.709256e+00	7.626624e+01
5.700000e-06	-7.091934e-07	1.154418e-09	-5.027772e+00	7.366388e+01
5.710000e-06	-7.540621e-07	1.114616e-09	-5.345865e+00	7.097211e+01
5.720000e-06	-7.987720e-07	1.073375e-09	-5.662832e+00	6.818918e+01
5.730000e-06	-8.434529e-07	1.032744e-09	-5.979594e+00	6.531359e+01
5.740000e-06	-8.881598e-07	9.883507e-10	-6.296540e+00	6.234415e+01
5.750000e-06	-9.327376e-07	9.367651e-10	-6.612572e+00	5.928005e+01
5.760000e-06	-9.772064e-07	8.820845e-10	-6.927829e+00	5.612086e+01
5.770000e-06	-1.021714e-06	8.314499e-10	-7.243363e+00	5.286660e+01
5.780000e-06	-1.066188e-06	7.848691e-10	-7.558661e+00	4.951779e+01
5.790000e-06	-1.110586e-06	7.354287e-10	-7.873417e+00	4.607550e+01
5.800000e-06	-1.154892e-06	6.813387e-10	-8.187519e+00	4.254133e+01
5.810000e-06	-1.199079e-06	6.257083e-10	-8.500775e+00	3.891752e+01
5.820000e-06	-1.243246e-06	5.707888e-10	-8.813894e+00	3.520691e+01
5.830000e-06	-1.287415e-06	5.125440e-10	-9.127031e+00	3.141299e+01
5.840000e-06	-1.331580e-06	4.481904e-10	-9.440133e+00	2.753989e+01
5.850000e-06	-1.375687e-06	3.830899e-10	-9.752827e+00	2.359240e+01
5.860000e-06	-1.419763e-06	3.209981e-10	-1.006530e+01	1.957594e+01
5.870000e-06	-1.463833e-06	2.611412e-10	-1.037773e+01	1.549656e+01
5.880000e-06	-1.507794e-06	2.003823e-10	-1.068939e+01	1.136093e+01
5.890000e-06	-1.551705e-06	1.361877e-10	-1.100069e+01	7.176256e+00
5.900000e-06	-1.595552e-06	7.128048e-11	-1.131154e+01	2.950278e+00
5.910000e-06	-1.639307e-06	4.585572e-12	-1.162174e+01	-1.308796e+00
5.920000e-06	-1.683024e-06	-6.559438e-11	-1.193167e+01	-5.592350e+00
5.930000e-06	-1.726634e-06	-1.364729e-10	-1.224084e+01	-9.891427e+00
5.940000e-06	-1.770131e-06	-2.045784e-10	-1.254921e+01	-1.419680e+01
5.950000e-06	-1.813537e-06	-2.711264e-10	-1.285693e+01	-1.849906e+01
5.960000e-06	-1.856814e-06	-3.386652e-10	-1.316374e+01	-2.278869e+01
5.970000e-06	-1.899859e-06	-4.055778e-10	-1.346890e+01	-2.705616e+01
5.980000e-06	-1.942729e-06	-4.684716e-10	-1.377283e+01	-3.129199e+01
5.990000e-06	-1.985462e-06	-5.285429e-10	-1.407578e+01	-3.548690e+01
6.000000e-06	-2.028039e-06	-5.900016e-10	-1.437763e+01	-3.963182e+01
6.010000e-06	-2.070529e-06	-6.536962e-10	-1.467885e+01	-4.371804e+01
6.020000e-06	-2.112906e-06	-7.183660e-10	-1.497929e+01	-4.773726e+01
6.030000e-06	-2.155189e-06	-7.843949e-10	-1.527905e+01	-5.168166e+01
6.040000e-06	-2.197310e-06	-8.507780e-10	-1.557766e+01	-5.554401e+01
6.050000e-06	-2.239191e-06	-9.138827e-10	-1.587457e+01	-5.931770e+01
6.060000e-06	-2.280952e-06	-9.692744e-10	-1.617063e+01	-6.299681e+01
6.070000e-06	-2.322654e-06	-1.017539e-09	-1.646627e+01	-6.657615e+01
6.080000e-06	-2.364209e-06	-1.066505e-09	-1.676088e+01	-7.005130e+01
6.090000e-06	-2.405541e-06	-1.119085e-09	-1.705389e+01	-7.341864e+01
6.100000e-06	-2.446584e-06	-1.173784e-09	-1.734487e+01	-7.667535e+01
6.110000e-06	-2.487360e-06	-1.229488e-09	-1.763395e+01	-7.981946e+01
6.120000e-06	-2.528010e-06	-1.285878e-09	-1.792213e+01	-8.284978e+01
6.130000e-06	-2.568516e-06	-1.340425e-09	-1.820929e+01	-8.576592e+01
6.140000e-06	-2.608833e-06	-1.388086e-09	-1.849512e+01	-8.856826e+01
6.150000e-06	-2.649033e-06	-1.428159e-09	-1.878011e+01	-9.125793e+01
6.160000e-06	-2.689146e-06	-1.465656e-09	-1.906449e+01	-9.383670e+01
6.170000e-06	-2.729224e-06	-1.503913e-09	-1.934863e+01	-9.630700e+01
6.180000e-06	-2.769232e-06	-1.542963e-09	-1.963225e+01	-9.867181e+01
6.190000e-06	-2.809115e-06	-1.582241e-09	-1.991500e+01	-1.009346e+02
6.200000e-06	-2.848815e-06	-1.621246e-09	-2.019645e+01	-1.030994e+02
6.210000e-06	-2.888288e-06	-1.659887e-09	-2.047630e+01	-1.051703e+02
6.220000e-06	-2.927570e-06	-1.697668e-09	-2.075478e+01	-1.071519e+02
6.230000e-06	-2.966521e-06	-1.730678e-09	-2.103092e+01	-1.090490e+02
6.240000e-06	-3.005021e-06	-1.757747e-09	-2.130386e+01	-1.108664e+02
6.250000e-06	-3.043148e-06	-1.783177e-09	-2.157416e+01	-1.126089e+02
6.260000e-06	-3.080930e-06	-1.810953e-09	-2.184202e+01	-1.142815e+02
6.270000e-06	-3.118328e-06	-1.836585e-09	-2.210714e+01	-1.158888e+02
6.280000e-06	-3.155395e-06	-1.857099e-09	-2.236993e+01	-1.174355e+02
6.290000e-06	-3.192193e-06	-1.879883e-09	-2.263081e+01	-1.189259e+02
6.300000e-06	-3.228681e-06	-1.909162e-09	-2.288949e+01	-1.203641e+02
6.310000e-06	-3.264984e-06	-1.938971e-09	-2.314685e+01	-1.217539e+02
6.320000e-06	-3.301207e-06	-1.961989e-09	-2.340365e+01	-1.230988e+02
6.330000e-06	-3.337260e-06	-1.980838e-09	-2.365925e+01	-1.244017e+02
6.340000e-06	-3.373221e-06	-2.000798e-09	-2.391419e+01	-1.256654e+02
6.350000e-06	-3.409038e-06	-2.019710e-09	-2.416812e+01	-1.268922e+02
6.360000e-06	-3.444560e-06	-2.033113e-09	-2.441995e+01	-1.280840e+02
6.370000e-06	-3.479801e-06	-2.045238e-09	-2.466978e+01	-1.292423e+02
6.380000e-06	-3.514785e-06	-2.063586e-09	-2.491780e+01	-1.303683e+02
6.390000e-06	-3.549552e-06	-2.085266e-09	-2.516428e+01	-1.314628e+02
6.400000e-06	-3.584058e-06	-2.103392e-09	-2.540890e+01	-1.325264e+02
6.410000e-06	-3.618311e-06	-2.117991e-09	-2.565174e+01	-1.335592e+02
6.420000e-06	-3.652420e-06	-2.132466e-09	-2.589355e+01	-1.345613e+02
6.430000e-06	-3.686293e-06	-2.147902e-09	-2.613369e+01	-1.355325e+02
6.440000e-06	-3.719827e-06	-2.161277e-09	-2.637142e+01	-1.364726e+02
6.450000e-06	-3.753034e-06	-2.170142e-09	-2.660684e+01	-1.373810e+02
6.460000e-06	-3.785870e-06	-2.177116e-09	-2.683963e+01	-1.382574e+02
6.470000e-06	-3.818398e-06	-2.187085e-09	-2.707024e+01	-1.391012e+02
6.480000e-06	-3.850782e-06	-2.200323e-09	-2.729982e+01	-1.399120e+02
6.490000e-06	-3.883037e-06	-2.214649e-09	-2.752849e+01	-1.406895e+02
6.500000e-06	-3.915139e-06	-2.228897e-09	-2.775608e+01	-1.414334e+02
6.510000e-06	-3.947100e-06	-2.241699e-09	-2.798266e+01	-1.421435e+02
6.520000e-06	-3.978840e-06	-2.251663e-09	-2.820768e+01	-1.428199e+02
6.530000e-06	-4.010302e-06	-2.257690e-09	-2.843073e+01	-1.434628e+02
6.540000e-06	-4.041393e-06	-2.261190e-09	-2.865114e+01	-1.440727e+02
6.550000e-06	-4.071971e-06	-2.265436e-09	-2.886792e+01	-1.446502e+02
6.560000e-06	-4.102021e-06	-2.273237e-09	-2.908096e+01	-1.451960e+02
6.570000e-06	-4.131609e-06	-2.284318e-09	-2.929072e+01	-1.457114e+02
6.580000e-06	-4.160758e-06	-2.294663e-09	-2.949737e+01	-1.461974e+02
6.590000e-06	-4.189504e-06	-2.301904e-09	-2.970117e+01	-1.466556e+02
6.600000e-06	-4.217957e-06	-2.307942e-09	-2.990288e+01	-1.470875e+02
6.610000e-06	-4.246220e-06	-2.313001e-09	-3.010325e+01	-1.474948e+02
6.620000e-06	-4.274358e-06	-2.316748e-09	-3.030273e+01	-1.478794e+02
6.630000e-06	-4.302329e-06	-2.320012e-09	-3.050103e+01	-1.482432e+02
6.640000e-06	-4.330014e-06	-2.324118e-09	-3.069730e+01	-1.485882e+02
6.650000e-06	-4.357414e-06	-2.329922e-09	-3.089155e+01	-1.489163e+02
6.660000e-06	-4.384532e-06	-2.338338e-09	-3.108380e+01	-1.492296e+02
6.670000e-06	-4.411297e-06	-2.346523e-09	-3.127355e+01	-1.495299e+02
6.680000e-06	-4.437736e-06	-2.350323e-09	-3.146098e+01	-1.498191e+02
6.690000e-06	-4.463927e-06	-2.351578e-09	-3.164667e+01	-1.500990e+02
6.700000e-06	-4.489786e-06	-2.353471e-09	-3.182999e+01	-1.503712e+02
6.710000e-06	-4.515261e-06	-2.357731e-09	-3.201060e+01	-1.506371e+02
6.720000e-06	-4.540411e-06	-2.364893e-09	-3.218889e+01	-1.508980e+02
6.730000e-06	-4.565284e-06	-2.371465e-09	-3.236523e+01	-1.511550e+02
6.740000e-06	-4.589848e-06	-2.375598e-09	-3.253938e+01	-1.514090e+02
6.750000e-06	-4.614145e-06	-2.380747e-09	-3.271163e+01	-1.516607e+02
6.760000e-06	-4.638299e-06	-2.386546e-09	-3.288286e+01	-1.519106e+02
6.770000e-06	-4.662270e-06	-2.389411e-09	-3.305281e+01	-1.521589e+02
6.780000e-06	-4.686013e-06	-2.391639e-09	-3.322113e+01	-1.524058e+02
6.790000e-06	-4.709416e-06	-2.397576e-09	-3.338704e+01	-1.526510e+02
6.800000e-06	-4.732227e-06	-2.405580e-09	-3.354876e+01	-1.528944e+02
6.810000e-06	-4.754476e-06	-2.411230e-09	-3.370649e+01	-1.531355e+02
6.820000e-06	-4.776338e-06	-2.412973e-09	-3.386148e+01	-1.533737e+02
6.830000e-06	-4.797624e-06	-2.416847e-09	-3.401238e+01	-1.536084e+02
6.840000e-06	-4.818362e-06	-2.425583e-09	-3.415940e+01	-1.538389e+02
6.850000e-06	-4.838833e-06	-2.432030e-09	-3.430454e+01	-1.540643e+02
6.860000e-06	-4.859099e-06	-2.433690e-09	-3.444821e+01	-1.542838e+02
6.870000e-06	-4.879112e-06	-2.436187e-09	-3.459009e+01	-1.544967e+02
6.880000e-06	-4.898866e-06	-2.441471e-09	-3.473013e+01	-1.547020e+02
6.890000e-06	-4.918374e-06	-2.445467e-09	-3.486843e+01	-1.548990e+02
6.900000e-06	-4.937589e-06	-2.444426e-09	-3.500465e+01	-1.550872e+02
6.910000e-06	-4.956405e-06	-2.443796e-09	-3.513805e+01	-1.552658e+02
6.920000e-06	-4.974835e-06	-2.448006e-09	-3.526871e+01	-1.554344e+02
6.930000e-06	-4.992959e-06	-2.454423e-09	-3.539720e+01	-1.555926e+02
6.940000e-06	-5.010797e-06	-2.455708e-09	-3.552366e+01	-1.557403e+02
6.950000e-06	-5.028301e-06	-2.454622e-09	-3.564775e+01	-1.558772e+02
6.960000e-06	-5.045418e-06	-2.457765e-09	-3.576910e+01	-1.560035e+02
6.970000e-06	-5.062154e-06	-2.460840e-09	-3.588775e+01	-1.561193e+02
6.980000e-06	-5.078585e-06	-2.459370e-09	-3.600423e+01	-1.562250e+02
6.990000e-06	-5.094871e-06	-2.457202e-09	-3.611970e+01	-1.563209e+02
7.000000e-06	-5.110991e-06	-2.460910e-09	-3.623398e+01	-1.564077e+02
7.010000e-06	-5.126669e-06	-2.467796e-09	-3.634513e+01	-1.564859e+02
7.020000e-06	-5.141824e-06	-2.472629e-09	-3.645256e+01	-1.565563e+02
7.030000e-06	-5.156438e-06	-2.473538e-09	-3.655617e+01	-1.566197e+02
7.040000e-06	-5.170431e-06	-2.470931e-09	-3.665537e+01	-1.566769e+02
7.050000e-06	-5.183833e-06	-2.467221e-09	-3.675038e+01	-1.567288e+02
7.060000e-06	-5.196728e-06	-2.463200e-09	-3.684181e+01	-1.567762e+02
7.070000e-06	-5.209239e-06	-2.459606e-09	-3.693050e+01	-1.568201e+02
7.080000e-06	-5.221454e-06	-2.461419e-09	-3.701710e+01	-1.568612e+02
7.090000e-06	-5.233333e-06	-2.467394e-09	-3.710131e+01	-1.569002e+02
7.100000e-06	-5.244837e-06	-2.472053e-09	-3.718287e+01	-1.569380e+02
7.110000e-06	-5.255949e-06	-2.471489e-09	-3.726165e+01	-1.569751e+02
7.120000e-06	-5.266673e-06	-2.466180e-09	-3.733767e+01	-1.570120e+02
7.130000e-06	-5.277004e-06	-2.460751e-09	-3.741091e+01	-1.570492e+02
7.140000e-06	-5.286972e-06	-2.458963e-09	-3.748158e+01	-1.570870e+02
7.150000e-06	-5.296623e-06	-2.459949e-09	-3.755000e+01	-1.571255e+02
7.160000e-06	-5.305904e-06	-2.460312e-09	-3.761580e+01	-1.571650e+02
7.170000e-06	-5.314788e-06	-2.459727e-09	-3.767878e+01	-1.572053e+02
7.180000e-06	-5.323311e-06	-2.459397e-09	-3.773921e+01	-1.572463e+02
7.190000e-06	-5.331618e-06	-2.457193e-09	-3.779810e+01	-1.572879e+02
7.200000e-06	-5.339705e-06	-2.452049e-09	-3.785543e+01	-1.573298e+02
7.210000e-06	-5.347524e-06	-2.447500e-09	-3.791086e+01	-1.573715e+02
7.220000e-06	-5.354986e-06	-2.445116e-09	-3.796376e+01	-1.574127e+02
7.230000e-06	-5.361950e-06	-2.444496e-09	-3.801313e+01	-1.574529e+02
7.240000e-06	-5.368297e-06	-2.446916e-09	-3.805813e+01	-1.574916e+02
7.250000e-06	-5.374076e-06	-2.449712e-09	-3.809910e+01	-1.575284e+02
7.260000e-06	-5.379413e-06	-2.450686e-09	-3.813693e+01	-1.575627e+02
7.270000e-06	-5.384212e-06	-2.451049e-09	-3.817095e+01	-1.575942e+02
7.280000e-06	-5.388617e-06	-2.449615e-09	-3.820219e+01	-1.576224e+02
7.290000e-06	-5.392793e-06	-2.447991e-09	-3.823179e+01	-1.576471e+02
7.300000e-06	-5.396725e-06	-2.448431e-09	-3.825966e+01	-1.576679e+02
7.310000e-06	-5.400313e-06	-2.448678e-09	-3.828510e+01	-1.576848e+02
7.320000e-06	-5.403505e-06	-2.447043e-09	-3.830773e+01	-1.576976e+02
7.330000e-06	-5.406307e-06	-2.444614e-09	-3.832760e+01	-1.577064e+02
7.340000e-06	-5.408759e-06	-2.442148e-09	-3.834498e+01	-1.577114e+02
7.350000e-06	-5.410965e-06	-2.438121e-09	-3.836062e+01	-1.577128e+02
7.360000e-06	-5.412770e-06	-2.437782e-09	-3.837342e+01	-1.577111e+02
7.370000e-06	-5.414132e-06	-2.442425e-09	-3.838307e+01	-1.577067e+02
7.380000e-06	-5.415112e-06	-2.447946e-09	-3.839002e+01	-1.577003e+02
7.390000e-06	-5.415756e-06	-2.450547e-09	-3.839458e+01	-1.576924e+02
7.400000e-06	-5.416205e-06	-2.449041e-09	-3.839776e+01	-1.576840e+02
