# Temperatura_=_-3.1
# Concentracion g/m^3_=_4090.0
# C_Vs_to_Am_M_A/Vsm_=_65563218390.804596
# pendiente_HvsI_1/m_=_3716.3
# ordenada_HvsI_A/m_=_1297.0
# frecuencia_Hz_=_135081.27001636816

Tiempo_(s)	Campo_(V.s)	Magnetizacion_(V.s)	Campo_(kA/m)	Magnetizacion_(A/m)
0.000000e+00	-5.402541e-06	-2.424970e-09	-3.839092e+01	-1.546888e+02
1.000000e-08	-5.402546e-06	-2.426099e-09	-3.839095e+01	-1.546803e+02
2.000000e-08	-5.402289e-06	-2.426971e-09	-3.838913e+01	-1.546779e+02
3.000000e-08	-5.401747e-06	-2.427591e-09	-3.838527e+01	-1.546825e+02
4.000000e-08	-5.400780e-06	-2.425160e-09	-3.837840e+01	-1.546948e+02
5.000000e-08	-5.399312e-06	-2.419589e-09	-3.836797e+01	-1.547153e+02
6.000000e-08	-5.397282e-06	-2.421853e-09	-3.835354e+01	-1.547445e+02
7.000000e-08	-5.394623e-06	-2.441717e-09	-3.833465e+01	-1.547828e+02
8.000000e-08	-5.391345e-06	-2.455224e-09	-3.831136e+01	-1.548303e+02
9.000000e-08	-5.387557e-06	-2.411912e-09	-3.828444e+01	-1.548869e+02
1.000000e-07	-5.383430e-06	-2.368168e-09	-3.825511e+01	-1.549527e+02
1.100000e-07	-5.379157e-06	-2.393282e-09	-3.822475e+01	-1.550273e+02
1.200000e-07	-5.374680e-06	-2.460177e-09	-3.819294e+01	-1.551102e+02
1.300000e-07	-5.369669e-06	-2.413560e-09	-3.815732e+01	-1.552010e+02
1.400000e-07	-5.364149e-06	-2.362093e-09	-3.811810e+01	-1.552990e+02
1.500000e-07	-5.358372e-06	-2.400917e-09	-3.807704e+01	-1.554034e+02
1.600000e-07	-5.352326e-06	-2.490205e-09	-3.803409e+01	-1.555133e+02
1.700000e-07	-5.345743e-06	-2.436254e-09	-3.798731e+01	-1.556278e+02
1.800000e-07	-5.338707e-06	-2.358286e-09	-3.793730e+01	-1.557458e+02
1.900000e-07	-5.331457e-06	-2.378817e-09	-3.788579e+01	-1.558662e+02
2.000000e-07	-5.324068e-06	-2.448226e-09	-3.783328e+01	-1.559881e+02
2.100000e-07	-5.316375e-06	-2.406011e-09	-3.777861e+01	-1.561101e+02
2.200000e-07	-5.308378e-06	-2.372066e-09	-3.772179e+01	-1.562314e+02
2.300000e-07	-5.300223e-06	-2.427193e-09	-3.766384e+01	-1.563506e+02
2.400000e-07	-5.291631e-06	-2.460958e-09	-3.760278e+01	-1.564668e+02
2.500000e-07	-5.282295e-06	-2.421455e-09	-3.753644e+01	-1.565790e+02
2.600000e-07	-5.272309e-06	-2.401147e-09	-3.746548e+01	-1.566862e+02
2.700000e-07	-5.261832e-06	-2.448947e-09	-3.739102e+01	-1.567875e+02
2.800000e-07	-5.250792e-06	-2.409846e-09	-3.731257e+01	-1.568821e+02
2.900000e-07	-5.239201e-06	-2.365244e-09	-3.723021e+01	-1.569692e+02
3.000000e-07	-5.227231e-06	-2.406592e-09	-3.714515e+01	-1.570482e+02
3.100000e-07	-5.214972e-06	-2.463832e-09	-3.705804e+01	-1.571186e+02
3.200000e-07	-5.202258e-06	-2.400973e-09	-3.696769e+01	-1.571798e+02
3.300000e-07	-5.189124e-06	-2.378496e-09	-3.687436e+01	-1.572315e+02
3.400000e-07	-5.175674e-06	-2.411795e-09	-3.677878e+01	-1.572734e+02
3.500000e-07	-5.161886e-06	-2.438694e-09	-3.668080e+01	-1.573052e+02
3.600000e-07	-5.147735e-06	-2.398315e-09	-3.658024e+01	-1.573268e+02
3.700000e-07	-5.133119e-06	-2.402283e-09	-3.647638e+01	-1.573380e+02
3.800000e-07	-5.117926e-06	-2.392967e-09	-3.636842e+01	-1.573388e+02
3.900000e-07	-5.102050e-06	-2.399707e-09	-3.625560e+01	-1.573294e+02
4.000000e-07	-5.085713e-06	-2.409254e-09	-3.613951e+01	-1.573096e+02
4.100000e-07	-5.069054e-06	-2.409816e-09	-3.602113e+01	-1.572796e+02
4.200000e-07	-5.051999e-06	-2.369671e-09	-3.589994e+01	-1.572396e+02
4.300000e-07	-5.034644e-06	-2.380892e-09	-3.577661e+01	-1.571897e+02
4.400000e-07	-5.016992e-06	-2.415560e-09	-3.565117e+01	-1.571301e+02
4.500000e-07	-4.999080e-06	-2.401075e-09	-3.552389e+01	-1.570609e+02
4.600000e-07	-4.980868e-06	-2.366740e-09	-3.539447e+01	-1.569825e+02
4.700000e-07	-4.962216e-06	-2.374197e-09	-3.526193e+01	-1.568949e+02
4.800000e-07	-4.943154e-06	-2.395255e-09	-3.512647e+01	-1.567986e+02
4.900000e-07	-4.923786e-06	-2.388622e-09	-3.498884e+01	-1.566936e+02
5.000000e-07	-4.904082e-06	-2.374753e-09	-3.484882e+01	-1.565803e+02
5.100000e-07	-4.884100e-06	-2.363977e-09	-3.470683e+01	-1.564589e+02
5.200000e-07	-4.863914e-06	-2.382842e-09	-3.456339e+01	-1.563298e+02
5.300000e-07	-4.843519e-06	-2.396777e-09	-3.441846e+01	-1.561933e+02
5.400000e-07	-4.822912e-06	-2.381512e-09	-3.427202e+01	-1.560496e+02
5.500000e-07	-4.801942e-06	-2.350148e-09	-3.412301e+01	-1.558992e+02
5.600000e-07	-4.780603e-06	-2.366640e-09	-3.397137e+01	-1.557424e+02
5.700000e-07	-4.758966e-06	-2.378503e-09	-3.381761e+01	-1.555797e+02
5.800000e-07	-4.737036e-06	-2.363864e-09	-3.366178e+01	-1.554116e+02
5.900000e-07	-4.714772e-06	-2.341573e-09	-3.350357e+01	-1.552384e+02
6.000000e-07	-4.692041e-06	-2.349335e-09	-3.334204e+01	-1.550608e+02
6.100000e-07	-4.668890e-06	-2.355266e-09	-3.317753e+01	-1.548793e+02
6.200000e-07	-4.645455e-06	-2.360327e-09	-3.301100e+01	-1.546945e+02
6.300000e-07	-4.621809e-06	-2.342144e-09	-3.284297e+01	-1.545069e+02
6.400000e-07	-4.597963e-06	-2.328849e-09	-3.267352e+01	-1.543172e+02
6.500000e-07	-4.573929e-06	-2.332751e-09	-3.250273e+01	-1.541260e+02
6.600000e-07	-4.549660e-06	-2.344049e-09	-3.233027e+01	-1.539340e+02
6.700000e-07	-4.525050e-06	-2.322848e-09	-3.215539e+01	-1.537418e+02
6.800000e-07	-4.500057e-06	-2.306818e-09	-3.197779e+01	-1.535500e+02
6.900000e-07	-4.474555e-06	-2.312021e-09	-3.179657e+01	-1.533592e+02
7.000000e-07	-4.448461e-06	-2.322968e-09	-3.161114e+01	-1.531699e+02
7.100000e-07	-4.421830e-06	-2.313515e-09	-3.142190e+01	-1.529827e+02
7.200000e-07	-4.394779e-06	-2.301259e-09	-3.122968e+01	-1.527979e+02
7.300000e-07	-4.367401e-06	-2.298747e-09	-3.103512e+01	-1.526161e+02
7.400000e-07	-4.339745e-06	-2.306302e-09	-3.083860e+01	-1.524374e+02
7.500000e-07	-4.311872e-06	-2.303683e-09	-3.064053e+01	-1.522621e+02
7.600000e-07	-4.283795e-06	-2.286265e-09	-3.044101e+01	-1.520903e+02
7.700000e-07	-4.255566e-06	-2.277379e-09	-3.024041e+01	-1.519220e+02
7.800000e-07	-4.227098e-06	-2.284026e-09	-3.003812e+01	-1.517572e+02
7.900000e-07	-4.198262e-06	-2.287038e-09	-2.983321e+01	-1.515956e+02
8.000000e-07	-4.169130e-06	-2.276587e-09	-2.962619e+01	-1.514370e+02
8.100000e-07	-4.139714e-06	-2.270444e-09	-2.941716e+01	-1.512810e+02
8.200000e-07	-4.110003e-06	-2.273272e-09	-2.920603e+01	-1.511271e+02
8.300000e-07	-4.079990e-06	-2.277770e-09	-2.899275e+01	-1.509746e+02
8.400000e-07	-4.049642e-06	-2.266088e-09	-2.877710e+01	-1.508230e+02
8.500000e-07	-4.018975e-06	-2.252796e-09	-2.855918e+01	-1.506716e+02
8.600000e-07	-3.988034e-06	-2.249278e-09	-2.833931e+01	-1.505194e+02
8.700000e-07	-3.956853e-06	-2.256324e-09	-2.811774e+01	-1.503658e+02
8.800000e-07	-3.925467e-06	-2.250091e-09	-2.789470e+01	-1.502099e+02
8.900000e-07	-3.893845e-06	-2.240766e-09	-2.767000e+01	-1.500508e+02
9.000000e-07	-3.861999e-06	-2.237871e-09	-2.744369e+01	-1.498877e+02
9.100000e-07	-3.830035e-06	-2.245859e-09	-2.721655e+01	-1.497197e+02
9.200000e-07	-3.797919e-06	-2.243803e-09	-2.698834e+01	-1.495462e+02
9.300000e-07	-3.765623e-06	-2.235185e-09	-2.675884e+01	-1.493663e+02
9.400000e-07	-3.733078e-06	-2.227242e-09	-2.652757e+01	-1.491795e+02
9.500000e-07	-3.700301e-06	-2.229850e-09	-2.629466e+01	-1.489852e+02
9.600000e-07	-3.667239e-06	-2.226213e-09	-2.605971e+01	-1.487830e+02
9.700000e-07	-3.633628e-06	-2.216517e-09	-2.582087e+01	-1.485726e+02
9.800000e-07	-3.599427e-06	-2.207413e-09	-2.557783e+01	-1.483537e+02
9.900000e-07	-3.564904e-06	-2.209286e-09	-2.533251e+01	-1.481264e+02
1.000000e-06	-3.530004e-06	-2.215435e-09	-2.508451e+01	-1.478905e+02
1.010000e-06	-3.494633e-06	-2.217773e-09	-2.483316e+01	-1.476463e+02
1.020000e-06	-3.459004e-06	-2.211626e-09	-2.457997e+01	-1.473942e+02
1.030000e-06	-3.423237e-06	-2.205480e-09	-2.432581e+01	-1.471344e+02
1.040000e-06	-3.387342e-06	-2.202388e-09	-2.407074e+01	-1.468676e+02
1.050000e-06	-3.351287e-06	-2.193918e-09	-2.381453e+01	-1.465943e+02
1.060000e-06	-3.315093e-06	-2.179564e-09	-2.355733e+01	-1.463153e+02
1.070000e-06	-3.278771e-06	-2.169669e-09	-2.329923e+01	-1.460312e+02
1.080000e-06	-3.242318e-06	-2.170080e-09	-2.304019e+01	-1.457428e+02
1.090000e-06	-3.205645e-06	-2.173648e-09	-2.277959e+01	-1.454511e+02
1.100000e-06	-3.168589e-06	-2.173220e-09	-2.251626e+01	-1.451567e+02
1.110000e-06	-3.131243e-06	-2.168016e-09	-2.225088e+01	-1.448604e+02
1.120000e-06	-3.093730e-06	-2.166061e-09	-2.198431e+01	-1.445632e+02
1.130000e-06	-3.056002e-06	-2.163607e-09	-2.171621e+01	-1.442655e+02
1.140000e-06	-3.018088e-06	-2.154686e-09	-2.144679e+01	-1.439681e+02
1.150000e-06	-2.979958e-06	-2.140879e-09	-2.117584e+01	-1.436714e+02
1.160000e-06	-2.941591e-06	-2.132867e-09	-2.090320e+01	-1.433760e+02
1.170000e-06	-2.903062e-06	-2.127816e-09	-2.062940e+01	-1.430819e+02
1.180000e-06	-2.864346e-06	-2.122779e-09	-2.035429e+01	-1.427895e+02
1.190000e-06	-2.825472e-06	-2.118478e-09	-2.007804e+01	-1.424987e+02
1.200000e-06	-2.786391e-06	-2.120149e-09	-1.980033e+01	-1.422093e+02
1.210000e-06	-2.747093e-06	-2.118078e-09	-1.952107e+01	-1.419211e+02
1.220000e-06	-2.707633e-06	-2.108285e-09	-1.924067e+01	-1.416337e+02
1.230000e-06	-2.667969e-06	-2.092162e-09	-1.895882e+01	-1.413463e+02
1.240000e-06	-2.628140e-06	-2.082772e-09	-1.867579e+01	-1.410584e+02
1.250000e-06	-2.588182e-06	-2.075989e-09	-1.839184e+01	-1.407691e+02
1.260000e-06	-2.548130e-06	-2.070924e-09	-1.810723e+01	-1.404774e+02
1.270000e-06	-2.507986e-06	-2.066860e-09	-1.782196e+01	-1.401824e+02
1.280000e-06	-2.467784e-06	-2.067392e-09	-1.753629e+01	-1.398828e+02
1.290000e-06	-2.427506e-06	-2.065336e-09	-1.725006e+01	-1.395775e+02
1.300000e-06	-2.387049e-06	-2.056706e-09	-1.696257e+01	-1.392654e+02
1.310000e-06	-2.346459e-06	-2.044553e-09	-1.667414e+01	-1.389452e+02
1.320000e-06	-2.305772e-06	-2.033111e-09	-1.638502e+01	-1.386157e+02
1.330000e-06	-2.264792e-06	-2.025535e-09	-1.609380e+01	-1.382757e+02
1.340000e-06	-2.223427e-06	-2.020332e-09	-1.579986e+01	-1.379242e+02
1.350000e-06	-2.181703e-06	-2.014789e-09	-1.550337e+01	-1.375600e+02
1.360000e-06	-2.139594e-06	-2.010136e-09	-1.520413e+01	-1.371822e+02
1.370000e-06	-2.097198e-06	-2.006635e-09	-1.490287e+01	-1.367900e+02
1.380000e-06	-2.054573e-06	-1.998878e-09	-1.459997e+01	-1.363824e+02
1.390000e-06	-2.011689e-06	-1.987978e-09	-1.429523e+01	-1.359590e+02
1.400000e-06	-1.968672e-06	-1.979603e-09	-1.398955e+01	-1.355192e+02
1.410000e-06	-1.925510e-06	-1.973657e-09	-1.368284e+01	-1.350626e+02
1.420000e-06	-1.882177e-06	-1.964511e-09	-1.337491e+01	-1.345890e+02
1.430000e-06	-1.838679e-06	-1.954675e-09	-1.306581e+01	-1.340982e+02
1.440000e-06	-1.795020e-06	-1.946880e-09	-1.275557e+01	-1.335901e+02
1.450000e-06	-1.751323e-06	-1.942069e-09	-1.244505e+01	-1.330649e+02
1.460000e-06	-1.707557e-06	-1.934307e-09	-1.213404e+01	-1.325228e+02
1.470000e-06	-1.663695e-06	-1.922831e-09	-1.182236e+01	-1.319640e+02
1.480000e-06	-1.619708e-06	-1.908705e-09	-1.150979e+01	-1.313887e+02
1.490000e-06	-1.575650e-06	-1.899373e-09	-1.119671e+01	-1.307975e+02
1.500000e-06	-1.531554e-06	-1.891172e-09	-1.088336e+01	-1.301907e+02
1.510000e-06	-1.487374e-06	-1.879068e-09	-1.056941e+01	-1.295686e+02
1.520000e-06	-1.443115e-06	-1.865010e-09	-1.025490e+01	-1.289317e+02
1.530000e-06	-1.398765e-06	-1.856849e-09	-9.939744e+00	-1.282803e+02
1.540000e-06	-1.354375e-06	-1.851761e-09	-9.624301e+00	-1.276148e+02
1.550000e-06	-1.309933e-06	-1.842066e-09	-9.308499e+00	-1.269352e+02
1.560000e-06	-1.265462e-06	-1.827926e-09	-8.992481e+00	-1.262419e+02
1.570000e-06	-1.220954e-06	-1.816044e-09	-8.676204e+00	-1.255348e+02
1.580000e-06	-1.176360e-06	-1.805955e-09	-8.359311e+00	-1.248139e+02
1.590000e-06	-1.131618e-06	-1.794883e-09	-8.041372e+00	-1.240789e+02
1.600000e-06	-1.086766e-06	-1.783300e-09	-7.722655e+00	-1.233296e+02
1.610000e-06	-1.041815e-06	-1.775317e-09	-7.403223e+00	-1.225655e+02
1.620000e-06	-9.967126e-07	-1.767304e-09	-7.082725e+00	-1.217860e+02
1.630000e-06	-9.515906e-07	-1.753341e-09	-6.762084e+00	-1.209904e+02
1.640000e-06	-9.064144e-07	-1.735115e-09	-6.441058e+00	-1.201778e+02
1.650000e-06	-8.611462e-07	-1.718122e-09	-6.119378e+00	-1.193473e+02
1.660000e-06	-8.158791e-07	-1.705876e-09	-5.797706e+00	-1.184976e+02
1.670000e-06	-7.705939e-07	-1.696121e-09	-5.475906e+00	-1.176277e+02
1.680000e-06	-7.252340e-07	-1.685651e-09	-5.153575e+00	-1.167360e+02
1.690000e-06	-6.798089e-07	-1.672864e-09	-4.830780e+00	-1.158213e+02
1.700000e-06	-6.343689e-07	-1.662564e-09	-4.507879e+00	-1.148820e+02
1.710000e-06	-5.888103e-07	-1.649533e-09	-4.184136e+00	-1.139164e+02
1.720000e-06	-5.431627e-07	-1.630510e-09	-3.859760e+00	-1.129229e+02
1.730000e-06	-4.974948e-07	-1.612083e-09	-3.535240e+00	-1.118998e+02
1.740000e-06	-4.517974e-07	-1.598739e-09	-3.210510e+00	-1.108453e+02
1.750000e-06	-4.060458e-07	-1.585713e-09	-2.885396e+00	-1.097576e+02
1.760000e-06	-3.601771e-07	-1.570653e-09	-2.559449e+00	-1.086348e+02
1.770000e-06	-3.143718e-07	-1.555307e-09	-2.233953e+00	-1.074750e+02
1.780000e-06	-2.686081e-07	-1.540863e-09	-1.908752e+00	-1.062764e+02
1.790000e-06	-2.227606e-07	-1.522814e-09	-1.582956e+00	-1.050368e+02
1.800000e-06	-1.768955e-07	-1.497106e-09	-1.257035e+00	-1.037545e+02
1.810000e-06	-1.310476e-07	-1.471266e-09	-9.312353e-01	-1.024273e+02
1.820000e-06	-8.517908e-08	-1.453148e-09	-6.052898e-01	-1.010532e+02
1.830000e-06	-3.930400e-08	-1.438008e-09	-2.792975e-01	-9.963015e+01
1.840000e-06	6.523080e-09	-1.418067e-09	4.635356e-02	-9.815599e+01
1.850000e-06	5.232680e-08	-1.391826e-09	3.718387e-01	-9.662856e+01
1.860000e-06	9.811039e-08	-1.365910e-09	6.971808e-01	-9.504564e+01
1.870000e-06	1.439592e-07	-1.340306e-09	1.022986e+00	-9.340496e+01
1.880000e-06	1.898262e-07	-1.310260e-09	1.348921e+00	-9.170419e+01
1.890000e-06	2.356074e-07	-1.278832e-09	1.674246e+00	-8.994097e+01
1.900000e-06	2.813888e-07	-1.254258e-09	1.999572e+00	-8.811288e+01
1.910000e-06	3.271548e-07	-1.232504e-09	2.324790e+00	-8.621746e+01
1.920000e-06	3.729192e-07	-1.204355e-09	2.649996e+00	-8.425222e+01
1.930000e-06	4.186223e-07	-1.171539e-09	2.974766e+00	-8.221464e+01
1.940000e-06	4.643276e-07	-1.137390e-09	3.299551e+00	-8.010223e+01
1.950000e-06	5.099897e-07	-1.105702e-09	3.624030e+00	-7.791249e+01
1.960000e-06	5.554746e-07	-1.071699e-09	3.947250e+00	-7.564298e+01
1.970000e-06	6.009168e-07	-1.032379e-09	4.270166e+00	-7.329132e+01
1.980000e-06	6.463261e-07	-9.946099e-10	4.592849e+00	-7.085525e+01
1.990000e-06	6.917228e-07	-9.616843e-10	4.915441e+00	-6.833264e+01
2.000000e-06	7.371477e-07	-9.273929e-10	5.238234e+00	-6.572154e+01
2.010000e-06	7.825632e-07	-8.885187e-10	5.560961e+00	-6.302024e+01
2.020000e-06	8.279021e-07	-8.458048e-10	5.883142e+00	-6.022728e+01
2.030000e-06	8.731933e-07	-8.013606e-10	6.204986e+00	-5.734149e+01
2.040000e-06	9.183346e-07	-7.574238e-10	6.525763e+00	-5.436210e+01
2.050000e-06	9.634088e-07	-7.095366e-10	6.846065e+00	-5.128870e+01
2.060000e-06	1.008521e-06	-6.601992e-10	7.166636e+00	-4.812134e+01
2.070000e-06	1.053473e-06	-6.147616e-10	7.486070e+00	-4.486055e+01
2.080000e-06	1.098240e-06	-5.691194e-10	7.804185e+00	-4.150739e+01
2.090000e-06	1.142922e-06	-5.217758e-10	8.121704e+00	-3.806347e+01
2.100000e-06	1.187568e-06	-4.714265e-10	8.438962e+00	-3.453098e+01
2.110000e-06	1.232118e-06	-4.224655e-10	8.755539e+00	-3.091273e+01
2.120000e-06	1.276573e-06	-3.699708e-10	9.071438e+00	-2.721215e+01
2.130000e-06	1.320984e-06	-3.095756e-10	9.387023e+00	-2.343331e+01
2.140000e-06	1.365350e-06	-2.439412e-10	9.702297e+00	-1.958090e+01
2.150000e-06	1.409707e-06	-1.796441e-10	1.001750e+01	-1.566026e+01
2.160000e-06	1.454031e-06	-1.203378e-10	1.033247e+01	-1.167734e+01
2.170000e-06	1.498262e-06	-6.224977e-11	1.064677e+01	-7.638667e+00
2.180000e-06	1.542414e-06	-3.791434e-12	1.096052e+01	-3.551330e+00
2.190000e-06	1.586496e-06	5.496421e-11	1.127378e+01	5.770634e-01
2.200000e-06	1.630510e-06	1.138365e-10	1.158654e+01	4.738446e+00
2.210000e-06	1.674431e-06	1.783248e-10	1.189865e+01	8.924345e+00
2.220000e-06	1.718288e-06	2.503860e-10	1.221030e+01	1.312595e+01
2.230000e-06	1.762152e-06	3.223811e-10	1.252200e+01	1.733417e+01
2.240000e-06	1.805981e-06	3.897752e-10	1.283345e+01	2.153973e+01
2.250000e-06	1.849597e-06	4.537801e-10	1.314339e+01	2.573326e+01
2.260000e-06	1.893006e-06	5.159111e-10	1.345186e+01	2.990535e+01
2.270000e-06	1.936257e-06	5.725554e-10	1.375921e+01	3.404665e+01
2.280000e-06	1.979387e-06	6.239099e-10	1.406569e+01	3.814796e+01
2.290000e-06	2.022317e-06	6.763422e-10	1.437076e+01	4.220033e+01
2.300000e-06	2.064876e-06	7.357358e-10	1.467318e+01	4.619511e+01
2.310000e-06	2.107164e-06	7.988920e-10	1.497369e+01	5.012408e+01
2.320000e-06	2.149120e-06	8.580353e-10	1.527183e+01	5.397947e+01
2.330000e-06	2.190773e-06	9.169054e-10	1.556782e+01	5.775408e+01
2.340000e-06	2.232238e-06	9.755785e-10	1.586248e+01	6.144132e+01
2.350000e-06	2.273460e-06	1.031275e-09	1.615540e+01	6.503526e+01
2.360000e-06	2.314432e-06	1.077405e-09	1.644655e+01	6.853070e+01
2.370000e-06	2.355216e-06	1.115090e-09	1.673637e+01	7.192320e+01
2.380000e-06	2.395794e-06	1.152688e-09	1.702472e+01	7.520907e+01
2.390000e-06	2.436154e-06	1.195967e-09	1.731152e+01	7.838545e+01
2.400000e-06	2.476451e-06	1.240547e-09	1.759787e+01	8.145027e+01
2.410000e-06	2.516687e-06	1.284228e-09	1.788379e+01	8.440227e+01
2.420000e-06	2.556780e-06	1.328713e-09	1.816870e+01	8.724094e+01
2.430000e-06	2.596755e-06	1.373621e-09	1.845276e+01	8.996657e+01
2.440000e-06	2.636690e-06	1.412335e-09	1.873654e+01	9.258015e+01
2.450000e-06	2.676508e-06	1.441382e-09	1.901949e+01	9.508335e+01
2.460000e-06	2.716162e-06	1.467690e-09	1.930128e+01	9.747845e+01
2.470000e-06	2.755705e-06	1.496955e-09	1.958227e+01	9.976834e+01
2.480000e-06	2.795059e-06	1.526366e-09	1.986192e+01	1.019564e+02
2.490000e-06	2.834104e-06	1.555248e-09	2.013938e+01	1.040463e+02
2.500000e-06	2.872793e-06	1.588325e-09	2.041431e+01	1.060424e+02
2.510000e-06	2.911263e-06	1.626122e-09	2.068768e+01	1.079489e+02
2.520000e-06	2.949620e-06	1.658954e-09	2.096025e+01	1.097707e+02
2.530000e-06	2.987822e-06	1.679672e-09	2.123172e+01	1.115124e+02
2.540000e-06	3.025824e-06	1.694847e-09	2.150176e+01	1.131788e+02
2.550000e-06	3.063640e-06	1.716421e-09	2.177049e+01	1.147749e+02
2.560000e-06	3.101272e-06	1.741175e-09	2.203790e+01	1.163053e+02
2.570000e-06	3.138713e-06	1.761598e-09	2.230396e+01	1.177746e+02
2.580000e-06	3.175871e-06	1.781988e-09	2.256801e+01	1.191873e+02
2.590000e-06	3.212767e-06	1.808435e-09	2.283020e+01	1.205475e+02
2.600000e-06	3.249429e-06	1.837191e-09	2.309072e+01	1.218591e+02
2.610000e-06	3.285835e-06	1.858100e-09	2.334942e+01	1.231257e+02
2.620000e-06	3.322105e-06	1.874385e-09	2.360716e+01	1.243505e+02
2.630000e-06	3.358222e-06	1.892854e-09	2.386381e+01	1.255364e+02
2.640000e-06	3.394245e-06	1.910666e-09	2.411979e+01	1.266859e+02
2.650000e-06	3.430217e-06	1.920504e-09	2.437541e+01	1.278011e+02
2.660000e-06	3.466030e-06	1.929431e-09	2.462990e+01	1.288839e+02
2.670000e-06	3.501561e-06	1.946723e-09	2.488239e+01	1.299356e+02
2.680000e-06	3.536813e-06	1.968133e-09	2.513289e+01	1.309575e+02
2.690000e-06	3.571690e-06	1.984424e-09	2.538073e+01	1.319502e+02
2.700000e-06	3.606121e-06	1.994902e-09	2.562541e+01	1.329145e+02
2.710000e-06	3.640125e-06	2.005847e-09	2.586703e+01	1.338505e+02
2.720000e-06	3.673599e-06	2.021741e-09	2.610491e+01	1.347586e+02
2.730000e-06	3.706759e-06	2.035857e-09	2.634054e+01	1.356385e+02
2.740000e-06	3.739632e-06	2.044618e-09	2.657415e+01	1.364902e+02
2.750000e-06	3.772102e-06	2.055035e-09	2.680488e+01	1.373136e+02
2.760000e-06	3.804343e-06	2.067773e-09	2.703398e+01	1.381082e+02
2.770000e-06	3.836432e-06	2.080908e-09	2.726201e+01	1.388739e+02
2.780000e-06	3.868372e-06	2.090010e-09	2.748898e+01	1.396105e+02
2.790000e-06	3.900140e-06	2.098695e-09	2.771472e+01	1.403177e+02
2.800000e-06	3.931641e-06	2.111268e-09	2.793858e+01	1.409956e+02
2.810000e-06	3.962805e-06	2.125824e-09	2.816003e+01	1.416441e+02
2.820000e-06	3.993690e-06	2.135195e-09	2.837950e+01	1.422634e+02
2.830000e-06	4.024370e-06	2.139816e-09	2.859752e+01	1.428538e+02
2.840000e-06	4.054742e-06	2.148096e-09	2.881334e+01	1.434158e+02
2.850000e-06	4.084815e-06	2.155776e-09	2.902705e+01	1.439500e+02
2.860000e-06	4.114721e-06	2.159948e-09	2.923956e+01	1.444570e+02
2.870000e-06	4.144423e-06	2.161790e-09	2.945062e+01	1.449379e+02
2.880000e-06	4.173844e-06	2.167501e-09	2.965969e+01	1.453935e+02
2.890000e-06	4.202906e-06	2.174804e-09	2.986620e+01	1.458250e+02
2.900000e-06	4.231629e-06	2.180253e-09	3.007032e+01	1.462337e+02
2.910000e-06	4.260084e-06	2.187247e-09	3.027252e+01	1.466208e+02
2.920000e-06	4.288301e-06	2.198028e-09	3.047303e+01	1.469877e+02
2.930000e-06	4.316362e-06	2.208988e-09	3.067244e+01	1.473358e+02
2.940000e-06	4.344318e-06	2.213746e-09	3.087109e+01	1.476664e+02
2.950000e-06	4.372080e-06	2.211154e-09	3.106838e+01	1.479809e+02
2.960000e-06	4.399514e-06	2.209520e-09	3.126332e+01	1.482806e+02
2.970000e-06	4.426493e-06	2.213340e-09	3.145504e+01	1.485670e+02
2.980000e-06	4.452980e-06	2.218831e-09	3.164325e+01	1.488411e+02
2.990000e-06	4.478890e-06	2.222469e-09	3.182737e+01	1.491040e+02
3.000000e-06	4.504233e-06	2.228357e-09	3.200746e+01	1.493568e+02
3.010000e-06	4.529184e-06	2.237787e-09	3.218477e+01	1.496005e+02
3.020000e-06	4.553808e-06	2.242549e-09	3.235974e+01	1.498356e+02
3.030000e-06	4.578082e-06	2.236550e-09	3.253224e+01	1.500631e+02
3.040000e-06	4.602060e-06	2.229686e-09	3.270263e+01	1.502832e+02
3.050000e-06	4.625805e-06	2.231224e-09	3.287136e+01	1.504966e+02
3.060000e-06	4.649289e-06	2.237775e-09	3.303824e+01	1.507034e+02
3.070000e-06	4.672438e-06	2.244167e-09	3.320274e+01	1.509039e+02
3.080000e-06	4.695202e-06	2.249974e-09	3.336451e+01	1.510982e+02
3.090000e-06	4.717708e-06	2.258384e-09	3.352443e+01	1.512863e+02
3.100000e-06	4.739929e-06	2.264493e-09	3.368234e+01	1.514682e+02
3.110000e-06	4.761889e-06	2.261810e-09	3.383839e+01	1.516437e+02
3.120000e-06	4.783568e-06	2.252481e-09	3.399244e+01	1.518129e+02
3.130000e-06	4.804883e-06	2.248190e-09	3.414390e+01	1.519755e+02
3.140000e-06	4.825821e-06	2.251958e-09	3.429269e+01	1.521315e+02
3.150000e-06	4.846401e-06	2.259977e-09	3.443893e+01	1.522807e+02
3.160000e-06	4.866761e-06	2.267061e-09	3.458362e+01	1.524230e+02
3.170000e-06	4.886962e-06	2.275748e-09	3.472716e+01	1.525585e+02
3.180000e-06	4.907018e-06	2.284391e-09	3.486968e+01	1.526871e+02
3.190000e-06	4.926798e-06	2.284578e-09	3.501025e+01	1.528090e+02
3.200000e-06	4.946153e-06	2.275925e-09	3.514779e+01	1.529243e+02
3.210000e-06	4.965047e-06	2.267814e-09	3.528205e+01	1.530333e+02
3.220000e-06	4.983524e-06	2.269543e-09	3.541334e+01	1.531362e+02
3.230000e-06	5.001615e-06	2.277827e-09	3.554190e+01	1.532334e+02
3.240000e-06	5.019241e-06	2.283394e-09	3.566715e+01	1.533253e+02
3.250000e-06	5.036621e-06	2.288316e-09	3.579066e+01	1.534124e+02
3.260000e-06	5.053891e-06	2.298537e-09	3.591338e+01	1.534952e+02
3.270000e-06	5.070836e-06	2.307178e-09	3.603379e+01	1.535743e+02
3.280000e-06	5.087397e-06	2.305857e-09	3.615148e+01	1.536502e+02
3.290000e-06	5.103461e-06	2.299292e-09	3.626563e+01	1.537235e+02
3.300000e-06	5.118954e-06	2.295530e-09	3.637573e+01	1.537948e+02
3.310000e-06	5.134157e-06	2.296397e-09	3.648375e+01	1.538646e+02
3.320000e-06	5.148906e-06	2.298460e-09	3.658856e+01	1.539334e+02
3.330000e-06	5.163105e-06	2.299964e-09	3.668946e+01	1.540016e+02
3.340000e-06	5.176988e-06	2.304968e-09	3.678812e+01	1.540696e+02
3.350000e-06	5.190526e-06	2.312807e-09	3.688432e+01	1.541377e+02
3.360000e-06	5.203710e-06	2.316898e-09	3.697801e+01	1.542061e+02
3.370000e-06	5.216523e-06	2.316397e-09	3.706905e+01	1.542749e+02
3.380000e-06	5.228945e-06	2.315495e-09	3.715733e+01	1.543441e+02
3.390000e-06	5.241079e-06	2.314661e-09	3.724355e+01	1.544137e+02
3.400000e-06	5.252873e-06	2.313944e-09	3.732736e+01	1.544835e+02
3.410000e-06	5.264158e-06	2.313963e-09	3.740755e+01	1.545532e+02
3.420000e-06	5.274808e-06	2.315207e-09	3.748324e+01	1.546224e+02
3.430000e-06	5.284839e-06	2.318473e-09	3.755452e+01	1.546909e+02
3.440000e-06	5.294300e-06	2.323534e-09	3.762174e+01	1.547579e+02
3.450000e-06	5.303228e-06	2.328213e-09	3.768519e+01	1.548231e+02
3.460000e-06	5.311825e-06	2.330756e-09	3.774628e+01	1.548859e+02
3.470000e-06	5.320120e-06	2.330002e-09	3.780523e+01	1.549456e+02
3.480000e-06	5.328124e-06	2.325953e-09	3.786210e+01	1.550017e+02
3.490000e-06	5.335868e-06	2.320988e-09	3.791713e+01	1.550536e+02
3.500000e-06	5.343240e-06	2.318459e-09	3.796952e+01	1.551008e+02
3.510000e-06	5.350210e-06	2.318124e-09	3.801905e+01	1.551427e+02
3.520000e-06	5.356838e-06	2.319654e-09	3.806614e+01	1.551791e+02
3.530000e-06	5.363113e-06	2.321751e-09	3.811074e+01	1.552095e+02
3.540000e-06	5.369004e-06	2.323533e-09	3.815260e+01	1.552337e+02
3.550000e-06	5.374518e-06	2.326475e-09	3.819178e+01	1.552517e+02
3.560000e-06	5.379643e-06	2.329247e-09	3.822820e+01	1.552633e+02
3.570000e-06	5.384323e-06	2.328510e-09	3.826146e+01	1.552688e+02
3.580000e-06	5.388679e-06	2.324567e-09	3.829241e+01	1.552684e+02
3.590000e-06	5.392884e-06	2.321770e-09	3.832229e+01	1.552625e+02
3.600000e-06	5.396875e-06	2.322498e-09	3.835065e+01	1.552515e+02
3.610000e-06	5.400578e-06	2.323384e-09	3.837697e+01	1.552361e+02
3.620000e-06	5.403897e-06	2.323419e-09	3.840055e+01	1.552169e+02
3.630000e-06	5.406628e-06	2.326717e-09	3.841996e+01	1.551950e+02
3.640000e-06	5.408751e-06	2.333716e-09	3.843504e+01	1.551710e+02
3.650000e-06	5.410294e-06	2.337701e-09	3.844601e+01	1.551461e+02
3.660000e-06	5.411291e-06	2.335226e-09	3.845309e+01	1.551212e+02
3.670000e-06	5.411811e-06	2.332672e-09	3.845679e+01	1.550974e+02
3.680000e-06	5.412098e-06	2.332678e-09	3.845883e+01	1.550757e+02
3.690000e-06	5.412263e-06	2.330637e-09	3.846000e+01	1.550573e+02
3.700000e-06	5.412088e-06	2.326166e-09	3.845876e+01	1.550430e+02
3.710000e-06	5.411595e-06	2.325075e-09	3.845525e+01	1.550340e+02
3.720000e-06	5.410722e-06	2.331496e-09	3.844905e+01	1.550310e+02
3.730000e-06	5.409515e-06	2.340503e-09	3.844047e+01	1.550350e+02
3.740000e-06	5.407997e-06	2.342918e-09	3.842969e+01	1.550466e+02
3.750000e-06	5.406047e-06	2.339774e-09	3.841583e+01	1.550664e+02
3.760000e-06	5.403797e-06	2.327153e-09	3.839984e+01	1.550949e+02
3.770000e-06	5.401164e-06	2.298810e-09	3.838113e+01	1.551324e+02
3.780000e-06	5.398074e-06	2.299741e-09	3.835917e+01	1.551790e+02
3.790000e-06	5.394597e-06	2.362009e-09	3.833447e+01	1.552349e+02
3.800000e-06	5.390779e-06	2.386120e-09	3.830733e+01	1.552999e+02
3.810000e-06	5.386730e-06	2.316898e-09	3.827856e+01	1.553737e+02
3.820000e-06	5.382562e-06	2.306484e-09	3.824894e+01	1.554559e+02
3.830000e-06	5.377979e-06	2.354694e-09	3.821638e+01	1.555461e+02
3.840000e-06	5.372604e-06	2.373874e-09	3.817818e+01	1.556435e+02
3.850000e-06	5.366755e-06	2.284067e-09	3.813662e+01	1.557473e+02
3.860000e-06	5.360719e-06	2.262417e-09	3.809372e+01	1.558568e+02
3.870000e-06	5.354152e-06	2.372020e-09	3.804706e+01	1.559709e+02
3.880000e-06	5.346903e-06	2.397656e-09	3.799555e+01	1.560886e+02
3.890000e-06	5.339283e-06	2.326173e-09	3.794140e+01	1.562089e+02
3.900000e-06	5.331455e-06	2.309365e-09	3.788578e+01	1.563306e+02
3.910000e-06	5.323296e-06	2.407684e-09	3.782779e+01	1.564527e+02
3.920000e-06	5.314715e-06	2.355474e-09	3.776681e+01	1.565740e+02
3.930000e-06	5.305836e-06	2.257056e-09	3.770372e+01	1.566934e+02
3.940000e-06	5.296614e-06	2.309060e-09	3.763819e+01	1.568099e+02
3.950000e-06	5.287059e-06	2.454708e-09	3.757029e+01	1.569225e+02
3.960000e-06	5.277082e-06	2.411147e-09	3.749939e+01	1.570301e+02
3.970000e-06	5.266709e-06	2.338535e-09	3.742569e+01	1.571318e+02
3.980000e-06	5.256051e-06	2.420947e-09	3.734994e+01	1.572270e+02
3.990000e-06	5.245004e-06	2.494591e-09	3.727145e+01	1.573147e+02
4.000000e-06	5.233564e-06	2.394108e-09	3.719015e+01	1.573944e+02
4.010000e-06	5.221689e-06	2.352333e-09	3.710577e+01	1.574655e+02
4.020000e-06	5.209386e-06	2.473147e-09	3.701834e+01	1.575275e+02
4.030000e-06	5.196700e-06	2.487063e-09	3.692819e+01	1.575800e+02
4.040000e-06	5.183690e-06	2.393897e-09	3.683574e+01	1.576227e+02
4.050000e-06	5.169993e-06	2.395287e-09	3.673841e+01	1.576553e+02
4.060000e-06	5.155367e-06	2.474945e-09	3.663447e+01	1.576777e+02
4.070000e-06	5.140223e-06	2.431260e-09	3.652686e+01	1.576897e+02
4.080000e-06	5.124806e-06	2.382933e-09	3.641731e+01	1.576914e+02
4.090000e-06	5.109069e-06	2.398665e-09	3.630548e+01	1.576828e+02
4.100000e-06	5.093078e-06	2.425451e-09	3.619184e+01	1.576638e+02
4.110000e-06	5.076815e-06	2.428354e-09	3.607628e+01	1.576347e+02
4.120000e-06	5.060258e-06	2.454543e-09	3.595863e+01	1.575955e+02
4.130000e-06	5.043369e-06	2.427486e-09	3.583861e+01	1.575464e+02
4.140000e-06	5.026053e-06	2.395003e-09	3.571556e+01	1.574875e+02
4.150000e-06	5.008409e-06	2.409030e-09	3.559018e+01	1.574191e+02
4.160000e-06	4.990479e-06	2.428467e-09	3.546277e+01	1.573414e+02
4.170000e-06	4.972207e-06	2.383832e-09	3.533292e+01	1.572546e+02
4.180000e-06	4.953544e-06	2.380244e-09	3.520030e+01	1.571589e+02
4.190000e-06	4.934495e-06	2.414449e-09	3.506494e+01	1.570546e+02
4.200000e-06	4.915178e-06	2.428768e-09	3.492768e+01	1.569420e+02
4.210000e-06	4.895589e-06	2.413401e-09	3.478847e+01	1.568213e+02
4.220000e-06	4.875725e-06	2.396053e-09	3.464732e+01	1.566927e+02
4.230000e-06	4.855690e-06	2.385866e-09	3.450495e+01	1.565568e+02
4.240000e-06	4.835507e-06	2.401146e-09	3.436153e+01	1.564137e+02
4.250000e-06	4.814891e-06	2.402105e-09	3.421503e+01	1.562638e+02
4.260000e-06	4.793639e-06	2.369747e-09	3.406400e+01	1.561075e+02
4.270000e-06	4.771779e-06	2.375818e-09	3.390867e+01	1.559453e+02
4.280000e-06	4.749416e-06	2.404984e-09	3.374975e+01	1.557775e+02
4.290000e-06	4.726540e-06	2.395590e-09	3.358720e+01	1.556047e+02
4.300000e-06	4.703176e-06	2.371996e-09	3.342117e+01	1.554275e+02
4.310000e-06	4.679552e-06	2.379376e-09	3.325330e+01	1.552462e+02
4.320000e-06	4.655751e-06	2.378476e-09	3.308417e+01	1.550616e+02
4.330000e-06	4.631803e-06	2.376246e-09	3.291399e+01	1.548742e+02
4.340000e-06	4.607692e-06	2.369178e-09	3.274265e+01	1.546846e+02
4.350000e-06	4.583269e-06	2.355925e-09	3.256910e+01	1.544936e+02
4.360000e-06	4.558436e-06	2.351533e-09	3.239263e+01	1.543016e+02
4.370000e-06	4.533299e-06	2.370361e-09	3.221401e+01	1.541093e+02
4.380000e-06	4.507856e-06	2.361123e-09	3.203321e+01	1.539174e+02
4.390000e-06	4.482032e-06	2.341561e-09	3.184970e+01	1.537265e+02
4.400000e-06	4.455887e-06	2.340287e-09	3.166391e+01	1.535370e+02
4.410000e-06	4.429478e-06	2.354873e-09	3.147625e+01	1.533496e+02
4.420000e-06	4.402688e-06	2.349529e-09	3.128587e+01	1.531646e+02
4.430000e-06	4.375550e-06	2.341119e-09	3.109303e+01	1.529824e+02
4.440000e-06	4.348222e-06	2.335036e-09	3.089884e+01	1.528035e+02
4.450000e-06	4.320637e-06	2.340590e-09	3.070282e+01	1.526278e+02
4.460000e-06	4.292862e-06	2.340467e-09	3.050544e+01	1.524557e+02
4.470000e-06	4.264979e-06	2.329284e-09	3.030730e+01	1.522871e+02
4.480000e-06	4.236911e-06	2.318213e-09	3.010785e+01	1.521220e+02
4.490000e-06	4.208509e-06	2.323047e-09	2.990603e+01	1.519601e+02
4.500000e-06	4.179741e-06	2.329595e-09	2.970160e+01	1.518013e+02
4.510000e-06	4.150601e-06	2.331308e-09	2.949452e+01	1.516450e+02
4.520000e-06	4.120915e-06	2.333705e-09	2.928357e+01	1.514909e+02
4.530000e-06	4.090692e-06	2.336834e-09	2.906881e+01	1.513383e+02
4.540000e-06	4.059958e-06	2.334866e-09	2.885041e+01	1.511867e+02
4.550000e-06	4.028756e-06	2.327114e-09	2.862868e+01	1.510352e+02
4.560000e-06	3.997247e-06	2.318281e-09	2.840478e+01	1.508831e+02
4.570000e-06	3.965537e-06	2.314403e-09	2.817944e+01	1.507296e+02
4.580000e-06	3.933656e-06	2.319158e-09	2.795289e+01	1.505739e+02
4.590000e-06	3.901604e-06	2.321751e-09	2.772513e+01	1.504151e+02
4.600000e-06	3.869381e-06	2.322391e-09	2.749615e+01	1.502523e+02
4.610000e-06	3.836941e-06	2.321152e-09	2.726563e+01	1.500848e+02
4.620000e-06	3.804248e-06	2.322047e-09	2.703331e+01	1.499117e+02
4.630000e-06	3.771291e-06	2.318359e-09	2.679911e+01	1.497323e+02
4.640000e-06	3.738076e-06	2.310864e-09	2.656309e+01	1.495461e+02
4.650000e-06	3.704636e-06	2.300267e-09	2.632546e+01	1.493525e+02
4.660000e-06	3.670954e-06	2.300297e-09	2.608611e+01	1.491509e+02
4.670000e-06	3.636991e-06	2.302757e-09	2.584477e+01	1.489412e+02
4.680000e-06	3.602790e-06	2.301668e-09	2.560173e+01	1.487230e+02
4.690000e-06	3.568403e-06	2.296720e-09	2.535738e+01	1.484963e+02
4.700000e-06	3.533792e-06	2.298507e-09	2.511143e+01	1.482611e+02
4.710000e-06	3.498906e-06	2.300005e-09	2.486353e+01	1.480176e+02
4.720000e-06	3.463708e-06	2.298342e-09	2.461341e+01	1.477660e+02
4.730000e-06	3.428257e-06	2.291845e-09	2.436149e+01	1.475069e+02
4.740000e-06	3.392621e-06	2.288537e-09	2.410825e+01	1.472406e+02
4.750000e-06	3.356854e-06	2.285239e-09	2.385409e+01	1.469678e+02
4.760000e-06	3.320997e-06	2.279806e-09	2.359929e+01	1.466892e+02
4.770000e-06	3.285003e-06	2.270856e-09	2.334351e+01	1.464054e+02
4.780000e-06	3.248929e-06	2.265740e-09	2.308717e+01	1.461174e+02
4.790000e-06	3.212624e-06	2.268166e-09	2.282918e+01	1.458258e+02
4.800000e-06	3.175975e-06	2.270858e-09	2.256875e+01	1.455316e+02
4.810000e-06	3.139051e-06	2.266771e-09	2.230636e+01	1.452355e+02
4.820000e-06	3.101783e-06	2.259432e-09	2.204153e+01	1.449382e+02
4.830000e-06	3.064021e-06	2.253819e-09	2.177319e+01	1.446406e+02
4.840000e-06	3.025693e-06	2.246061e-09	2.150083e+01	1.443431e+02
4.850000e-06	2.987094e-06	2.236311e-09	2.122655e+01	1.440463e+02
4.860000e-06	2.948290e-06	2.227948e-09	2.095080e+01	1.437507e+02
4.870000e-06	2.909138e-06	2.225225e-09	2.067258e+01	1.434565e+02
4.880000e-06	2.869751e-06	2.227603e-09	2.039269e+01	1.431639e+02
4.890000e-06	2.830141e-06	2.229736e-09	2.011122e+01	1.428730e+02
4.900000e-06	2.790407e-06	2.225172e-09	1.982887e+01	1.425835e+02
4.910000e-06	2.750595e-06	2.217288e-09	1.954596e+01	1.422952e+02
4.920000e-06	2.710641e-06	2.207585e-09	1.926205e+01	1.420076e+02
4.930000e-06	2.670598e-06	2.199195e-09	1.897749e+01	1.417203e+02
4.940000e-06	2.630448e-06	2.192985e-09	1.869219e+01	1.414324e+02
4.950000e-06	2.590271e-06	2.189616e-09	1.840669e+01	1.411432e+02
4.960000e-06	2.549972e-06	2.186828e-09	1.812032e+01	1.408518e+02
4.970000e-06	2.509327e-06	2.186636e-09	1.783149e+01	1.405570e+02
4.980000e-06	2.468509e-06	2.184289e-09	1.754143e+01	1.402578e+02
4.990000e-06	2.427606e-06	2.178931e-09	1.725077e+01	1.399531e+02
5.000000e-06	2.386510e-06	2.174849e-09	1.695874e+01	1.396415e+02
5.010000e-06	2.345150e-06	2.172130e-09	1.666483e+01	1.393220e+02
5.020000e-06	2.303585e-06	2.168094e-09	1.636947e+01	1.389933e+02
5.030000e-06	2.261940e-06	2.164678e-09	1.607354e+01	1.386542e+02
5.040000e-06	2.220177e-06	2.161925e-09	1.577677e+01	1.383037e+02
5.050000e-06	2.178257e-06	2.158750e-09	1.547888e+01	1.379405e+02
5.060000e-06	2.136165e-06	2.152436e-09	1.517977e+01	1.375639e+02
5.070000e-06	2.093945e-06	2.145573e-09	1.487975e+01	1.371728e+02
5.080000e-06	2.051570e-06	2.140650e-09	1.457863e+01	1.367666e+02
5.090000e-06	2.009033e-06	2.138825e-09	1.427636e+01	1.363445e+02
5.100000e-06	1.966327e-06	2.137729e-09	1.397288e+01	1.359061e+02
5.110000e-06	1.923429e-06	2.133252e-09	1.366805e+01	1.354509e+02
5.120000e-06	1.880395e-06	2.124810e-09	1.336225e+01	1.349786e+02
5.130000e-06	1.837287e-06	2.114531e-09	1.305592e+01	1.344892e+02
5.140000e-06	1.794112e-06	2.104668e-09	1.274911e+01	1.339825e+02
5.150000e-06	1.750704e-06	2.095160e-09	1.244065e+01	1.334587e+02
5.160000e-06	1.707142e-06	2.087750e-09	1.213110e+01	1.329180e+02
5.170000e-06	1.663565e-06	2.084646e-09	1.182144e+01	1.323605e+02
5.180000e-06	1.619923e-06	2.082348e-09	1.151131e+01	1.317866e+02
5.190000e-06	1.576214e-06	2.074662e-09	1.120071e+01	1.311967e+02
5.200000e-06	1.532391e-06	2.064375e-09	1.088930e+01	1.305911e+02
5.210000e-06	1.488486e-06	2.052194e-09	1.057730e+01	1.299703e+02
5.220000e-06	1.444568e-06	2.042662e-09	1.026522e+01	1.293346e+02
5.230000e-06	1.400634e-06	2.033681e-09	9.953024e+00	1.286843e+02
5.240000e-06	1.356679e-06	2.020731e-09	9.640673e+00	1.280199e+02
5.250000e-06	1.312645e-06	2.008175e-09	9.327764e+00	1.273415e+02
5.260000e-06	1.268550e-06	2.000929e-09	9.014426e+00	1.266493e+02
5.270000e-06	1.224481e-06	1.998115e-09	8.701265e+00	1.259433e+02
5.280000e-06	1.180412e-06	1.991022e-09	8.388109e+00	1.252235e+02
5.290000e-06	1.136222e-06	1.975543e-09	8.074092e+00	1.244897e+02
5.300000e-06	1.091892e-06	1.960384e-09	7.759076e+00	1.237416e+02
5.310000e-06	1.047475e-06	1.949575e-09	7.443445e+00	1.229787e+02
5.320000e-06	1.002964e-06	1.937416e-09	7.127148e+00	1.222005e+02
5.330000e-06	9.582999e-07	1.920316e-09	6.809761e+00	1.214063e+02
5.340000e-06	9.135969e-07	1.906116e-09	6.492097e+00	1.205951e+02
5.350000e-06	8.688973e-07	1.899286e-09	6.174458e+00	1.197661e+02
5.360000e-06	8.241361e-07	1.892969e-09	5.856381e+00	1.189180e+02
5.370000e-06	7.793399e-07	1.880053e-09	5.538056e+00	1.180498e+02
5.380000e-06	7.344839e-07	1.863404e-09	5.219305e+00	1.171600e+02
5.390000e-06	6.894680e-07	1.850101e-09	4.899418e+00	1.162472e+02
5.400000e-06	6.443917e-07	1.839588e-09	4.579102e+00	1.153100e+02
5.410000e-06	5.993055e-07	1.826800e-09	4.258716e+00	1.143466e+02
5.420000e-06	5.541767e-07	1.809723e-09	3.938027e+00	1.133555e+02
5.430000e-06	5.090261e-07	1.792017e-09	3.617183e+00	1.123349e+02
5.440000e-06	4.638015e-07	1.774838e-09	3.295813e+00	1.112831e+02
5.450000e-06	4.185211e-07	1.757266e-09	2.974046e+00	1.101982e+02
5.460000e-06	3.731977e-07	1.738097e-09	2.651974e+00	1.090783e+02
5.470000e-06	3.278897e-07	1.719378e-09	2.330012e+00	1.079217e+02
5.480000e-06	2.826063e-07	1.701882e-09	2.008224e+00	1.067263e+02
5.490000e-06	2.372541e-07	1.682913e-09	1.685948e+00	1.054902e+02
5.500000e-06	1.918140e-07	1.660132e-09	1.363046e+00	1.042115e+02
5.510000e-06	1.463685e-07	1.637912e-09	1.040107e+00	1.028881e+02
5.520000e-06	1.009604e-07	1.618096e-09	7.174334e-01	1.015180e+02
5.530000e-06	5.554575e-08	1.596801e-09	3.947128e-01	1.000991e+02
5.540000e-06	1.007748e-08	1.570672e-09	7.161141e-02	9.862920e+01
5.550000e-06	-3.533599e-08	1.543072e-09	-2.511006e-01	9.710627e+01
5.560000e-06	-8.074529e-08	1.517747e-09	-5.737829e-01	9.552803e+01
5.570000e-06	-1.261819e-07	1.490834e-09	-8.966592e-01	9.389222e+01
5.580000e-06	-1.715436e-07	1.460167e-09	-1.219004e+00	9.219653e+01
5.590000e-06	-2.168864e-07	1.428036e-09	-1.541213e+00	9.043858e+01
5.600000e-06	-2.622648e-07	1.397235e-09	-1.863676e+00	8.861596e+01
5.610000e-06	-3.075558e-07	1.365360e-09	-2.185518e+00	8.672622e+01
5.620000e-06	-3.527251e-07	1.329155e-09	-2.506494e+00	8.476686e+01
5.630000e-06	-3.978375e-07	1.293305e-09	-2.827067e+00	8.273539e+01
5.640000e-06	-4.430284e-07	1.261063e-09	-3.148197e+00	8.062928e+01
5.650000e-06	-4.882516e-07	1.228267e-09	-3.469557e+00	7.844605e+01
5.660000e-06	-5.333308e-07	1.188282e-09	-3.789894e+00	7.618325e+01
5.670000e-06	-5.782989e-07	1.144620e-09	-4.109441e+00	7.383850e+01
5.680000e-06	-6.232480e-07	1.105502e-09	-4.428853e+00	7.140952e+01
5.690000e-06	-6.682154e-07	1.069157e-09	-4.748395e+00	6.889417e+01
5.700000e-06	-7.131845e-07	1.029258e-09	-5.067949e+00	6.629049e+01
5.710000e-06	-7.581625e-07	9.857598e-10	-5.387567e+00	6.359674e+01
5.720000e-06	-8.030323e-07	9.434049e-10	-5.706416e+00	6.081143e+01
5.730000e-06	-8.477645e-07	9.020402e-10	-6.024287e+00	5.793339e+01
5.740000e-06	-8.924377e-07	8.569023e-10	-6.341738e+00	5.496180e+01
5.750000e-06	-9.370637e-07	8.057829e-10	-6.658854e+00	5.189621e+01
5.760000e-06	-9.815474e-07	7.532697e-10	-6.974959e+00	4.873664e+01
5.770000e-06	-1.025940e-06	7.055009e-10	-7.290415e+00	4.548358e+01
5.780000e-06	-1.070271e-06	6.590851e-10	-7.605439e+00	4.213803e+01
5.790000e-06	-1.114479e-06	6.072055e-10	-7.919581e+00	3.870157e+01
5.800000e-06	-1.158645e-06	5.529663e-10	-8.233429e+00	3.517634e+01
5.810000e-06	-1.202783e-06	5.014019e-10	-8.547079e+00	3.156509e+01
5.820000e-06	-1.246868e-06	4.498033e-10	-8.860351e+00	2.787119e+01
5.830000e-06	-1.290898e-06	3.939432e-10	-9.173234e+00	2.409868e+01
5.840000e-06	-1.334865e-06	3.339297e-10	-9.485666e+00	2.025218e+01
5.850000e-06	-1.378815e-06	2.727806e-10	-9.797979e+00	1.633698e+01
5.860000e-06	-1.422747e-06	2.118554e-10	-1.011016e+01	1.235898e+01
5.870000e-06	-1.466595e-06	1.485929e-10	-1.042175e+01	8.324662e+00
5.880000e-06	-1.510399e-06	8.541136e-11	-1.073303e+01	4.241071e+00
5.890000e-06	-1.554211e-06	2.311290e-11	-1.104436e+01	1.157696e-01
5.900000e-06	-1.597979e-06	-4.104889e-11	-1.135537e+01	-4.043209e+00
5.910000e-06	-1.641627e-06	-1.078005e-10	-1.166554e+01	-8.227424e+00
5.920000e-06	-1.685185e-06	-1.747362e-10	-1.197507e+01	-1.242809e+01
5.930000e-06	-1.728672e-06	-2.398858e-10	-1.228409e+01	-1.663614e+01
5.940000e-06	-1.772043e-06	-3.056744e-10	-1.259229e+01	-2.084231e+01
5.950000e-06	-1.815281e-06	-3.737715e-10	-1.289954e+01	-2.503723e+01
5.960000e-06	-1.858396e-06	-4.405950e-10	-1.320592e+01	-2.921149e+01
5.970000e-06	-1.901400e-06	-5.042584e-10	-1.351151e+01	-3.335573e+01
5.980000e-06	-1.944180e-06	-5.673596e-10	-1.381551e+01	-3.746075e+01
5.990000e-06	-1.986775e-06	-6.308315e-10	-1.411819e+01	-4.151755e+01
6.000000e-06	-2.029326e-06	-6.929176e-10	-1.442056e+01	-4.551749e+01
6.010000e-06	-2.071743e-06	-7.505303e-10	-1.472198e+01	-4.945227e+01
6.020000e-06	-2.113925e-06	-8.067999e-10	-1.502173e+01	-5.331410e+01
6.030000e-06	-2.155944e-06	-8.694055e-10	-1.532032e+01	-5.709573e+01
6.040000e-06	-2.197853e-06	-9.332054e-10	-1.561813e+01	-6.079051e+01
6.050000e-06	-2.239627e-06	-9.893493e-10	-1.591498e+01	-6.439246e+01
6.060000e-06	-2.281315e-06	-1.040086e-09	-1.621122e+01	-6.789632e+01
6.070000e-06	-2.322932e-06	-1.093487e-09	-1.650695e+01	-7.129757e+01
6.080000e-06	-2.364306e-06	-1.150693e-09	-1.680096e+01	-7.459248e+01
6.090000e-06	-2.405460e-06	-1.202930e-09	-1.709340e+01	-7.777810e+01
6.100000e-06	-2.446448e-06	-1.249702e-09	-1.738467e+01	-8.085230e+01
6.110000e-06	-2.487186e-06	-1.298058e-09	-1.767416e+01	-8.381375e+01
6.120000e-06	-2.527729e-06	-1.349164e-09	-1.796226e+01	-8.666190e+01
6.130000e-06	-2.568071e-06	-1.395209e-09	-1.824893e+01	-8.939695e+01
6.140000e-06	-2.608223e-06	-1.433451e-09	-1.853426e+01	-9.201984e+01
6.150000e-06	-2.648295e-06	-1.471972e-09	-1.881901e+01	-9.453218e+01
6.160000e-06	-2.688308e-06	-1.515487e-09	-1.910335e+01	-9.693622e+01
6.170000e-06	-2.728206e-06	-1.558184e-09	-1.938686e+01	-9.923478e+01
6.180000e-06	-2.767954e-06	-1.594994e-09	-1.966931e+01	-1.014312e+02
6.190000e-06	-2.807590e-06	-1.628996e-09	-1.995097e+01	-1.035292e+02
6.200000e-06	-2.847089e-06	-1.664769e-09	-2.023166e+01	-1.055329e+02
6.210000e-06	-2.886428e-06	-1.697518e-09	-2.051120e+01	-1.074468e+02
6.220000e-06	-2.925543e-06	-1.724718e-09	-2.078915e+01	-1.092754e+02
6.230000e-06	-2.964439e-06	-1.751923e-09	-2.106556e+01	-1.110236e+02
6.240000e-06	-3.003007e-06	-1.782851e-09	-2.133962e+01	-1.126962e+02
6.250000e-06	-3.041110e-06	-1.817345e-09	-2.161039e+01	-1.142980e+02
6.260000e-06	-3.078852e-06	-1.848828e-09	-2.187859e+01	-1.158337e+02
6.270000e-06	-3.116158e-06	-1.872941e-09	-2.214368e+01	-1.173080e+02
6.280000e-06	-3.153077e-06	-1.894591e-09	-2.240604e+01	-1.187252e+02
6.290000e-06	-3.189655e-06	-1.915237e-09	-2.266596e+01	-1.200897e+02
6.300000e-06	-3.225941e-06	-1.932060e-09	-2.292381e+01	-1.214052e+02
6.310000e-06	-3.262064e-06	-1.947403e-09	-2.318051e+01	-1.226755e+02
6.320000e-06	-3.298116e-06	-1.966837e-09	-2.343669e+01	-1.239037e+02
6.330000e-06	-3.334074e-06	-1.991508e-09	-2.369221e+01	-1.250928e+02
6.340000e-06	-3.369845e-06	-2.017421e-09	-2.394640e+01	-1.262452e+02
6.350000e-06	-3.405486e-06	-2.041893e-09	-2.419967e+01	-1.273633e+02
6.360000e-06	-3.440973e-06	-2.060306e-09	-2.445185e+01	-1.284487e+02
6.370000e-06	-3.476203e-06	-2.073155e-09	-2.470220e+01	-1.295030e+02
6.380000e-06	-3.511178e-06	-2.083111e-09	-2.495073e+01	-1.305273e+02
6.390000e-06	-3.545939e-06	-2.090458e-09	-2.519774e+01	-1.315225e+02
6.400000e-06	-3.580431e-06	-2.103606e-09	-2.544284e+01	-1.324891e+02
6.410000e-06	-3.614573e-06	-2.123846e-09	-2.568546e+01	-1.334276e+02
6.420000e-06	-3.648398e-06	-2.145577e-09	-2.592583e+01	-1.343380e+02
6.430000e-06	-3.682022e-06	-2.162899e-09	-2.616476e+01	-1.352203e+02
6.440000e-06	-3.715410e-06	-2.177255e-09	-2.640202e+01	-1.360744e+02
6.450000e-06	-3.748468e-06	-2.188523e-09	-2.663693e+01	-1.369001e+02
6.460000e-06	-3.781230e-06	-2.191620e-09	-2.686974e+01	-1.376972e+02
6.470000e-06	-3.813727e-06	-2.191033e-09	-2.710067e+01	-1.384653e+02
6.480000e-06	-3.845997e-06	-2.197378e-09	-2.732999e+01	-1.392044e+02
6.490000e-06	-3.878088e-06	-2.215976e-09	-2.755802e+01	-1.399141e+02
6.500000e-06	-3.910025e-06	-2.235350e-09	-2.778497e+01	-1.405944e+02
6.510000e-06	-3.941773e-06	-2.246180e-09	-2.801057e+01	-1.412454e+02
6.520000e-06	-3.973340e-06	-2.253771e-09	-2.823489e+01	-1.418672e+02
6.530000e-06	-4.004661e-06	-2.262683e-09	-2.845746e+01	-1.424600e+02
6.540000e-06	-4.035594e-06	-2.269498e-09	-2.867727e+01	-1.430244e+02
6.550000e-06	-4.066124e-06	-2.270932e-09	-2.889423e+01	-1.435609e+02
6.560000e-06	-4.096241e-06	-2.273147e-09	-2.910824e+01	-1.440702e+02
6.570000e-06	-4.125909e-06	-2.284155e-09	-2.931906e+01	-1.445532e+02
6.580000e-06	-4.155022e-06	-2.298344e-09	-2.952594e+01	-1.450109e+02
6.590000e-06	-4.183648e-06	-2.306234e-09	-2.972936e+01	-1.454444e+02
6.600000e-06	-4.211990e-06	-2.308394e-09	-2.993076e+01	-1.458550e+02
6.610000e-06	-4.240146e-06	-2.312065e-09	-3.013084e+01	-1.462439e+02
6.620000e-06	-4.268166e-06	-2.318378e-09	-3.032995e+01	-1.466124e+02
6.630000e-06	-4.295991e-06	-2.322025e-09	-3.052767e+01	-1.469620e+02
6.640000e-06	-4.323507e-06	-2.323489e-09	-3.072321e+01	-1.472940e+02
6.650000e-06	-4.350710e-06	-2.332279e-09	-3.091652e+01	-1.476098e+02
6.660000e-06	-4.377620e-06	-2.346413e-09	-3.110774e+01	-1.479108e+02
6.670000e-06	-4.404244e-06	-2.355050e-09	-3.129693e+01	-1.481983e+02
6.680000e-06	-4.430538e-06	-2.354509e-09	-3.148378e+01	-1.484733e+02
6.690000e-06	-4.456525e-06	-2.350771e-09	-3.166845e+01	-1.487372e+02
6.700000e-06	-4.482223e-06	-2.353060e-09	-3.185105e+01	-1.489909e+02
6.710000e-06	-4.507532e-06	-2.359603e-09	-3.203091e+01	-1.492352e+02
6.720000e-06	-4.532453e-06	-2.362710e-09	-3.220800e+01	-1.494711e+02
6.730000e-06	-4.557043e-06	-2.364115e-09	-3.238274e+01	-1.496992e+02
6.740000e-06	-4.581418e-06	-2.370442e-09	-3.255595e+01	-1.499200e+02
6.750000e-06	-4.605618e-06	-2.378637e-09	-3.272791e+01	-1.501339e+02
6.760000e-06	-4.629653e-06	-2.381345e-09	-3.289871e+01	-1.503413e+02
6.770000e-06	-4.653508e-06	-2.379549e-09	-3.306822e+01	-1.505424e+02
6.780000e-06	-4.677103e-06	-2.380047e-09	-3.323589e+01	-1.507372e+02
6.790000e-06	-4.700348e-06	-2.387131e-09	-3.340107e+01	-1.509258e+02
6.800000e-06	-4.723129e-06	-2.393295e-09	-3.356296e+01	-1.511083e+02
6.810000e-06	-4.745398e-06	-2.392304e-09	-3.372120e+01	-1.512844e+02
6.820000e-06	-4.767122e-06	-2.390062e-09	-3.387558e+01	-1.514541e+02
6.830000e-06	-4.788264e-06	-2.392178e-09	-3.402581e+01	-1.516173e+02
6.840000e-06	-4.808900e-06	-2.398293e-09	-3.417245e+01	-1.517738e+02
6.850000e-06	-4.829241e-06	-2.402308e-09	-3.431700e+01	-1.519236e+02
6.860000e-06	-4.849352e-06	-2.409699e-09	-3.445991e+01	-1.520666e+02
6.870000e-06	-4.869272e-06	-2.420309e-09	-3.460146e+01	-1.522027e+02
6.880000e-06	-4.888934e-06	-2.428272e-09	-3.474118e+01	-1.523319e+02
6.890000e-06	-4.908295e-06	-2.429454e-09	-3.487876e+01	-1.524544e+02
6.900000e-06	-4.927401e-06	-2.424159e-09	-3.501453e+01	-1.525703e+02
6.910000e-06	-4.946136e-06	-2.417290e-09	-3.514767e+01	-1.526798e+02
6.920000e-06	-4.964534e-06	-2.412790e-09	-3.527840e+01	-1.527832e+02
6.930000e-06	-4.982604e-06	-2.414758e-09	-3.540681e+01	-1.528808e+02
6.940000e-06	-5.000327e-06	-2.423607e-09	-3.553275e+01	-1.529732e+02
6.950000e-06	-5.017768e-06	-2.438338e-09	-3.565668e+01	-1.530607e+02
6.960000e-06	-5.034772e-06	-2.453591e-09	-3.577752e+01	-1.531439e+02
6.970000e-06	-5.051410e-06	-2.458331e-09	-3.589575e+01	-1.532233e+02
6.980000e-06	-5.067837e-06	-2.451179e-09	-3.601248e+01	-1.532995e+02
6.990000e-06	-5.083971e-06	-2.441263e-09	-3.612713e+01	-1.533730e+02
7.000000e-06	-5.099838e-06	-2.435040e-09	-3.623988e+01	-1.534445e+02
7.010000e-06	-5.115416e-06	-2.434816e-09	-3.635058e+01	-1.535144e+02
7.020000e-06	-5.130553e-06	-2.440048e-09	-3.645815e+01	-1.535833e+02
7.030000e-06	-5.145118e-06	-2.451786e-09	-3.656164e+01	-1.536515e+02
7.040000e-06	-5.158912e-06	-2.462894e-09	-3.665967e+01	-1.537196e+02
7.050000e-06	-5.172112e-06	-2.466417e-09	-3.675347e+01	-1.537877e+02
7.060000e-06	-5.184994e-06	-2.460899e-09	-3.684500e+01	-1.538561e+02
7.070000e-06	-5.197454e-06	-2.452611e-09	-3.693355e+01	-1.539248e+02
7.080000e-06	-5.209533e-06	-2.446904e-09	-3.701939e+01	-1.539941e+02
7.090000e-06	-5.221356e-06	-2.443625e-09	-3.710340e+01	-1.540637e+02
7.100000e-06	-5.232819e-06	-2.442262e-09	-3.718486e+01	-1.541335e+02
7.110000e-06	-5.243780e-06	-2.443182e-09	-3.726275e+01	-1.542032e+02
7.120000e-06	-5.254327e-06	-2.446675e-09	-3.733770e+01	-1.542726e+02
7.130000e-06	-5.264543e-06	-2.449886e-09	-3.741029e+01	-1.543411e+02
7.140000e-06	-5.274456e-06	-2.451080e-09	-3.748073e+01	-1.544083e+02
7.150000e-06	-5.284110e-06	-2.451498e-09	-3.754934e+01	-1.544737e+02
7.160000e-06	-5.293415e-06	-2.450933e-09	-3.761546e+01	-1.545367e+02
7.170000e-06	-5.302259e-06	-2.450287e-09	-3.767831e+01	-1.545968e+02
7.180000e-06	-5.310770e-06	-2.447532e-09	-3.773878e+01	-1.546532e+02
7.190000e-06	-5.319003e-06	-2.443458e-09	-3.779729e+01	-1.547055e+02
7.200000e-06	-5.327019e-06	-2.439096e-09	-3.785425e+01	-1.547531e+02
7.210000e-06	-5.334821e-06	-2.437112e-09	-3.790969e+01	-1.547955e+02
7.220000e-06	-5.342237e-06	-2.438367e-09	-3.796239e+01	-1.548324e+02
7.230000e-06	-5.349226e-06	-2.440068e-09	-3.801206e+01	-1.548633e+02
7.240000e-06	-5.355680e-06	-2.442519e-09	-3.805792e+01	-1.548881e+02
7.250000e-06	-5.361506e-06	-2.446238e-09	-3.809931e+01	-1.549066e+02
7.260000e-06	-5.366672e-06	-2.447996e-09	-3.813603e+01	-1.549188e+02
7.270000e-06	-5.371264e-06	-2.444873e-09	-3.816866e+01	-1.549249e+02
7.280000e-06	-5.375493e-06	-2.438044e-09	-3.819871e+01	-1.549249e+02
7.290000e-06	-5.379537e-06	-2.432072e-09	-3.822745e+01	-1.549195e+02
7.300000e-06	-5.383373e-06	-2.429680e-09	-3.825470e+01	-1.549089e+02
7.310000e-06	-5.386892e-06	-2.428650e-09	-3.827972e+01	-1.548939e+02
7.320000e-06	-5.390109e-06	-2.428860e-09	-3.830258e+01	-1.548751e+02
7.330000e-06	-5.392896e-06	-2.434009e-09	-3.832238e+01	-1.548533e+02
7.340000e-06	-5.395285e-06	-2.438876e-09	-3.833935e+01	-1.548295e+02
7.350000e-06	-5.397377e-06	-2.436710e-09	-3.835422e+01	-1.548047e+02
7.360000e-06	-5.399162e-06	-2.431534e-09	-3.836691e+01	-1.547798e+02
7.370000e-06	-5.400595e-06	-2.427016e-09	-3.837708e+01	-1.547558e+02
7.380000e-06	-5.401566e-06	-2.424323e-09	-3.838399e+01	-1.547340e+02
7.390000e-06	-5.402081e-06	-2.423417e-09	-3.838765e+01	-1.547152e+02
7.400000e-06	-5.402347e-06	-2.424416e-09	-3.838954e+01	-1.547006e+02
