# Temperatura_=_-1.7
# Concentracion g/m^3_=_4090.0
# C_Vs_to_Am_M_A/Vsm_=_65563218390.804596
# pendiente_HvsI_1/m_=_3716.3
# ordenada_HvsI_A/m_=_1297.0
# frecuencia_Hz_=_135084.39964728398

Tiempo_(s)	Campo_(V.s)	Magnetizacion_(V.s)	Campo_(kA/m)	Magnetizacion_(A/m)
0.000000e+00	-5.400336e-06	-2.532989e-09	-3.838082e+01	-1.633478e+02
1.000000e-08	-5.400408e-06	-2.528052e-09	-3.838134e+01	-1.633466e+02
2.000000e-08	-5.400336e-06	-2.517126e-09	-3.838083e+01	-1.633503e+02
3.000000e-08	-5.399983e-06	-2.509807e-09	-3.837832e+01	-1.633598e+02
4.000000e-08	-5.399223e-06	-2.510539e-09	-3.837291e+01	-1.633758e+02
5.000000e-08	-5.397916e-06	-2.515487e-09	-3.836363e+01	-1.633990e+02
6.000000e-08	-5.395846e-06	-2.530608e-09	-3.834892e+01	-1.634300e+02
7.000000e-08	-5.393055e-06	-2.533819e-09	-3.832908e+01	-1.634694e+02
8.000000e-08	-5.389746e-06	-2.481737e-09	-3.830556e+01	-1.635177e+02
9.000000e-08	-5.386015e-06	-2.460266e-09	-3.827905e+01	-1.635752e+02
1.000000e-07	-5.381894e-06	-2.590646e-09	-3.824975e+01	-1.636420e+02
1.100000e-07	-5.377496e-06	-2.604570e-09	-3.821850e+01	-1.637184e+02
1.200000e-07	-5.372886e-06	-2.500187e-09	-3.818574e+01	-1.638043e+02
1.300000e-07	-5.368102e-06	-2.392299e-09	-3.815174e+01	-1.638995e+02
1.400000e-07	-5.363005e-06	-2.552398e-09	-3.811551e+01	-1.640038e+02
1.500000e-07	-5.357431e-06	-2.622124e-09	-3.807590e+01	-1.641167e+02
1.600000e-07	-5.351507e-06	-2.456260e-09	-3.803379e+01	-1.642376e+02
1.700000e-07	-5.345230e-06	-2.398948e-09	-3.798918e+01	-1.643660e+02
1.800000e-07	-5.338521e-06	-2.550908e-09	-3.794150e+01	-1.645009e+02
1.900000e-07	-5.331357e-06	-2.664684e-09	-3.789059e+01	-1.646414e+02
2.000000e-07	-5.323875e-06	-2.503048e-09	-3.783741e+01	-1.647866e+02
2.100000e-07	-5.316284e-06	-2.500761e-09	-3.778346e+01	-1.649353e+02
2.200000e-07	-5.308487e-06	-2.604675e-09	-3.772804e+01	-1.650865e+02
2.300000e-07	-5.300296e-06	-2.622626e-09	-3.766983e+01	-1.652388e+02
2.400000e-07	-5.291700e-06	-2.482805e-09	-3.760874e+01	-1.653910e+02
2.500000e-07	-5.282701e-06	-2.560547e-09	-3.754478e+01	-1.655418e+02
2.600000e-07	-5.272929e-06	-2.646116e-09	-3.747533e+01	-1.656901e+02
2.700000e-07	-5.262503e-06	-2.586368e-09	-3.740123e+01	-1.658344e+02
2.800000e-07	-5.251595e-06	-2.525022e-09	-3.732371e+01	-1.659736e+02
2.900000e-07	-5.240093e-06	-2.648669e-09	-3.724196e+01	-1.661065e+02
3.000000e-07	-5.228201e-06	-2.642138e-09	-3.715744e+01	-1.662319e+02
3.100000e-07	-5.216077e-06	-2.517275e-09	-3.707128e+01	-1.663488e+02
3.200000e-07	-5.203560e-06	-2.544358e-09	-3.698231e+01	-1.664562e+02
3.300000e-07	-5.190573e-06	-2.645811e-09	-3.689001e+01	-1.665532e+02
3.400000e-07	-5.177305e-06	-2.592322e-09	-3.679572e+01	-1.666390e+02
3.500000e-07	-5.163701e-06	-2.541966e-09	-3.669903e+01	-1.667129e+02
3.600000e-07	-5.149618e-06	-2.606956e-09	-3.659895e+01	-1.667745e+02
3.700000e-07	-5.135171e-06	-2.611032e-09	-3.649627e+01	-1.668231e+02
3.800000e-07	-5.120146e-06	-2.562897e-09	-3.638949e+01	-1.668585e+02
3.900000e-07	-5.104452e-06	-2.580779e-09	-3.627794e+01	-1.668804e+02
4.000000e-07	-5.088224e-06	-2.589671e-09	-3.616261e+01	-1.668887e+02
4.100000e-07	-5.071598e-06	-2.534660e-09	-3.604444e+01	-1.668835e+02
4.200000e-07	-5.054694e-06	-2.571928e-09	-3.592431e+01	-1.668647e+02
4.300000e-07	-5.037512e-06	-2.604663e-09	-3.580219e+01	-1.668326e+02
4.400000e-07	-5.020123e-06	-2.565201e-09	-3.567860e+01	-1.667874e+02
4.500000e-07	-5.002440e-06	-2.524513e-09	-3.555293e+01	-1.667295e+02
4.600000e-07	-4.984386e-06	-2.585510e-09	-3.542462e+01	-1.666594e+02
4.700000e-07	-4.965864e-06	-2.575127e-09	-3.529298e+01	-1.665774e+02
4.800000e-07	-4.946930e-06	-2.546647e-09	-3.515842e+01	-1.664842e+02
4.900000e-07	-4.927665e-06	-2.531483e-09	-3.502150e+01	-1.663804e+02
5.000000e-07	-4.908160e-06	-2.564193e-09	-3.488287e+01	-1.662665e+02
5.100000e-07	-4.888412e-06	-2.562023e-09	-3.474253e+01	-1.661433e+02
5.200000e-07	-4.868338e-06	-2.571916e-09	-3.459985e+01	-1.660113e+02
5.300000e-07	-4.848044e-06	-2.540932e-09	-3.445562e+01	-1.658714e+02
5.400000e-07	-4.827527e-06	-2.542307e-09	-3.430981e+01	-1.657242e+02
5.500000e-07	-4.806603e-06	-2.551794e-09	-3.416110e+01	-1.655704e+02
5.600000e-07	-4.785373e-06	-2.556322e-09	-3.401021e+01	-1.654108e+02
5.700000e-07	-4.763883e-06	-2.523089e-09	-3.385748e+01	-1.652459e+02
5.800000e-07	-4.742045e-06	-2.526427e-09	-3.370227e+01	-1.650766e+02
5.900000e-07	-4.719832e-06	-2.534778e-09	-3.354440e+01	-1.649035e+02
6.000000e-07	-4.697246e-06	-2.544351e-09	-3.338388e+01	-1.647272e+02
6.100000e-07	-4.674245e-06	-2.533641e-09	-3.322041e+01	-1.645484e+02
6.200000e-07	-4.650963e-06	-2.515937e-09	-3.305494e+01	-1.643677e+02
6.300000e-07	-4.627515e-06	-2.512384e-09	-3.288829e+01	-1.641856e+02
6.400000e-07	-4.603790e-06	-2.527500e-09	-3.271968e+01	-1.640027e+02
6.500000e-07	-4.579815e-06	-2.520212e-09	-3.254929e+01	-1.638195e+02
6.600000e-07	-4.555578e-06	-2.494477e-09	-3.237703e+01	-1.636365e+02
6.700000e-07	-4.531044e-06	-2.496390e-09	-3.220267e+01	-1.634542e+02
6.800000e-07	-4.506095e-06	-2.507416e-09	-3.202535e+01	-1.632729e+02
6.900000e-07	-4.480594e-06	-2.506758e-09	-3.184411e+01	-1.630929e+02
7.000000e-07	-4.454612e-06	-2.489000e-09	-3.165946e+01	-1.629147e+02
7.100000e-07	-4.428146e-06	-2.486897e-09	-3.147136e+01	-1.627385e+02
7.200000e-07	-4.401179e-06	-2.489578e-09	-3.127970e+01	-1.625644e+02
7.300000e-07	-4.373873e-06	-2.501537e-09	-3.108563e+01	-1.623927e+02
7.400000e-07	-4.346372e-06	-2.481816e-09	-3.089018e+01	-1.622234e+02
7.500000e-07	-4.318674e-06	-2.466178e-09	-3.069333e+01	-1.620565e+02
7.600000e-07	-4.290756e-06	-2.459991e-09	-3.049491e+01	-1.618920e+02
7.700000e-07	-4.262630e-06	-2.472722e-09	-3.029502e+01	-1.617299e+02
7.800000e-07	-4.234300e-06	-2.462113e-09	-3.009367e+01	-1.615699e+02
7.900000e-07	-4.205675e-06	-2.457000e-09	-2.989023e+01	-1.614119e+02
8.000000e-07	-4.176632e-06	-2.454536e-09	-2.968381e+01	-1.612555e+02
8.100000e-07	-4.147192e-06	-2.465796e-09	-2.947458e+01	-1.611003e+02
8.200000e-07	-4.117469e-06	-2.457791e-09	-2.926334e+01	-1.609460e+02
8.300000e-07	-4.087550e-06	-2.444707e-09	-2.905070e+01	-1.607921e+02
8.400000e-07	-4.057426e-06	-2.427631e-09	-2.883660e+01	-1.606379e+02
8.500000e-07	-4.027030e-06	-2.433361e-09	-2.862058e+01	-1.604830e+02
8.600000e-07	-3.996282e-06	-2.432144e-09	-2.840205e+01	-1.603267e+02
8.700000e-07	-3.965339e-06	-2.424937e-09	-2.818213e+01	-1.601683e+02
8.800000e-07	-3.934216e-06	-2.415436e-09	-2.796094e+01	-1.600072e+02
8.900000e-07	-3.902806e-06	-2.421949e-09	-2.773770e+01	-1.598427e+02
9.000000e-07	-3.871154e-06	-2.426787e-09	-2.751275e+01	-1.596739e+02
9.100000e-07	-3.839338e-06	-2.420203e-09	-2.728663e+01	-1.595004e+02
9.200000e-07	-3.807400e-06	-2.405839e-09	-2.705964e+01	-1.593212e+02
9.300000e-07	-3.775235e-06	-2.403057e-09	-2.683104e+01	-1.591359e+02
9.400000e-07	-3.742711e-06	-2.408347e-09	-2.659989e+01	-1.589437e+02
9.500000e-07	-3.709813e-06	-2.404161e-09	-2.636608e+01	-1.587442e+02
9.600000e-07	-3.676588e-06	-2.391739e-09	-2.612995e+01	-1.585367e+02
9.700000e-07	-3.642934e-06	-2.385705e-09	-2.589077e+01	-1.583210e+02
9.800000e-07	-3.608809e-06	-2.392776e-09	-2.564823e+01	-1.580966e+02
9.900000e-07	-3.574320e-06	-2.392786e-09	-2.540311e+01	-1.578632e+02
1.000000e-06	-3.539464e-06	-2.386267e-09	-2.515539e+01	-1.576208e+02
1.010000e-06	-3.504287e-06	-2.378467e-09	-2.490538e+01	-1.573691e+02
1.020000e-06	-3.468893e-06	-2.382556e-09	-2.465383e+01	-1.571083e+02
1.030000e-06	-3.433310e-06	-2.379571e-09	-2.440094e+01	-1.568385e+02
1.040000e-06	-3.397530e-06	-2.371479e-09	-2.414665e+01	-1.565598e+02
1.050000e-06	-3.361567e-06	-2.357616e-09	-2.389105e+01	-1.562726e+02
1.060000e-06	-3.325519e-06	-2.353520e-09	-2.363486e+01	-1.559772e+02
1.070000e-06	-3.289346e-06	-2.348735e-09	-2.337777e+01	-1.556742e+02
1.080000e-06	-3.253004e-06	-2.344682e-09	-2.311948e+01	-1.553641e+02
1.090000e-06	-3.216376e-06	-2.334499e-09	-2.285917e+01	-1.550474e+02
1.100000e-06	-3.179495e-06	-2.332548e-09	-2.259705e+01	-1.547247e+02
1.110000e-06	-3.142370e-06	-2.329246e-09	-2.233319e+01	-1.543969e+02
1.120000e-06	-3.104955e-06	-2.324537e-09	-2.206728e+01	-1.540645e+02
1.130000e-06	-3.067325e-06	-2.314318e-09	-2.179984e+01	-1.537281e+02
1.140000e-06	-3.029533e-06	-2.308343e-09	-2.153125e+01	-1.533886e+02
1.150000e-06	-2.991518e-06	-2.303557e-09	-2.126107e+01	-1.530464e+02
1.160000e-06	-2.953238e-06	-2.299929e-09	-2.098901e+01	-1.527021e+02
1.170000e-06	-2.914795e-06	-2.287681e-09	-2.071579e+01	-1.523563e+02
1.180000e-06	-2.876148e-06	-2.277624e-09	-2.044112e+01	-1.520094e+02
1.190000e-06	-2.837250e-06	-2.274035e-09	-2.016467e+01	-1.516617e+02
1.200000e-06	-2.798116e-06	-2.273789e-09	-1.988654e+01	-1.513135e+02
1.210000e-06	-2.758806e-06	-2.267588e-09	-1.960716e+01	-1.509648e+02
1.220000e-06	-2.719414e-06	-2.259331e-09	-1.932719e+01	-1.506157e+02
1.230000e-06	-2.679904e-06	-2.251814e-09	-1.904639e+01	-1.502661e+02
1.240000e-06	-2.640212e-06	-2.245074e-09	-1.876430e+01	-1.499157e+02
1.250000e-06	-2.600411e-06	-2.236131e-09	-1.848143e+01	-1.495643e+02
1.260000e-06	-2.560496e-06	-2.224137e-09	-1.819775e+01	-1.492112e+02
1.270000e-06	-2.520429e-06	-2.217204e-09	-1.791298e+01	-1.488560e+02
1.280000e-06	-2.480265e-06	-2.213821e-09	-1.762754e+01	-1.484979e+02
1.290000e-06	-2.440024e-06	-2.212285e-09	-1.734154e+01	-1.481362e+02
1.300000e-06	-2.399587e-06	-2.205243e-09	-1.705415e+01	-1.477700e+02
1.310000e-06	-2.359022e-06	-2.200921e-09	-1.676584e+01	-1.473984e+02
1.320000e-06	-2.318283e-06	-2.197994e-09	-1.647631e+01	-1.470205e+02
1.330000e-06	-2.277165e-06	-2.191775e-09	-1.618408e+01	-1.466351e+02
1.340000e-06	-2.235705e-06	-2.177440e-09	-1.588942e+01	-1.462413e+02
1.350000e-06	-2.193961e-06	-2.165001e-09	-1.559274e+01	-1.458380e+02
1.360000e-06	-2.151900e-06	-2.156965e-09	-1.529381e+01	-1.454243e+02
1.370000e-06	-2.109431e-06	-2.152866e-09	-1.499197e+01	-1.449991e+02
1.380000e-06	-2.066717e-06	-2.143588e-09	-1.468840e+01	-1.445616e+02
1.390000e-06	-2.024015e-06	-2.134327e-09	-1.438491e+01	-1.441107e+02
1.400000e-06	-1.981228e-06	-2.129924e-09	-1.408083e+01	-1.436458e+02
1.410000e-06	-1.938191e-06	-2.128646e-09	-1.377496e+01	-1.431661e+02
1.420000e-06	-1.894923e-06	-2.118842e-09	-1.346744e+01	-1.426710e+02
1.430000e-06	-1.851467e-06	-2.105812e-09	-1.315859e+01	-1.421600e+02
1.440000e-06	-1.807928e-06	-2.094705e-09	-1.284916e+01	-1.416325e+02
1.450000e-06	-1.764295e-06	-2.087474e-09	-1.253905e+01	-1.410884e+02
1.460000e-06	-1.720583e-06	-2.077027e-09	-1.222839e+01	-1.405273e+02
1.470000e-06	-1.676819e-06	-2.064049e-09	-1.191735e+01	-1.399491e+02
1.480000e-06	-1.632891e-06	-2.052737e-09	-1.160515e+01	-1.393538e+02
1.490000e-06	-1.588866e-06	-2.045716e-09	-1.129226e+01	-1.387413e+02
1.500000e-06	-1.544849e-06	-2.039262e-09	-1.097942e+01	-1.381117e+02
1.510000e-06	-1.500769e-06	-2.028002e-09	-1.066614e+01	-1.374651e+02
1.520000e-06	-1.456617e-06	-2.013758e-09	-1.035235e+01	-1.368017e+02
1.530000e-06	-1.412432e-06	-2.002413e-09	-1.003832e+01	-1.361215e+02
1.540000e-06	-1.368146e-06	-1.994075e-09	-9.723577e+00	-1.354249e+02
1.550000e-06	-1.323712e-06	-1.983571e-09	-9.407778e+00	-1.347117e+02
1.560000e-06	-1.279243e-06	-1.969760e-09	-9.091732e+00	-1.339822e+02
1.570000e-06	-1.234748e-06	-1.957159e-09	-8.775498e+00	-1.332363e+02
1.580000e-06	-1.190206e-06	-1.947085e-09	-8.458932e+00	-1.324740e+02
1.590000e-06	-1.145570e-06	-1.935535e-09	-8.141699e+00	-1.316950e+02
1.600000e-06	-1.100733e-06	-1.920874e-09	-7.823040e+00	-1.308991e+02
1.610000e-06	-1.055787e-06	-1.907019e-09	-7.503602e+00	-1.300859e+02
1.620000e-06	-1.010794e-06	-1.898682e-09	-7.183834e+00	-1.292549e+02
1.630000e-06	-9.657162e-07	-1.890264e-09	-6.863459e+00	-1.284053e+02
1.640000e-06	-9.205209e-07	-1.875877e-09	-6.542251e+00	-1.275363e+02
1.650000e-06	-8.752303e-07	-1.858302e-09	-6.220365e+00	-1.266469e+02
1.660000e-06	-8.298987e-07	-1.844976e-09	-5.898188e+00	-1.257360e+02
1.670000e-06	-7.845177e-07	-1.831039e-09	-5.575660e+00	-1.248023e+02
1.680000e-06	-7.390880e-07	-1.812812e-09	-5.252785e+00	-1.238444e+02
1.690000e-06	-6.936071e-07	-1.792259e-09	-4.929548e+00	-1.228608e+02
1.700000e-06	-6.480305e-07	-1.778712e-09	-4.605629e+00	-1.218497e+02
1.710000e-06	-6.023658e-07	-1.770014e-09	-4.281085e+00	-1.208094e+02
1.720000e-06	-5.567552e-07	-1.757578e-09	-3.956925e+00	-1.197379e+02
1.730000e-06	-5.112377e-07	-1.738718e-09	-3.633427e+00	-1.186334e+02
1.740000e-06	-4.656498e-07	-1.719911e-09	-3.309428e+00	-1.174937e+02
1.750000e-06	-4.199614e-07	-1.700702e-09	-2.984715e+00	-1.163169e+02
1.760000e-06	-3.742054e-07	-1.681256e-09	-2.659522e+00	-1.151008e+02
1.770000e-06	-3.284089e-07	-1.659400e-09	-2.334041e+00	-1.138432e+02
1.780000e-06	-2.826449e-07	-1.639394e-09	-2.008791e+00	-1.125422e+02
1.790000e-06	-2.368297e-07	-1.622194e-09	-1.683177e+00	-1.111955e+02
1.800000e-06	-1.908664e-07	-1.604192e-09	-1.356510e+00	-1.098012e+02
1.810000e-06	-1.448834e-07	-1.584187e-09	-1.029704e+00	-1.083573e+02
1.820000e-06	-9.900648e-08	-1.563201e-09	-7.036508e-01	-1.068617e+02
1.830000e-06	-5.322221e-08	-1.539678e-09	-3.782565e-01	-1.053127e+02
1.840000e-06	-7.474368e-09	-1.513765e-09	-5.312121e-02	-1.037085e+02
1.850000e-06	3.826678e-08	-1.485293e-09	2.719665e-01	-1.020474e+02
1.860000e-06	8.403799e-08	-1.456364e-09	5.972680e-01	-1.003278e+02
1.870000e-06	1.298205e-07	-1.430366e-09	9.226495e-01	-9.854822e+01
1.880000e-06	1.756105e-07	-1.404129e-09	1.248085e+00	-9.670722e+01
1.890000e-06	2.213906e-07	-1.376741e-09	1.573449e+00	-9.480355e+01
1.900000e-06	2.671510e-07	-1.349696e-09	1.898674e+00	-9.283600e+01
1.910000e-06	3.128760e-07	-1.322963e-09	2.223647e+00	-9.080347e+01
1.920000e-06	3.586501e-07	-1.293502e-09	2.548968e+00	-8.870496e+01
1.930000e-06	4.043896e-07	-1.261016e-09	2.874044e+00	-8.653956e+01
1.940000e-06	4.500619e-07	-1.225492e-09	3.198643e+00	-8.430645e+01
1.950000e-06	4.957500e-07	-1.191477e-09	3.523354e+00	-8.200490e+01
1.960000e-06	5.413421e-07	-1.157464e-09	3.847382e+00	-7.963425e+01
1.970000e-06	5.868709e-07	-1.121135e-09	4.170961e+00	-7.719395e+01
1.980000e-06	6.323834e-07	-1.080460e-09	4.494423e+00	-7.468353e+01
1.990000e-06	6.778375e-07	-1.039999e-09	4.817471e+00	-7.210262e+01
2.000000e-06	7.232968e-07	-1.005357e-09	5.140556e+00	-6.945092e+01
2.010000e-06	7.687551e-07	-9.715079e-10	5.463633e+00	-6.672827e+01
2.020000e-06	8.141289e-07	-9.312170e-10	5.786110e+00	-6.393461e+01
2.030000e-06	8.594416e-07	-8.890856e-10	6.108153e+00	-6.106999e+01
2.040000e-06	9.047036e-07	-8.449312e-10	6.429836e+00	-5.813463e+01
2.050000e-06	9.499291e-07	-7.971509e-10	6.751259e+00	-5.512889e+01
2.060000e-06	9.950640e-07	-7.480727e-10	7.072037e+00	-5.205329e+01
2.070000e-06	1.040058e-06	-7.002553e-10	7.391816e+00	-4.890857e+01
2.080000e-06	1.084957e-06	-6.574302e-10	7.710918e+00	-4.569565e+01
2.090000e-06	1.129687e-06	-6.170015e-10	8.028820e+00	-4.241571e+01
2.100000e-06	1.174223e-06	-5.732009e-10	8.345344e+00	-3.907015e+01
2.110000e-06	1.218657e-06	-5.242588e-10	8.661139e+00	-3.566068e+01
2.120000e-06	1.263043e-06	-4.700503e-10	8.976599e+00	-3.218927e+01
2.130000e-06	1.307418e-06	-4.119461e-10	9.291976e+00	-2.865819e+01
2.140000e-06	1.351710e-06	-3.530950e-10	9.606760e+00	-2.507008e+01
2.150000e-06	1.395939e-06	-2.963054e-10	9.921102e+00	-2.142785e+01
2.160000e-06	1.440103e-06	-2.432780e-10	1.023498e+01	-1.773481e+01
2.170000e-06	1.484124e-06	-1.930830e-10	1.054785e+01	-1.399460e+01
2.180000e-06	1.528075e-06	-1.411974e-10	1.086021e+01	-1.021119e+01
2.190000e-06	1.572001e-06	-8.471755e-11	1.117240e+01	-6.388925e+00
2.200000e-06	1.615885e-06	-2.732233e-11	1.148429e+01	-2.532484e+00
2.210000e-06	1.659749e-06	3.182438e-11	1.179603e+01	1.353133e+00
2.220000e-06	1.703622e-06	9.553728e-11	1.210785e+01	5.262615e+00
2.230000e-06	1.747472e-06	1.602925e-10	1.241949e+01	9.190365e+00
2.240000e-06	1.791218e-06	2.216069e-10	1.273040e+01	1.313053e+01
2.250000e-06	1.834822e-06	2.784526e-10	1.304030e+01	1.707704e+01
2.260000e-06	1.878335e-06	3.345562e-10	1.334955e+01	2.102362e+01
2.270000e-06	1.921746e-06	3.956377e-10	1.365807e+01	2.496388e+01
2.280000e-06	1.964963e-06	4.563354e-10	1.396523e+01	2.889132e+01
2.290000e-06	2.008010e-06	5.138510e-10	1.427116e+01	3.279939e+01
2.300000e-06	2.050890e-06	5.709308e-10	1.457592e+01	3.668155e+01
2.310000e-06	2.093440e-06	6.285336e-10	1.487833e+01	4.053131e+01
2.320000e-06	2.135746e-06	6.854094e-10	1.517900e+01	4.434229e+01
2.330000e-06	2.177842e-06	7.389613e-10	1.547818e+01	4.810830e+01
2.340000e-06	2.219521e-06	7.917862e-10	1.577440e+01	5.182333e+01
2.350000e-06	2.260912e-06	8.466146e-10	1.606857e+01	5.548167e+01
2.360000e-06	2.302149e-06	9.007147e-10	1.636165e+01	5.907793e+01
2.370000e-06	2.343094e-06	9.505046e-10	1.665264e+01	6.260705e+01
2.380000e-06	2.383712e-06	9.968103e-10	1.694132e+01	6.606443e+01
2.390000e-06	2.424099e-06	1.043308e-09	1.722836e+01	6.944587e+01
2.400000e-06	2.464330e-06	1.087881e-09	1.751428e+01	7.274768e+01
2.410000e-06	2.504457e-06	1.129236e-09	1.779947e+01	7.596663e+01
2.420000e-06	2.544420e-06	1.169873e-09	1.808349e+01	7.910006e+01
2.430000e-06	2.584259e-06	1.215417e-09	1.836663e+01	8.214581e+01
2.440000e-06	2.624038e-06	1.266030e-09	1.864935e+01	8.510226e+01
2.450000e-06	2.663761e-06	1.311697e-09	1.893166e+01	8.796834e+01
2.460000e-06	2.703374e-06	1.352531e-09	1.921320e+01	9.074351e+01
2.470000e-06	2.742771e-06	1.391590e-09	1.949320e+01	9.342772e+01
2.480000e-06	2.782026e-06	1.426674e-09	1.977219e+01	9.602145e+01
2.490000e-06	2.821107e-06	1.458355e-09	2.004994e+01	9.852560e+01
2.500000e-06	2.860027e-06	1.488424e-09	2.032655e+01	1.009415e+02
2.510000e-06	2.898762e-06	1.522842e-09	2.060185e+01	1.032710e+02
2.520000e-06	2.937210e-06	1.560354e-09	2.087510e+01	1.055161e+02
2.530000e-06	2.975408e-06	1.593258e-09	2.114657e+01	1.076792e+02
2.540000e-06	3.013415e-06	1.621714e-09	2.141670e+01	1.097631e+02
2.550000e-06	3.051233e-06	1.650573e-09	2.168548e+01	1.117704e+02
2.560000e-06	3.088852e-06	1.680090e-09	2.195284e+01	1.137044e+02
2.570000e-06	3.126361e-06	1.704674e-09	2.221941e+01	1.155681e+02
2.580000e-06	3.163635e-06	1.724913e-09	2.248433e+01	1.173646e+02
2.590000e-06	3.200691e-06	1.746880e-09	2.274769e+01	1.190973e+02
2.600000e-06	3.237489e-06	1.773954e-09	2.300922e+01	1.207692e+02
2.610000e-06	3.273954e-06	1.799984e-09	2.326838e+01	1.223834e+02
2.620000e-06	3.310192e-06	1.821457e-09	2.352593e+01	1.239429e+02
2.630000e-06	3.346261e-06	1.844384e-09	2.378227e+01	1.254505e+02
2.640000e-06	3.382182e-06	1.869054e-09	2.403756e+01	1.269088e+02
2.650000e-06	3.417942e-06	1.889416e-09	2.429172e+01	1.283204e+02
2.660000e-06	3.453596e-06	1.905193e-09	2.454511e+01	1.296873e+02
2.670000e-06	3.489136e-06	1.921990e-09	2.479770e+01	1.310117e+02
2.680000e-06	3.524484e-06	1.942981e-09	2.504893e+01	1.322952e+02
2.690000e-06	3.559542e-06	1.965067e-09	2.529809e+01	1.335394e+02
2.700000e-06	3.594215e-06	1.980717e-09	2.554451e+01	1.347456e+02
2.710000e-06	3.628493e-06	1.991799e-09	2.578813e+01	1.359149e+02
2.720000e-06	3.662348e-06	2.007255e-09	2.602874e+01	1.370482e+02
2.730000e-06	3.695658e-06	2.024902e-09	2.626548e+01	1.381461e+02
2.740000e-06	3.728436e-06	2.039766e-09	2.649844e+01	1.392092e+02
2.750000e-06	3.760872e-06	2.053476e-09	2.672896e+01	1.402379e+02
2.760000e-06	3.793129e-06	2.070032e-09	2.695822e+01	1.412325e+02
2.770000e-06	3.825248e-06	2.089228e-09	2.718649e+01	1.421932e+02
2.780000e-06	3.857192e-06	2.105352e-09	2.741352e+01	1.431200e+02
2.790000e-06	3.888945e-06	2.115966e-09	2.763919e+01	1.440132e+02
2.800000e-06	3.920562e-06	2.126677e-09	2.786390e+01	1.448728e+02
2.810000e-06	3.951932e-06	2.140912e-09	2.808685e+01	1.456989e+02
2.820000e-06	3.982972e-06	2.151362e-09	2.830745e+01	1.464918e+02
2.830000e-06	4.013705e-06	2.158260e-09	2.852587e+01	1.472518e+02
2.840000e-06	4.044116e-06	2.168509e-09	2.874201e+01	1.479791e+02
2.850000e-06	4.074269e-06	2.183635e-09	2.895631e+01	1.486742e+02
2.860000e-06	4.104184e-06	2.199409e-09	2.916892e+01	1.493376e+02
2.870000e-06	4.133832e-06	2.210513e-09	2.937963e+01	1.499702e+02
2.880000e-06	4.163247e-06	2.218120e-09	2.958868e+01	1.505726e+02
2.890000e-06	4.192449e-06	2.223162e-09	2.979623e+01	1.511458e+02
2.900000e-06	4.221457e-06	2.226333e-09	3.000239e+01	1.516910e+02
2.910000e-06	4.250129e-06	2.229602e-09	3.020617e+01	1.522091e+02
2.920000e-06	4.278405e-06	2.235674e-09	3.040713e+01	1.527016e+02
2.930000e-06	4.306453e-06	2.244574e-09	3.060647e+01	1.531698e+02
2.940000e-06	4.334362e-06	2.254819e-09	3.080483e+01	1.536152e+02
2.950000e-06	4.362163e-06	2.263966e-09	3.100241e+01	1.540391e+02
2.960000e-06	4.389758e-06	2.271223e-09	3.119853e+01	1.544432e+02
2.970000e-06	4.417043e-06	2.278256e-09	3.139245e+01	1.548290e+02
2.980000e-06	4.443914e-06	2.284778e-09	3.158342e+01	1.551981e+02
2.990000e-06	4.470247e-06	2.288259e-09	3.177057e+01	1.555518e+02
3.000000e-06	4.495942e-06	2.290503e-09	3.195319e+01	1.558918e+02
3.010000e-06	4.521032e-06	2.295303e-09	3.213151e+01	1.562193e+02
3.020000e-06	4.545702e-06	2.301903e-09	3.230684e+01	1.565356e+02
3.030000e-06	4.570043e-06	2.306357e-09	3.247983e+01	1.568421e+02
3.040000e-06	4.594070e-06	2.308009e-09	3.265060e+01	1.571396e+02
3.050000e-06	4.617826e-06	2.311978e-09	3.281943e+01	1.574293e+02
3.060000e-06	4.641372e-06	2.319216e-09	3.298678e+01	1.577119e+02
3.070000e-06	4.664590e-06	2.327194e-09	3.315180e+01	1.579881e+02
3.080000e-06	4.687453e-06	2.333332e-09	3.331428e+01	1.582585e+02
3.090000e-06	4.710113e-06	2.339217e-09	3.347533e+01	1.585234e+02
3.100000e-06	4.732415e-06	2.343598e-09	3.363383e+01	1.587831e+02
3.110000e-06	4.754313e-06	2.344726e-09	3.378947e+01	1.590379e+02
3.120000e-06	4.775975e-06	2.342095e-09	3.394342e+01	1.592877e+02
3.130000e-06	4.797400e-06	2.341962e-09	3.409569e+01	1.595324e+02
3.140000e-06	4.818450e-06	2.346812e-09	3.424529e+01	1.597719e+02
3.150000e-06	4.839055e-06	2.353106e-09	3.439174e+01	1.600059e+02
3.160000e-06	4.859401e-06	2.359654e-09	3.453634e+01	1.602342e+02
3.170000e-06	4.879481e-06	2.367525e-09	3.467905e+01	1.604564e+02
3.180000e-06	4.899281e-06	2.376764e-09	3.481977e+01	1.606720e+02
3.190000e-06	4.918923e-06	2.382180e-09	3.495936e+01	1.608808e+02
3.200000e-06	4.938327e-06	2.381450e-09	3.509728e+01	1.610823e+02
3.210000e-06	4.957400e-06	2.377730e-09	3.523283e+01	1.612762e+02
3.220000e-06	4.976147e-06	2.377189e-09	3.536607e+01	1.614621e+02
3.230000e-06	4.994447e-06	2.381192e-09	3.549613e+01	1.616398e+02
3.240000e-06	5.012202e-06	2.386703e-09	3.562231e+01	1.618091e+02
3.250000e-06	5.029584e-06	2.393502e-09	3.574585e+01	1.619697e+02
3.260000e-06	5.046737e-06	2.403195e-09	3.586775e+01	1.621216e+02
3.270000e-06	5.063565e-06	2.413816e-09	3.598735e+01	1.622647e+02
3.280000e-06	5.080197e-06	2.418552e-09	3.610556e+01	1.623991e+02
3.290000e-06	5.096571e-06	2.416939e-09	3.622194e+01	1.625250e+02
3.300000e-06	5.112407e-06	2.414723e-09	3.633448e+01	1.626425e+02
3.310000e-06	5.127696e-06	2.412370e-09	3.644314e+01	1.627518e+02
3.320000e-06	5.142450e-06	2.412208e-09	3.654800e+01	1.628534e+02
3.330000e-06	5.156847e-06	2.417166e-09	3.665032e+01	1.629475e+02
3.340000e-06	5.170845e-06	2.425092e-09	3.674980e+01	1.630345e+02
3.350000e-06	5.184440e-06	2.434511e-09	3.684643e+01	1.631149e+02
3.360000e-06	5.197755e-06	2.442031e-09	3.694106e+01	1.631890e+02
3.370000e-06	5.210706e-06	2.443776e-09	3.703311e+01	1.632574e+02
3.380000e-06	5.223246e-06	2.441587e-09	3.712223e+01	1.633205e+02
3.390000e-06	5.235391e-06	2.438944e-09	3.720855e+01	1.633787e+02
3.400000e-06	5.247199e-06	2.437388e-09	3.729246e+01	1.634325e+02
3.410000e-06	5.258651e-06	2.437857e-09	3.737386e+01	1.634820e+02
3.420000e-06	5.269711e-06	2.442129e-09	3.745246e+01	1.635278e+02
3.430000e-06	5.280240e-06	2.447479e-09	3.752729e+01	1.635701e+02
3.440000e-06	5.290002e-06	2.455527e-09	3.759667e+01	1.636091e+02
3.450000e-06	5.299078e-06	2.461183e-09	3.766117e+01	1.636450e+02
3.460000e-06	5.307655e-06	2.461148e-09	3.772213e+01	1.636779e+02
3.470000e-06	5.315880e-06	2.454562e-09	3.778059e+01	1.637080e+02
3.480000e-06	5.323877e-06	2.448804e-09	3.783743e+01	1.637352e+02
3.490000e-06	5.331578e-06	2.447584e-09	3.789215e+01	1.637597e+02
3.500000e-06	5.338962e-06	2.448724e-09	3.794463e+01	1.637813e+02
3.510000e-06	5.346090e-06	2.450773e-09	3.799530e+01	1.638000e+02
3.520000e-06	5.352909e-06	2.452350e-09	3.804376e+01	1.638158e+02
3.530000e-06	5.359373e-06	2.453800e-09	3.808969e+01	1.638285e+02
3.540000e-06	5.365508e-06	2.454010e-09	3.813330e+01	1.638383e+02
3.550000e-06	5.371328e-06	2.454533e-09	3.817466e+01	1.638450e+02
3.560000e-06	5.376706e-06	2.455057e-09	3.821289e+01	1.638487e+02
3.570000e-06	5.381586e-06	2.456291e-09	3.824757e+01	1.638493e+02
3.580000e-06	5.386080e-06	2.458939e-09	3.827951e+01	1.638470e+02
3.590000e-06	5.390264e-06	2.459602e-09	3.830925e+01	1.638420e+02
3.600000e-06	5.394190e-06	2.457028e-09	3.833714e+01	1.638345e+02
3.610000e-06	5.397938e-06	2.454859e-09	3.836378e+01	1.638247e+02
3.620000e-06	5.401436e-06	2.453646e-09	3.838864e+01	1.638130e+02
3.630000e-06	5.404512e-06	2.453514e-09	3.841051e+01	1.637999e+02
3.640000e-06	5.407076e-06	2.456884e-09	3.842873e+01	1.637858e+02
3.650000e-06	5.409016e-06	2.464445e-09	3.844251e+01	1.637713e+02
3.660000e-06	5.410388e-06	2.469647e-09	3.845227e+01	1.637571e+02
3.670000e-06	5.411189e-06	2.471827e-09	3.845796e+01	1.637439e+02
3.680000e-06	5.411476e-06	2.469648e-09	3.846000e+01	1.637324e+02
3.690000e-06	5.411469e-06	2.465468e-09	3.845995e+01	1.637233e+02
3.700000e-06	5.411247e-06	2.461842e-09	3.845837e+01	1.637176e+02
3.710000e-06	5.410780e-06	2.461760e-09	3.845505e+01	1.637160e+02
3.720000e-06	5.410054e-06	2.468473e-09	3.844990e+01	1.637192e+02
3.730000e-06	5.408958e-06	2.478456e-09	3.844210e+01	1.637282e+02
3.740000e-06	5.407383e-06	2.483021e-09	3.843091e+01	1.637436e+02
3.750000e-06	5.405437e-06	2.473841e-09	3.841708e+01	1.637662e+02
3.760000e-06	5.403177e-06	2.442227e-09	3.840102e+01	1.637965e+02
3.770000e-06	5.400656e-06	2.471995e-09	3.838310e+01	1.638352e+02
3.780000e-06	5.397778e-06	2.553187e-09	3.836265e+01	1.638827e+02
3.790000e-06	5.394384e-06	2.464121e-09	3.833853e+01	1.639394e+02
3.800000e-06	5.390595e-06	2.363364e-09	3.831159e+01	1.640054e+02
3.810000e-06	5.386520e-06	2.426366e-09	3.828263e+01	1.640810e+02
3.820000e-06	5.382189e-06	2.554798e-09	3.825185e+01	1.641661e+02
3.830000e-06	5.377644e-06	2.507020e-09	3.821955e+01	1.642606e+02
3.840000e-06	5.372716e-06	2.314652e-09	3.818453e+01	1.643641e+02
3.850000e-06	5.367242e-06	2.427463e-09	3.814562e+01	1.644763e+02
3.860000e-06	5.361263e-06	2.603871e-09	3.810313e+01	1.645966e+02
3.870000e-06	5.354907e-06	2.525467e-09	3.805796e+01	1.647243e+02
3.880000e-06	5.348080e-06	2.311693e-09	3.800943e+01	1.648587e+02
3.890000e-06	5.340587e-06	2.431254e-09	3.795618e+01	1.649988e+02
3.900000e-06	5.332553e-06	2.624496e-09	3.789908e+01	1.651436e+02
3.910000e-06	5.324286e-06	2.455991e-09	3.784033e+01	1.652921e+02
3.920000e-06	5.315775e-06	2.303755e-09	3.777984e+01	1.654431e+02
3.930000e-06	5.306851e-06	2.487065e-09	3.771641e+01	1.655953e+02
3.940000e-06	5.297660e-06	2.648461e-09	3.765110e+01	1.657476e+02
3.950000e-06	5.288272e-06	2.425273e-09	3.758437e+01	1.658986e+02
3.960000e-06	5.278473e-06	2.367987e-09	3.751473e+01	1.660471e+02
3.970000e-06	5.268282e-06	2.596140e-09	3.744231e+01	1.661918e+02
3.980000e-06	5.257802e-06	2.633594e-09	3.736782e+01	1.663314e+02
3.990000e-06	5.246879e-06	2.417065e-09	3.729019e+01	1.664649e+02
4.000000e-06	5.235499e-06	2.495355e-09	3.720931e+01	1.665909e+02
4.010000e-06	5.223715e-06	2.700575e-09	3.712556e+01	1.667086e+02
4.020000e-06	5.211589e-06	2.602327e-09	3.703938e+01	1.668168e+02
4.030000e-06	5.198999e-06	2.452912e-09	3.694990e+01	1.669147e+02
4.040000e-06	5.186027e-06	2.606660e-09	3.685771e+01	1.670014e+02
4.050000e-06	5.172630e-06	2.655957e-09	3.676250e+01	1.670764e+02
4.060000e-06	5.158585e-06	2.514912e-09	3.666268e+01	1.671389e+02
4.070000e-06	5.143921e-06	2.517279e-09	3.655845e+01	1.671887e+02
4.080000e-06	5.128753e-06	2.631023e-09	3.645065e+01	1.672251e+02
4.090000e-06	5.113197e-06	2.568469e-09	3.634009e+01	1.672482e+02
4.100000e-06	5.097259e-06	2.532897e-09	3.622682e+01	1.672577e+02
4.110000e-06	5.081027e-06	2.605292e-09	3.611146e+01	1.672535e+02
4.120000e-06	5.064541e-06	2.576513e-09	3.599429e+01	1.672358e+02
4.130000e-06	5.047774e-06	2.525508e-09	3.587512e+01	1.672048e+02
4.140000e-06	5.030622e-06	2.583173e-09	3.575323e+01	1.671607e+02
4.150000e-06	5.013052e-06	2.596260e-09	3.562836e+01	1.671039e+02
4.160000e-06	4.995133e-06	2.513659e-09	3.550100e+01	1.670347e+02
4.170000e-06	4.976853e-06	2.537495e-09	3.537108e+01	1.669537e+02
4.180000e-06	4.958227e-06	2.581325e-09	3.523870e+01	1.668614e+02
4.190000e-06	4.939381e-06	2.568187e-09	3.510477e+01	1.667585e+02
4.200000e-06	4.920248e-06	2.543207e-09	3.496878e+01	1.666454e+02
4.210000e-06	4.900744e-06	2.562815e-09	3.483017e+01	1.665229e+02
4.220000e-06	4.880909e-06	2.556639e-09	3.468920e+01	1.663916e+02
4.230000e-06	4.860744e-06	2.569566e-09	3.454588e+01	1.662523e+02
4.240000e-06	4.840359e-06	2.544175e-09	3.440100e+01	1.661057e+02
4.250000e-06	4.819784e-06	2.525462e-09	3.425478e+01	1.659524e+02
4.260000e-06	4.798929e-06	2.539028e-09	3.410656e+01	1.657932e+02
4.270000e-06	4.777667e-06	2.564009e-09	3.395544e+01	1.656288e+02
4.280000e-06	4.755759e-06	2.537016e-09	3.379974e+01	1.654598e+02
4.290000e-06	4.733201e-06	2.543001e-09	3.363942e+01	1.652870e+02
4.300000e-06	4.710155e-06	2.547148e-09	3.347563e+01	1.651109e+02
4.310000e-06	4.686789e-06	2.544873e-09	3.330956e+01	1.649323e+02
4.320000e-06	4.663075e-06	2.539166e-09	3.314102e+01	1.647517e+02
4.330000e-06	4.639024e-06	2.529523e-09	3.297009e+01	1.645697e+02
4.340000e-06	4.614821e-06	2.500707e-09	3.279807e+01	1.643868e+02
4.350000e-06	4.590380e-06	2.522372e-09	3.262437e+01	1.642036e+02
4.360000e-06	4.565559e-06	2.541136e-09	3.244797e+01	1.640206e+02
4.370000e-06	4.540456e-06	2.521685e-09	3.226956e+01	1.638382e+02
4.380000e-06	4.515079e-06	2.511276e-09	3.208920e+01	1.636568e+02
4.390000e-06	4.489384e-06	2.530176e-09	3.190659e+01	1.634767e+02
4.400000e-06	4.463424e-06	2.529454e-09	3.172208e+01	1.632984e+02
4.410000e-06	4.437113e-06	2.517739e-09	3.153509e+01	1.631219e+02
4.420000e-06	4.410415e-06	2.510612e-09	3.134534e+01	1.629477e+02
4.430000e-06	4.383489e-06	2.509078e-09	3.115397e+01	1.627757e+02
4.440000e-06	4.356280e-06	2.517401e-09	3.096059e+01	1.626062e+02
4.450000e-06	4.328715e-06	2.511324e-09	3.076469e+01	1.624391e+02
4.460000e-06	4.300871e-06	2.494777e-09	3.056680e+01	1.622744e+02
4.470000e-06	4.272805e-06	2.489244e-09	3.036733e+01	1.621121e+02
4.480000e-06	4.244570e-06	2.503075e-09	3.016666e+01	1.619520e+02
4.490000e-06	4.216104e-06	2.500908e-09	2.996435e+01	1.617938e+02
4.500000e-06	4.187428e-06	2.504466e-09	2.976055e+01	1.616372e+02
4.510000e-06	4.158476e-06	2.510293e-09	2.955478e+01	1.614819e+02
4.520000e-06	4.129162e-06	2.518683e-09	2.934644e+01	1.613276e+02
4.530000e-06	4.099225e-06	2.509409e-09	2.913368e+01	1.611736e+02
4.540000e-06	4.068641e-06	2.495891e-09	2.891631e+01	1.610195e+02
4.550000e-06	4.037679e-06	2.479251e-09	2.869626e+01	1.608647e+02
4.560000e-06	4.006389e-06	2.486101e-09	2.847388e+01	1.607085e+02
4.570000e-06	3.974811e-06	2.491759e-09	2.824945e+01	1.605503e+02
4.580000e-06	3.942957e-06	2.495542e-09	2.802306e+01	1.603895e+02
4.590000e-06	3.910875e-06	2.491094e-09	2.779505e+01	1.602252e+02
4.600000e-06	3.878609e-06	2.498432e-09	2.756573e+01	1.600568e+02
4.610000e-06	3.846168e-06	2.501592e-09	2.733517e+01	1.598837e+02
4.620000e-06	3.813524e-06	2.493464e-09	2.710316e+01	1.597050e+02
4.630000e-06	3.780666e-06	2.471378e-09	2.686964e+01	1.595202e+02
4.640000e-06	3.747532e-06	2.465703e-09	2.663416e+01	1.593286e+02
4.650000e-06	3.714054e-06	2.469775e-09	2.639622e+01	1.591297e+02
4.660000e-06	3.680343e-06	2.471069e-09	2.615663e+01	1.589229e+02
4.670000e-06	3.646386e-06	2.464226e-09	2.591530e+01	1.587079e+02
4.680000e-06	3.612223e-06	2.462510e-09	2.567250e+01	1.584842e+02
4.690000e-06	3.577891e-06	2.465836e-09	2.542850e+01	1.582516e+02
4.700000e-06	3.543328e-06	2.464992e-09	2.518285e+01	1.580099e+02
4.710000e-06	3.508559e-06	2.455897e-09	2.493574e+01	1.577590e+02
4.720000e-06	3.473562e-06	2.448226e-09	2.468702e+01	1.574990e+02
4.730000e-06	3.438224e-06	2.449261e-09	2.443586e+01	1.572298e+02
4.740000e-06	3.402637e-06	2.447714e-09	2.418295e+01	1.569519e+02
4.750000e-06	3.366862e-06	2.441071e-09	2.392869e+01	1.566654e+02
4.760000e-06	3.330938e-06	2.430088e-09	2.367337e+01	1.563707e+02
4.770000e-06	3.294929e-06	2.424669e-09	2.341745e+01	1.560682e+02
4.780000e-06	3.258668e-06	2.422880e-09	2.315974e+01	1.557587e+02
4.790000e-06	3.222205e-06	2.424129e-09	2.290059e+01	1.554425e+02
4.800000e-06	3.185723e-06	2.421100e-09	2.264131e+01	1.551203e+02
4.810000e-06	3.148989e-06	2.420052e-09	2.238024e+01	1.547929e+02
4.820000e-06	3.111921e-06	2.418311e-09	2.211679e+01	1.544608e+02
4.830000e-06	3.074572e-06	2.416562e-09	2.185135e+01	1.541248e+02
4.840000e-06	3.036800e-06	2.404639e-09	2.158290e+01	1.537854e+02
4.850000e-06	2.998571e-06	2.393264e-09	2.131120e+01	1.534434e+02
4.860000e-06	2.959977e-06	2.382552e-09	2.103691e+01	1.530993e+02
4.870000e-06	2.921100e-06	2.377716e-09	2.076061e+01	1.527536e+02
4.880000e-06	2.881879e-06	2.371417e-09	2.048186e+01	1.524068e+02
4.890000e-06	2.842360e-06	2.368746e-09	2.020098e+01	1.520591e+02
4.900000e-06	2.802637e-06	2.367975e-09	1.991867e+01	1.517109e+02
4.910000e-06	2.762784e-06	2.370929e-09	1.963543e+01	1.513623e+02
4.920000e-06	2.722810e-06	2.368537e-09	1.935133e+01	1.510132e+02
4.930000e-06	2.682687e-06	2.361502e-09	1.906617e+01	1.506636e+02
4.940000e-06	2.642464e-06	2.352794e-09	1.878031e+01	1.503133e+02
4.950000e-06	2.602139e-06	2.345437e-09	1.849371e+01	1.499620e+02
4.960000e-06	2.561703e-06	2.337049e-09	1.820632e+01	1.496090e+02
4.970000e-06	2.521080e-06	2.330455e-09	1.791761e+01	1.492540e+02
4.980000e-06	2.480354e-06	2.329383e-09	1.762817e+01	1.488962e+02
4.990000e-06	2.439571e-06	2.332619e-09	1.733832e+01	1.485348e+02
5.000000e-06	2.398492e-06	2.333337e-09	1.704637e+01	1.481690e+02
5.010000e-06	2.357219e-06	2.330565e-09	1.675304e+01	1.477979e+02
5.020000e-06	2.315829e-06	2.325596e-09	1.645887e+01	1.474205e+02
5.030000e-06	2.274296e-06	2.319147e-09	1.616369e+01	1.470358e+02
5.040000e-06	2.232560e-06	2.311617e-09	1.586707e+01	1.466427e+02
5.050000e-06	2.190549e-06	2.300984e-09	1.556849e+01	1.462403e+02
5.060000e-06	2.148422e-06	2.291890e-09	1.526909e+01	1.458275e+02
5.070000e-06	2.106180e-06	2.289627e-09	1.496887e+01	1.454033e+02
5.080000e-06	2.063825e-06	2.293482e-09	1.466785e+01	1.449667e+02
5.090000e-06	2.021312e-06	2.292613e-09	1.436571e+01	1.445170e+02
5.100000e-06	1.978630e-06	2.290289e-09	1.406235e+01	1.440533e+02
5.110000e-06	1.935907e-06	2.283938e-09	1.375872e+01	1.435749e+02
5.120000e-06	1.893022e-06	2.275534e-09	1.345393e+01	1.430811e+02
5.130000e-06	1.849931e-06	2.262165e-09	1.314768e+01	1.425714e+02
5.140000e-06	1.806703e-06	2.250111e-09	1.284045e+01	1.420453e+02
5.150000e-06	1.763359e-06	2.244078e-09	1.253240e+01	1.415026e+02
5.160000e-06	1.719905e-06	2.243619e-09	1.222357e+01	1.409429e+02
5.170000e-06	1.676389e-06	2.241976e-09	1.191429e+01	1.403661e+02
5.180000e-06	1.632759e-06	2.236378e-09	1.160421e+01	1.397722e+02
5.190000e-06	1.589024e-06	2.227379e-09	1.129338e+01	1.391611e+02
5.200000e-06	1.545178e-06	2.218442e-09	1.098177e+01	1.385329e+02
5.210000e-06	1.501168e-06	2.206855e-09	1.066898e+01	1.378877e+02
5.220000e-06	1.457132e-06	2.193045e-09	1.035601e+01	1.372257e+02
5.230000e-06	1.413050e-06	2.181691e-09	1.004272e+01	1.365470e+02
5.240000e-06	1.368886e-06	2.174962e-09	9.728834e+00	1.358516e+02
5.250000e-06	1.324682e-06	2.169225e-09	9.414670e+00	1.351399e+02
5.260000e-06	1.280487e-06	2.161790e-09	9.100571e+00	1.344117e+02
5.270000e-06	1.236294e-06	2.149264e-09	8.786489e+00	1.336672e+02
5.280000e-06	1.192083e-06	2.134454e-09	8.472274e+00	1.329062e+02
5.290000e-06	1.147798e-06	2.118164e-09	8.157536e+00	1.321286e+02
5.300000e-06	1.103413e-06	2.103184e-09	7.842089e+00	1.313342e+02
5.310000e-06	1.058974e-06	2.090380e-09	7.526250e+00	1.305224e+02
5.320000e-06	1.014463e-06	2.082355e-09	7.209910e+00	1.296929e+02
5.330000e-06	9.699439e-07	2.075745e-09	6.893506e+00	1.288448e+02
5.340000e-06	9.254093e-07	2.063637e-09	6.576993e+00	1.279774e+02
5.350000e-06	8.807851e-07	2.049646e-09	6.259843e+00	1.270898e+02
5.360000e-06	8.361222e-07	2.034129e-09	5.942419e+00	1.261807e+02
5.370000e-06	7.913808e-07	2.016128e-09	5.624437e+00	1.252490e+02
5.380000e-06	7.465663e-07	1.997369e-09	5.305935e+00	1.242932e+02
5.390000e-06	7.017421e-07	1.983773e-09	4.987364e+00	1.233117e+02
5.400000e-06	6.569116e-07	1.975033e-09	4.668748e+00	1.223030e+02
5.410000e-06	6.120418e-07	1.966416e-09	4.349853e+00	1.212652e+02
5.420000e-06	5.671292e-07	1.951665e-09	4.030654e+00	1.201964e+02
5.430000e-06	5.221243e-07	1.930603e-09	3.710799e+00	1.190947e+02
5.440000e-06	4.769917e-07	1.907392e-09	3.390037e+00	1.179580e+02
5.450000e-06	4.318764e-07	1.886125e-09	3.069397e+00	1.167844e+02
5.460000e-06	3.867090e-07	1.865709e-09	2.748386e+00	1.155716e+02
5.470000e-06	3.414897e-07	1.845923e-09	2.427008e+00	1.143176e+02
5.480000e-06	2.961507e-07	1.826080e-09	2.104778e+00	1.130202e+02
5.490000e-06	2.507326e-07	1.808676e-09	1.781986e+00	1.116774e+02
5.500000e-06	2.054488e-07	1.791904e-09	1.460149e+00	1.102872e+02
5.510000e-06	1.602066e-07	1.772482e-09	1.138607e+00	1.088474e+02
5.520000e-06	1.149341e-07	1.748769e-09	8.168504e-01	1.073562e+02
5.530000e-06	6.955202e-08	1.723027e-09	4.943144e-01	1.058118e+02
5.540000e-06	2.415178e-08	1.696645e-09	1.716495e-01	1.042122e+02
5.550000e-06	-2.126113e-08	1.668249e-09	-1.511053e-01	1.025559e+02
5.560000e-06	-6.663048e-08	1.636359e-09	-4.735507e-01	1.008412e+02
5.570000e-06	-1.118529e-07	1.603611e-09	-7.949520e-01	9.906665e+01
5.580000e-06	-1.572620e-07	1.573721e-09	-1.117680e+00	9.723081e+01
5.590000e-06	-2.027791e-07	1.544217e-09	-1.441175e+00	9.533240e+01
5.600000e-06	-2.481323e-07	1.508523e-09	-1.763506e+00	9.337021e+01
5.610000e-06	-2.934007e-07	1.471223e-09	-2.085234e+00	9.134312e+01
5.620000e-06	-3.386159e-07	1.434113e-09	-2.406584e+00	8.925014e+01
5.630000e-06	-3.837850e-07	1.399576e-09	-2.727606e+00	8.709034e+01
5.640000e-06	-4.288907e-07	1.365005e-09	-3.048177e+00	8.486289e+01
5.650000e-06	-4.739769e-07	1.329806e-09	-3.368610e+00	8.256706e+01
5.660000e-06	-5.190681e-07	1.292270e-09	-3.689078e+00	8.020218e+01
5.670000e-06	-5.640873e-07	1.249494e-09	-4.009035e+00	7.776770e+01
5.680000e-06	-6.090349e-07	1.204974e-09	-4.328483e+00	7.526313e+01
5.690000e-06	-6.539918e-07	1.161016e-09	-4.647997e+00	7.268809e+01
5.700000e-06	-6.989649e-07	1.119070e-09	-4.967626e+00	7.004230e+01
5.710000e-06	-7.438191e-07	1.077810e-09	-5.286410e+00	6.732555e+01
5.720000e-06	-7.885647e-07	1.037153e-09	-5.604422e+00	6.453780e+01
5.730000e-06	-8.332484e-07	9.961593e-10	-5.921995e+00	6.167908e+01
5.740000e-06	-8.778766e-07	9.548766e-10	-6.239172e+00	5.874960e+01
5.750000e-06	-9.224897e-07	9.099983e-10	-6.556243e+00	5.574969e+01
5.760000e-06	-9.670085e-07	8.596929e-10	-6.872644e+00	5.267988e+01
5.770000e-06	-1.011409e-06	8.085286e-10	-7.188206e+00	4.954088e+01
5.780000e-06	-1.055799e-06	7.602885e-10	-7.503688e+00	4.633359e+01
5.790000e-06	-1.100161e-06	7.102818e-10	-7.818972e+00	4.305917e+01
5.800000e-06	-1.144453e-06	6.594049e-10	-8.133760e+00	3.971902e+01
5.810000e-06	-1.188699e-06	6.092730e-10	-8.448223e+00	3.631479e+01
5.820000e-06	-1.232889e-06	5.599002e-10	-8.762290e+00	3.284845e+01
5.830000e-06	-1.277072e-06	5.078453e-10	-9.076302e+00	2.932224e+01
5.840000e-06	-1.321242e-06	4.504203e-10	-9.390220e+00	2.573876e+01
5.850000e-06	-1.365364e-06	3.871028e-10	-9.703802e+00	2.210092e+01
5.860000e-06	-1.409435e-06	3.251318e-10	-1.001702e+01	1.841197e+01
5.870000e-06	-1.453477e-06	2.684449e-10	-1.033004e+01	1.467553e+01
5.880000e-06	-1.497458e-06	2.136279e-10	-1.064261e+01	1.089555e+01
5.890000e-06	-1.541329e-06	1.557041e-10	-1.095441e+01	7.076343e+00
5.900000e-06	-1.585113e-06	9.758461e-11	-1.126559e+01	3.222555e+00
5.910000e-06	-1.628787e-06	4.056174e-11	-1.157598e+01	-6.608389e-01
5.920000e-06	-1.672382e-06	-2.060473e-11	-1.188581e+01	-4.568551e+00
5.930000e-06	-1.715862e-06	-8.632831e-11	-1.219483e+01	-8.495007e+00
5.940000e-06	-1.759244e-06	-1.525747e-10	-1.250315e+01	-1.243438e+01
5.950000e-06	-1.802438e-06	-2.159542e-10	-1.281014e+01	-1.638060e+01
5.960000e-06	-1.845411e-06	-2.771103e-10	-1.311556e+01	-2.032743e+01
5.970000e-06	-1.888325e-06	-3.368996e-10	-1.342055e+01	-2.426847e+01
5.980000e-06	-1.931049e-06	-3.958441e-10	-1.372419e+01	-2.819724e+01
5.990000e-06	-1.973606e-06	-4.554117e-10	-1.402665e+01	-3.210718e+01
6.000000e-06	-2.016103e-06	-5.161560e-10	-1.432868e+01	-3.599176e+01
6.010000e-06	-2.058496e-06	-5.756267e-10	-1.462998e+01	-3.984447e+01
6.020000e-06	-2.100777e-06	-6.356214e-10	-1.493047e+01	-4.365893e+01
6.030000e-06	-2.142916e-06	-6.998155e-10	-1.522996e+01	-4.742893e+01
6.040000e-06	-2.184877e-06	-7.624886e-10	-1.552818e+01	-5.114844e+01
6.050000e-06	-2.226707e-06	-8.186541e-10	-1.582547e+01	-5.481173e+01
6.060000e-06	-2.268426e-06	-8.720519e-10	-1.612197e+01	-5.841336e+01
6.070000e-06	-2.310003e-06	-9.251460e-10	-1.641747e+01	-6.194827e+01
6.080000e-06	-2.351314e-06	-9.810296e-10	-1.671107e+01	-6.541180e+01
6.090000e-06	-2.392367e-06	-1.037538e-09	-1.700284e+01	-6.879973e+01
6.100000e-06	-2.433321e-06	-1.091518e-09	-1.729390e+01	-7.210831e+01
6.110000e-06	-2.474101e-06	-1.144405e-09	-1.758373e+01	-7.533429e+01
6.120000e-06	-2.514705e-06	-1.197328e-09	-1.787231e+01	-7.847494e+01
6.130000e-06	-2.555219e-06	-1.247600e-09	-1.816024e+01	-8.152807e+01
6.140000e-06	-2.595588e-06	-1.292004e-09	-1.844715e+01	-8.449202e+01
6.150000e-06	-2.635826e-06	-1.335243e-09	-1.873312e+01	-8.736567e+01
6.160000e-06	-2.676013e-06	-1.381917e-09	-1.901874e+01	-9.014843e+01
6.170000e-06	-2.716110e-06	-1.430953e-09	-1.930371e+01	-9.284023e+01
6.180000e-06	-2.756073e-06	-1.478153e-09	-1.958774e+01	-9.544147e+01
6.190000e-06	-2.795931e-06	-1.522273e-09	-1.987101e+01	-9.795305e+01
6.200000e-06	-2.835623e-06	-1.565045e-09	-2.015310e+01	-1.003763e+02
6.210000e-06	-2.875118e-06	-1.605018e-09	-2.043381e+01	-1.027129e+02
6.220000e-06	-2.914351e-06	-1.639881e-09	-2.071264e+01	-1.049650e+02
6.230000e-06	-2.953114e-06	-1.669920e-09	-2.098813e+01	-1.071348e+02
6.240000e-06	-2.991482e-06	-1.699840e-09	-2.126082e+01	-1.092252e+02
6.250000e-06	-3.029510e-06	-1.733215e-09	-2.153108e+01	-1.112388e+02
6.260000e-06	-3.067023e-06	-1.771279e-09	-2.179769e+01	-1.131788e+02
6.270000e-06	-3.104100e-06	-1.807090e-09	-2.206121e+01	-1.150482e+02
6.280000e-06	-3.141014e-06	-1.837761e-09	-2.232356e+01	-1.168502e+02
6.290000e-06	-3.177745e-06	-1.865501e-09	-2.258461e+01	-1.185881e+02
6.300000e-06	-3.214186e-06	-1.892680e-09	-2.284360e+01	-1.202649e+02
6.310000e-06	-3.250404e-06	-1.917312e-09	-2.310101e+01	-1.218838e+02
6.320000e-06	-3.286511e-06	-1.937573e-09	-2.335762e+01	-1.234478e+02
6.330000e-06	-3.322557e-06	-1.957876e-09	-2.361380e+01	-1.249596e+02
6.340000e-06	-3.358516e-06	-1.984275e-09	-2.386937e+01	-1.264220e+02
6.350000e-06	-3.394300e-06	-2.013861e-09	-2.412369e+01	-1.278374e+02
6.360000e-06	-3.429795e-06	-2.040421e-09	-2.437596e+01	-1.292079e+02
6.370000e-06	-3.464958e-06	-2.063550e-09	-2.462586e+01	-1.305358e+02
6.380000e-06	-3.499828e-06	-2.083429e-09	-2.487369e+01	-1.318226e+02
6.390000e-06	-3.534470e-06	-2.100304e-09	-2.511990e+01	-1.330701e+02
6.400000e-06	-3.568929e-06	-2.117258e-09	-2.536480e+01	-1.342794e+02
6.410000e-06	-3.603205e-06	-2.136737e-09	-2.560841e+01	-1.354518e+02
6.420000e-06	-3.637186e-06	-2.156691e-09	-2.584991e+01	-1.365880e+02
6.430000e-06	-3.670931e-06	-2.174987e-09	-2.608974e+01	-1.376889e+02
6.440000e-06	-3.704462e-06	-2.191520e-09	-2.632805e+01	-1.387549e+02
6.450000e-06	-3.737640e-06	-2.206534e-09	-2.656385e+01	-1.397865e+02
6.460000e-06	-3.770421e-06	-2.218358e-09	-2.679683e+01	-1.407839e+02
6.470000e-06	-3.802899e-06	-2.229037e-09	-2.702765e+01	-1.417474e+02
6.480000e-06	-3.835243e-06	-2.242252e-09	-2.725753e+01	-1.426770e+02
6.490000e-06	-3.867463e-06	-2.257188e-09	-2.748652e+01	-1.435730e+02
6.500000e-06	-3.899518e-06	-2.270931e-09	-2.771434e+01	-1.444354e+02
6.510000e-06	-3.931421e-06	-2.283111e-09	-2.794108e+01	-1.452644e+02
6.520000e-06	-3.963107e-06	-2.292726e-09	-2.816627e+01	-1.460601e+02
6.530000e-06	-3.994571e-06	-2.301515e-09	-2.838989e+01	-1.468227e+02
6.540000e-06	-4.025727e-06	-2.310650e-09	-2.861132e+01	-1.475527e+02
6.550000e-06	-4.056365e-06	-2.319558e-09	-2.882907e+01	-1.482505e+02
6.560000e-06	-4.086478e-06	-2.329854e-09	-2.904308e+01	-1.489166e+02
6.570000e-06	-4.116027e-06	-2.343655e-09	-2.925309e+01	-1.495517e+02
6.580000e-06	-4.145058e-06	-2.356934e-09	-2.945942e+01	-1.501566e+02
6.590000e-06	-4.173740e-06	-2.366307e-09	-2.966327e+01	-1.507323e+02
6.600000e-06	-4.202137e-06	-2.372339e-09	-2.986508e+01	-1.512797e+02
6.610000e-06	-4.230335e-06	-2.377428e-09	-3.006549e+01	-1.518001e+02
6.620000e-06	-4.258394e-06	-2.383593e-09	-3.026491e+01	-1.522947e+02
6.630000e-06	-4.286309e-06	-2.389118e-09	-3.046330e+01	-1.527648e+02
6.640000e-06	-4.314015e-06	-2.395484e-09	-3.066021e+01	-1.532120e+02
6.650000e-06	-4.341465e-06	-2.405240e-09	-3.085531e+01	-1.536377e+02
6.660000e-06	-4.368614e-06	-2.416569e-09	-3.104825e+01	-1.540434e+02
6.670000e-06	-4.395354e-06	-2.427419e-09	-3.123830e+01	-1.544307e+02
6.680000e-06	-4.421777e-06	-2.434231e-09	-3.142609e+01	-1.548011e+02
6.690000e-06	-4.447922e-06	-2.437465e-09	-3.161190e+01	-1.551561e+02
6.700000e-06	-4.473706e-06	-2.442336e-09	-3.179516e+01	-1.554971e+02
6.710000e-06	-4.499152e-06	-2.448489e-09	-3.197600e+01	-1.558256e+02
6.720000e-06	-4.524245e-06	-2.454167e-09	-3.215434e+01	-1.561429e+02
6.730000e-06	-4.549005e-06	-2.460671e-09	-3.233031e+01	-1.564501e+02
6.740000e-06	-4.573505e-06	-2.466589e-09	-3.250444e+01	-1.567484e+02
6.750000e-06	-4.597800e-06	-2.472305e-09	-3.267711e+01	-1.570387e+02
6.760000e-06	-4.621909e-06	-2.477232e-09	-3.284845e+01	-1.573218e+02
6.770000e-06	-4.645821e-06	-2.478402e-09	-3.301840e+01	-1.575986e+02
6.780000e-06	-4.669484e-06	-2.478837e-09	-3.318658e+01	-1.578694e+02
6.790000e-06	-4.692823e-06	-2.481557e-09	-3.335245e+01	-1.581348e+02
6.800000e-06	-4.715707e-06	-2.487479e-09	-3.351509e+01	-1.583950e+02
6.810000e-06	-4.738076e-06	-2.493209e-09	-3.367407e+01	-1.586502e+02
6.820000e-06	-4.759822e-06	-2.496506e-09	-3.382862e+01	-1.589004e+02
6.830000e-06	-4.780978e-06	-2.500316e-09	-3.397898e+01	-1.591455e+02
6.840000e-06	-4.801756e-06	-2.505189e-09	-3.412665e+01	-1.593855e+02
6.850000e-06	-4.822238e-06	-2.508987e-09	-3.427222e+01	-1.596200e+02
6.860000e-06	-4.842517e-06	-2.511817e-09	-3.441634e+01	-1.598488e+02
6.870000e-06	-4.862582e-06	-2.513835e-09	-3.455894e+01	-1.600714e+02
6.880000e-06	-4.882355e-06	-2.517111e-09	-3.469947e+01	-1.602877e+02
6.890000e-06	-4.901816e-06	-2.521379e-09	-3.483778e+01	-1.604970e+02
6.900000e-06	-4.920966e-06	-2.522770e-09	-3.497389e+01	-1.606992e+02
6.910000e-06	-4.939789e-06	-2.523619e-09	-3.510766e+01	-1.608937e+02
6.920000e-06	-4.958220e-06	-2.526717e-09	-3.523865e+01	-1.610803e+02
6.930000e-06	-4.976353e-06	-2.530930e-09	-3.536753e+01	-1.612587e+02
6.940000e-06	-4.994198e-06	-2.532932e-09	-3.549436e+01	-1.614287e+02
6.950000e-06	-5.011678e-06	-2.533458e-09	-3.561859e+01	-1.615900e+02
6.960000e-06	-5.028780e-06	-2.535997e-09	-3.574014e+01	-1.617426e+02
6.970000e-06	-5.045467e-06	-2.540461e-09	-3.585873e+01	-1.618865e+02
6.980000e-06	-5.061865e-06	-2.541843e-09	-3.597527e+01	-1.620217e+02
6.990000e-06	-5.078096e-06	-2.539889e-09	-3.609063e+01	-1.621483e+02
7.000000e-06	-5.094135e-06	-2.540558e-09	-3.620462e+01	-1.622665e+02
7.010000e-06	-5.109874e-06	-2.543449e-09	-3.631648e+01	-1.623765e+02
7.020000e-06	-5.125088e-06	-2.547287e-09	-3.642460e+01	-1.624787e+02
7.030000e-06	-5.139654e-06	-2.550223e-09	-3.652813e+01	-1.625734e+02
7.040000e-06	-5.153660e-06	-2.550900e-09	-3.662767e+01	-1.626610e+02
7.050000e-06	-5.167090e-06	-2.550806e-09	-3.672312e+01	-1.627419e+02
7.060000e-06	-5.179975e-06	-2.549960e-09	-3.681469e+01	-1.628166e+02
7.070000e-06	-5.192483e-06	-2.547026e-09	-3.690359e+01	-1.628855e+02
7.080000e-06	-5.204637e-06	-2.543839e-09	-3.698997e+01	-1.629490e+02
7.090000e-06	-5.216430e-06	-2.542953e-09	-3.707379e+01	-1.630076e+02
7.100000e-06	-5.227893e-06	-2.543675e-09	-3.715525e+01	-1.630617e+02
7.110000e-06	-5.239018e-06	-2.546328e-09	-3.723432e+01	-1.631116e+02
7.120000e-06	-5.249705e-06	-2.547224e-09	-3.731027e+01	-1.631577e+02
7.130000e-06	-5.260064e-06	-2.546270e-09	-3.738389e+01	-1.632003e+02
7.140000e-06	-5.270143e-06	-2.546071e-09	-3.745553e+01	-1.632395e+02
7.150000e-06	-5.279755e-06	-2.546434e-09	-3.752385e+01	-1.632757e+02
7.160000e-06	-5.288941e-06	-2.544278e-09	-3.758913e+01	-1.633089e+02
7.170000e-06	-5.297778e-06	-2.539562e-09	-3.765193e+01	-1.633392e+02
7.180000e-06	-5.306310e-06	-2.537361e-09	-3.771257e+01	-1.633667e+02
7.190000e-06	-5.314599e-06	-2.536884e-09	-3.777149e+01	-1.633914e+02
7.200000e-06	-5.322695e-06	-2.535643e-09	-3.782902e+01	-1.634132e+02
7.210000e-06	-5.330644e-06	-2.533270e-09	-3.788552e+01	-1.634322e+02
7.220000e-06	-5.338252e-06	-2.530545e-09	-3.793959e+01	-1.634482e+02
7.230000e-06	-5.345301e-06	-2.529492e-09	-3.798969e+01	-1.634612e+02
7.240000e-06	-5.351705e-06	-2.528072e-09	-3.803520e+01	-1.634713e+02
7.250000e-06	-5.357496e-06	-2.525229e-09	-3.807636e+01	-1.634782e+02
7.260000e-06	-5.362760e-06	-2.523151e-09	-3.811377e+01	-1.634822e+02
7.270000e-06	-5.367575e-06	-2.524728e-09	-3.814799e+01	-1.634831e+02
7.280000e-06	-5.372017e-06	-2.529790e-09	-3.817956e+01	-1.634810e+02
7.290000e-06	-5.376169e-06	-2.534465e-09	-3.820907e+01	-1.634763e+02
7.300000e-06	-5.380121e-06	-2.536856e-09	-3.823716e+01	-1.634689e+02
7.310000e-06	-5.383733e-06	-2.535894e-09	-3.826282e+01	-1.634593e+02
7.320000e-06	-5.386949e-06	-2.531627e-09	-3.828568e+01	-1.634478e+02
7.330000e-06	-5.389798e-06	-2.525518e-09	-3.830593e+01	-1.634347e+02
7.340000e-06	-5.392277e-06	-2.519177e-09	-3.832355e+01	-1.634207e+02
7.350000e-06	-5.394491e-06	-2.514415e-09	-3.833929e+01	-1.634063e+02
7.360000e-06	-5.396434e-06	-2.515271e-09	-3.835309e+01	-1.633920e+02
7.370000e-06	-5.397932e-06	-2.517904e-09	-3.836374e+01	-1.633787e+02
7.380000e-06	-5.398977e-06	-2.520699e-09	-3.837117e+01	-1.633670e+02
7.390000e-06	-5.399682e-06	-2.526018e-09	-3.837618e+01	-1.633578e+02
7.400000e-06	-5.400105e-06	-2.530371e-09	-3.837919e+01	-1.633517e+02
