# Temperatura_=_13.82
# Concentracion g/m^3_=_4090.0
# C_Vs_to_Am_M_A/Vsm_=_65563218390.804596
# pendiente_HvsI_1/m_=_3716.3
# ordenada_HvsI_A/m_=_1297.0
# frecuencia_Hz_=_135081.0223547115

Tiempo_(s)	Campo_(V.s)	Magnetizacion_(V.s)	Campo_(kA/m)	Magnetizacion_(A/m)
0.000000e+00	-5.422490e-06	-2.696715e-09	-3.839567e+01	-1.742997e+02
1.000000e-08	-5.422438e-06	-2.696275e-09	-3.839530e+01	-1.742687e+02
2.000000e-08	-5.422190e-06	-2.696425e-09	-3.839355e+01	-1.742387e+02
3.000000e-08	-5.421737e-06	-2.695843e-09	-3.839034e+01	-1.742108e+02
4.000000e-08	-5.420824e-06	-2.692810e-09	-3.838387e+01	-1.741858e+02
5.000000e-08	-5.419373e-06	-2.693107e-09	-3.837360e+01	-1.741651e+02
6.000000e-08	-5.417467e-06	-2.704552e-09	-3.836010e+01	-1.741495e+02
7.000000e-08	-5.415047e-06	-2.677059e-09	-3.834296e+01	-1.741400e+02
8.000000e-08	-5.411896e-06	-2.622957e-09	-3.832065e+01	-1.741376e+02
9.000000e-08	-5.408107e-06	-2.682585e-09	-3.829382e+01	-1.741431e+02
1.000000e-07	-5.403917e-06	-2.802172e-09	-3.826416e+01	-1.741573e+02
1.100000e-07	-5.399467e-06	-2.711447e-09	-3.823265e+01	-1.741806e+02
1.200000e-07	-5.394910e-06	-2.584404e-09	-3.820038e+01	-1.742135e+02
1.300000e-07	-5.390105e-06	-2.633713e-09	-3.816636e+01	-1.742564e+02
1.400000e-07	-5.384844e-06	-2.804975e-09	-3.812911e+01	-1.743093e+02
1.500000e-07	-5.379092e-06	-2.684967e-09	-3.808838e+01	-1.743722e+02
1.600000e-07	-5.373012e-06	-2.501136e-09	-3.804533e+01	-1.744448e+02
1.700000e-07	-5.366673e-06	-2.628702e-09	-3.800044e+01	-1.745267e+02
1.800000e-07	-5.359841e-06	-2.798019e-09	-3.795206e+01	-1.746172e+02
1.900000e-07	-5.352490e-06	-2.709524e-09	-3.790001e+01	-1.747156e+02
2.000000e-07	-5.344881e-06	-2.563603e-09	-3.784613e+01	-1.748210e+02
2.100000e-07	-5.337124e-06	-2.699570e-09	-3.779121e+01	-1.749322e+02
2.200000e-07	-5.329092e-06	-2.755498e-09	-3.773434e+01	-1.750481e+02
2.300000e-07	-5.320729e-06	-2.640532e-09	-3.767512e+01	-1.751673e+02
2.400000e-07	-5.312132e-06	-2.616835e-09	-3.761424e+01	-1.752884e+02
2.500000e-07	-5.303042e-06	-2.779905e-09	-3.754988e+01	-1.754098e+02
2.600000e-07	-5.293028e-06	-2.758974e-09	-3.747897e+01	-1.755300e+02
2.700000e-07	-5.282353e-06	-2.656635e-09	-3.740339e+01	-1.756476e+02
2.800000e-07	-5.271322e-06	-2.731838e-09	-3.732527e+01	-1.757608e+02
2.900000e-07	-5.259824e-06	-2.817778e-09	-3.724386e+01	-1.758681e+02
3.000000e-07	-5.247917e-06	-2.670812e-09	-3.715955e+01	-1.759681e+02
3.100000e-07	-5.235703e-06	-2.626228e-09	-3.707307e+01	-1.760593e+02
3.200000e-07	-5.223106e-06	-2.777145e-09	-3.698386e+01	-1.761404e+02
3.300000e-07	-5.210115e-06	-2.785225e-09	-3.689188e+01	-1.762101e+02
3.400000e-07	-5.196704e-06	-2.662739e-09	-3.679692e+01	-1.762674e+02
3.500000e-07	-5.182820e-06	-2.702427e-09	-3.669861e+01	-1.763112e+02
3.600000e-07	-5.168550e-06	-2.763850e-09	-3.659757e+01	-1.763408e+02
3.700000e-07	-5.153934e-06	-2.691359e-09	-3.649407e+01	-1.763555e+02
3.800000e-07	-5.138755e-06	-2.678552e-09	-3.638660e+01	-1.763547e+02
3.900000e-07	-5.122873e-06	-2.719427e-09	-3.627414e+01	-1.763381e+02
4.000000e-07	-5.106450e-06	-2.678006e-09	-3.615785e+01	-1.763056e+02
4.100000e-07	-5.089774e-06	-2.677637e-09	-3.603977e+01	-1.762570e+02
4.200000e-07	-5.072855e-06	-2.762411e-09	-3.591997e+01	-1.761925e+02
4.300000e-07	-5.055541e-06	-2.717808e-09	-3.579737e+01	-1.761124e+02
4.400000e-07	-5.037956e-06	-2.645361e-09	-3.567285e+01	-1.760169e+02
4.500000e-07	-5.020099e-06	-2.688091e-09	-3.554641e+01	-1.759067e+02
4.600000e-07	-5.001883e-06	-2.726773e-09	-3.541743e+01	-1.757823e+02
4.700000e-07	-4.983256e-06	-2.656708e-09	-3.528553e+01	-1.756443e+02
4.800000e-07	-4.964243e-06	-2.652870e-09	-3.515091e+01	-1.754935e+02
4.900000e-07	-4.944860e-06	-2.686049e-09	-3.501366e+01	-1.753307e+02
5.000000e-07	-4.925146e-06	-2.695058e-09	-3.487406e+01	-1.751568e+02
5.100000e-07	-4.905193e-06	-2.687809e-09	-3.473278e+01	-1.749726e+02
5.200000e-07	-4.884969e-06	-2.685007e-09	-3.458958e+01	-1.747790e+02
5.300000e-07	-4.864491e-06	-2.655241e-09	-3.444458e+01	-1.745769e+02
5.400000e-07	-4.843790e-06	-2.674647e-09	-3.429800e+01	-1.743671e+02
5.500000e-07	-4.822718e-06	-2.687614e-09	-3.414879e+01	-1.741504e+02
5.600000e-07	-4.801220e-06	-2.652503e-09	-3.399657e+01	-1.739277e+02
5.700000e-07	-4.779443e-06	-2.630075e-09	-3.384237e+01	-1.736996e+02
5.800000e-07	-4.757375e-06	-2.665126e-09	-3.368611e+01	-1.734669e+02
5.900000e-07	-4.735027e-06	-2.671820e-09	-3.352787e+01	-1.732303e+02
6.000000e-07	-4.712331e-06	-2.653448e-09	-3.336716e+01	-1.729903e+02
6.100000e-07	-4.689179e-06	-2.636582e-09	-3.320323e+01	-1.727475e+02
6.200000e-07	-4.665738e-06	-2.632978e-09	-3.303725e+01	-1.725024e+02
6.300000e-07	-4.642071e-06	-2.640767e-09	-3.286967e+01	-1.722553e+02
6.400000e-07	-4.618175e-06	-2.639285e-09	-3.270046e+01	-1.720067e+02
6.500000e-07	-4.594093e-06	-2.611667e-09	-3.252994e+01	-1.717569e+02
6.600000e-07	-4.569754e-06	-2.600914e-09	-3.235760e+01	-1.715062e+02
6.700000e-07	-4.545073e-06	-2.620912e-09	-3.218284e+01	-1.712548e+02
6.800000e-07	-4.519994e-06	-2.620816e-09	-3.200526e+01	-1.710029e+02
6.900000e-07	-4.494393e-06	-2.599318e-09	-3.182398e+01	-1.707506e+02
7.000000e-07	-4.468289e-06	-2.587347e-09	-3.163915e+01	-1.704981e+02
7.100000e-07	-4.441738e-06	-2.595777e-09	-3.145114e+01	-1.702454e+02
7.200000e-07	-4.414693e-06	-2.597434e-09	-3.125964e+01	-1.699927e+02
7.300000e-07	-4.387229e-06	-2.588961e-09	-3.106517e+01	-1.697399e+02
7.400000e-07	-4.359417e-06	-2.567157e-09	-3.086824e+01	-1.694871e+02
7.500000e-07	-4.331370e-06	-2.565383e-09	-3.066964e+01	-1.692342e+02
7.600000e-07	-4.303201e-06	-2.569772e-09	-3.047019e+01	-1.689811e+02
7.700000e-07	-4.274900e-06	-2.563611e-09	-3.026979e+01	-1.687279e+02
7.800000e-07	-4.246343e-06	-2.542475e-09	-3.006758e+01	-1.684742e+02
7.900000e-07	-4.217528e-06	-2.541753e-09	-2.986355e+01	-1.682200e+02
8.000000e-07	-4.188380e-06	-2.546968e-09	-2.965716e+01	-1.679651e+02
8.100000e-07	-4.158848e-06	-2.545584e-09	-2.944805e+01	-1.677093e+02
8.200000e-07	-4.128997e-06	-2.528838e-09	-2.923668e+01	-1.674521e+02
8.300000e-07	-4.098904e-06	-2.519385e-09	-2.902360e+01	-1.671935e+02
8.400000e-07	-4.068542e-06	-2.519930e-09	-2.880861e+01	-1.669329e+02
8.500000e-07	-4.037926e-06	-2.523313e-09	-2.859182e+01	-1.666700e+02
8.600000e-07	-4.007136e-06	-2.508782e-09	-2.837380e+01	-1.664043e+02
8.700000e-07	-3.976096e-06	-2.495500e-09	-2.815402e+01	-1.661353e+02
8.800000e-07	-3.944722e-06	-2.494757e-09	-2.793187e+01	-1.658625e+02
8.900000e-07	-3.913003e-06	-2.502183e-09	-2.770726e+01	-1.655854e+02
9.000000e-07	-3.881044e-06	-2.495093e-09	-2.748097e+01	-1.653033e+02
9.100000e-07	-3.848956e-06	-2.483615e-09	-2.725376e+01	-1.650158e+02
9.200000e-07	-3.816761e-06	-2.481175e-09	-2.702579e+01	-1.647221e+02
9.300000e-07	-3.784375e-06	-2.485593e-09	-2.679647e+01	-1.644217e+02
9.400000e-07	-3.751646e-06	-2.478240e-09	-2.656473e+01	-1.641140e+02
9.500000e-07	-3.718538e-06	-2.459064e-09	-2.633029e+01	-1.637985e+02
9.600000e-07	-3.685127e-06	-2.448664e-09	-2.609371e+01	-1.634745e+02
9.700000e-07	-3.651232e-06	-2.453271e-09	-2.585371e+01	-1.631416e+02
9.800000e-07	-3.616900e-06	-2.458132e-09	-2.561061e+01	-1.627995e+02
9.900000e-07	-3.582288e-06	-2.451246e-09	-2.536553e+01	-1.624477e+02
1.000000e-06	-3.547329e-06	-2.447138e-09	-2.511799e+01	-1.620859e+02
1.010000e-06	-3.512009e-06	-2.447957e-09	-2.486790e+01	-1.617140e+02
1.020000e-06	-3.476349e-06	-2.445833e-09	-2.461540e+01	-1.613319e+02
1.030000e-06	-3.440476e-06	-2.428023e-09	-2.436139e+01	-1.609396e+02
1.040000e-06	-3.404451e-06	-2.409255e-09	-2.410630e+01	-1.605372e+02
1.050000e-06	-3.368268e-06	-2.398871e-09	-2.385009e+01	-1.601248e+02
1.060000e-06	-3.331957e-06	-2.397716e-09	-2.359298e+01	-1.597029e+02
1.070000e-06	-3.295542e-06	-2.390935e-09	-2.333513e+01	-1.592718e+02
1.080000e-06	-3.258881e-06	-2.382711e-09	-2.307555e+01	-1.588320e+02
1.090000e-06	-3.221846e-06	-2.378423e-09	-2.281331e+01	-1.583842e+02
1.100000e-06	-3.184547e-06	-2.379297e-09	-2.254920e+01	-1.579290e+02
1.110000e-06	-3.147097e-06	-2.368143e-09	-2.228403e+01	-1.574671e+02
1.120000e-06	-3.109480e-06	-2.351132e-09	-2.201767e+01	-1.569993e+02
1.130000e-06	-3.071658e-06	-2.339681e-09	-2.174985e+01	-1.565264e+02
1.140000e-06	-3.033627e-06	-2.336742e-09	-2.148056e+01	-1.560492e+02
1.150000e-06	-2.995423e-06	-2.330636e-09	-2.121005e+01	-1.555685e+02
1.160000e-06	-2.957045e-06	-2.321240e-09	-2.093830e+01	-1.550850e+02
1.170000e-06	-2.918428e-06	-2.309927e-09	-2.066486e+01	-1.545995e+02
1.180000e-06	-2.879610e-06	-2.305177e-09	-2.039000e+01	-1.541126e+02
1.190000e-06	-2.840521e-06	-2.300440e-09	-2.011322e+01	-1.536248e+02
1.200000e-06	-2.801154e-06	-2.288798e-09	-1.983447e+01	-1.531365e+02
1.210000e-06	-2.761608e-06	-2.273265e-09	-1.955445e+01	-1.526480e+02
1.220000e-06	-2.721926e-06	-2.262764e-09	-1.927346e+01	-1.521594e+02
1.230000e-06	-2.682151e-06	-2.255214e-09	-1.899182e+01	-1.516706e+02
1.240000e-06	-2.642196e-06	-2.246078e-09	-1.870891e+01	-1.511816e+02
1.250000e-06	-2.602089e-06	-2.237471e-09	-1.842492e+01	-1.506920e+02
1.260000e-06	-2.561868e-06	-2.229116e-09	-1.814012e+01	-1.502011e+02
1.270000e-06	-2.521588e-06	-2.223168e-09	-1.785491e+01	-1.497083e+02
1.280000e-06	-2.481314e-06	-2.215032e-09	-1.756973e+01	-1.492126e+02
1.290000e-06	-2.440945e-06	-2.203275e-09	-1.728389e+01	-1.487130e+02
1.300000e-06	-2.400326e-06	-2.191931e-09	-1.699627e+01	-1.482084e+02
1.310000e-06	-2.359469e-06	-2.185796e-09	-1.670697e+01	-1.476973e+02
1.320000e-06	-2.318444e-06	-2.178928e-09	-1.641648e+01	-1.471783e+02
1.330000e-06	-2.277132e-06	-2.168400e-09	-1.612396e+01	-1.466499e+02
1.340000e-06	-2.235473e-06	-2.156913e-09	-1.582898e+01	-1.461105e+02
1.350000e-06	-2.193585e-06	-2.150937e-09	-1.553238e+01	-1.455584e+02
1.360000e-06	-2.151436e-06	-2.144426e-09	-1.523393e+01	-1.449919e+02
1.370000e-06	-2.108970e-06	-2.134809e-09	-1.493324e+01	-1.444093e+02
1.380000e-06	-2.066281e-06	-2.122517e-09	-1.463096e+01	-1.438091e+02
1.390000e-06	-2.023329e-06	-2.111220e-09	-1.432683e+01	-1.431897e+02
1.400000e-06	-1.980093e-06	-2.100048e-09	-1.402068e+01	-1.425496e+02
1.410000e-06	-1.936657e-06	-2.088424e-09	-1.371312e+01	-1.418874e+02
1.420000e-06	-1.893166e-06	-2.072615e-09	-1.340517e+01	-1.412020e+02
1.430000e-06	-1.849583e-06	-2.057770e-09	-1.309656e+01	-1.404922e+02
1.440000e-06	-1.805863e-06	-2.046758e-09	-1.278699e+01	-1.397573e+02
1.450000e-06	-1.762012e-06	-2.037316e-09	-1.247649e+01	-1.389964e+02
1.460000e-06	-1.718018e-06	-2.021537e-09	-1.216497e+01	-1.382090e+02
1.470000e-06	-1.673949e-06	-2.003499e-09	-1.185293e+01	-1.373947e+02
1.480000e-06	-1.629818e-06	-1.989349e-09	-1.154045e+01	-1.365535e+02
1.490000e-06	-1.585577e-06	-1.977880e-09	-1.122719e+01	-1.356852e+02
1.500000e-06	-1.541284e-06	-1.964852e-09	-1.091355e+01	-1.347900e+02
1.510000e-06	-1.497019e-06	-1.949213e-09	-1.060012e+01	-1.338683e+02
1.520000e-06	-1.452705e-06	-1.934762e-09	-1.028634e+01	-1.329203e+02
1.530000e-06	-1.408287e-06	-1.922835e-09	-9.971824e+00	-1.319467e+02
1.540000e-06	-1.363769e-06	-1.908840e-09	-9.656600e+00	-1.309479e+02
1.550000e-06	-1.319137e-06	-1.890853e-09	-9.340572e+00	-1.299247e+02
1.560000e-06	-1.274423e-06	-1.873406e-09	-9.023960e+00	-1.288775e+02
1.570000e-06	-1.229719e-06	-1.858280e-09	-8.707415e+00	-1.278070e+02
1.580000e-06	-1.184997e-06	-1.844960e-09	-8.390746e+00	-1.267137e+02
1.590000e-06	-1.140201e-06	-1.831078e-09	-8.073557e+00	-1.255979e+02
1.600000e-06	-1.095316e-06	-1.815249e-09	-7.755731e+00	-1.244599e+02
1.610000e-06	-1.050242e-06	-1.797479e-09	-7.436573e+00	-1.232999e+02
1.620000e-06	-1.005062e-06	-1.778283e-09	-7.116660e+00	-1.221178e+02
1.630000e-06	-9.597696e-07	-1.755054e-09	-6.795955e+00	-1.209133e+02
1.640000e-06	-9.143549e-07	-1.732496e-09	-6.474382e+00	-1.196858e+02
1.650000e-06	-8.688482e-07	-1.714502e-09	-6.152157e+00	-1.184346e+02
1.660000e-06	-8.233060e-07	-1.699721e-09	-5.829681e+00	-1.171587e+02
1.670000e-06	-7.777893e-07	-1.683733e-09	-5.507385e+00	-1.158567e+02
1.680000e-06	-7.321817e-07	-1.663809e-09	-5.184446e+00	-1.145272e+02
1.690000e-06	-6.864769e-07	-1.638975e-09	-4.860819e+00	-1.131683e+02
1.700000e-06	-6.408088e-07	-1.617328e-09	-4.537451e+00	-1.117780e+02
1.710000e-06	-5.950969e-07	-1.598053e-09	-4.213774e+00	-1.103540e+02
1.720000e-06	-5.492548e-07	-1.578040e-09	-3.889173e+00	-1.088939e+02
1.730000e-06	-5.034483e-07	-1.558568e-09	-3.564826e+00	-1.073951e+02
1.740000e-06	-4.576166e-07	-1.539953e-09	-3.240300e+00	-1.058548e+02
1.750000e-06	-4.117119e-07	-1.518172e-09	-2.915258e+00	-1.042701e+02
1.760000e-06	-3.657683e-07	-1.492111e-09	-2.589939e+00	-1.026383e+02
1.770000e-06	-3.197688e-07	-1.463129e-09	-2.264225e+00	-1.009563e+02
1.780000e-06	-2.737034e-07	-1.434704e-09	-1.938044e+00	-9.922135e+01
1.790000e-06	-2.276057e-07	-1.407748e-09	-1.611635e+00	-9.743060e+01
1.800000e-06	-1.815048e-07	-1.379394e-09	-1.285203e+00	-9.558140e+01
1.810000e-06	-1.353912e-07	-1.351443e-09	-9.586807e-01	-9.367124e+01
1.820000e-06	-8.926278e-08	-1.323564e-09	-6.320536e-01	-9.169785e+01
1.830000e-06	-4.313426e-08	-1.293702e-09	-3.054259e-01	-8.965919e+01
1.840000e-06	2.934925e-09	-1.263049e-09	2.078167e-02	-8.755349e+01
1.850000e-06	4.898821e-08	-1.232587e-09	3.468767e-01	-8.537931e+01
1.860000e-06	9.503986e-08	-1.200471e-09	6.729600e-01	-8.313556e+01
1.870000e-06	1.410565e-07	-1.163089e-09	9.987958e-01	-8.082149e+01
1.880000e-06	1.870737e-07	-1.122144e-09	1.324635e+00	-7.843674e+01
1.890000e-06	2.331748e-07	-1.083520e-09	1.651069e+00	-7.598133e+01
1.900000e-06	2.792901e-07	-1.046364e-09	1.977603e+00	-7.345567e+01
1.910000e-06	3.252818e-07	-1.006798e-09	2.303261e+00	-7.086054e+01
1.920000e-06	3.711449e-07	-9.660917e-10	2.628010e+00	-6.819711e+01
1.930000e-06	4.169506e-07	-9.295719e-10	2.952352e+00	-6.546691e+01
1.940000e-06	4.628060e-07	-8.945896e-10	3.277046e+00	-6.267178e+01
1.950000e-06	5.086349e-07	-8.566138e-10	3.601551e+00	-5.981390e+01
1.960000e-06	5.544373e-07	-8.128894e-10	3.925870e+00	-5.689573e+01
1.970000e-06	6.002282e-07	-7.646237e-10	4.250107e+00	-5.391997e+01
1.980000e-06	6.458544e-07	-7.154833e-10	4.573178e+00	-5.088955e+01
1.990000e-06	6.913728e-07	-6.664537e-10	4.895485e+00	-4.780756e+01
2.000000e-06	7.369657e-07	-6.176701e-10	5.218320e+00	-4.467724e+01
2.010000e-06	7.825614e-07	-5.725360e-10	5.541175e+00	-4.150194e+01
2.020000e-06	8.280377e-07	-5.289758e-10	5.863185e+00	-3.828504e+01
2.030000e-06	8.734855e-07	-4.845664e-10	6.184992e+00	-3.502999e+01
2.040000e-06	9.188430e-07	-4.364784e-10	6.506161e+00	-3.174020e+01
2.050000e-06	9.640387e-07	-3.853316e-10	6.826183e+00	-2.841906e+01
2.060000e-06	1.009130e-06	-3.326277e-10	7.145466e+00	-2.506989e+01
2.070000e-06	1.054189e-06	-2.785154e-10	7.464520e+00	-2.169591e+01
2.080000e-06	1.099191e-06	-2.251407e-10	7.783169e+00	-1.830026e+01
2.090000e-06	1.144097e-06	-1.767313e-10	8.101141e+00	-1.488591e+01
2.100000e-06	1.188932e-06	-1.332859e-10	8.418610e+00	-1.145575e+01
2.110000e-06	1.233649e-06	-8.666516e-11	8.735245e+00	-8.012487e+00
2.120000e-06	1.278343e-06	-3.323097e-11	9.051712e+00	-4.558725e+00
2.130000e-06	1.322915e-06	2.369398e-11	9.367324e+00	-1.096918e+00
2.140000e-06	1.367339e-06	7.897363e-11	9.681883e+00	2.370599e+00
2.150000e-06	1.411768e-06	1.335475e-10	9.996472e+00	5.841605e+00
2.160000e-06	1.456129e-06	1.884610e-10	1.031058e+01	9.313969e+00
2.170000e-06	1.500438e-06	2.410976e-10	1.062433e+01	1.278564e+01
2.180000e-06	1.544688e-06	2.897377e-10	1.093766e+01	1.625462e+01
2.190000e-06	1.588838e-06	3.364199e-10	1.125027e+01	1.971896e+01
2.200000e-06	1.632962e-06	3.853992e-10	1.156271e+01	2.317669e+01
2.210000e-06	1.677059e-06	4.378724e-10	1.187495e+01	2.662586e+01
2.220000e-06	1.721112e-06	4.900275e-10	1.218688e+01	3.006447e+01
2.230000e-06	1.765082e-06	5.420305e-10	1.249823e+01	3.349050e+01
2.240000e-06	1.808959e-06	5.946311e-10	1.280891e+01	3.690181e+01
2.250000e-06	1.852749e-06	6.467942e-10	1.311898e+01	4.029623e+01
2.260000e-06	1.896400e-06	6.940140e-10	1.342806e+01	4.367147e+01
2.270000e-06	1.939882e-06	7.355501e-10	1.373595e+01	4.702515e+01
2.280000e-06	1.983224e-06	7.770076e-10	1.404285e+01	5.035479e+01
2.290000e-06	2.026363e-06	8.206855e-10	1.434831e+01	5.365780e+01
2.300000e-06	2.069229e-06	8.678657e-10	1.465183e+01	5.693151e+01
2.310000e-06	2.111908e-06	9.156589e-10	1.495404e+01	6.017317e+01
2.320000e-06	2.154359e-06	9.639894e-10	1.525463e+01	6.337996e+01
2.330000e-06	2.196497e-06	1.015048e-09	1.555299e+01	6.654901e+01
2.340000e-06	2.238395e-06	1.063989e-09	1.584967e+01	6.967742e+01
2.350000e-06	2.279989e-06	1.107746e-09	1.614419e+01	7.276231e+01
2.360000e-06	2.321193e-06	1.148133e-09	1.643595e+01	7.580083e+01
2.370000e-06	2.362154e-06	1.185496e-09	1.672598e+01	7.879017e+01
2.380000e-06	2.402920e-06	1.220997e-09	1.701464e+01	8.172763e+01
2.390000e-06	2.443491e-06	1.256803e-09	1.730192e+01	8.461063e+01
2.400000e-06	2.483903e-06	1.294313e-09	1.758807e+01	8.743676e+01
2.410000e-06	2.524207e-06	1.335730e-09	1.787345e+01	9.020378e+01
2.420000e-06	2.564396e-06	1.378728e-09	1.815802e+01	9.290968e+01
2.430000e-06	2.604489e-06	1.421053e-09	1.844192e+01	9.555268e+01
2.440000e-06	2.644509e-06	1.462186e-09	1.872529e+01	9.813127e+01
2.450000e-06	2.684407e-06	1.497581e-09	1.900780e+01	1.006442e+02
2.460000e-06	2.724193e-06	1.527538e-09	1.928952e+01	1.030907e+02
2.470000e-06	2.763851e-06	1.555130e-09	1.957033e+01	1.054700e+02
2.480000e-06	2.803324e-06	1.583405e-09	1.984983e+01	1.077818e+02
2.490000e-06	2.842441e-06	1.616140e-09	2.012681e+01	1.100262e+02
2.500000e-06	2.881237e-06	1.651010e-09	2.040151e+01	1.122036e+02
2.510000e-06	2.919835e-06	1.686544e-09	2.067482e+01	1.143145e+02
2.520000e-06	2.958216e-06	1.720117e-09	2.094659e+01	1.163599e+02
2.530000e-06	2.996408e-06	1.748666e-09	2.121702e+01	1.183410e+02
2.540000e-06	3.034500e-06	1.774046e-09	2.148674e+01	1.202593e+02
2.550000e-06	3.072450e-06	1.798671e-09	2.175546e+01	1.221163e+02
2.560000e-06	3.110115e-06	1.822393e-09	2.202216e+01	1.239140e+02
2.570000e-06	3.147605e-06	1.846334e-09	2.228762e+01	1.256542e+02
2.580000e-06	3.185004e-06	1.873268e-09	2.255244e+01	1.273391e+02
2.590000e-06	3.222098e-06	1.899975e-09	2.281509e+01	1.289710e+02
2.600000e-06	3.258943e-06	1.923870e-09	2.307599e+01	1.305519e+02
2.610000e-06	3.295576e-06	1.946048e-09	2.333538e+01	1.320841e+02
2.620000e-06	3.331878e-06	1.967925e-09	2.359242e+01	1.335699e+02
2.630000e-06	3.367991e-06	1.991415e-09	2.384813e+01	1.350113e+02
2.640000e-06	3.404035e-06	2.013265e-09	2.410336e+01	1.364103e+02
2.650000e-06	3.440017e-06	2.031786e-09	2.435814e+01	1.377690e+02
2.660000e-06	3.475849e-06	2.050937e-09	2.461186e+01	1.390890e+02
2.670000e-06	3.511416e-06	2.071961e-09	2.486370e+01	1.403720e+02
2.680000e-06	3.546704e-06	2.092092e-09	2.511357e+01	1.416194e+02
2.690000e-06	3.581618e-06	2.108456e-09	2.536079e+01	1.428324e+02
2.700000e-06	3.616173e-06	2.122645e-09	2.560547e+01	1.440121e+02
2.710000e-06	3.650398e-06	2.137856e-09	2.584781e+01	1.451594e+02
2.720000e-06	3.684159e-06	2.155598e-09	2.608687e+01	1.462750e+02
2.730000e-06	3.717490e-06	2.172507e-09	2.632287e+01	1.473592e+02
2.740000e-06	3.750438e-06	2.188516e-09	2.655617e+01	1.484126e+02
2.750000e-06	3.783074e-06	2.206217e-09	2.678726e+01	1.494353e+02
2.760000e-06	3.815468e-06	2.223614e-09	2.701664e+01	1.504273e+02
2.770000e-06	3.847673e-06	2.237985e-09	2.724468e+01	1.513887e+02
2.780000e-06	3.879694e-06	2.251350e-09	2.747141e+01	1.523194e+02
2.790000e-06	3.911559e-06	2.265699e-09	2.769704e+01	1.532192e+02
2.800000e-06	3.943255e-06	2.280533e-09	2.792147e+01	1.540881e+02
2.810000e-06	3.974701e-06	2.294048e-09	2.814414e+01	1.549258e+02
2.820000e-06	4.005891e-06	2.305083e-09	2.836499e+01	1.557322e+02
2.830000e-06	4.036724e-06	2.314700e-09	2.858331e+01	1.565074e+02
2.840000e-06	4.067235e-06	2.323187e-09	2.879936e+01	1.572514e+02
2.850000e-06	4.097516e-06	2.332130e-09	2.901377e+01	1.579643e+02
2.860000e-06	4.127497e-06	2.344967e-09	2.922606e+01	1.586464e+02
2.870000e-06	4.157192e-06	2.359943e-09	2.943632e+01	1.592982e+02
2.880000e-06	4.186658e-06	2.372443e-09	2.964496e+01	1.599202e+02
2.890000e-06	4.215873e-06	2.379027e-09	2.985183e+01	1.605130e+02
2.900000e-06	4.244812e-06	2.382554e-09	3.005675e+01	1.610776e+02
2.910000e-06	4.273415e-06	2.389001e-09	3.025928e+01	1.616150e+02
2.920000e-06	4.301682e-06	2.396249e-09	3.045943e+01	1.621264e+02
2.930000e-06	4.329776e-06	2.399982e-09	3.065836e+01	1.626129e+02
2.940000e-06	4.357809e-06	2.404119e-09	3.085686e+01	1.630761e+02
2.950000e-06	4.385701e-06	2.412886e-09	3.105435e+01	1.635173e+02
2.960000e-06	4.413245e-06	2.423290e-09	3.124939e+01	1.639382e+02
2.970000e-06	4.440415e-06	2.432702e-09	3.144177e+01	1.643404e+02
2.980000e-06	4.467321e-06	2.439147e-09	3.163229e+01	1.647256e+02
2.990000e-06	4.493657e-06	2.443131e-09	3.181877e+01	1.650953e+02
3.000000e-06	4.519258e-06	2.445540e-09	3.200005e+01	1.654513e+02
3.010000e-06	4.544342e-06	2.446447e-09	3.217767e+01	1.657950e+02
3.020000e-06	4.569016e-06	2.445654e-09	3.235237e+01	1.661281e+02
3.030000e-06	4.593346e-06	2.448293e-09	3.252465e+01	1.664519e+02
3.040000e-06	4.617450e-06	2.457888e-09	3.269533e+01	1.667677e+02
3.050000e-06	4.641400e-06	2.467739e-09	3.286491e+01	1.670767e+02
3.060000e-06	4.665045e-06	2.475111e-09	3.303234e+01	1.673800e+02
3.070000e-06	4.688300e-06	2.481784e-09	3.319700e+01	1.676783e+02
3.080000e-06	4.711259e-06	2.489208e-09	3.335957e+01	1.679724e+02
3.090000e-06	4.733894e-06	2.495199e-09	3.351985e+01	1.682627e+02
3.100000e-06	4.756167e-06	2.493685e-09	3.367756e+01	1.685497e+02
3.110000e-06	4.778172e-06	2.488101e-09	3.383337e+01	1.688335e+02
3.120000e-06	4.799900e-06	2.486783e-09	3.398722e+01	1.691142e+02
3.130000e-06	4.821259e-06	2.493574e-09	3.413846e+01	1.693915e+02
3.140000e-06	4.842244e-06	2.505121e-09	3.428705e+01	1.696653e+02
3.150000e-06	4.862865e-06	2.515716e-09	3.443306e+01	1.699352e+02
3.160000e-06	4.883151e-06	2.524813e-09	3.457671e+01	1.702006e+02
3.170000e-06	4.903236e-06	2.534959e-09	3.471892e+01	1.704611e+02
3.180000e-06	4.923202e-06	2.540637e-09	3.486030e+01	1.707159e+02
3.190000e-06	4.942987e-06	2.537121e-09	3.500039e+01	1.709645e+02
3.200000e-06	4.962501e-06	2.530592e-09	3.513857e+01	1.712061e+02
3.210000e-06	4.981600e-06	2.528378e-09	3.527381e+01	1.714402e+02
3.220000e-06	5.000202e-06	2.534110e-09	3.540552e+01	1.716660e+02
3.230000e-06	5.018395e-06	2.544269e-09	3.553434e+01	1.718831e+02
3.240000e-06	5.036261e-06	2.554662e-09	3.566085e+01	1.720908e+02
3.250000e-06	5.053780e-06	2.565391e-09	3.578490e+01	1.722889e+02
3.260000e-06	5.070991e-06	2.574616e-09	3.590677e+01	1.724768e+02
3.270000e-06	5.087938e-06	2.578332e-09	3.602677e+01	1.726545e+02
3.280000e-06	5.104493e-06	2.574455e-09	3.614399e+01	1.728218e+02
3.290000e-06	5.120578e-06	2.567977e-09	3.625789e+01	1.729788e+02
3.300000e-06	5.136153e-06	2.563933e-09	3.636817e+01	1.731254e+02
3.310000e-06	5.151248e-06	2.563950e-09	3.647506e+01	1.732620e+02
3.320000e-06	5.165946e-06	2.570005e-09	3.657913e+01	1.733889e+02
3.330000e-06	5.180305e-06	2.580766e-09	3.668080e+01	1.735065e+02
3.340000e-06	5.194342e-06	2.590601e-09	3.678019e+01	1.736153e+02
3.350000e-06	5.208020e-06	2.597133e-09	3.687704e+01	1.737159e+02
3.360000e-06	5.221220e-06	2.599754e-09	3.697051e+01	1.738089e+02
3.370000e-06	5.234057e-06	2.595839e-09	3.706141e+01	1.738949e+02
3.380000e-06	5.246666e-06	2.589897e-09	3.715069e+01	1.739747e+02
3.390000e-06	5.258856e-06	2.586700e-09	3.723700e+01	1.740488e+02
3.400000e-06	5.270610e-06	2.588191e-09	3.732024e+01	1.741180e+02
3.410000e-06	5.281944e-06	2.594496e-09	3.740049e+01	1.741828e+02
3.420000e-06	5.292805e-06	2.599604e-09	3.747739e+01	1.742439e+02
3.430000e-06	5.303043e-06	2.602321e-09	3.754988e+01	1.743017e+02
3.440000e-06	5.312581e-06	2.606346e-09	3.761742e+01	1.743567e+02
3.450000e-06	5.321546e-06	2.610258e-09	3.768090e+01	1.744092e+02
3.460000e-06	5.330025e-06	2.610770e-09	3.774094e+01	1.744595e+02
3.470000e-06	5.338180e-06	2.607872e-09	3.779869e+01	1.745077e+02
3.480000e-06	5.346194e-06	2.605763e-09	3.785543e+01	1.745539e+02
3.490000e-06	5.354047e-06	2.606062e-09	3.791104e+01	1.745981e+02
3.500000e-06	5.361589e-06	2.607355e-09	3.796444e+01	1.746402e+02
3.510000e-06	5.368695e-06	2.607074e-09	3.801476e+01	1.746801e+02
3.520000e-06	5.375381e-06	2.606360e-09	3.806210e+01	1.747174e+02
3.530000e-06	5.381768e-06	2.607985e-09	3.810732e+01	1.747519e+02
3.540000e-06	5.387758e-06	2.611891e-09	3.814974e+01	1.747833e+02
3.550000e-06	5.393310e-06	2.615548e-09	3.818905e+01	1.748112e+02
3.560000e-06	5.398476e-06	2.617027e-09	3.822563e+01	1.748353e+02
3.570000e-06	5.403212e-06	2.617683e-09	3.825917e+01	1.748552e+02
3.580000e-06	5.407639e-06	2.617554e-09	3.829052e+01	1.748707e+02
3.590000e-06	5.411842e-06	2.615249e-09	3.832027e+01	1.748815e+02
3.600000e-06	5.415814e-06	2.611086e-09	3.834839e+01	1.748874e+02
3.610000e-06	5.419510e-06	2.610004e-09	3.837457e+01	1.748883e+02
3.620000e-06	5.422804e-06	2.614817e-09	3.839789e+01	1.748843e+02
3.630000e-06	5.425595e-06	2.622718e-09	3.841765e+01	1.748753e+02
3.640000e-06	5.427788e-06	2.628990e-09	3.843319e+01	1.748617e+02
3.650000e-06	5.429431e-06	2.629307e-09	3.844482e+01	1.748437e+02
3.660000e-06	5.430583e-06	2.627594e-09	3.845297e+01	1.748218e+02
3.670000e-06	5.431211e-06	2.628648e-09	3.845742e+01	1.747965e+02
3.680000e-06	5.431487e-06	2.628269e-09	3.845937e+01	1.747686e+02
3.690000e-06	5.431575e-06	2.625861e-09	3.846000e+01	1.747387e+02
3.700000e-06	5.431427e-06	2.627380e-09	3.845895e+01	1.747078e+02
3.710000e-06	5.430937e-06	2.632202e-09	3.845548e+01	1.746767e+02
3.720000e-06	5.430020e-06	2.637601e-09	3.844899e+01	1.746465e+02
3.730000e-06	5.428735e-06	2.639041e-09	3.843989e+01	1.746183e+02
3.740000e-06	5.427143e-06	2.635161e-09	3.842861e+01	1.745930e+02
3.750000e-06	5.425219e-06	2.619992e-09	3.841499e+01	1.745718e+02
3.760000e-06	5.422952e-06	2.615149e-09	3.839894e+01	1.745556e+02
3.770000e-06	5.420375e-06	2.682485e-09	3.838069e+01	1.745455e+02
3.780000e-06	5.417484e-06	2.693698e-09	3.836022e+01	1.745425e+02
3.790000e-06	5.414117e-06	2.532024e-09	3.833639e+01	1.745472e+02
3.800000e-06	5.410246e-06	2.523450e-09	3.830897e+01	1.745605e+02
3.810000e-06	5.406055e-06	2.670180e-09	3.827930e+01	1.745830e+02
3.820000e-06	5.401720e-06	2.701520e-09	3.824860e+01	1.746151e+02
3.830000e-06	5.397293e-06	2.539677e-09	3.821726e+01	1.746571e+02
3.840000e-06	5.392393e-06	2.477657e-09	3.818256e+01	1.747091e+02
3.850000e-06	5.386551e-06	2.738597e-09	3.814119e+01	1.747711e+02
3.860000e-06	5.380104e-06	2.754688e-09	3.809554e+01	1.748428e+02
3.870000e-06	5.373456e-06	2.496226e-09	3.804847e+01	1.749238e+02
3.880000e-06	5.366362e-06	2.455591e-09	3.799824e+01	1.750136e+02
3.890000e-06	5.358715e-06	2.738015e-09	3.794409e+01	1.751113e+02
3.900000e-06	5.350759e-06	2.734551e-09	3.788775e+01	1.752161e+02
3.910000e-06	5.342656e-06	2.463672e-09	3.783038e+01	1.753268e+02
3.920000e-06	5.334160e-06	2.551876e-09	3.777022e+01	1.754423e+02
3.930000e-06	5.325130e-06	2.800086e-09	3.770628e+01	1.755612e+02
3.940000e-06	5.315850e-06	2.666970e-09	3.764057e+01	1.756821e+02
3.950000e-06	5.306396e-06	2.435567e-09	3.757363e+01	1.758034e+02
3.960000e-06	5.296449e-06	2.655576e-09	3.750319e+01	1.759238e+02
3.970000e-06	5.285979e-06	2.826982e-09	3.742906e+01	1.760415e+02
3.980000e-06	5.275276e-06	2.609397e-09	3.735327e+01	1.761551e+02
3.990000e-06	5.264256e-06	2.530818e-09	3.727524e+01	1.762629e+02
4.000000e-06	5.252684e-06	2.808570e-09	3.719330e+01	1.763635e+02
4.010000e-06	5.240676e-06	2.815811e-09	3.710828e+01	1.764554e+02
4.020000e-06	5.228340e-06	2.577959e-09	3.702093e+01	1.765373e+02
4.030000e-06	5.215413e-06	2.660456e-09	3.692939e+01	1.766080e+02
4.040000e-06	5.202076e-06	2.863710e-09	3.683496e+01	1.766663e+02
4.050000e-06	5.188450e-06	2.712946e-09	3.673848e+01	1.767112e+02
4.060000e-06	5.174099e-06	2.612421e-09	3.663686e+01	1.767419e+02
4.070000e-06	5.159061e-06	2.770479e-09	3.653037e+01	1.767578e+02
4.080000e-06	5.143640e-06	2.780591e-09	3.642118e+01	1.767582e+02
4.090000e-06	5.127915e-06	2.649005e-09	3.630984e+01	1.767429e+02
4.100000e-06	5.111886e-06	2.703816e-09	3.619634e+01	1.767116e+02
4.110000e-06	5.095563e-06	2.739099e-09	3.608076e+01	1.766643e+02
4.120000e-06	5.078990e-06	2.654651e-09	3.596341e+01	1.766011e+02
4.130000e-06	5.062090e-06	2.703982e-09	3.584374e+01	1.765221e+02
4.140000e-06	5.044730e-06	2.770399e-09	3.572082e+01	1.764279e+02
4.150000e-06	5.027009e-06	2.678337e-09	3.559534e+01	1.763188e+02
4.160000e-06	5.009026e-06	2.653106e-09	3.546801e+01	1.761954e+02
4.170000e-06	4.990700e-06	2.741428e-09	3.533824e+01	1.760585e+02
4.180000e-06	4.972102e-06	2.704745e-09	3.520655e+01	1.759087e+02
4.190000e-06	4.953225e-06	2.655420e-09	3.507289e+01	1.757468e+02
4.200000e-06	4.933902e-06	2.690654e-09	3.493607e+01	1.755737e+02
4.210000e-06	4.914250e-06	2.705065e-09	3.479691e+01	1.753903e+02
4.220000e-06	4.894457e-06	2.688586e-09	3.465676e+01	1.751974e+02
4.230000e-06	4.874469e-06	2.700501e-09	3.451523e+01	1.749958e+02
4.240000e-06	4.854272e-06	2.664473e-09	3.437222e+01	1.747866e+02
4.250000e-06	4.833722e-06	2.656663e-09	3.422671e+01	1.745703e+02
4.260000e-06	4.812590e-06	2.690295e-09	3.407708e+01	1.743480e+02
4.270000e-06	4.790760e-06	2.673748e-09	3.392250e+01	1.741203e+02
4.280000e-06	4.768263e-06	2.637668e-09	3.376321e+01	1.738879e+02
4.290000e-06	4.745289e-06	2.670115e-09	3.360053e+01	1.736515e+02
4.300000e-06	4.721918e-06	2.675686e-09	3.343505e+01	1.734117e+02
4.310000e-06	4.698284e-06	2.656099e-09	3.326770e+01	1.731691e+02
4.320000e-06	4.674473e-06	2.652029e-09	3.309909e+01	1.729240e+02
4.330000e-06	4.650453e-06	2.640931e-09	3.292902e+01	1.726771e+02
4.340000e-06	4.626161e-06	2.633562e-09	3.275701e+01	1.724285e+02
4.350000e-06	4.601579e-06	2.655358e-09	3.258295e+01	1.721787e+02
4.360000e-06	4.576699e-06	2.636608e-09	3.240678e+01	1.719280e+02
4.370000e-06	4.551515e-06	2.608437e-09	3.222845e+01	1.716766e+02
4.380000e-06	4.526010e-06	2.628935e-09	3.204785e+01	1.714246e+02
4.390000e-06	4.500108e-06	2.643242e-09	3.186445e+01	1.711723e+02
4.400000e-06	4.473909e-06	2.619790e-09	3.167894e+01	1.709197e+02
4.410000e-06	4.447455e-06	2.609498e-09	3.149162e+01	1.706670e+02
4.420000e-06	4.420692e-06	2.615508e-09	3.130212e+01	1.704142e+02
4.430000e-06	4.393609e-06	2.621899e-09	3.111035e+01	1.701614e+02
4.440000e-06	4.366222e-06	2.621165e-09	3.091643e+01	1.699085e+02
4.450000e-06	4.338590e-06	2.601676e-09	3.072077e+01	1.696555e+02
4.460000e-06	4.310756e-06	2.591732e-09	3.052369e+01	1.694024e+02
4.470000e-06	4.282772e-06	2.600173e-09	3.032553e+01	1.691491e+02
4.480000e-06	4.254606e-06	2.600437e-09	3.012610e+01	1.688954e+02
4.490000e-06	4.226149e-06	2.586968e-09	2.992460e+01	1.686412e+02
4.500000e-06	4.197272e-06	2.591447e-09	2.972012e+01	1.683863e+02
4.510000e-06	4.167882e-06	2.601408e-09	2.951202e+01	1.681304e+02
4.520000e-06	4.137864e-06	2.604476e-09	2.929946e+01	1.678734e+02
4.530000e-06	4.107381e-06	2.593994e-09	2.908362e+01	1.676148e+02
4.540000e-06	4.076535e-06	2.583650e-09	2.886521e+01	1.673543e+02
4.550000e-06	4.045285e-06	2.580235e-09	2.864393e+01	1.670915e+02
4.560000e-06	4.013823e-06	2.585155e-09	2.842116e+01	1.668260e+02
4.570000e-06	3.982193e-06	2.579593e-09	2.819719e+01	1.665572e+02
4.580000e-06	3.950334e-06	2.575176e-09	2.797160e+01	1.662847e+02
4.590000e-06	3.918300e-06	2.576749e-09	2.774477e+01	1.660079e+02
4.600000e-06	3.886065e-06	2.585215e-09	2.751652e+01	1.657262e+02
4.610000e-06	3.853580e-06	2.580944e-09	2.728650e+01	1.654391e+02
4.620000e-06	3.820807e-06	2.568793e-09	2.705444e+01	1.651459e+02
4.630000e-06	3.787759e-06	2.559839e-09	2.682044e+01	1.648460e+02
4.640000e-06	3.754424e-06	2.562531e-09	2.658439e+01	1.645389e+02
4.650000e-06	3.720843e-06	2.563717e-09	2.634662e+01	1.642239e+02
4.660000e-06	3.687054e-06	2.557038e-09	2.610736e+01	1.639006e+02
4.670000e-06	3.652976e-06	2.550793e-09	2.586606e+01	1.635684e+02
4.680000e-06	3.618710e-06	2.553461e-09	2.562343e+01	1.632270e+02
4.690000e-06	3.584236e-06	2.553400e-09	2.537932e+01	1.628759e+02
4.700000e-06	3.549415e-06	2.544816e-09	2.513276e+01	1.625149e+02
4.710000e-06	3.514347e-06	2.537305e-09	2.488445e+01	1.621438e+02
4.720000e-06	3.479078e-06	2.537442e-09	2.463472e+01	1.617625e+02
4.730000e-06	3.443599e-06	2.536037e-09	2.438350e+01	1.613710e+02
4.740000e-06	3.407968e-06	2.527140e-09	2.413120e+01	1.609693e+02
4.750000e-06	3.372229e-06	2.516798e-09	2.387814e+01	1.605577e+02
4.760000e-06	3.336388e-06	2.507507e-09	2.362436e+01	1.601364e+02
4.770000e-06	3.300360e-06	2.502000e-09	2.336925e+01	1.597060e+02
4.780000e-06	3.264117e-06	2.496927e-09	2.311262e+01	1.592669e+02
4.790000e-06	3.227609e-06	2.493998e-09	2.285411e+01	1.588196e+02
4.800000e-06	3.190784e-06	2.490973e-09	2.259336e+01	1.583649e+02
4.810000e-06	3.153555e-06	2.489474e-09	2.232975e+01	1.579035e+02
4.820000e-06	3.116043e-06	2.484176e-09	2.206413e+01	1.574361e+02
4.830000e-06	3.078184e-06	2.474225e-09	2.179606e+01	1.569635e+02
4.840000e-06	3.039806e-06	2.460682e-09	2.152432e+01	1.564866e+02
4.850000e-06	3.001063e-06	2.450782e-09	2.124998e+01	1.560061e+02
4.860000e-06	2.962068e-06	2.442471e-09	2.097387e+01	1.555228e+02
4.870000e-06	2.922887e-06	2.435423e-09	2.069644e+01	1.550374e+02
4.880000e-06	2.883447e-06	2.426216e-09	2.041717e+01	1.545505e+02
4.890000e-06	2.843808e-06	2.420468e-09	2.013649e+01	1.540626e+02
4.900000e-06	2.804067e-06	2.417473e-09	1.985509e+01	1.535743e+02
4.910000e-06	2.764195e-06	2.411874e-09	1.957276e+01	1.530857e+02
4.920000e-06	2.724234e-06	2.399827e-09	1.928981e+01	1.525970e+02
4.930000e-06	2.684130e-06	2.388972e-09	1.900584e+01	1.521083e+02
4.940000e-06	2.643879e-06	2.382779e-09	1.872083e+01	1.516192e+02
4.950000e-06	2.603581e-06	2.377098e-09	1.843549e+01	1.511295e+02
4.960000e-06	2.563104e-06	2.367818e-09	1.814888e+01	1.506387e+02
4.970000e-06	2.522396e-06	2.360496e-09	1.786063e+01	1.501460e+02
4.980000e-06	2.481547e-06	2.357161e-09	1.757139e+01	1.496505e+02
4.990000e-06	2.440523e-06	2.354025e-09	1.728090e+01	1.491513e+02
5.000000e-06	2.399284e-06	2.347897e-09	1.698890e+01	1.486470e+02
5.010000e-06	2.357895e-06	2.340953e-09	1.669583e+01	1.481365e+02
5.020000e-06	2.316359e-06	2.336308e-09	1.640172e+01	1.476182e+02
5.030000e-06	2.274603e-06	2.331977e-09	1.610605e+01	1.470905e+02
5.040000e-06	2.232676e-06	2.322885e-09	1.580917e+01	1.465520e+02
5.050000e-06	2.190568e-06	2.311990e-09	1.551102e+01	1.460009e+02
5.060000e-06	2.148326e-06	2.305656e-09	1.521191e+01	1.454356e+02
5.070000e-06	2.106005e-06	2.301304e-09	1.491224e+01	1.448544e+02
5.080000e-06	2.063486e-06	2.293824e-09	1.461117e+01	1.442556e+02
5.090000e-06	2.020801e-06	2.281328e-09	1.430892e+01	1.436378e+02
5.100000e-06	1.977952e-06	2.270176e-09	1.400552e+01	1.429994e+02
5.110000e-06	1.934868e-06	2.260408e-09	1.370045e+01	1.423391e+02
5.120000e-06	1.891655e-06	2.250697e-09	1.339446e+01	1.416555e+02
5.130000e-06	1.848398e-06	2.238130e-09	1.308817e+01	1.409478e+02
5.140000e-06	1.805030e-06	2.229602e-09	1.278109e+01	1.402149e+02
5.150000e-06	1.761572e-06	2.227081e-09	1.247337e+01	1.394561e+02
5.160000e-06	1.718042e-06	2.225657e-09	1.216515e+01	1.386709e+02
5.170000e-06	1.674383e-06	2.212439e-09	1.185600e+01	1.378588e+02
5.180000e-06	1.630638e-06	2.188734e-09	1.154625e+01	1.370197e+02
5.190000e-06	1.586832e-06	2.165807e-09	1.123607e+01	1.361536e+02
5.200000e-06	1.542954e-06	2.149736e-09	1.092538e+01	1.352606e+02
5.210000e-06	1.499012e-06	2.139115e-09	1.061423e+01	1.343410e+02
5.220000e-06	1.455032e-06	2.131530e-09	1.030282e+01	1.333951e+02
5.230000e-06	1.411015e-06	2.127612e-09	9.991144e+00	1.324235e+02
5.240000e-06	1.366949e-06	2.126297e-09	9.679119e+00	1.314268e+02
5.250000e-06	1.322811e-06	2.115555e-09	9.366584e+00	1.304055e+02
5.260000e-06	1.278698e-06	2.090501e-09	9.054228e+00	1.293602e+02
5.270000e-06	1.234519e-06	2.058408e-09	8.741407e+00	1.282916e+02
5.280000e-06	1.190217e-06	2.033975e-09	8.427713e+00	1.272000e+02
5.290000e-06	1.145872e-06	2.017913e-09	8.113712e+00	1.260861e+02
5.300000e-06	1.101441e-06	2.005649e-09	7.799105e+00	1.249499e+02
5.310000e-06	1.056952e-06	1.996258e-09	7.484083e+00	1.237917e+02
5.320000e-06	1.012353e-06	1.987541e-09	7.168286e+00	1.226113e+02
5.330000e-06	9.675314e-07	1.974346e-09	6.850915e+00	1.214086e+02
5.340000e-06	9.226130e-07	1.950566e-09	6.532855e+00	1.201830e+02
5.350000e-06	8.777531e-07	1.923159e-09	6.215211e+00	1.189337e+02
5.360000e-06	8.328469e-07	1.897575e-09	5.897238e+00	1.176598e+02
5.370000e-06	7.877739e-07	1.876185e-09	5.578084e+00	1.163600e+02
5.380000e-06	7.426050e-07	1.856384e-09	5.258252e+00	1.150328e+02
5.390000e-06	6.975250e-07	1.839022e-09	4.939048e+00	1.136764e+02
5.400000e-06	6.525307e-07	1.825346e-09	4.620452e+00	1.122887e+02
5.410000e-06	6.073871e-07	1.810749e-09	4.300798e+00	1.108675e+02
5.420000e-06	5.621091e-07	1.789822e-09	3.980193e+00	1.094105e+02
5.430000e-06	5.168330e-07	1.760600e-09	3.659601e+00	1.079149e+02
5.440000e-06	4.714438e-07	1.729237e-09	3.338208e+00	1.063781e+02
5.450000e-06	4.259407e-07	1.701373e-09	3.016009e+00	1.047972e+02
5.460000e-06	3.803930e-07	1.673874e-09	2.693494e+00	1.031693e+02
5.470000e-06	3.347702e-07	1.647060e-09	2.370447e+00	1.014915e+02
5.480000e-06	2.891404e-07	1.621178e-09	2.047350e+00	9.976103e+01
5.490000e-06	2.435118e-07	1.597433e-09	1.724263e+00	9.797496e+01
5.500000e-06	1.978717e-07	1.571751e-09	1.401094e+00	9.613066e+01
5.510000e-06	1.523100e-07	1.542295e-09	1.078480e+00	9.422561e+01
5.520000e-06	1.066865e-07	1.509403e-09	7.554275e-01	9.225750e+01
5.530000e-06	6.101360e-08	1.477015e-09	4.320263e-01	9.022427e+01
5.540000e-06	1.542957e-08	1.442399e-09	1.092540e-01	8.812415e+01
5.550000e-06	-3.014846e-08	1.403154e-09	-2.134758e-01	8.595565e+01
5.560000e-06	-7.572672e-08	1.363174e-09	-5.362072e-01	8.371766e+01
5.570000e-06	-1.212849e-07	1.325494e-09	-8.587967e-01	8.140940e+01
5.580000e-06	-1.669152e-07	1.287748e-09	-1.181896e+00	7.903048e+01
5.590000e-06	-2.125966e-07	1.246904e-09	-1.505358e+00	7.658088e+01
5.600000e-06	-2.583076e-07	1.203936e-09	-1.829029e+00	7.406097e+01
5.610000e-06	-3.039897e-07	1.159312e-09	-2.152496e+00	7.147153e+01
5.620000e-06	-3.495883e-07	1.113187e-09	-2.475371e+00	6.881366e+01
5.630000e-06	-3.952168e-07	1.067629e-09	-2.798458e+00	6.608888e+01
5.640000e-06	-4.408361e-07	1.023969e-09	-3.121481e+00	6.329902e+01
5.650000e-06	-4.863285e-07	9.818180e-10	-3.443604e+00	6.044621e+01
5.660000e-06	-5.316677e-07	9.352021e-10	-3.764642e+00	5.753289e+01
5.670000e-06	-5.768581e-07	8.844296e-10	-4.084628e+00	5.456176e+01
5.680000e-06	-6.220043e-07	8.335017e-10	-4.404300e+00	5.153570e+01
5.690000e-06	-6.670897e-07	7.840785e-10	-4.723541e+00	4.845782e+01
5.700000e-06	-7.120582e-07	7.369400e-10	-5.041955e+00	4.533133e+01
5.710000e-06	-7.570788e-07	6.909719e-10	-5.360738e+00	4.215957e+01
5.720000e-06	-8.020715e-07	6.465088e-10	-5.679323e+00	3.894594e+01
5.730000e-06	-8.469142e-07	5.996548e-10	-5.996846e+00	3.569387e+01
5.740000e-06	-8.917266e-07	5.472094e-10	-6.314154e+00	3.240677e+01
5.750000e-06	-9.364523e-07	4.914072e-10	-6.630849e+00	2.908805e+01
5.760000e-06	-9.810496e-07	4.369419e-10	-6.946635e+00	2.574102e+01
5.770000e-06	-1.025567e-06	3.847003e-10	-7.261855e+00	2.236892e+01
5.780000e-06	-1.070020e-06	3.348173e-10	-7.576617e+00	1.897488e+01
5.790000e-06	-1.114431e-06	2.854525e-10	-7.891083e+00	1.556191e+01
5.800000e-06	-1.158811e-06	2.349378e-10	-8.205333e+00	1.213289e+01
5.810000e-06	-1.203146e-06	1.818016e-10	-8.519262e+00	8.690552e+00
5.820000e-06	-1.247361e-06	1.262152e-10	-8.832339e+00	5.237500e+00
5.830000e-06	-1.291481e-06	7.013011e-11	-9.144745e+00	1.776202e+00
5.840000e-06	-1.335568e-06	1.330276e-11	-9.456914e+00	-1.690996e+00
5.850000e-06	-1.379690e-06	-4.407612e-11	-9.769337e+00	-5.161863e+00
5.860000e-06	-1.423754e-06	-9.896446e-11	-1.008134e+01	-8.634264e+00
5.870000e-06	-1.467738e-06	-1.520880e-10	-1.039279e+01	-1.210614e+01
5.880000e-06	-1.511645e-06	-2.028138e-10	-1.070369e+01	-1.557549e+01
5.890000e-06	-1.555459e-06	-2.537379e-10	-1.101392e+01	-1.904036e+01
5.900000e-06	-1.599223e-06	-3.069282e-10	-1.132381e+01	-2.249878e+01
5.910000e-06	-1.642932e-06	-3.630966e-10	-1.163330e+01	-2.594881e+01
5.920000e-06	-1.686640e-06	-4.192666e-10	-1.194279e+01	-2.938846e+01
5.930000e-06	-1.730254e-06	-4.718317e-10	-1.225161e+01	-3.281568e+01
5.940000e-06	-1.773750e-06	-5.257218e-10	-1.255960e+01	-3.622837e+01
5.950000e-06	-1.817121e-06	-5.830326e-10	-1.286671e+01	-3.962436e+01
5.960000e-06	-1.860429e-06	-6.429510e-10	-1.317336e+01	-4.300136e+01
5.970000e-06	-1.903674e-06	-6.988818e-10	-1.347957e+01	-4.635700e+01
5.980000e-06	-1.946665e-06	-7.492806e-10	-1.378398e+01	-4.968880e+01
5.990000e-06	-1.989473e-06	-7.988837e-10	-1.408710e+01	-5.299420e+01
6.000000e-06	-2.032189e-06	-8.479311e-10	-1.438957e+01	-5.627053e+01
6.010000e-06	-2.074740e-06	-8.942383e-10	-1.469086e+01	-5.951504e+01
6.020000e-06	-2.117113e-06	-9.417903e-10	-1.499089e+01	-6.272491e+01
6.030000e-06	-2.159289e-06	-9.988012e-10	-1.528953e+01	-6.589729e+01
6.040000e-06	-2.201299e-06	-1.060930e-09	-1.558700e+01	-6.902927e+01
6.050000e-06	-2.243243e-06	-1.115083e-09	-1.588400e+01	-7.211797e+01
6.060000e-06	-2.285131e-06	-1.158088e-09	-1.618060e+01	-7.516052e+01
6.070000e-06	-2.326892e-06	-1.197979e-09	-1.647630e+01	-7.815413e+01
6.080000e-06	-2.368387e-06	-1.241359e-09	-1.677012e+01	-8.109609e+01
6.090000e-06	-2.409599e-06	-1.284856e-09	-1.706194e+01	-8.398380e+01
6.100000e-06	-2.450656e-06	-1.328251e-09	-1.735265e+01	-8.681483e+01
6.110000e-06	-2.491592e-06	-1.376370e-09	-1.764251e+01	-8.958692e+01
6.120000e-06	-2.532323e-06	-1.430409e-09	-1.793092e+01	-9.229805e+01
6.130000e-06	-2.572856e-06	-1.484304e-09	-1.821793e+01	-9.494642e+01
6.140000e-06	-2.613225e-06	-1.527580e-09	-1.850377e+01	-9.753051e+01
6.150000e-06	-2.653435e-06	-1.562594e-09	-1.878849e+01	-1.000491e+02
6.160000e-06	-2.693515e-06	-1.598156e-09	-1.907229e+01	-1.025011e+02
6.170000e-06	-2.733442e-06	-1.635357e-09	-1.935501e+01	-1.048861e+02
6.180000e-06	-2.773236e-06	-1.671503e-09	-1.963678e+01	-1.072036e+02
6.190000e-06	-2.812943e-06	-1.707608e-09	-1.991794e+01	-1.094537e+02
6.200000e-06	-2.852551e-06	-1.746294e-09	-2.019840e+01	-1.116367e+02
6.210000e-06	-2.892029e-06	-1.787821e-09	-2.047794e+01	-1.137532e+02
6.220000e-06	-2.931294e-06	-1.827780e-09	-2.075596e+01	-1.158041e+02
6.230000e-06	-2.970289e-06	-1.862391e-09	-2.103208e+01	-1.177906e+02
6.240000e-06	-3.009046e-06	-1.891204e-09	-2.130651e+01	-1.197141e+02
6.250000e-06	-3.047434e-06	-1.919040e-09	-2.157833e+01	-1.215763e+02
6.260000e-06	-3.085412e-06	-1.949610e-09	-2.184725e+01	-1.233788e+02
6.270000e-06	-3.123061e-06	-1.978698e-09	-2.211383e+01	-1.251239e+02
6.280000e-06	-3.160318e-06	-2.004071e-09	-2.237764e+01	-1.268134e+02
6.290000e-06	-3.197178e-06	-2.029289e-09	-2.263864e+01	-1.284496e+02
6.300000e-06	-3.233700e-06	-2.055608e-09	-2.289724e+01	-1.300348e+02
6.310000e-06	-3.269928e-06	-2.081973e-09	-2.315377e+01	-1.315711e+02
6.320000e-06	-3.305961e-06	-2.106353e-09	-2.340891e+01	-1.330607e+02
6.330000e-06	-3.341847e-06	-2.131428e-09	-2.366301e+01	-1.345058e+02
6.340000e-06	-3.377644e-06	-2.158871e-09	-2.391648e+01	-1.359083e+02
6.350000e-06	-3.413364e-06	-2.184071e-09	-2.416941e+01	-1.372704e+02
6.360000e-06	-3.448970e-06	-2.202741e-09	-2.442153e+01	-1.385936e+02
6.370000e-06	-3.484379e-06	-2.217908e-09	-2.467226e+01	-1.398797e+02
6.380000e-06	-3.519562e-06	-2.234846e-09	-2.492138e+01	-1.411301e+02
6.390000e-06	-3.554439e-06	-2.252361e-09	-2.516834e+01	-1.423460e+02
6.400000e-06	-3.588919e-06	-2.269616e-09	-2.541249e+01	-1.435285e+02
6.410000e-06	-3.623154e-06	-2.289853e-09	-2.565489e+01	-1.446786e+02
6.420000e-06	-3.657187e-06	-2.313750e-09	-2.589588e+01	-1.457968e+02
6.430000e-06	-3.690972e-06	-2.336572e-09	-2.613510e+01	-1.468837e+02
6.440000e-06	-3.724557e-06	-2.352187e-09	-2.637291e+01	-1.479397e+02
6.450000e-06	-3.757888e-06	-2.360718e-09	-2.660892e+01	-1.489650e+02
6.460000e-06	-3.790929e-06	-2.369049e-09	-2.684288e+01	-1.499597e+02
6.470000e-06	-3.823694e-06	-2.378965e-09	-2.707488e+01	-1.509237e+02
6.480000e-06	-3.856124e-06	-2.389442e-09	-2.730451e+01	-1.518571e+02
6.490000e-06	-3.888297e-06	-2.402440e-09	-2.753233e+01	-1.527595e+02
6.500000e-06	-3.920309e-06	-2.420958e-09	-2.775900e+01	-1.536310e+02
6.510000e-06	-3.952123e-06	-2.440707e-09	-2.798427e+01	-1.544714e+02
6.520000e-06	-3.983719e-06	-2.453761e-09	-2.820799e+01	-1.552805e+02
6.530000e-06	-4.015108e-06	-2.458855e-09	-2.843025e+01	-1.560584e+02
6.540000e-06	-4.046274e-06	-2.462815e-09	-2.865093e+01	-1.568050e+02
6.550000e-06	-4.077124e-06	-2.469047e-09	-2.886938e+01	-1.575206e+02
6.560000e-06	-4.107491e-06	-2.479122e-09	-2.908440e+01	-1.582053e+02
6.570000e-06	-4.137345e-06	-2.491108e-09	-2.929579e+01	-1.588597e+02
6.580000e-06	-4.166783e-06	-2.503302e-09	-2.950424e+01	-1.594842e+02
6.590000e-06	-4.195714e-06	-2.515417e-09	-2.970909e+01	-1.600795e+02
6.600000e-06	-4.224100e-06	-2.524341e-09	-2.991009e+01	-1.606465e+02
6.610000e-06	-4.252206e-06	-2.531413e-09	-3.010910e+01	-1.611862e+02
6.620000e-06	-4.280188e-06	-2.538826e-09	-3.030724e+01	-1.616997e+02
6.630000e-06	-4.308007e-06	-2.546772e-09	-3.050422e+01	-1.621883e+02
6.640000e-06	-4.335651e-06	-2.554585e-09	-3.069996e+01	-1.626535e+02
6.650000e-06	-4.363073e-06	-2.560236e-09	-3.089413e+01	-1.630965e+02
6.660000e-06	-4.390282e-06	-2.566467e-09	-3.108679e+01	-1.635192e+02
6.670000e-06	-4.417270e-06	-2.574244e-09	-3.127789e+01	-1.639229e+02
6.680000e-06	-4.443795e-06	-2.580159e-09	-3.146571e+01	-1.643095e+02
6.690000e-06	-4.469950e-06	-2.583185e-09	-3.165091e+01	-1.646805e+02
6.700000e-06	-4.495854e-06	-2.586710e-09	-3.183433e+01	-1.650376e+02
6.710000e-06	-4.521422e-06	-2.595220e-09	-3.201537e+01	-1.653824e+02
6.720000e-06	-4.546645e-06	-2.606288e-09	-3.219397e+01	-1.657164e+02
6.730000e-06	-4.571538e-06	-2.613664e-09	-3.237023e+01	-1.660410e+02
6.740000e-06	-4.596074e-06	-2.614346e-09	-3.254397e+01	-1.663575e+02
6.750000e-06	-4.620234e-06	-2.614723e-09	-3.271504e+01	-1.666671e+02
6.760000e-06	-4.644156e-06	-2.617529e-09	-3.288443e+01	-1.669709e+02
6.770000e-06	-4.667890e-06	-2.617168e-09	-3.305249e+01	-1.672696e+02
6.780000e-06	-4.691412e-06	-2.616778e-09	-3.321904e+01	-1.675641e+02
6.790000e-06	-4.714762e-06	-2.623317e-09	-3.338438e+01	-1.678548e+02
6.800000e-06	-4.737856e-06	-2.639035e-09	-3.354790e+01	-1.681422e+02
6.810000e-06	-4.760540e-06	-2.654172e-09	-3.370852e+01	-1.684263e+02
6.820000e-06	-4.782698e-06	-2.661224e-09	-3.386542e+01	-1.687073e+02
6.830000e-06	-4.804210e-06	-2.662614e-09	-3.401774e+01	-1.689850e+02
6.840000e-06	-4.825091e-06	-2.662153e-09	-3.416560e+01	-1.692592e+02
6.850000e-06	-4.845546e-06	-2.659671e-09	-3.431044e+01	-1.695295e+02
6.860000e-06	-4.865721e-06	-2.655972e-09	-3.445329e+01	-1.697954e+02
6.870000e-06	-4.885658e-06	-2.658763e-09	-3.459446e+01	-1.700563e+02
6.880000e-06	-4.905420e-06	-2.670774e-09	-3.473439e+01	-1.703117e+02
6.890000e-06	-4.924931e-06	-2.684969e-09	-3.487254e+01	-1.705609e+02
6.900000e-06	-4.944162e-06	-2.694627e-09	-3.500871e+01	-1.708032e+02
6.910000e-06	-4.962991e-06	-2.698514e-09	-3.514204e+01	-1.710380e+02
6.920000e-06	-4.981383e-06	-2.699043e-09	-3.527227e+01	-1.712646e+02
6.930000e-06	-4.999528e-06	-2.696603e-09	-3.540075e+01	-1.714825e+02
6.940000e-06	-5.017362e-06	-2.691497e-09	-3.552703e+01	-1.716911e+02
6.950000e-06	-5.034839e-06	-2.692288e-09	-3.565078e+01	-1.718900e+02
6.960000e-06	-5.051991e-06	-2.703468e-09	-3.577224e+01	-1.720789e+02
6.970000e-06	-5.068801e-06	-2.718998e-09	-3.589126e+01	-1.722576e+02
6.980000e-06	-5.085228e-06	-2.726358e-09	-3.600758e+01	-1.724258e+02
6.990000e-06	-5.101305e-06	-2.727558e-09	-3.612141e+01	-1.725837e+02
7.000000e-06	-5.117183e-06	-2.728850e-09	-3.623384e+01	-1.727313e+02
7.010000e-06	-5.132798e-06	-2.730292e-09	-3.634441e+01	-1.728688e+02
7.020000e-06	-5.148084e-06	-2.727806e-09	-3.645265e+01	-1.729965e+02
7.030000e-06	-5.162858e-06	-2.724051e-09	-3.655726e+01	-1.731150e+02
7.040000e-06	-5.177058e-06	-2.725747e-09	-3.665781e+01	-1.732245e+02
7.050000e-06	-5.190710e-06	-2.731653e-09	-3.675448e+01	-1.733259e+02
7.060000e-06	-5.203675e-06	-2.735273e-09	-3.684628e+01	-1.734195e+02
7.070000e-06	-5.216067e-06	-2.734725e-09	-3.693403e+01	-1.735062e+02
7.080000e-06	-5.228109e-06	-2.734224e-09	-3.701929e+01	-1.735865e+02
7.090000e-06	-5.239881e-06	-2.735627e-09	-3.710265e+01	-1.736611e+02
7.100000e-06	-5.251289e-06	-2.734857e-09	-3.718343e+01	-1.737308e+02
7.110000e-06	-5.262341e-06	-2.729786e-09	-3.726168e+01	-1.737960e+02
7.120000e-06	-5.273107e-06	-2.725045e-09	-3.733792e+01	-1.738575e+02
7.130000e-06	-5.283484e-06	-2.725279e-09	-3.741139e+01	-1.739156e+02
7.140000e-06	-5.293457e-06	-2.729247e-09	-3.748201e+01	-1.739709e+02
7.150000e-06	-5.303123e-06	-2.732038e-09	-3.755045e+01	-1.740237e+02
7.160000e-06	-5.312465e-06	-2.731579e-09	-3.761660e+01	-1.740742e+02
7.170000e-06	-5.321418e-06	-2.729494e-09	-3.767999e+01	-1.741226e+02
7.180000e-06	-5.329894e-06	-2.727014e-09	-3.774002e+01	-1.741691e+02
7.190000e-06	-5.338009e-06	-2.723502e-09	-3.779748e+01	-1.742135e+02
7.200000e-06	-5.345895e-06	-2.719119e-09	-3.785332e+01	-1.742559e+02
7.210000e-06	-5.353606e-06	-2.716285e-09	-3.790792e+01	-1.742960e+02
7.220000e-06	-5.361120e-06	-2.717202e-09	-3.796112e+01	-1.743336e+02
7.230000e-06	-5.368272e-06	-2.718660e-09	-3.801176e+01	-1.743684e+02
7.240000e-06	-5.374962e-06	-2.719650e-09	-3.805913e+01	-1.744002e+02
7.250000e-06	-5.381035e-06	-2.720533e-09	-3.810213e+01	-1.744285e+02
7.260000e-06	-5.386371e-06	-2.719047e-09	-3.813992e+01	-1.744529e+02
7.270000e-06	-5.391059e-06	-2.714919e-09	-3.817312e+01	-1.744733e+02
7.280000e-06	-5.395267e-06	-2.711294e-09	-3.820291e+01	-1.744892e+02
7.290000e-06	-5.399181e-06	-2.710444e-09	-3.823062e+01	-1.745005e+02
7.300000e-06	-5.402929e-06	-2.712291e-09	-3.825716e+01	-1.745069e+02
7.310000e-06	-5.406514e-06	-2.712915e-09	-3.828255e+01	-1.745083e+02
7.320000e-06	-5.409861e-06	-2.712046e-09	-3.830625e+01	-1.745047e+02
7.330000e-06	-5.412791e-06	-2.711391e-09	-3.832699e+01	-1.744962e+02
7.340000e-06	-5.415218e-06	-2.709661e-09	-3.834418e+01	-1.744831e+02
7.350000e-06	-5.417265e-06	-2.706261e-09	-3.835867e+01	-1.744655e+02
7.360000e-06	-5.419051e-06	-2.702298e-09	-3.837132e+01	-1.744440e+02
7.370000e-06	-5.420600e-06	-2.698713e-09	-3.838229e+01	-1.744190e+02
7.380000e-06	-5.421701e-06	-2.697956e-09	-3.839009e+01	-1.743913e+02
7.390000e-06	-5.422227e-06	-2.698583e-09	-3.839381e+01	-1.743616e+02
7.400000e-06	-5.422402e-06	-2.697350e-09	-3.839505e+01	-1.743308e+02
