# Temperatura_=_7.2
# Concentracion g/m^3_=_4090.0
# C_Vs_to_Am_M_A/Vsm_=_65563218390.804596
# pendiente_HvsI_1/m_=_3716.3
# ordenada_HvsI_A/m_=_1297.0
# frecuencia_Hz_=_135082.37348811424

Tiempo_(s)	Campo_(V.s)	Magnetizacion_(V.s)	Campo_(kA/m)	Magnetizacion_(A/m)
0.000000e+00	-5.427628e-06	-2.622417e-09	-3.838335e+01	-1.685963e+02
1.000000e-08	-5.427824e-06	-2.621907e-09	-3.838473e+01	-1.685674e+02
2.000000e-08	-5.427738e-06	-2.620392e-09	-3.838413e+01	-1.685383e+02
3.000000e-08	-5.427385e-06	-2.615667e-09	-3.838163e+01	-1.685101e+02
4.000000e-08	-5.426640e-06	-2.609101e-09	-3.837636e+01	-1.684838e+02
5.000000e-08	-5.425424e-06	-2.607466e-09	-3.836776e+01	-1.684606e+02
6.000000e-08	-5.423716e-06	-2.622532e-09	-3.835568e+01	-1.684413e+02
7.000000e-08	-5.421451e-06	-2.642611e-09	-3.833966e+01	-1.684270e+02
8.000000e-08	-5.418522e-06	-2.615857e-09	-3.831895e+01	-1.684186e+02
9.000000e-08	-5.414937e-06	-2.551300e-09	-3.829360e+01	-1.684169e+02
1.000000e-07	-5.410925e-06	-2.582343e-09	-3.826523e+01	-1.684226e+02
1.100000e-07	-5.406618e-06	-2.682273e-09	-3.823477e+01	-1.684364e+02
1.200000e-07	-5.402064e-06	-2.649235e-09	-3.820256e+01	-1.684587e+02
1.300000e-07	-5.397291e-06	-2.510255e-09	-3.816881e+01	-1.684899e+02
1.400000e-07	-5.392190e-06	-2.529347e-09	-3.813274e+01	-1.685301e+02
1.500000e-07	-5.386602e-06	-2.681295e-09	-3.809322e+01	-1.685793e+02
1.600000e-07	-5.380641e-06	-2.672651e-09	-3.805106e+01	-1.686375e+02
1.700000e-07	-5.374338e-06	-2.486278e-09	-3.800649e+01	-1.687043e+02
1.800000e-07	-5.367642e-06	-2.503686e-09	-3.795913e+01	-1.687792e+02
1.900000e-07	-5.360600e-06	-2.662913e-09	-3.790933e+01	-1.688616e+02
2.000000e-07	-5.353328e-06	-2.651142e-09	-3.785791e+01	-1.689507e+02
2.100000e-07	-5.345770e-06	-2.523639e-09	-3.780446e+01	-1.690456e+02
2.200000e-07	-5.337939e-06	-2.556216e-09	-3.774908e+01	-1.691453e+02
2.300000e-07	-5.329861e-06	-2.651720e-09	-3.769196e+01	-1.692485e+02
2.400000e-07	-5.321345e-06	-2.581408e-09	-3.763173e+01	-1.693541e+02
2.500000e-07	-5.312289e-06	-2.533046e-09	-3.756769e+01	-1.694608e+02
2.600000e-07	-5.302653e-06	-2.625387e-09	-3.749954e+01	-1.695671e+02
2.700000e-07	-5.292465e-06	-2.649423e-09	-3.742750e+01	-1.696717e+02
2.800000e-07	-5.281648e-06	-2.547504e-09	-3.735100e+01	-1.697731e+02
2.900000e-07	-5.270288e-06	-2.577421e-09	-3.727066e+01	-1.698699e+02
3.000000e-07	-5.258545e-06	-2.679396e-09	-3.718762e+01	-1.699608e+02
3.100000e-07	-5.246370e-06	-2.620443e-09	-3.710151e+01	-1.700445e+02
3.200000e-07	-5.233746e-06	-2.524135e-09	-3.701224e+01	-1.701197e+02
3.300000e-07	-5.220804e-06	-2.607687e-09	-3.692072e+01	-1.701853e+02
3.400000e-07	-5.207543e-06	-2.670639e-09	-3.682694e+01	-1.702403e+02
3.500000e-07	-5.193931e-06	-2.601006e-09	-3.673068e+01	-1.702838e+02
3.600000e-07	-5.179873e-06	-2.582733e-09	-3.663126e+01	-1.703150e+02
3.700000e-07	-5.165426e-06	-2.639757e-09	-3.652910e+01	-1.703333e+02
3.800000e-07	-5.150475e-06	-2.611364e-09	-3.642337e+01	-1.703382e+02
3.900000e-07	-5.134894e-06	-2.578111e-09	-3.631318e+01	-1.703294e+02
4.000000e-07	-5.118853e-06	-2.603511e-09	-3.619974e+01	-1.703068e+02
4.100000e-07	-5.102268e-06	-2.581617e-09	-3.608245e+01	-1.702703e+02
4.200000e-07	-5.085351e-06	-2.546646e-09	-3.596282e+01	-1.702202e+02
4.300000e-07	-5.068254e-06	-2.605734e-09	-3.584191e+01	-1.701567e+02
4.400000e-07	-5.050801e-06	-2.628315e-09	-3.571849e+01	-1.700802e+02
4.500000e-07	-5.033100e-06	-2.562628e-09	-3.559331e+01	-1.699913e+02
4.600000e-07	-5.015140e-06	-2.557059e-09	-3.546630e+01	-1.698907e+02
4.700000e-07	-4.996673e-06	-2.604712e-09	-3.533570e+01	-1.697790e+02
4.800000e-07	-4.977754e-06	-2.583889e-09	-3.520191e+01	-1.696572e+02
4.900000e-07	-4.958514e-06	-2.542625e-09	-3.506585e+01	-1.695261e+02
5.000000e-07	-4.938941e-06	-2.549911e-09	-3.492743e+01	-1.693866e+02
5.100000e-07	-4.919104e-06	-2.563994e-09	-3.478714e+01	-1.692396e+02
5.200000e-07	-4.899060e-06	-2.570983e-09	-3.464539e+01	-1.690862e+02
5.300000e-07	-4.878820e-06	-2.569705e-09	-3.450226e+01	-1.689273e+02
5.400000e-07	-4.858263e-06	-2.550640e-09	-3.435689e+01	-1.687637e+02
5.500000e-07	-4.837278e-06	-2.547239e-09	-3.420848e+01	-1.685963e+02
5.600000e-07	-4.816042e-06	-2.571887e-09	-3.405830e+01	-1.684260e+02
5.700000e-07	-4.794534e-06	-2.561281e-09	-3.390620e+01	-1.682534e+02
5.800000e-07	-4.772669e-06	-2.530142e-09	-3.375157e+01	-1.680793e+02
5.900000e-07	-4.750448e-06	-2.529464e-09	-3.359444e+01	-1.679042e+02
6.000000e-07	-4.727863e-06	-2.547566e-09	-3.343472e+01	-1.677286e+02
6.100000e-07	-4.705060e-06	-2.544329e-09	-3.327346e+01	-1.675528e+02
6.200000e-07	-4.681881e-06	-2.529752e-09	-3.310954e+01	-1.673772e+02
6.300000e-07	-4.658276e-06	-2.517072e-09	-3.294260e+01	-1.672019e+02
6.400000e-07	-4.634488e-06	-2.525870e-09	-3.277439e+01	-1.670270e+02
6.500000e-07	-4.610545e-06	-2.540516e-09	-3.260506e+01	-1.668525e+02
6.600000e-07	-4.586364e-06	-2.530975e-09	-3.243406e+01	-1.666783e+02
6.700000e-07	-4.561928e-06	-2.508632e-09	-3.226125e+01	-1.665043e+02
6.800000e-07	-4.537095e-06	-2.513742e-09	-3.208563e+01	-1.663301e+02
6.900000e-07	-4.511750e-06	-2.524824e-09	-3.190640e+01	-1.661555e+02
7.000000e-07	-4.485842e-06	-2.514476e-09	-3.172318e+01	-1.659801e+02
7.100000e-07	-4.459309e-06	-2.494435e-09	-3.153555e+01	-1.658035e+02
7.200000e-07	-4.432288e-06	-2.492463e-09	-3.134446e+01	-1.656253e+02
7.300000e-07	-4.404899e-06	-2.505743e-09	-3.115077e+01	-1.654449e+02
7.400000e-07	-4.377314e-06	-2.511413e-09	-3.095569e+01	-1.652620e+02
7.500000e-07	-4.349584e-06	-2.495741e-09	-3.075959e+01	-1.650760e+02
7.600000e-07	-4.321593e-06	-2.482983e-09	-3.056164e+01	-1.648865e+02
7.700000e-07	-4.293409e-06	-2.488969e-09	-3.036233e+01	-1.646930e+02
7.800000e-07	-4.265014e-06	-2.491111e-09	-3.016152e+01	-1.644952e+02
7.900000e-07	-4.236246e-06	-2.476626e-09	-2.995808e+01	-1.642926e+02
8.000000e-07	-4.207100e-06	-2.464472e-09	-2.975196e+01	-1.640848e+02
8.100000e-07	-4.177654e-06	-2.468354e-09	-2.954372e+01	-1.638717e+02
8.200000e-07	-4.147972e-06	-2.476072e-09	-2.933382e+01	-1.636528e+02
8.300000e-07	-4.118034e-06	-2.472870e-09	-2.912210e+01	-1.634280e+02
8.400000e-07	-4.087796e-06	-2.459944e-09	-2.890826e+01	-1.631971e+02
8.500000e-07	-4.057331e-06	-2.455461e-09	-2.869282e+01	-1.629600e+02
8.600000e-07	-4.026620e-06	-2.457498e-09	-2.847563e+01	-1.627166e+02
8.700000e-07	-3.995578e-06	-2.452517e-09	-2.825611e+01	-1.624669e+02
8.800000e-07	-3.964274e-06	-2.435845e-09	-2.803473e+01	-1.622107e+02
8.900000e-07	-3.932710e-06	-2.425980e-09	-2.781152e+01	-1.619483e+02
9.000000e-07	-3.900947e-06	-2.427324e-09	-2.758690e+01	-1.616796e+02
9.100000e-07	-3.869028e-06	-2.428290e-09	-2.736117e+01	-1.614048e+02
9.200000e-07	-3.836907e-06	-2.419718e-09	-2.713402e+01	-1.611239e+02
9.300000e-07	-3.804616e-06	-2.414316e-09	-2.690566e+01	-1.608371e+02
9.400000e-07	-3.772028e-06	-2.416736e-09	-2.667520e+01	-1.605445e+02
9.500000e-07	-3.739109e-06	-2.416338e-09	-2.644240e+01	-1.602464e+02
9.600000e-07	-3.705861e-06	-2.404375e-09	-2.620728e+01	-1.599427e+02
9.700000e-07	-3.672204e-06	-2.392367e-09	-2.596926e+01	-1.596338e+02
9.800000e-07	-3.638063e-06	-2.390466e-09	-2.572782e+01	-1.593198e+02
9.900000e-07	-3.603448e-06	-2.393341e-09	-2.548303e+01	-1.590008e+02
1.000000e-06	-3.568426e-06	-2.389741e-09	-2.523536e+01	-1.586769e+02
1.010000e-06	-3.533115e-06	-2.383958e-09	-2.498564e+01	-1.583483e+02
1.020000e-06	-3.497621e-06	-2.381914e-09	-2.473463e+01	-1.580152e+02
1.030000e-06	-3.461910e-06	-2.379867e-09	-2.448210e+01	-1.576775e+02
1.040000e-06	-3.426040e-06	-2.370781e-09	-2.422842e+01	-1.573355e+02
1.050000e-06	-3.390059e-06	-2.358104e-09	-2.397397e+01	-1.569892e+02
1.060000e-06	-3.353921e-06	-2.348317e-09	-2.371841e+01	-1.566386e+02
1.070000e-06	-3.317516e-06	-2.343623e-09	-2.346096e+01	-1.562838e+02
1.080000e-06	-3.280871e-06	-2.338079e-09	-2.320182e+01	-1.559249e+02
1.090000e-06	-3.244096e-06	-2.328173e-09	-2.294175e+01	-1.555618e+02
1.100000e-06	-3.207057e-06	-2.321358e-09	-2.267981e+01	-1.551945e+02
1.110000e-06	-3.169728e-06	-2.320187e-09	-2.241583e+01	-1.548231e+02
1.120000e-06	-3.132181e-06	-2.317875e-09	-2.215030e+01	-1.544475e+02
1.130000e-06	-3.094378e-06	-2.310617e-09	-2.188296e+01	-1.540676e+02
1.140000e-06	-3.056361e-06	-2.300944e-09	-2.161411e+01	-1.536835e+02
1.150000e-06	-3.018172e-06	-2.291921e-09	-2.134404e+01	-1.532949e+02
1.160000e-06	-2.979807e-06	-2.285855e-09	-2.107273e+01	-1.529019e+02
1.170000e-06	-2.941211e-06	-2.276660e-09	-2.079979e+01	-1.525043e+02
1.180000e-06	-2.902364e-06	-2.264843e-09	-2.052507e+01	-1.521019e+02
1.190000e-06	-2.863374e-06	-2.256918e-09	-2.024934e+01	-1.516947e+02
1.200000e-06	-2.824192e-06	-2.255269e-09	-1.997225e+01	-1.512824e+02
1.210000e-06	-2.784768e-06	-2.251254e-09	-1.969345e+01	-1.508649e+02
1.220000e-06	-2.745110e-06	-2.242494e-09	-1.941300e+01	-1.504418e+02
1.230000e-06	-2.705374e-06	-2.233450e-09	-1.913199e+01	-1.500130e+02
1.240000e-06	-2.665605e-06	-2.224531e-09	-1.885075e+01	-1.495782e+02
1.250000e-06	-2.625665e-06	-2.213451e-09	-1.856830e+01	-1.491370e+02
1.260000e-06	-2.585538e-06	-2.202545e-09	-1.828452e+01	-1.486891e+02
1.270000e-06	-2.545311e-06	-2.192277e-09	-1.800005e+01	-1.482341e+02
1.280000e-06	-2.505055e-06	-2.187058e-09	-1.771536e+01	-1.477716e+02
1.290000e-06	-2.464729e-06	-2.185364e-09	-1.743018e+01	-1.473012e+02
1.300000e-06	-2.424186e-06	-2.179953e-09	-1.714347e+01	-1.468225e+02
1.310000e-06	-2.383221e-06	-2.171234e-09	-1.685377e+01	-1.463348e+02
1.320000e-06	-2.341898e-06	-2.162429e-09	-1.656154e+01	-1.458378e+02
1.330000e-06	-2.300304e-06	-2.150836e-09	-1.626740e+01	-1.453310e+02
1.340000e-06	-2.258450e-06	-2.137168e-09	-1.597141e+01	-1.448136e+02
1.350000e-06	-2.216340e-06	-2.122899e-09	-1.567362e+01	-1.442853e+02
1.360000e-06	-2.174047e-06	-2.111245e-09	-1.537452e+01	-1.437454e+02
1.370000e-06	-2.131483e-06	-2.104474e-09	-1.507352e+01	-1.431934e+02
1.380000e-06	-2.088627e-06	-2.099067e-09	-1.477045e+01	-1.426287e+02
1.390000e-06	-2.045616e-06	-2.091201e-09	-1.446628e+01	-1.420507e+02
1.400000e-06	-2.002488e-06	-2.080352e-09	-1.416129e+01	-1.414589e+02
1.410000e-06	-1.959172e-06	-2.069799e-09	-1.385496e+01	-1.408528e+02
1.420000e-06	-1.915580e-06	-2.059168e-09	-1.354668e+01	-1.402317e+02
1.430000e-06	-1.871916e-06	-2.045206e-09	-1.323790e+01	-1.395952e+02
1.440000e-06	-1.828264e-06	-2.029035e-09	-1.292920e+01	-1.389428e+02
1.450000e-06	-1.784459e-06	-2.017056e-09	-1.261942e+01	-1.382739e+02
1.460000e-06	-1.740540e-06	-2.011012e-09	-1.230883e+01	-1.375882e+02
1.470000e-06	-1.696601e-06	-2.004369e-09	-1.199810e+01	-1.368852e+02
1.480000e-06	-1.652575e-06	-1.992466e-09	-1.168675e+01	-1.361645e+02
1.490000e-06	-1.608499e-06	-1.980341e-09	-1.137506e+01	-1.354256e+02
1.500000e-06	-1.564385e-06	-1.970333e-09	-1.106309e+01	-1.346681e+02
1.510000e-06	-1.520126e-06	-1.957905e-09	-1.075010e+01	-1.338916e+02
1.520000e-06	-1.475774e-06	-1.939749e-09	-1.043645e+01	-1.330958e+02
1.530000e-06	-1.431348e-06	-1.922073e-09	-1.012227e+01	-1.322802e+02
1.540000e-06	-1.386815e-06	-1.908971e-09	-9.807344e+00	-1.314443e+02
1.550000e-06	-1.342216e-06	-1.898949e-09	-9.491942e+00	-1.305877e+02
1.560000e-06	-1.297566e-06	-1.887727e-09	-9.176189e+00	-1.297099e+02
1.570000e-06	-1.252761e-06	-1.876048e-09	-8.859332e+00	-1.288103e+02
1.580000e-06	-1.207846e-06	-1.866064e-09	-8.541699e+00	-1.278885e+02
1.590000e-06	-1.162936e-06	-1.856378e-09	-8.224102e+00	-1.269436e+02
1.600000e-06	-1.117930e-06	-1.841200e-09	-7.905829e+00	-1.259751e+02
1.610000e-06	-1.072783e-06	-1.819643e-09	-7.586555e+00	-1.249820e+02
1.620000e-06	-1.027552e-06	-1.797974e-09	-7.266687e+00	-1.239635e+02
1.630000e-06	-9.821769e-07	-1.781069e-09	-6.945803e+00	-1.229187e+02
1.640000e-06	-9.366705e-07	-1.767668e-09	-6.623989e+00	-1.218465e+02
1.650000e-06	-8.910796e-07	-1.755564e-09	-6.301577e+00	-1.207457e+02
1.660000e-06	-8.455277e-07	-1.743772e-09	-5.979441e+00	-1.196151e+02
1.670000e-06	-7.999632e-07	-1.731560e-09	-5.657216e+00	-1.184534e+02
1.680000e-06	-7.543716e-07	-1.714423e-09	-5.334800e+00	-1.172590e+02
1.690000e-06	-7.087548e-07	-1.688685e-09	-5.012204e+00	-1.160306e+02
1.700000e-06	-6.629587e-07	-1.661195e-09	-4.688341e+00	-1.147664e+02
1.710000e-06	-6.170722e-07	-1.637850e-09	-4.363839e+00	-1.134649e+02
1.720000e-06	-5.711880e-07	-1.619082e-09	-4.039353e+00	-1.121243e+02
1.730000e-06	-5.253142e-07	-1.602872e-09	-3.714941e+00	-1.107428e+02
1.740000e-06	-4.794404e-07	-1.588187e-09	-3.390529e+00	-1.093186e+02
1.750000e-06	-4.335653e-07	-1.571317e-09	-3.066107e+00	-1.078498e+02
1.760000e-06	-3.876572e-07	-1.550493e-09	-2.741452e+00	-1.063348e+02
1.770000e-06	-3.417359e-07	-1.524110e-09	-2.416704e+00	-1.047715e+02
1.780000e-06	-2.957847e-07	-1.494965e-09	-2.091744e+00	-1.031584e+02
1.790000e-06	-2.497992e-07	-1.466404e-09	-1.766541e+00	-1.014935e+02
1.800000e-06	-2.037703e-07	-1.438208e-09	-1.441032e+00	-9.977533e+01
1.810000e-06	-1.576786e-07	-1.411430e-09	-1.115079e+00	-9.800224e+01
1.820000e-06	-1.114856e-07	-1.386987e-09	-7.884089e-01	-9.617279e+01
1.830000e-06	-6.530900e-08	-1.362648e-09	-4.618552e-01	-9.428564e+01
1.840000e-06	-1.923339e-08	-1.335903e-09	-1.360156e-01	-9.233961e+01
1.850000e-06	2.688437e-08	-1.304548e-09	1.901221e-01	-9.033365e+01
1.860000e-06	7.304185e-08	-1.269758e-09	5.165406e-01	-8.826689e+01
1.870000e-06	1.191281e-07	-1.234649e-09	8.424558e-01	-8.613865e+01
1.880000e-06	1.651143e-07	-1.200776e-09	1.167663e+00	-8.394844e+01
1.890000e-06	2.111279e-07	-1.167920e-09	1.493064e+00	-8.169595e+01
1.900000e-06	2.571346e-07	-1.135450e-09	1.818416e+00	-7.938110e+01
1.910000e-06	3.031117e-07	-1.101259e-09	2.143559e+00	-7.700399e+01
1.920000e-06	3.491094e-07	-1.064702e-09	2.468848e+00	-7.456495e+01
1.930000e-06	3.950815e-07	-1.029014e-09	2.793955e+00	-7.206451e+01
1.940000e-06	4.409997e-07	-9.931360e-10	3.118682e+00	-6.950340e+01
1.950000e-06	4.868428e-07	-9.571848e-10	3.442877e+00	-6.688254e+01
1.960000e-06	5.326074e-07	-9.201570e-10	3.766518e+00	-6.420304e+01
1.970000e-06	5.783307e-07	-8.799170e-10	4.089865e+00	-6.146622e+01
1.980000e-06	6.240612e-07	-8.353012e-10	4.413264e+00	-5.867354e+01
1.990000e-06	6.698172e-07	-7.882080e-10	4.736844e+00	-5.582663e+01
2.000000e-06	7.155647e-07	-7.419334e-10	5.060363e+00	-5.292726e+01
2.010000e-06	7.612920e-07	-6.976550e-10	5.383740e+00	-4.997734e+01
2.020000e-06	8.069792e-07	-6.542024e-10	5.706832e+00	-4.697890e+01
2.030000e-06	8.525450e-07	-6.117814e-10	6.029067e+00	-4.393409e+01
2.040000e-06	8.980170e-07	-5.675127e-10	6.350638e+00	-4.084513e+01
2.050000e-06	9.433732e-07	-5.198405e-10	6.671390e+00	-3.771434e+01
2.060000e-06	9.886543e-07	-4.721548e-10	6.991611e+00	-3.454410e+01
2.070000e-06	1.033917e-06	-4.246141e-10	7.311704e+00	-3.133685e+01
2.080000e-06	1.079068e-06	-3.776004e-10	7.631003e+00	-2.809507e+01
2.090000e-06	1.124159e-06	-3.314436e-10	7.949879e+00	-2.482130e+01
2.100000e-06	1.169128e-06	-2.860399e-10	8.267895e+00	-2.151810e+01
2.110000e-06	1.213935e-06	-2.405876e-10	8.584758e+00	-1.818805e+01
2.120000e-06	1.258676e-06	-1.910717e-10	8.901159e+00	-1.483376e+01
2.130000e-06	1.303390e-06	-1.383793e-10	9.217374e+00	-1.145784e+01
2.140000e-06	1.348041e-06	-8.494462e-11	9.533140e+00	-8.062934e+00
2.150000e-06	1.392474e-06	-3.163345e-11	9.847360e+00	-4.651692e+00
2.160000e-06	1.436776e-06	1.786424e-11	1.016066e+01	-1.226774e+00
2.170000e-06	1.481114e-06	6.374949e-11	1.047421e+01	2.209146e+00
2.180000e-06	1.525416e-06	1.130985e-10	1.078751e+01	5.653377e+00
2.190000e-06	1.569588e-06	1.696591e-10	1.109988e+01	9.103215e+00
2.200000e-06	1.613702e-06	2.245648e-10	1.141185e+01	1.255594e+01
2.210000e-06	1.657731e-06	2.736287e-10	1.172322e+01	1.600880e+01
2.220000e-06	1.701674e-06	3.232924e-10	1.203397e+01	1.945903e+01
2.230000e-06	1.745607e-06	3.772719e-10	1.234467e+01	2.290386e+01
2.240000e-06	1.789445e-06	4.300339e-10	1.265468e+01	2.634047e+01
2.250000e-06	1.833172e-06	4.776185e-10	1.296391e+01	2.976604e+01
2.260000e-06	1.876877e-06	5.238042e-10	1.327299e+01	3.317770e+01
2.270000e-06	1.920530e-06	5.741444e-10	1.358169e+01	3.657261e+01
2.280000e-06	1.964002e-06	6.248249e-10	1.388912e+01	3.994789e+01
2.290000e-06	2.007260e-06	6.703661e-10	1.419504e+01	4.330065e+01
2.300000e-06	2.050386e-06	7.133377e-10	1.450001e+01	4.662801e+01
2.310000e-06	2.093294e-06	7.593085e-10	1.480346e+01	4.992711e+01
2.320000e-06	2.135949e-06	8.081572e-10	1.510510e+01	5.319509e+01
2.330000e-06	2.178411e-06	8.557826e-10	1.540539e+01	5.642915e+01
2.340000e-06	2.220599e-06	9.012702e-10	1.570373e+01	5.962651e+01
2.350000e-06	2.262436e-06	9.502003e-10	1.599960e+01	6.278447e+01
2.360000e-06	2.304020e-06	1.001044e-09	1.629367e+01	6.590039e+01
2.370000e-06	2.345325e-06	1.044820e-09	1.658577e+01	6.897171e+01
2.380000e-06	2.386333e-06	1.079629e-09	1.687578e+01	7.199601e+01
2.390000e-06	2.427083e-06	1.115573e-09	1.716396e+01	7.497095e+01
2.400000e-06	2.467539e-06	1.158905e-09	1.745006e+01	7.789434e+01
2.410000e-06	2.507879e-06	1.201211e-09	1.773533e+01	8.076415e+01
2.420000e-06	2.548120e-06	1.239793e-09	1.801991e+01	8.357849e+01
2.430000e-06	2.588198e-06	1.279901e-09	1.830333e+01	8.633567e+01
2.440000e-06	2.628180e-06	1.326073e-09	1.858608e+01	8.903416e+01
2.450000e-06	2.668062e-06	1.369703e-09	1.886812e+01	9.167264e+01
2.460000e-06	2.707857e-06	1.403244e-09	1.914955e+01	9.424999e+01
2.470000e-06	2.747543e-06	1.432213e-09	1.943020e+01	9.676530e+01
2.480000e-06	2.787058e-06	1.464250e-09	1.970965e+01	9.921786e+01
2.490000e-06	2.826419e-06	1.498463e-09	1.998800e+01	1.016072e+02
2.500000e-06	2.865550e-06	1.530989e-09	2.026473e+01	1.039330e+02
2.510000e-06	2.904369e-06	1.564564e-09	2.053925e+01	1.061952e+02
2.520000e-06	2.943006e-06	1.601950e-09	2.081248e+01	1.083939e+02
2.530000e-06	2.981420e-06	1.637585e-09	2.108414e+01	1.105295e+02
2.540000e-06	3.019553e-06	1.665130e-09	2.135382e+01	1.126024e+02
2.550000e-06	3.057441e-06	1.688157e-09	2.162175e+01	1.146133e+02
2.560000e-06	3.095170e-06	1.714064e-09	2.188856e+01	1.165631e+02
2.570000e-06	3.132804e-06	1.739376e-09	2.215470e+01	1.184526e+02
2.580000e-06	3.170200e-06	1.761782e-09	2.241916e+01	1.202831e+02
2.590000e-06	3.207369e-06	1.785593e-09	2.268202e+01	1.220556e+02
2.600000e-06	3.244349e-06	1.812975e-09	2.294354e+01	1.237715e+02
2.610000e-06	3.281143e-06	1.840864e-09	2.320374e+01	1.254321e+02
2.620000e-06	3.317725e-06	1.864858e-09	2.346244e+01	1.270389e+02
2.630000e-06	3.354050e-06	1.887249e-09	2.371932e+01	1.285933e+02
2.640000e-06	3.390163e-06	1.911421e-09	2.397471e+01	1.300967e+02
2.650000e-06	3.426100e-06	1.935002e-09	2.422885e+01	1.315506e+02
2.660000e-06	3.461891e-06	1.953132e-09	2.448196e+01	1.329566e+02
2.670000e-06	3.497560e-06	1.969000e-09	2.473420e+01	1.343161e+02
2.680000e-06	3.533083e-06	1.988000e-09	2.498542e+01	1.356304e+02
2.690000e-06	3.568433e-06	2.009358e-09	2.523541e+01	1.369009e+02
2.700000e-06	3.603474e-06	2.028006e-09	2.548321e+01	1.381291e+02
2.710000e-06	3.638119e-06	2.043237e-09	2.572822e+01	1.393160e+02
2.720000e-06	3.672304e-06	2.059834e-09	2.596997e+01	1.404631e+02
2.730000e-06	3.705950e-06	2.078677e-09	2.620791e+01	1.415713e+02
2.740000e-06	3.739103e-06	2.094219e-09	2.644236e+01	1.426419e+02
2.750000e-06	3.771933e-06	2.106950e-09	2.667453e+01	1.436757e+02
2.760000e-06	3.804467e-06	2.123514e-09	2.690461e+01	1.446739e+02
2.770000e-06	3.836666e-06	2.143339e-09	2.713231e+01	1.456373e+02
2.780000e-06	3.868671e-06	2.158766e-09	2.735864e+01	1.465669e+02
2.790000e-06	3.900584e-06	2.168006e-09	2.758433e+01	1.474633e+02
2.800000e-06	3.932379e-06	2.177790e-09	2.780918e+01	1.483276e+02
2.810000e-06	3.963934e-06	2.192101e-09	2.803233e+01	1.491604e+02
2.820000e-06	3.995207e-06	2.205389e-09	2.825349e+01	1.499626e+02
2.830000e-06	4.026198e-06	2.213937e-09	2.847265e+01	1.507348e+02
2.840000e-06	4.056876e-06	2.222988e-09	2.868960e+01	1.514778e+02
2.850000e-06	4.087264e-06	2.236051e-09	2.890450e+01	1.521924e+02
2.860000e-06	4.117346e-06	2.250708e-09	2.911724e+01	1.528793e+02
2.870000e-06	4.147159e-06	2.261723e-09	2.932807e+01	1.535394e+02
2.880000e-06	4.176822e-06	2.267911e-09	2.953784e+01	1.541733e+02
2.890000e-06	4.206211e-06	2.275538e-09	2.974567e+01	1.547819e+02
2.900000e-06	4.235186e-06	2.284217e-09	2.995058e+01	1.553661e+02
2.910000e-06	4.263797e-06	2.291111e-09	3.015292e+01	1.559267e+02
2.920000e-06	4.292141e-06	2.298814e-09	3.035335e+01	1.564644e+02
2.930000e-06	4.320339e-06	2.308112e-09	3.055277e+01	1.569803e+02
2.940000e-06	4.348398e-06	2.320421e-09	3.075120e+01	1.574751e+02
2.950000e-06	4.376356e-06	2.331736e-09	3.094891e+01	1.579498e+02
2.960000e-06	4.404180e-06	2.338453e-09	3.114568e+01	1.584053e+02
2.970000e-06	4.431664e-06	2.345026e-09	3.134004e+01	1.588424e+02
2.980000e-06	4.458793e-06	2.355310e-09	3.153190e+01	1.592620e+02
2.990000e-06	4.485455e-06	2.364007e-09	3.172045e+01	1.596650e+02
3.000000e-06	4.511516e-06	2.366727e-09	3.190474e+01	1.600522e+02
3.010000e-06	4.536997e-06	2.368117e-09	3.208494e+01	1.604243e+02
3.020000e-06	4.561967e-06	2.375988e-09	3.226153e+01	1.607822e+02
3.030000e-06	4.586512e-06	2.384780e-09	3.243511e+01	1.611266e+02
3.040000e-06	4.610746e-06	2.388723e-09	3.260648e+01	1.614581e+02
3.050000e-06	4.634733e-06	2.392775e-09	3.277612e+01	1.617773e+02
3.060000e-06	4.658451e-06	2.400508e-09	3.294385e+01	1.620849e+02
3.070000e-06	4.681971e-06	2.411348e-09	3.311017e+01	1.623813e+02
3.080000e-06	4.705207e-06	2.416526e-09	3.327450e+01	1.626669e+02
3.090000e-06	4.728088e-06	2.418758e-09	3.343631e+01	1.629423e+02
3.100000e-06	4.750648e-06	2.421227e-09	3.359585e+01	1.632076e+02
3.110000e-06	4.772829e-06	2.425398e-09	3.375271e+01	1.634634e+02
3.120000e-06	4.794696e-06	2.428191e-09	3.390735e+01	1.637097e+02
3.130000e-06	4.816316e-06	2.428913e-09	3.406024e+01	1.639468e+02
3.140000e-06	4.837556e-06	2.432529e-09	3.421045e+01	1.641750e+02
3.150000e-06	4.858399e-06	2.440673e-09	3.435785e+01	1.643944e+02
3.160000e-06	4.878923e-06	2.448818e-09	3.450299e+01	1.646051e+02
3.170000e-06	4.899153e-06	2.452149e-09	3.464605e+01	1.648073e+02
3.180000e-06	4.919192e-06	2.454254e-09	3.478777e+01	1.650011e+02
3.190000e-06	4.939078e-06	2.457671e-09	3.492840e+01	1.651867e+02
3.200000e-06	4.958740e-06	2.458499e-09	3.506744e+01	1.653643e+02
3.210000e-06	4.978039e-06	2.455823e-09	3.520392e+01	1.655340e+02
3.220000e-06	4.996944e-06	2.455651e-09	3.533762e+01	1.656960e+02
3.230000e-06	5.015441e-06	2.462534e-09	3.546842e+01	1.658506e+02
3.240000e-06	5.033458e-06	2.469492e-09	3.559584e+01	1.659980e+02
3.250000e-06	5.051039e-06	2.473062e-09	3.572017e+01	1.661386e+02
3.260000e-06	5.068331e-06	2.479521e-09	3.584246e+01	1.662726e+02
3.270000e-06	5.085351e-06	2.489547e-09	3.596281e+01	1.664005e+02
3.280000e-06	5.102059e-06	2.495187e-09	3.608098e+01	1.665226e+02
3.290000e-06	5.118430e-06	2.491819e-09	3.619675e+01	1.666393e+02
3.300000e-06	5.134369e-06	2.485546e-09	3.630946e+01	1.667512e+02
3.310000e-06	5.149890e-06	2.483613e-09	3.641923e+01	1.668586e+02
3.320000e-06	5.164885e-06	2.486818e-09	3.652527e+01	1.669620e+02
3.330000e-06	5.179460e-06	2.490924e-09	3.662834e+01	1.670619e+02
3.340000e-06	5.193715e-06	2.497437e-09	3.672915e+01	1.671588e+02
3.350000e-06	5.207551e-06	2.507015e-09	3.682700e+01	1.672531e+02
3.360000e-06	5.220976e-06	2.514707e-09	3.692194e+01	1.673451e+02
3.370000e-06	5.233986e-06	2.513773e-09	3.701394e+01	1.674354e+02
3.380000e-06	5.246668e-06	2.507755e-09	3.710363e+01	1.675242e+02
3.390000e-06	5.258980e-06	2.504306e-09	3.719070e+01	1.676118e+02
3.400000e-06	5.270891e-06	2.505652e-09	3.727493e+01	1.676984e+02
3.410000e-06	5.282453e-06	2.509041e-09	3.735669e+01	1.677842e+02
3.420000e-06	5.293628e-06	2.512181e-09	3.743572e+01	1.678693e+02
3.430000e-06	5.304269e-06	2.516732e-09	3.751097e+01	1.679536e+02
3.440000e-06	5.314216e-06	2.525526e-09	3.758131e+01	1.680372e+02
3.450000e-06	5.323506e-06	2.532898e-09	3.764701e+01	1.681198e+02
3.460000e-06	5.332291e-06	2.533655e-09	3.770914e+01	1.682013e+02
3.470000e-06	5.340674e-06	2.531031e-09	3.776842e+01	1.682814e+02
3.480000e-06	5.348803e-06	2.529314e-09	3.782591e+01	1.683597e+02
3.490000e-06	5.356689e-06	2.528151e-09	3.788168e+01	1.684359e+02
3.500000e-06	5.364317e-06	2.526716e-09	3.793562e+01	1.685095e+02
3.510000e-06	5.371604e-06	2.527204e-09	3.798715e+01	1.685800e+02
3.520000e-06	5.378477e-06	2.532350e-09	3.803576e+01	1.686470e+02
3.530000e-06	5.384984e-06	2.538718e-09	3.808177e+01	1.687100e+02
3.540000e-06	5.391102e-06	2.540640e-09	3.812504e+01	1.687684e+02
3.550000e-06	5.396861e-06	2.539821e-09	3.816576e+01	1.688219e+02
3.560000e-06	5.402238e-06	2.542214e-09	3.820379e+01	1.688699e+02
3.570000e-06	5.407182e-06	2.545559e-09	3.823876e+01	1.689121e+02
3.580000e-06	5.411730e-06	2.543009e-09	3.827092e+01	1.689482e+02
3.590000e-06	5.416000e-06	2.536906e-09	3.830111e+01	1.689779e+02
3.600000e-06	5.420037e-06	2.535851e-09	3.832966e+01	1.690011e+02
3.610000e-06	5.423878e-06	2.539599e-09	3.835683e+01	1.690177e+02
3.620000e-06	5.427454e-06	2.542952e-09	3.838212e+01	1.690277e+02
3.630000e-06	5.430664e-06	2.546063e-09	3.840482e+01	1.690314e+02
3.640000e-06	5.433409e-06	2.552745e-09	3.842423e+01	1.690289e+02
3.650000e-06	5.435582e-06	2.560247e-09	3.843959e+01	1.690206e+02
3.660000e-06	5.437029e-06	2.563049e-09	3.844983e+01	1.690071e+02
3.670000e-06	5.437897e-06	2.560275e-09	3.845596e+01	1.689890e+02
3.680000e-06	5.438362e-06	2.556817e-09	3.845926e+01	1.689669e+02
3.690000e-06	5.438467e-06	2.556165e-09	3.846000e+01	1.689417e+02
3.700000e-06	5.438356e-06	2.553813e-09	3.845921e+01	1.689141e+02
3.710000e-06	5.437970e-06	2.551862e-09	3.845649e+01	1.688853e+02
3.720000e-06	5.437273e-06	2.555439e-09	3.845155e+01	1.688561e+02
3.730000e-06	5.436261e-06	2.564914e-09	3.844440e+01	1.688277e+02
3.740000e-06	5.434836e-06	2.573409e-09	3.843432e+01	1.688010e+02
3.750000e-06	5.433073e-06	2.566188e-09	3.842185e+01	1.687771e+02
3.760000e-06	5.430995e-06	2.537874e-09	3.840716e+01	1.687570e+02
3.770000e-06	5.428545e-06	2.535885e-09	3.838984e+01	1.687417e+02
3.780000e-06	5.425717e-06	2.611661e-09	3.836984e+01	1.687322e+02
3.790000e-06	5.422537e-06	2.646353e-09	3.834734e+01	1.687293e+02
3.800000e-06	5.418899e-06	2.542398e-09	3.832162e+01	1.687337e+02
3.810000e-06	5.414869e-06	2.480005e-09	3.829312e+01	1.687461e+02
3.820000e-06	5.410644e-06	2.598076e-09	3.826324e+01	1.687669e+02
3.830000e-06	5.406196e-06	2.667185e-09	3.823178e+01	1.687965e+02
3.840000e-06	5.401411e-06	2.538360e-09	3.819795e+01	1.688352e+02
3.850000e-06	5.396030e-06	2.442579e-09	3.815989e+01	1.688829e+02
3.860000e-06	5.389981e-06	2.605646e-09	3.811711e+01	1.689395e+02
3.870000e-06	5.383436e-06	2.734816e-09	3.807083e+01	1.690048e+02
3.880000e-06	5.376569e-06	2.549062e-09	3.802226e+01	1.690784e+02
3.890000e-06	5.369286e-06	2.439447e-09	3.797076e+01	1.691595e+02
3.900000e-06	5.361506e-06	2.623027e-09	3.791574e+01	1.692475e+02
3.910000e-06	5.353377e-06	2.706545e-09	3.785826e+01	1.693415e+02
3.920000e-06	5.344974e-06	2.478530e-09	3.779883e+01	1.694404e+02
3.930000e-06	5.336283e-06	2.441994e-09	3.773737e+01	1.695431e+02
3.940000e-06	5.327223e-06	2.695013e-09	3.767330e+01	1.696483e+02
3.950000e-06	5.317764e-06	2.718499e-09	3.760640e+01	1.697549e+02
3.960000e-06	5.307926e-06	2.496291e-09	3.753683e+01	1.698613e+02
3.970000e-06	5.297709e-06	2.541920e-09	3.746458e+01	1.699662e+02
3.980000e-06	5.287141e-06	2.746954e-09	3.738984e+01	1.700681e+02
3.990000e-06	5.276186e-06	2.639146e-09	3.731237e+01	1.701658e+02
4.000000e-06	5.264859e-06	2.485726e-09	3.723227e+01	1.702577e+02
4.010000e-06	5.253203e-06	2.647583e-09	3.714984e+01	1.703426e+02
4.020000e-06	5.241163e-06	2.776177e-09	3.706470e+01	1.704193e+02
4.030000e-06	5.228672e-06	2.609760e-09	3.697636e+01	1.704866e+02
4.040000e-06	5.215716e-06	2.559562e-09	3.688474e+01	1.705433e+02
4.050000e-06	5.202221e-06	2.724416e-09	3.678930e+01	1.705888e+02
4.060000e-06	5.188240e-06	2.703538e-09	3.669043e+01	1.706220e+02
4.070000e-06	5.173684e-06	2.562750e-09	3.658749e+01	1.706424e+02
4.080000e-06	5.158409e-06	2.625131e-09	3.647947e+01	1.706495e+02
4.090000e-06	5.142700e-06	2.696075e-09	3.636838e+01	1.706430e+02
4.100000e-06	5.126782e-06	2.623092e-09	3.625581e+01	1.706226e+02
4.110000e-06	5.110556e-06	2.625635e-09	3.614107e+01	1.705884e+02
4.120000e-06	5.094037e-06	2.684063e-09	3.602424e+01	1.705405e+02
4.130000e-06	5.077221e-06	2.614404e-09	3.590532e+01	1.704791e+02
4.140000e-06	5.060106e-06	2.588111e-09	3.578429e+01	1.704047e+02
4.150000e-06	5.042647e-06	2.662012e-09	3.566082e+01	1.703178e+02
4.160000e-06	5.024833e-06	2.638045e-09	3.553484e+01	1.702190e+02
4.170000e-06	5.006678e-06	2.566634e-09	3.540646e+01	1.701091e+02
4.180000e-06	4.988114e-06	2.613045e-09	3.527517e+01	1.699889e+02
4.190000e-06	4.969238e-06	2.652503e-09	3.514168e+01	1.698592e+02
4.200000e-06	4.950034e-06	2.614993e-09	3.500587e+01	1.697209e+02
4.210000e-06	4.930477e-06	2.599543e-09	3.486757e+01	1.695751e+02
4.220000e-06	4.910727e-06	2.607541e-09	3.472791e+01	1.694227e+02
4.230000e-06	4.890786e-06	2.607411e-09	3.458688e+01	1.692645e+02
4.240000e-06	4.870564e-06	2.614481e-09	3.444388e+01	1.691016e+02
4.250000e-06	4.850045e-06	2.596892e-09	3.429877e+01	1.689348e+02
4.260000e-06	4.829086e-06	2.572814e-09	3.415055e+01	1.687648e+02
4.270000e-06	4.807597e-06	2.599984e-09	3.399858e+01	1.685925e+02
4.280000e-06	4.785524e-06	2.612722e-09	3.384248e+01	1.684186e+02
4.290000e-06	4.762869e-06	2.581439e-09	3.368227e+01	1.682435e+02
4.300000e-06	4.739692e-06	2.573795e-09	3.351837e+01	1.680679e+02
4.310000e-06	4.716135e-06	2.586637e-09	3.335178e+01	1.678921e+02
4.320000e-06	4.692289e-06	2.583291e-09	3.318314e+01	1.677164e+02
4.330000e-06	4.668234e-06	2.579873e-09	3.301303e+01	1.675410e+02
4.340000e-06	4.644097e-06	2.560995e-09	3.284233e+01	1.673660e+02
4.350000e-06	4.619779e-06	2.547195e-09	3.267036e+01	1.671914e+02
4.360000e-06	4.595116e-06	2.572827e-09	3.249595e+01	1.670171e+02
4.370000e-06	4.569998e-06	2.582096e-09	3.231832e+01	1.668430e+02
4.380000e-06	4.544489e-06	2.546213e-09	3.213792e+01	1.666688e+02
4.390000e-06	4.518760e-06	2.539661e-09	3.195597e+01	1.664943e+02
4.400000e-06	4.492728e-06	2.562200e-09	3.177188e+01	1.663190e+02
4.410000e-06	4.466396e-06	2.562777e-09	3.158566e+01	1.661425e+02
4.420000e-06	4.439792e-06	2.544813e-09	3.139752e+01	1.659645e+02
4.430000e-06	4.412816e-06	2.538165e-09	3.120675e+01	1.657845e+02
4.440000e-06	4.385477e-06	2.547177e-09	3.101341e+01	1.656020e+02
4.450000e-06	4.357864e-06	2.560903e-09	3.081814e+01	1.654165e+02
4.460000e-06	4.330030e-06	2.550785e-09	3.062131e+01	1.652276e+02
4.470000e-06	4.302007e-06	2.531155e-09	3.042313e+01	1.650347e+02
4.480000e-06	4.273777e-06	2.532852e-09	3.022349e+01	1.648376e+02
4.490000e-06	4.245316e-06	2.540996e-09	3.002222e+01	1.646358e+02
4.500000e-06	4.216554e-06	2.532012e-09	2.981882e+01	1.644289e+02
4.510000e-06	4.187415e-06	2.525221e-09	2.961275e+01	1.642166e+02
4.520000e-06	4.157793e-06	2.532020e-09	2.940327e+01	1.639986e+02
4.530000e-06	4.127660e-06	2.543132e-09	2.919017e+01	1.637748e+02
4.540000e-06	4.097015e-06	2.540926e-09	2.897346e+01	1.635449e+02
4.550000e-06	4.065951e-06	2.522381e-09	2.875378e+01	1.633088e+02
4.560000e-06	4.034563e-06	2.510504e-09	2.853181e+01	1.630664e+02
4.570000e-06	4.002858e-06	2.513025e-09	2.830759e+01	1.628176e+02
4.580000e-06	3.970935e-06	2.514407e-09	2.808184e+01	1.625625e+02
4.590000e-06	3.938831e-06	2.503880e-09	2.785481e+01	1.623011e+02
4.600000e-06	3.906589e-06	2.495855e-09	2.762680e+01	1.620334e+02
4.610000e-06	3.874171e-06	2.500762e-09	2.739754e+01	1.617595e+02
4.620000e-06	3.841482e-06	2.509856e-09	2.716637e+01	1.614795e+02
4.630000e-06	3.808541e-06	2.501487e-09	2.693341e+01	1.611937e+02
4.640000e-06	3.775369e-06	2.487524e-09	2.669883e+01	1.609020e+02
4.650000e-06	3.741846e-06	2.485982e-09	2.646176e+01	1.606047e+02
4.660000e-06	3.707984e-06	2.490769e-09	2.622229e+01	1.603019e+02
4.670000e-06	3.673941e-06	2.482477e-09	2.598154e+01	1.599938e+02
4.680000e-06	3.639761e-06	2.464562e-09	2.573983e+01	1.596806e+02
4.690000e-06	3.605355e-06	2.456564e-09	2.549652e+01	1.593623e+02
4.700000e-06	3.570723e-06	2.463440e-09	2.525160e+01	1.590392e+02
4.710000e-06	3.535823e-06	2.467118e-09	2.500479e+01	1.587114e+02
4.720000e-06	3.500631e-06	2.461361e-09	2.475592e+01	1.583789e+02
4.730000e-06	3.465188e-06	2.458466e-09	2.450527e+01	1.580420e+02
4.740000e-06	3.429496e-06	2.462716e-09	2.425286e+01	1.577006e+02
4.750000e-06	3.393678e-06	2.460262e-09	2.399957e+01	1.573550e+02
4.760000e-06	3.357742e-06	2.442526e-09	2.374543e+01	1.570050e+02
4.770000e-06	3.321625e-06	2.421696e-09	2.349002e+01	1.566509e+02
4.780000e-06	3.285364e-06	2.415086e-09	2.323359e+01	1.562926e+02
4.790000e-06	3.248971e-06	2.417382e-09	2.297622e+01	1.559301e+02
4.800000e-06	3.212379e-06	2.414997e-09	2.271745e+01	1.555635e+02
4.810000e-06	3.175456e-06	2.411073e-09	2.245633e+01	1.551927e+02
4.820000e-06	3.138138e-06	2.413307e-09	2.219243e+01	1.548178e+02
4.830000e-06	3.100463e-06	2.416882e-09	2.192600e+01	1.544386e+02
4.840000e-06	3.062426e-06	2.407778e-09	2.165700e+01	1.540551e+02
4.850000e-06	3.024011e-06	2.387040e-09	2.138534e+01	1.536672e+02
4.860000e-06	2.985142e-06	2.368917e-09	2.111046e+01	1.532749e+02
4.870000e-06	2.945905e-06	2.363945e-09	2.083299e+01	1.528780e+02
4.880000e-06	2.906503e-06	2.363475e-09	2.055434e+01	1.524764e+02
4.890000e-06	2.866875e-06	2.359776e-09	2.027410e+01	1.520700e+02
4.900000e-06	2.827036e-06	2.358580e-09	1.999236e+01	1.516585e+02
4.910000e-06	2.787096e-06	2.362407e-09	1.970991e+01	1.512418e+02
4.920000e-06	2.747079e-06	2.360203e-09	1.942692e+01	1.508196e+02
4.930000e-06	2.706946e-06	2.347235e-09	1.914310e+01	1.503918e+02
4.940000e-06	2.666705e-06	2.332666e-09	1.885852e+01	1.499579e+02
4.950000e-06	2.626375e-06	2.324507e-09	1.857332e+01	1.495177e+02
4.960000e-06	2.585888e-06	2.320056e-09	1.828700e+01	1.490709e+02
4.970000e-06	2.545235e-06	2.312055e-09	1.799951e+01	1.486171e+02
4.980000e-06	2.504367e-06	2.304948e-09	1.771049e+01	1.481558e+02
4.990000e-06	2.463307e-06	2.303747e-09	1.742012e+01	1.476867e+02
5.000000e-06	2.422074e-06	2.303845e-09	1.712853e+01	1.472093e+02
5.010000e-06	2.380681e-06	2.299647e-09	1.683581e+01	1.467232e+02
5.020000e-06	2.339093e-06	2.290551e-09	1.654171e+01	1.462277e+02
5.030000e-06	2.297336e-06	2.284562e-09	1.624641e+01	1.457225e+02
5.040000e-06	2.255505e-06	2.281714e-09	1.595058e+01	1.452069e+02
5.050000e-06	2.213481e-06	2.276300e-09	1.565340e+01	1.446804e+02
5.060000e-06	2.171244e-06	2.267668e-09	1.535470e+01	1.441424e+02
5.070000e-06	2.128950e-06	2.259861e-09	1.505561e+01	1.435924e+02
5.080000e-06	2.086490e-06	2.255191e-09	1.475533e+01	1.430298e+02
5.090000e-06	2.043865e-06	2.249344e-09	1.445390e+01	1.424540e+02
5.100000e-06	2.001072e-06	2.242170e-09	1.415127e+01	1.418645e+02
5.110000e-06	1.958046e-06	2.235563e-09	1.384700e+01	1.412607e+02
5.120000e-06	1.915027e-06	2.230988e-09	1.354277e+01	1.406421e+02
5.130000e-06	1.871895e-06	2.223426e-09	1.323775e+01	1.400082e+02
5.140000e-06	1.828574e-06	2.214124e-09	1.293139e+01	1.393584e+02
5.150000e-06	1.785125e-06	2.204876e-09	1.262413e+01	1.386923e+02
5.160000e-06	1.741545e-06	2.196834e-09	1.231594e+01	1.380094e+02
5.170000e-06	1.697843e-06	2.188740e-09	1.200689e+01	1.373092e+02
5.180000e-06	1.654029e-06	2.177283e-09	1.169704e+01	1.365914e+02
5.190000e-06	1.610173e-06	2.162841e-09	1.138689e+01	1.358555e+02
5.200000e-06	1.566317e-06	2.149664e-09	1.107675e+01	1.351011e+02
5.210000e-06	1.522414e-06	2.141191e-09	1.076628e+01	1.343278e+02
5.220000e-06	1.478422e-06	2.132567e-09	1.045517e+01	1.335352e+02
5.230000e-06	1.434355e-06	2.122425e-09	1.014354e+01	1.327228e+02
5.240000e-06	1.390175e-06	2.111738e-09	9.831102e+00	1.318903e+02
5.250000e-06	1.345961e-06	2.101768e-09	9.518429e+00	1.310371e+02
5.260000e-06	1.301778e-06	2.090918e-09	9.205970e+00	1.301628e+02
5.270000e-06	1.257532e-06	2.075326e-09	8.893073e+00	1.292669e+02
5.280000e-06	1.213234e-06	2.056080e-09	8.579802e+00	1.283488e+02
5.290000e-06	1.168886e-06	2.038657e-09	8.266180e+00	1.274077e+02
5.300000e-06	1.124482e-06	2.025014e-09	7.952166e+00	1.264431e+02
5.310000e-06	1.080005e-06	2.011237e-09	7.637626e+00	1.254541e+02
5.320000e-06	1.035340e-06	1.995286e-09	7.321763e+00	1.244399e+02
5.330000e-06	9.905710e-07	1.980927e-09	7.005165e+00	1.233995e+02
5.340000e-06	9.456971e-07	1.966070e-09	6.687823e+00	1.223319e+02
5.350000e-06	9.006295e-07	1.949762e-09	6.369113e+00	1.212359e+02
5.360000e-06	8.555018e-07	1.930508e-09	6.049977e+00	1.201103e+02
5.370000e-06	8.103579e-07	1.909378e-09	5.730726e+00	1.189538e+02
5.380000e-06	7.651552e-07	1.890062e-09	5.411060e+00	1.177649e+02
5.390000e-06	7.198660e-07	1.872566e-09	5.090781e+00	1.165422e+02
5.400000e-06	6.745499e-07	1.855159e-09	4.770312e+00	1.152841e+02
5.410000e-06	6.293649e-07	1.837967e-09	4.450771e+00	1.139889e+02
5.420000e-06	5.841550e-07	1.820831e-09	4.131054e+00	1.126548e+02
5.430000e-06	5.387437e-07	1.800978e-09	3.809912e+00	1.112802e+02
5.440000e-06	4.932788e-07	1.775890e-09	3.488391e+00	1.098632e+02
5.450000e-06	4.477284e-07	1.747855e-09	3.166266e+00	1.084020e+02
5.460000e-06	4.020760e-07	1.721924e-09	2.843419e+00	1.068947e+02
5.470000e-06	3.564079e-07	1.699528e-09	2.520461e+00	1.053396e+02
5.480000e-06	3.107275e-07	1.676972e-09	2.197417e+00	1.037348e+02
5.490000e-06	2.649707e-07	1.652020e-09	1.873832e+00	1.020786e+02
5.500000e-06	2.192738e-07	1.626502e-09	1.550671e+00	1.003694e+02
5.510000e-06	1.736380e-07	1.601338e-09	1.227941e+00	9.860550e+01
5.520000e-06	1.280411e-07	1.575823e-09	9.054868e-01	9.678549e+01
5.530000e-06	8.253481e-08	1.545539e-09	5.836734e-01	9.490800e+01
5.540000e-06	3.697011e-08	1.510990e-09	2.614469e-01	9.297180e+01
5.550000e-06	-8.633002e-09	1.475391e-09	-6.105126e-02	9.097584e+01
5.560000e-06	-5.417631e-08	1.439944e-09	-3.831265e-01	8.891922e+01
5.570000e-06	-9.970680e-08	1.404234e-09	-7.051111e-01	8.680122e+01
5.580000e-06	-1.453792e-07	1.368488e-09	-1.028099e+00	8.462131e+01
5.590000e-06	-1.910954e-07	1.333203e-09	-1.351397e+00	8.237916e+01
5.600000e-06	-2.367613e-07	1.295298e-09	-1.674339e+00	8.007465e+01
5.610000e-06	-2.824649e-07	1.254309e-09	-1.997548e+00	7.770785e+01
5.620000e-06	-3.280745e-07	1.211252e-09	-2.320092e+00	7.527905e+01
5.630000e-06	-3.735691e-07	1.168724e-09	-2.641823e+00	7.278875e+01
5.640000e-06	-4.191538e-07	1.128448e-09	-2.964191e+00	7.023764e+01
5.650000e-06	-4.646952e-07	1.089414e-09	-3.286253e+00	6.762661e+01
5.660000e-06	-5.101724e-07	1.049418e-09	-3.607860e+00	6.495675e+01
5.670000e-06	-5.556029e-07	1.005724e-09	-3.929138e+00	6.222934e+01
5.680000e-06	-6.010267e-07	9.597821e-10	-4.250368e+00	5.944581e+01
5.690000e-06	-6.463798e-07	9.137454e-10	-4.571098e+00	5.660776e+01
5.700000e-06	-6.915855e-07	8.684594e-10	-4.890786e+00	5.371695e+01
5.710000e-06	-7.367667e-07	8.235161e-10	-5.210300e+00	5.077527e+01
5.720000e-06	-7.819375e-07	7.796638e-10	-5.529741e+00	4.778472e+01
5.730000e-06	-8.270182e-07	7.367232e-10	-5.848545e+00	4.474744e+01
5.740000e-06	-8.720704e-07	6.909649e-10	-6.167147e+00	4.166563e+01
5.750000e-06	-9.170792e-07	6.395796e-10	-6.485442e+00	3.854159e+01
5.760000e-06	-9.619824e-07	5.855343e-10	-6.802991e+00	3.537771e+01
5.770000e-06	-1.006762e-06	5.349543e-10	-7.119668e+00	3.217640e+01
5.780000e-06	-1.051404e-06	4.885412e-10	-7.435367e+00	2.894015e+01
5.790000e-06	-1.096033e-06	4.412864e-10	-7.750978e+00	2.567149e+01
5.800000e-06	-1.140518e-06	3.917262e-10	-8.065570e+00	2.237296e+01
5.810000e-06	-1.184910e-06	3.415307e-10	-8.379500e+00	1.904715e+01
5.820000e-06	-1.229321e-06	2.913829e-10	-8.693569e+00	1.569667e+01
5.830000e-06	-1.273630e-06	2.380712e-10	-9.006915e+00	1.232412e+01
5.840000e-06	-1.317812e-06	1.802653e-10	-9.319361e+00	8.932145e+00
5.850000e-06	-1.361931e-06	1.206670e-10	-9.631363e+00	5.523390e+00
5.860000e-06	-1.405994e-06	6.305929e-11	-9.942974e+00	2.100515e+00
5.870000e-06	-1.450010e-06	1.196397e-11	-1.025425e+01	-1.333809e+00
5.880000e-06	-1.494057e-06	-3.554942e-11	-1.056574e+01	-4.776894e+00
5.890000e-06	-1.538080e-06	-8.408873e-11	-1.087707e+01	-8.226037e+00
5.900000e-06	-1.582021e-06	-1.336839e-10	-1.118781e+01	-1.167852e+01
5.910000e-06	-1.625926e-06	-1.899986e-10	-1.149830e+01	-1.513160e+01
5.920000e-06	-1.669777e-06	-2.509782e-10	-1.180840e+01	-1.858252e+01
5.930000e-06	-1.713553e-06	-3.130750e-10	-1.211798e+01	-2.202849e+01
5.940000e-06	-1.757189e-06	-3.739863e-10	-1.242657e+01	-2.546672e+01
5.950000e-06	-1.800713e-06	-4.315577e-10	-1.273437e+01	-2.889437e+01
5.960000e-06	-1.844157e-06	-4.860976e-10	-1.304160e+01	-3.230861e+01
5.970000e-06	-1.887475e-06	-5.341754e-10	-1.334793e+01	-3.570656e+01
5.980000e-06	-1.930590e-06	-5.777522e-10	-1.365283e+01	-3.908536e+01
5.990000e-06	-1.973457e-06	-6.245673e-10	-1.395599e+01	-4.244212e+01
6.000000e-06	-2.016165e-06	-6.817698e-10	-1.425800e+01	-4.577396e+01
6.010000e-06	-2.058743e-06	-7.446964e-10	-1.455911e+01	-4.907802e+01
6.020000e-06	-2.101179e-06	-8.064632e-10	-1.485921e+01	-5.235144e+01
6.030000e-06	-2.143547e-06	-8.675026e-10	-1.515883e+01	-5.559140e+01
6.040000e-06	-2.185771e-06	-9.239967e-10	-1.545744e+01	-5.879512e+01
6.050000e-06	-2.227733e-06	-9.708655e-10	-1.575419e+01	-6.195988e+01
6.060000e-06	-2.269632e-06	-1.009752e-09	-1.605049e+01	-6.508304e+01
6.070000e-06	-2.311491e-06	-1.045935e-09	-1.634651e+01	-6.816202e+01
6.080000e-06	-2.353135e-06	-1.090830e-09	-1.664101e+01	-7.119437e+01
6.090000e-06	-2.394576e-06	-1.147109e-09	-1.693407e+01	-7.417774e+01
6.100000e-06	-2.435809e-06	-1.206873e-09	-1.722567e+01	-7.710992e+01
6.110000e-06	-2.476799e-06	-1.264322e-09	-1.751554e+01	-7.998885e+01
6.120000e-06	-2.517631e-06	-1.316899e-09	-1.780430e+01	-8.281261e+01
6.130000e-06	-2.558307e-06	-1.362298e-09	-1.809195e+01	-8.557947e+01
6.140000e-06	-2.598838e-06	-1.399182e-09	-1.837858e+01	-8.828789e+01
6.150000e-06	-2.639222e-06	-1.431379e-09	-1.866417e+01	-9.093651e+01
6.160000e-06	-2.679356e-06	-1.468472e-09	-1.894799e+01	-9.352417e+01
6.170000e-06	-2.719371e-06	-1.512215e-09	-1.923097e+01	-9.604992e+01
6.180000e-06	-2.759362e-06	-1.558595e-09	-1.951378e+01	-9.851303e+01
6.190000e-06	-2.799259e-06	-1.603678e-09	-1.979593e+01	-1.009130e+02
6.200000e-06	-2.838998e-06	-1.647476e-09	-2.007696e+01	-1.032494e+02
6.210000e-06	-2.878543e-06	-1.688640e-09	-2.035661e+01	-1.055223e+02
6.220000e-06	-2.917933e-06	-1.725749e-09	-2.063517e+01	-1.077316e+02
6.230000e-06	-2.957071e-06	-1.758764e-09	-2.091195e+01	-1.098777e+02
6.240000e-06	-2.995823e-06	-1.786683e-09	-2.118600e+01	-1.119611e+02
6.250000e-06	-3.034339e-06	-1.816070e-09	-2.145837e+01	-1.139823e+02
6.260000e-06	-3.072545e-06	-1.850396e-09	-2.172857e+01	-1.159423e+02
6.270000e-06	-3.110252e-06	-1.887624e-09	-2.199522e+01	-1.178419e+02
6.280000e-06	-3.147590e-06	-1.921013e-09	-2.225927e+01	-1.196821e+02
6.290000e-06	-3.184654e-06	-1.949795e-09	-2.252138e+01	-1.214643e+02
6.300000e-06	-3.221416e-06	-1.975413e-09	-2.278136e+01	-1.231896e+02
6.310000e-06	-3.257895e-06	-2.001639e-09	-2.303933e+01	-1.248594e+02
6.320000e-06	-3.294180e-06	-2.027654e-09	-2.329593e+01	-1.264750e+02
6.330000e-06	-3.330304e-06	-2.050912e-09	-2.355140e+01	-1.280381e+02
6.340000e-06	-3.366243e-06	-2.075954e-09	-2.380555e+01	-1.295500e+02
6.350000e-06	-3.401999e-06	-2.104418e-09	-2.405841e+01	-1.310121e+02
6.360000e-06	-3.437586e-06	-2.131877e-09	-2.431008e+01	-1.324260e+02
6.370000e-06	-3.473017e-06	-2.153123e-09	-2.456064e+01	-1.337932e+02
6.380000e-06	-3.508261e-06	-2.169141e-09	-2.480988e+01	-1.351150e+02
6.390000e-06	-3.543225e-06	-2.184268e-09	-2.505714e+01	-1.363928e+02
6.400000e-06	-3.577917e-06	-2.200879e-09	-2.530247e+01	-1.376279e+02
6.410000e-06	-3.612301e-06	-2.222655e-09	-2.554564e+01	-1.388217e+02
6.420000e-06	-3.646400e-06	-2.244405e-09	-2.578678e+01	-1.399754e+02
6.430000e-06	-3.680374e-06	-2.265002e-09	-2.602704e+01	-1.410901e+02
6.440000e-06	-3.714142e-06	-2.285251e-09	-2.626584e+01	-1.421669e+02
6.450000e-06	-3.747599e-06	-2.300130e-09	-2.650244e+01	-1.432068e+02
6.460000e-06	-3.780768e-06	-2.308368e-09	-2.673701e+01	-1.442110e+02
6.470000e-06	-3.813640e-06	-2.314244e-09	-2.696947e+01	-1.451802e+02
6.480000e-06	-3.846215e-06	-2.324434e-09	-2.719984e+01	-1.461153e+02
6.490000e-06	-3.878529e-06	-2.337897e-09	-2.742836e+01	-1.470173e+02
6.500000e-06	-3.910676e-06	-2.355102e-09	-2.765570e+01	-1.478870e+02
6.510000e-06	-3.942643e-06	-2.375086e-09	-2.788176e+01	-1.487250e+02
6.520000e-06	-3.974414e-06	-2.391900e-09	-2.810644e+01	-1.495323e+02
6.530000e-06	-4.005943e-06	-2.401363e-09	-2.832941e+01	-1.503094e+02
6.540000e-06	-4.037206e-06	-2.402346e-09	-2.855049e+01	-1.510573e+02
6.550000e-06	-4.068284e-06	-2.402177e-09	-2.877028e+01	-1.517767e+02
6.560000e-06	-4.098933e-06	-2.407320e-09	-2.898702e+01	-1.524682e+02
6.570000e-06	-4.128960e-06	-2.421813e-09	-2.919937e+01	-1.531327e+02
6.580000e-06	-4.158509e-06	-2.439825e-09	-2.940834e+01	-1.537710e+02
6.590000e-06	-4.187588e-06	-2.453180e-09	-2.961398e+01	-1.543839e+02
6.600000e-06	-4.216283e-06	-2.464414e-09	-2.981690e+01	-1.549721e+02
6.610000e-06	-4.244682e-06	-2.470588e-09	-3.001774e+01	-1.555366e+02
6.620000e-06	-4.272791e-06	-2.471714e-09	-3.021652e+01	-1.560781e+02
6.630000e-06	-4.300724e-06	-2.469194e-09	-3.041406e+01	-1.565976e+02
6.640000e-06	-4.328500e-06	-2.471846e-09	-3.061049e+01	-1.570960e+02
6.650000e-06	-4.356096e-06	-2.484178e-09	-3.080564e+01	-1.575740e+02
6.660000e-06	-4.383387e-06	-2.501044e-09	-3.099864e+01	-1.580327e+02
6.670000e-06	-4.410358e-06	-2.514378e-09	-3.118937e+01	-1.584728e+02
6.680000e-06	-4.436982e-06	-2.522280e-09	-3.137765e+01	-1.588954e+02
6.690000e-06	-4.463229e-06	-2.526537e-09	-3.156327e+01	-1.593011e+02
6.700000e-06	-4.489275e-06	-2.529729e-09	-3.174746e+01	-1.596909e+02
6.710000e-06	-4.515033e-06	-2.532589e-09	-3.192962e+01	-1.600656e+02
6.720000e-06	-4.540388e-06	-2.535679e-09	-3.210892e+01	-1.604259e+02
6.730000e-06	-4.565436e-06	-2.541190e-09	-3.228606e+01	-1.607725e+02
6.740000e-06	-4.590160e-06	-2.549915e-09	-3.246091e+01	-1.611061e+02
6.750000e-06	-4.614556e-06	-2.559102e-09	-3.263343e+01	-1.614274e+02
6.760000e-06	-4.638716e-06	-2.566110e-09	-3.280429e+01	-1.617369e+02
6.770000e-06	-4.662667e-06	-2.569484e-09	-3.297366e+01	-1.620352e+02
6.780000e-06	-4.686413e-06	-2.571155e-09	-3.314159e+01	-1.623227e+02
6.790000e-06	-4.709835e-06	-2.574219e-09	-3.330722e+01	-1.625998e+02
6.800000e-06	-4.732905e-06	-2.579273e-09	-3.347037e+01	-1.628668e+02
6.810000e-06	-4.755565e-06	-2.584915e-09	-3.363062e+01	-1.631242e+02
6.820000e-06	-4.777657e-06	-2.590012e-09	-3.378685e+01	-1.633721e+02
6.830000e-06	-4.799222e-06	-2.596029e-09	-3.393935e+01	-1.636108e+02
6.840000e-06	-4.820274e-06	-2.600717e-09	-3.408823e+01	-1.638405e+02
6.850000e-06	-4.840914e-06	-2.600909e-09	-3.423420e+01	-1.640614e+02
6.860000e-06	-4.861248e-06	-2.600091e-09	-3.437800e+01	-1.642736e+02
6.870000e-06	-4.881354e-06	-2.603466e-09	-3.452018e+01	-1.644772e+02
6.880000e-06	-4.901302e-06	-2.610509e-09	-3.466125e+01	-1.646725e+02
6.890000e-06	-4.920980e-06	-2.617738e-09	-3.480041e+01	-1.648595e+02
6.900000e-06	-4.940298e-06	-2.620247e-09	-3.493702e+01	-1.650385e+02
6.910000e-06	-4.959281e-06	-2.622297e-09	-3.507127e+01	-1.652095e+02
6.920000e-06	-4.977849e-06	-2.625252e-09	-3.520258e+01	-1.653729e+02
6.930000e-06	-4.996043e-06	-2.625565e-09	-3.533125e+01	-1.655287e+02
6.940000e-06	-5.013987e-06	-2.622282e-09	-3.545814e+01	-1.656774e+02
6.950000e-06	-5.031712e-06	-2.620882e-09	-3.558349e+01	-1.658191e+02
6.960000e-06	-5.049107e-06	-2.626049e-09	-3.570651e+01	-1.659543e+02
6.970000e-06	-5.066040e-06	-2.634880e-09	-3.582625e+01	-1.660832e+02
6.980000e-06	-5.082642e-06	-2.638598e-09	-3.594366e+01	-1.662063e+02
6.990000e-06	-5.099005e-06	-2.636391e-09	-3.605938e+01	-1.663239e+02
7.000000e-06	-5.115096e-06	-2.636897e-09	-3.617317e+01	-1.664366e+02
7.010000e-06	-5.130877e-06	-2.640519e-09	-3.628477e+01	-1.665448e+02
7.020000e-06	-5.146339e-06	-2.642341e-09	-3.639411e+01	-1.666489e+02
7.030000e-06	-5.161304e-06	-2.640702e-09	-3.649994e+01	-1.667494e+02
7.040000e-06	-5.175722e-06	-2.638040e-09	-3.660190e+01	-1.668468e+02
7.050000e-06	-5.189572e-06	-2.639411e-09	-3.669985e+01	-1.669415e+02
7.060000e-06	-5.202825e-06	-2.642864e-09	-3.679357e+01	-1.670340e+02
7.070000e-06	-5.215543e-06	-2.643948e-09	-3.688351e+01	-1.671246e+02
7.080000e-06	-5.227804e-06	-2.642437e-09	-3.697022e+01	-1.672137e+02
7.090000e-06	-5.239774e-06	-2.643158e-09	-3.705487e+01	-1.673015e+02
7.100000e-06	-5.251434e-06	-2.644201e-09	-3.713733e+01	-1.673883e+02
7.110000e-06	-5.262717e-06	-2.643672e-09	-3.721712e+01	-1.674743e+02
7.120000e-06	-5.273644e-06	-2.639966e-09	-3.729440e+01	-1.675595e+02
7.130000e-06	-5.284216e-06	-2.635556e-09	-3.736916e+01	-1.676440e+02
7.140000e-06	-5.294395e-06	-2.636349e-09	-3.744114e+01	-1.677278e+02
7.150000e-06	-5.304242e-06	-2.639012e-09	-3.751078e+01	-1.678106e+02
7.160000e-06	-5.313703e-06	-2.641840e-09	-3.757769e+01	-1.678924e+02
7.170000e-06	-5.322773e-06	-2.641350e-09	-3.764183e+01	-1.679728e+02
7.180000e-06	-5.331458e-06	-2.640219e-09	-3.770325e+01	-1.680514e+02
7.190000e-06	-5.339787e-06	-2.638743e-09	-3.776215e+01	-1.681281e+02
7.200000e-06	-5.347923e-06	-2.635509e-09	-3.781968e+01	-1.682022e+02
7.210000e-06	-5.355853e-06	-2.629641e-09	-3.787577e+01	-1.682733e+02
7.220000e-06	-5.363430e-06	-2.625003e-09	-3.792935e+01	-1.683410e+02
7.230000e-06	-5.370564e-06	-2.625463e-09	-3.797980e+01	-1.684047e+02
7.240000e-06	-5.377168e-06	-2.629920e-09	-3.802650e+01	-1.684640e+02
7.250000e-06	-5.383282e-06	-2.634503e-09	-3.806974e+01	-1.685183e+02
7.260000e-06	-5.388880e-06	-2.634353e-09	-3.810933e+01	-1.685674e+02
7.270000e-06	-5.393855e-06	-2.631442e-09	-3.814451e+01	-1.686106e+02
7.280000e-06	-5.398329e-06	-2.629609e-09	-3.817615e+01	-1.686478e+02
7.290000e-06	-5.402499e-06	-2.627328e-09	-3.820564e+01	-1.686786e+02
7.300000e-06	-5.406492e-06	-2.624117e-09	-3.823388e+01	-1.687030e+02
7.310000e-06	-5.410222e-06	-2.623565e-09	-3.826025e+01	-1.687207e+02
7.320000e-06	-5.413580e-06	-2.626571e-09	-3.828400e+01	-1.687319e+02
7.330000e-06	-5.416516e-06	-2.629754e-09	-3.830477e+01	-1.687366e+02
7.340000e-06	-5.419070e-06	-2.628472e-09	-3.832283e+01	-1.687352e+02
7.350000e-06	-5.421307e-06	-2.620647e-09	-3.833864e+01	-1.687279e+02
7.360000e-06	-5.423281e-06	-2.611630e-09	-3.835261e+01	-1.687153e+02
7.370000e-06	-5.424860e-06	-2.609521e-09	-3.836377e+01	-1.686980e+02
7.380000e-06	-5.426004e-06	-2.610969e-09	-3.837186e+01	-1.686765e+02
7.390000e-06	-5.426799e-06	-2.614340e-09	-3.837748e+01	-1.686518e+02
7.400000e-06	-5.427274e-06	-2.619460e-09	-3.838084e+01	-1.686246e+02
