# Temperatura_=_-0.2564853556485363
# Concentracion g/m^3_=_1620.0
# C_Vs_to_Am_M_A/Vsm_=_65563218390.804596
# pendiente_HvsI_1/m_=_3716.3
# ordenada_HvsI_A/m_=_1297.0
# frecuencia_Hz_=_135097.89265624597
# Promedio de 717 ciclos

Tiempo_(s)	Campo_(V.s)	Magnetizacion_(V.s)	Campo_(kA/m)	Magnetizacion_(A/m)
0.000000e+00	-5.525503e-09	-1.191763e-09	-3.836849e+01	-8.007357e+01
1.000000e-08	-5.525688e-09	-1.190512e-09	-3.836977e+01	-8.005252e+01
2.000000e-08	-5.525628e-09	-1.189116e-09	-3.836935e+01	-8.003158e+01
3.000000e-08	-5.525225e-09	-1.187730e-09	-3.836656e+01	-8.001086e+01
4.000000e-08	-5.524355e-09	-1.185916e-09	-3.836051e+01	-7.999048e+01
5.000000e-08	-5.522933e-09	-1.182594e-09	-3.835064e+01	-7.997052e+01
6.000000e-08	-5.520918e-09	-1.179486e-09	-3.833665e+01	-7.995105e+01
7.000000e-08	-5.518308e-09	-1.180819e-09	-3.831853e+01	-7.993212e+01
8.000000e-08	-5.515158e-09	-1.179582e-09	-3.829665e+01	-7.991372e+01
9.000000e-08	-5.511529e-09	-1.174811e-09	-3.827145e+01	-7.989584e+01
1.000000e-07	-5.507478e-09	-1.186044e-09	-3.824332e+01	-7.987838e+01
1.100000e-07	-5.503106e-09	-1.205016e-09	-3.821296e+01	-7.986123e+01
1.200000e-07	-5.498521e-09	-1.174446e-09	-3.818113e+01	-7.984423e+01
1.300000e-07	-5.493700e-09	-1.147052e-09	-3.814765e+01	-7.982716e+01
1.400000e-07	-5.488507e-09	-1.160110e-09	-3.811159e+01	-7.980976e+01
1.500000e-07	-5.482898e-09	-1.196379e-09	-3.807264e+01	-7.979172e+01
1.600000e-07	-5.476927e-09	-1.188198e-09	-3.803118e+01	-7.977268e+01
1.700000e-07	-5.470574e-09	-1.154871e-09	-3.798706e+01	-7.975226e+01
1.800000e-07	-5.463775e-09	-1.177375e-09	-3.793985e+01	-7.973002e+01
1.900000e-07	-5.456570e-09	-1.220299e-09	-3.788982e+01	-7.970550e+01
2.000000e-07	-5.449069e-09	-1.211522e-09	-3.783774e+01	-7.967823e+01
2.100000e-07	-5.441321e-09	-1.171937e-09	-3.778394e+01	-7.964771e+01
2.200000e-07	-5.433319e-09	-1.176186e-09	-3.772837e+01	-7.961344e+01
2.300000e-07	-5.425033e-09	-1.207012e-09	-3.767083e+01	-7.957492e+01
2.400000e-07	-5.416329e-09	-1.211474e-09	-3.761039e+01	-7.953167e+01
2.500000e-07	-5.406989e-09	-1.195834e-09	-3.754554e+01	-7.948323e+01
2.600000e-07	-5.396925e-09	-1.195932e-09	-3.747566e+01	-7.942917e+01
2.700000e-07	-5.386246e-09	-1.193340e-09	-3.740150e+01	-7.936910e+01
2.800000e-07	-5.375079e-09	-1.181360e-09	-3.732396e+01	-7.930269e+01
2.900000e-07	-5.363496e-09	-1.173214e-09	-3.724352e+01	-7.922966e+01
3.000000e-07	-5.351548e-09	-1.179139e-09	-3.716056e+01	-7.914980e+01
3.100000e-07	-5.339225e-09	-1.183999e-09	-3.707499e+01	-7.906296e+01
3.200000e-07	-5.326474e-09	-1.194952e-09	-3.698645e+01	-7.896910e+01
3.300000e-07	-5.313301e-09	-1.194644e-09	-3.689497e+01	-7.886821e+01
3.400000e-07	-5.299762e-09	-1.185879e-09	-3.680096e+01	-7.876042e+01
3.500000e-07	-5.285842e-09	-1.182644e-09	-3.670430e+01	-7.864589e+01
3.600000e-07	-5.271478e-09	-1.183457e-09	-3.660456e+01	-7.852489e+01
3.700000e-07	-5.256659e-09	-1.167062e-09	-3.650166e+01	-7.839777e+01
3.800000e-07	-5.241340e-09	-1.167353e-09	-3.639529e+01	-7.826494e+01
3.900000e-07	-5.225457e-09	-1.182098e-09	-3.628500e+01	-7.812688e+01
4.000000e-07	-5.209084e-09	-1.169314e-09	-3.617131e+01	-7.798415e+01
4.100000e-07	-5.192360e-09	-1.154930e-09	-3.605518e+01	-7.783733e+01
4.200000e-07	-5.175317e-09	-1.176004e-09	-3.593683e+01	-7.768706e+01
4.300000e-07	-5.157955e-09	-1.175934e-09	-3.581627e+01	-7.753401e+01
4.400000e-07	-5.140287e-09	-1.142245e-09	-3.569359e+01	-7.737887e+01
4.500000e-07	-5.122252e-09	-1.153321e-09	-3.556835e+01	-7.722232e+01
4.600000e-07	-5.103766e-09	-1.174654e-09	-3.543999e+01	-7.706505e+01
4.700000e-07	-5.084852e-09	-1.139995e-09	-3.530865e+01	-7.690774e+01
4.800000e-07	-5.065604e-09	-1.124915e-09	-3.517500e+01	-7.675102e+01
4.900000e-07	-5.046096e-09	-1.163652e-09	-3.503953e+01	-7.659550e+01
5.000000e-07	-5.026369e-09	-1.157098e-09	-3.490255e+01	-7.644171e+01
5.100000e-07	-5.006425e-09	-1.128595e-09	-3.476406e+01	-7.629014e+01
5.200000e-07	-4.986192e-09	-1.151610e-09	-3.462357e+01	-7.614122e+01
5.300000e-07	-4.965599e-09	-1.160831e-09	-3.448057e+01	-7.599527e+01
5.400000e-07	-4.944640e-09	-1.122798e-09	-3.433503e+01	-7.585255e+01
5.500000e-07	-4.923324e-09	-1.127112e-09	-3.418702e+01	-7.571324e+01
5.600000e-07	-4.901662e-09	-1.146521e-09	-3.403660e+01	-7.557742e+01
5.700000e-07	-4.879680e-09	-1.118186e-09	-3.388396e+01	-7.544507e+01
5.800000e-07	-4.857370e-09	-1.108452e-09	-3.372904e+01	-7.531612e+01
5.900000e-07	-4.834694e-09	-1.139570e-09	-3.357158e+01	-7.519037e+01
6.000000e-07	-4.811658e-09	-1.130281e-09	-3.341162e+01	-7.506758e+01
6.100000e-07	-4.788320e-09	-1.106975e-09	-3.324956e+01	-7.494742e+01
6.200000e-07	-4.764736e-09	-1.121085e-09	-3.308580e+01	-7.482949e+01
6.300000e-07	-4.740935e-09	-1.123578e-09	-3.292053e+01	-7.471334e+01
6.400000e-07	-4.716893e-09	-1.101834e-09	-3.275358e+01	-7.459849e+01
6.500000e-07	-4.692519e-09	-1.107069e-09	-3.258433e+01	-7.448440e+01
6.600000e-07	-4.667713e-09	-1.117198e-09	-3.241208e+01	-7.437051e+01
6.700000e-07	-4.642411e-09	-1.104518e-09	-3.223639e+01	-7.425627e+01
6.800000e-07	-4.616559e-09	-1.102366e-09	-3.205687e+01	-7.414109e+01
6.900000e-07	-4.590143e-09	-1.112886e-09	-3.187344e+01	-7.402443e+01
7.000000e-07	-4.563237e-09	-1.105287e-09	-3.168661e+01	-7.390575e+01
7.100000e-07	-4.535965e-09	-1.093516e-09	-3.149724e+01	-7.378454e+01
7.200000e-07	-4.508434e-09	-1.094049e-09	-3.130606e+01	-7.366033e+01
7.300000e-07	-4.480713e-09	-1.091023e-09	-3.111358e+01	-7.353271e+01
7.400000e-07	-4.452823e-09	-1.084706e-09	-3.091991e+01	-7.340130e+01
7.500000e-07	-4.424722e-09	-1.086797e-09	-3.072478e+01	-7.326581e+01
7.600000e-07	-4.396350e-09	-1.088855e-09	-3.052777e+01	-7.312600e+01
7.700000e-07	-4.367664e-09	-1.082194e-09	-3.032857e+01	-7.298168e+01
7.800000e-07	-4.338641e-09	-1.076875e-09	-3.012704e+01	-7.283274e+01
7.900000e-07	-4.309296e-09	-1.073767e-09	-2.992327e+01	-7.267914e+01
8.000000e-07	-4.279664e-09	-1.068757e-09	-2.971751e+01	-7.252090e+01
8.100000e-07	-4.249760e-09	-1.064109e-09	-2.950986e+01	-7.235808e+01
8.200000e-07	-4.219570e-09	-1.064768e-09	-2.930022e+01	-7.219082e+01
8.300000e-07	-4.189074e-09	-1.064110e-09	-2.908846e+01	-7.201928e+01
8.400000e-07	-4.158270e-09	-1.062251e-09	-2.887456e+01	-7.184369e+01
8.500000e-07	-4.127176e-09	-1.061682e-09	-2.865865e+01	-7.166428e+01
8.600000e-07	-4.095839e-09	-1.058984e-09	-2.844105e+01	-7.148133e+01
8.700000e-07	-4.064308e-09	-1.051346e-09	-2.822210e+01	-7.129511e+01
8.800000e-07	-4.032614e-09	-1.046742e-09	-2.800202e+01	-7.110591e+01
8.900000e-07	-4.000745e-09	-1.043480e-09	-2.778073e+01	-7.091401e+01
9.000000e-07	-3.968660e-09	-1.038557e-09	-2.755793e+01	-7.071967e+01
9.100000e-07	-3.936286e-09	-1.036083e-09	-2.733313e+01	-7.052315e+01
9.200000e-07	-3.903548e-09	-1.036539e-09	-2.710580e+01	-7.032466e+01
9.300000e-07	-3.870396e-09	-1.033230e-09	-2.687560e+01	-7.012439e+01
9.400000e-07	-3.836790e-09	-1.029253e-09	-2.664224e+01	-6.992249e+01
9.500000e-07	-3.802708e-09	-1.027176e-09	-2.640558e+01	-6.971906e+01
9.600000e-07	-3.768178e-09	-1.020703e-09	-2.616581e+01	-6.951415e+01
9.700000e-07	-3.733263e-09	-1.010399e-09	-2.592337e+01	-6.930778e+01
9.800000e-07	-3.698034e-09	-1.004778e-09	-2.567874e+01	-6.909991e+01
9.900000e-07	-3.662569e-09	-1.002004e-09	-2.543247e+01	-6.889045e+01
1.000000e-06	-3.626935e-09	-9.977312e-10	-2.518503e+01	-6.867928e+01
1.010000e-06	-3.591165e-09	-9.963380e-10	-2.493665e+01	-6.846624e+01
1.020000e-06	-3.555261e-09	-9.975948e-10	-2.468733e+01	-6.825111e+01
1.030000e-06	-3.519198e-09	-9.955373e-10	-2.443692e+01	-6.803368e+01
1.040000e-06	-3.482924e-09	-9.913521e-10	-2.418504e+01	-6.781368e+01
1.050000e-06	-3.446392e-09	-9.879136e-10	-2.393136e+01	-6.759084e+01
1.060000e-06	-3.409583e-09	-9.812506e-10	-2.367576e+01	-6.736489e+01
1.070000e-06	-3.372501e-09	-9.738798e-10	-2.341827e+01	-6.713553e+01
1.080000e-06	-3.335158e-09	-9.713240e-10	-2.315896e+01	-6.690250e+01
1.090000e-06	-3.297578e-09	-9.714363e-10	-2.289801e+01	-6.666554e+01
1.100000e-06	-3.259780e-09	-9.680014e-10	-2.263555e+01	-6.642438e+01
1.110000e-06	-3.221760e-09	-9.643173e-10	-2.237154e+01	-6.617882e+01
1.120000e-06	-3.183516e-09	-9.619658e-10	-2.210598e+01	-6.592867e+01
1.130000e-06	-3.145053e-09	-9.571717e-10	-2.183890e+01	-6.567376e+01
1.140000e-06	-3.106366e-09	-9.509258e-10	-2.157026e+01	-6.541397e+01
1.150000e-06	-3.067461e-09	-9.469519e-10	-2.130010e+01	-6.514923e+01
1.160000e-06	-3.028356e-09	-9.419607e-10	-2.102856e+01	-6.487950e+01
1.170000e-06	-2.989070e-09	-9.351479e-10	-2.075576e+01	-6.460477e+01
1.180000e-06	-2.949617e-09	-9.305936e-10	-2.048181e+01	-6.432509e+01
1.190000e-06	-2.910018e-09	-9.282287e-10	-2.020684e+01	-6.404052e+01
1.200000e-06	-2.870290e-09	-9.232581e-10	-1.993097e+01	-6.375117e+01
1.210000e-06	-2.830434e-09	-9.174538e-10	-1.965421e+01	-6.345717e+01
1.220000e-06	-2.790444e-09	-9.127934e-10	-1.937653e+01	-6.315868e+01
1.230000e-06	-2.750303e-09	-9.083616e-10	-1.909779e+01	-6.285586e+01
1.240000e-06	-2.709983e-09	-9.040873e-10	-1.881781e+01	-6.254890e+01
1.250000e-06	-2.669453e-09	-9.020635e-10	-1.853638e+01	-6.223796e+01
1.260000e-06	-2.628682e-09	-9.000246e-10	-1.825327e+01	-6.192321e+01
1.270000e-06	-2.587645e-09	-8.949684e-10	-1.796832e+01	-6.160483e+01
1.280000e-06	-2.546322e-09	-8.892066e-10	-1.768137e+01	-6.128295e+01
1.290000e-06	-2.504700e-09	-8.838565e-10	-1.739236e+01	-6.095767e+01
1.300000e-06	-2.462774e-09	-8.767315e-10	-1.710122e+01	-6.062909e+01
1.310000e-06	-2.420540e-09	-8.694193e-10	-1.680796e+01	-6.029723e+01
1.320000e-06	-2.378009e-09	-8.648980e-10	-1.651262e+01	-5.996209e+01
1.330000e-06	-2.335207e-09	-8.607364e-10	-1.621542e+01	-5.962364e+01
1.340000e-06	-2.292166e-09	-8.561018e-10	-1.591655e+01	-5.928176e+01
1.350000e-06	-2.248917e-09	-8.520012e-10	-1.561623e+01	-5.893632e+01
1.360000e-06	-2.205500e-09	-8.462155e-10	-1.531474e+01	-5.858711e+01
1.370000e-06	-2.161952e-09	-8.379580e-10	-1.501235e+01	-5.823388e+01
1.380000e-06	-2.118302e-09	-8.297943e-10	-1.470925e+01	-5.787634e+01
1.390000e-06	-2.074565e-09	-8.226444e-10	-1.440554e+01	-5.751414e+01
1.400000e-06	-2.030755e-09	-8.167834e-10	-1.410133e+01	-5.714689e+01
1.410000e-06	-1.986875e-09	-8.118846e-10	-1.379663e+01	-5.677418e+01
1.420000e-06	-1.942917e-09	-8.080010e-10	-1.349140e+01	-5.639554e+01
1.430000e-06	-1.898872e-09	-8.032585e-10	-1.318555e+01	-5.601048e+01
1.440000e-06	-1.854731e-09	-7.972947e-10	-1.287904e+01	-5.561851e+01
1.450000e-06	-1.810485e-09	-7.897706e-10	-1.257180e+01	-5.521908e+01
1.460000e-06	-1.766119e-09	-7.805693e-10	-1.226373e+01	-5.481167e+01
1.470000e-06	-1.721623e-09	-7.701942e-10	-1.195475e+01	-5.439573e+01
1.480000e-06	-1.676984e-09	-7.616239e-10	-1.164478e+01	-5.397071e+01
1.490000e-06	-1.632196e-09	-7.546410e-10	-1.133379e+01	-5.353607e+01
1.500000e-06	-1.587270e-09	-7.477916e-10	-1.102182e+01	-5.309127e+01
1.510000e-06	-1.542215e-09	-7.418073e-10	-1.070896e+01	-5.263577e+01
1.520000e-06	-1.497040e-09	-7.366467e-10	-1.039527e+01	-5.216907e+01
1.530000e-06	-1.451755e-09	-7.302333e-10	-1.008082e+01	-5.169064e+01
1.540000e-06	-1.406375e-09	-7.212334e-10	-9.765706e+00	-5.119998e+01
1.550000e-06	-1.360909e-09	-7.110677e-10	-9.449997e+00	-5.069661e+01
1.560000e-06	-1.315358e-09	-7.006063e-10	-9.133693e+00	-5.018004e+01
1.570000e-06	-1.269724e-09	-6.904180e-10	-8.816818e+00	-4.964979e+01
1.580000e-06	-1.224010e-09	-6.812857e-10	-8.499381e+00	-4.910536e+01
1.590000e-06	-1.178213e-09	-6.749069e-10	-8.181372e+00	-4.854628e+01
1.600000e-06	-1.132334e-09	-6.695844e-10	-7.862793e+00	-4.797205e+01
1.610000e-06	-1.086373e-09	-6.620128e-10	-7.543649e+00	-4.738213e+01
1.620000e-06	-1.040336e-09	-6.525691e-10	-7.223970e+00	-4.677601e+01
1.630000e-06	-9.942217e-10	-6.427003e-10	-6.903758e+00	-4.615310e+01
1.640000e-06	-9.480340e-10	-6.324850e-10	-6.583035e+00	-4.551282e+01
1.650000e-06	-9.017802e-10	-6.216223e-10	-6.261854e+00	-4.485453e+01
1.660000e-06	-8.554657e-10	-6.098255e-10	-5.940251e+00	-4.417755e+01
1.670000e-06	-8.090995e-10	-5.976188e-10	-5.618289e+00	-4.348117e+01
1.680000e-06	-7.626860e-10	-5.850808e-10	-5.295999e+00	-4.276460e+01
1.690000e-06	-7.162260e-10	-5.724970e-10	-4.973386e+00	-4.202706e+01
1.700000e-06	-6.697209e-10	-5.597098e-10	-4.650460e+00	-4.126767e+01
1.710000e-06	-6.231705e-10	-5.476195e-10	-4.327219e+00	-4.048554e+01
1.720000e-06	-5.765746e-10	-5.369888e-10	-4.003662e+00	-3.967974e+01
1.730000e-06	-5.299328e-10	-5.261039e-10	-3.679787e+00	-3.884929e+01
1.740000e-06	-4.832434e-10	-5.131944e-10	-3.355581e+00	-3.799321e+01
1.750000e-06	-4.365112e-10	-4.979080e-10	-3.031078e+00	-3.711048e+01
1.760000e-06	-3.897397e-10	-4.813119e-10	-2.706302e+00	-3.620010e+01
1.770000e-06	-3.429295e-10	-4.658877e-10	-2.381257e+00	-3.526105e+01
1.780000e-06	-2.960883e-10	-4.522087e-10	-2.055997e+00	-3.429237e+01
1.790000e-06	-2.492210e-10	-4.397773e-10	-1.730555e+00	-3.329309e+01
1.800000e-06	-2.023426e-10	-4.270234e-10	-1.405038e+00	-3.226234e+01
1.810000e-06	-1.554662e-10	-4.121713e-10	-1.079533e+00	-3.119928e+01
1.820000e-06	-1.085916e-10	-3.961854e-10	-7.540412e-01	-3.010318e+01
1.830000e-06	-6.172214e-11	-3.802243e-10	-4.285847e-01	-2.897338e+01
1.840000e-06	-1.485206e-11	-3.643280e-10	-1.031241e-01	-2.780937e+01
1.850000e-06	3.201592e-11	-3.475875e-10	2.223219e-01	-2.661076e+01
1.860000e-06	7.888157e-11	-3.295603e-10	5.477517e-01	-2.537730e+01
1.870000e-06	1.257482e-10	-3.103675e-10	8.731880e-01	-2.410890e+01
1.880000e-06	1.726094e-10	-2.913979e-10	1.198588e+00	-2.280565e+01
1.890000e-06	2.194636e-10	-2.738526e-10	1.523937e+00	-2.146782e+01
1.900000e-06	2.663039e-10	-2.562711e-10	1.849191e+00	-2.009586e+01
1.910000e-06	3.131238e-10	-2.379627e-10	2.174304e+00	-1.869042e+01
1.920000e-06	3.599178e-10	-2.199297e-10	2.499235e+00	-1.725236e+01
1.930000e-06	4.066793e-10	-2.006173e-10	2.823942e+00	-1.578272e+01
1.940000e-06	4.534022e-10	-1.785496e-10	3.148381e+00	-1.428275e+01
1.950000e-06	5.000757e-10	-1.552660e-10	3.472476e+00	-1.275390e+01
1.960000e-06	5.466946e-10	-1.340272e-10	3.796193e+00	-1.119779e+01
1.970000e-06	5.932608e-10	-1.144696e-10	4.119543e+00	-9.616234e+00
1.980000e-06	6.397752e-10	-9.491497e-11	4.442534e+00	-8.011196e+00
1.990000e-06	6.862356e-10	-7.401725e-11	4.765150e+00	-6.384803e+00
2.000000e-06	7.326409e-10	-4.978531e-11	5.087383e+00	-4.739319e+00
2.010000e-06	7.789959e-10	-2.249535e-11	5.409267e+00	-3.077122e+00
2.020000e-06	8.253017e-10	4.628780e-12	5.730809e+00	-1.400694e+00
2.030000e-06	8.715553e-10	2.883069e-11	6.051989e+00	2.874041e-01
2.040000e-06	9.177522e-10	4.987904e-11	6.372775e+00	1.984554e+00
2.050000e-06	9.638854e-10	7.044170e-11	6.693119e+00	3.688098e+00
2.060000e-06	1.009950e-09	9.259240e-11	7.012988e+00	5.395366e+00
2.070000e-06	1.055941e-09	1.157653e-10	7.332345e+00	7.103692e+00
2.080000e-06	1.101858e-09	1.409003e-10	7.651186e+00	8.810437e+00
2.090000e-06	1.147699e-09	1.678215e-10	7.969501e+00	1.051301e+01
2.100000e-06	1.193460e-09	1.939185e-10	8.287262e+00	1.220889e+01
2.110000e-06	1.239139e-09	2.175528e-10	8.604454e+00	1.389565e+01
2.120000e-06	1.284735e-09	2.391594e-10	8.921065e+00	1.557093e+01
2.130000e-06	1.330246e-09	2.590682e-10	9.237090e+00	1.723253e+01
2.140000e-06	1.375672e-09	2.781092e-10	9.552518e+00	1.887836e+01
2.150000e-06	1.421006e-09	2.991371e-10	9.867315e+00	2.050646e+01
2.160000e-06	1.466244e-09	3.234292e-10	1.018145e+01	2.211502e+01
2.170000e-06	1.511380e-09	3.483716e-10	1.049486e+01	2.370241e+01
2.180000e-06	1.556399e-09	3.717499e-10	1.080747e+01	2.526712e+01
2.190000e-06	1.601289e-09	3.938164e-10	1.111918e+01	2.680782e+01
2.200000e-06	1.646047e-09	4.143002e-10	1.142997e+01	2.832335e+01
2.210000e-06	1.690669e-09	4.319274e-10	1.173982e+01	2.981267e+01
2.220000e-06	1.735152e-09	4.480085e-10	1.204871e+01	3.127492e+01
2.230000e-06	1.779503e-09	4.650099e-10	1.235668e+01	3.270938e+01
2.240000e-06	1.823732e-09	4.828553e-10	1.266380e+01	3.411547e+01
2.250000e-06	1.867851e-09	5.010548e-10	1.297016e+01	3.549274e+01
2.260000e-06	1.911875e-09	5.213635e-10	1.327586e+01	3.684086e+01
2.270000e-06	1.955816e-09	5.430061e-10	1.358098e+01	3.815960e+01
2.280000e-06	1.999688e-09	5.633138e-10	1.388562e+01	3.944885e+01
2.290000e-06	2.043500e-09	5.815814e-10	1.418984e+01	4.070857e+01
2.300000e-06	2.087254e-09	5.976153e-10	1.449367e+01	4.193882e+01
2.310000e-06	2.130943e-09	6.116306e-10	1.479705e+01	4.313969e+01
2.320000e-06	2.174554e-09	6.255248e-10	1.509987e+01	4.431138e+01
2.330000e-06	2.218063e-09	6.401700e-10	1.540199e+01	4.545408e+01
2.340000e-06	2.261438e-09	6.555341e-10	1.570319e+01	4.656807e+01
2.350000e-06	2.304641e-09	6.719442e-10	1.600318e+01	4.765363e+01
2.360000e-06	2.347628e-09	6.881708e-10	1.630168e+01	4.871107e+01
2.370000e-06	2.390362e-09	7.020851e-10	1.659842e+01	4.974072e+01
2.380000e-06	2.432804e-09	7.144270e-10	1.689314e+01	5.074293e+01
2.390000e-06	2.474926e-09	7.265044e-10	1.718562e+01	5.171804e+01
2.400000e-06	2.516720e-09	7.386725e-10	1.747584e+01	5.266642e+01
2.410000e-06	2.558192e-09	7.519146e-10	1.776381e+01	5.358843e+01
2.420000e-06	2.599354e-09	7.657648e-10	1.804963e+01	5.448443e+01
2.430000e-06	2.640229e-09	7.791811e-10	1.833347e+01	5.535481e+01
2.440000e-06	2.680844e-09	7.912791e-10	1.861549e+01	5.619992e+01
2.450000e-06	2.721234e-09	8.018066e-10	1.889595e+01	5.702016e+01
2.460000e-06	2.761437e-09	8.113996e-10	1.917512e+01	5.781590e+01
2.470000e-06	2.801482e-09	8.212929e-10	1.945318e+01	5.858756e+01
2.480000e-06	2.841390e-09	8.323309e-10	1.973031e+01	5.933553e+01
2.490000e-06	2.881179e-09	8.443518e-10	2.000659e+01	6.006024e+01
2.500000e-06	2.920846e-09	8.562710e-10	2.028204e+01	6.076212e+01
2.510000e-06	2.960376e-09	8.666720e-10	2.055653e+01	6.144163e+01
2.520000e-06	2.999746e-09	8.750692e-10	2.082991e+01	6.209923e+01
2.530000e-06	3.038922e-09	8.825850e-10	2.110194e+01	6.273540e+01
2.540000e-06	3.077874e-09	8.897508e-10	2.137242e+01	6.335067e+01
2.550000e-06	3.116583e-09	8.967699e-10	2.164121e+01	6.394554e+01
2.560000e-06	3.155051e-09	9.044723e-10	2.190834e+01	6.452057e+01
2.570000e-06	3.193296e-09	9.128204e-10	2.217390e+01	6.507630e+01
2.580000e-06	3.231333e-09	9.208709e-10	2.243803e+01	6.561332e+01
2.590000e-06	3.269175e-09	9.285805e-10	2.270080e+01	6.613219e+01
2.600000e-06	3.306822e-09	9.360125e-10	2.296221e+01	6.663352e+01
2.610000e-06	3.344255e-09	9.425780e-10	2.322214e+01	6.711789e+01
2.620000e-06	3.381451e-09	9.482558e-10	2.348043e+01	6.758590e+01
2.630000e-06	3.418384e-09	9.537224e-10	2.373689e+01	6.803814e+01
2.640000e-06	3.455041e-09	9.590542e-10	2.399143e+01	6.847521e+01
2.650000e-06	3.491437e-09	9.644970e-10	2.424416e+01	6.889767e+01
2.660000e-06	3.527611e-09	9.706878e-10	2.449535e+01	6.930609e+01
2.670000e-06	3.563608e-09	9.766806e-10	2.474531e+01	6.970102e+01
2.680000e-06	3.599461e-09	9.818308e-10	2.499427e+01	7.008297e+01
2.690000e-06	3.635194e-09	9.872433e-10	2.524239e+01	7.045245e+01
2.700000e-06	3.670795e-09	9.926892e-10	2.548960e+01	7.080993e+01
2.710000e-06	3.706220e-09	9.974700e-10	2.573559e+01	7.115585e+01
2.720000e-06	3.741398e-09	1.002928e-09	2.597987e+01	7.149064e+01
2.730000e-06	3.776251e-09	1.008970e-09	2.622188e+01	7.181469e+01
2.740000e-06	3.810696e-09	1.014499e-09	2.646106e+01	7.212836e+01
2.750000e-06	3.844668e-09	1.020071e-09	2.669695e+01	7.243198e+01
2.760000e-06	3.878146e-09	1.025508e-09	2.692942e+01	7.272587e+01
2.770000e-06	3.911152e-09	1.030033e-09	2.715861e+01	7.301031e+01
2.780000e-06	3.943752e-09	1.034580e-09	2.738498e+01	7.328556e+01
2.790000e-06	3.976035e-09	1.039749e-09	2.760915e+01	7.355188e+01
2.800000e-06	4.008081e-09	1.044728e-09	2.783168e+01	7.380949e+01
2.810000e-06	4.039949e-09	1.048538e-09	2.805296e+01	7.405863e+01
2.820000e-06	4.071661e-09	1.052433e-09	2.827317e+01	7.429952e+01
2.830000e-06	4.103202e-09	1.056986e-09	2.849219e+01	7.453235e+01
2.840000e-06	4.134519e-09	1.060961e-09	2.870965e+01	7.475736e+01
2.850000e-06	4.165552e-09	1.064722e-09	2.892514e+01	7.497475e+01
2.860000e-06	4.196261e-09	1.069286e-09	2.913838e+01	7.518475e+01
2.870000e-06	4.226639e-09	1.074080e-09	2.934932e+01	7.538760e+01
2.880000e-06	4.256708e-09	1.078597e-09	2.955812e+01	7.558354e+01
2.890000e-06	4.286499e-09	1.083574e-09	2.976498e+01	7.577283e+01
2.900000e-06	4.316029e-09	1.088738e-09	2.997004e+01	7.595574e+01
2.910000e-06	4.345286e-09	1.092815e-09	3.017319e+01	7.613255e+01
2.920000e-06	4.374238e-09	1.094738e-09	3.037423e+01	7.630356e+01
2.930000e-06	4.402870e-09	1.095352e-09	3.057305e+01	7.646907e+01
2.940000e-06	4.431201e-09	1.096544e-09	3.076978e+01	7.662941e+01
2.950000e-06	4.459285e-09	1.098462e-09	3.096479e+01	7.678488e+01
2.960000e-06	4.487181e-09	1.100289e-09	3.115849e+01	7.693583e+01
2.970000e-06	4.514917e-09	1.102912e-09	3.135109e+01	7.708256e+01
2.980000e-06	4.542470e-09	1.106952e-09	3.154242e+01	7.722541e+01
2.990000e-06	4.569758e-09	1.111731e-09	3.173190e+01	7.736467e+01
3.000000e-06	4.596660e-09	1.115789e-09	3.191871e+01	7.750066e+01
3.010000e-06	4.623054e-09	1.117822e-09	3.210198e+01	7.763364e+01
3.020000e-06	4.648859e-09	1.118618e-09	3.228117e+01	7.776389e+01
3.030000e-06	4.674078e-09	1.119435e-09	3.245629e+01	7.789161e+01
3.040000e-06	4.698786e-09	1.120757e-09	3.262785e+01	7.801703e+01
3.050000e-06	4.723093e-09	1.122890e-09	3.279664e+01	7.814031e+01
3.060000e-06	4.747099e-09	1.126585e-09	3.296334e+01	7.826157e+01
3.070000e-06	4.770860e-09	1.131443e-09	3.312833e+01	7.838093e+01
3.080000e-06	4.794371e-09	1.135350e-09	3.329159e+01	7.849842e+01
3.090000e-06	4.817582e-09	1.137485e-09	3.345276e+01	7.861408e+01
3.100000e-06	4.840446e-09	1.139204e-09	3.361153e+01	7.872789e+01
3.110000e-06	4.862953e-09	1.141151e-09	3.376781e+01	7.883977e+01
3.120000e-06	4.885123e-09	1.142842e-09	3.392176e+01	7.894965e+01
3.130000e-06	4.906988e-09	1.144531e-09	3.407359e+01	7.905740e+01
3.140000e-06	4.928553e-09	1.146424e-09	3.422333e+01	7.916285e+01
3.150000e-06	4.949784e-09	1.148848e-09	3.437076e+01	7.926585e+01
3.160000e-06	4.970647e-09	1.151741e-09	3.451563e+01	7.936617e+01
3.170000e-06	4.991145e-09	1.154692e-09	3.465797e+01	7.946362e+01
3.180000e-06	5.011332e-09	1.157486e-09	3.479814e+01	7.955797e+01
3.190000e-06	5.031277e-09	1.160470e-09	3.493664e+01	7.964899e+01
3.200000e-06	5.051026e-09	1.163842e-09	3.507378e+01	7.973647e+01
3.210000e-06	5.070560e-09	1.167047e-09	3.520941e+01	7.982019e+01
3.220000e-06	5.089799e-09	1.169463e-09	3.534301e+01	7.989994e+01
3.230000e-06	5.108653e-09	1.170744e-09	3.547393e+01	7.997554e+01
3.240000e-06	5.127056e-09	1.171465e-09	3.560172e+01	8.004685e+01
3.250000e-06	5.144994e-09	1.172772e-09	3.572628e+01	8.011372e+01
3.260000e-06	5.162511e-09	1.174875e-09	3.584791e+01	8.017607e+01
3.270000e-06	5.179676e-09	1.177264e-09	3.596711e+01	8.023381e+01
3.280000e-06	5.196543e-09	1.179611e-09	3.608423e+01	8.028694e+01
3.290000e-06	5.213108e-09	1.181438e-09	3.619925e+01	8.033544e+01
3.300000e-06	5.229323e-09	1.182703e-09	3.631185e+01	8.037937e+01
3.310000e-06	5.245112e-09	1.184207e-09	3.642149e+01	8.041881e+01
3.320000e-06	5.260415e-09	1.186026e-09	3.652774e+01	8.045387e+01
3.330000e-06	5.275218e-09	1.187559e-09	3.663054e+01	8.048470e+01
3.340000e-06	5.289568e-09	1.189461e-09	3.673018e+01	8.051147e+01
3.350000e-06	5.303532e-09	1.191581e-09	3.682715e+01	8.053439e+01
3.360000e-06	5.317148e-09	1.192667e-09	3.692169e+01	8.055368e+01
3.370000e-06	5.330400e-09	1.193012e-09	3.701372e+01	8.056957e+01
3.380000e-06	5.343261e-09	1.193452e-09	3.710302e+01	8.058232e+01
3.390000e-06	5.355730e-09	1.194661e-09	3.718960e+01	8.059219e+01
3.400000e-06	5.367841e-09	1.196607e-09	3.727370e+01	8.059943e+01
3.410000e-06	5.379620e-09	1.198820e-09	3.735549e+01	8.060430e+01
3.420000e-06	5.391034e-09	1.200955e-09	3.743475e+01	8.060704e+01
3.430000e-06	5.401996e-09	1.202592e-09	3.751087e+01	8.060789e+01
3.440000e-06	5.412390e-09	1.204561e-09	3.758304e+01	8.060706e+01
3.450000e-06	5.422135e-09	1.205943e-09	3.765071e+01	8.060476e+01
3.460000e-06	5.431241e-09	1.206791e-09	3.771394e+01	8.060115e+01
3.470000e-06	5.439811e-09	1.206960e-09	3.777345e+01	8.059640e+01
3.480000e-06	5.447984e-09	1.207802e-09	3.783020e+01	8.059063e+01
3.490000e-06	5.455871e-09	1.209749e-09	3.788497e+01	8.058395e+01
3.500000e-06	5.463513e-09	1.211846e-09	3.793803e+01	8.057643e+01
3.510000e-06	5.470869e-09	1.213979e-09	3.798912e+01	8.056813e+01
3.520000e-06	5.477869e-09	1.215053e-09	3.803772e+01	8.055908e+01
3.530000e-06	5.484471e-09	1.216032e-09	3.808357e+01	8.054931e+01
3.540000e-06	5.490686e-09	1.215872e-09	3.812672e+01	8.053881e+01
3.550000e-06	5.496536e-09	1.214103e-09	3.816735e+01	8.052758e+01
3.560000e-06	5.502019e-09	1.213723e-09	3.820541e+01	8.051559e+01
3.570000e-06	5.507102e-09	1.215819e-09	3.824071e+01	8.050282e+01
3.580000e-06	5.511777e-09	1.218726e-09	3.827317e+01	8.048926e+01
3.590000e-06	5.516086e-09	1.221106e-09	3.830310e+01	8.047488e+01
3.600000e-06	5.520110e-09	1.223124e-09	3.833104e+01	8.045967e+01
3.610000e-06	5.523905e-09	1.224582e-09	3.835739e+01	8.044363e+01
3.620000e-06	5.527452e-09	1.224709e-09	3.838202e+01	8.042677e+01
3.630000e-06	5.530660e-09	1.224979e-09	3.840429e+01	8.040912e+01
3.640000e-06	5.533404e-09	1.225391e-09	3.842335e+01	8.039072e+01
3.650000e-06	5.535579e-09	1.225756e-09	3.843845e+01	8.037164e+01
3.660000e-06	5.537131e-09	1.227082e-09	3.844923e+01	8.035195e+01
3.670000e-06	5.538089e-09	1.230145e-09	3.845589e+01	8.033174e+01
3.680000e-06	5.538560e-09	1.233118e-09	3.845915e+01	8.031112e+01
3.690000e-06	5.538672e-09	1.234656e-09	3.845993e+01	8.029022e+01
3.700000e-06	5.538518e-09	1.235830e-09	3.845886e+01	8.026915e+01
3.710000e-06	5.538107e-09	1.236357e-09	3.845600e+01	8.024805e+01
3.720000e-06	5.537385e-09	1.235650e-09	3.845099e+01	8.022704e+01
3.730000e-06	5.536287e-09	1.234854e-09	3.844337e+01	8.020625e+01
3.740000e-06	5.534792e-09	1.234175e-09	3.843299e+01	8.018578e+01
3.750000e-06	5.532932e-09	1.233085e-09	3.842007e+01	8.016574e+01
3.760000e-06	5.530742e-09	1.230789e-09	3.840487e+01	8.014618e+01
3.770000e-06	5.528214e-09	1.229926e-09	3.838731e+01	8.012715e+01
3.780000e-06	5.525267e-09	1.240511e-09	3.836685e+01	8.010867e+01
3.790000e-06	5.521813e-09	1.241522e-09	3.834286e+01	8.009069e+01
3.800000e-06	5.517876e-09	1.218060e-09	3.831552e+01	8.007316e+01
3.810000e-06	5.513641e-09	1.239561e-09	3.828612e+01	8.005595e+01
3.820000e-06	5.509282e-09	1.280231e-09	3.825585e+01	8.003890e+01
3.830000e-06	5.504714e-09	1.278259e-09	3.822413e+01	8.002179e+01
3.840000e-06	5.499635e-09	1.237343e-09	3.818886e+01	8.000438e+01
3.850000e-06	5.493913e-09	1.207704e-09	3.814913e+01	7.998635e+01
3.860000e-06	5.487756e-09	1.235325e-09	3.810637e+01	7.996735e+01
3.870000e-06	5.481304e-09	1.237392e-09	3.806157e+01	7.994700e+01
3.880000e-06	5.474389e-09	1.192036e-09	3.801355e+01	7.992487e+01
3.890000e-06	5.466893e-09	1.183599e-09	3.796151e+01	7.990049e+01
3.900000e-06	5.458962e-09	1.246173e-09	3.790643e+01	7.987340e+01
3.910000e-06	5.450712e-09	1.257111e-09	3.784914e+01	7.984309e+01
3.920000e-06	5.442094e-09	1.188527e-09	3.778930e+01	7.980907e+01
3.930000e-06	5.433117e-09	1.165079e-09	3.772696e+01	7.977084e+01
3.940000e-06	5.423874e-09	1.218106e-09	3.766278e+01	7.972792e+01
3.950000e-06	5.414303e-09	1.229243e-09	3.759632e+01	7.967984e+01
3.960000e-06	5.404250e-09	1.188496e-09	3.752652e+01	7.962616e+01
3.970000e-06	5.393764e-09	1.196604e-09	3.745370e+01	7.956651e+01
3.980000e-06	5.382979e-09	1.240825e-09	3.737881e+01	7.950053e+01
3.990000e-06	5.371839e-09	1.230247e-09	3.730146e+01	7.942796e+01
4.000000e-06	5.360244e-09	1.195307e-09	3.722095e+01	7.934856e+01
4.010000e-06	5.348251e-09	1.204376e-09	3.713766e+01	7.926220e+01
4.020000e-06	5.335870e-09	1.217807e-09	3.705169e+01	7.916881e+01
4.030000e-06	5.322972e-09	1.209101e-09	3.696213e+01	7.906840e+01
4.040000e-06	5.309555e-09	1.203669e-09	3.686897e+01	7.896106e+01
4.050000e-06	5.295724e-09	1.214414e-09	3.677293e+01	7.884698e+01
4.060000e-06	5.281391e-09	1.213508e-09	3.667340e+01	7.872640e+01
4.070000e-06	5.266408e-09	1.205032e-09	3.656936e+01	7.859967e+01
4.080000e-06	5.250867e-09	1.187320e-09	3.646144e+01	7.846721e+01
4.090000e-06	5.234958e-09	1.186276e-09	3.635097e+01	7.832948e+01
4.100000e-06	5.218738e-09	1.209639e-09	3.623834e+01	7.818702e+01
4.110000e-06	5.202220e-09	1.205120e-09	3.612364e+01	7.804044e+01
4.120000e-06	5.185442e-09	1.167760e-09	3.600714e+01	7.789036e+01
4.130000e-06	5.168351e-09	1.181587e-09	3.588846e+01	7.773745e+01
4.140000e-06	5.150850e-09	1.210120e-09	3.576694e+01	7.758240e+01
4.150000e-06	5.132962e-09	1.170321e-09	3.564272e+01	7.742589e+01
4.160000e-06	5.114744e-09	1.146784e-09	3.551622e+01	7.726862e+01
4.170000e-06	5.096177e-09	1.196076e-09	3.538729e+01	7.711125e+01
4.180000e-06	5.077253e-09	1.187914e-09	3.525588e+01	7.695443e+01
4.190000e-06	5.058007e-09	1.138358e-09	3.512225e+01	7.679876e+01
4.200000e-06	5.038445e-09	1.176401e-09	3.498641e+01	7.664479e+01
4.210000e-06	5.018586e-09	1.202882e-09	3.484851e+01	7.649301e+01
4.220000e-06	4.998488e-09	1.141138e-09	3.470895e+01	7.634384e+01
4.230000e-06	4.978163e-09	1.142184e-09	3.456781e+01	7.619763e+01
4.240000e-06	4.957553e-09	1.196812e-09	3.442470e+01	7.605464e+01
4.250000e-06	4.936574e-09	1.162962e-09	3.427903e+01	7.591504e+01
4.260000e-06	4.915116e-09	1.135678e-09	3.413002e+01	7.577892e+01
4.270000e-06	4.893051e-09	1.184673e-09	3.397680e+01	7.564629e+01
4.280000e-06	4.870371e-09	1.179427e-09	3.381932e+01	7.551706e+01
4.290000e-06	4.847199e-09	1.139537e-09	3.365841e+01	7.539105e+01
4.300000e-06	4.823640e-09	1.172980e-09	3.349483e+01	7.526802e+01
4.310000e-06	4.799768e-09	1.187635e-09	3.332906e+01	7.514764e+01
4.320000e-06	4.775649e-09	1.147824e-09	3.316158e+01	7.502952e+01
4.330000e-06	4.751297e-09	1.154434e-09	3.299248e+01	7.491323e+01
4.340000e-06	4.726677e-09	1.178632e-09	3.282152e+01	7.479826e+01
4.350000e-06	4.701757e-09	1.154042e-09	3.264848e+01	7.468409e+01
4.360000e-06	4.676501e-09	1.144178e-09	3.247311e+01	7.457017e+01
4.370000e-06	4.650879e-09	1.160004e-09	3.229519e+01	7.445593e+01
4.380000e-06	4.624919e-09	1.150547e-09	3.211493e+01	7.434080e+01
4.390000e-06	4.598653e-09	1.139767e-09	3.193253e+01	7.422422e+01
4.400000e-06	4.572065e-09	1.152514e-09	3.174791e+01	7.410566e+01
4.410000e-06	4.545144e-09	1.153722e-09	3.156098e+01	7.398461e+01
4.420000e-06	4.517901e-09	1.142091e-09	3.137181e+01	7.386059e+01
4.430000e-06	4.490354e-09	1.140643e-09	3.118052e+01	7.373318e+01
4.440000e-06	4.462544e-09	1.145255e-09	3.098741e+01	7.360202e+01
4.450000e-06	4.434529e-09	1.142767e-09	3.079288e+01	7.346679e+01
4.460000e-06	4.406339e-09	1.136741e-09	3.059713e+01	7.332724e+01
4.470000e-06	4.377955e-09	1.134621e-09	3.040003e+01	7.318321e+01
4.480000e-06	4.349315e-09	1.133885e-09	3.020116e+01	7.303456e+01
4.490000e-06	4.320318e-09	1.130106e-09	2.999981e+01	7.288126e+01
4.500000e-06	4.290861e-09	1.129302e-09	2.979526e+01	7.272330e+01
4.510000e-06	4.260885e-09	1.130571e-09	2.958711e+01	7.256076e+01
4.520000e-06	4.230387e-09	1.125793e-09	2.937534e+01	7.239377e+01
4.530000e-06	4.199397e-09	1.121625e-09	2.916015e+01	7.222249e+01
4.540000e-06	4.167993e-09	1.121493e-09	2.894208e+01	7.204714e+01
4.550000e-06	4.136278e-09	1.118838e-09	2.872185e+01	7.186796e+01
4.560000e-06	4.104337e-09	1.115793e-09	2.850006e+01	7.168521e+01
4.570000e-06	4.072221e-09	1.115236e-09	2.827705e+01	7.149917e+01
4.580000e-06	4.039936e-09	1.112304e-09	2.805287e+01	7.131013e+01
4.590000e-06	4.007449e-09	1.112365e-09	2.782728e+01	7.111837e+01
4.600000e-06	3.974705e-09	1.115281e-09	2.759991e+01	7.092416e+01
4.610000e-06	3.941665e-09	1.113073e-09	2.737048e+01	7.072775e+01
4.620000e-06	3.908327e-09	1.107503e-09	2.713899e+01	7.052936e+01
4.630000e-06	3.874713e-09	1.105154e-09	2.690558e+01	7.032917e+01
4.640000e-06	3.840849e-09	1.101473e-09	2.667043e+01	7.012734e+01
4.650000e-06	3.806749e-09	1.096339e-09	2.643364e+01	6.992397e+01
4.660000e-06	3.772402e-09	1.093770e-09	2.619514e+01	6.971913e+01
4.670000e-06	3.737791e-09	1.091651e-09	2.595481e+01	6.951283e+01
4.680000e-06	3.702902e-09	1.087181e-09	2.571254e+01	6.930502e+01
4.690000e-06	3.667728e-09	1.086725e-09	2.546830e+01	6.909564e+01
4.700000e-06	3.632287e-09	1.089918e-09	2.522220e+01	6.888456e+01
4.710000e-06	3.596620e-09	1.088290e-09	2.497453e+01	6.867162e+01
4.720000e-06	3.560769e-09	1.082813e-09	2.472558e+01	6.845661e+01
4.730000e-06	3.524769e-09	1.081276e-09	2.447560e+01	6.823931e+01
4.740000e-06	3.488639e-09	1.079430e-09	2.422472e+01	6.801946e+01
4.750000e-06	3.452370e-09	1.073016e-09	2.397287e+01	6.779679e+01
4.760000e-06	3.415930e-09	1.068160e-09	2.371984e+01	6.757103e+01
4.770000e-06	3.379265e-09	1.065642e-09	2.346524e+01	6.734189e+01
4.780000e-06	3.342316e-09	1.061552e-09	2.320867e+01	6.710909e+01
4.790000e-06	3.305024e-09	1.058452e-09	2.294971e+01	6.687237e+01
4.800000e-06	3.267340e-09	1.057805e-09	2.268804e+01	6.663148e+01
4.810000e-06	3.229243e-09	1.053788e-09	2.242350e+01	6.638620e+01
4.820000e-06	3.190736e-09	1.047569e-09	2.215612e+01	6.613634e+01
4.830000e-06	3.151851e-09	1.045047e-09	2.188610e+01	6.588172e+01
4.840000e-06	3.112632e-09	1.043862e-09	2.161377e+01	6.562225e+01
4.850000e-06	3.073139e-09	1.039841e-09	2.133953e+01	6.535782e+01
4.860000e-06	3.033428e-09	1.035339e-09	2.106379e+01	6.508840e+01
4.870000e-06	2.993548e-09	1.031725e-09	2.078686e+01	6.481398e+01
4.880000e-06	2.953528e-09	1.027492e-09	2.050897e+01	6.453460e+01
4.890000e-06	2.913384e-09	1.025297e-09	2.023022e+01	6.425033e+01
4.900000e-06	2.873116e-09	1.026406e-09	1.995060e+01	6.396127e+01
4.910000e-06	2.832712e-09	1.025233e-09	1.967003e+01	6.366756e+01
4.920000e-06	2.792152e-09	1.020919e-09	1.938839e+01	6.336933e+01
4.930000e-06	2.751421e-09	1.017754e-09	1.910556e+01	6.306677e+01
4.940000e-06	2.710505e-09	1.014409e-09	1.882144e+01	6.276005e+01
4.950000e-06	2.669398e-09	1.007110e-09	1.853600e+01	6.244934e+01
4.960000e-06	2.628098e-09	9.992783e-10	1.824922e+01	6.213481e+01
4.970000e-06	2.586609e-09	9.944694e-10	1.796113e+01	6.181664e+01
4.980000e-06	2.544942e-09	9.917402e-10	1.767179e+01	6.149495e+01
4.990000e-06	2.503109e-09	9.897689e-10	1.738130e+01	6.116987e+01
5.000000e-06	2.461119e-09	9.884539e-10	1.708974e+01	6.084147e+01
5.010000e-06	2.418974e-09	9.840744e-10	1.679708e+01	6.050980e+01
5.020000e-06	2.376670e-09	9.761720e-10	1.650333e+01	6.017485e+01
5.030000e-06	2.334204e-09	9.691987e-10	1.620845e+01	5.983659e+01
5.040000e-06	2.291563e-09	9.647021e-10	1.591236e+01	5.949492e+01
5.050000e-06	2.248746e-09	9.602339e-10	1.561504e+01	5.914969e+01
5.060000e-06	2.205746e-09	9.554091e-10	1.531645e+01	5.880071e+01
5.070000e-06	2.162564e-09	9.507361e-10	1.501660e+01	5.844773e+01
5.080000e-06	2.119218e-09	9.449520e-10	1.471561e+01	5.809046e+01
5.090000e-06	2.075727e-09	9.385567e-10	1.441361e+01	5.772856e+01
5.100000e-06	2.032105e-09	9.328822e-10	1.411071e+01	5.736164e+01
5.110000e-06	1.988364e-09	9.285013e-10	1.380698e+01	5.698929e+01
5.120000e-06	1.944520e-09	9.246383e-10	1.350253e+01	5.661104e+01
5.130000e-06	1.900589e-09	9.199637e-10	1.319747e+01	5.622642e+01
5.140000e-06	1.856583e-09	9.141464e-10	1.289190e+01	5.583491e+01
5.150000e-06	1.812509e-09	9.063719e-10	1.258586e+01	5.543598e+01
5.160000e-06	1.768370e-09	8.975556e-10	1.227936e+01	5.502911e+01
5.170000e-06	1.724168e-09	8.894763e-10	1.197242e+01	5.461375e+01
5.180000e-06	1.679896e-09	8.822252e-10	1.166500e+01	5.418935e+01
5.190000e-06	1.635548e-09	8.763182e-10	1.135705e+01	5.375536e+01
5.200000e-06	1.591117e-09	8.729634e-10	1.104853e+01	5.331126e+01
5.210000e-06	1.546596e-09	8.702361e-10	1.073938e+01	5.285649e+01
5.220000e-06	1.501982e-09	8.656183e-10	1.042959e+01	5.239055e+01
5.230000e-06	1.457272e-09	8.594429e-10	1.011913e+01	5.191292e+01
5.240000e-06	1.412465e-09	8.507534e-10	9.807991e+00	5.142311e+01
5.250000e-06	1.367558e-09	8.401401e-10	9.496161e+00	5.092061e+01
5.260000e-06	1.322550e-09	8.311448e-10	9.183633e+00	5.040494e+01
5.270000e-06	1.277437e-09	8.244444e-10	8.870374e+00	4.987563e+01
5.280000e-06	1.232214e-09	8.175427e-10	8.556350e+00	4.933218e+01
5.290000e-06	1.186876e-09	8.093928e-10	8.241525e+00	4.877411e+01
5.300000e-06	1.141418e-09	8.010037e-10	7.925873e+00	4.820091e+01
5.310000e-06	1.095843e-09	7.937303e-10	7.609404e+00	4.761208e+01
5.320000e-06	1.050164e-09	7.862794e-10	7.292212e+00	4.700707e+01
5.330000e-06	1.004397e-09	7.772928e-10	6.974416e+00	4.638533e+01
5.340000e-06	9.585442e-10	7.672572e-10	6.656018e+00	4.574625e+01
5.350000e-06	9.126070e-10	7.565031e-10	6.337035e+00	4.508921e+01
5.360000e-06	8.665993e-10	7.450510e-10	6.017563e+00	4.441353e+01
5.370000e-06	8.205335e-10	7.336154e-10	5.697687e+00	4.371850e+01
5.380000e-06	7.744117e-10	7.225556e-10	5.377422e+00	4.300334e+01
5.390000e-06	7.282288e-10	7.122795e-10	5.056734e+00	4.226726e+01
5.400000e-06	6.819873e-10	7.022723e-10	4.735638e+00	4.150941e+01
5.410000e-06	6.356926e-10	6.910064e-10	4.414173e+00	4.072887e+01
5.420000e-06	5.893467e-10	6.776497e-10	4.092352e+00	3.992473e+01
5.430000e-06	5.429529e-10	6.626428e-10	3.770199e+00	3.909601e+01
5.440000e-06	4.965200e-10	6.464057e-10	3.447774e+00	3.824173e+01
5.450000e-06	4.500527e-10	6.294876e-10	3.125109e+00	3.736088e+01
5.460000e-06	4.035538e-10	6.134355e-10	2.802227e+00	3.645244e+01
5.470000e-06	3.570270e-10	5.988569e-10	2.479150e+00	3.551541e+01
5.480000e-06	3.104744e-10	5.856013e-10	2.155893e+00	3.454881e+01
5.490000e-06	2.639073e-10	5.726698e-10	1.832536e+00	3.355168e+01
5.500000e-06	2.173336e-10	5.587652e-10	1.509134e+00	3.252314e+01
5.510000e-06	1.707563e-10	5.433590e-10	1.185706e+00	3.146234e+01
5.520000e-06	1.241771e-10	5.272359e-10	8.622648e-01	3.036855e+01
5.530000e-06	7.759773e-11	5.098290e-10	5.388228e-01	2.924111e+01
5.540000e-06	3.101963e-11	4.902716e-10	2.153895e-01	2.807949e+01
5.550000e-06	-1.555990e-11	4.704666e-10	-1.080537e-01	2.688328e+01
5.560000e-06	-6.214164e-11	4.515205e-10	-4.315123e-01	2.565224e+01
5.570000e-06	-1.087218e-10	4.320658e-10	-7.549599e-01	2.438626e+01
5.580000e-06	-1.552919e-10	4.108982e-10	-1.078337e+00	2.308541e+01
5.590000e-06	-2.018538e-10	3.894312e-10	-1.401659e+00	2.174996e+01
5.600000e-06	-2.484094e-10	3.698346e-10	-1.724935e+00	2.038034e+01
5.610000e-06	-2.949509e-10	3.491323e-10	-2.048115e+00	1.897718e+01
5.620000e-06	-3.414708e-10	3.250858e-10	-2.371144e+00	1.754133e+01
5.630000e-06	-3.879608e-10	2.979017e-10	-2.693965e+00	1.607383e+01
5.640000e-06	-4.344168e-10	2.698853e-10	-3.016550e+00	1.457590e+01
5.650000e-06	-4.808347e-10	2.415398e-10	-3.338872e+00	1.304897e+01
5.660000e-06	-5.272120e-10	2.137545e-10	-3.660911e+00	1.149467e+01
5.670000e-06	-5.735433e-10	1.890753e-10	-3.982630e+00	9.914772e+00
5.680000e-06	-6.198309e-10	1.649655e-10	-4.304046e+00	8.311252e+00
5.690000e-06	-6.660785e-10	1.388352e-10	-4.625184e+00	6.686222e+00
5.700000e-06	-7.122805e-10	1.111091e-10	-4.946005e+00	5.041933e+00
5.710000e-06	-7.584341e-10	8.267733e-11	-5.266491e+00	3.380759e+00
5.720000e-06	-8.045331e-10	5.390429e-11	-5.586598e+00	1.705173e+00
5.730000e-06	-8.505701e-10	2.489008e-11	-5.906273e+00	1.773152e-02
5.740000e-06	-8.965361e-10	-4.066067e-12	-6.225455e+00	-1.678949e+00
5.750000e-06	-9.424212e-10	-3.214270e-11	-6.544076e+00	-3.382215e+00
5.760000e-06	-9.882180e-10	-5.913366e-11	-6.862084e+00	-5.089395e+00
5.770000e-06	-1.033921e-09	-8.573974e-11	-7.179444e+00	-6.797820e+00
5.780000e-06	-1.079524e-09	-1.141570e-10	-7.496101e+00	-8.504852e+00
5.790000e-06	-1.125016e-09	-1.443136e-10	-7.811996e+00	-1.020790e+01
5.800000e-06	-1.170394e-09	-1.747870e-10	-8.127093e+00	-1.190442e+01
5.810000e-06	-1.215651e-09	-2.046237e-10	-8.441354e+00	-1.359199e+01
5.820000e-06	-1.260790e-09	-2.331764e-10	-8.754790e+00	-1.526825e+01
5.830000e-06	-1.305815e-09	-2.605139e-10	-9.067441e+00	-1.693098e+01
5.840000e-06	-1.350735e-09	-2.875731e-10	-9.379356e+00	-1.857807e+01
5.850000e-06	-1.395555e-09	-3.147971e-10	-9.690581e+00	-2.020757e+01
5.860000e-06	-1.440276e-09	-3.428400e-10	-1.000112e+01	-2.181767e+01
5.870000e-06	-1.484902e-09	-3.707370e-10	-1.031100e+01	-2.340669e+01
5.880000e-06	-1.529435e-09	-3.979790e-10	-1.062023e+01	-2.497313e+01
5.890000e-06	-1.573878e-09	-4.252181e-10	-1.092884e+01	-2.651566e+01
5.900000e-06	-1.618240e-09	-4.519594e-10	-1.123689e+01	-2.803308e+01
5.910000e-06	-1.662532e-09	-4.775665e-10	-1.154445e+01	-2.952436e+01
5.920000e-06	-1.706761e-09	-5.023960e-10	-1.185156e+01	-3.098863e+01
5.930000e-06	-1.750932e-09	-5.264084e-10	-1.215829e+01	-3.242515e+01
5.940000e-06	-1.795048e-09	-5.501063e-10	-1.246462e+01	-3.383334e+01
5.950000e-06	-1.839104e-09	-5.740525e-10	-1.277054e+01	-3.521273e+01
5.960000e-06	-1.883092e-09	-5.979417e-10	-1.307599e+01	-3.656299e+01
5.970000e-06	-1.927000e-09	-6.215625e-10	-1.338089e+01	-3.788388e+01
5.980000e-06	-1.970815e-09	-6.439696e-10	-1.368513e+01	-3.917528e+01
5.990000e-06	-2.014519e-09	-6.655887e-10	-1.398861e+01	-4.043716e+01
6.000000e-06	-2.058097e-09	-6.859724e-10	-1.429121e+01	-4.166954e+01
6.010000e-06	-2.101530e-09	-7.038790e-10	-1.459280e+01	-4.287255e+01
6.020000e-06	-2.144795e-09	-7.206223e-10	-1.489323e+01	-4.404634e+01
6.030000e-06	-2.187885e-09	-7.387083e-10	-1.519244e+01	-4.519115e+01
6.040000e-06	-2.230796e-09	-7.587362e-10	-1.549041e+01	-4.630721e+01
6.050000e-06	-2.273526e-09	-7.794822e-10	-1.578712e+01	-4.739482e+01
6.060000e-06	-2.316083e-09	-7.986179e-10	-1.608263e+01	-4.845428e+01
6.070000e-06	-2.358479e-09	-8.164055e-10	-1.637702e+01	-4.948594e+01
6.080000e-06	-2.400724e-09	-8.338161e-10	-1.667037e+01	-5.049012e+01
6.090000e-06	-2.442822e-09	-8.490655e-10	-1.696270e+01	-5.146718e+01
6.100000e-06	-2.484769e-09	-8.618383e-10	-1.725397e+01	-5.241748e+01
6.110000e-06	-2.526551e-09	-8.741178e-10	-1.754410e+01	-5.334138e+01
6.120000e-06	-2.568151e-09	-8.879187e-10	-1.783297e+01	-5.423925e+01
6.130000e-06	-2.609553e-09	-9.037654e-10	-1.812046e+01	-5.511146e+01
6.140000e-06	-2.650745e-09	-9.202857e-10	-1.840649e+01	-5.595839e+01
6.150000e-06	-2.691722e-09	-9.356788e-10	-1.869103e+01	-5.678041e+01
6.160000e-06	-2.732496e-09	-9.482522e-10	-1.897416e+01	-5.757792e+01
6.170000e-06	-2.773086e-09	-9.587746e-10	-1.925601e+01	-5.835130e+01
6.180000e-06	-2.813515e-09	-9.695276e-10	-1.953675e+01	-5.910097e+01
6.190000e-06	-2.853809e-09	-9.805733e-10	-1.981654e+01	-5.982735e+01
6.200000e-06	-2.893990e-09	-9.916717e-10	-2.009556e+01	-6.053087e+01
6.210000e-06	-2.934069e-09	-1.003100e-09	-2.037386e+01	-6.121198e+01
6.220000e-06	-2.974033e-09	-1.013581e-09	-2.065136e+01	-6.187115e+01
6.230000e-06	-3.013854e-09	-1.022139e-09	-2.092788e+01	-6.250886e+01
6.240000e-06	-3.053496e-09	-1.030923e-09	-2.120315e+01	-6.312563e+01
6.250000e-06	-3.092910e-09	-1.040852e-09	-2.147684e+01	-6.372197e+01
6.260000e-06	-3.132046e-09	-1.050697e-09	-2.174860e+01	-6.429842e+01
6.270000e-06	-3.170855e-09	-1.059541e-09	-2.201807e+01	-6.485554e+01
6.280000e-06	-3.209291e-09	-1.067285e-09	-2.228497e+01	-6.539390e+01
6.290000e-06	-3.247325e-09	-1.075173e-09	-2.254908e+01	-6.591408e+01
6.300000e-06	-3.284948e-09	-1.083075e-09	-2.281032e+01	-6.641667e+01
6.310000e-06	-3.322178e-09	-1.090914e-09	-2.306885e+01	-6.690226e+01
6.320000e-06	-3.359065e-09	-1.099326e-09	-2.332499e+01	-6.737145e+01
6.330000e-06	-3.395673e-09	-1.107854e-09	-2.357919e+01	-6.782484e+01
6.340000e-06	-3.432070e-09	-1.115194e-09	-2.383192e+01	-6.826300e+01
6.350000e-06	-3.468310e-09	-1.122232e-09	-2.408357e+01	-6.868653e+01
6.360000e-06	-3.504422e-09	-1.129138e-09	-2.433432e+01	-6.909597e+01
6.370000e-06	-3.540398e-09	-1.135042e-09	-2.458414e+01	-6.949188e+01
6.380000e-06	-3.576207e-09	-1.140776e-09	-2.483280e+01	-6.987478e+01
6.390000e-06	-3.611809e-09	-1.147427e-09	-2.508001e+01	-7.024517e+01
6.400000e-06	-3.647160e-09	-1.155483e-09	-2.532548e+01	-7.060353e+01
6.410000e-06	-3.682232e-09	-1.164067e-09	-2.556902e+01	-7.095030e+01
6.420000e-06	-3.717023e-09	-1.170476e-09	-2.581061e+01	-7.128592e+01
6.430000e-06	-3.751550e-09	-1.174166e-09	-2.605036e+01	-7.161076e+01
6.440000e-06	-3.785828e-09	-1.176759e-09	-2.628838e+01	-7.192520e+01
6.450000e-06	-3.819855e-09	-1.179809e-09	-2.652466e+01	-7.222957e+01
6.460000e-06	-3.853616e-09	-1.184035e-09	-2.675909e+01	-7.252418e+01
6.470000e-06	-3.887089e-09	-1.188502e-09	-2.699152e+01	-7.280932e+01
6.480000e-06	-3.920256e-09	-1.193606e-09	-2.722184e+01	-7.308526e+01
6.490000e-06	-3.953123e-09	-1.199703e-09	-2.745006e+01	-7.335225e+01
6.500000e-06	-3.985717e-09	-1.205642e-09	-2.767638e+01	-7.361052e+01
6.510000e-06	-4.018094e-09	-1.209554e-09	-2.790121e+01	-7.386030e+01
6.520000e-06	-4.050297e-09	-1.211603e-09	-2.812482e+01	-7.410181e+01
6.530000e-06	-4.082330e-09	-1.212853e-09	-2.834726e+01	-7.433525e+01
6.540000e-06	-4.114155e-09	-1.214585e-09	-2.856825e+01	-7.456085e+01
6.550000e-06	-4.145706e-09	-1.217925e-09	-2.878734e+01	-7.477882e+01
6.560000e-06	-4.176902e-09	-1.223160e-09	-2.900396e+01	-7.498938e+01
6.570000e-06	-4.207671e-09	-1.228837e-09	-2.921761e+01	-7.519278e+01
6.580000e-06	-4.237956e-09	-1.233010e-09	-2.942791e+01	-7.538925e+01
6.590000e-06	-4.267731e-09	-1.235560e-09	-2.963466e+01	-7.557904e+01
6.600000e-06	-4.297015e-09	-1.237235e-09	-2.983800e+01	-7.576244e+01
6.610000e-06	-4.325877e-09	-1.238191e-09	-3.003842e+01	-7.593972e+01
6.620000e-06	-4.354419e-09	-1.238814e-09	-3.023661e+01	-7.611118e+01
6.630000e-06	-4.382733e-09	-1.239857e-09	-3.043322e+01	-7.627712e+01
6.640000e-06	-4.410872e-09	-1.242249e-09	-3.062862e+01	-7.643786e+01
6.650000e-06	-4.438837e-09	-1.244764e-09	-3.082280e+01	-7.659372e+01
6.660000e-06	-4.466580e-09	-1.247384e-09	-3.101545e+01	-7.674502e+01
6.670000e-06	-4.494034e-09	-1.249737e-09	-3.120608e+01	-7.689209e+01
6.680000e-06	-4.521149e-09	-1.251430e-09	-3.139437e+01	-7.703526e+01
6.690000e-06	-4.547918e-09	-1.252642e-09	-3.158025e+01	-7.717482e+01
6.700000e-06	-4.574358e-09	-1.252653e-09	-3.176385e+01	-7.731108e+01
6.710000e-06	-4.600486e-09	-1.251979e-09	-3.194527e+01	-7.744432e+01
6.720000e-06	-4.626293e-09	-1.251008e-09	-3.212447e+01	-7.757481e+01
6.730000e-06	-4.651750e-09	-1.251053e-09	-3.230125e+01	-7.770276e+01
6.740000e-06	-4.676845e-09	-1.252229e-09	-3.247550e+01	-7.782839e+01
6.750000e-06	-4.701604e-09	-1.254872e-09	-3.264742e+01	-7.795187e+01
6.760000e-06	-4.726091e-09	-1.257793e-09	-3.281746e+01	-7.807333e+01
6.770000e-06	-4.750363e-09	-1.259432e-09	-3.298600e+01	-7.819288e+01
6.780000e-06	-4.774440e-09	-1.259850e-09	-3.315319e+01	-7.831056e+01
6.790000e-06	-4.798290e-09	-1.259783e-09	-3.331880e+01	-7.842641e+01
6.800000e-06	-4.821833e-09	-1.259316e-09	-3.348228e+01	-7.854041e+01
6.810000e-06	-4.844965e-09	-1.257076e-09	-3.364291e+01	-7.865249e+01
6.820000e-06	-4.867592e-09	-1.254669e-09	-3.380003e+01	-7.876257e+01
6.830000e-06	-4.889657e-09	-1.254846e-09	-3.395325e+01	-7.887053e+01
6.840000e-06	-4.911157e-09	-1.256922e-09	-3.410254e+01	-7.897621e+01
6.850000e-06	-4.932158e-09	-1.259301e-09	-3.424836e+01	-7.907944e+01
6.860000e-06	-4.952771e-09	-1.260809e-09	-3.439150e+01	-7.918002e+01
6.870000e-06	-4.973113e-09	-1.261933e-09	-3.453275e+01	-7.927774e+01
6.880000e-06	-4.993246e-09	-1.262262e-09	-3.467256e+01	-7.937237e+01
6.890000e-06	-5.013157e-09	-1.261764e-09	-3.481082e+01	-7.946370e+01
6.900000e-06	-5.032780e-09	-1.261547e-09	-3.494708e+01	-7.955149e+01
6.910000e-06	-5.052046e-09	-1.260971e-09	-3.508086e+01	-7.963553e+01
6.920000e-06	-5.070933e-09	-1.259987e-09	-3.521201e+01	-7.971563e+01
6.930000e-06	-5.089474e-09	-1.260201e-09	-3.534075e+01	-7.979159e+01
6.940000e-06	-5.107708e-09	-1.260908e-09	-3.546736e+01	-7.986326e+01
6.950000e-06	-5.125630e-09	-1.260346e-09	-3.559182e+01	-7.993050e+01
6.960000e-06	-5.143209e-09	-1.259805e-09	-3.571388e+01	-7.999322e+01
6.970000e-06	-5.160408e-09	-1.260112e-09	-3.583331e+01	-8.005135e+01
6.980000e-06	-5.177231e-09	-1.260649e-09	-3.595013e+01	-8.010485e+01
6.990000e-06	-5.193743e-09	-1.261406e-09	-3.606478e+01	-8.015373e+01
7.000000e-06	-5.210011e-09	-1.261131e-09	-3.617775e+01	-8.019804e+01
7.010000e-06	-5.226036e-09	-1.258006e-09	-3.628903e+01	-8.023785e+01
7.020000e-06	-5.241731e-09	-1.254270e-09	-3.639801e+01	-8.027327e+01
7.030000e-06	-5.256947e-09	-1.252949e-09	-3.650366e+01	-8.030444e+01
7.040000e-06	-5.271556e-09	-1.252363e-09	-3.660511e+01	-8.033155e+01
7.050000e-06	-5.285514e-09	-1.251547e-09	-3.670203e+01	-8.035479e+01
7.060000e-06	-5.298881e-09	-1.251295e-09	-3.679485e+01	-8.037439e+01
7.070000e-06	-5.311766e-09	-1.250571e-09	-3.688432e+01	-8.039057e+01
7.080000e-06	-5.324265e-09	-1.249318e-09	-3.697111e+01	-8.040360e+01
7.090000e-06	-5.336426e-09	-1.248127e-09	-3.705556e+01	-8.041372e+01
7.100000e-06	-5.348234e-09	-1.247138e-09	-3.713755e+01	-8.042119e+01
7.110000e-06	-5.359646e-09	-1.245080e-09	-3.721680e+01	-8.042628e+01
7.120000e-06	-5.370640e-09	-1.242364e-09	-3.729314e+01	-8.042923e+01
7.130000e-06	-5.381246e-09	-1.241101e-09	-3.736678e+01	-8.043026e+01
7.140000e-06	-5.391506e-09	-1.240680e-09	-3.743803e+01	-8.042961e+01
7.150000e-06	-5.401424e-09	-1.239861e-09	-3.750689e+01	-8.042747e+01
7.160000e-06	-5.410960e-09	-1.239484e-09	-3.757311e+01	-8.042402e+01
7.170000e-06	-5.420087e-09	-1.239620e-09	-3.763649e+01	-8.041941e+01
7.180000e-06	-5.428833e-09	-1.238981e-09	-3.769722e+01	-8.041378e+01
7.190000e-06	-5.437278e-09	-1.237398e-09	-3.775586e+01	-8.040722e+01
7.200000e-06	-5.445489e-09	-1.234916e-09	-3.781288e+01	-8.039983e+01
7.210000e-06	-5.453467e-09	-1.231644e-09	-3.786828e+01	-8.039165e+01
7.220000e-06	-5.461133e-09	-1.228926e-09	-3.792151e+01	-8.038272e+01
7.230000e-06	-5.468364e-09	-1.226954e-09	-3.797172e+01	-8.037307e+01
7.240000e-06	-5.475048e-09	-1.225779e-09	-3.801814e+01	-8.036269e+01
7.250000e-06	-5.481117e-09	-1.225961e-09	-3.806028e+01	-8.035157e+01
7.260000e-06	-5.486574e-09	-1.226294e-09	-3.809817e+01	-8.033970e+01
7.270000e-06	-5.491507e-09	-1.225315e-09	-3.813242e+01	-8.032705e+01
7.280000e-06	-5.496052e-09	-1.222869e-09	-3.816398e+01	-8.031361e+01
7.290000e-06	-5.500326e-09	-1.220202e-09	-3.819366e+01	-8.029935e+01
7.300000e-06	-5.504364e-09	-1.218290e-09	-3.822170e+01	-8.028425e+01
7.310000e-06	-5.508116e-09	-1.216309e-09	-3.824775e+01	-8.026833e+01
7.320000e-06	-5.511501e-09	-1.214931e-09	-3.827126e+01	-8.025158e+01
7.330000e-06	-5.514481e-09	-1.215030e-09	-3.829195e+01	-8.023404e+01
7.340000e-06	-5.517088e-09	-1.214372e-09	-3.831005e+01	-8.021575e+01
7.350000e-06	-5.519375e-09	-1.211309e-09	-3.832594e+01	-8.019677e+01
7.360000e-06	-5.521346e-09	-1.207353e-09	-3.833962e+01	-8.017717e+01
7.370000e-06	-5.522908e-09	-1.204296e-09	-3.835046e+01	-8.015704e+01
7.380000e-06	-5.524000e-09	-1.200631e-09	-3.835805e+01	-8.013650e+01
7.390000e-06	-5.524731e-09	-1.196062e-09	-3.836312e+01	-8.011566e+01
7.400000e-06	-5.525193e-09	-1.193085e-09	-3.836633e+01	-8.009464e+01
