# Temperatura_=_-6.08
# Concentracion g/m^3_=_1620.0
# C_Vs_to_Am_M_A/Vsm_=_65563218390.804596
# pendiente_HvsI_1/m_=_3716.3
# ordenada_HvsI_A/m_=_1297.0
# frecuencia_Hz_=_135110.86325177972

Tiempo_(s)	Campo_(V.s)	Magnetizacion_(V.s)	Campo_(kA/m)	Magnetizacion_(A/m)
0.000000e+00	-5.511738e-06	-1.428448e-09	-3.837005e+01	-9.227748e+01
1.000000e-08	-5.511973e-06	-1.424779e-09	-3.837169e+01	-9.223798e+01
2.000000e-08	-5.511962e-06	-1.423045e-09	-3.837161e+01	-9.220188e+01
3.000000e-08	-5.511482e-06	-1.422395e-09	-3.836827e+01	-9.216860e+01
4.000000e-08	-5.510396e-06	-1.422495e-09	-3.836071e+01	-9.213741e+01
5.000000e-08	-5.508631e-06	-1.418703e-09	-3.834842e+01	-9.210754e+01
6.000000e-08	-5.506212e-06	-1.404911e-09	-3.833158e+01	-9.207809e+01
7.000000e-08	-5.503308e-06	-1.397106e-09	-3.831136e+01	-9.204814e+01
8.000000e-08	-5.499932e-06	-1.428992e-09	-3.828786e+01	-9.201673e+01
9.000000e-08	-5.496108e-06	-1.494753e-09	-3.826124e+01	-9.198285e+01
1.000000e-07	-5.491842e-06	-1.521662e-09	-3.823154e+01	-9.194552e+01
1.100000e-07	-5.487229e-06	-1.430913e-09	-3.819943e+01	-9.190377e+01
1.200000e-07	-5.482549e-06	-1.333501e-09	-3.816685e+01	-9.185667e+01
1.300000e-07	-5.477689e-06	-1.363899e-09	-3.813302e+01	-9.180333e+01
1.400000e-07	-5.472352e-06	-1.444156e-09	-3.809586e+01	-9.174296e+01
1.500000e-07	-5.466601e-06	-1.432429e-09	-3.805583e+01	-9.167485e+01
1.600000e-07	-5.460533e-06	-1.355965e-09	-3.801359e+01	-9.159840e+01
1.700000e-07	-5.454051e-06	-1.372215e-09	-3.796846e+01	-9.151312e+01
1.800000e-07	-5.447144e-06	-1.470127e-09	-3.792038e+01	-9.141865e+01
1.900000e-07	-5.439851e-06	-1.457026e-09	-3.786961e+01	-9.131477e+01
2.000000e-07	-5.432354e-06	-1.372244e-09	-3.781742e+01	-9.120140e+01
2.100000e-07	-5.424667e-06	-1.348692e-09	-3.776391e+01	-9.107859e+01
2.200000e-07	-5.416639e-06	-1.429923e-09	-3.770801e+01	-9.094654e+01
2.300000e-07	-5.408296e-06	-1.447110e-09	-3.764994e+01	-9.080557e+01
2.400000e-07	-5.399478e-06	-1.393607e-09	-3.758855e+01	-9.065614e+01
2.500000e-07	-5.389809e-06	-1.370184e-09	-3.752124e+01	-9.049881e+01
2.600000e-07	-5.379385e-06	-1.397021e-09	-3.744867e+01	-9.033427e+01
2.700000e-07	-5.368511e-06	-1.391185e-09	-3.737297e+01	-9.016327e+01
2.800000e-07	-5.357238e-06	-1.357222e-09	-3.729450e+01	-8.998665e+01
2.900000e-07	-5.345603e-06	-1.362541e-09	-3.721350e+01	-8.980532e+01
3.000000e-07	-5.333571e-06	-1.385703e-09	-3.712974e+01	-8.962020e+01
3.100000e-07	-5.321076e-06	-1.372415e-09	-3.704276e+01	-8.943224e+01
3.200000e-07	-5.308154e-06	-1.325740e-09	-3.695279e+01	-8.924241e+01
3.300000e-07	-5.294920e-06	-1.327401e-09	-3.686067e+01	-8.905162e+01
3.400000e-07	-5.281382e-06	-1.349028e-09	-3.676642e+01	-8.886079e+01
3.500000e-07	-5.267375e-06	-1.352493e-09	-3.666891e+01	-8.867074e+01
3.600000e-07	-5.252795e-06	-1.330707e-09	-3.656742e+01	-8.848226e+01
3.700000e-07	-5.237688e-06	-1.351582e-09	-3.646225e+01	-8.829601e+01
3.800000e-07	-5.222134e-06	-1.364028e-09	-3.635396e+01	-8.811260e+01
3.900000e-07	-5.206051e-06	-1.337376e-09	-3.624201e+01	-8.793249e+01
4.000000e-07	-5.189564e-06	-1.319432e-09	-3.612723e+01	-8.775606e+01
4.100000e-07	-5.172908e-06	-1.349423e-09	-3.601128e+01	-8.758355e+01
4.200000e-07	-5.155913e-06	-1.341554e-09	-3.589297e+01	-8.741507e+01
4.300000e-07	-5.138454e-06	-1.312474e-09	-3.577142e+01	-8.725064e+01
4.400000e-07	-5.120671e-06	-1.339404e-09	-3.564763e+01	-8.709014e+01
4.500000e-07	-5.102577e-06	-1.373428e-09	-3.552167e+01	-8.693332e+01
4.600000e-07	-5.084011e-06	-1.328070e-09	-3.539242e+01	-8.677987e+01
4.700000e-07	-5.065001e-06	-1.308376e-09	-3.526008e+01	-8.662935e+01
4.800000e-07	-5.045721e-06	-1.347787e-09	-3.512587e+01	-8.648124e+01
4.900000e-07	-5.026251e-06	-1.340426e-09	-3.499032e+01	-8.633498e+01
5.000000e-07	-5.006611e-06	-1.298794e-09	-3.485360e+01	-8.618992e+01
5.100000e-07	-4.986778e-06	-1.319406e-09	-3.471553e+01	-8.604539e+01
5.200000e-07	-4.966567e-06	-1.327855e-09	-3.457483e+01	-8.590070e+01
5.300000e-07	-4.945845e-06	-1.291673e-09	-3.443058e+01	-8.575514e+01
5.400000e-07	-4.924726e-06	-1.307504e-09	-3.428356e+01	-8.560805e+01
5.500000e-07	-4.903363e-06	-1.338209e-09	-3.413484e+01	-8.545874e+01
5.600000e-07	-4.881720e-06	-1.297041e-09	-3.398417e+01	-8.530660e+01
5.700000e-07	-4.859751e-06	-1.277237e-09	-3.383123e+01	-8.515107e+01
5.800000e-07	-4.837460e-06	-1.316715e-09	-3.367606e+01	-8.499165e+01
5.900000e-07	-4.814839e-06	-1.307217e-09	-3.351858e+01	-8.482791e+01
6.000000e-07	-4.791774e-06	-1.273999e-09	-3.335801e+01	-8.465953e+01
6.100000e-07	-4.768358e-06	-1.286839e-09	-3.319500e+01	-8.448624e+01
6.200000e-07	-4.744816e-06	-1.289100e-09	-3.303111e+01	-8.430789e+01
6.300000e-07	-4.721115e-06	-1.258912e-09	-3.286612e+01	-8.412443e+01
6.400000e-07	-4.697117e-06	-1.264892e-09	-3.269905e+01	-8.393588e+01
6.500000e-07	-4.672681e-06	-1.279671e-09	-3.252894e+01	-8.374237e+01
6.600000e-07	-4.647730e-06	-1.269391e-09	-3.235525e+01	-8.354410e+01
6.700000e-07	-4.622250e-06	-1.266907e-09	-3.217787e+01	-8.334134e+01
6.800000e-07	-4.596179e-06	-1.276175e-09	-3.199638e+01	-8.313445e+01
6.900000e-07	-4.569535e-06	-1.260793e-09	-3.181089e+01	-8.292383e+01
7.000000e-07	-4.542486e-06	-1.252159e-09	-3.162259e+01	-8.270991e+01
7.100000e-07	-4.515195e-06	-1.255915e-09	-3.143260e+01	-8.249318e+01
7.200000e-07	-4.487757e-06	-1.251306e-09	-3.124159e+01	-8.227413e+01
7.300000e-07	-4.460175e-06	-1.242825e-09	-3.104958e+01	-8.205326e+01
7.400000e-07	-4.432369e-06	-1.245018e-09	-3.085601e+01	-8.183104e+01
7.500000e-07	-4.404283e-06	-1.237726e-09	-3.066048e+01	-8.160794e+01
7.600000e-07	-4.375911e-06	-1.231396e-09	-3.046297e+01	-8.138438e+01
7.700000e-07	-4.347213e-06	-1.231438e-09	-3.026319e+01	-8.116075e+01
7.800000e-07	-4.318142e-06	-1.225988e-09	-3.006081e+01	-8.093736e+01
7.900000e-07	-4.288739e-06	-1.219718e-09	-2.985612e+01	-8.071446e+01
8.000000e-07	-4.259135e-06	-1.222010e-09	-2.965003e+01	-8.049225e+01
8.100000e-07	-4.229277e-06	-1.213569e-09	-2.944218e+01	-8.027083e+01
8.200000e-07	-4.199031e-06	-1.197641e-09	-2.923162e+01	-8.005022e+01
8.300000e-07	-4.168435e-06	-1.196431e-09	-2.901863e+01	-7.983037e+01
8.400000e-07	-4.137554e-06	-1.202036e-09	-2.880364e+01	-7.961116e+01
8.500000e-07	-4.106413e-06	-1.199478e-09	-2.858686e+01	-7.939238e+01
8.600000e-07	-4.075108e-06	-1.198941e-09	-2.836893e+01	-7.917376e+01
8.700000e-07	-4.043640e-06	-1.199638e-09	-2.814987e+01	-7.895496e+01
8.800000e-07	-4.011999e-06	-1.190069e-09	-2.792959e+01	-7.873559e+01
8.900000e-07	-3.980208e-06	-1.181606e-09	-2.770828e+01	-7.851523e+01
9.000000e-07	-3.948182e-06	-1.179948e-09	-2.748533e+01	-7.829339e+01
9.100000e-07	-3.915822e-06	-1.173424e-09	-2.726006e+01	-7.806960e+01
9.200000e-07	-3.883026e-06	-1.162350e-09	-2.703175e+01	-7.784337e+01
9.300000e-07	-3.849822e-06	-1.161542e-09	-2.680060e+01	-7.761419e+01
9.400000e-07	-3.816130e-06	-1.161166e-09	-2.656605e+01	-7.738160e+01
9.500000e-07	-3.781825e-06	-1.154393e-09	-2.632724e+01	-7.714514e+01
9.600000e-07	-3.747026e-06	-1.148174e-09	-2.608498e+01	-7.690440e+01
9.700000e-07	-3.711921e-06	-1.147238e-09	-2.584060e+01	-7.665902e+01
9.800000e-07	-3.676685e-06	-1.141277e-09	-2.559530e+01	-7.640868e+01
9.900000e-07	-3.641323e-06	-1.137287e-09	-2.534913e+01	-7.615315e+01
1.000000e-06	-3.605793e-06	-1.136967e-09	-2.510178e+01	-7.589224e+01
1.010000e-06	-3.570136e-06	-1.131751e-09	-2.485356e+01	-7.562584e+01
1.020000e-06	-3.534357e-06	-1.120701e-09	-2.460448e+01	-7.535392e+01
1.030000e-06	-3.498375e-06	-1.114051e-09	-2.435399e+01	-7.507652e+01
1.040000e-06	-3.462065e-06	-1.110611e-09	-2.410122e+01	-7.479374e+01
1.050000e-06	-3.425426e-06	-1.107100e-09	-2.384616e+01	-7.450575e+01
1.060000e-06	-3.388506e-06	-1.104742e-09	-2.358914e+01	-7.421278e+01
1.070000e-06	-3.351323e-06	-1.101485e-09	-2.333029e+01	-7.391512e+01
1.080000e-06	-3.313902e-06	-1.091846e-09	-2.306978e+01	-7.361309e+01
1.090000e-06	-3.276359e-06	-1.082505e-09	-2.280843e+01	-7.330704e+01
1.100000e-06	-3.238617e-06	-1.075478e-09	-2.254568e+01	-7.299735e+01
1.110000e-06	-3.200568e-06	-1.067688e-09	-2.228080e+01	-7.268441e+01
1.120000e-06	-3.162306e-06	-1.058368e-09	-2.201445e+01	-7.236860e+01
1.130000e-06	-3.123839e-06	-1.052246e-09	-2.174665e+01	-7.205028e+01
1.140000e-06	-3.085130e-06	-1.048881e-09	-2.147718e+01	-7.172980e+01
1.150000e-06	-3.046190e-06	-1.046047e-09	-2.120610e+01	-7.140745e+01
1.160000e-06	-3.007104e-06	-1.042323e-09	-2.093400e+01	-7.108349e+01
1.170000e-06	-2.967835e-06	-1.036839e-09	-2.066063e+01	-7.075809e+01
1.180000e-06	-2.928417e-06	-1.030399e-09	-2.038622e+01	-7.043139e+01
1.190000e-06	-2.888938e-06	-1.022721e-09	-2.011138e+01	-7.010344e+01
1.200000e-06	-2.849354e-06	-1.014887e-09	-1.983582e+01	-6.977419e+01
1.210000e-06	-2.809652e-06	-1.006122e-09	-1.955943e+01	-6.944353e+01
1.220000e-06	-2.769803e-06	-9.987919e-10	-1.928203e+01	-6.911126e+01
1.230000e-06	-2.729728e-06	-9.940655e-10	-1.900304e+01	-6.877710e+01
1.240000e-06	-2.689401e-06	-9.899698e-10	-1.872231e+01	-6.844068e+01
1.250000e-06	-2.648859e-06	-9.860085e-10	-1.844007e+01	-6.810156e+01
1.260000e-06	-2.608150e-06	-9.824400e-10	-1.815668e+01	-6.775922e+01
1.270000e-06	-2.567126e-06	-9.748972e-10	-1.787109e+01	-6.741309e+01
1.280000e-06	-2.525754e-06	-9.631380e-10	-1.758308e+01	-6.706253e+01
1.290000e-06	-2.484073e-06	-9.522716e-10	-1.729291e+01	-6.670688e+01
1.300000e-06	-2.442126e-06	-9.446647e-10	-1.700090e+01	-6.634544e+01
1.310000e-06	-2.399939e-06	-9.382014e-10	-1.670721e+01	-6.597748e+01
1.320000e-06	-2.357328e-06	-9.331283e-10	-1.641057e+01	-6.560226e+01
1.330000e-06	-2.314436e-06	-9.274088e-10	-1.611198e+01	-6.521908e+01
1.340000e-06	-2.271446e-06	-9.198407e-10	-1.581270e+01	-6.482723e+01
1.350000e-06	-2.228307e-06	-9.109578e-10	-1.551240e+01	-6.442603e+01
1.360000e-06	-2.185011e-06	-9.036870e-10	-1.521099e+01	-6.401486e+01
1.370000e-06	-2.141577e-06	-8.959728e-10	-1.490862e+01	-6.359314e+01
1.380000e-06	-2.098073e-06	-8.894966e-10	-1.460576e+01	-6.316037e+01
1.390000e-06	-2.054507e-06	-8.839166e-10	-1.430249e+01	-6.271610e+01
1.400000e-06	-2.010810e-06	-8.760521e-10	-1.399828e+01	-6.225995e+01
1.410000e-06	-1.967016e-06	-8.675602e-10	-1.369342e+01	-6.179165e+01
1.420000e-06	-1.923149e-06	-8.571264e-10	-1.338803e+01	-6.131099e+01
1.430000e-06	-1.879238e-06	-8.467057e-10	-1.308234e+01	-6.081784e+01
1.440000e-06	-1.835258e-06	-8.373702e-10	-1.277618e+01	-6.031215e+01
1.450000e-06	-1.791145e-06	-8.268709e-10	-1.246909e+01	-5.979395e+01
1.460000e-06	-1.746867e-06	-8.185726e-10	-1.216084e+01	-5.926333e+01
1.470000e-06	-1.702373e-06	-8.130806e-10	-1.185110e+01	-5.872045e+01
1.480000e-06	-1.657696e-06	-8.104060e-10	-1.154007e+01	-5.816551e+01
1.490000e-06	-1.612910e-06	-8.055351e-10	-1.122830e+01	-5.759874e+01
1.500000e-06	-1.568022e-06	-7.948850e-10	-1.091581e+01	-5.702041e+01
1.510000e-06	-1.523028e-06	-7.800253e-10	-1.060258e+01	-5.643080e+01
1.520000e-06	-1.477930e-06	-7.664257e-10	-1.028863e+01	-5.583017e+01
1.530000e-06	-1.432724e-06	-7.533629e-10	-9.973930e+00	-5.521878e+01
1.540000e-06	-1.387411e-06	-7.416047e-10	-9.658483e+00	-5.459683e+01
1.550000e-06	-1.342004e-06	-7.347445e-10	-9.342384e+00	-5.396450e+01
1.560000e-06	-1.296486e-06	-7.295307e-10	-9.025507e+00	-5.332188e+01
1.570000e-06	-1.250886e-06	-7.218853e-10	-8.708064e+00	-5.266900e+01
1.580000e-06	-1.205306e-06	-7.140661e-10	-8.390758e+00	-5.200577e+01
1.590000e-06	-1.159750e-06	-7.048664e-10	-8.073618e+00	-5.133202e+01
1.600000e-06	-1.114075e-06	-6.884629e-10	-7.755653e+00	-5.064747e+01
1.610000e-06	-1.068204e-06	-6.684444e-10	-7.436317e+00	-4.995170e+01
1.620000e-06	-1.022214e-06	-6.503304e-10	-7.116162e+00	-4.924416e+01
1.630000e-06	-9.761190e-07	-6.358497e-10	-6.795268e+00	-4.852419e+01
1.640000e-06	-9.300011e-07	-6.265670e-10	-6.474217e+00	-4.779098e+01
1.650000e-06	-8.838782e-07	-6.190507e-10	-6.153132e+00	-4.704358e+01
1.660000e-06	-8.376518e-07	-6.109751e-10	-5.831326e+00	-4.628094e+01
1.670000e-06	-7.913668e-07	-6.003813e-10	-5.509112e+00	-4.550185e+01
1.680000e-06	-7.450877e-07	-5.854034e-10	-5.186940e+00	-4.470501e+01
1.690000e-06	-6.987055e-07	-5.699389e-10	-4.864049e+00	-4.388900e+01
1.700000e-06	-6.522177e-07	-5.519887e-10	-4.540424e+00	-4.305231e+01
1.710000e-06	-6.057741e-07	-5.332108e-10	-4.217106e+00	-4.219335e+01
1.720000e-06	-5.592969e-07	-5.154255e-10	-3.893554e+00	-4.131047e+01
1.730000e-06	-5.127576e-07	-5.011621e-10	-3.569570e+00	-4.040197e+01
1.740000e-06	-4.661505e-07	-4.891259e-10	-3.245114e+00	-3.946614e+01
1.750000e-06	-4.195171e-07	-4.769923e-10	-2.920475e+00	-3.850123e+01
1.760000e-06	-3.728833e-07	-4.617424e-10	-2.595833e+00	-3.750553e+01
1.770000e-06	-3.261441e-07	-4.431334e-10	-2.270457e+00	-3.647735e+01
1.780000e-06	-2.793668e-07	-4.243324e-10	-1.944817e+00	-3.541508e+01
1.790000e-06	-2.325884e-07	-4.080727e-10	-1.619168e+00	-3.431717e+01
1.800000e-06	-1.857981e-07	-3.931430e-10	-1.293436e+00	-3.318217e+01
1.810000e-06	-1.389961e-07	-3.767861e-10	-9.676234e-01	-3.200874e+01
1.820000e-06	-9.216774e-08	-3.589865e-10	-6.416272e-01	-3.079569e+01
1.830000e-06	-4.534871e-08	-3.405938e-10	-3.156958e-01	-2.954200e+01
1.840000e-06	1.503301e-09	-3.219713e-10	1.046525e-02	-2.824679e+01
1.850000e-06	4.835465e-08	-3.035046e-10	3.366216e-01	-2.690940e+01
1.860000e-06	9.511749e-08	-2.846337e-10	6.621619e-01	-2.552933e+01
1.870000e-06	1.418908e-07	-2.646557e-10	9.877750e-01	-2.410634e+01
1.880000e-06	1.887117e-07	-2.445210e-10	1.313720e+00	-2.264038e+01
1.890000e-06	2.355201e-07	-2.228276e-10	1.639577e+00	-2.113164e+01
1.900000e-06	2.822984e-07	-1.989520e-10	1.965225e+00	-1.958052e+01
1.910000e-06	3.290482e-07	-1.741240e-10	2.290674e+00	-1.798770e+01
1.920000e-06	3.757524e-07	-1.492620e-10	2.615806e+00	-1.635404e+01
1.930000e-06	4.224956e-07	-1.243954e-10	2.941210e+00	-1.468069e+01
1.940000e-06	4.692001e-07	-1.006628e-10	3.266344e+00	-1.296897e+01
1.950000e-06	5.157419e-07	-7.764437e-11	3.590345e+00	-1.122047e+01
1.960000e-06	5.622141e-07	-5.455604e-11	3.913862e+00	-9.436973e+00
1.970000e-06	6.086587e-07	-3.125014e-11	4.237187e+00	-7.620464e+00
1.980000e-06	6.550011e-07	-7.450572e-12	4.559801e+00	-5.773123e+00
1.990000e-06	7.012745e-07	1.798427e-11	4.881933e+00	-3.897308e+00
2.000000e-06	7.475385e-07	4.411332e-11	5.204001e+00	-1.995535e+00
2.010000e-06	7.937537e-07	6.961226e-11	5.525729e+00	-7.046747e-02
2.020000e-06	8.398647e-07	9.684011e-11	5.846731e+00	1.875105e+00
2.030000e-06	8.859655e-07	1.273082e-10	6.167663e+00	3.838283e+00
2.040000e-06	9.320916e-07	1.580257e-10	6.488770e+00	5.816082e+00
2.050000e-06	9.780972e-07	1.862681e-10	6.809039e+00	7.805445e+00
2.060000e-06	1.023975e-06	2.125795e-10	7.128418e+00	9.803268e+00
2.070000e-06	1.069757e-06	2.377166e-10	7.447127e+00	1.180642e+01
2.080000e-06	1.115498e-06	2.615660e-10	7.765554e+00	1.381177e+01
2.090000e-06	1.161162e-06	2.879160e-10	8.083449e+00	1.581618e+01
2.100000e-06	1.206772e-06	3.175453e-10	8.400964e+00	1.781656e+01
2.110000e-06	1.252323e-06	3.471445e-10	8.718068e+00	1.980988e+01
2.120000e-06	1.297749e-06	3.762605e-10	9.034302e+00	2.179317e+01
2.130000e-06	1.343133e-06	4.050698e-10	9.350239e+00	2.376354e+01
2.140000e-06	1.388466e-06	4.320097e-10	9.665828e+00	2.571823e+01
2.150000e-06	1.433679e-06	4.568815e-10	9.980582e+00	2.765457e+01
2.160000e-06	1.478747e-06	4.787172e-10	1.029432e+01	2.957006e+01
2.170000e-06	1.523706e-06	4.981597e-10	1.060730e+01	3.146231e+01
2.180000e-06	1.568624e-06	5.205566e-10	1.092000e+01	3.332912e+01
2.190000e-06	1.613444e-06	5.457733e-10	1.123201e+01	3.516844e+01
2.200000e-06	1.658138e-06	5.736399e-10	1.154315e+01	3.697839e+01
2.210000e-06	1.702759e-06	6.026372e-10	1.185378e+01	3.875728e+01
2.220000e-06	1.747187e-06	6.292100e-10	1.216307e+01	4.050362e+01
2.230000e-06	1.791335e-06	6.530573e-10	1.247040e+01	4.221607e+01
2.240000e-06	1.835325e-06	6.737875e-10	1.277664e+01	4.389352e+01
2.250000e-06	1.879279e-06	6.911187e-10	1.308263e+01	4.553502e+01
2.260000e-06	1.923157e-06	7.081743e-10	1.338809e+01	4.713980e+01
2.270000e-06	1.966928e-06	7.280551e-10	1.369280e+01	4.870729e+01
2.280000e-06	2.010630e-06	7.504760e-10	1.399703e+01	5.023709e+01
2.290000e-06	2.054276e-06	7.733658e-10	1.430088e+01	5.172895e+01
2.300000e-06	2.097886e-06	7.962522e-10	1.460447e+01	5.318279e+01
2.310000e-06	2.141427e-06	8.166552e-10	1.490758e+01	5.459868e+01
2.320000e-06	2.184854e-06	8.322819e-10	1.520989e+01	5.597681e+01
2.330000e-06	2.228155e-06	8.448187e-10	1.551134e+01	5.731751e+01
2.340000e-06	2.271301e-06	8.584583e-10	1.581170e+01	5.862121e+01
2.350000e-06	2.314268e-06	8.751291e-10	1.611082e+01	5.988846e+01
2.360000e-06	2.357054e-06	8.926243e-10	1.640867e+01	6.111987e+01
2.370000e-06	2.399631e-06	9.108382e-10	1.670507e+01	6.231612e+01
2.380000e-06	2.441930e-06	9.287805e-10	1.699953e+01	6.347798e+01
2.390000e-06	2.483905e-06	9.444469e-10	1.729174e+01	6.460623e+01
2.400000e-06	2.525550e-06	9.586247e-10	1.758166e+01	6.570169e+01
2.410000e-06	2.566852e-06	9.723723e-10	1.786918e+01	6.676522e+01
2.420000e-06	2.607859e-06	9.842264e-10	1.815465e+01	6.779767e+01
2.430000e-06	2.648609e-06	9.969431e-10	1.843833e+01	6.879988e+01
2.440000e-06	2.689066e-06	1.013257e-09	1.871998e+01	6.977269e+01
2.450000e-06	2.729229e-06	1.031341e-09	1.899957e+01	7.071693e+01
2.460000e-06	2.769156e-06	1.047398e-09	1.927752e+01	7.163337e+01
2.470000e-06	2.808935e-06	1.056990e-09	1.955444e+01	7.252278e+01
2.480000e-06	2.848631e-06	1.064026e-09	1.983079e+01	7.338586e+01
2.490000e-06	2.888265e-06	1.072279e-09	2.010670e+01	7.422331e+01
2.500000e-06	2.927814e-06	1.082830e-09	2.038202e+01	7.503573e+01
2.510000e-06	2.967206e-06	1.097099e-09	2.065625e+01	7.582374e+01
2.520000e-06	3.006367e-06	1.110430e-09	2.092887e+01	7.658785e+01
2.530000e-06	3.045325e-06	1.125194e-09	2.120008e+01	7.732859e+01
2.540000e-06	3.084090e-06	1.140447e-09	2.146994e+01	7.804641e+01
2.550000e-06	3.122630e-06	1.151688e-09	2.173824e+01	7.874174e+01
2.560000e-06	3.160963e-06	1.158459e-09	2.200510e+01	7.941498e+01
2.570000e-06	3.199064e-06	1.162605e-09	2.227033e+01	8.006649e+01
2.580000e-06	3.236909e-06	1.166215e-09	2.253379e+01	8.069664e+01
2.590000e-06	3.274574e-06	1.170767e-09	2.279600e+01	8.130575e+01
2.600000e-06	3.312119e-06	1.180242e-09	2.305737e+01	8.189416e+01
2.610000e-06	3.349403e-06	1.193568e-09	2.331692e+01	8.246219e+01
2.620000e-06	3.386338e-06	1.208099e-09	2.357404e+01	8.301018e+01
2.630000e-06	3.423028e-06	1.217939e-09	2.382946e+01	8.353846e+01
2.640000e-06	3.459444e-06	1.223086e-09	2.408298e+01	8.404738e+01
2.650000e-06	3.495613e-06	1.226904e-09	2.433476e+01	8.453731e+01
2.660000e-06	3.531638e-06	1.230930e-09	2.458555e+01	8.500864e+01
2.670000e-06	3.567455e-06	1.235256e-09	2.483490e+01	8.546179e+01
2.680000e-06	3.603104e-06	1.239880e-09	2.508307e+01	8.589718e+01
2.690000e-06	3.638660e-06	1.246308e-09	2.533059e+01	8.631527e+01
2.700000e-06	3.674087e-06	1.253403e-09	2.557722e+01	8.671656e+01
2.710000e-06	3.709339e-06	1.258496e-09	2.582262e+01	8.710153e+01
2.720000e-06	3.744384e-06	1.261442e-09	2.606659e+01	8.747072e+01
2.730000e-06	3.779158e-06	1.263630e-09	2.630867e+01	8.782466e+01
2.740000e-06	3.813468e-06	1.266138e-09	2.654751e+01	8.816391e+01
2.750000e-06	3.847174e-06	1.268912e-09	2.678216e+01	8.848902e+01
2.760000e-06	3.880381e-06	1.272862e-09	2.701333e+01	8.880055e+01
2.770000e-06	3.913165e-06	1.277756e-09	2.724156e+01	8.909905e+01
2.780000e-06	3.945519e-06	1.281858e-09	2.746679e+01	8.938508e+01
2.790000e-06	3.977575e-06	1.285420e-09	2.768995e+01	8.965916e+01
2.800000e-06	4.009457e-06	1.287484e-09	2.791190e+01	8.992180e+01
2.810000e-06	4.041163e-06	1.288454e-09	2.813262e+01	9.017347e+01
2.820000e-06	4.072736e-06	1.291130e-09	2.835242e+01	9.041464e+01
2.830000e-06	4.104188e-06	1.295534e-09	2.857137e+01	9.064571e+01
2.840000e-06	4.135424e-06	1.299300e-09	2.878882e+01	9.086705e+01
2.850000e-06	4.166381e-06	1.303989e-09	2.900433e+01	9.107900e+01
2.860000e-06	4.196957e-06	1.310748e-09	2.921718e+01	9.128185e+01
2.870000e-06	4.227097e-06	1.317081e-09	2.942700e+01	9.147584e+01
2.880000e-06	4.256922e-06	1.318834e-09	2.963463e+01	9.166116e+01
2.890000e-06	4.286514e-06	1.317748e-09	2.984064e+01	9.183799e+01
2.900000e-06	4.315839e-06	1.317569e-09	3.004478e+01	9.200644e+01
2.910000e-06	4.344878e-06	1.318616e-09	3.024694e+01	9.216659e+01
2.920000e-06	4.373636e-06	1.320831e-09	3.044714e+01	9.231851e+01
2.930000e-06	4.402094e-06	1.323814e-09	3.064525e+01	9.246222e+01
2.940000e-06	4.430269e-06	1.327592e-09	3.084139e+01	9.259775e+01
2.950000e-06	4.458182e-06	1.332259e-09	3.103571e+01	9.272510e+01
2.960000e-06	4.485888e-06	1.335327e-09	3.122858e+01	9.284428e+01
2.970000e-06	4.513422e-06	1.337076e-09	3.142026e+01	9.295530e+01
2.980000e-06	4.540777e-06	1.339585e-09	3.161069e+01	9.305817e+01
2.990000e-06	4.567923e-06	1.340195e-09	3.179967e+01	9.315296e+01
3.000000e-06	4.594655e-06	1.340570e-09	3.198576e+01	9.323972e+01
3.010000e-06	4.620872e-06	1.341270e-09	3.216827e+01	9.331859e+01
3.020000e-06	4.646591e-06	1.344330e-09	3.234731e+01	9.338970e+01
3.030000e-06	4.671687e-06	1.348234e-09	3.252202e+01	9.345327e+01
3.040000e-06	4.696226e-06	1.352164e-09	3.269285e+01	9.350953e+01
3.050000e-06	4.720388e-06	1.356010e-09	3.286105e+01	9.355879e+01
3.060000e-06	4.744230e-06	1.358577e-09	3.302703e+01	9.360141e+01
3.070000e-06	4.767793e-06	1.360900e-09	3.319107e+01	9.363779e+01
3.080000e-06	4.791054e-06	1.360542e-09	3.335300e+01	9.366841e+01
3.090000e-06	4.814031e-06	1.358506e-09	3.351295e+01	9.369376e+01
3.100000e-06	4.836728e-06	1.354805e-09	3.367095e+01	9.371440e+01
3.110000e-06	4.859044e-06	1.353262e-09	3.382631e+01	9.373092e+01
3.120000e-06	4.881024e-06	1.356026e-09	3.397932e+01	9.374393e+01
3.130000e-06	4.902724e-06	1.360848e-09	3.413039e+01	9.375407e+01
3.140000e-06	4.924082e-06	1.365714e-09	3.427907e+01	9.376199e+01
3.150000e-06	4.945154e-06	1.370421e-09	3.442576e+01	9.376834e+01
3.160000e-06	4.965818e-06	1.372800e-09	3.456962e+01	9.377374e+01
3.170000e-06	4.986081e-06	1.371346e-09	3.471068e+01	9.377881e+01
3.180000e-06	5.006086e-06	1.367877e-09	3.484995e+01	9.378412e+01
3.190000e-06	5.025856e-06	1.365930e-09	3.498757e+01	9.379020e+01
3.200000e-06	5.045403e-06	1.365165e-09	3.512365e+01	9.379753e+01
3.210000e-06	5.064732e-06	1.366304e-09	3.525821e+01	9.380651e+01
3.220000e-06	5.083847e-06	1.368628e-09	3.539128e+01	9.381747e+01
3.230000e-06	5.102621e-06	1.372244e-09	3.552198e+01	9.383066e+01
3.240000e-06	5.120949e-06	1.377561e-09	3.564956e+01	9.384623e+01
3.250000e-06	5.138714e-06	1.379903e-09	3.577324e+01	9.386425e+01
3.260000e-06	5.156012e-06	1.379911e-09	3.589366e+01	9.388469e+01
3.270000e-06	5.173001e-06	1.380055e-09	3.601193e+01	9.390742e+01
3.280000e-06	5.189652e-06	1.380866e-09	3.612785e+01	9.393221e+01
3.290000e-06	5.205954e-06	1.381776e-09	3.624133e+01	9.395875e+01
3.300000e-06	5.221940e-06	1.382621e-09	3.635261e+01	9.398664e+01
3.310000e-06	5.237560e-06	1.385299e-09	3.646135e+01	9.401541e+01
3.320000e-06	5.252656e-06	1.389306e-09	3.656644e+01	9.404451e+01
3.330000e-06	5.267180e-06	1.391847e-09	3.666756e+01	9.407332e+01
3.340000e-06	5.281284e-06	1.393625e-09	3.676574e+01	9.410121e+01
3.350000e-06	5.295075e-06	1.395738e-09	3.686175e+01	9.412750e+01
3.360000e-06	5.308513e-06	1.398530e-09	3.695529e+01	9.415148e+01
3.370000e-06	5.321542e-06	1.400641e-09	3.704600e+01	9.417247e+01
3.380000e-06	5.334138e-06	1.402675e-09	3.713369e+01	9.418977e+01
3.390000e-06	5.346368e-06	1.402719e-09	3.721883e+01	9.420273e+01
3.400000e-06	5.358279e-06	1.400758e-09	3.730175e+01	9.421074e+01
3.410000e-06	5.369848e-06	1.398032e-09	3.738228e+01	9.421326e+01
3.420000e-06	5.381091e-06	1.396267e-09	3.746055e+01	9.420980e+01
3.430000e-06	5.391949e-06	1.397217e-09	3.753614e+01	9.419998e+01
3.440000e-06	5.402280e-06	1.399552e-09	3.760806e+01	9.418349e+01
3.450000e-06	5.411844e-06	1.404762e-09	3.767464e+01	9.416013e+01
3.460000e-06	5.420680e-06	1.409529e-09	3.773615e+01	9.412984e+01
3.470000e-06	5.429031e-06	1.412287e-09	3.779429e+01	9.409262e+01
3.480000e-06	5.436945e-06	1.412662e-09	3.784938e+01	9.404862e+01
3.490000e-06	5.444595e-06	1.408998e-09	3.790264e+01	9.399809e+01
3.500000e-06	5.452103e-06	1.404492e-09	3.795490e+01	9.394141e+01
3.510000e-06	5.459360e-06	1.402697e-09	3.800542e+01	9.387902e+01
3.520000e-06	5.466243e-06	1.405779e-09	3.805334e+01	9.381150e+01
3.530000e-06	5.472658e-06	1.410556e-09	3.809799e+01	9.373950e+01
3.540000e-06	5.478662e-06	1.414059e-09	3.813979e+01	9.366372e+01
3.550000e-06	5.484362e-06	1.414983e-09	3.817947e+01	9.358495e+01
3.560000e-06	5.489760e-06	1.412549e-09	3.821705e+01	9.350399e+01
3.570000e-06	5.494818e-06	1.409268e-09	3.825226e+01	9.342170e+01
3.580000e-06	5.499403e-06	1.408640e-09	3.828418e+01	9.333890e+01
3.590000e-06	5.503452e-06	1.410212e-09	3.831237e+01	9.325645e+01
3.600000e-06	5.507195e-06	1.409666e-09	3.833842e+01	9.317513e+01
3.610000e-06	5.510797e-06	1.407204e-09	3.836350e+01	9.309570e+01
3.620000e-06	5.514178e-06	1.404800e-09	3.838704e+01	9.301886e+01
3.630000e-06	5.517254e-06	1.403419e-09	3.840845e+01	9.294522e+01
3.640000e-06	5.519893e-06	1.405593e-09	3.842682e+01	9.287528e+01
3.650000e-06	5.522009e-06	1.411799e-09	3.844155e+01	9.280945e+01
3.660000e-06	5.523523e-06	1.419525e-09	3.845209e+01	9.274802e+01
3.670000e-06	5.524356e-06	1.424415e-09	3.845789e+01	9.269116e+01
3.680000e-06	5.524659e-06	1.424233e-09	3.846000e+01	9.263889e+01
3.690000e-06	5.524579e-06	1.420111e-09	3.845944e+01	9.259112e+01
3.700000e-06	5.524199e-06	1.415265e-09	3.845680e+01	9.254760e+01
3.710000e-06	5.523588e-06	1.412916e-09	3.845255e+01	9.250799e+01
3.720000e-06	5.522723e-06	1.413495e-09	3.844652e+01	9.247179e+01
3.730000e-06	5.521554e-06	1.416426e-09	3.843839e+01	9.243839e+01
3.740000e-06	5.519967e-06	1.421595e-09	3.842733e+01	9.240709e+01
3.750000e-06	5.517960e-06	1.434688e-09	3.841336e+01	9.237710e+01
3.760000e-06	5.515651e-06	1.449626e-09	3.839729e+01	9.234754e+01
3.770000e-06	5.513047e-06	1.433986e-09	3.837916e+01	9.231749e+01
3.780000e-06	5.509983e-06	1.360447e-09	3.835783e+01	9.228596e+01
3.790000e-06	5.506330e-06	1.284762e-09	3.833240e+01	9.225197e+01
3.800000e-06	5.502138e-06	1.335174e-09	3.830322e+01	9.221453e+01
3.810000e-06	5.497654e-06	1.472921e-09	3.827201e+01	9.217267e+01
3.820000e-06	5.493124e-06	1.500910e-09	3.824047e+01	9.212545e+01
3.830000e-06	5.488466e-06	1.407184e-09	3.820804e+01	9.207200e+01
3.840000e-06	5.483263e-06	1.375704e-09	3.817182e+01	9.201152e+01
3.850000e-06	5.477382e-06	1.443549e-09	3.813088e+01	9.194330e+01
3.860000e-06	5.471180e-06	1.462865e-09	3.808771e+01	9.186674e+01
3.870000e-06	5.464824e-06	1.358746e-09	3.804346e+01	9.178134e+01
3.880000e-06	5.457969e-06	1.356699e-09	3.799573e+01	9.168676e+01
3.890000e-06	5.450266e-06	1.518650e-09	3.794211e+01	9.158277e+01
3.900000e-06	5.442073e-06	1.550394e-09	3.788507e+01	9.146929e+01
3.910000e-06	5.433691e-06	1.361202e-09	3.782673e+01	9.134637e+01
3.920000e-06	5.424940e-06	1.270749e-09	3.776581e+01	9.121421e+01
3.930000e-06	5.415843e-06	1.432090e-09	3.770247e+01	9.107313e+01
3.940000e-06	5.406568e-06	1.511939e-09	3.763791e+01	9.092359e+01
3.950000e-06	5.397004e-06	1.402587e-09	3.757133e+01	9.076615e+01
3.960000e-06	5.386838e-06	1.348489e-09	3.750056e+01	9.060149e+01
3.970000e-06	5.376192e-06	1.459696e-09	3.742645e+01	9.043038e+01
3.980000e-06	5.365438e-06	1.468430e-09	3.735158e+01	9.025365e+01
3.990000e-06	5.354401e-06	1.350900e-09	3.727475e+01	9.007220e+01
4.000000e-06	5.342732e-06	1.323383e-09	3.719351e+01	8.988697e+01
4.010000e-06	5.330657e-06	1.399602e-09	3.710945e+01	8.969891e+01
4.020000e-06	5.318344e-06	1.388152e-09	3.702373e+01	8.950896e+01
4.030000e-06	5.305505e-06	1.310908e-09	3.693436e+01	8.931806e+01
4.040000e-06	5.292024e-06	1.336673e-09	3.684051e+01	8.912712e+01
4.050000e-06	5.278192e-06	1.407265e-09	3.674422e+01	8.893696e+01
4.060000e-06	5.263835e-06	1.366257e-09	3.664427e+01	8.874836e+01
4.070000e-06	5.248597e-06	1.291809e-09	3.653819e+01	8.856200e+01
4.080000e-06	5.232782e-06	1.344709e-09	3.642809e+01	8.837848e+01
4.090000e-06	5.216735e-06	1.424476e-09	3.631638e+01	8.819826e+01
4.100000e-06	5.200456e-06	1.363855e-09	3.620306e+01	8.802172e+01
4.110000e-06	5.183877e-06	1.280662e-09	3.608764e+01	8.784909e+01
4.120000e-06	5.167021e-06	1.344565e-09	3.597030e+01	8.768051e+01
4.130000e-06	5.149868e-06	1.399645e-09	3.585089e+01	8.751596e+01
4.140000e-06	5.132230e-06	1.331632e-09	3.572810e+01	8.735535e+01
4.150000e-06	5.114126e-06	1.304047e-09	3.560207e+01	8.719842e+01
4.160000e-06	5.095787e-06	1.377552e-09	3.547440e+01	8.704486e+01
4.170000e-06	5.077187e-06	1.352220e-09	3.534492e+01	8.689422e+01
4.180000e-06	5.058255e-06	1.288184e-09	3.521312e+01	8.674601e+01
4.190000e-06	5.038952e-06	1.345176e-09	3.507874e+01	8.659963e+01
4.200000e-06	5.019282e-06	1.383646e-09	3.494181e+01	8.645446e+01
4.210000e-06	4.999236e-06	1.303168e-09	3.480226e+01	8.630981e+01
4.220000e-06	4.978928e-06	1.300445e-09	3.466089e+01	8.616501e+01
4.230000e-06	4.958492e-06	1.355637e-09	3.451862e+01	8.601935e+01
4.240000e-06	4.937863e-06	1.312531e-09	3.437501e+01	8.587214e+01
4.250000e-06	4.916941e-06	1.281524e-09	3.422937e+01	8.572272e+01
4.260000e-06	4.895585e-06	1.341953e-09	3.408069e+01	8.557047e+01
4.270000e-06	4.873549e-06	1.321599e-09	3.392729e+01	8.541483e+01
4.280000e-06	4.850846e-06	1.271931e-09	3.376924e+01	8.525529e+01
4.290000e-06	4.827740e-06	1.322553e-09	3.360839e+01	8.509145e+01
4.300000e-06	4.804210e-06	1.339988e-09	3.344459e+01	8.492295e+01
4.310000e-06	4.780249e-06	1.272950e-09	3.327778e+01	8.474955e+01
4.320000e-06	4.756038e-06	1.281303e-09	3.310923e+01	8.457109e+01
4.330000e-06	4.731651e-06	1.325765e-09	3.293946e+01	8.438752e+01
4.340000e-06	4.707038e-06	1.301246e-09	3.276812e+01	8.419886e+01
4.350000e-06	4.682156e-06	1.289035e-09	3.259490e+01	8.400523e+01
4.360000e-06	4.656998e-06	1.311596e-09	3.241976e+01	8.380685e+01
4.370000e-06	4.631442e-06	1.298676e-09	3.224186e+01	8.360398e+01
4.380000e-06	4.605447e-06	1.284936e-09	3.206089e+01	8.339698e+01
4.390000e-06	4.579162e-06	1.299069e-09	3.187791e+01	8.318624e+01
4.400000e-06	4.552624e-06	1.291537e-09	3.169316e+01	8.297222e+01
4.410000e-06	4.525791e-06	1.275062e-09	3.150636e+01	8.275538e+01
4.420000e-06	4.498626e-06	1.271806e-09	3.131725e+01	8.253622e+01
4.430000e-06	4.471034e-06	1.267816e-09	3.112517e+01	8.231523e+01
4.440000e-06	4.443113e-06	1.270238e-09	3.093080e+01	8.209290e+01
4.450000e-06	4.414992e-06	1.282512e-09	3.073504e+01	8.186969e+01
4.460000e-06	4.386675e-06	1.272956e-09	3.053791e+01	8.164602e+01
4.470000e-06	4.358218e-06	1.264422e-09	3.033980e+01	8.142227e+01
4.480000e-06	4.329602e-06	1.269855e-09	3.014059e+01	8.119877e+01
4.490000e-06	4.300664e-06	1.266046e-09	2.993914e+01	8.097576e+01
4.500000e-06	4.271192e-06	1.251709e-09	2.973397e+01	8.075344e+01
4.510000e-06	4.241182e-06	1.253725e-09	2.952506e+01	8.053190e+01
4.520000e-06	4.210706e-06	1.251545e-09	2.931289e+01	8.031118e+01
4.530000e-06	4.179707e-06	1.242235e-09	2.909709e+01	8.009122e+01
4.540000e-06	4.148192e-06	1.247713e-09	2.887770e+01	7.987190e+01
4.550000e-06	4.116336e-06	1.257020e-09	2.865594e+01	7.965301e+01
4.560000e-06	4.084263e-06	1.244153e-09	2.843266e+01	7.943428e+01
4.570000e-06	4.051976e-06	1.236025e-09	2.820790e+01	7.921537e+01
4.580000e-06	4.019598e-06	1.245737e-09	2.798249e+01	7.899589e+01
4.590000e-06	3.987108e-06	1.247505e-09	2.775631e+01	7.877541e+01
4.600000e-06	3.954370e-06	1.237531e-09	2.752841e+01	7.855346e+01
4.610000e-06	3.921395e-06	1.238194e-09	2.729885e+01	7.832956e+01
4.620000e-06	3.888121e-06	1.236756e-09	2.706722e+01	7.810321e+01
4.630000e-06	3.854520e-06	1.223058e-09	2.683330e+01	7.787392e+01
4.640000e-06	3.820570e-06	1.219678e-09	2.659696e+01	7.764122e+01
4.650000e-06	3.786329e-06	1.223532e-09	2.635859e+01	7.740465e+01
4.660000e-06	3.751962e-06	1.217199e-09	2.611934e+01	7.716380e+01
4.670000e-06	3.717466e-06	1.211734e-09	2.587920e+01	7.691831e+01
4.680000e-06	3.682750e-06	1.219233e-09	2.563752e+01	7.666786e+01
4.690000e-06	3.647721e-06	1.219989e-09	2.539367e+01	7.641221e+01
4.700000e-06	3.612327e-06	1.211648e-09	2.514727e+01	7.615119e+01
4.710000e-06	3.576608e-06	1.206526e-09	2.489861e+01	7.588468e+01
4.720000e-06	3.540601e-06	1.201988e-09	2.464795e+01	7.561265e+01
4.730000e-06	3.504429e-06	1.193308e-09	2.439614e+01	7.533514e+01
4.740000e-06	3.468189e-06	1.190104e-09	2.414386e+01	7.505224e+01
4.750000e-06	3.431859e-06	1.190911e-09	2.389094e+01	7.476414e+01
4.760000e-06	3.395418e-06	1.185187e-09	2.363725e+01	7.447107e+01
4.770000e-06	3.358800e-06	1.177101e-09	2.338234e+01	7.417329e+01
4.780000e-06	3.321907e-06	1.176099e-09	2.312551e+01	7.387115e+01
4.790000e-06	3.284703e-06	1.172481e-09	2.286651e+01	7.356499e+01
4.800000e-06	3.247212e-06	1.169352e-09	2.260552e+01	7.325519e+01
4.810000e-06	3.209388e-06	1.165248e-09	2.234221e+01	7.294213e+01
4.820000e-06	3.171172e-06	1.161526e-09	2.207616e+01	7.262621e+01
4.830000e-06	3.132453e-06	1.155613e-09	2.180662e+01	7.230778e+01
4.840000e-06	3.093239e-06	1.151704e-09	2.153363e+01	7.198719e+01
4.850000e-06	3.053684e-06	1.146638e-09	2.125827e+01	7.166473e+01
4.860000e-06	3.013868e-06	1.139955e-09	2.098109e+01	7.134065e+01
4.870000e-06	2.973888e-06	1.136788e-09	2.070277e+01	7.101515e+01
4.880000e-06	2.933799e-06	1.137127e-09	2.042369e+01	7.068834e+01
4.890000e-06	2.893582e-06	1.137108e-09	2.014372e+01	7.036027e+01
4.900000e-06	2.853248e-06	1.135294e-09	1.986293e+01	7.003090e+01
4.910000e-06	2.812828e-06	1.131338e-09	1.958155e+01	6.970014e+01
4.920000e-06	2.772334e-06	1.123406e-09	1.929964e+01	6.936776e+01
4.930000e-06	2.731720e-06	1.116461e-09	1.901691e+01	6.903348e+01
4.940000e-06	2.690886e-06	1.111756e-09	1.873265e+01	6.869695e+01
4.950000e-06	2.649788e-06	1.107653e-09	1.844654e+01	6.835772e+01
4.960000e-06	2.608479e-06	1.104475e-09	1.815897e+01	6.801526e+01
4.970000e-06	2.567047e-06	1.104370e-09	1.787054e+01	6.766902e+01
4.980000e-06	2.525491e-06	1.106120e-09	1.758124e+01	6.731836e+01
4.990000e-06	2.483759e-06	1.106580e-09	1.729073e+01	6.696260e+01
5.000000e-06	2.441792e-06	1.100810e-09	1.699857e+01	6.660104e+01
5.010000e-06	2.399610e-06	1.090851e-09	1.670492e+01	6.623296e+01
5.020000e-06	2.357280e-06	1.079984e-09	1.641024e+01	6.585764e+01
5.030000e-06	2.314778e-06	1.073393e-09	1.611436e+01	6.547435e+01
5.040000e-06	2.272144e-06	1.071421e-09	1.581757e+01	6.508238e+01
5.050000e-06	2.229417e-06	1.070838e-09	1.552012e+01	6.468107e+01
5.060000e-06	2.186557e-06	1.068725e-09	1.522175e+01	6.426979e+01
5.070000e-06	2.143564e-06	1.064661e-09	1.492245e+01	6.384796e+01
5.080000e-06	2.100363e-06	1.055537e-09	1.462171e+01	6.341508e+01
5.090000e-06	2.056872e-06	1.045379e-09	1.431895e+01	6.297069e+01
5.100000e-06	2.013177e-06	1.035564e-09	1.401476e+01	6.251444e+01
5.110000e-06	1.969377e-06	1.026498e-09	1.370985e+01	6.204603e+01
5.120000e-06	1.925528e-06	1.018023e-09	1.340459e+01	6.156525e+01
5.130000e-06	1.881594e-06	1.014813e-09	1.309875e+01	6.107199e+01
5.140000e-06	1.837513e-06	1.014773e-09	1.279187e+01	6.056619e+01
5.150000e-06	1.793317e-06	1.011608e-09	1.248420e+01	6.004787e+01
5.160000e-06	1.749104e-06	1.005123e-09	1.217642e+01	5.951715e+01
5.170000e-06	1.704885e-06	9.975204e-10	1.186859e+01	5.897415e+01
5.180000e-06	1.660557e-06	9.917588e-10	1.156000e+01	5.841910e+01
5.190000e-06	1.616140e-06	9.843531e-10	1.125078e+01	5.785222e+01
5.200000e-06	1.571681e-06	9.762734e-10	1.094128e+01	5.727378e+01
5.210000e-06	1.527151e-06	9.668872e-10	1.063128e+01	5.668405e+01
5.220000e-06	1.482519e-06	9.565915e-10	1.032058e+01	5.608331e+01
5.230000e-06	1.437809e-06	9.482914e-10	1.000933e+01	5.547181e+01
5.240000e-06	1.393044e-06	9.396057e-10	9.697700e+00	5.484975e+01
5.250000e-06	1.348152e-06	9.301974e-10	9.385183e+00	5.421731e+01
5.260000e-06	1.303173e-06	9.230051e-10	9.072056e+00	5.357458e+01
5.270000e-06	1.258229e-06	9.163093e-10	8.759184e+00	5.292158e+01
5.280000e-06	1.213192e-06	9.093513e-10	8.445654e+00	5.225824e+01
5.290000e-06	1.168038e-06	9.019839e-10	8.131315e+00	5.158438e+01
5.300000e-06	1.122815e-06	8.921268e-10	7.816494e+00	5.089972e+01
5.310000e-06	1.077463e-06	8.821644e-10	7.500777e+00	5.020383e+01
5.320000e-06	1.031965e-06	8.722282e-10	7.184041e+00	4.949618e+01
5.330000e-06	9.863798e-07	8.630409e-10	6.866699e+00	4.877610e+01
5.340000e-06	9.407011e-07	8.507228e-10	6.548706e+00	4.804278e+01
5.350000e-06	8.949227e-07	8.360898e-10	6.230019e+00	4.729527e+01
5.360000e-06	8.491163e-07	8.215764e-10	5.911137e+00	4.653252e+01
5.370000e-06	8.032187e-07	8.085430e-10	5.591619e+00	4.575332e+01
5.380000e-06	7.571622e-07	7.980849e-10	5.270997e+00	4.495636e+01
5.390000e-06	7.110575e-07	7.869929e-10	4.950038e+00	4.414024e+01
5.400000e-06	6.649616e-07	7.737589e-10	4.629140e+00	4.330344e+01
5.410000e-06	6.187288e-07	7.610612e-10	4.307290e+00	4.244437e+01
5.420000e-06	5.724281e-07	7.501335e-10	3.984967e+00	4.156138e+01
5.430000e-06	5.261583e-07	7.347715e-10	3.662860e+00	4.065277e+01
5.440000e-06	4.798954e-07	7.158718e-10	3.340799e+00	3.971682e+01
5.450000e-06	4.336066e-07	6.966719e-10	3.018559e+00	3.875180e+01
5.460000e-06	3.872032e-07	6.789410e-10	2.695521e+00	3.775599e+01
5.470000e-06	3.406687e-07	6.661208e-10	2.371571e+00	3.672770e+01
5.480000e-06	2.941449e-07	6.576396e-10	2.047694e+00	3.566532e+01
5.490000e-06	2.477331e-07	6.466979e-10	1.724598e+00	3.456730e+01
5.500000e-06	2.013228e-07	6.275772e-10	1.401512e+00	3.343218e+01
5.510000e-06	1.548432e-07	6.023545e-10	1.077943e+00	3.225864e+01
5.520000e-06	1.083509e-07	5.749020e-10	7.542865e-01	3.104548e+01
5.530000e-06	6.182878e-08	5.470467e-10	4.304221e-01	2.979168e+01
5.540000e-06	1.529846e-08	5.239515e-10	1.065005e-01	2.849636e+01
5.550000e-06	-3.123151e-08	5.047438e-10	-2.174186e-01	2.715885e+01
5.560000e-06	-7.773250e-08	4.860704e-10	-5.411360e-01	2.577868e+01
5.570000e-06	-1.241843e-07	4.632848e-10	-8.645107e-01	2.435558e+01
5.580000e-06	-1.706808e-07	4.370586e-10	-1.188197e+00	2.288950e+01
5.590000e-06	-2.171982e-07	4.096629e-10	-1.512029e+00	2.138065e+01
5.600000e-06	-2.636600e-07	3.839677e-10	-1.835473e+00	1.982942e+01
5.610000e-06	-3.100996e-07	3.606353e-10	-2.158763e+00	1.823648e+01
5.620000e-06	-3.565108e-07	3.350086e-10	-2.481856e+00	1.660272e+01
5.630000e-06	-4.028790e-07	3.054129e-10	-2.804649e+00	1.492925e+01
5.640000e-06	-4.492355e-07	2.746430e-10	-3.127360e+00	1.321742e+01
5.650000e-06	-4.955863e-07	2.434650e-10	-3.450032e+00	1.146881e+01
5.660000e-06	-5.419190e-07	2.132927e-10	-3.772578e+00	9.685198e+00
5.670000e-06	-5.881214e-07	1.854858e-10	-4.094216e+00	7.868578e+00
5.680000e-06	-6.342320e-07	1.577799e-10	-4.415216e+00	6.021125e+00
5.690000e-06	-6.803101e-07	1.279817e-10	-4.735989e+00	4.145198e+00
5.700000e-06	-7.263239e-07	9.454099e-11	-5.056315e+00	2.243313e+00
5.710000e-06	-7.723648e-07	5.777294e-11	-5.376830e+00	3.181341e-01
5.720000e-06	-8.183307e-07	2.077883e-11	-5.696822e+00	-1.627550e+00
5.730000e-06	-8.641615e-07	-1.288130e-11	-6.015874e+00	-3.590840e+00
5.740000e-06	-9.099322e-07	-4.436726e-11	-6.334507e+00	-5.568751e+00
5.750000e-06	-9.556422e-07	-7.611057e-11	-6.652718e+00	-7.558225e+00
5.760000e-06	-1.001269e-06	-1.100814e-10	-6.970353e+00	-9.556161e+00
5.770000e-06	-1.046770e-06	-1.446567e-10	-7.287105e+00	-1.155943e+01
5.780000e-06	-1.092112e-06	-1.789454e-10	-7.602756e+00	-1.356488e+01
5.790000e-06	-1.137317e-06	-2.112522e-10	-7.917453e+00	-1.556940e+01
5.800000e-06	-1.182470e-06	-2.417916e-10	-8.231781e+00	-1.756990e+01
5.810000e-06	-1.227543e-06	-2.734602e-10	-8.545558e+00	-1.956333e+01
5.820000e-06	-1.272542e-06	-3.065888e-10	-8.858821e+00	-2.154673e+01
5.830000e-06	-1.317463e-06	-3.410291e-10	-9.171539e+00	-2.351722e+01
5.840000e-06	-1.362213e-06	-3.776255e-10	-9.483068e+00	-2.547201e+01
5.850000e-06	-1.406856e-06	-4.141182e-10	-9.793849e+00	-2.740847e+01
5.860000e-06	-1.451469e-06	-4.479738e-10	-1.010443e+01	-2.932407e+01
5.870000e-06	-1.496001e-06	-4.803600e-10	-1.041443e+01	-3.121644e+01
5.880000e-06	-1.540469e-06	-5.091652e-10	-1.072400e+01	-3.308335e+01
5.890000e-06	-1.584885e-06	-5.338535e-10	-1.103320e+01	-3.492278e+01
5.900000e-06	-1.629248e-06	-5.595897e-10	-1.134203e+01	-3.673284e+01
5.910000e-06	-1.673585e-06	-5.887116e-10	-1.165069e+01	-3.851185e+01
5.920000e-06	-1.717869e-06	-6.215339e-10	-1.195897e+01	-4.025830e+01
5.930000e-06	-1.762112e-06	-6.570504e-10	-1.226697e+01	-4.197086e+01
5.940000e-06	-1.806306e-06	-6.911569e-10	-1.257463e+01	-4.364842e+01
5.950000e-06	-1.850425e-06	-7.207039e-10	-1.288176e+01	-4.529003e+01
5.960000e-06	-1.894424e-06	-7.464789e-10	-1.318806e+01	-4.689493e+01
5.970000e-06	-1.938294e-06	-7.704665e-10	-1.349346e+01	-4.846253e+01
5.980000e-06	-1.982059e-06	-7.947474e-10	-1.379813e+01	-4.999244e+01
5.990000e-06	-2.025676e-06	-8.195229e-10	-1.410178e+01	-5.148441e+01
6.000000e-06	-2.069096e-06	-8.435178e-10	-1.440404e+01	-5.293837e+01
6.010000e-06	-2.112374e-06	-8.681245e-10	-1.470532e+01	-5.435437e+01
6.020000e-06	-2.155538e-06	-8.925602e-10	-1.500581e+01	-5.573261e+01
6.030000e-06	-2.198515e-06	-9.194698e-10	-1.530500e+01	-5.707342e+01
6.040000e-06	-2.241263e-06	-9.470120e-10	-1.560258e+01	-5.837724e+01
6.050000e-06	-2.283886e-06	-9.702589e-10	-1.589931e+01	-5.964459e+01
6.060000e-06	-2.326420e-06	-9.877162e-10	-1.619541e+01	-6.087611e+01
6.070000e-06	-2.368780e-06	-1.002405e-09	-1.649030e+01	-6.207248e+01
6.080000e-06	-2.411018e-06	-1.015742e-09	-1.678434e+01	-6.323444e+01
6.090000e-06	-2.453130e-06	-1.029136e-09	-1.707751e+01	-6.436280e+01
6.100000e-06	-2.494953e-06	-1.047182e-09	-1.736866e+01	-6.545838e+01
6.110000e-06	-2.536521e-06	-1.070458e-09	-1.765803e+01	-6.652203e+01
6.120000e-06	-2.577925e-06	-1.096620e-09	-1.794626e+01	-6.755458e+01
6.130000e-06	-2.619065e-06	-1.122343e-09	-1.823266e+01	-6.855691e+01
6.140000e-06	-2.660016e-06	-1.144576e-09	-1.851774e+01	-6.952983e+01
6.150000e-06	-2.700834e-06	-1.161394e-09	-1.880190e+01	-7.047418e+01
6.160000e-06	-2.741507e-06	-1.173430e-09	-1.908505e+01	-7.139073e+01
6.170000e-06	-2.782032e-06	-1.183346e-09	-1.936716e+01	-7.228025e+01
6.180000e-06	-2.822402e-06	-1.193699e-09	-1.964819e+01	-7.314345e+01
6.190000e-06	-2.862691e-06	-1.206095e-09	-1.992867e+01	-7.398100e+01
6.200000e-06	-2.902941e-06	-1.224077e-09	-2.020887e+01	-7.479354e+01
6.210000e-06	-2.943061e-06	-1.244066e-09	-2.048816e+01	-7.558166e+01
6.220000e-06	-2.982934e-06	-1.259810e-09	-2.076574e+01	-7.634589e+01
6.230000e-06	-3.022585e-06	-1.272134e-09	-2.104177e+01	-7.708674e+01
6.240000e-06	-3.062018e-06	-1.283404e-09	-2.131629e+01	-7.780467e+01
6.250000e-06	-3.101202e-06	-1.291365e-09	-2.158907e+01	-7.850011e+01
6.260000e-06	-3.140017e-06	-1.298716e-09	-2.185928e+01	-7.917346e+01
6.270000e-06	-3.178300e-06	-1.308571e-09	-2.212578e+01	-7.982509e+01
6.280000e-06	-3.216089e-06	-1.319657e-09	-2.238885e+01	-8.045534e+01
6.290000e-06	-3.253556e-06	-1.330127e-09	-2.264968e+01	-8.106457e+01
6.300000e-06	-3.290778e-06	-1.339837e-09	-2.290880e+01	-8.165309e+01
6.310000e-06	-3.327715e-06	-1.349828e-09	-2.316594e+01	-8.222123e+01
6.320000e-06	-3.364386e-06	-1.358837e-09	-2.342123e+01	-8.276933e+01
6.330000e-06	-3.400866e-06	-1.367607e-09	-2.367518e+01	-8.329772e+01
6.340000e-06	-3.437217e-06	-1.377239e-09	-2.392824e+01	-8.380675e+01
6.350000e-06	-3.473447e-06	-1.386493e-09	-2.418046e+01	-8.429679e+01
6.360000e-06	-3.509553e-06	-1.395611e-09	-2.443181e+01	-8.476824e+01
6.370000e-06	-3.545495e-06	-1.402808e-09	-2.468202e+01	-8.522149e+01
6.380000e-06	-3.581188e-06	-1.407344e-09	-2.493050e+01	-8.565700e+01
6.390000e-06	-3.616582e-06	-1.411325e-09	-2.517690e+01	-8.607520e+01
6.400000e-06	-3.651732e-06	-1.416618e-09	-2.542159e+01	-8.647660e+01
6.410000e-06	-3.686607e-06	-1.423412e-09	-2.566437e+01	-8.686168e+01
6.420000e-06	-3.721191e-06	-1.430651e-09	-2.590513e+01	-8.723099e+01
6.430000e-06	-3.755550e-06	-1.440417e-09	-2.614432e+01	-8.758504e+01
6.440000e-06	-3.789684e-06	-1.450207e-09	-2.638194e+01	-8.792440e+01
6.450000e-06	-3.823598e-06	-1.457537e-09	-2.661804e+01	-8.824962e+01
6.460000e-06	-3.857214e-06	-1.463999e-09	-2.685206e+01	-8.856126e+01
6.470000e-06	-3.890494e-06	-1.469408e-09	-2.708374e+01	-8.885988e+01
6.480000e-06	-3.923471e-06	-1.472766e-09	-2.731331e+01	-8.914602e+01
6.490000e-06	-3.956187e-06	-1.476052e-09	-2.754106e+01	-8.942021e+01
6.500000e-06	-3.988669e-06	-1.482033e-09	-2.776718e+01	-8.968296e+01
6.510000e-06	-4.021005e-06	-1.486364e-09	-2.799229e+01	-8.993475e+01
6.520000e-06	-4.053199e-06	-1.489357e-09	-2.821641e+01	-9.017602e+01
6.530000e-06	-4.085110e-06	-1.494933e-09	-2.843856e+01	-9.040720e+01
6.540000e-06	-4.116711e-06	-1.501426e-09	-2.865855e+01	-9.062866e+01
6.550000e-06	-4.148036e-06	-1.506500e-09	-2.887662e+01	-9.084072e+01
6.560000e-06	-4.178927e-06	-1.509094e-09	-2.909166e+01	-9.104368e+01
6.570000e-06	-4.209313e-06	-1.509114e-09	-2.930320e+01	-9.123778e+01
6.580000e-06	-4.239254e-06	-1.508723e-09	-2.951163e+01	-9.142322e+01
6.590000e-06	-4.268668e-06	-1.506971e-09	-2.971640e+01	-9.160016e+01
6.600000e-06	-4.297612e-06	-1.504140e-09	-2.991790e+01	-9.176871e+01
6.610000e-06	-4.326305e-06	-1.505383e-09	-3.011764e+01	-9.192898e+01
6.620000e-06	-4.354796e-06	-1.511944e-09	-3.031598e+01	-9.208101e+01
6.630000e-06	-4.383066e-06	-1.520684e-09	-3.051278e+01	-9.222484e+01
6.640000e-06	-4.411121e-06	-1.526404e-09	-3.070809e+01	-9.236048e+01
6.650000e-06	-4.438972e-06	-1.528404e-09	-3.090197e+01	-9.248794e+01
6.660000e-06	-4.466576e-06	-1.528619e-09	-3.109414e+01	-9.260723e+01
6.670000e-06	-4.493884e-06	-1.525852e-09	-3.128424e+01	-9.271836e+01
6.680000e-06	-4.520834e-06	-1.520846e-09	-3.147185e+01	-9.282134e+01
6.690000e-06	-4.547435e-06	-1.514915e-09	-3.165704e+01	-9.291624e+01
6.700000e-06	-4.573700e-06	-1.511527e-09	-3.183989e+01	-9.300312e+01
6.710000e-06	-4.599618e-06	-1.513837e-09	-3.202031e+01	-9.308210e+01
6.720000e-06	-4.625149e-06	-1.516954e-09	-3.219805e+01	-9.315332e+01
6.730000e-06	-4.650291e-06	-1.521041e-09	-3.237307e+01	-9.321700e+01
6.740000e-06	-4.675125e-06	-1.523604e-09	-3.254596e+01	-9.327337e+01
6.750000e-06	-4.699690e-06	-1.526428e-09	-3.271697e+01	-9.332274e+01
6.760000e-06	-4.724146e-06	-1.525546e-09	-3.288722e+01	-9.336547e+01
6.770000e-06	-4.748459e-06	-1.523034e-09	-3.305647e+01	-9.340197e+01
6.780000e-06	-4.772508e-06	-1.522458e-09	-3.322389e+01	-9.343270e+01
6.790000e-06	-4.796284e-06	-1.521719e-09	-3.338940e+01	-9.345816e+01
6.800000e-06	-4.819612e-06	-1.520816e-09	-3.355181e+01	-9.347891e+01
6.810000e-06	-4.842327e-06	-1.520389e-09	-3.370993e+01	-9.349554e+01
6.820000e-06	-4.864461e-06	-1.521287e-09	-3.386402e+01	-9.350866e+01
6.830000e-06	-4.886020e-06	-1.522589e-09	-3.401410e+01	-9.351892e+01
6.840000e-06	-4.907025e-06	-1.524077e-09	-3.416033e+01	-9.352695e+01
6.850000e-06	-4.927686e-06	-1.525956e-09	-3.430416e+01	-9.353341e+01
6.860000e-06	-4.948168e-06	-1.527747e-09	-3.444675e+01	-9.353892e+01
6.870000e-06	-4.968497e-06	-1.526782e-09	-3.458827e+01	-9.354410e+01
6.880000e-06	-4.988660e-06	-1.524307e-09	-3.472864e+01	-9.354953e+01
6.890000e-06	-5.008553e-06	-1.520957e-09	-3.486712e+01	-9.355572e+01
6.900000e-06	-5.028039e-06	-1.519330e-09	-3.500278e+01	-9.356316e+01
6.910000e-06	-5.047044e-06	-1.518824e-09	-3.513507e+01	-9.357226e+01
6.920000e-06	-5.065692e-06	-1.519767e-09	-3.526489e+01	-9.358333e+01
6.930000e-06	-5.084112e-06	-1.520696e-09	-3.539313e+01	-9.359663e+01
6.940000e-06	-5.102318e-06	-1.521364e-09	-3.551987e+01	-9.361231e+01
6.950000e-06	-5.120215e-06	-1.520671e-09	-3.564446e+01	-9.363044e+01
6.960000e-06	-5.137681e-06	-1.518753e-09	-3.576605e+01	-9.365099e+01
6.970000e-06	-5.154729e-06	-1.516404e-09	-3.588472e+01	-9.367383e+01
6.980000e-06	-5.171432e-06	-1.516026e-09	-3.600100e+01	-9.369873e+01
6.990000e-06	-5.187865e-06	-1.517077e-09	-3.611541e+01	-9.372539e+01
7.000000e-06	-5.204056e-06	-1.519661e-09	-3.622812e+01	-9.375339e+01
7.010000e-06	-5.219978e-06	-1.520248e-09	-3.633896e+01	-9.378227e+01
7.020000e-06	-5.235476e-06	-1.516707e-09	-3.644685e+01	-9.381148e+01
7.030000e-06	-5.250335e-06	-1.510349e-09	-3.655029e+01	-9.384041e+01
7.040000e-06	-5.264524e-06	-1.506639e-09	-3.664907e+01	-9.386841e+01
7.050000e-06	-5.278074e-06	-1.508344e-09	-3.674340e+01	-9.389481e+01
7.060000e-06	-5.291071e-06	-1.511710e-09	-3.683387e+01	-9.391890e+01
7.070000e-06	-5.303652e-06	-1.513486e-09	-3.692146e+01	-9.394000e+01
7.080000e-06	-5.315923e-06	-1.512419e-09	-3.700688e+01	-9.395741e+01
7.090000e-06	-5.327923e-06	-1.508397e-09	-3.709042e+01	-9.397048e+01
7.100000e-06	-5.339546e-06	-1.502506e-09	-3.717133e+01	-9.397861e+01
7.110000e-06	-5.350708e-06	-1.498260e-09	-3.724904e+01	-9.398124e+01
7.120000e-06	-5.361471e-06	-1.495676e-09	-3.732397e+01	-9.397789e+01
7.130000e-06	-5.371877e-06	-1.494635e-09	-3.739641e+01	-9.396818e+01
7.140000e-06	-5.381958e-06	-1.494918e-09	-3.746658e+01	-9.395180e+01
7.150000e-06	-5.391710e-06	-1.496798e-09	-3.753447e+01	-9.392856e+01
7.160000e-06	-5.401027e-06	-1.497551e-09	-3.759934e+01	-9.389837e+01
7.170000e-06	-5.409989e-06	-1.494461e-09	-3.766173e+01	-9.386126e+01
7.180000e-06	-5.418687e-06	-1.487641e-09	-3.772227e+01	-9.381738e+01
7.190000e-06	-5.427093e-06	-1.481134e-09	-3.778079e+01	-9.376696e+01
7.200000e-06	-5.435279e-06	-1.476614e-09	-3.783778e+01	-9.371039e+01
7.210000e-06	-5.443285e-06	-1.473729e-09	-3.789351e+01	-9.364812e+01
7.220000e-06	-5.450903e-06	-1.473067e-09	-3.794655e+01	-9.358071e+01
7.230000e-06	-5.457877e-06	-1.475063e-09	-3.799509e+01	-9.350882e+01
7.240000e-06	-5.464184e-06	-1.477076e-09	-3.803900e+01	-9.343315e+01
7.250000e-06	-5.469852e-06	-1.478186e-09	-3.807846e+01	-9.335449e+01
7.260000e-06	-5.474956e-06	-1.478798e-09	-3.811399e+01	-9.327365e+01
7.270000e-06	-5.479673e-06	-1.476901e-09	-3.814683e+01	-9.319146e+01
7.280000e-06	-5.484119e-06	-1.471650e-09	-3.817778e+01	-9.310878e+01
7.290000e-06	-5.488319e-06	-1.467100e-09	-3.820702e+01	-9.302643e+01
7.300000e-06	-5.492177e-06	-1.462568e-09	-3.823388e+01	-9.294523e+01
7.310000e-06	-5.495650e-06	-1.456826e-09	-3.825806e+01	-9.286592e+01
7.320000e-06	-5.498768e-06	-1.453353e-09	-3.827976e+01	-9.278919e+01
7.330000e-06	-5.501550e-06	-1.452274e-09	-3.829913e+01	-9.271565e+01
7.340000e-06	-5.504020e-06	-1.453424e-09	-3.831632e+01	-9.264582e+01
7.350000e-06	-5.506175e-06	-1.455652e-09	-3.833132e+01	-9.258011e+01
7.360000e-06	-5.507985e-06	-1.455518e-09	-3.834393e+01	-9.251879e+01
7.370000e-06	-5.509338e-06	-1.451702e-09	-3.835334e+01	-9.246204e+01
7.380000e-06	-5.510298e-06	-1.446600e-09	-3.836003e+01	-9.240988e+01
7.390000e-06	-5.510993e-06	-1.441724e-09	-3.836486e+01	-9.236222e+01
7.400000e-06	-5.511430e-06	-1.435316e-09	-3.836791e+01	-9.231882e+01
