# Temperatura_=_13.6
# Concentracion g/m^3_=_1620.0
# C_Vs_to_Am_M_A/Vsm_=_65563218390.804596
# pendiente_HvsI_1/m_=_3716.3
# ordenada_HvsI_A/m_=_1297.0
# frecuencia_Hz_=_135106.98981387145

Tiempo_(s)	Campo_(V.s)	Magnetizacion_(V.s)	Campo_(kA/m)	Magnetizacion_(A/m)
0.000000e+00	-5.524451e-06	-1.851164e-09	-3.837116e+01	-1.204992e+02
1.000000e-08	-5.524715e-06	-1.846948e-09	-3.837299e+01	-1.204431e+02
2.000000e-08	-5.524732e-06	-1.848298e-09	-3.837311e+01	-1.203871e+02
3.000000e-08	-5.524338e-06	-1.852760e-09	-3.837037e+01	-1.203314e+02
4.000000e-08	-5.523413e-06	-1.856016e-09	-3.836395e+01	-1.202760e+02
5.000000e-08	-5.521960e-06	-1.854892e-09	-3.835386e+01	-1.202209e+02
6.000000e-08	-5.520031e-06	-1.845865e-09	-3.834046e+01	-1.201661e+02
7.000000e-08	-5.517590e-06	-1.845745e-09	-3.832351e+01	-1.201115e+02
8.000000e-08	-5.514591e-06	-1.881582e-09	-3.830267e+01	-1.200570e+02
9.000000e-08	-5.511054e-06	-1.899000e-09	-3.827811e+01	-1.200022e+02
1.000000e-07	-5.507009e-06	-1.845456e-09	-3.825002e+01	-1.199471e+02
1.100000e-07	-5.502631e-06	-1.817552e-09	-3.821960e+01	-1.198912e+02
1.200000e-07	-5.498109e-06	-1.863881e-09	-3.818820e+01	-1.198342e+02
1.300000e-07	-5.493375e-06	-1.871534e-09	-3.815532e+01	-1.197757e+02
1.400000e-07	-5.488282e-06	-1.825807e-09	-3.811994e+01	-1.197153e+02
1.500000e-07	-5.482863e-06	-1.792671e-09	-3.808230e+01	-1.196525e+02
1.600000e-07	-5.477081e-06	-1.882056e-09	-3.804214e+01	-1.195869e+02
1.700000e-07	-5.470766e-06	-1.908827e-09	-3.799828e+01	-1.195179e+02
1.800000e-07	-5.463956e-06	-1.830029e-09	-3.795098e+01	-1.194451e+02
1.900000e-07	-5.456849e-06	-1.771031e-09	-3.790162e+01	-1.193680e+02
2.000000e-07	-5.449520e-06	-1.818664e-09	-3.785071e+01	-1.192862e+02
2.100000e-07	-5.441907e-06	-1.883946e-09	-3.779783e+01	-1.191991e+02
2.200000e-07	-5.434005e-06	-1.854385e-09	-3.774295e+01	-1.191064e+02
2.300000e-07	-5.425870e-06	-1.821772e-09	-3.768645e+01	-1.190078e+02
2.400000e-07	-5.417261e-06	-1.826600e-09	-3.762665e+01	-1.189028e+02
2.500000e-07	-5.407950e-06	-1.854066e-09	-3.756198e+01	-1.187912e+02
2.600000e-07	-5.397965e-06	-1.822731e-09	-3.749262e+01	-1.186727e+02
2.700000e-07	-5.387346e-06	-1.804230e-09	-3.741887e+01	-1.185473e+02
2.800000e-07	-5.376266e-06	-1.811139e-09	-3.734191e+01	-1.184147e+02
2.900000e-07	-5.364870e-06	-1.834771e-09	-3.726276e+01	-1.182749e+02
3.000000e-07	-5.353095e-06	-1.803204e-09	-3.718097e+01	-1.181280e+02
3.100000e-07	-5.340891e-06	-1.778672e-09	-3.709620e+01	-1.179740e+02
3.200000e-07	-5.328182e-06	-1.787150e-09	-3.700793e+01	-1.178130e+02
3.300000e-07	-5.315073e-06	-1.807873e-09	-3.691689e+01	-1.176453e+02
3.400000e-07	-5.301698e-06	-1.772262e-09	-3.682399e+01	-1.174710e+02
3.500000e-07	-5.287894e-06	-1.753458e-09	-3.672811e+01	-1.172904e+02
3.600000e-07	-5.273577e-06	-1.794139e-09	-3.662866e+01	-1.171038e+02
3.700000e-07	-5.258770e-06	-1.810326e-09	-3.652582e+01	-1.169116e+02
3.800000e-07	-5.243454e-06	-1.767771e-09	-3.641944e+01	-1.167142e+02
3.900000e-07	-5.227664e-06	-1.774093e-09	-3.630977e+01	-1.165119e+02
4.000000e-07	-5.211424e-06	-1.803390e-09	-3.619697e+01	-1.163051e+02
4.100000e-07	-5.194798e-06	-1.753682e-09	-3.608149e+01	-1.160941e+02
4.200000e-07	-5.177838e-06	-1.729120e-09	-3.596369e+01	-1.158795e+02
4.300000e-07	-5.160619e-06	-1.794426e-09	-3.584409e+01	-1.156615e+02
4.400000e-07	-5.143155e-06	-1.797561e-09	-3.572279e+01	-1.154404e+02
4.500000e-07	-5.125280e-06	-1.727389e-09	-3.559864e+01	-1.152166e+02
4.600000e-07	-5.106893e-06	-1.762901e-09	-3.547093e+01	-1.149903e+02
4.700000e-07	-5.088065e-06	-1.801219e-09	-3.534016e+01	-1.147618e+02
4.800000e-07	-5.068920e-06	-1.737694e-09	-3.520718e+01	-1.145313e+02
4.900000e-07	-5.049516e-06	-1.717187e-09	-3.507240e+01	-1.142988e+02
5.000000e-07	-5.029923e-06	-1.771052e-09	-3.493632e+01	-1.140644e+02
5.100000e-07	-5.010110e-06	-1.722148e-09	-3.479870e+01	-1.138283e+02
5.200000e-07	-4.990004e-06	-1.685777e-09	-3.465905e+01	-1.135903e+02
5.300000e-07	-4.969575e-06	-1.753604e-09	-3.451716e+01	-1.133504e+02
5.400000e-07	-4.948731e-06	-1.758361e-09	-3.437239e+01	-1.131085e+02
5.500000e-07	-4.927458e-06	-1.683053e-09	-3.422462e+01	-1.128644e+02
5.600000e-07	-4.905858e-06	-1.717517e-09	-3.407460e+01	-1.126180e+02
5.700000e-07	-4.883956e-06	-1.755097e-09	-3.392248e+01	-1.123690e+02
5.800000e-07	-4.861763e-06	-1.698556e-09	-3.376833e+01	-1.121172e+02
5.900000e-07	-4.839170e-06	-1.685912e-09	-3.361140e+01	-1.118623e+02
6.000000e-07	-4.816227e-06	-1.728182e-09	-3.345205e+01	-1.116041e+02
6.100000e-07	-4.793021e-06	-1.691565e-09	-3.329087e+01	-1.113422e+02
6.200000e-07	-4.769568e-06	-1.662421e-09	-3.312797e+01	-1.110764e+02
6.300000e-07	-4.745927e-06	-1.695795e-09	-3.296377e+01	-1.108065e+02
6.400000e-07	-4.722007e-06	-1.691923e-09	-3.279763e+01	-1.105321e+02
6.500000e-07	-4.697697e-06	-1.663103e-09	-3.262878e+01	-1.102530e+02
6.600000e-07	-4.672983e-06	-1.681850e-09	-3.245712e+01	-1.099691e+02
6.700000e-07	-4.647718e-06	-1.681801e-09	-3.228164e+01	-1.096801e+02
6.800000e-07	-4.621879e-06	-1.648320e-09	-3.210217e+01	-1.093859e+02
6.900000e-07	-4.595526e-06	-1.646746e-09	-3.191913e+01	-1.090863e+02
7.000000e-07	-4.568669e-06	-1.648091e-09	-3.173259e+01	-1.087813e+02
7.100000e-07	-4.541450e-06	-1.626313e-09	-3.154353e+01	-1.084709e+02
7.200000e-07	-4.513962e-06	-1.624958e-09	-3.135261e+01	-1.081550e+02
7.300000e-07	-4.486283e-06	-1.640481e-09	-3.116036e+01	-1.078336e+02
7.400000e-07	-4.458396e-06	-1.630144e-09	-3.096666e+01	-1.075067e+02
7.500000e-07	-4.430260e-06	-1.620008e-09	-3.077124e+01	-1.071746e+02
7.600000e-07	-4.401907e-06	-1.617555e-09	-3.057431e+01	-1.068371e+02
7.700000e-07	-4.373295e-06	-1.606444e-09	-3.037558e+01	-1.064945e+02
7.800000e-07	-4.344308e-06	-1.593570e-09	-3.017424e+01	-1.061469e+02
7.900000e-07	-4.314968e-06	-1.595309e-09	-2.997046e+01	-1.057944e+02
8.000000e-07	-4.285390e-06	-1.585585e-09	-2.976502e+01	-1.054371e+02
8.100000e-07	-4.255605e-06	-1.573054e-09	-2.955814e+01	-1.050752e+02
8.200000e-07	-4.225579e-06	-1.571532e-09	-2.934959e+01	-1.047087e+02
8.300000e-07	-4.195280e-06	-1.568855e-09	-2.913914e+01	-1.043378e+02
8.400000e-07	-4.164658e-06	-1.555391e-09	-2.892645e+01	-1.039626e+02
8.500000e-07	-4.133721e-06	-1.556941e-09	-2.871157e+01	-1.035831e+02
8.600000e-07	-4.102558e-06	-1.562231e-09	-2.849513e+01	-1.031993e+02
8.700000e-07	-4.071205e-06	-1.554351e-09	-2.827735e+01	-1.028113e+02
8.800000e-07	-4.039613e-06	-1.540280e-09	-2.805792e+01	-1.024191e+02
8.900000e-07	-4.007823e-06	-1.537368e-09	-2.783712e+01	-1.020226e+02
9.000000e-07	-3.975861e-06	-1.522818e-09	-2.761512e+01	-1.016218e+02
9.100000e-07	-3.943592e-06	-1.506838e-09	-2.739099e+01	-1.012165e+02
9.200000e-07	-3.910964e-06	-1.504605e-09	-2.716437e+01	-1.008067e+02
9.300000e-07	-3.877916e-06	-1.503142e-09	-2.693483e+01	-1.003923e+02
9.400000e-07	-3.844324e-06	-1.493029e-09	-2.670151e+01	-9.997303e+01
9.500000e-07	-3.810218e-06	-1.490308e-09	-2.646462e+01	-9.954884e+01
9.600000e-07	-3.775646e-06	-1.489134e-09	-2.622449e+01	-9.911956e+01
9.700000e-07	-3.740743e-06	-1.474600e-09	-2.598207e+01	-9.868506e+01
9.800000e-07	-3.705575e-06	-1.461034e-09	-2.573780e+01	-9.824520e+01
9.900000e-07	-3.670188e-06	-1.455695e-09	-2.549201e+01	-9.779986e+01
1.000000e-06	-3.634612e-06	-1.445089e-09	-2.524491e+01	-9.734894e+01
1.010000e-06	-3.598885e-06	-1.430273e-09	-2.499676e+01	-9.689239e+01
1.020000e-06	-3.563051e-06	-1.425606e-09	-2.474787e+01	-9.643014e+01
1.030000e-06	-3.527050e-06	-1.420118e-09	-2.449782e+01	-9.596220e+01
1.040000e-06	-3.490842e-06	-1.412465e-09	-2.424633e+01	-9.548859e+01
1.050000e-06	-3.454387e-06	-1.409226e-09	-2.399313e+01	-9.500937e+01
1.060000e-06	-3.417665e-06	-1.407736e-09	-2.373806e+01	-9.452466e+01
1.070000e-06	-3.380625e-06	-1.393749e-09	-2.348079e+01	-9.403458e+01
1.080000e-06	-3.343348e-06	-1.376995e-09	-2.322188e+01	-9.353932e+01
1.090000e-06	-3.305838e-06	-1.362379e-09	-2.296135e+01	-9.303908e+01
1.100000e-06	-3.268081e-06	-1.349153e-09	-2.269910e+01	-9.253410e+01
1.110000e-06	-3.230151e-06	-1.337008e-09	-2.243565e+01	-9.202462e+01
1.120000e-06	-3.191967e-06	-1.332795e-09	-2.217044e+01	-9.151093e+01
1.130000e-06	-3.153567e-06	-1.327668e-09	-2.190372e+01	-9.099329e+01
1.140000e-06	-3.114948e-06	-1.319193e-09	-2.163548e+01	-9.047200e+01
1.150000e-06	-3.076112e-06	-1.313246e-09	-2.136574e+01	-8.994731e+01
1.160000e-06	-3.037088e-06	-1.308322e-09	-2.109469e+01	-8.941948e+01
1.170000e-06	-2.997851e-06	-1.295636e-09	-2.082216e+01	-8.888874e+01
1.180000e-06	-2.958459e-06	-1.283275e-09	-2.054856e+01	-8.835526e+01
1.190000e-06	-2.918952e-06	-1.273661e-09	-2.027415e+01	-8.781920e+01
1.200000e-06	-2.879291e-06	-1.263214e-09	-1.999868e+01	-8.728062e+01
1.210000e-06	-2.839467e-06	-1.251097e-09	-1.972208e+01	-8.673958e+01
1.220000e-06	-2.799523e-06	-1.243025e-09	-1.944464e+01	-8.619601e+01
1.230000e-06	-2.759419e-06	-1.235120e-09	-1.916609e+01	-8.564980e+01
1.240000e-06	-2.719104e-06	-1.223759e-09	-1.888607e+01	-8.510077e+01
1.250000e-06	-2.678527e-06	-1.213635e-09	-1.860424e+01	-8.454864e+01
1.260000e-06	-2.637624e-06	-1.205673e-09	-1.832014e+01	-8.399306e+01
1.270000e-06	-2.596406e-06	-1.197160e-09	-1.803384e+01	-8.343360e+01
1.280000e-06	-2.554998e-06	-1.185308e-09	-1.774624e+01	-8.286975e+01
1.290000e-06	-2.513380e-06	-1.173738e-09	-1.745717e+01	-8.230093e+01
1.300000e-06	-2.471446e-06	-1.162642e-09	-1.716591e+01	-8.172651e+01
1.310000e-06	-2.429146e-06	-1.149445e-09	-1.687211e+01	-8.114577e+01
1.320000e-06	-2.386565e-06	-1.134918e-09	-1.657636e+01	-8.055796e+01
1.330000e-06	-2.343751e-06	-1.120898e-09	-1.627898e+01	-7.996229e+01
1.340000e-06	-2.300743e-06	-1.109141e-09	-1.598026e+01	-7.935794e+01
1.350000e-06	-2.257577e-06	-1.102503e-09	-1.568044e+01	-7.874407e+01
1.360000e-06	-2.214204e-06	-1.098674e-09	-1.537919e+01	-7.811985e+01
1.370000e-06	-2.170680e-06	-1.094382e-09	-1.507688e+01	-7.748445e+01
1.380000e-06	-2.127055e-06	-1.084473e-09	-1.477388e+01	-7.683704e+01
1.390000e-06	-2.083358e-06	-1.068986e-09	-1.447037e+01	-7.617687e+01
1.400000e-06	-2.039624e-06	-1.048042e-09	-1.416661e+01	-7.550321e+01
1.410000e-06	-1.995815e-06	-1.028193e-09	-1.386232e+01	-7.481537e+01
1.420000e-06	-1.951916e-06	-1.012608e-09	-1.355742e+01	-7.411276e+01
1.430000e-06	-1.907978e-06	-1.002129e-09	-1.325224e+01	-7.339484e+01
1.440000e-06	-1.863902e-06	-9.959391e-10	-1.294610e+01	-7.266116e+01
1.450000e-06	-1.819660e-06	-9.908478e-10	-1.263880e+01	-7.191135e+01
1.460000e-06	-1.775300e-06	-9.822553e-10	-1.233070e+01	-7.114513e+01
1.470000e-06	-1.730792e-06	-9.695335e-10	-1.202156e+01	-7.036229e+01
1.480000e-06	-1.686144e-06	-9.542273e-10	-1.171145e+01	-6.956273e+01
1.490000e-06	-1.641370e-06	-9.388111e-10	-1.140046e+01	-6.874638e+01
1.500000e-06	-1.596481e-06	-9.213826e-10	-1.108867e+01	-6.791330e+01
1.510000e-06	-1.551451e-06	-9.033881e-10	-1.077591e+01	-6.706356e+01
1.520000e-06	-1.506305e-06	-8.869882e-10	-1.046233e+01	-6.619731e+01
1.530000e-06	-1.461018e-06	-8.736424e-10	-1.014779e+01	-6.531472e+01
1.540000e-06	-1.415581e-06	-8.623743e-10	-9.832199e+00	-6.441599e+01
1.550000e-06	-1.370101e-06	-8.524700e-10	-9.516303e+00	-6.350131e+01
1.560000e-06	-1.324584e-06	-8.399977e-10	-9.200155e+00	-6.257087e+01
1.570000e-06	-1.278981e-06	-8.226358e-10	-8.883411e+00	-6.162485e+01
1.580000e-06	-1.233323e-06	-8.045037e-10	-8.566286e+00	-6.066333e+01
1.590000e-06	-1.187605e-06	-7.853799e-10	-8.248744e+00	-5.968638e+01
1.600000e-06	-1.141776e-06	-7.638006e-10	-7.930431e+00	-5.869395e+01
1.610000e-06	-1.095889e-06	-7.427405e-10	-7.611711e+00	-5.768593e+01
1.620000e-06	-1.049909e-06	-7.258274e-10	-7.292349e+00	-5.666205e+01
1.630000e-06	-1.003808e-06	-7.117775e-10	-6.972142e+00	-5.562197e+01
1.640000e-06	-9.577059e-07	-6.999403e-10	-6.651934e+00	-5.456518e+01
1.650000e-06	-9.115122e-07	-6.888440e-10	-6.331087e+00	-5.349103e+01
1.660000e-06	-8.651388e-07	-6.757957e-10	-6.008991e+00	-5.239875e+01
1.670000e-06	-8.186946e-07	-6.593313e-10	-5.686404e+00	-5.128740e+01
1.680000e-06	-7.721997e-07	-6.397837e-10	-5.363465e+00	-5.015591e+01
1.690000e-06	-7.255993e-07	-6.194650e-10	-5.039792e+00	-4.900305e+01
1.700000e-06	-6.789772e-07	-5.997960e-10	-4.715970e+00	-4.782746e+01
1.710000e-06	-6.323931e-07	-5.773775e-10	-4.392410e+00	-4.662769e+01
1.720000e-06	-5.857725e-07	-5.544128e-10	-4.068598e+00	-4.540214e+01
1.730000e-06	-5.391081e-07	-5.339348e-10	-3.744481e+00	-4.414915e+01
1.740000e-06	-4.923981e-07	-5.182445e-10	-3.420048e+00	-4.286698e+01
1.750000e-06	-4.456999e-07	-5.042824e-10	-3.095697e+00	-4.155384e+01
1.760000e-06	-3.990125e-07	-4.874754e-10	-2.771420e+00	-4.020794e+01
1.770000e-06	-3.522544e-07	-4.672081e-10	-2.446652e+00	-3.882748e+01
1.780000e-06	-3.054431e-07	-4.453988e-10	-2.121515e+00	-3.741071e+01
1.790000e-06	-2.586013e-07	-4.236699e-10	-1.796166e+00	-3.595592e+01
1.800000e-06	-2.117165e-07	-4.033704e-10	-1.470518e+00	-3.446154e+01
1.810000e-06	-1.648795e-07	-3.830598e-10	-1.145203e+00	-3.292608e+01
1.820000e-06	-1.180266e-07	-3.607494e-10	-8.197767e-01	-3.134823e+01
1.830000e-06	-7.114116e-08	-3.377884e-10	-4.941249e-01	-2.972686e+01
1.840000e-06	-2.427314e-08	-3.158617e-10	-1.685939e-01	-2.806105e+01
1.850000e-06	2.260178e-08	-2.943311e-10	1.569851e-01	-2.635012e+01
1.860000e-06	6.945346e-08	-2.727242e-10	4.824027e-01	-2.459363e+01
1.870000e-06	1.162734e-07	-2.502582e-10	8.076000e-01	-2.279143e+01
1.880000e-06	1.630785e-07	-2.257407e-10	1.132694e+00	-2.094366e+01
1.890000e-06	2.099483e-07	-2.000452e-10	1.458237e+00	-1.905076e+01
1.900000e-06	2.568241e-07	-1.727435e-10	1.783823e+00	-1.711348e+01
1.910000e-06	3.036981e-07	-1.431872e-10	2.109395e+00	-1.513290e+01
1.920000e-06	3.505681e-07	-1.119304e-10	2.434940e+00	-1.311039e+01
1.930000e-06	3.973822e-07	-8.160543e-11	2.760096e+00	-1.104767e+01
1.940000e-06	4.441064e-07	-5.396182e-11	3.084628e+00	-8.946726e+00
1.950000e-06	4.907645e-07	-2.967578e-11	3.408701e+00	-6.809859e+00
1.960000e-06	5.373702e-07	-6.000724e-12	3.732411e+00	-4.639639e+00
1.970000e-06	5.838951e-07	2.036358e-11	4.055558e+00	-2.438893e+00
1.980000e-06	6.303969e-07	4.950593e-11	4.378546e+00	-2.106813e-01
1.990000e-06	6.768437e-07	8.162143e-11	4.701151e+00	2.041728e+00
2.000000e-06	7.231894e-07	1.161000e-10	5.023054e+00	4.314888e+00
2.010000e-06	7.694420e-07	1.518167e-10	5.344311e+00	6.605204e+00
2.020000e-06	8.156476e-07	1.886017e-10	5.665241e+00	8.908963e+00
2.030000e-06	8.618983e-07	2.244886e-10	5.986484e+00	1.122237e+01
2.040000e-06	9.081132e-07	2.574145e-10	6.307478e+00	1.354158e+01
2.050000e-06	9.541844e-07	2.860393e-10	6.627475e+00	1.586274e+01
2.060000e-06	1.000187e-06	3.130742e-10	6.946998e+00	1.818201e+01
2.070000e-06	1.046166e-06	3.398828e-10	7.266352e+00	2.049559e+01
2.080000e-06	1.092094e-06	3.704206e-10	7.585357e+00	2.279979e+01
2.090000e-06	1.138002e-06	4.055195e-10	7.904216e+00	2.509101e+01
2.100000e-06	1.183819e-06	4.421202e-10	8.222451e+00	2.736580e+01
2.110000e-06	1.229457e-06	4.774825e-10	8.539437e+00	2.962087e+01
2.120000e-06	1.275026e-06	5.082217e-10	8.855946e+00	3.185312e+01
2.130000e-06	1.320552e-06	5.358597e-10	9.172151e+00	3.405967e+01
2.140000e-06	1.365979e-06	5.629268e-10	9.487674e+00	3.623785e+01
2.150000e-06	1.411315e-06	5.901882e-10	9.802564e+00	3.838522e+01
2.160000e-06	1.456578e-06	6.172026e-10	1.011695e+01	4.049959e+01
2.170000e-06	1.501755e-06	6.425233e-10	1.043073e+01	4.257904e+01
2.180000e-06	1.546806e-06	6.690789e-10	1.074365e+01	4.462187e+01
2.190000e-06	1.591726e-06	6.980802e-10	1.105565e+01	4.662667e+01
2.200000e-06	1.636571e-06	7.276840e-10	1.136712e+01	4.859224e+01
2.210000e-06	1.681301e-06	7.584857e-10	1.167780e+01	5.051766e+01
2.220000e-06	1.725821e-06	7.892547e-10	1.198703e+01	5.240221e+01
2.230000e-06	1.770158e-06	8.175039e-10	1.229498e+01	5.424542e+01
2.240000e-06	1.814332e-06	8.403545e-10	1.260180e+01	5.604700e+01
2.250000e-06	1.858395e-06	8.592121e-10	1.290785e+01	5.780689e+01
2.260000e-06	1.902376e-06	8.757433e-10	1.321333e+01	5.952516e+01
2.270000e-06	1.946299e-06	8.935302e-10	1.351840e+01	6.120209e+01
2.280000e-06	1.990187e-06	9.135949e-10	1.382324e+01	6.283805e+01
2.290000e-06	2.033986e-06	9.372239e-10	1.412745e+01	6.443357e+01
2.300000e-06	2.077659e-06	9.656979e-10	1.443079e+01	6.598927e+01
2.310000e-06	2.121276e-06	9.942946e-10	1.473374e+01	6.750584e+01
2.320000e-06	2.164859e-06	1.016716e-09	1.503645e+01	6.898408e+01
2.330000e-06	2.208357e-06	1.031372e-09	1.533858e+01	7.042479e+01
2.340000e-06	2.251747e-06	1.043545e-09	1.563995e+01	7.182885e+01
2.350000e-06	2.294988e-06	1.057247e-09	1.594029e+01	7.319713e+01
2.360000e-06	2.338015e-06	1.073506e-09	1.623914e+01	7.453053e+01
2.370000e-06	2.380815e-06	1.092639e-09	1.653642e+01	7.582993e+01
2.380000e-06	2.423353e-06	1.113531e-09	1.683187e+01	7.709623e+01
2.390000e-06	2.465539e-06	1.133668e-09	1.712488e+01	7.833027e+01
2.400000e-06	2.507402e-06	1.151743e-09	1.741565e+01	7.953290e+01
2.410000e-06	2.548965e-06	1.169572e-09	1.770434e+01	8.070491e+01
2.420000e-06	2.590260e-06	1.186389e-09	1.799116e+01	8.184708e+01
2.430000e-06	2.631241e-06	1.200788e-09	1.827580e+01	8.296015e+01
2.440000e-06	2.671928e-06	1.214902e-09	1.855840e+01	8.404482e+01
2.450000e-06	2.712460e-06	1.229328e-09	1.883993e+01	8.510176e+01
2.460000e-06	2.752737e-06	1.244708e-09	1.911967e+01	8.613159e+01
2.470000e-06	2.792737e-06	1.260330e-09	1.939750e+01	8.713493e+01
2.480000e-06	2.832629e-06	1.273538e-09	1.967458e+01	8.811236e+01
2.490000e-06	2.872449e-06	1.287054e-09	1.995116e+01	8.906441e+01
2.500000e-06	2.912163e-06	1.299040e-09	2.022700e+01	8.999164e+01
2.510000e-06	2.951722e-06	1.309225e-09	2.050177e+01	9.089456e+01
2.520000e-06	2.991135e-06	1.318861e-09	2.077552e+01	9.177367e+01
2.530000e-06	3.030393e-06	1.329620e-09	2.104819e+01	9.262949e+01
2.540000e-06	3.069410e-06	1.345495e-09	2.131919e+01	9.346250e+01
2.550000e-06	3.108178e-06	1.361576e-09	2.158846e+01	9.427321e+01
2.560000e-06	3.146781e-06	1.373831e-09	2.185659e+01	9.506210e+01
2.570000e-06	3.185177e-06	1.381142e-09	2.212327e+01	9.582970e+01
2.580000e-06	3.223303e-06	1.386083e-09	2.238809e+01	9.657649e+01
2.590000e-06	3.261200e-06	1.389862e-09	2.265131e+01	9.730301e+01
2.600000e-06	3.298875e-06	1.395570e-09	2.291298e+01	9.800977e+01
2.610000e-06	3.336346e-06	1.408599e-09	2.317324e+01	9.869731e+01
2.620000e-06	3.373566e-06	1.427024e-09	2.343176e+01	9.936615e+01
2.630000e-06	3.410491e-06	1.444338e-09	2.368824e+01	1.000169e+02
2.640000e-06	3.447144e-06	1.456941e-09	2.394282e+01	1.006499e+02
2.650000e-06	3.483536e-06	1.463645e-09	2.419558e+01	1.012660e+02
2.660000e-06	3.519725e-06	1.462630e-09	2.444694e+01	1.018655e+02
2.670000e-06	3.555774e-06	1.459531e-09	2.469732e+01	1.024490e+02
2.680000e-06	3.591650e-06	1.461198e-09	2.494651e+01	1.030171e+02
2.690000e-06	3.627346e-06	1.470031e-09	2.519444e+01	1.035703e+02
2.700000e-06	3.662943e-06	1.484729e-09	2.544169e+01	1.041090e+02
2.710000e-06	3.698462e-06	1.499729e-09	2.568840e+01	1.046338e+02
2.720000e-06	3.733803e-06	1.513048e-09	2.593386e+01	1.051452e+02
2.730000e-06	3.768835e-06	1.521129e-09	2.617718e+01	1.056436e+02
2.740000e-06	3.803509e-06	1.525292e-09	2.641802e+01	1.061294e+02
2.750000e-06	3.837739e-06	1.527540e-09	2.665577e+01	1.066031e+02
2.760000e-06	3.871434e-06	1.529584e-09	2.688981e+01	1.070650e+02
2.770000e-06	3.904618e-06	1.533810e-09	2.712029e+01	1.075156e+02
2.780000e-06	3.937317e-06	1.539774e-09	2.734741e+01	1.079550e+02
2.790000e-06	3.969669e-06	1.547396e-09	2.757212e+01	1.083838e+02
2.800000e-06	4.001750e-06	1.558601e-09	2.779494e+01	1.088021e+02
2.810000e-06	4.033590e-06	1.571109e-09	2.801609e+01	1.092103e+02
2.820000e-06	4.065296e-06	1.580237e-09	2.823631e+01	1.096085e+02
2.830000e-06	4.096847e-06	1.587031e-09	2.845546e+01	1.099971e+02
2.840000e-06	4.128219e-06	1.590829e-09	2.867335e+01	1.103761e+02
2.850000e-06	4.159274e-06	1.590851e-09	2.888905e+01	1.107459e+02
2.860000e-06	4.189963e-06	1.590812e-09	2.910221e+01	1.111066e+02
2.870000e-06	4.220420e-06	1.597093e-09	2.931376e+01	1.114583e+02
2.880000e-06	4.250590e-06	1.608650e-09	2.952331e+01	1.118013e+02
2.890000e-06	4.280358e-06	1.620205e-09	2.973007e+01	1.121356e+02
2.900000e-06	4.309801e-06	1.630395e-09	2.993457e+01	1.124614e+02
2.910000e-06	4.339073e-06	1.638084e-09	3.013789e+01	1.127790e+02
2.920000e-06	4.368048e-06	1.643044e-09	3.033914e+01	1.130883e+02
2.930000e-06	4.396676e-06	1.645120e-09	3.053798e+01	1.133896e+02
2.940000e-06	4.425043e-06	1.645761e-09	3.073501e+01	1.136830e+02
2.950000e-06	4.453195e-06	1.649681e-09	3.093054e+01	1.139687e+02
2.960000e-06	4.481163e-06	1.655593e-09	3.112480e+01	1.142467e+02
2.970000e-06	4.508907e-06	1.660888e-09	3.131750e+01	1.145173e+02
2.980000e-06	4.536453e-06	1.664510e-09	3.150883e+01	1.147807e+02
2.990000e-06	4.563721e-06	1.667924e-09	3.169822e+01	1.150368e+02
3.000000e-06	4.590731e-06	1.672393e-09	3.188582e+01	1.152861e+02
3.010000e-06	4.617261e-06	1.677772e-09	3.207009e+01	1.155285e+02
3.020000e-06	4.643190e-06	1.683203e-09	3.225019e+01	1.157644e+02
3.030000e-06	4.668619e-06	1.688462e-09	3.242681e+01	1.159938e+02
3.040000e-06	4.693463e-06	1.694112e-09	3.259937e+01	1.162169e+02
3.050000e-06	4.717836e-06	1.699403e-09	3.276865e+01	1.164340e+02
3.060000e-06	4.741894e-06	1.702571e-09	3.293576e+01	1.166452e+02
3.070000e-06	4.765754e-06	1.704914e-09	3.310148e+01	1.168506e+02
3.080000e-06	4.789326e-06	1.708277e-09	3.326521e+01	1.170505e+02
3.090000e-06	4.812548e-06	1.711817e-09	3.342650e+01	1.172451e+02
3.100000e-06	4.835491e-06	1.714514e-09	3.358585e+01	1.174344e+02
3.110000e-06	4.858109e-06	1.718254e-09	3.374295e+01	1.176187e+02
3.120000e-06	4.880300e-06	1.723652e-09	3.389708e+01	1.177982e+02
3.130000e-06	4.902182e-06	1.729097e-09	3.404907e+01	1.179729e+02
3.140000e-06	4.923808e-06	1.732132e-09	3.419928e+01	1.181430e+02
3.150000e-06	4.945061e-06	1.733935e-09	3.434689e+01	1.183087e+02
3.160000e-06	4.965955e-06	1.735615e-09	3.449202e+01	1.184701e+02
3.170000e-06	4.986540e-06	1.735287e-09	3.463499e+01	1.186273e+02
3.180000e-06	5.006781e-06	1.734274e-09	3.477558e+01	1.187804e+02
3.190000e-06	5.026724e-06	1.735600e-09	3.491410e+01	1.189295e+02
3.200000e-06	5.046473e-06	1.739292e-09	3.505127e+01	1.190747e+02
3.210000e-06	5.066011e-06	1.742782e-09	3.518697e+01	1.192160e+02
3.220000e-06	5.085284e-06	1.747674e-09	3.532084e+01	1.193536e+02
3.230000e-06	5.104192e-06	1.753352e-09	3.545217e+01	1.194873e+02
3.240000e-06	5.122688e-06	1.759633e-09	3.558064e+01	1.196174e+02
3.250000e-06	5.140702e-06	1.764464e-09	3.570575e+01	1.197438e+02
3.260000e-06	5.158240e-06	1.766257e-09	3.582757e+01	1.198665e+02
3.270000e-06	5.175430e-06	1.767162e-09	3.594697e+01	1.199855e+02
3.280000e-06	5.192302e-06	1.767973e-09	3.606415e+01	1.201007e+02
3.290000e-06	5.208855e-06	1.770546e-09	3.617913e+01	1.202122e+02
3.300000e-06	5.225121e-06	1.773577e-09	3.629210e+01	1.203198e+02
3.310000e-06	5.241044e-06	1.776504e-09	3.640270e+01	1.204235e+02
3.320000e-06	5.256395e-06	1.781200e-09	3.650932e+01	1.205233e+02
3.330000e-06	5.271221e-06	1.787442e-09	3.661230e+01	1.206189e+02
3.340000e-06	5.285647e-06	1.794566e-09	3.671250e+01	1.207104e+02
3.350000e-06	5.299671e-06	1.799063e-09	3.680990e+01	1.207976e+02
3.360000e-06	5.313387e-06	1.801206e-09	3.690517e+01	1.208804e+02
3.370000e-06	5.326803e-06	1.801688e-09	3.699836e+01	1.209586e+02
3.380000e-06	5.339802e-06	1.801634e-09	3.708864e+01	1.210321e+02
3.390000e-06	5.352326e-06	1.803821e-09	3.717563e+01	1.211009e+02
3.400000e-06	5.364474e-06	1.806498e-09	3.726001e+01	1.211646e+02
3.410000e-06	5.376284e-06	1.809785e-09	3.734204e+01	1.212233e+02
3.420000e-06	5.387834e-06	1.813845e-09	3.742226e+01	1.212768e+02
3.430000e-06	5.398960e-06	1.818046e-09	3.749954e+01	1.213249e+02
3.440000e-06	5.409414e-06	1.822533e-09	3.757215e+01	1.213676e+02
3.450000e-06	5.419188e-06	1.825987e-09	3.764004e+01	1.214047e+02
3.460000e-06	5.428326e-06	1.828248e-09	3.770351e+01	1.214363e+02
3.470000e-06	5.436941e-06	1.828066e-09	3.776335e+01	1.214622e+02
3.480000e-06	5.445134e-06	1.826618e-09	3.782025e+01	1.214824e+02
3.490000e-06	5.453035e-06	1.826336e-09	3.787513e+01	1.214969e+02
3.500000e-06	5.460703e-06	1.827318e-09	3.792839e+01	1.215058e+02
3.510000e-06	5.468107e-06	1.830616e-09	3.797981e+01	1.215091e+02
3.520000e-06	5.475159e-06	1.835194e-09	3.802879e+01	1.215069e+02
3.530000e-06	5.481790e-06	1.840599e-09	3.807485e+01	1.214993e+02
3.540000e-06	5.488076e-06	1.844913e-09	3.811851e+01	1.214864e+02
3.550000e-06	5.494034e-06	1.847862e-09	3.815989e+01	1.214685e+02
3.560000e-06	5.499618e-06	1.849019e-09	3.819868e+01	1.214458e+02
3.570000e-06	5.504830e-06	1.848012e-09	3.823488e+01	1.214186e+02
3.580000e-06	5.509672e-06	1.848057e-09	3.826851e+01	1.213870e+02
3.590000e-06	5.514143e-06	1.849425e-09	3.829957e+01	1.213515e+02
3.600000e-06	5.518251e-06	1.850920e-09	3.832810e+01	1.213124e+02
3.610000e-06	5.522083e-06	1.852382e-09	3.835471e+01	1.212699e+02
3.620000e-06	5.525674e-06	1.854949e-09	3.837965e+01	1.212245e+02
3.630000e-06	5.528921e-06	1.857649e-09	3.840221e+01	1.211765e+02
3.640000e-06	5.531739e-06	1.859315e-09	3.842178e+01	1.211264e+02
3.650000e-06	5.534032e-06	1.860789e-09	3.843771e+01	1.210744e+02
3.660000e-06	5.535639e-06	1.861748e-09	3.844887e+01	1.210209e+02
3.670000e-06	5.536592e-06	1.860848e-09	3.845549e+01	1.209663e+02
3.680000e-06	5.537106e-06	1.857653e-09	3.845906e+01	1.209109e+02
3.690000e-06	5.537242e-06	1.854643e-09	3.846000e+01	1.208549e+02
3.700000e-06	5.537073e-06	1.852860e-09	3.845883e+01	1.207987e+02
3.710000e-06	5.536662e-06	1.854324e-09	3.845598e+01	1.207425e+02
3.720000e-06	5.535969e-06	1.859495e-09	3.845116e+01	1.206863e+02
3.730000e-06	5.534947e-06	1.864008e-09	3.844406e+01	1.206304e+02
3.740000e-06	5.533559e-06	1.867671e-09	3.843442e+01	1.205749e+02
3.750000e-06	5.531791e-06	1.875968e-09	3.842214e+01	1.205196e+02
3.760000e-06	5.529681e-06	1.879270e-09	3.840749e+01	1.204647e+02
3.770000e-06	5.527286e-06	1.836334e-09	3.839085e+01	1.204100e+02
3.780000e-06	5.524475e-06	1.774567e-09	3.837133e+01	1.203553e+02
3.790000e-06	5.521142e-06	1.808180e-09	3.834818e+01	1.203005e+02
3.800000e-06	5.517273e-06	1.865123e-09	3.832130e+01	1.202453e+02
3.810000e-06	5.513060e-06	1.830873e-09	3.829204e+01	1.201893e+02
3.820000e-06	5.508753e-06	1.809180e-09	3.826212e+01	1.201323e+02
3.830000e-06	5.504250e-06	1.839069e-09	3.823085e+01	1.200738e+02
3.840000e-06	5.499194e-06	1.898609e-09	3.819573e+01	1.200135e+02
3.850000e-06	5.493513e-06	1.841188e-09	3.815627e+01	1.199508e+02
3.860000e-06	5.487493e-06	1.744000e-09	3.811446e+01	1.198852e+02
3.870000e-06	5.481224e-06	1.835515e-09	3.807092e+01	1.198164e+02
3.880000e-06	5.474443e-06	1.960782e-09	3.802382e+01	1.197439e+02
3.890000e-06	5.467003e-06	1.904160e-09	3.797214e+01	1.196670e+02
3.900000e-06	5.459154e-06	1.737235e-09	3.791763e+01	1.195854e+02
3.910000e-06	5.450981e-06	1.778925e-09	3.786086e+01	1.194987e+02
3.920000e-06	5.442359e-06	1.899069e-09	3.780097e+01	1.194064e+02
3.930000e-06	5.433423e-06	1.860914e-09	3.773891e+01	1.193081e+02
3.940000e-06	5.424302e-06	1.764690e-09	3.767555e+01	1.192035e+02
3.950000e-06	5.414804e-06	1.828257e-09	3.760958e+01	1.190924e+02
3.960000e-06	5.404795e-06	1.910447e-09	3.754006e+01	1.189744e+02
3.970000e-06	5.394387e-06	1.830983e-09	3.746777e+01	1.188494e+02
3.980000e-06	5.383681e-06	1.755872e-09	3.739341e+01	1.187173e+02
3.990000e-06	5.372561e-06	1.801705e-09	3.731618e+01	1.185780e+02
4.000000e-06	5.361042e-06	1.842763e-09	3.723617e+01	1.184315e+02
4.010000e-06	5.349221e-06	1.777637e-09	3.715406e+01	1.182780e+02
4.020000e-06	5.336988e-06	1.753050e-09	3.706910e+01	1.181175e+02
4.030000e-06	5.324223e-06	1.814769e-09	3.698043e+01	1.179502e+02
4.040000e-06	5.311043e-06	1.852433e-09	3.688889e+01	1.177762e+02
4.050000e-06	5.297507e-06	1.772333e-09	3.679487e+01	1.175960e+02
4.060000e-06	5.283377e-06	1.722080e-09	3.669673e+01	1.174098e+02
4.070000e-06	5.268562e-06	1.788704e-09	3.659383e+01	1.172180e+02
4.080000e-06	5.253151e-06	1.850243e-09	3.648679e+01	1.170208e+02
4.090000e-06	5.237264e-06	1.765665e-09	3.637644e+01	1.168188e+02
4.100000e-06	5.220982e-06	1.727583e-09	3.626336e+01	1.166122e+02
4.110000e-06	5.204450e-06	1.815957e-09	3.614853e+01	1.164015e+02
4.120000e-06	5.187773e-06	1.814678e-09	3.603270e+01	1.161870e+02
4.130000e-06	5.170806e-06	1.708465e-09	3.591485e+01	1.159691e+02
4.140000e-06	5.153426e-06	1.756355e-09	3.579413e+01	1.157482e+02
4.150000e-06	5.135686e-06	1.840462e-09	3.567092e+01	1.155245e+02
4.160000e-06	5.117638e-06	1.746390e-09	3.554556e+01	1.152983e+02
4.170000e-06	5.099179e-06	1.712612e-09	3.541735e+01	1.150698e+02
4.180000e-06	5.080274e-06	1.823127e-09	3.528604e+01	1.148393e+02
4.190000e-06	5.061004e-06	1.780834e-09	3.515219e+01	1.146068e+02
4.200000e-06	5.041420e-06	1.675899e-09	3.501617e+01	1.143725e+02
4.210000e-06	5.021585e-06	1.766127e-09	3.487840e+01	1.141364e+02
4.220000e-06	5.001523e-06	1.796714e-09	3.473906e+01	1.138984e+02
4.230000e-06	4.981229e-06	1.691150e-09	3.459810e+01	1.136586e+02
4.240000e-06	4.960656e-06	1.739051e-09	3.445521e+01	1.134167e+02
4.250000e-06	4.939809e-06	1.816003e-09	3.431041e+01	1.131727e+02
4.260000e-06	4.918589e-06	1.697989e-09	3.416302e+01	1.129263e+02
4.270000e-06	4.896778e-06	1.680390e-09	3.401153e+01	1.126774e+02
4.280000e-06	4.874364e-06	1.789914e-09	3.385585e+01	1.124257e+02
4.290000e-06	4.851421e-06	1.732690e-09	3.369650e+01	1.121710e+02
4.300000e-06	4.828001e-06	1.652537e-09	3.353383e+01	1.119129e+02
4.310000e-06	4.804204e-06	1.742942e-09	3.336854e+01	1.116512e+02
4.320000e-06	4.780144e-06	1.754002e-09	3.320143e+01	1.113857e+02
4.330000e-06	4.755833e-06	1.680975e-09	3.303257e+01	1.111159e+02
4.340000e-06	4.731278e-06	1.712607e-09	3.286202e+01	1.108418e+02
4.350000e-06	4.706480e-06	1.739833e-09	3.268978e+01	1.105630e+02
4.360000e-06	4.681370e-06	1.684063e-09	3.251537e+01	1.102794e+02
4.370000e-06	4.655867e-06	1.697082e-09	3.233824e+01	1.099907e+02
4.380000e-06	4.629955e-06	1.729346e-09	3.215826e+01	1.096968e+02
4.390000e-06	4.603729e-06	1.693117e-09	3.197610e+01	1.093975e+02
4.400000e-06	4.577176e-06	1.674513e-09	3.179167e+01	1.090929e+02
4.410000e-06	4.550242e-06	1.688134e-09	3.160460e+01	1.087828e+02
4.420000e-06	4.523046e-06	1.666634e-09	3.141571e+01	1.084672e+02
4.430000e-06	4.495600e-06	1.657509e-09	3.122507e+01	1.081461e+02
4.440000e-06	4.467889e-06	1.678924e-09	3.103260e+01	1.078196e+02
4.450000e-06	4.439934e-06	1.675359e-09	3.083844e+01	1.074878e+02
4.460000e-06	4.411727e-06	1.660702e-09	3.064252e+01	1.071506e+02
4.470000e-06	4.383296e-06	1.668869e-09	3.044504e+01	1.068083e+02
4.480000e-06	4.354590e-06	1.666095e-09	3.024566e+01	1.064610e+02
4.490000e-06	4.325617e-06	1.641863e-09	3.004442e+01	1.061088e+02
4.500000e-06	4.296207e-06	1.632394e-09	2.984015e+01	1.057518e+02
4.510000e-06	4.266313e-06	1.628904e-09	2.963252e+01	1.053901e+02
4.520000e-06	4.235915e-06	1.619709e-09	2.942138e+01	1.050239e+02
4.530000e-06	4.204953e-06	1.622892e-09	2.920633e+01	1.046532e+02
4.540000e-06	4.173651e-06	1.636201e-09	2.898892e+01	1.042782e+02
4.550000e-06	4.142028e-06	1.623183e-09	2.876927e+01	1.038989e+02
4.560000e-06	4.110102e-06	1.607871e-09	2.854752e+01	1.035154e+02
4.570000e-06	4.077998e-06	1.610813e-09	2.832453e+01	1.031276e+02
4.580000e-06	4.045694e-06	1.603779e-09	2.810016e+01	1.027356e+02
4.590000e-06	4.013172e-06	1.582637e-09	2.787428e+01	1.023394e+02
4.600000e-06	3.980431e-06	1.583292e-09	2.764687e+01	1.019388e+02
4.610000e-06	3.947409e-06	1.583767e-09	2.741750e+01	1.015338e+02
4.620000e-06	3.914115e-06	1.570416e-09	2.718626e+01	1.011242e+02
4.630000e-06	3.880543e-06	1.570698e-09	2.695307e+01	1.007100e+02
4.640000e-06	3.846718e-06	1.580164e-09	2.671814e+01	1.002911e+02
4.650000e-06	3.812658e-06	1.563601e-09	2.648157e+01	9.986716e+01
4.660000e-06	3.778340e-06	1.547679e-09	2.624321e+01	9.943819e+01
4.670000e-06	3.743829e-06	1.551985e-09	2.600350e+01	9.900400e+01
4.680000e-06	3.709078e-06	1.548567e-09	2.576213e+01	9.856447e+01
4.690000e-06	3.674001e-06	1.533900e-09	2.551849e+01	9.811946e+01
4.700000e-06	3.638676e-06	1.535344e-09	2.527314e+01	9.766889e+01
4.710000e-06	3.603115e-06	1.535720e-09	2.502614e+01	9.721267e+01
4.720000e-06	3.567293e-06	1.522283e-09	2.477733e+01	9.675078e+01
4.730000e-06	3.531283e-06	1.517030e-09	2.452722e+01	9.628318e+01
4.740000e-06	3.495137e-06	1.518005e-09	2.427616e+01	9.580992e+01
4.750000e-06	3.458889e-06	1.506213e-09	2.402440e+01	9.533104e+01
4.760000e-06	3.422496e-06	1.494736e-09	2.377162e+01	9.484665e+01
4.770000e-06	3.385892e-06	1.496263e-09	2.351738e+01	9.435689e+01
4.780000e-06	3.349078e-06	1.492623e-09	2.326168e+01	9.386193e+01
4.790000e-06	3.311972e-06	1.483720e-09	2.300395e+01	9.336197e+01
4.800000e-06	3.274493e-06	1.481090e-09	2.274363e+01	9.285724e+01
4.810000e-06	3.236605e-06	1.476365e-09	2.248048e+01	9.234800e+01
4.820000e-06	3.198336e-06	1.463565e-09	2.221467e+01	9.183452e+01
4.830000e-06	3.159607e-06	1.458165e-09	2.194567e+01	9.131708e+01
4.840000e-06	3.120428e-06	1.456839e-09	2.167354e+01	9.079595e+01
4.850000e-06	3.081012e-06	1.449156e-09	2.139977e+01	9.027141e+01
4.860000e-06	3.041369e-06	1.440660e-09	2.112442e+01	8.974371e+01
4.870000e-06	3.001456e-06	1.439494e-09	2.084720e+01	8.921308e+01
4.880000e-06	2.961391e-06	1.433698e-09	2.056892e+01	8.867969e+01
4.890000e-06	2.921236e-06	1.425414e-09	2.029002e+01	8.814371e+01
4.900000e-06	2.880989e-06	1.417279e-09	2.001047e+01	8.760522e+01
4.910000e-06	2.840626e-06	1.406093e-09	1.973013e+01	8.706425e+01
4.920000e-06	2.800058e-06	1.394690e-09	1.944835e+01	8.652077e+01
4.930000e-06	2.759338e-06	1.390790e-09	1.916552e+01	8.597467e+01
4.940000e-06	2.718465e-06	1.389130e-09	1.888163e+01	8.542575e+01
4.950000e-06	2.677358e-06	1.382895e-09	1.859612e+01	8.487377e+01
4.960000e-06	2.636096e-06	1.376267e-09	1.830952e+01	8.431836e+01
4.970000e-06	2.594690e-06	1.371286e-09	1.802193e+01	8.375912e+01
4.980000e-06	2.553092e-06	1.359369e-09	1.773300e+01	8.319553e+01
4.990000e-06	2.511269e-06	1.345030e-09	1.744251e+01	8.262702e+01
5.000000e-06	2.469205e-06	1.335576e-09	1.715035e+01	8.205297e+01
5.010000e-06	2.426998e-06	1.328965e-09	1.685719e+01	8.147265e+01
5.020000e-06	2.384719e-06	1.323088e-09	1.656353e+01	8.088534e+01
5.030000e-06	2.342293e-06	1.320094e-09	1.626885e+01	8.029023e+01
5.040000e-06	2.299673e-06	1.318761e-09	1.597283e+01	7.968651e+01
5.050000e-06	2.256931e-06	1.312206e-09	1.567596e+01	7.907334e+01
5.060000e-06	2.213989e-06	1.302276e-09	1.537770e+01	7.844989e+01
5.070000e-06	2.170839e-06	1.291722e-09	1.507799e+01	7.781532e+01
5.080000e-06	2.127530e-06	1.279528e-09	1.477718e+01	7.716882e+01
5.090000e-06	2.084064e-06	1.265776e-09	1.447528e+01	7.650961e+01
5.100000e-06	2.040483e-06	1.252695e-09	1.417257e+01	7.583697e+01
5.110000e-06	1.996776e-06	1.240726e-09	1.386900e+01	7.515021e+01
5.120000e-06	1.952928e-06	1.232079e-09	1.356445e+01	7.444873e+01
5.130000e-06	1.908945e-06	1.227353e-09	1.325895e+01	7.373198e+01
5.140000e-06	1.864880e-06	1.222153e-09	1.295289e+01	7.299950e+01
5.150000e-06	1.820750e-06	1.212056e-09	1.264638e+01	7.225092e+01
5.160000e-06	1.776539e-06	1.200212e-09	1.233930e+01	7.148595e+01
5.170000e-06	1.732264e-06	1.186485e-09	1.203178e+01	7.070438e+01
5.180000e-06	1.687916e-06	1.175116e-09	1.172375e+01	6.990608e+01
5.190000e-06	1.643480e-06	1.164539e-09	1.141511e+01	6.909101e+01
5.200000e-06	1.599014e-06	1.154006e-09	1.110627e+01	6.825919e+01
5.210000e-06	1.554505e-06	1.141482e-09	1.079712e+01	6.741071e+01
5.220000e-06	1.509901e-06	1.125927e-09	1.048731e+01	6.654570e+01
5.230000e-06	1.465243e-06	1.110548e-09	1.017713e+01	6.566434e+01
5.240000e-06	1.420468e-06	1.095127e-09	9.866136e+00	6.476681e+01
5.250000e-06	1.375572e-06	1.083463e-09	9.554307e+00	6.385333e+01
5.260000e-06	1.330656e-06	1.074266e-09	9.242330e+00	6.292408e+01
5.270000e-06	1.285652e-06	1.064469e-09	8.929749e+00	6.197922e+01
5.280000e-06	1.240461e-06	1.050840e-09	8.615864e+00	6.101886e+01
5.290000e-06	1.195191e-06	1.036507e-09	8.301435e+00	6.004307e+01
5.300000e-06	1.149799e-06	1.021172e-09	7.986158e+00	5.905181e+01
5.310000e-06	1.104301e-06	1.001748e-09	7.670141e+00	5.804497e+01
5.320000e-06	1.058833e-06	9.829232e-10	7.354332e+00	5.702230e+01
5.330000e-06	1.013211e-06	9.692307e-10	7.037453e+00	5.598346e+01
5.340000e-06	9.674354e-07	9.571872e-10	6.719512e+00	5.492795e+01
5.350000e-06	9.215741e-07	9.441911e-10	6.400974e+00	5.385516e+01
5.360000e-06	8.755643e-07	9.302296e-10	6.081404e+00	5.276430e+01
5.370000e-06	8.295271e-07	9.123557e-10	5.761644e+00	5.165445e+01
5.380000e-06	7.835460e-07	8.895109e-10	5.442273e+00	5.052455e+01
5.390000e-06	7.374925e-07	8.649793e-10	5.122399e+00	4.937339e+01
5.400000e-06	6.913376e-07	8.421318e-10	4.801821e+00	4.819963e+01
5.410000e-06	6.451851e-07	8.237237e-10	4.481260e+00	4.700181e+01
5.420000e-06	5.989113e-07	8.104849e-10	4.159856e+00	4.577834e+01
5.430000e-06	5.525479e-07	7.968224e-10	3.837830e+00	4.452757e+01
5.440000e-06	5.061631e-07	7.751973e-10	3.515655e+00	4.324777e+01
5.450000e-06	4.596689e-07	7.482393e-10	3.192721e+00	4.193716e+01
5.460000e-06	4.131576e-07	7.238453e-10	2.869667e+00	4.059393e+01
5.470000e-06	3.666439e-07	7.019501e-10	2.546597e+00	3.921630e+01
5.480000e-06	3.201142e-07	6.819006e-10	2.223416e+00	3.780249e+01
5.490000e-06	2.735822e-07	6.615582e-10	1.900219e+00	3.635081e+01
5.500000e-06	2.270758e-07	6.374811e-10	1.577200e+00	3.485965e+01
5.510000e-06	1.805357e-07	6.095801e-10	1.253946e+00	3.332754e+01
5.520000e-06	1.339332e-07	5.795895e-10	9.302594e-01	3.175314e+01
5.530000e-06	8.731962e-08	5.492505e-10	6.064956e-01	3.013531e+01
5.540000e-06	4.076388e-08	5.205853e-10	2.831335e-01	2.847311e+01
5.550000e-06	-5.746824e-09	4.950788e-10	-3.991569e-02	2.676583e+01
5.560000e-06	-5.231669e-08	4.711126e-10	-3.633759e-01	2.501302e+01
5.570000e-06	-9.889277e-08	4.432204e-10	-6.868792e-01	2.321450e+01
5.580000e-06	-1.454397e-07	4.099484e-10	-1.010180e+00	2.137039e+01
5.590000e-06	-1.919403e-07	3.726332e-10	-1.333159e+00	1.948110e+01
5.600000e-06	-2.384143e-07	3.361618e-10	-1.655953e+00	1.754736e+01
5.610000e-06	-2.848978e-07	3.041494e-10	-1.978814e+00	1.557021e+01
5.620000e-06	-3.313764e-07	2.737954e-10	-2.301640e+00	1.355101e+01
5.630000e-06	-3.779241e-07	2.425835e-10	-2.624946e+00	1.149144e+01
5.640000e-06	-4.243789e-07	2.089595e-10	-2.947607e+00	9.393474e+00
5.650000e-06	-4.706480e-07	1.706616e-10	-3.268978e+00	7.259380e+00
5.660000e-06	-5.169510e-07	1.299286e-10	-3.590585e+00	5.091708e+00
5.670000e-06	-5.632263e-07	9.139094e-11	-3.911999e+00	2.893266e+00
5.680000e-06	-6.094436e-07	5.541352e-11	-4.233010e+00	6.670942e-01
5.690000e-06	-6.557183e-07	1.838447e-11	-4.554420e+00	-1.583555e+00
5.700000e-06	-7.019376e-07	-2.180255e-11	-4.875445e+00	-3.855248e+00
5.710000e-06	-7.480784e-07	-6.300508e-11	-5.195925e+00	-6.144400e+00
5.720000e-06	-7.941535e-07	-1.026687e-10	-5.515949e+00	-8.447310e+00
5.730000e-06	-8.401742e-07	-1.407553e-10	-5.835595e+00	-1.076019e+01
5.740000e-06	-8.861089e-07	-1.770507e-10	-6.154644e+00	-1.307919e+01
5.750000e-06	-9.319275e-07	-2.109336e-10	-6.472886e+00	-1.540046e+01
5.760000e-06	-9.776173e-07	-2.452992e-10	-6.790233e+00	-1.772016e+01
5.770000e-06	-1.023291e-06	-2.840716e-10	-7.107472e+00	-2.003448e+01
5.780000e-06	-1.069014e-06	-3.246923e-10	-7.425048e+00	-2.233973e+01
5.790000e-06	-1.114551e-06	-3.653207e-10	-7.741332e+00	-2.463229e+01
5.800000e-06	-1.159928e-06	-4.039790e-10	-8.056510e+00	-2.690870e+01
5.810000e-06	-1.205261e-06	-4.420776e-10	-8.371376e+00	-2.916566e+01
5.820000e-06	-1.250454e-06	-4.795156e-10	-8.685274e+00	-3.140006e+01
5.830000e-06	-1.295535e-06	-5.157801e-10	-8.998395e+00	-3.360898e+01
5.840000e-06	-1.340584e-06	-5.528163e-10	-9.311293e+00	-3.578974e+01
5.850000e-06	-1.385470e-06	-5.895187e-10	-9.623053e+00	-3.793989e+01
5.860000e-06	-1.430249e-06	-6.233512e-10	-9.934076e+00	-4.005722e+01
5.870000e-06	-1.475013e-06	-6.545776e-10	-1.024499e+01	-4.213977e+01
5.880000e-06	-1.519667e-06	-6.858838e-10	-1.055514e+01	-4.418584e+01
5.890000e-06	-1.564226e-06	-7.193221e-10	-1.086464e+01	-4.619398e+01
5.900000e-06	-1.608702e-06	-7.552625e-10	-1.117355e+01	-4.816299e+01
5.910000e-06	-1.653072e-06	-7.902221e-10	-1.148173e+01	-5.009191e+01
5.920000e-06	-1.697344e-06	-8.248840e-10	-1.178924e+01	-5.198001e+01
5.930000e-06	-1.741524e-06	-8.586672e-10	-1.209610e+01	-5.382681e+01
5.940000e-06	-1.785681e-06	-8.903404e-10	-1.240280e+01	-5.563199e+01
5.950000e-06	-1.829793e-06	-9.169424e-10	-1.270918e+01	-5.739548e+01
5.960000e-06	-1.873781e-06	-9.418112e-10	-1.301471e+01	-5.911734e+01
5.970000e-06	-1.917691e-06	-9.704708e-10	-1.331970e+01	-6.079782e+01
5.980000e-06	-1.961566e-06	-1.002028e-09	-1.362444e+01	-6.243731e+01
5.990000e-06	-2.005302e-06	-1.033449e-09	-1.392822e+01	-6.403630e+01
6.000000e-06	-2.048892e-06	-1.062401e-09	-1.423098e+01	-6.559542e+01
6.010000e-06	-2.092350e-06	-1.088282e-09	-1.453283e+01	-6.711535e+01
6.020000e-06	-2.135666e-06	-1.112021e-09	-1.483369e+01	-6.859688e+01
6.030000e-06	-2.178825e-06	-1.134881e-09	-1.513346e+01	-7.004081e+01
6.040000e-06	-2.221738e-06	-1.157241e-09	-1.543152e+01	-7.144802e+01
6.050000e-06	-2.264460e-06	-1.180841e-09	-1.572825e+01	-7.281937e+01
6.060000e-06	-2.307034e-06	-1.203377e-09	-1.602396e+01	-7.415577e+01
6.070000e-06	-2.349478e-06	-1.223186e-09	-1.631876e+01	-7.545810e+01
6.080000e-06	-2.391787e-06	-1.242982e-09	-1.661262e+01	-7.672725e+01
6.090000e-06	-2.433897e-06	-1.262951e-09	-1.690511e+01	-7.796407e+01
6.100000e-06	-2.475859e-06	-1.281961e-09	-1.719657e+01	-7.916941e+01
6.110000e-06	-2.517666e-06	-1.301688e-09	-1.748694e+01	-8.034407e+01
6.120000e-06	-2.559256e-06	-1.325785e-09	-1.777582e+01	-8.148883e+01
6.130000e-06	-2.600698e-06	-1.350691e-09	-1.806366e+01	-8.260443e+01
6.140000e-06	-2.642023e-06	-1.369503e-09	-1.835069e+01	-8.369156e+01
6.150000e-06	-2.683186e-06	-1.382802e-09	-1.863659e+01	-8.475091e+01
6.160000e-06	-2.724077e-06	-1.393239e-09	-1.892061e+01	-8.578311e+01
6.170000e-06	-2.764738e-06	-1.403698e-09	-1.920303e+01	-8.678876e+01
6.180000e-06	-2.805279e-06	-1.416496e-09	-1.948461e+01	-8.776844e+01
6.190000e-06	-2.845641e-06	-1.431493e-09	-1.976496e+01	-8.872272e+01
6.200000e-06	-2.885836e-06	-1.451235e-09	-2.004414e+01	-8.965213e+01
6.210000e-06	-2.925911e-06	-1.474505e-09	-2.032249e+01	-9.055718e+01
6.220000e-06	-2.965829e-06	-1.495179e-09	-2.059975e+01	-9.143838e+01
6.230000e-06	-3.005526e-06	-1.511350e-09	-2.087547e+01	-9.229625e+01
6.240000e-06	-3.045050e-06	-1.524463e-09	-2.114999e+01	-9.313127e+01
6.250000e-06	-3.084354e-06	-1.534096e-09	-2.142298e+01	-9.394394e+01
6.260000e-06	-3.123385e-06	-1.541238e-09	-2.169409e+01	-9.473476e+01
6.270000e-06	-3.162121e-06	-1.551345e-09	-2.196313e+01	-9.550424e+01
6.280000e-06	-3.200484e-06	-1.565190e-09	-2.222959e+01	-9.625287e+01
6.290000e-06	-3.238446e-06	-1.579618e-09	-2.249326e+01	-9.698119e+01
6.300000e-06	-3.276018e-06	-1.592810e-09	-2.275423e+01	-9.768970e+01
6.310000e-06	-3.313210e-06	-1.606460e-09	-2.301255e+01	-9.837895e+01
6.320000e-06	-3.350098e-06	-1.619703e-09	-2.326876e+01	-9.904945e+01
6.330000e-06	-3.386760e-06	-1.629800e-09	-2.352341e+01	-9.970177e+01
6.340000e-06	-3.423178e-06	-1.637917e-09	-2.377635e+01	-1.003364e+02
6.350000e-06	-3.459459e-06	-1.645348e-09	-2.402835e+01	-1.009540e+02
6.360000e-06	-3.495618e-06	-1.655757e-09	-2.427950e+01	-1.015550e+02
6.370000e-06	-3.531635e-06	-1.666528e-09	-2.452966e+01	-1.021400e+02
6.380000e-06	-3.567498e-06	-1.675067e-09	-2.477876e+01	-1.027094e+02
6.390000e-06	-3.603155e-06	-1.681716e-09	-2.502642e+01	-1.032639e+02
6.400000e-06	-3.638530e-06	-1.690103e-09	-2.527212e+01	-1.038040e+02
6.410000e-06	-3.673624e-06	-1.700138e-09	-2.551588e+01	-1.043301e+02
6.420000e-06	-3.708507e-06	-1.709862e-09	-2.575817e+01	-1.048427e+02
6.430000e-06	-3.743175e-06	-1.721899e-09	-2.599896e+01	-1.053422e+02
6.440000e-06	-3.777523e-06	-1.734591e-09	-2.623753e+01	-1.058292e+02
6.450000e-06	-3.811557e-06	-1.744445e-09	-2.647392e+01	-1.063040e+02
6.460000e-06	-3.845337e-06	-1.748564e-09	-2.670854e+01	-1.067671e+02
6.470000e-06	-3.878826e-06	-1.752794e-09	-2.694115e+01	-1.072187e+02
6.480000e-06	-3.912004e-06	-1.759006e-09	-2.717159e+01	-1.076592e+02
6.490000e-06	-3.944901e-06	-1.763629e-09	-2.740008e+01	-1.080890e+02
6.500000e-06	-3.977596e-06	-1.770262e-09	-2.762718e+01	-1.085083e+02
6.510000e-06	-4.010101e-06	-1.777754e-09	-2.785294e+01	-1.089174e+02
6.520000e-06	-4.042421e-06	-1.784949e-09	-2.807743e+01	-1.093166e+02
6.530000e-06	-4.074569e-06	-1.793614e-09	-2.830072e+01	-1.097060e+02
6.540000e-06	-4.106520e-06	-1.799776e-09	-2.852264e+01	-1.100860e+02
6.550000e-06	-4.138142e-06	-1.803888e-09	-2.874228e+01	-1.104567e+02
6.560000e-06	-4.169329e-06	-1.807187e-09	-2.895890e+01	-1.108182e+02
6.570000e-06	-4.200092e-06	-1.809080e-09	-2.917256e+01	-1.111708e+02
6.580000e-06	-4.230394e-06	-1.810385e-09	-2.938303e+01	-1.115146e+02
6.590000e-06	-4.260166e-06	-1.811962e-09	-2.958982e+01	-1.118498e+02
6.600000e-06	-4.289412e-06	-1.814905e-09	-2.979295e+01	-1.121765e+02
6.610000e-06	-4.318251e-06	-1.820515e-09	-2.999326e+01	-1.124948e+02
6.620000e-06	-4.346863e-06	-1.827866e-09	-3.019199e+01	-1.128050e+02
6.630000e-06	-4.375284e-06	-1.835722e-09	-3.038940e+01	-1.131071e+02
6.640000e-06	-4.403510e-06	-1.841586e-09	-3.058544e+01	-1.134013e+02
6.650000e-06	-4.431561e-06	-1.844056e-09	-3.078028e+01	-1.136877e+02
6.660000e-06	-4.459365e-06	-1.844331e-09	-3.097339e+01	-1.139665e+02
6.670000e-06	-4.486828e-06	-1.844145e-09	-3.116415e+01	-1.142378e+02
6.680000e-06	-4.513945e-06	-1.845059e-09	-3.135249e+01	-1.145019e+02
6.690000e-06	-4.540790e-06	-1.848114e-09	-3.153895e+01	-1.147588e+02
6.700000e-06	-4.567390e-06	-1.852447e-09	-3.172370e+01	-1.150087e+02
6.710000e-06	-4.593683e-06	-1.857418e-09	-3.190633e+01	-1.152519e+02
6.720000e-06	-4.619588e-06	-1.862931e-09	-3.208625e+01	-1.154884e+02
6.730000e-06	-4.645187e-06	-1.866598e-09	-3.226406e+01	-1.157184e+02
6.740000e-06	-4.670423e-06	-1.868740e-09	-3.243934e+01	-1.159422e+02
6.750000e-06	-4.695260e-06	-1.871435e-09	-3.261185e+01	-1.161599e+02
6.760000e-06	-4.719845e-06	-1.873495e-09	-3.278261e+01	-1.163717e+02
6.770000e-06	-4.744179e-06	-1.873278e-09	-3.295163e+01	-1.165777e+02
6.780000e-06	-4.768325e-06	-1.873738e-09	-3.311934e+01	-1.167782e+02
6.790000e-06	-4.792303e-06	-1.875786e-09	-3.328588e+01	-1.169733e+02
6.800000e-06	-4.815975e-06	-1.876891e-09	-3.345030e+01	-1.171632e+02
6.810000e-06	-4.839116e-06	-1.876922e-09	-3.361103e+01	-1.173481e+02
6.820000e-06	-4.861597e-06	-1.877579e-09	-3.376718e+01	-1.175281e+02
6.830000e-06	-4.883539e-06	-1.880452e-09	-3.391958e+01	-1.177033e+02
6.840000e-06	-4.905097e-06	-1.886058e-09	-3.406932e+01	-1.178739e+02
6.850000e-06	-4.926275e-06	-1.891105e-09	-3.421641e+01	-1.180401e+02
6.860000e-06	-4.947061e-06	-1.894612e-09	-3.436078e+01	-1.182020e+02
6.870000e-06	-4.967515e-06	-1.894456e-09	-3.450285e+01	-1.183597e+02
6.880000e-06	-4.987701e-06	-1.891860e-09	-3.464306e+01	-1.185132e+02
6.890000e-06	-5.007582e-06	-1.891415e-09	-3.478114e+01	-1.186628e+02
6.900000e-06	-5.027186e-06	-1.894109e-09	-3.491731e+01	-1.188084e+02
6.910000e-06	-5.046522e-06	-1.897001e-09	-3.505161e+01	-1.189502e+02
6.920000e-06	-5.065513e-06	-1.901375e-09	-3.518352e+01	-1.190882e+02
6.930000e-06	-5.084190e-06	-1.907811e-09	-3.531324e+01	-1.192224e+02
6.940000e-06	-5.102528e-06	-1.910763e-09	-3.544061e+01	-1.193529e+02
6.950000e-06	-5.120515e-06	-1.909003e-09	-3.556554e+01	-1.194797e+02
6.960000e-06	-5.138185e-06	-1.903647e-09	-3.568828e+01	-1.196028e+02
6.970000e-06	-5.155493e-06	-1.898614e-09	-3.580849e+01	-1.197222e+02
6.980000e-06	-5.172418e-06	-1.897725e-09	-3.592604e+01	-1.198379e+02
6.990000e-06	-5.189052e-06	-1.901613e-09	-3.604158e+01	-1.199498e+02
7.000000e-06	-5.205438e-06	-1.908102e-09	-3.615539e+01	-1.200579e+02
7.010000e-06	-5.221516e-06	-1.912997e-09	-3.626706e+01	-1.201621e+02
7.020000e-06	-5.237201e-06	-1.913566e-09	-3.637601e+01	-1.202623e+02
7.030000e-06	-5.252417e-06	-1.910962e-09	-3.648170e+01	-1.203584e+02
7.040000e-06	-5.267085e-06	-1.908483e-09	-3.658357e+01	-1.204504e+02
7.050000e-06	-5.281155e-06	-1.907509e-09	-3.668130e+01	-1.205381e+02
7.060000e-06	-5.294646e-06	-1.907931e-09	-3.677500e+01	-1.206213e+02
7.070000e-06	-5.307605e-06	-1.909680e-09	-3.686502e+01	-1.207001e+02
7.080000e-06	-5.320137e-06	-1.909838e-09	-3.695206e+01	-1.207741e+02
7.090000e-06	-5.332342e-06	-1.907986e-09	-3.703683e+01	-1.208434e+02
7.100000e-06	-5.344239e-06	-1.905161e-09	-3.711946e+01	-1.209077e+02
7.110000e-06	-5.355675e-06	-1.902009e-09	-3.719889e+01	-1.209669e+02
7.120000e-06	-5.366661e-06	-1.899361e-09	-3.727520e+01	-1.210210e+02
7.130000e-06	-5.377323e-06	-1.899756e-09	-3.734926e+01	-1.210697e+02
7.140000e-06	-5.387623e-06	-1.902688e-09	-3.742080e+01	-1.211129e+02
7.150000e-06	-5.397585e-06	-1.906653e-09	-3.748999e+01	-1.211507e+02
7.160000e-06	-5.407216e-06	-1.909844e-09	-3.755688e+01	-1.211828e+02
7.170000e-06	-5.416452e-06	-1.907074e-09	-3.762103e+01	-1.212093e+02
7.180000e-06	-5.425299e-06	-1.900177e-09	-3.768248e+01	-1.212302e+02
7.190000e-06	-5.433888e-06	-1.892531e-09	-3.774214e+01	-1.212453e+02
7.200000e-06	-5.442266e-06	-1.888262e-09	-3.780033e+01	-1.212548e+02
7.210000e-06	-5.450335e-06	-1.885840e-09	-3.785637e+01	-1.212586e+02
7.220000e-06	-5.458017e-06	-1.885173e-09	-3.790973e+01	-1.212570e+02
7.230000e-06	-5.465277e-06	-1.889067e-09	-3.796015e+01	-1.212499e+02
7.240000e-06	-5.472049e-06	-1.894637e-09	-3.800719e+01	-1.212376e+02
7.250000e-06	-5.478242e-06	-1.896364e-09	-3.805021e+01	-1.212203e+02
7.260000e-06	-5.483783e-06	-1.891212e-09	-3.808869e+01	-1.211981e+02
7.270000e-06	-5.488785e-06	-1.884171e-09	-3.812343e+01	-1.211714e+02
7.280000e-06	-5.493459e-06	-1.878457e-09	-3.815590e+01	-1.211403e+02
7.290000e-06	-5.497856e-06	-1.874558e-09	-3.818644e+01	-1.211052e+02
7.300000e-06	-5.501999e-06	-1.873586e-09	-3.821521e+01	-1.210665e+02
7.310000e-06	-5.505880e-06	-1.873463e-09	-3.824217e+01	-1.210244e+02
7.320000e-06	-5.509419e-06	-1.871634e-09	-3.826675e+01	-1.209794e+02
7.330000e-06	-5.512531e-06	-1.869343e-09	-3.828836e+01	-1.209317e+02
7.340000e-06	-5.515276e-06	-1.869070e-09	-3.830743e+01	-1.208819e+02
7.350000e-06	-5.517728e-06	-1.869999e-09	-3.832446e+01	-1.208301e+02
7.360000e-06	-5.519840e-06	-1.869158e-09	-3.833913e+01	-1.207769e+02
7.370000e-06	-5.521568e-06	-1.866806e-09	-3.835114e+01	-1.207225e+02
7.380000e-06	-5.522777e-06	-1.863953e-09	-3.835953e+01	-1.206673e+02
7.390000e-06	-5.523561e-06	-1.860641e-09	-3.836498e+01	-1.206115e+02
7.400000e-06	-5.524082e-06	-1.856457e-09	-3.836859e+01	-1.205554e+02
