# Temperatura_=_4.0
# Concentracion g/m^3_=_1620.0
# C_Vs_to_Am_M_A/Vsm_=_65563218390.804596
# pendiente_HvsI_1/m_=_3716.3
# ordenada_HvsI_A/m_=_1297.0
# frecuencia_Hz_=_135110.40112667662

Tiempo_(s)	Campo_(V.s)	Magnetizacion_(V.s)	Campo_(kA/m)	Magnetizacion_(A/m)
0.000000e+00	-5.520036e-06	-1.524780e-09	-3.836222e+01	-9.890002e+01
1.000000e-08	-5.520048e-06	-1.526326e-09	-3.836230e+01	-9.886397e+01
2.000000e-08	-5.519815e-06	-1.526935e-09	-3.836068e+01	-9.883022e+01
3.000000e-08	-5.519191e-06	-1.526832e-09	-3.835635e+01	-9.879852e+01
4.000000e-08	-5.518037e-06	-1.524232e-09	-3.834833e+01	-9.876852e+01
5.000000e-08	-5.516310e-06	-1.513209e-09	-3.833633e+01	-9.873981e+01
6.000000e-08	-5.514006e-06	-1.501009e-09	-3.832031e+01	-9.871185e+01
7.000000e-08	-5.511121e-06	-1.510481e-09	-3.830026e+01	-9.868408e+01
8.000000e-08	-5.507665e-06	-1.528674e-09	-3.827624e+01	-9.865584e+01
9.000000e-08	-5.503698e-06	-1.549029e-09	-3.824867e+01	-9.862643e+01
1.000000e-07	-5.499415e-06	-1.569934e-09	-3.821891e+01	-9.859511e+01
1.100000e-07	-5.494891e-06	-1.527725e-09	-3.818747e+01	-9.856113e+01
1.200000e-07	-5.490163e-06	-1.445693e-09	-3.815461e+01	-9.852371e+01
1.300000e-07	-5.485245e-06	-1.456118e-09	-3.812043e+01	-9.848212e+01
1.400000e-07	-5.479904e-06	-1.509545e-09	-3.808332e+01	-9.843561e+01
1.500000e-07	-5.474043e-06	-1.552185e-09	-3.804258e+01	-9.838350e+01
1.600000e-07	-5.467785e-06	-1.492648e-09	-3.799909e+01	-9.832514e+01
1.700000e-07	-5.461229e-06	-1.498316e-09	-3.795353e+01	-9.825997e+01
1.800000e-07	-5.454247e-06	-1.530981e-09	-3.790501e+01	-9.818749e+01
1.900000e-07	-5.446880e-06	-1.536320e-09	-3.785381e+01	-9.810730e+01
2.000000e-07	-5.439285e-06	-1.464606e-09	-3.780103e+01	-9.801911e+01
2.100000e-07	-5.431492e-06	-1.452699e-09	-3.774687e+01	-9.792271e+01
2.200000e-07	-5.423394e-06	-1.503493e-09	-3.769059e+01	-9.781801e+01
2.300000e-07	-5.414862e-06	-1.540291e-09	-3.763129e+01	-9.770504e+01
2.400000e-07	-5.405785e-06	-1.505030e-09	-3.756822e+01	-9.758394e+01
2.500000e-07	-5.396027e-06	-1.469310e-09	-3.750040e+01	-9.745494e+01
2.600000e-07	-5.385569e-06	-1.478529e-09	-3.742772e+01	-9.731840e+01
2.700000e-07	-5.374611e-06	-1.469454e-09	-3.735157e+01	-9.717477e+01
2.800000e-07	-5.363298e-06	-1.457925e-09	-3.727294e+01	-9.702459e+01
2.900000e-07	-5.351567e-06	-1.451262e-09	-3.719142e+01	-9.686846e+01
3.000000e-07	-5.339405e-06	-1.477301e-09	-3.710690e+01	-9.670708e+01
3.100000e-07	-5.326832e-06	-1.459572e-09	-3.701952e+01	-9.654118e+01
3.200000e-07	-5.313848e-06	-1.455431e-09	-3.692929e+01	-9.637153e+01
3.300000e-07	-5.300490e-06	-1.433001e-09	-3.683646e+01	-9.619893e+01
3.400000e-07	-5.286764e-06	-1.451026e-09	-3.674106e+01	-9.602418e+01
3.500000e-07	-5.272653e-06	-1.442000e-09	-3.664300e+01	-9.584809e+01
3.600000e-07	-5.258130e-06	-1.443274e-09	-3.654207e+01	-9.567143e+01
3.700000e-07	-5.243010e-06	-1.436087e-09	-3.643699e+01	-9.549494e+01
3.800000e-07	-5.227395e-06	-1.471692e-09	-3.632847e+01	-9.531929e+01
3.900000e-07	-5.211279e-06	-1.448244e-09	-3.621647e+01	-9.514511e+01
4.000000e-07	-5.194708e-06	-1.411433e-09	-3.610131e+01	-9.497293e+01
4.100000e-07	-5.177829e-06	-1.422679e-09	-3.598401e+01	-9.480323e+01
4.200000e-07	-5.160523e-06	-1.456408e-09	-3.586373e+01	-9.463637e+01
4.300000e-07	-5.142914e-06	-1.418500e-09	-3.574136e+01	-9.447260e+01
4.400000e-07	-5.125053e-06	-1.415020e-09	-3.561723e+01	-9.431211e+01
4.500000e-07	-5.106814e-06	-1.468163e-09	-3.549048e+01	-9.415495e+01
4.600000e-07	-5.088086e-06	-1.448608e-09	-3.536033e+01	-9.400108e+01
4.700000e-07	-5.068922e-06	-1.393208e-09	-3.522714e+01	-9.385037e+01
4.800000e-07	-5.049540e-06	-1.431475e-09	-3.509244e+01	-9.370258e+01
4.900000e-07	-5.029963e-06	-1.454999e-09	-3.495639e+01	-9.355741e+01
5.000000e-07	-5.010201e-06	-1.392806e-09	-3.481905e+01	-9.341445e+01
5.100000e-07	-4.990192e-06	-1.393360e-09	-3.468000e+01	-9.327324e+01
5.200000e-07	-4.969816e-06	-1.438376e-09	-3.453839e+01	-9.313326e+01
5.300000e-07	-4.949034e-06	-1.414375e-09	-3.439396e+01	-9.299395e+01
5.400000e-07	-4.927909e-06	-1.397108e-09	-3.424715e+01	-9.285471e+01
5.500000e-07	-4.906492e-06	-1.442516e-09	-3.409831e+01	-9.271494e+01
5.600000e-07	-4.884707e-06	-1.416946e-09	-3.394692e+01	-9.257403e+01
5.700000e-07	-4.862531e-06	-1.376880e-09	-3.379280e+01	-9.243135e+01
5.800000e-07	-4.840057e-06	-1.406217e-09	-3.363661e+01	-9.228633e+01
5.900000e-07	-4.817280e-06	-1.419696e-09	-3.347832e+01	-9.213842e+01
6.000000e-07	-4.794168e-06	-1.374512e-09	-3.331770e+01	-9.198710e+01
6.100000e-07	-4.770719e-06	-1.387068e-09	-3.315474e+01	-9.183193e+01
6.200000e-07	-4.747025e-06	-1.404322e-09	-3.299008e+01	-9.167250e+01
6.300000e-07	-4.723180e-06	-1.381405e-09	-3.282436e+01	-9.150849e+01
6.400000e-07	-4.699103e-06	-1.377395e-09	-3.265704e+01	-9.133965e+01
6.500000e-07	-4.674626e-06	-1.403122e-09	-3.248693e+01	-9.116578e+01
6.600000e-07	-4.649552e-06	-1.383302e-09	-3.231267e+01	-9.098678e+01
6.700000e-07	-4.623869e-06	-1.368941e-09	-3.213419e+01	-9.080260e+01
6.800000e-07	-4.597684e-06	-1.374798e-09	-3.195221e+01	-9.061329e+01
6.900000e-07	-4.571002e-06	-1.368500e-09	-3.176678e+01	-9.041894e+01
7.000000e-07	-4.543953e-06	-1.352803e-09	-3.157880e+01	-9.021970e+01
7.100000e-07	-4.516633e-06	-1.360368e-09	-3.138894e+01	-9.001577e+01
7.200000e-07	-4.489020e-06	-1.358476e-09	-3.119703e+01	-8.980742e+01
7.300000e-07	-4.461212e-06	-1.354862e-09	-3.100378e+01	-8.959492e+01
7.400000e-07	-4.433253e-06	-1.356214e-09	-3.080948e+01	-8.937858e+01
7.500000e-07	-4.405062e-06	-1.349790e-09	-3.061356e+01	-8.915871e+01
7.600000e-07	-4.376512e-06	-1.338277e-09	-3.041515e+01	-8.893565e+01
7.700000e-07	-4.347669e-06	-1.337642e-09	-3.021470e+01	-8.870969e+01
7.800000e-07	-4.318515e-06	-1.334835e-09	-3.001209e+01	-8.848114e+01
7.900000e-07	-4.289029e-06	-1.328619e-09	-2.980717e+01	-8.825027e+01
8.000000e-07	-4.259284e-06	-1.331060e-09	-2.960045e+01	-8.801732e+01
8.100000e-07	-4.229200e-06	-1.326711e-09	-2.939139e+01	-8.778247e+01
8.200000e-07	-4.198804e-06	-1.312916e-09	-2.918014e+01	-8.754589e+01
8.300000e-07	-4.168176e-06	-1.304685e-09	-2.896729e+01	-8.730767e+01
8.400000e-07	-4.137286e-06	-1.308960e-09	-2.875261e+01	-8.706785e+01
8.500000e-07	-4.106150e-06	-1.306538e-09	-2.853623e+01	-8.682644e+01
8.600000e-07	-4.074761e-06	-1.304751e-09	-2.831809e+01	-8.658335e+01
8.700000e-07	-4.043147e-06	-1.301590e-09	-2.809838e+01	-8.633850e+01
8.800000e-07	-4.011375e-06	-1.293791e-09	-2.787758e+01	-8.609170e+01
8.900000e-07	-3.979386e-06	-1.278560e-09	-2.765526e+01	-8.584278e+01
9.000000e-07	-3.947119e-06	-1.272954e-09	-2.743103e+01	-8.559147e+01
9.100000e-07	-3.914642e-06	-1.265402e-09	-2.720532e+01	-8.533753e+01
9.200000e-07	-3.881834e-06	-1.259295e-09	-2.697731e+01	-8.508066e+01
9.300000e-07	-3.848453e-06	-1.256714e-09	-2.674533e+01	-8.482055e+01
9.400000e-07	-3.814477e-06	-1.259277e-09	-2.650921e+01	-8.455691e+01
9.500000e-07	-3.780061e-06	-1.251585e-09	-2.627004e+01	-8.428944e+01
9.600000e-07	-3.745384e-06	-1.242393e-09	-2.602904e+01	-8.401786e+01
9.700000e-07	-3.710361e-06	-1.234224e-09	-2.578564e+01	-8.374189e+01
9.800000e-07	-3.675040e-06	-1.227821e-09	-2.554018e+01	-8.346132e+01
9.900000e-07	-3.639521e-06	-1.220860e-09	-2.529333e+01	-8.317594e+01
1.000000e-06	-3.603859e-06	-1.218766e-09	-2.504549e+01	-8.288562e+01
1.010000e-06	-3.568063e-06	-1.215771e-09	-2.479672e+01	-8.259023e+01
1.020000e-06	-3.532022e-06	-1.211887e-09	-2.454625e+01	-8.228974e+01
1.030000e-06	-3.495823e-06	-1.207017e-09	-2.429468e+01	-8.198414e+01
1.040000e-06	-3.459443e-06	-1.203751e-09	-2.404186e+01	-8.167349e+01
1.050000e-06	-3.422783e-06	-1.198974e-09	-2.378708e+01	-8.135788e+01
1.060000e-06	-3.385871e-06	-1.190772e-09	-2.353055e+01	-8.103747e+01
1.070000e-06	-3.348734e-06	-1.181238e-09	-2.327247e+01	-8.071244e+01
1.080000e-06	-3.311340e-06	-1.174491e-09	-2.301260e+01	-8.038304e+01
1.090000e-06	-3.273703e-06	-1.171062e-09	-2.275103e+01	-8.004952e+01
1.100000e-06	-3.235876e-06	-1.165459e-09	-2.248815e+01	-7.971216e+01
1.110000e-06	-3.197798e-06	-1.159023e-09	-2.222352e+01	-7.937126e+01
1.120000e-06	-3.159391e-06	-1.149856e-09	-2.195660e+01	-7.902711e+01
1.130000e-06	-3.120764e-06	-1.141767e-09	-2.168816e+01	-7.868000e+01
1.140000e-06	-3.082024e-06	-1.135703e-09	-2.141893e+01	-7.833020e+01
1.150000e-06	-3.043082e-06	-1.130693e-09	-2.114830e+01	-7.797796e+01
1.160000e-06	-3.003927e-06	-1.123493e-09	-2.087619e+01	-7.762347e+01
1.170000e-06	-2.964614e-06	-1.120089e-09	-2.060298e+01	-7.726690e+01
1.180000e-06	-2.925106e-06	-1.117462e-09	-2.032841e+01	-7.690834e+01
1.190000e-06	-2.885467e-06	-1.113854e-09	-2.005293e+01	-7.654784e+01
1.200000e-06	-2.845753e-06	-1.104071e-09	-1.977693e+01	-7.618536e+01
1.210000e-06	-2.805895e-06	-1.092852e-09	-1.949994e+01	-7.582079e+01
1.220000e-06	-2.765846e-06	-1.081608e-09	-1.922161e+01	-7.545397e+01
1.230000e-06	-2.725604e-06	-1.073799e-09	-1.894194e+01	-7.508462e+01
1.240000e-06	-2.685157e-06	-1.067060e-09	-1.866085e+01	-7.471241e+01
1.250000e-06	-2.644467e-06	-1.065044e-09	-1.837807e+01	-7.433695e+01
1.260000e-06	-2.603538e-06	-1.065442e-09	-1.809363e+01	-7.395774e+01
1.270000e-06	-2.562448e-06	-1.061245e-09	-1.780807e+01	-7.357424e+01
1.280000e-06	-2.521124e-06	-1.051710e-09	-1.752088e+01	-7.318587e+01
1.290000e-06	-2.479457e-06	-1.041017e-09	-1.723132e+01	-7.279196e+01
1.300000e-06	-2.437485e-06	-1.027914e-09	-1.693962e+01	-7.239184e+01
1.310000e-06	-2.395141e-06	-1.014093e-09	-1.664535e+01	-7.198479e+01
1.320000e-06	-2.352512e-06	-1.003375e-09	-1.634909e+01	-7.157008e+01
1.330000e-06	-2.309646e-06	-9.974416e-10	-1.605119e+01	-7.114699e+01
1.340000e-06	-2.266535e-06	-9.941994e-10	-1.575158e+01	-7.071478e+01
1.350000e-06	-2.223245e-06	-9.943032e-10	-1.545073e+01	-7.027275e+01
1.360000e-06	-2.179780e-06	-9.928545e-10	-1.514867e+01	-6.982023e+01
1.370000e-06	-2.136163e-06	-9.849578e-10	-1.484555e+01	-6.935660e+01
1.380000e-06	-2.092457e-06	-9.722669e-10	-1.454180e+01	-6.888126e+01
1.390000e-06	-2.048737e-06	-9.567062e-10	-1.423797e+01	-6.839371e+01
1.400000e-06	-2.005011e-06	-9.420857e-10	-1.393409e+01	-6.789350e+01
1.410000e-06	-1.961222e-06	-9.313296e-10	-1.362977e+01	-6.738023e+01
1.420000e-06	-1.917258e-06	-9.263837e-10	-1.332424e+01	-6.685362e+01
1.430000e-06	-1.873143e-06	-9.224811e-10	-1.301766e+01	-6.631343e+01
1.440000e-06	-1.829004e-06	-9.156151e-10	-1.271091e+01	-6.575952e+01
1.450000e-06	-1.784825e-06	-9.067170e-10	-1.240388e+01	-6.519181e+01
1.460000e-06	-1.740472e-06	-8.971312e-10	-1.209564e+01	-6.461027e+01
1.470000e-06	-1.695888e-06	-8.856295e-10	-1.178579e+01	-6.401498e+01
1.480000e-06	-1.651176e-06	-8.748075e-10	-1.147506e+01	-6.340603e+01
1.490000e-06	-1.606382e-06	-8.639100e-10	-1.116376e+01	-6.278356e+01
1.500000e-06	-1.561473e-06	-8.509300e-10	-1.085166e+01	-6.214775e+01
1.510000e-06	-1.516389e-06	-8.365556e-10	-1.053834e+01	-6.149878e+01
1.520000e-06	-1.471149e-06	-8.244225e-10	-1.022394e+01	-6.083685e+01
1.530000e-06	-1.425801e-06	-8.128838e-10	-9.908789e+00	-6.016213e+01
1.540000e-06	-1.380399e-06	-8.030617e-10	-9.593264e+00	-5.947477e+01
1.550000e-06	-1.335019e-06	-7.909641e-10	-9.277890e+00	-5.877486e+01
1.560000e-06	-1.289540e-06	-7.758717e-10	-8.961827e+00	-5.806245e+01
1.570000e-06	-1.243871e-06	-7.605260e-10	-8.644445e+00	-5.733751e+01
1.580000e-06	-1.198089e-06	-7.482583e-10	-8.326278e+00	-5.659989e+01
1.590000e-06	-1.152317e-06	-7.358356e-10	-8.008177e+00	-5.584938e+01
1.600000e-06	-1.106484e-06	-7.220762e-10	-7.689653e+00	-5.508563e+01
1.610000e-06	-1.060489e-06	-7.087859e-10	-7.370008e+00	-5.430819e+01
1.620000e-06	-1.014367e-06	-6.969533e-10	-7.049479e+00	-5.351646e+01
1.630000e-06	-9.681952e-07	-6.857212e-10	-6.728600e+00	-5.270971e+01
1.640000e-06	-9.220297e-07	-6.742715e-10	-6.407767e+00	-5.188709e+01
1.650000e-06	-8.758401e-07	-6.630863e-10	-6.086766e+00	-5.104760e+01
1.660000e-06	-8.295802e-07	-6.521309e-10	-5.765277e+00	-5.019011e+01
1.670000e-06	-7.832172e-07	-6.416046e-10	-5.443071e+00	-4.931337e+01
1.680000e-06	-7.368457e-07	-6.296294e-10	-5.120806e+00	-4.841602e+01
1.690000e-06	-6.904700e-07	-6.154549e-10	-4.798512e+00	-4.749657e+01
1.700000e-06	-6.440019e-07	-5.956838e-10	-4.475576e+00	-4.655347e+01
1.710000e-06	-5.974696e-07	-5.729832e-10	-4.152193e+00	-4.558506e+01
1.720000e-06	-5.509184e-07	-5.520526e-10	-3.828680e+00	-4.458965e+01
1.730000e-06	-5.043454e-07	-5.356111e-10	-3.505015e+00	-4.356550e+01
1.740000e-06	-4.576784e-07	-5.231629e-10	-3.180697e+00	-4.251085e+01
1.750000e-06	-4.109502e-07	-5.120097e-10	-2.855953e+00	-4.142395e+01
1.760000e-06	-3.641948e-07	-4.983385e-10	-2.531020e+00	-4.030308e+01
1.770000e-06	-3.173589e-07	-4.814992e-10	-2.205528e+00	-3.914658e+01
1.780000e-06	-2.704961e-07	-4.625728e-10	-1.879849e+00	-3.795285e+01
1.790000e-06	-2.236258e-07	-4.432305e-10	-1.554117e+00	-3.672041e+01
1.800000e-06	-1.767305e-07	-4.238184e-10	-1.228212e+00	-3.544788e+01
1.810000e-06	-1.299237e-07	-4.047694e-10	-9.029215e-01	-3.413406e+01
1.820000e-06	-8.318655e-08	-3.874284e-10	-5.781159e-01	-3.277789e+01
1.830000e-06	-3.647797e-08	-3.720594e-10	-2.535084e-01	-3.137851e+01
1.840000e-06	1.020632e-08	-3.568712e-10	7.093014e-02	-2.993526e+01
1.850000e-06	5.696531e-08	-3.397324e-10	3.958879e-01	-2.844771e+01
1.860000e-06	1.037932e-07	-3.195445e-10	7.213248e-01	-2.691565e+01
1.870000e-06	1.506058e-07	-2.967643e-10	1.046655e+00	-2.533912e+01
1.880000e-06	1.974068e-07	-2.729761e-10	1.371905e+00	-2.371841e+01
1.890000e-06	2.441765e-07	-2.492041e-10	1.696937e+00	-2.205407e+01
1.900000e-06	2.909075e-07	-2.253317e-10	2.021700e+00	-2.034691e+01
1.910000e-06	3.375854e-07	-2.016633e-10	2.346094e+00	-1.859800e+01
1.920000e-06	3.842448e-07	-1.778422e-10	2.670360e+00	-1.680864e+01
1.930000e-06	4.309469e-07	-1.540460e-10	2.994922e+00	-1.498043e+01
1.940000e-06	4.775508e-07	-1.299971e-10	3.318802e+00	-1.311515e+01
1.950000e-06	5.240347e-07	-1.041375e-10	3.641848e+00	-1.121486e+01
1.960000e-06	5.705165e-07	-7.793672e-11	3.964879e+00	-9.281806e+00
1.970000e-06	6.170327e-07	-5.351322e-11	4.288150e+00	-7.318440e+00
1.980000e-06	6.634645e-07	-2.908738e-11	4.610834e+00	-5.327399e+00
1.990000e-06	7.097591e-07	-1.767866e-12	4.932565e+00	-3.311480e+00
2.000000e-06	7.559728e-07	2.703442e-11	5.253733e+00	-1.273624e+00
2.010000e-06	8.021603e-07	5.625740e-11	5.574718e+00	7.831104e-01
2.020000e-06	8.483253e-07	8.757169e-11	5.895548e+00	2.855564e+00
2.030000e-06	8.944826e-07	1.193103e-10	6.216325e+00	4.940504e+00
2.040000e-06	9.406066e-07	1.475950e-10	6.536870e+00	7.034646e+00
2.050000e-06	9.866428e-07	1.736628e-10	6.856804e+00	9.134677e+00
2.060000e-06	1.032636e-06	1.998571e-10	7.176438e+00	1.123728e+01
2.070000e-06	1.078547e-06	2.269187e-10	7.495506e+00	1.333915e+01
2.080000e-06	1.124363e-06	2.551801e-10	7.813907e+00	1.543703e+01
2.090000e-06	1.170149e-06	2.841490e-10	8.132103e+00	1.752771e+01
2.100000e-06	1.215854e-06	3.135961e-10	8.449741e+00	1.960808e+01
2.110000e-06	1.261421e-06	3.436073e-10	8.766410e+00	2.167510e+01
2.120000e-06	1.306958e-06	3.726103e-10	9.082879e+00	2.372587e+01
2.130000e-06	1.352460e-06	4.004766e-10	9.399100e+00	2.575761e+01
2.140000e-06	1.397861e-06	4.260995e-10	9.714619e+00	2.776768e+01
2.150000e-06	1.443158e-06	4.487574e-10	1.002941e+01	2.975360e+01
2.160000e-06	1.488329e-06	4.694488e-10	1.034334e+01	3.171306e+01
2.170000e-06	1.533359e-06	4.919783e-10	1.065628e+01	3.364392e+01
2.180000e-06	1.578250e-06	5.187110e-10	1.096826e+01	3.554422e+01
2.190000e-06	1.623003e-06	5.477063e-10	1.127928e+01	3.741219e+01
2.200000e-06	1.667637e-06	5.788708e-10	1.158946e+01	3.924625e+01
2.210000e-06	1.712141e-06	6.100510e-10	1.189875e+01	4.104500e+01
2.220000e-06	1.756437e-06	6.374805e-10	1.220659e+01	4.280725e+01
2.230000e-06	1.800600e-06	6.601741e-10	1.251351e+01	4.453197e+01
2.240000e-06	1.844682e-06	6.779364e-10	1.281986e+01	4.621836e+01
2.250000e-06	1.888647e-06	6.930812e-10	1.312540e+01	4.786575e+01
2.260000e-06	1.932541e-06	7.107600e-10	1.343045e+01	4.947368e+01
2.270000e-06	1.976400e-06	7.333060e-10	1.373525e+01	5.104184e+01
2.280000e-06	2.020222e-06	7.577246e-10	1.403980e+01	5.257009e+01
2.290000e-06	2.063983e-06	7.817284e-10	1.434392e+01	5.405845e+01
2.300000e-06	2.107670e-06	8.045692e-10	1.464753e+01	5.550705e+01
2.310000e-06	2.151306e-06	8.247412e-10	1.495079e+01	5.691618e+01
2.320000e-06	2.194915e-06	8.413201e-10	1.525385e+01	5.828625e+01
2.330000e-06	2.238435e-06	8.540135e-10	1.555630e+01	5.961775e+01
2.340000e-06	2.281780e-06	8.662029e-10	1.585753e+01	6.091131e+01
2.350000e-06	2.324939e-06	8.814502e-10	1.615747e+01	6.216761e+01
2.360000e-06	2.367824e-06	9.001435e-10	1.645550e+01	6.338742e+01
2.370000e-06	2.410384e-06	9.207260e-10	1.675128e+01	6.457157e+01
2.380000e-06	2.452671e-06	9.398582e-10	1.704516e+01	6.572095e+01
2.390000e-06	2.494685e-06	9.565369e-10	1.733715e+01	6.683648e+01
2.400000e-06	2.536359e-06	9.715043e-10	1.762676e+01	6.791910e+01
2.410000e-06	2.577629e-06	9.846499e-10	1.791357e+01	6.896979e+01
2.420000e-06	2.618576e-06	9.968457e-10	1.819814e+01	6.998954e+01
2.430000e-06	2.659199e-06	1.010501e-09	1.848046e+01	7.097931e+01
2.440000e-06	2.699568e-06	1.025688e-09	1.876101e+01	7.194010e+01
2.450000e-06	2.739826e-06	1.040385e-09	1.904078e+01	7.287285e+01
2.460000e-06	2.779915e-06	1.054706e-09	1.931938e+01	7.377850e+01
2.470000e-06	2.819776e-06	1.066972e-09	1.959640e+01	7.465797e+01
2.480000e-06	2.859504e-06	1.077496e-09	1.987250e+01	7.551213e+01
2.490000e-06	2.899216e-06	1.086656e-09	2.014848e+01	7.634183e+01
2.500000e-06	2.938834e-06	1.096297e-09	2.042382e+01	7.714786e+01
2.510000e-06	2.978326e-06	1.108841e-09	2.069827e+01	7.793100e+01
2.520000e-06	3.017615e-06	1.121845e-09	2.097131e+01	7.869196e+01
2.530000e-06	3.056653e-06	1.138051e-09	2.124261e+01	7.943141e+01
2.540000e-06	3.095478e-06	1.153123e-09	2.151243e+01	8.015000e+01
2.550000e-06	3.134082e-06	1.163265e-09	2.178072e+01	8.084832e+01
2.560000e-06	3.172430e-06	1.167594e-09	2.204722e+01	8.152691e+01
2.570000e-06	3.210484e-06	1.168436e-09	2.231168e+01	8.218630e+01
2.580000e-06	3.248346e-06	1.171890e-09	2.257481e+01	8.282696e+01
2.590000e-06	3.286031e-06	1.178096e-09	2.283670e+01	8.344935e+01
2.600000e-06	3.323514e-06	1.190389e-09	2.309720e+01	8.405390e+01
2.610000e-06	3.360856e-06	1.206577e-09	2.335671e+01	8.464099e+01
2.620000e-06	3.397958e-06	1.223271e-09	2.361456e+01	8.521102e+01
2.630000e-06	3.434686e-06	1.233349e-09	2.386980e+01	8.576434e+01
2.640000e-06	3.471025e-06	1.236110e-09	2.412234e+01	8.630130e+01
2.650000e-06	3.507098e-06	1.235924e-09	2.437304e+01	8.682226e+01
2.660000e-06	3.543045e-06	1.236934e-09	2.462286e+01	8.732754e+01
2.670000e-06	3.578874e-06	1.241944e-09	2.487186e+01	8.781748e+01
2.680000e-06	3.614618e-06	1.252359e-09	2.512027e+01	8.829243e+01
2.690000e-06	3.650307e-06	1.266229e-09	2.536829e+01	8.875271e+01
2.700000e-06	3.685918e-06	1.278029e-09	2.561577e+01	8.919867e+01
2.710000e-06	3.721332e-06	1.283782e-09	2.586189e+01	8.963066e+01
2.720000e-06	3.756480e-06	1.285448e-09	2.610616e+01	9.004903e+01
2.730000e-06	3.791261e-06	1.287149e-09	2.634787e+01	9.045414e+01
2.740000e-06	3.825486e-06	1.290967e-09	2.658572e+01	9.084634e+01
2.750000e-06	3.859184e-06	1.295598e-09	2.681991e+01	9.122601e+01
2.760000e-06	3.892386e-06	1.299636e-09	2.705065e+01	9.159350e+01
2.770000e-06	3.925125e-06	1.304804e-09	2.727817e+01	9.194918e+01
2.780000e-06	3.957531e-06	1.312354e-09	2.750339e+01	9.229342e+01
2.790000e-06	3.989623e-06	1.320816e-09	2.772641e+01	9.262655e+01
2.800000e-06	4.021481e-06	1.327041e-09	2.794781e+01	9.294894e+01
2.810000e-06	4.053252e-06	1.331014e-09	2.816861e+01	9.326090e+01
2.820000e-06	4.084919e-06	1.333563e-09	2.838868e+01	9.356276e+01
2.830000e-06	4.116378e-06	1.337496e-09	2.860731e+01	9.385481e+01
2.840000e-06	4.147550e-06	1.342251e-09	2.882394e+01	9.413733e+01
2.850000e-06	4.178345e-06	1.348385e-09	2.903796e+01	9.441056e+01
2.860000e-06	4.208790e-06	1.355951e-09	2.924954e+01	9.467475e+01
2.870000e-06	4.239032e-06	1.362931e-09	2.945971e+01	9.493008e+01
2.880000e-06	4.269036e-06	1.365312e-09	2.966823e+01	9.517674e+01
2.890000e-06	4.298747e-06	1.365581e-09	2.987471e+01	9.541487e+01
2.900000e-06	4.328167e-06	1.367525e-09	3.007916e+01	9.564459e+01
2.910000e-06	4.357272e-06	1.371559e-09	3.028143e+01	9.586599e+01
2.920000e-06	4.386067e-06	1.377085e-09	3.048155e+01	9.607916e+01
2.930000e-06	4.414511e-06	1.382861e-09	3.067923e+01	9.628413e+01
2.940000e-06	4.442599e-06	1.386960e-09	3.087443e+01	9.648095e+01
2.950000e-06	4.470466e-06	1.388880e-09	3.106810e+01	9.666963e+01
2.960000e-06	4.498241e-06	1.389491e-09	3.126112e+01	9.685020e+01
2.970000e-06	4.525909e-06	1.390251e-09	3.145340e+01	9.702265e+01
2.980000e-06	4.553320e-06	1.391997e-09	3.164390e+01	9.718701e+01
2.990000e-06	4.580375e-06	1.394402e-09	3.183192e+01	9.734328e+01
3.000000e-06	4.607026e-06	1.397841e-09	3.201713e+01	9.749150e+01
3.010000e-06	4.633210e-06	1.404402e-09	3.219910e+01	9.763172e+01
3.020000e-06	4.658762e-06	1.411622e-09	3.237668e+01	9.776401e+01
3.030000e-06	4.683592e-06	1.416619e-09	3.254924e+01	9.788847e+01
3.040000e-06	4.707918e-06	1.420305e-09	3.271830e+01	9.800522e+01
3.050000e-06	4.731963e-06	1.422241e-09	3.288540e+01	9.811443e+01
3.060000e-06	4.755789e-06	1.422676e-09	3.305098e+01	9.821631e+01
3.070000e-06	4.779326e-06	1.423515e-09	3.321456e+01	9.831110e+01
3.080000e-06	4.802566e-06	1.425104e-09	3.337606e+01	9.839907e+01
3.090000e-06	4.825502e-06	1.427392e-09	3.353546e+01	9.848057e+01
3.100000e-06	4.848111e-06	1.430091e-09	3.369259e+01	9.855595e+01
3.110000e-06	4.870396e-06	1.432456e-09	3.384746e+01	9.862562e+01
3.120000e-06	4.892330e-06	1.435189e-09	3.399989e+01	9.869001e+01
3.130000e-06	4.914055e-06	1.437542e-09	3.415087e+01	9.874959e+01
3.140000e-06	4.935605e-06	1.439398e-09	3.430063e+01	9.880486e+01
3.150000e-06	4.956758e-06	1.440942e-09	3.444764e+01	9.885631e+01
3.160000e-06	4.977450e-06	1.440755e-09	3.459145e+01	9.890449e+01
3.170000e-06	4.997764e-06	1.438945e-09	3.473262e+01	9.894991e+01
3.180000e-06	5.017795e-06	1.437618e-09	3.487183e+01	9.899310e+01
3.190000e-06	5.037601e-06	1.437649e-09	3.500947e+01	9.903457e+01
3.200000e-06	5.057218e-06	1.438999e-09	3.514580e+01	9.907480e+01
3.210000e-06	5.076608e-06	1.441452e-09	3.528056e+01	9.911425e+01
3.220000e-06	5.095703e-06	1.445604e-09	3.541326e+01	9.915336e+01
3.230000e-06	5.114396e-06	1.449591e-09	3.554317e+01	9.919249e+01
3.240000e-06	5.132570e-06	1.452147e-09	3.566947e+01	9.923197e+01
3.250000e-06	5.150285e-06	1.453335e-09	3.579258e+01	9.927206e+01
3.260000e-06	5.167622e-06	1.453291e-09	3.591307e+01	9.931296e+01
3.270000e-06	5.184683e-06	1.452881e-09	3.603164e+01	9.935481e+01
3.280000e-06	5.201467e-06	1.453782e-09	3.614828e+01	9.939767e+01
3.290000e-06	5.218003e-06	1.456092e-09	3.626320e+01	9.944152e+01
3.300000e-06	5.234177e-06	1.458711e-09	3.637561e+01	9.948628e+01
3.310000e-06	5.249774e-06	1.463477e-09	3.648400e+01	9.953179e+01
3.320000e-06	5.264849e-06	1.469502e-09	3.658877e+01	9.957783e+01
3.330000e-06	5.279394e-06	1.474112e-09	3.668984e+01	9.962411e+01
3.340000e-06	5.293465e-06	1.477157e-09	3.678763e+01	9.967029e+01
3.350000e-06	5.307187e-06	1.478772e-09	3.688300e+01	9.971597e+01
3.360000e-06	5.320564e-06	1.479649e-09	3.697596e+01	9.976071e+01
3.370000e-06	5.333570e-06	1.480748e-09	3.706635e+01	9.980405e+01
3.380000e-06	5.346183e-06	1.482955e-09	3.715401e+01	9.984548e+01
3.390000e-06	5.358377e-06	1.485370e-09	3.723875e+01	9.988450e+01
3.400000e-06	5.370214e-06	1.488720e-09	3.732101e+01	9.992062e+01
3.410000e-06	5.381756e-06	1.490438e-09	3.740122e+01	9.995334e+01
3.420000e-06	5.392941e-06	1.489679e-09	3.747896e+01	9.998219e+01
3.430000e-06	5.403602e-06	1.489826e-09	3.755304e+01	1.000067e+02
3.440000e-06	5.413625e-06	1.493026e-09	3.762270e+01	1.000266e+02
3.450000e-06	5.423028e-06	1.499351e-09	3.768805e+01	1.000414e+02
3.460000e-06	5.431880e-06	1.504131e-09	3.774956e+01	1.000510e+02
3.470000e-06	5.440261e-06	1.505557e-09	3.780781e+01	1.000550e+02
3.480000e-06	5.448242e-06	1.504659e-09	3.786327e+01	1.000534e+02
3.490000e-06	5.455918e-06	1.503644e-09	3.791662e+01	1.000461e+02
3.500000e-06	5.463333e-06	1.504589e-09	3.796815e+01	1.000333e+02
3.510000e-06	5.470438e-06	1.507499e-09	3.801753e+01	1.000149e+02
3.520000e-06	5.477206e-06	1.512331e-09	3.806456e+01	9.999117e+01
3.530000e-06	5.483605e-06	1.517079e-09	3.810903e+01	9.996245e+01
3.540000e-06	5.489657e-06	1.519999e-09	3.815109e+01	9.992906e+01
3.550000e-06	5.495290e-06	1.520970e-09	3.819024e+01	9.989143e+01
3.560000e-06	5.500485e-06	1.519349e-09	3.822634e+01	9.985005e+01
3.570000e-06	5.505341e-06	1.517264e-09	3.826009e+01	9.980543e+01
3.580000e-06	5.509876e-06	1.516269e-09	3.829161e+01	9.975816e+01
3.590000e-06	5.514058e-06	1.516575e-09	3.832067e+01	9.970882e+01
3.600000e-06	5.517927e-06	1.517909e-09	3.834756e+01	9.965803e+01
3.610000e-06	5.521592e-06	1.519721e-09	3.837303e+01	9.960638e+01
3.620000e-06	5.524989e-06	1.521660e-09	3.839664e+01	9.955448e+01
3.630000e-06	5.527919e-06	1.524208e-09	3.841701e+01	9.950288e+01
3.640000e-06	5.530269e-06	1.527066e-09	3.843333e+01	9.945211e+01
3.650000e-06	5.531982e-06	1.529100e-09	3.844524e+01	9.940263e+01
3.660000e-06	5.533183e-06	1.528959e-09	3.845359e+01	9.935485e+01
3.670000e-06	5.533902e-06	1.526579e-09	3.845858e+01	9.930910e+01
3.680000e-06	5.534106e-06	1.524299e-09	3.846000e+01	9.926562e+01
3.690000e-06	5.534039e-06	1.523397e-09	3.845953e+01	9.922456e+01
3.700000e-06	5.533792e-06	1.524573e-09	3.845782e+01	9.918598e+01
3.710000e-06	5.533299e-06	1.526871e-09	3.845439e+01	9.914984e+01
3.720000e-06	5.532429e-06	1.529347e-09	3.844834e+01	9.911599e+01
3.730000e-06	5.531142e-06	1.531878e-09	3.843940e+01	9.908418e+01
3.740000e-06	5.529486e-06	1.536474e-09	3.842789e+01	9.905409e+01
3.750000e-06	5.527509e-06	1.544210e-09	3.841415e+01	9.902527e+01
3.760000e-06	5.525195e-06	1.534490e-09	3.839807e+01	9.899722e+01
3.770000e-06	5.522435e-06	1.509549e-09	3.837889e+01	9.896934e+01
3.780000e-06	5.519227e-06	1.495093e-09	3.835659e+01	9.894100e+01
3.790000e-06	5.515510e-06	1.456107e-09	3.833076e+01	9.891149e+01
3.800000e-06	5.511323e-06	1.469784e-09	3.830167e+01	9.888007e+01
3.810000e-06	5.506952e-06	1.585170e-09	3.827129e+01	9.884598e+01
3.820000e-06	5.502523e-06	1.615458e-09	3.824051e+01	9.880847e+01
3.830000e-06	5.497795e-06	1.579472e-09	3.820765e+01	9.876678e+01
3.840000e-06	5.492514e-06	1.500804e-09	3.817095e+01	9.872017e+01
3.850000e-06	5.486568e-06	1.512968e-09	3.812963e+01	9.866796e+01
3.860000e-06	5.480088e-06	1.555517e-09	3.808459e+01	9.860950e+01
3.870000e-06	5.473336e-06	1.522909e-09	3.803767e+01	9.854422e+01
3.880000e-06	5.466153e-06	1.510494e-09	3.798775e+01	9.847164e+01
3.890000e-06	5.458399e-06	1.572106e-09	3.793386e+01	9.839136e+01
3.900000e-06	5.450217e-06	1.634888e-09	3.787700e+01	9.830306e+01
3.910000e-06	5.441724e-06	1.503993e-09	3.781798e+01	9.820656e+01
3.920000e-06	5.432928e-06	1.419556e-09	3.775685e+01	9.810176e+01
3.930000e-06	5.423804e-06	1.489415e-09	3.769344e+01	9.798869e+01
3.940000e-06	5.414455e-06	1.602578e-09	3.762847e+01	9.786749e+01
3.950000e-06	5.404811e-06	1.531586e-09	3.756144e+01	9.773839e+01
3.960000e-06	5.394610e-06	1.488290e-09	3.749055e+01	9.760175e+01
3.970000e-06	5.383895e-06	1.547001e-09	3.741609e+01	9.745802e+01
3.980000e-06	5.372846e-06	1.571790e-09	3.733930e+01	9.730774e+01
3.990000e-06	5.361406e-06	1.470842e-09	3.725979e+01	9.715151e+01
4.000000e-06	5.349528e-06	1.428691e-09	3.717725e+01	9.699003e+01
4.010000e-06	5.337328e-06	1.480659e-09	3.709246e+01	9.682402e+01
4.020000e-06	5.324801e-06	1.490988e-09	3.700541e+01	9.665427e+01
4.030000e-06	5.311720e-06	1.463800e-09	3.691450e+01	9.648157e+01
4.040000e-06	5.298061e-06	1.468630e-09	3.681958e+01	9.630673e+01
4.050000e-06	5.283979e-06	1.504842e-09	3.672171e+01	9.613054e+01
4.060000e-06	5.269403e-06	1.470766e-09	3.662041e+01	9.595378e+01
4.070000e-06	5.254134e-06	1.433665e-09	3.651430e+01	9.577718e+01
4.080000e-06	5.238287e-06	1.436349e-09	3.640416e+01	9.560143e+01
4.090000e-06	5.222197e-06	1.497129e-09	3.629235e+01	9.542715e+01
4.100000e-06	5.205871e-06	1.484031e-09	3.617888e+01	9.525488e+01
4.110000e-06	5.189239e-06	1.420098e-09	3.606330e+01	9.508507e+01
4.120000e-06	5.172320e-06	1.423396e-09	3.594572e+01	9.491811e+01
4.130000e-06	5.155036e-06	1.512557e-09	3.582560e+01	9.475424e+01
4.140000e-06	5.137306e-06	1.471469e-09	3.570239e+01	9.459365e+01
4.150000e-06	5.119190e-06	1.402644e-09	3.557649e+01	9.443639e+01
4.160000e-06	5.100742e-06	1.460617e-09	3.544828e+01	9.428242e+01
4.170000e-06	5.081944e-06	1.507784e-09	3.531764e+01	9.413161e+01
4.180000e-06	5.062843e-06	1.405685e-09	3.518489e+01	9.398372e+01
4.190000e-06	5.043448e-06	1.417720e-09	3.505010e+01	9.383844e+01
4.200000e-06	5.023750e-06	1.512041e-09	3.491321e+01	9.369538e+01
4.210000e-06	5.003757e-06	1.447013e-09	3.477427e+01	9.355407e+01
4.220000e-06	4.983503e-06	1.377421e-09	3.463351e+01	9.341399e+01
4.230000e-06	4.962986e-06	1.474068e-09	3.449093e+01	9.327458e+01
4.240000e-06	4.942118e-06	1.477451e-09	3.434590e+01	9.313525e+01
4.250000e-06	4.920931e-06	1.385396e-09	3.419866e+01	9.299538e+01
4.260000e-06	4.899343e-06	1.431211e-09	3.404863e+01	9.285436e+01
4.270000e-06	4.877115e-06	1.468077e-09	3.389415e+01	9.271158e+01
4.280000e-06	4.854262e-06	1.388980e-09	3.373533e+01	9.256646e+01
4.290000e-06	4.830932e-06	1.403127e-09	3.357320e+01	9.241845e+01
4.300000e-06	4.807210e-06	1.464145e-09	3.340834e+01	9.226703e+01
4.310000e-06	4.783176e-06	1.401556e-09	3.324131e+01	9.211176e+01
4.320000e-06	4.758891e-06	1.384521e-09	3.307254e+01	9.195223e+01
4.330000e-06	4.734332e-06	1.450119e-09	3.290186e+01	9.178812e+01
4.340000e-06	4.709467e-06	1.430697e-09	3.272907e+01	9.161917e+01
4.350000e-06	4.684323e-06	1.386665e-09	3.255432e+01	9.144520e+01
4.360000e-06	4.658849e-06	1.422435e-09	3.237728e+01	9.126610e+01
4.370000e-06	4.633009e-06	1.417642e-09	3.219770e+01	9.108183e+01
4.380000e-06	4.606869e-06	1.387891e-09	3.201604e+01	9.089241e+01
4.390000e-06	4.580467e-06	1.401192e-09	3.183256e+01	9.069796e+01
4.400000e-06	4.553730e-06	1.407277e-09	3.164675e+01	9.049862e+01
4.410000e-06	4.526625e-06	1.378280e-09	3.145838e+01	9.029460e+01
4.420000e-06	4.499245e-06	1.377466e-09	3.126810e+01	9.008614e+01
4.430000e-06	4.471621e-06	1.382545e-09	3.107612e+01	8.987354e+01
4.440000e-06	4.443723e-06	1.384001e-09	3.088224e+01	8.965710e+01
4.450000e-06	4.415596e-06	1.386743e-09	3.068677e+01	8.943713e+01
4.460000e-06	4.387306e-06	1.384955e-09	3.049016e+01	8.921396e+01
4.470000e-06	4.358782e-06	1.375041e-09	3.029193e+01	8.898791e+01
4.480000e-06	4.329977e-06	1.378454e-09	3.009174e+01	8.875926e+01
4.490000e-06	4.300850e-06	1.374683e-09	2.988932e+01	8.852829e+01
4.500000e-06	4.271223e-06	1.363417e-09	2.968343e+01	8.829523e+01
4.510000e-06	4.241043e-06	1.357214e-09	2.947369e+01	8.806029e+01
4.520000e-06	4.210289e-06	1.359042e-09	2.925996e+01	8.782361e+01
4.530000e-06	4.179007e-06	1.357221e-09	2.904256e+01	8.758528e+01
4.540000e-06	4.147421e-06	1.357897e-09	2.882305e+01	8.734537e+01
4.550000e-06	4.115570e-06	1.361632e-09	2.860170e+01	8.710385e+01
4.560000e-06	4.083501e-06	1.356740e-09	2.837883e+01	8.686066e+01
4.570000e-06	4.051294e-06	1.347529e-09	2.815500e+01	8.661571e+01
4.580000e-06	4.018887e-06	1.346407e-09	2.792978e+01	8.636881e+01
4.590000e-06	3.986231e-06	1.347589e-09	2.770283e+01	8.611979e+01
4.600000e-06	3.953357e-06	1.338428e-09	2.747438e+01	8.586838e+01
4.610000e-06	3.920233e-06	1.334168e-09	2.724418e+01	8.561434e+01
4.620000e-06	3.886828e-06	1.337681e-09	2.701202e+01	8.535736e+01
4.630000e-06	3.853177e-06	1.336447e-09	2.677816e+01	8.509716e+01
4.640000e-06	3.819263e-06	1.330468e-09	2.654248e+01	8.483342e+01
4.650000e-06	3.785032e-06	1.331155e-09	2.630458e+01	8.456585e+01
4.660000e-06	3.750501e-06	1.326716e-09	2.606460e+01	8.429416e+01
4.670000e-06	3.715716e-06	1.318946e-09	2.582286e+01	8.401809e+01
4.680000e-06	3.680673e-06	1.316924e-09	2.557932e+01	8.373742e+01
4.690000e-06	3.645317e-06	1.320246e-09	2.533361e+01	8.345195e+01
4.700000e-06	3.609653e-06	1.313299e-09	2.508576e+01	8.316152e+01
4.710000e-06	3.573812e-06	1.306341e-09	2.483668e+01	8.286603e+01
4.720000e-06	3.537857e-06	1.303822e-09	2.458680e+01	8.256544e+01
4.730000e-06	3.501758e-06	1.303587e-09	2.433593e+01	8.225974e+01
4.740000e-06	3.465516e-06	1.298695e-09	2.408406e+01	8.194899e+01
4.750000e-06	3.429156e-06	1.295841e-09	2.383137e+01	8.163328e+01
4.760000e-06	3.392661e-06	1.293429e-09	2.357774e+01	8.131277e+01
4.770000e-06	3.355902e-06	1.288397e-09	2.332228e+01	8.098764e+01
4.780000e-06	3.318745e-06	1.283928e-09	2.306406e+01	8.065814e+01
4.790000e-06	3.281283e-06	1.283053e-09	2.280371e+01	8.032452e+01
4.800000e-06	3.243457e-06	1.279181e-09	2.254083e+01	7.998706e+01
4.810000e-06	3.205151e-06	1.274271e-09	2.227462e+01	7.964606e+01
4.820000e-06	3.166406e-06	1.271728e-09	2.200536e+01	7.930180e+01
4.830000e-06	3.127343e-06	1.271354e-09	2.173388e+01	7.895459e+01
4.840000e-06	3.088037e-06	1.267890e-09	2.146072e+01	7.860470e+01
4.850000e-06	3.048464e-06	1.261744e-09	2.118570e+01	7.825235e+01
4.860000e-06	3.008650e-06	1.255917e-09	2.090901e+01	7.789776e+01
4.870000e-06	2.968714e-06	1.249809e-09	2.063147e+01	7.754109e+01
4.880000e-06	2.928667e-06	1.244692e-09	2.035316e+01	7.718244e+01
4.890000e-06	2.888413e-06	1.240862e-09	2.007341e+01	7.682183e+01
4.900000e-06	2.848007e-06	1.235879e-09	1.979260e+01	7.645925e+01
4.910000e-06	2.807569e-06	1.229783e-09	1.951157e+01	7.609458e+01
4.920000e-06	2.767067e-06	1.226789e-09	1.923010e+01	7.572765e+01
4.930000e-06	2.726344e-06	1.226831e-09	1.894709e+01	7.535821e+01
4.940000e-06	2.685387e-06	1.228798e-09	1.866245e+01	7.498590e+01
4.950000e-06	2.644237e-06	1.230208e-09	1.837647e+01	7.461033e+01
4.960000e-06	2.602865e-06	1.229266e-09	1.808896e+01	7.423102e+01
4.970000e-06	2.561359e-06	1.221842e-09	1.780050e+01	7.384743e+01
4.980000e-06	2.519694e-06	1.213671e-09	1.751095e+01	7.345895e+01
4.990000e-06	2.477764e-06	1.204949e-09	1.721955e+01	7.306495e+01
5.000000e-06	2.435641e-06	1.198141e-09	1.692681e+01	7.266472e+01
5.010000e-06	2.393387e-06	1.192127e-09	1.663316e+01	7.225757e+01
5.020000e-06	2.351051e-06	1.190349e-09	1.633894e+01	7.184276e+01
5.030000e-06	2.308578e-06	1.190386e-09	1.604376e+01	7.141957e+01
5.040000e-06	2.265841e-06	1.190107e-09	1.574676e+01	7.098726e+01
5.050000e-06	2.222927e-06	1.185392e-09	1.544853e+01	7.054513e+01
5.060000e-06	2.179896e-06	1.176484e-09	1.514948e+01	7.009251e+01
5.070000e-06	2.136672e-06	1.166219e-09	1.484908e+01	6.962878e+01
5.080000e-06	2.093304e-06	1.155737e-09	1.454769e+01	6.915334e+01
5.090000e-06	2.049809e-06	1.146233e-09	1.424542e+01	6.866569e+01
5.100000e-06	2.006190e-06	1.137030e-09	1.394228e+01	6.816537e+01
5.110000e-06	1.962461e-06	1.130436e-09	1.363838e+01	6.765201e+01
5.120000e-06	1.918603e-06	1.128062e-09	1.333359e+01	6.712530e+01
5.130000e-06	1.874642e-06	1.125867e-09	1.302807e+01	6.658501e+01
5.140000e-06	1.830624e-06	1.121096e-09	1.272216e+01	6.603100e+01
5.150000e-06	1.786540e-06	1.112147e-09	1.241579e+01	6.546318e+01
5.160000e-06	1.742355e-06	1.099957e-09	1.210872e+01	6.488155e+01
5.170000e-06	1.698106e-06	1.089426e-09	1.180121e+01	6.428615e+01
5.180000e-06	1.653808e-06	1.079614e-09	1.149336e+01	6.367710e+01
5.190000e-06	1.609455e-06	1.072767e-09	1.118512e+01	6.305453e+01
5.200000e-06	1.565010e-06	1.065035e-09	1.087625e+01	6.241862e+01
5.210000e-06	1.520444e-06	1.055339e-09	1.056653e+01	6.176955e+01
5.220000e-06	1.475790e-06	1.044096e-09	1.025619e+01	6.110752e+01
5.230000e-06	1.431040e-06	1.033857e-09	9.945201e+00	6.043270e+01
5.240000e-06	1.386215e-06	1.023709e-09	9.633683e+00	5.974524e+01
5.250000e-06	1.341311e-06	1.014914e-09	9.321620e+00	5.904523e+01
5.260000e-06	1.296299e-06	1.009075e-09	9.008802e+00	5.833272e+01
5.270000e-06	1.251125e-06	1.002534e-09	8.694856e+00	5.760767e+01
5.280000e-06	1.205781e-06	9.953511e-10	8.379733e+00	5.686995e+01
5.290000e-06	1.160343e-06	9.857259e-10	8.063954e+00	5.611934e+01
5.300000e-06	1.114856e-06	9.709110e-10	7.747842e+00	5.535550e+01
5.310000e-06	1.069380e-06	9.562396e-10	7.431797e+00	5.457795e+01
5.320000e-06	1.023827e-06	9.448422e-10	7.115220e+00	5.378612e+01
5.330000e-06	9.781779e-07	9.371092e-10	6.797977e+00	5.297927e+01
5.340000e-06	9.324298e-07	9.284301e-10	6.480044e+00	5.215655e+01
5.350000e-06	8.865151e-07	9.155740e-10	6.160953e+00	5.131696e+01
5.360000e-06	8.405505e-07	8.980397e-10	5.841517e+00	5.045937e+01
5.370000e-06	7.945773e-07	8.786654e-10	5.522020e+00	4.958253e+01
5.380000e-06	7.484990e-07	8.602313e-10	5.201793e+00	4.868508e+01
5.390000e-06	7.023491e-07	8.425756e-10	4.881067e+00	4.776553e+01
5.400000e-06	6.561910e-07	8.299633e-10	4.560286e+00	4.682232e+01
5.410000e-06	6.099784e-07	8.211435e-10	4.239125e+00	4.585382e+01
5.420000e-06	5.636860e-07	8.114295e-10	3.917410e+00	4.485831e+01
5.430000e-06	5.173477e-07	7.946894e-10	3.595376e+00	4.383405e+01
5.440000e-06	4.709990e-07	7.728080e-10	3.273270e+00	4.277930e+01
5.450000e-06	4.245982e-07	7.516177e-10	2.950801e+00	4.169230e+01
5.460000e-06	3.781161e-07	7.333288e-10	2.627768e+00	4.057134e+01
5.470000e-06	3.315728e-07	7.186091e-10	2.304309e+00	3.941473e+01
5.480000e-06	2.850326e-07	7.073625e-10	1.980872e+00	3.822090e+01
5.490000e-06	2.385170e-07	6.920452e-10	1.657605e+00	3.698836e+01
5.500000e-06	1.919524e-07	6.686473e-10	1.333998e+00	3.571573e+01
5.510000e-06	1.453956e-07	6.390345e-10	1.010446e+00	3.440181e+01
5.520000e-06	9.886399e-08	6.092945e-10	6.870683e-01	3.304554e+01
5.530000e-06	5.235162e-08	5.825301e-10	3.638245e-01	3.164606e+01
5.540000e-06	5.903013e-09	5.594912e-10	4.102377e-02	3.020271e+01
5.550000e-06	-4.055582e-08	5.404497e-10	-2.818480e-01	2.871506e+01
5.560000e-06	-8.706864e-08	5.210046e-10	-6.050950e-01	2.718290e+01
5.570000e-06	-1.335746e-07	4.964157e-10	-9.282946e-01	2.560627e+01
5.580000e-06	-1.800397e-07	4.664473e-10	-1.251210e+00	2.398546e+01
5.590000e-06	-2.265308e-07	4.338968e-10	-1.574306e+00	2.232102e+01
5.600000e-06	-2.730714e-07	4.002805e-10	-1.897746e+00	2.061376e+01
5.610000e-06	-3.196211e-07	3.671435e-10	-2.221249e+00	1.886474e+01
5.620000e-06	-3.661557e-07	3.350183e-10	-2.544647e+00	1.707529e+01
5.630000e-06	-4.126033e-07	3.043529e-10	-2.867441e+00	1.524697e+01
5.640000e-06	-4.589416e-07	2.750024e-10	-3.189475e+00	1.338159e+01
5.650000e-06	-5.052705e-07	2.449769e-10	-3.511444e+00	1.148120e+01
5.660000e-06	-5.516428e-07	2.112071e-10	-3.833714e+00	9.548046e+00
5.670000e-06	-5.979974e-07	1.739959e-10	-4.155862e+00	7.584580e+00
5.680000e-06	-6.442771e-07	1.361184e-10	-4.477489e+00	5.593438e+00
5.690000e-06	-6.904419e-07	9.870642e-11	-4.798317e+00	3.577419e+00
5.700000e-06	-7.365953e-07	6.165226e-11	-5.119066e+00	1.539462e+00
5.710000e-06	-7.827428e-07	2.719969e-11	-5.439774e+00	-5.173730e-01
5.720000e-06	-8.287373e-07	-6.389703e-12	-5.759419e+00	-2.589927e+00
5.730000e-06	-8.745916e-07	-4.081837e-11	-6.078090e+00	-4.674968e+00
5.740000e-06	-9.204125e-07	-7.496277e-11	-6.396528e+00	-6.769211e+00
5.750000e-06	-9.662244e-07	-1.082433e-10	-6.714904e+00	-8.869342e+00
5.760000e-06	-1.012009e-06	-1.424674e-10	-7.033089e+00	-1.097204e+01
5.770000e-06	-1.057811e-06	-1.788299e-10	-7.351400e+00	-1.307402e+01
5.780000e-06	-1.103487e-06	-2.162481e-10	-7.668827e+00	-1.517199e+01
5.790000e-06	-1.148921e-06	-2.521775e-10	-7.984577e+00	-1.726278e+01
5.800000e-06	-1.194250e-06	-2.876556e-10	-8.299598e+00	-1.934324e+01
5.810000e-06	-1.239537e-06	-3.237083e-10	-8.614323e+00	-2.141037e+01
5.820000e-06	-1.284654e-06	-3.590257e-10	-8.927872e+00	-2.346124e+01
5.830000e-06	-1.329657e-06	-3.943997e-10	-9.240625e+00	-2.549308e+01
5.840000e-06	-1.374561e-06	-4.290050e-10	-9.552691e+00	-2.750325e+01
5.850000e-06	-1.419231e-06	-4.610547e-10	-9.863134e+00	-2.948927e+01
5.860000e-06	-1.463799e-06	-4.913419e-10	-1.017287e+01	-3.144883e+01
5.870000e-06	-1.508329e-06	-5.208768e-10	-1.048233e+01	-3.337979e+01
5.880000e-06	-1.552769e-06	-5.518071e-10	-1.079117e+01	-3.528019e+01
5.890000e-06	-1.597117e-06	-5.849291e-10	-1.109938e+01	-3.714826e+01
5.900000e-06	-1.641366e-06	-6.176551e-10	-1.140689e+01	-3.898242e+01
5.910000e-06	-1.685561e-06	-6.501857e-10	-1.171403e+01	-4.078128e+01
5.920000e-06	-1.729757e-06	-6.814700e-10	-1.202118e+01	-4.254362e+01
5.930000e-06	-1.773914e-06	-7.109373e-10	-1.232805e+01	-4.426845e+01
5.940000e-06	-1.817996e-06	-7.388743e-10	-1.263440e+01	-4.595493e+01
5.950000e-06	-1.862013e-06	-7.664801e-10	-1.294030e+01	-4.760243e+01
5.960000e-06	-1.905949e-06	-7.939215e-10	-1.324565e+01	-4.921046e+01
5.970000e-06	-1.949836e-06	-8.221320e-10	-1.355064e+01	-5.077872e+01
5.980000e-06	-1.993664e-06	-8.511675e-10	-1.385523e+01	-5.230707e+01
5.990000e-06	-2.037332e-06	-8.787927e-10	-1.415871e+01	-5.379553e+01
6.000000e-06	-2.080765e-06	-9.042870e-10	-1.446055e+01	-5.524423e+01
6.010000e-06	-2.124023e-06	-9.277541e-10	-1.476118e+01	-5.665347e+01
6.020000e-06	-2.167127e-06	-9.494206e-10	-1.506073e+01	-5.802363e+01
6.030000e-06	-2.210057e-06	-9.712616e-10	-1.535908e+01	-5.935524e+01
6.040000e-06	-2.252884e-06	-9.946032e-10	-1.565671e+01	-6.064889e+01
6.050000e-06	-2.295510e-06	-1.016586e-09	-1.595295e+01	-6.190529e+01
6.060000e-06	-2.337945e-06	-1.034296e-09	-1.624786e+01	-6.312521e+01
6.070000e-06	-2.380220e-06	-1.049855e-09	-1.654166e+01	-6.430946e+01
6.080000e-06	-2.422331e-06	-1.065780e-09	-1.683431e+01	-6.545894e+01
6.090000e-06	-2.464329e-06	-1.082386e-09	-1.712618e+01	-6.657456e+01
6.100000e-06	-2.506183e-06	-1.100110e-09	-1.741705e+01	-6.765729e+01
6.110000e-06	-2.547889e-06	-1.121866e-09	-1.770689e+01	-6.870808e+01
6.120000e-06	-2.589442e-06	-1.145171e-09	-1.799567e+01	-6.972793e+01
6.130000e-06	-2.630776e-06	-1.165556e-09	-1.828292e+01	-7.071780e+01
6.140000e-06	-2.671859e-06	-1.181881e-09	-1.856844e+01	-7.167869e+01
6.150000e-06	-2.712671e-06	-1.193916e-09	-1.885206e+01	-7.261154e+01
6.160000e-06	-2.753199e-06	-1.203615e-09	-1.913372e+01	-7.351729e+01
6.170000e-06	-2.793549e-06	-1.214037e-09	-1.941414e+01	-7.439686e+01
6.180000e-06	-2.833747e-06	-1.226647e-09	-1.969350e+01	-7.525112e+01
6.190000e-06	-2.873887e-06	-1.242501e-09	-1.997246e+01	-7.608092e+01
6.200000e-06	-2.914017e-06	-1.262770e-09	-2.025134e+01	-7.688706e+01
6.210000e-06	-2.954088e-06	-1.282614e-09	-2.052982e+01	-7.767029e+01
6.220000e-06	-2.994049e-06	-1.299004e-09	-2.080754e+01	-7.843135e+01
6.230000e-06	-3.033772e-06	-1.310499e-09	-2.108360e+01	-7.917091e+01
6.240000e-06	-3.073257e-06	-1.318119e-09	-2.135801e+01	-7.988960e+01
6.250000e-06	-3.112473e-06	-1.323191e-09	-2.163054e+01	-8.058801e+01
6.260000e-06	-3.151280e-06	-1.328598e-09	-2.190023e+01	-8.126671e+01
6.270000e-06	-3.189719e-06	-1.338867e-09	-2.216737e+01	-8.192620e+01
6.280000e-06	-3.227782e-06	-1.352332e-09	-2.243190e+01	-8.256696e+01
6.290000e-06	-3.265472e-06	-1.365961e-09	-2.269383e+01	-8.318945e+01
6.300000e-06	-3.302772e-06	-1.380955e-09	-2.295305e+01	-8.379410e+01
6.310000e-06	-3.339623e-06	-1.395456e-09	-2.320915e+01	-8.438129e+01
6.320000e-06	-3.376233e-06	-1.405921e-09	-2.346357e+01	-8.495142e+01
6.330000e-06	-3.412691e-06	-1.413318e-09	-2.371695e+01	-8.550484e+01
6.340000e-06	-3.448965e-06	-1.420297e-09	-2.396903e+01	-8.604190e+01
6.350000e-06	-3.485139e-06	-1.427345e-09	-2.422043e+01	-8.656296e+01
6.360000e-06	-3.521203e-06	-1.433060e-09	-2.447107e+01	-8.706834e+01
6.370000e-06	-3.557139e-06	-1.438612e-09	-2.472080e+01	-8.755839e+01
6.380000e-06	-3.592907e-06	-1.445556e-09	-2.496938e+01	-8.803343e+01
6.390000e-06	-3.628348e-06	-1.453499e-09	-2.521569e+01	-8.849381e+01
6.400000e-06	-3.663518e-06	-1.463516e-09	-2.546010e+01	-8.893988e+01
6.410000e-06	-3.698445e-06	-1.475614e-09	-2.570283e+01	-8.937197e+01
6.420000e-06	-3.733046e-06	-1.488177e-09	-2.594329e+01	-8.979044e+01
6.430000e-06	-3.767382e-06	-1.498944e-09	-2.618192e+01	-9.019565e+01
6.440000e-06	-3.801506e-06	-1.505779e-09	-2.641907e+01	-9.058795e+01
6.450000e-06	-3.835351e-06	-1.509971e-09	-2.665428e+01	-9.096772e+01
6.460000e-06	-3.868833e-06	-1.513603e-09	-2.688697e+01	-9.133531e+01
6.470000e-06	-3.901985e-06	-1.517857e-09	-2.711736e+01	-9.169109e+01
6.480000e-06	-3.934910e-06	-1.523792e-09	-2.734617e+01	-9.203543e+01
6.490000e-06	-3.967615e-06	-1.530831e-09	-2.757346e+01	-9.236867e+01
6.500000e-06	-4.000058e-06	-1.537744e-09	-2.779893e+01	-9.269115e+01
6.510000e-06	-4.032277e-06	-1.545074e-09	-2.802284e+01	-9.300322e+01
6.520000e-06	-4.064348e-06	-1.553253e-09	-2.824572e+01	-9.330517e+01
6.530000e-06	-4.096272e-06	-1.560466e-09	-2.846759e+01	-9.359733e+01
6.540000e-06	-4.127899e-06	-1.563575e-09	-2.868738e+01	-9.387994e+01
6.550000e-06	-4.159203e-06	-1.563471e-09	-2.890493e+01	-9.415328e+01
6.560000e-06	-4.190217e-06	-1.562940e-09	-2.912046e+01	-9.441757e+01
6.570000e-06	-4.220712e-06	-1.563005e-09	-2.933239e+01	-9.467300e+01
6.580000e-06	-4.250604e-06	-1.564381e-09	-2.954013e+01	-9.491976e+01
6.590000e-06	-4.280008e-06	-1.566738e-09	-2.974448e+01	-9.515799e+01
6.600000e-06	-4.308976e-06	-1.571044e-09	-2.994580e+01	-9.538781e+01
6.610000e-06	-4.337558e-06	-1.576632e-09	-3.014443e+01	-9.560931e+01
6.620000e-06	-4.365868e-06	-1.583689e-09	-3.034117e+01	-9.582258e+01
6.630000e-06	-4.394028e-06	-1.590183e-09	-3.053688e+01	-9.602765e+01
6.640000e-06	-4.422079e-06	-1.592881e-09	-3.073182e+01	-9.622457e+01
6.650000e-06	-4.449948e-06	-1.592660e-09	-3.092550e+01	-9.641335e+01
6.660000e-06	-4.477558e-06	-1.590499e-09	-3.111738e+01	-9.659402e+01
6.670000e-06	-4.504839e-06	-1.589528e-09	-3.130697e+01	-9.676657e+01
6.680000e-06	-4.531785e-06	-1.591350e-09	-3.149424e+01	-9.693103e+01
6.690000e-06	-4.558380e-06	-1.594367e-09	-3.167906e+01	-9.708740e+01
6.700000e-06	-4.584624e-06	-1.596043e-09	-3.186145e+01	-9.723573e+01
6.710000e-06	-4.610578e-06	-1.596699e-09	-3.204182e+01	-9.737605e+01
6.720000e-06	-4.636168e-06	-1.597861e-09	-3.221966e+01	-9.750844e+01
6.730000e-06	-4.661339e-06	-1.597806e-09	-3.239459e+01	-9.763299e+01
6.740000e-06	-4.686102e-06	-1.597606e-09	-3.256668e+01	-9.774985e+01
6.750000e-06	-4.710536e-06	-1.598500e-09	-3.273649e+01	-9.785916e+01
6.760000e-06	-4.734756e-06	-1.598787e-09	-3.290481e+01	-9.796114e+01
6.770000e-06	-4.758878e-06	-1.598533e-09	-3.307245e+01	-9.805603e+01
6.780000e-06	-4.782830e-06	-1.597741e-09	-3.323890e+01	-9.814411e+01
6.790000e-06	-4.806518e-06	-1.597086e-09	-3.340353e+01	-9.822570e+01
6.800000e-06	-4.829888e-06	-1.595831e-09	-3.356594e+01	-9.830118e+01
6.810000e-06	-4.852729e-06	-1.595256e-09	-3.372468e+01	-9.837095e+01
6.820000e-06	-4.874951e-06	-1.596667e-09	-3.387911e+01	-9.843544e+01
6.830000e-06	-4.896639e-06	-1.600062e-09	-3.402984e+01	-9.849512e+01
6.840000e-06	-4.917811e-06	-1.602520e-09	-3.417697e+01	-9.855049e+01
6.850000e-06	-4.938532e-06	-1.604323e-09	-3.432098e+01	-9.860205e+01
6.860000e-06	-4.958983e-06	-1.603152e-09	-3.446311e+01	-9.865033e+01
6.870000e-06	-4.979281e-06	-1.598160e-09	-3.460417e+01	-9.869585e+01
6.880000e-06	-4.999342e-06	-1.594440e-09	-3.474359e+01	-9.873914e+01
6.890000e-06	-5.019092e-06	-1.594054e-09	-3.488084e+01	-9.878070e+01
6.900000e-06	-5.038536e-06	-1.596548e-09	-3.501597e+01	-9.882104e+01
6.910000e-06	-5.057610e-06	-1.600830e-09	-3.514853e+01	-9.886059e+01
6.920000e-06	-5.076329e-06	-1.606756e-09	-3.527862e+01	-9.889980e+01
6.930000e-06	-5.094694e-06	-1.609464e-09	-3.540625e+01	-9.893903e+01
6.940000e-06	-5.112694e-06	-1.606396e-09	-3.553134e+01	-9.897861e+01
6.950000e-06	-5.130452e-06	-1.599906e-09	-3.565475e+01	-9.901880e+01
6.960000e-06	-5.147928e-06	-1.593931e-09	-3.577620e+01	-9.905981e+01
6.970000e-06	-5.164952e-06	-1.590903e-09	-3.589451e+01	-9.910176e+01
6.980000e-06	-5.181626e-06	-1.591356e-09	-3.601039e+01	-9.914471e+01
6.990000e-06	-5.198010e-06	-1.595288e-09	-3.612426e+01	-9.918866e+01
7.000000e-06	-5.214145e-06	-1.599841e-09	-3.623639e+01	-9.923352e+01
7.010000e-06	-5.230083e-06	-1.601786e-09	-3.634715e+01	-9.927914e+01
7.020000e-06	-5.245645e-06	-1.600286e-09	-3.645530e+01	-9.932528e+01
7.030000e-06	-5.260502e-06	-1.596908e-09	-3.655855e+01	-9.937166e+01
7.040000e-06	-5.274689e-06	-1.594663e-09	-3.665715e+01	-9.941794e+01
7.050000e-06	-5.288302e-06	-1.593806e-09	-3.675175e+01	-9.946372e+01
7.060000e-06	-5.301312e-06	-1.592161e-09	-3.684216e+01	-9.950856e+01
7.070000e-06	-5.313934e-06	-1.588631e-09	-3.692988e+01	-9.955200e+01
7.080000e-06	-5.326244e-06	-1.585785e-09	-3.701543e+01	-9.959353e+01
7.090000e-06	-5.338205e-06	-1.583468e-09	-3.709856e+01	-9.963266e+01
7.100000e-06	-5.349874e-06	-1.581166e-09	-3.717965e+01	-9.966887e+01
7.110000e-06	-5.361146e-06	-1.578331e-09	-3.725799e+01	-9.970169e+01
7.120000e-06	-5.371908e-06	-1.575953e-09	-3.733278e+01	-9.973065e+01
7.130000e-06	-5.382315e-06	-1.577571e-09	-3.740511e+01	-9.975529e+01
7.140000e-06	-5.392390e-06	-1.581012e-09	-3.747512e+01	-9.977525e+01
7.150000e-06	-5.402042e-06	-1.583249e-09	-3.754220e+01	-9.979018e+01
7.160000e-06	-5.411293e-06	-1.581297e-09	-3.760649e+01	-9.979982e+01
7.170000e-06	-5.420222e-06	-1.573809e-09	-3.766855e+01	-9.980395e+01
7.180000e-06	-5.428840e-06	-1.565804e-09	-3.772844e+01	-9.980246e+01
7.190000e-06	-5.437162e-06	-1.562112e-09	-3.778627e+01	-9.979531e+01
7.200000e-06	-5.445233e-06	-1.562705e-09	-3.784236e+01	-9.978252e+01
7.210000e-06	-5.453034e-06	-1.564762e-09	-3.789658e+01	-9.976423e+01
7.220000e-06	-5.460512e-06	-1.566891e-09	-3.794855e+01	-9.974063e+01
7.230000e-06	-5.467401e-06	-1.569065e-09	-3.799642e+01	-9.971201e+01
7.240000e-06	-5.473528e-06	-1.570713e-09	-3.803901e+01	-9.967872e+01
7.250000e-06	-5.479074e-06	-1.568606e-09	-3.807755e+01	-9.964119e+01
7.260000e-06	-5.484098e-06	-1.562417e-09	-3.811246e+01	-9.959991e+01
7.270000e-06	-5.488664e-06	-1.556303e-09	-3.814420e+01	-9.955539e+01
7.280000e-06	-5.492978e-06	-1.552454e-09	-3.817417e+01	-9.950822e+01
7.290000e-06	-5.497070e-06	-1.550845e-09	-3.820261e+01	-9.945898e+01
7.300000e-06	-5.500934e-06	-1.549387e-09	-3.822946e+01	-9.940829e+01
7.310000e-06	-5.504526e-06	-1.547776e-09	-3.825443e+01	-9.935675e+01
7.320000e-06	-5.507728e-06	-1.546810e-09	-3.827668e+01	-9.930494e+01
7.330000e-06	-5.510495e-06	-1.547480e-09	-3.829591e+01	-9.925345e+01
7.340000e-06	-5.512860e-06	-1.548513e-09	-3.831234e+01	-9.920277e+01
7.350000e-06	-5.514987e-06	-1.547070e-09	-3.832713e+01	-9.915340e+01
7.360000e-06	-5.516787e-06	-1.542734e-09	-3.833964e+01	-9.910572e+01
7.370000e-06	-5.518054e-06	-1.535401e-09	-3.834845e+01	-9.906007e+01
7.380000e-06	-5.518963e-06	-1.529435e-09	-3.835476e+01	-9.901669e+01
7.390000e-06	-5.519589e-06	-1.525941e-09	-3.835911e+01	-9.897573e+01
7.400000e-06	-5.519894e-06	-1.524055e-09	-3.836123e+01	-9.893726e+01
