# Temperatura_=_-10.7
# Concentracion g/m^3_=_1620.0
# C_Vs_to_Am_M_A/Vsm_=_65563218390.804596
# pendiente_HvsI_1/m_=_3716.3
# ordenada_HvsI_A/m_=_1297.0
# frecuencia_Hz_=_135105.6405724831

Tiempo_(s)	Campo_(V.s)	Magnetizacion_(V.s)	Campo_(kA/m)	Magnetizacion_(A/m)
0.000000e+00	-5.519742e-06	-1.374896e-09	-3.837620e+01	-8.816190e+01
1.000000e-08	-5.520000e-06	-1.369850e-09	-3.837799e+01	-8.810687e+01
2.000000e-08	-5.519927e-06	-1.367909e-09	-3.837749e+01	-8.805174e+01
3.000000e-08	-5.519530e-06	-1.367941e-09	-3.837473e+01	-8.799667e+01
4.000000e-08	-5.518759e-06	-1.368919e-09	-3.836937e+01	-8.794180e+01
5.000000e-08	-5.517384e-06	-1.367713e-09	-3.835981e+01	-8.788728e+01
6.000000e-08	-5.515397e-06	-1.356982e-09	-3.834599e+01	-8.783321e+01
7.000000e-08	-5.512884e-06	-1.340655e-09	-3.832852e+01	-8.777969e+01
8.000000e-08	-5.509812e-06	-1.341617e-09	-3.830716e+01	-8.772679e+01
9.000000e-08	-5.506255e-06	-1.399201e-09	-3.828243e+01	-8.767457e+01
1.000000e-07	-5.502325e-06	-1.447901e-09	-3.825511e+01	-8.762304e+01
1.100000e-07	-5.498024e-06	-1.375482e-09	-3.822520e+01	-8.757219e+01
1.200000e-07	-5.493512e-06	-1.306946e-09	-3.819384e+01	-8.752198e+01
1.300000e-07	-5.488862e-06	-1.335739e-09	-3.816151e+01	-8.747235e+01
1.400000e-07	-5.483830e-06	-1.387729e-09	-3.812653e+01	-8.742319e+01
1.500000e-07	-5.478271e-06	-1.378550e-09	-3.808787e+01	-8.737437e+01
1.600000e-07	-5.472310e-06	-1.296836e-09	-3.804643e+01	-8.732573e+01
1.700000e-07	-5.466046e-06	-1.359755e-09	-3.800288e+01	-8.727707e+01
1.800000e-07	-5.459372e-06	-1.373669e-09	-3.795648e+01	-8.722819e+01
1.900000e-07	-5.452234e-06	-1.365223e-09	-3.790685e+01	-8.717885e+01
2.000000e-07	-5.444777e-06	-1.287104e-09	-3.785501e+01	-8.712878e+01
2.100000e-07	-5.437111e-06	-1.336930e-09	-3.780171e+01	-8.707771e+01
2.200000e-07	-5.429218e-06	-1.371135e-09	-3.774683e+01	-8.702535e+01
2.300000e-07	-5.421141e-06	-1.393869e-09	-3.769068e+01	-8.697140e+01
2.400000e-07	-5.412698e-06	-1.363091e-09	-3.763197e+01	-8.691556e+01
2.500000e-07	-5.403556e-06	-1.360050e-09	-3.756841e+01	-8.685752e+01
2.600000e-07	-5.393555e-06	-1.362455e-09	-3.749888e+01	-8.679700e+01
2.700000e-07	-5.382910e-06	-1.339583e-09	-3.742487e+01	-8.673370e+01
2.800000e-07	-5.371806e-06	-1.335087e-09	-3.734767e+01	-8.666736e+01
2.900000e-07	-5.360254e-06	-1.338594e-09	-3.726736e+01	-8.659772e+01
3.000000e-07	-5.348378e-06	-1.374493e-09	-3.718479e+01	-8.652455e+01
3.100000e-07	-5.336242e-06	-1.343826e-09	-3.710041e+01	-8.644766e+01
3.200000e-07	-5.323720e-06	-1.338155e-09	-3.701335e+01	-8.636686e+01
3.300000e-07	-5.310701e-06	-1.312738e-09	-3.692284e+01	-8.628203e+01
3.400000e-07	-5.297296e-06	-1.345260e-09	-3.682964e+01	-8.619305e+01
3.500000e-07	-5.283550e-06	-1.300721e-09	-3.673407e+01	-8.609987e+01
3.600000e-07	-5.269323e-06	-1.301624e-09	-3.663515e+01	-8.600246e+01
3.700000e-07	-5.254511e-06	-1.316435e-09	-3.653218e+01	-8.590081e+01
3.800000e-07	-5.239274e-06	-1.353108e-09	-3.642624e+01	-8.579500e+01
3.900000e-07	-5.223544e-06	-1.297141e-09	-3.631688e+01	-8.568508e+01
4.000000e-07	-5.207289e-06	-1.312120e-09	-3.620386e+01	-8.557119e+01
4.100000e-07	-5.190656e-06	-1.334407e-09	-3.608822e+01	-8.545347e+01
4.200000e-07	-5.173695e-06	-1.303149e-09	-3.597030e+01	-8.533211e+01
4.300000e-07	-5.156434e-06	-1.255285e-09	-3.585029e+01	-8.520730e+01
4.400000e-07	-5.138923e-06	-1.324927e-09	-3.572854e+01	-8.507929e+01
4.500000e-07	-5.121073e-06	-1.333027e-09	-3.560444e+01	-8.494830e+01
4.600000e-07	-5.102637e-06	-1.274043e-09	-3.547627e+01	-8.481461e+01
4.700000e-07	-5.083686e-06	-1.291252e-09	-3.534451e+01	-8.467849e+01
4.800000e-07	-5.064530e-06	-1.341354e-09	-3.521132e+01	-8.454020e+01
4.900000e-07	-5.045147e-06	-1.282657e-09	-3.507656e+01	-8.440002e+01
5.000000e-07	-5.025462e-06	-1.262348e-09	-3.493971e+01	-8.425823e+01
5.100000e-07	-5.005580e-06	-1.315169e-09	-3.480147e+01	-8.411508e+01
5.200000e-07	-4.985470e-06	-1.281065e-09	-3.466166e+01	-8.397084e+01
5.300000e-07	-4.964983e-06	-1.242261e-09	-3.451922e+01	-8.382575e+01
5.400000e-07	-4.944143e-06	-1.307102e-09	-3.437433e+01	-8.368001e+01
5.500000e-07	-4.922948e-06	-1.320572e-09	-3.422697e+01	-8.353384e+01
5.600000e-07	-4.901376e-06	-1.246928e-09	-3.407699e+01	-8.338741e+01
5.700000e-07	-4.879521e-06	-1.275381e-09	-3.392504e+01	-8.324088e+01
5.800000e-07	-4.857429e-06	-1.310233e-09	-3.377145e+01	-8.309439e+01
5.900000e-07	-4.834947e-06	-1.261911e-09	-3.361514e+01	-8.294804e+01
6.000000e-07	-4.812078e-06	-1.248658e-09	-3.345615e+01	-8.280193e+01
6.100000e-07	-4.788915e-06	-1.298494e-09	-3.329510e+01	-8.265611e+01
6.200000e-07	-4.765423e-06	-1.260937e-09	-3.313177e+01	-8.251062e+01
6.300000e-07	-4.741713e-06	-1.237505e-09	-3.296693e+01	-8.236550e+01
6.400000e-07	-4.717814e-06	-1.265266e-09	-3.280077e+01	-8.222074e+01
6.500000e-07	-4.693599e-06	-1.268245e-09	-3.263241e+01	-8.207633e+01
6.600000e-07	-4.668988e-06	-1.233819e-09	-3.246131e+01	-8.193224e+01
6.700000e-07	-4.643945e-06	-1.256509e-09	-3.228719e+01	-8.178843e+01
6.800000e-07	-4.618332e-06	-1.257425e-09	-3.210912e+01	-8.164486e+01
6.900000e-07	-4.592137e-06	-1.238049e-09	-3.192699e+01	-8.150146e+01
7.000000e-07	-4.565331e-06	-1.234097e-09	-3.174063e+01	-8.135818e+01
7.100000e-07	-4.538037e-06	-1.246979e-09	-3.155086e+01	-8.121496e+01
7.200000e-07	-4.510551e-06	-1.230646e-09	-3.135977e+01	-8.107171e+01
7.300000e-07	-4.482945e-06	-1.232562e-09	-3.116784e+01	-8.092839e+01
7.400000e-07	-4.455151e-06	-1.236623e-09	-3.097459e+01	-8.078492e+01
7.500000e-07	-4.427115e-06	-1.230004e-09	-3.077968e+01	-8.064123e+01
7.600000e-07	-4.398833e-06	-1.217634e-09	-3.058305e+01	-8.049726e+01
7.700000e-07	-4.370280e-06	-1.218334e-09	-3.038453e+01	-8.035295e+01
7.800000e-07	-4.341376e-06	-1.208616e-09	-3.018357e+01	-8.020823e+01
7.900000e-07	-4.312108e-06	-1.201725e-09	-2.998008e+01	-8.006305e+01
8.000000e-07	-4.282545e-06	-1.207236e-09	-2.977455e+01	-7.991733e+01
8.100000e-07	-4.252771e-06	-1.205692e-09	-2.956754e+01	-7.977102e+01
8.200000e-07	-4.222709e-06	-1.195627e-09	-2.935853e+01	-7.962405e+01
8.300000e-07	-4.192330e-06	-1.193170e-09	-2.914732e+01	-7.947634e+01
8.400000e-07	-4.161672e-06	-1.193141e-09	-2.893418e+01	-7.932782e+01
8.500000e-07	-4.130709e-06	-1.181943e-09	-2.871890e+01	-7.917840e+01
8.600000e-07	-4.099518e-06	-1.183568e-09	-2.850204e+01	-7.902799e+01
8.700000e-07	-4.068125e-06	-1.186176e-09	-2.828379e+01	-7.887648e+01
8.800000e-07	-4.036513e-06	-1.181494e-09	-2.806400e+01	-7.872377e+01
8.900000e-07	-4.004736e-06	-1.173925e-09	-2.784307e+01	-7.856973e+01
9.000000e-07	-3.972801e-06	-1.180320e-09	-2.762104e+01	-7.841423e+01
9.100000e-07	-3.940658e-06	-1.171692e-09	-2.739756e+01	-7.825711e+01
9.200000e-07	-3.908148e-06	-1.162915e-09	-2.717153e+01	-7.809823e+01
9.300000e-07	-3.875119e-06	-1.160689e-09	-2.694190e+01	-7.793743e+01
9.400000e-07	-3.841730e-06	-1.161348e-09	-2.670977e+01	-7.777452e+01
9.500000e-07	-3.807879e-06	-1.146830e-09	-2.647441e+01	-7.760933e+01
9.600000e-07	-3.773471e-06	-1.145655e-09	-2.623519e+01	-7.744169e+01
9.700000e-07	-3.738693e-06	-1.143430e-09	-2.599339e+01	-7.727140e+01
9.800000e-07	-3.703573e-06	-1.137255e-09	-2.574922e+01	-7.709828e+01
9.900000e-07	-3.668158e-06	-1.132507e-09	-2.550300e+01	-7.692215e+01
1.000000e-06	-3.632543e-06	-1.139286e-09	-2.525538e+01	-7.674285e+01
1.010000e-06	-3.596799e-06	-1.132274e-09	-2.500687e+01	-7.656020e+01
1.020000e-06	-3.560973e-06	-1.122561e-09	-2.475779e+01	-7.637405e+01
1.030000e-06	-3.524992e-06	-1.117944e-09	-2.450763e+01	-7.618426e+01
1.040000e-06	-3.488839e-06	-1.115425e-09	-2.425628e+01	-7.599071e+01
1.050000e-06	-3.452410e-06	-1.109018e-09	-2.400300e+01	-7.579329e+01
1.060000e-06	-3.415579e-06	-1.110325e-09	-2.374693e+01	-7.559191e+01
1.070000e-06	-3.378537e-06	-1.110944e-09	-2.348940e+01	-7.538652e+01
1.080000e-06	-3.341357e-06	-1.103034e-09	-2.323090e+01	-7.517706e+01
1.090000e-06	-3.303930e-06	-1.097084e-09	-2.297069e+01	-7.496350e+01
1.100000e-06	-3.266272e-06	-1.095241e-09	-2.270887e+01	-7.474584e+01
1.110000e-06	-3.228396e-06	-1.088402e-09	-2.244553e+01	-7.452410e+01
1.120000e-06	-3.190290e-06	-1.078249e-09	-2.218060e+01	-7.429829e+01
1.130000e-06	-3.151936e-06	-1.074465e-09	-2.191395e+01	-7.406845e+01
1.140000e-06	-3.113390e-06	-1.069358e-09	-2.164595e+01	-7.383464e+01
1.150000e-06	-3.074613e-06	-1.064548e-09	-2.137635e+01	-7.359690e+01
1.160000e-06	-3.035540e-06	-1.064433e-09	-2.110470e+01	-7.335530e+01
1.170000e-06	-2.996356e-06	-1.068626e-09	-2.083227e+01	-7.310988e+01
1.180000e-06	-2.957059e-06	-1.065075e-09	-2.055906e+01	-7.286070e+01
1.190000e-06	-2.917595e-06	-1.061648e-09	-2.028468e+01	-7.260777e+01
1.200000e-06	-2.877982e-06	-1.055196e-09	-2.000927e+01	-7.235112e+01
1.210000e-06	-2.838230e-06	-1.046567e-09	-1.973289e+01	-7.209075e+01
1.220000e-06	-2.798326e-06	-1.037133e-09	-1.945546e+01	-7.182661e+01
1.230000e-06	-2.758295e-06	-1.034554e-09	-1.917714e+01	-7.155865e+01
1.240000e-06	-2.718124e-06	-1.028197e-09	-1.889785e+01	-7.128678e+01
1.250000e-06	-2.677789e-06	-1.023343e-09	-1.861743e+01	-7.101085e+01
1.260000e-06	-2.637235e-06	-1.019652e-09	-1.833547e+01	-7.073070e+01
1.270000e-06	-2.596384e-06	-1.016895e-09	-1.805145e+01	-7.044613e+01
1.280000e-06	-2.555209e-06	-1.008053e-09	-1.776518e+01	-7.015689e+01
1.290000e-06	-2.513704e-06	-1.000199e-09	-1.747662e+01	-6.986269e+01
1.300000e-06	-2.471930e-06	-9.949421e-10	-1.718618e+01	-6.956320e+01
1.310000e-06	-2.429911e-06	-9.895006e-10	-1.689404e+01	-6.925809e+01
1.320000e-06	-2.387612e-06	-9.820446e-10	-1.659996e+01	-6.894694e+01
1.330000e-06	-2.344961e-06	-9.760129e-10	-1.630343e+01	-6.862936e+01
1.340000e-06	-2.302028e-06	-9.702887e-10	-1.600493e+01	-6.830491e+01
1.350000e-06	-2.258862e-06	-9.632506e-10	-1.570482e+01	-6.797314e+01
1.360000e-06	-2.215440e-06	-9.570542e-10	-1.540293e+01	-6.763358e+01
1.370000e-06	-2.171865e-06	-9.534274e-10	-1.509997e+01	-6.728578e+01
1.380000e-06	-2.128235e-06	-9.491420e-10	-1.479663e+01	-6.692927e+01
1.390000e-06	-2.084572e-06	-9.426962e-10	-1.449306e+01	-6.656360e+01
1.400000e-06	-2.040810e-06	-9.336005e-10	-1.418881e+01	-6.618834e+01
1.410000e-06	-1.996974e-06	-9.227274e-10	-1.388403e+01	-6.580309e+01
1.420000e-06	-1.953104e-06	-9.119265e-10	-1.357903e+01	-6.540746e+01
1.430000e-06	-1.909135e-06	-9.022760e-10	-1.327333e+01	-6.500110e+01
1.440000e-06	-1.864990e-06	-8.970906e-10	-1.296641e+01	-6.458370e+01
1.450000e-06	-1.820719e-06	-8.914194e-10	-1.265861e+01	-6.415500e+01
1.460000e-06	-1.776409e-06	-8.853595e-10	-1.235054e+01	-6.371477e+01
1.470000e-06	-1.732001e-06	-8.786445e-10	-1.204180e+01	-6.326283e+01
1.480000e-06	-1.687438e-06	-8.735450e-10	-1.173197e+01	-6.279904e+01
1.490000e-06	-1.642778e-06	-8.669001e-10	-1.142147e+01	-6.232328e+01
1.500000e-06	-1.597964e-06	-8.570098e-10	-1.110990e+01	-6.183550e+01
1.510000e-06	-1.553021e-06	-8.441884e-10	-1.079743e+01	-6.133566e+01
1.520000e-06	-1.508035e-06	-8.321120e-10	-1.048467e+01	-6.082375e+01
1.530000e-06	-1.462853e-06	-8.214455e-10	-1.017054e+01	-6.029977e+01
1.540000e-06	-1.417499e-06	-8.128476e-10	-9.855209e+00	-5.976373e+01
1.550000e-06	-1.372053e-06	-8.031229e-10	-9.539250e+00	-5.921562e+01
1.560000e-06	-1.326569e-06	-7.908122e-10	-9.223015e+00	-5.865545e+01
1.570000e-06	-1.281065e-06	-7.768809e-10	-8.906649e+00	-5.808317e+01
1.580000e-06	-1.235433e-06	-7.660120e-10	-8.589390e+00	-5.749871e+01
1.590000e-06	-1.189675e-06	-7.574042e-10	-8.271255e+00	-5.690193e+01
1.600000e-06	-1.143854e-06	-7.494883e-10	-7.952682e+00	-5.629264e+01
1.610000e-06	-1.098019e-06	-7.397147e-10	-7.634016e+00	-5.567058e+01
1.620000e-06	-1.052158e-06	-7.298421e-10	-7.315163e+00	-5.503539e+01
1.630000e-06	-1.006182e-06	-7.198690e-10	-6.995514e+00	-5.438662e+01
1.640000e-06	-9.600843e-07	-7.094218e-10	-6.675020e+00	-5.372372e+01
1.650000e-06	-9.138441e-07	-6.988148e-10	-6.353534e+00	-5.304603e+01
1.660000e-06	-8.674971e-07	-6.884173e-10	-6.031304e+00	-5.235276e+01
1.670000e-06	-8.211164e-07	-6.782930e-10	-5.708841e+00	-5.164301e+01
1.680000e-06	-7.747357e-07	-6.669877e-10	-5.386378e+00	-5.091577e+01
1.690000e-06	-7.283336e-07	-6.545114e-10	-5.063765e+00	-5.016989e+01
1.700000e-06	-6.819059e-07	-6.425279e-10	-4.740975e+00	-4.940414e+01
1.710000e-06	-6.354415e-07	-6.274925e-10	-4.417929e+00	-4.861715e+01
1.720000e-06	-5.889930e-07	-6.113939e-10	-4.094995e+00	-4.780747e+01
1.730000e-06	-5.425714e-07	-5.971877e-10	-3.772247e+00	-4.697356e+01
1.740000e-06	-4.958666e-07	-5.836439e-10	-3.447530e+00	-4.611381e+01
1.750000e-06	-4.489979e-07	-5.715730e-10	-3.121674e+00	-4.522656e+01
1.760000e-06	-4.022323e-07	-5.571365e-10	-2.796534e+00	-4.431009e+01
1.770000e-06	-3.554847e-07	-5.416372e-10	-2.471520e+00	-4.336270e+01
1.780000e-06	-3.086306e-07	-5.253874e-10	-2.145765e+00	-4.238266e+01
1.790000e-06	-2.616689e-07	-5.112389e-10	-1.819262e+00	-4.136829e+01
1.800000e-06	-2.147048e-07	-4.994268e-10	-1.492743e+00	-4.031796e+01
1.810000e-06	-1.678226e-07	-4.864544e-10	-1.166792e+00	-3.923012e+01
1.820000e-06	-1.210268e-07	-4.706517e-10	-8.414430e-01	-3.810330e+01
1.830000e-06	-7.418196e-08	-4.508437e-10	-5.157527e-01	-3.693617e+01
1.840000e-06	-2.734653e-08	-4.317461e-10	-1.901277e-01	-3.572756e+01
1.850000e-06	1.940548e-08	-4.145131e-10	1.349173e-01	-3.447645e+01
1.860000e-06	6.623321e-08	-3.992977e-10	4.604887e-01	-3.318202e+01
1.870000e-06	1.131118e-07	-3.857946e-10	7.864140e-01	-3.184365e+01
1.880000e-06	1.599049e-07	-3.696591e-10	1.111744e+00	-3.046098e+01
1.890000e-06	2.066593e-07	-3.509164e-10	1.436806e+00	-2.903384e+01
1.900000e-06	2.534396e-07	-3.296524e-10	1.762048e+00	-2.756235e+01
1.910000e-06	3.002988e-07	-3.072397e-10	2.087838e+00	-2.604688e+01
1.920000e-06	3.471041e-07	-2.852130e-10	2.413254e+00	-2.448806e+01
1.930000e-06	3.938570e-07	-2.642049e-10	2.738305e+00	-2.288680e+01
1.940000e-06	4.406159e-07	-2.427528e-10	3.063398e+00	-2.124425e+01
1.950000e-06	4.872411e-07	-2.212983e-10	3.387561e+00	-1.956186e+01
1.960000e-06	5.338249e-07	-1.981568e-10	3.711437e+00	-1.784129e+01
1.970000e-06	5.804149e-07	-1.736272e-10	4.035355e+00	-1.608447e+01
1.980000e-06	6.269292e-07	-1.506667e-10	4.358747e+00	-1.429354e+01
1.990000e-06	6.733322e-07	-1.283532e-10	4.681366e+00	-1.247088e+01
2.000000e-06	7.196151e-07	-1.045265e-10	5.003149e+00	-1.061902e+01
2.010000e-06	7.658041e-07	-7.952443e-11	5.324280e+00	-8.740680e+00
2.020000e-06	8.119966e-07	-5.307231e-11	5.645435e+00	-6.838730e+00
2.030000e-06	8.582040e-07	-2.314343e-11	5.966694e+00	-4.916151e+00
2.040000e-06	9.043501e-07	8.115492e-12	6.287526e+00	-2.976021e+00
2.050000e-06	9.504724e-07	3.572204e-11	6.608193e+00	-1.021484e+00
2.060000e-06	9.965343e-07	5.955150e-11	6.928440e+00	9.442720e-01
2.070000e-06	1.042476e-06	8.286115e-11	7.247852e+00	2.918049e+00
2.080000e-06	1.088346e-06	1.080940e-10	7.566767e+00	4.896658e+00
2.090000e-06	1.134176e-06	1.332194e-10	7.885399e+00	6.876951e+00
2.100000e-06	1.179950e-06	1.597314e-10	8.203644e+00	8.855840e+00
2.110000e-06	1.225608e-06	1.892215e-10	8.521082e+00	1.083032e+01
2.120000e-06	1.271171e-06	2.186456e-10	8.837859e+00	1.279750e+01
2.130000e-06	1.316698e-06	2.471108e-10	9.154388e+00	1.475458e+01
2.140000e-06	1.362187e-06	2.743541e-10	9.470653e+00	1.669895e+01
2.150000e-06	1.407603e-06	2.997896e-10	9.786410e+00	1.862811e+01
2.160000e-06	1.452905e-06	3.241504e-10	1.010138e+01	2.053974e+01
2.170000e-06	1.498105e-06	3.480788e-10	1.041563e+01	2.243167e+01
2.180000e-06	1.543126e-06	3.724411e-10	1.072864e+01	2.430195e+01
2.190000e-06	1.587952e-06	3.983232e-10	1.104029e+01	2.614875e+01
2.200000e-06	1.632669e-06	4.251959e-10	1.135119e+01	2.797048e+01
2.210000e-06	1.677274e-06	4.532963e-10	1.166130e+01	2.976567e+01
2.220000e-06	1.721732e-06	4.811324e-10	1.197040e+01	3.153305e+01
2.230000e-06	1.766047e-06	5.064874e-10	1.227850e+01	3.327153e+01
2.240000e-06	1.810271e-06	5.289024e-10	1.258597e+01	3.498014e+01
2.250000e-06	1.854387e-06	5.493946e-10	1.289269e+01	3.665809e+01
2.260000e-06	1.898374e-06	5.675947e-10	1.319851e+01	3.830471e+01
2.270000e-06	1.942262e-06	5.855111e-10	1.350364e+01	3.991946e+01
2.280000e-06	1.986132e-06	6.063109e-10	1.380865e+01	4.150192e+01
2.290000e-06	2.029996e-06	6.299833e-10	1.411362e+01	4.305176e+01
2.300000e-06	2.073785e-06	6.541799e-10	1.441806e+01	4.456874e+01
2.310000e-06	2.117512e-06	6.774650e-10	1.472207e+01	4.605271e+01
2.320000e-06	2.161169e-06	6.991806e-10	1.502560e+01	4.750358e+01
2.330000e-06	2.204704e-06	7.177562e-10	1.532828e+01	4.892129e+01
2.340000e-06	2.248064e-06	7.319541e-10	1.562974e+01	5.030587e+01
2.350000e-06	2.291222e-06	7.449596e-10	1.592980e+01	5.165734e+01
2.360000e-06	2.334195e-06	7.602532e-10	1.622857e+01	5.297579e+01
2.370000e-06	2.376953e-06	7.781357e-10	1.652585e+01	5.426130e+01
2.380000e-06	2.419476e-06	7.972219e-10	1.682149e+01	5.551399e+01
2.390000e-06	2.461621e-06	8.147108e-10	1.711451e+01	5.673398e+01
2.400000e-06	2.503344e-06	8.300616e-10	1.740459e+01	5.792142e+01
2.410000e-06	2.544805e-06	8.448697e-10	1.769285e+01	5.907645e+01
2.420000e-06	2.586009e-06	8.579798e-10	1.797932e+01	6.019924e+01
2.430000e-06	2.626866e-06	8.693714e-10	1.826338e+01	6.128997e+01
2.440000e-06	2.667430e-06	8.838269e-10	1.854540e+01	6.234885e+01
2.450000e-06	2.707787e-06	9.012556e-10	1.882599e+01	6.337607e+01
2.460000e-06	2.747966e-06	9.180207e-10	1.910533e+01	6.437190e+01
2.470000e-06	2.788018e-06	9.333053e-10	1.938379e+01	6.533660e+01
2.480000e-06	2.827933e-06	9.472744e-10	1.966131e+01	6.627046e+01
2.490000e-06	2.867720e-06	9.590767e-10	1.993792e+01	6.717384e+01
2.500000e-06	2.907396e-06	9.684334e-10	2.021377e+01	6.804711e+01
2.510000e-06	2.946926e-06	9.787551e-10	2.048861e+01	6.889070e+01
2.520000e-06	2.986295e-06	9.911320e-10	2.076232e+01	6.970508e+01
2.530000e-06	3.025478e-06	1.003768e-09	2.103475e+01	7.049076e+01
2.540000e-06	3.064466e-06	1.017195e-09	2.130581e+01	7.124834e+01
2.550000e-06	3.103171e-06	1.029293e-09	2.157491e+01	7.197842e+01
2.560000e-06	3.141540e-06	1.037387e-09	2.184167e+01	7.268168e+01
2.570000e-06	3.179682e-06	1.043085e-09	2.210685e+01	7.335884e+01
2.580000e-06	3.217669e-06	1.049021e-09	2.237096e+01	7.401068e+01
2.590000e-06	3.255484e-06	1.055550e-09	2.263387e+01	7.463801e+01
2.600000e-06	3.293161e-06	1.063900e-09	2.289582e+01	7.524166e+01
2.610000e-06	3.330704e-06	1.073796e-09	2.315684e+01	7.582253e+01
2.620000e-06	3.367959e-06	1.084279e-09	2.341586e+01	7.638152e+01
2.630000e-06	3.404839e-06	1.094072e-09	2.367226e+01	7.691955e+01
2.640000e-06	3.441498e-06	1.101623e-09	2.392713e+01	7.743755e+01
2.650000e-06	3.478047e-06	1.107505e-09	2.418124e+01	7.793645e+01
2.660000e-06	3.514337e-06	1.112496e-09	2.443355e+01	7.841718e+01
2.670000e-06	3.550344e-06	1.118363e-09	2.468389e+01	7.888065e+01
2.680000e-06	3.586211e-06	1.124334e-09	2.493326e+01	7.932776e+01
2.690000e-06	3.621993e-06	1.130044e-09	2.518204e+01	7.975935e+01
2.700000e-06	3.657643e-06	1.137255e-09	2.542990e+01	8.017625e+01
2.710000e-06	3.693126e-06	1.143994e-09	2.567659e+01	8.057922e+01
2.720000e-06	3.728367e-06	1.148854e-09	2.592160e+01	8.096899e+01
2.730000e-06	3.763283e-06	1.153748e-09	2.616436e+01	8.134622e+01
2.740000e-06	3.797773e-06	1.158437e-09	2.640415e+01	8.171152e+01
2.750000e-06	3.831788e-06	1.162252e-09	2.664064e+01	8.206543e+01
2.760000e-06	3.865293e-06	1.165435e-09	2.687359e+01	8.240842e+01
2.770000e-06	3.898253e-06	1.169527e-09	2.710274e+01	8.274090e+01
2.780000e-06	3.930788e-06	1.175881e-09	2.732894e+01	8.306322e+01
2.790000e-06	3.963054e-06	1.183157e-09	2.755328e+01	8.337567e+01
2.800000e-06	3.995152e-06	1.190427e-09	2.777644e+01	8.367846e+01
2.810000e-06	4.027091e-06	1.196624e-09	2.799849e+01	8.397177e+01
2.820000e-06	4.058854e-06	1.199110e-09	2.821933e+01	8.425570e+01
2.830000e-06	4.090444e-06	1.200777e-09	2.843896e+01	8.453034e+01
2.840000e-06	4.121841e-06	1.205814e-09	2.865725e+01	8.479571e+01
2.850000e-06	4.152919e-06	1.211373e-09	2.887332e+01	8.505181e+01
2.860000e-06	4.183601e-06	1.217085e-09	2.908663e+01	8.529862e+01
2.870000e-06	4.213949e-06	1.225311e-09	2.929763e+01	8.553611e+01
2.880000e-06	4.244011e-06	1.233319e-09	2.950664e+01	8.576421e+01
2.890000e-06	4.273730e-06	1.236536e-09	2.971326e+01	8.598289e+01
2.900000e-06	4.303161e-06	1.237318e-09	2.991788e+01	8.619209e+01
2.910000e-06	4.332355e-06	1.239005e-09	3.012085e+01	8.639178e+01
2.920000e-06	4.361352e-06	1.241888e-09	3.032245e+01	8.658194e+01
2.930000e-06	4.390116e-06	1.246702e-09	3.052244e+01	8.676259e+01
2.940000e-06	4.418461e-06	1.252464e-09	3.071951e+01	8.693377e+01
2.950000e-06	4.446491e-06	1.257455e-09	3.091439e+01	8.709554e+01
2.960000e-06	4.474407e-06	1.261221e-09	3.110847e+01	8.724801e+01
2.970000e-06	4.502220e-06	1.264169e-09	3.130184e+01	8.739134e+01
2.980000e-06	4.529825e-06	1.265924e-09	3.149377e+01	8.752569e+01
2.990000e-06	4.557155e-06	1.266755e-09	3.168378e+01	8.765131e+01
3.000000e-06	4.584120e-06	1.267670e-09	3.187125e+01	8.776844e+01
3.010000e-06	4.610584e-06	1.270397e-09	3.205525e+01	8.787740e+01
3.020000e-06	4.636432e-06	1.274633e-09	3.223496e+01	8.797850e+01
3.030000e-06	4.661652e-06	1.277060e-09	3.241030e+01	8.807213e+01
3.040000e-06	4.686412e-06	1.278243e-09	3.258244e+01	8.815865e+01
3.050000e-06	4.710796e-06	1.280992e-09	3.275198e+01	8.823850e+01
3.060000e-06	4.734809e-06	1.283754e-09	3.291893e+01	8.831210e+01
3.070000e-06	4.758544e-06	1.286208e-09	3.308394e+01	8.837990e+01
3.080000e-06	4.782081e-06	1.289014e-09	3.324759e+01	8.844233e+01
3.090000e-06	4.805317e-06	1.290524e-09	3.340914e+01	8.849986e+01
3.100000e-06	4.828197e-06	1.288759e-09	3.356821e+01	8.855293e+01
3.110000e-06	4.850769e-06	1.284906e-09	3.372514e+01	8.860198e+01
3.120000e-06	4.872967e-06	1.283792e-09	3.387948e+01	8.864743e+01
3.130000e-06	4.894814e-06	1.285839e-09	3.403137e+01	8.868969e+01
3.140000e-06	4.916435e-06	1.285733e-09	3.418169e+01	8.872913e+01
3.150000e-06	4.937763e-06	1.285675e-09	3.432998e+01	8.876611e+01
3.160000e-06	4.958717e-06	1.286946e-09	3.447565e+01	8.880096e+01
3.170000e-06	4.979309e-06	1.286280e-09	3.461883e+01	8.883397e+01
3.180000e-06	4.999555e-06	1.285207e-09	3.475958e+01	8.886540e+01
3.190000e-06	5.019505e-06	1.285233e-09	3.489828e+01	8.889547e+01
3.200000e-06	5.039255e-06	1.284953e-09	3.503560e+01	8.892437e+01
3.210000e-06	5.058859e-06	1.284527e-09	3.517189e+01	8.895227e+01
3.220000e-06	5.078143e-06	1.285205e-09	3.530597e+01	8.897926e+01
3.230000e-06	5.097026e-06	1.285923e-09	3.543725e+01	8.900546e+01
3.240000e-06	5.115494e-06	1.287819e-09	3.556565e+01	8.903089e+01
3.250000e-06	5.133492e-06	1.290499e-09	3.569078e+01	8.905560e+01
3.260000e-06	5.151074e-06	1.293491e-09	3.581303e+01	8.907958e+01
3.270000e-06	5.168322e-06	1.297470e-09	3.593294e+01	8.910281e+01
3.280000e-06	5.185272e-06	1.300851e-09	3.605079e+01	8.912523e+01
3.290000e-06	5.201931e-06	1.303492e-09	3.616661e+01	8.914678e+01
3.300000e-06	5.218332e-06	1.304666e-09	3.628064e+01	8.916737e+01
3.310000e-06	5.234365e-06	1.304291e-09	3.639211e+01	8.918692e+01
3.320000e-06	5.249908e-06	1.305352e-09	3.650017e+01	8.920531e+01
3.330000e-06	5.264945e-06	1.307010e-09	3.660472e+01	8.922244e+01
3.340000e-06	5.279432e-06	1.309855e-09	3.670544e+01	8.923819e+01
3.350000e-06	5.293447e-06	1.312635e-09	3.680288e+01	8.925245e+01
3.360000e-06	5.307155e-06	1.314935e-09	3.689819e+01	8.926508e+01
3.370000e-06	5.320547e-06	1.317664e-09	3.699129e+01	8.927599e+01
3.380000e-06	5.333514e-06	1.320790e-09	3.708145e+01	8.928506e+01
3.390000e-06	5.346036e-06	1.323078e-09	3.716850e+01	8.929218e+01
3.400000e-06	5.358212e-06	1.323377e-09	3.725316e+01	8.929726e+01
3.410000e-06	5.370064e-06	1.323836e-09	3.733556e+01	8.930019e+01
3.420000e-06	5.381583e-06	1.324407e-09	3.741565e+01	8.930090e+01
3.430000e-06	5.392694e-06	1.324279e-09	3.749289e+01	8.929932e+01
3.440000e-06	5.403191e-06	1.324777e-09	3.756588e+01	8.929537e+01
3.450000e-06	5.413019e-06	1.328075e-09	3.763421e+01	8.928899e+01
3.460000e-06	5.422207e-06	1.333728e-09	3.769809e+01	8.928015e+01
3.470000e-06	5.430839e-06	1.337552e-09	3.775810e+01	8.926880e+01
3.480000e-06	5.439048e-06	1.338127e-09	3.781518e+01	8.925492e+01
3.490000e-06	5.446984e-06	1.337280e-09	3.787035e+01	8.923849e+01
3.500000e-06	5.454753e-06	1.334756e-09	3.792437e+01	8.921949e+01
3.510000e-06	5.462287e-06	1.332928e-09	3.797675e+01	8.919794e+01
3.520000e-06	5.469471e-06	1.334614e-09	3.802669e+01	8.917385e+01
3.530000e-06	5.476220e-06	1.338581e-09	3.807361e+01	8.914723e+01
3.540000e-06	5.482508e-06	1.341870e-09	3.811733e+01	8.911814e+01
3.550000e-06	5.488413e-06	1.345294e-09	3.815839e+01	8.908660e+01
3.560000e-06	5.494031e-06	1.347693e-09	3.819745e+01	8.905268e+01
3.570000e-06	5.499263e-06	1.347648e-09	3.823382e+01	8.901646e+01
3.580000e-06	5.504021e-06	1.347410e-09	3.826690e+01	8.897801e+01
3.590000e-06	5.508435e-06	1.348041e-09	3.829759e+01	8.893742e+01
3.600000e-06	5.512555e-06	1.348633e-09	3.832624e+01	8.889480e+01
3.610000e-06	5.516432e-06	1.349076e-09	3.835319e+01	8.885028e+01
3.620000e-06	5.520115e-06	1.350517e-09	3.837879e+01	8.880397e+01
3.630000e-06	5.523475e-06	1.351746e-09	3.840216e+01	8.875602e+01
3.640000e-06	5.526339e-06	1.351803e-09	3.842207e+01	8.870658e+01
3.650000e-06	5.528547e-06	1.353245e-09	3.843742e+01	8.865580e+01
3.660000e-06	5.530139e-06	1.356271e-09	3.844849e+01	8.860386e+01
3.670000e-06	5.531173e-06	1.359429e-09	3.845568e+01	8.855093e+01
3.680000e-06	5.531662e-06	1.359902e-09	3.845908e+01	8.849718e+01
3.690000e-06	5.531795e-06	1.358694e-09	3.846000e+01	8.844279e+01
3.700000e-06	5.531714e-06	1.357521e-09	3.845944e+01	8.838793e+01
3.710000e-06	5.531411e-06	1.356646e-09	3.845733e+01	8.833280e+01
3.720000e-06	5.530795e-06	1.357749e-09	3.845305e+01	8.827755e+01
3.730000e-06	5.529747e-06	1.358371e-09	3.844576e+01	8.822234e+01
3.740000e-06	5.528256e-06	1.358457e-09	3.843539e+01	8.816733e+01
3.750000e-06	5.526451e-06	1.365833e-09	3.842285e+01	8.811265e+01
3.760000e-06	5.524362e-06	1.379610e-09	3.840832e+01	8.805841e+01
3.770000e-06	5.521982e-06	1.389773e-09	3.839178e+01	8.800472e+01
3.780000e-06	5.519274e-06	1.346147e-09	3.837295e+01	8.795165e+01
3.790000e-06	5.516054e-06	1.251881e-09	3.835056e+01	8.789925e+01
3.800000e-06	5.512206e-06	1.283312e-09	3.832381e+01	8.784753e+01
3.810000e-06	5.507922e-06	1.383910e-09	3.829402e+01	8.779650e+01
3.820000e-06	5.503595e-06	1.379180e-09	3.826394e+01	8.774612e+01
3.830000e-06	5.499245e-06	1.342086e-09	3.823370e+01	8.769632e+01
3.840000e-06	5.494386e-06	1.276174e-09	3.819992e+01	8.764700e+01
3.850000e-06	5.488684e-06	1.348201e-09	3.816027e+01	8.759803e+01
3.860000e-06	5.482528e-06	1.320808e-09	3.811747e+01	8.754926e+01
3.870000e-06	5.476324e-06	1.236739e-09	3.807434e+01	8.750049e+01
3.880000e-06	5.469665e-06	1.279182e-09	3.802804e+01	8.745152e+01
3.890000e-06	5.462287e-06	1.406350e-09	3.797675e+01	8.740210e+01
3.900000e-06	5.454470e-06	1.434433e-09	3.792240e+01	8.735198e+01
3.910000e-06	5.446349e-06	1.260122e-09	3.786593e+01	8.730088e+01
3.920000e-06	5.437811e-06	1.255683e-09	3.780657e+01	8.724851e+01
3.930000e-06	5.428827e-06	1.330127e-09	3.774411e+01	8.719458e+01
3.940000e-06	5.419666e-06	1.376731e-09	3.768042e+01	8.713878e+01
3.950000e-06	5.410274e-06	1.278510e-09	3.761513e+01	8.708082e+01
3.960000e-06	5.400376e-06	1.325667e-09	3.754630e+01	8.702039e+01
3.970000e-06	5.389988e-06	1.375118e-09	3.747409e+01	8.695721e+01
3.980000e-06	5.379413e-06	1.354104e-09	3.740056e+01	8.689101e+01
3.990000e-06	5.368558e-06	1.277948e-09	3.732509e+01	8.682153e+01
4.000000e-06	5.357077e-06	1.300597e-09	3.724527e+01	8.674854e+01
4.010000e-06	5.345112e-06	1.327767e-09	3.716208e+01	8.667184e+01
4.020000e-06	5.332925e-06	1.300346e-09	3.707735e+01	8.659125e+01
4.030000e-06	5.320263e-06	1.285669e-09	3.698932e+01	8.650663e+01
4.040000e-06	5.306926e-06	1.328310e-09	3.689659e+01	8.641788e+01
4.050000e-06	5.293330e-06	1.371705e-09	3.680207e+01	8.632493e+01
4.060000e-06	5.279361e-06	1.308570e-09	3.670494e+01	8.622775e+01
4.070000e-06	5.264544e-06	1.258357e-09	3.660193e+01	8.612633e+01
4.080000e-06	5.249082e-06	1.298921e-09	3.649443e+01	8.602073e+01
4.090000e-06	5.233299e-06	1.377240e-09	3.638470e+01	8.591103e+01
4.100000e-06	5.217201e-06	1.304471e-09	3.627278e+01	8.579734e+01
4.110000e-06	5.200703e-06	1.263506e-09	3.615807e+01	8.567982e+01
4.120000e-06	5.183964e-06	1.332254e-09	3.604169e+01	8.555862e+01
4.130000e-06	5.167066e-06	1.366733e-09	3.592421e+01	8.543398e+01
4.140000e-06	5.149711e-06	1.252726e-09	3.580355e+01	8.530609e+01
4.150000e-06	5.131923e-06	1.286279e-09	3.567987e+01	8.517522e+01
4.160000e-06	5.113854e-06	1.356569e-09	3.555425e+01	8.504162e+01
4.170000e-06	5.095360e-06	1.289115e-09	3.542567e+01	8.490557e+01
4.180000e-06	5.076462e-06	1.239266e-09	3.529429e+01	8.476732e+01
4.190000e-06	5.057348e-06	1.365602e-09	3.516139e+01	8.462717e+01
4.200000e-06	5.037970e-06	1.340424e-09	3.502666e+01	8.448538e+01
4.210000e-06	5.018230e-06	1.240647e-09	3.488943e+01	8.434221e+01
4.220000e-06	4.998212e-06	1.303631e-09	3.475025e+01	8.419793e+01
4.230000e-06	4.977993e-06	1.345194e-09	3.460968e+01	8.405277e+01
4.240000e-06	4.957458e-06	1.240495e-09	3.446690e+01	8.390696e+01
4.250000e-06	4.936609e-06	1.281791e-09	3.432195e+01	8.376069e+01
4.260000e-06	4.915375e-06	1.360859e-09	3.417432e+01	8.361415e+01
4.270000e-06	4.893422e-06	1.269900e-09	3.402169e+01	8.346750e+01
4.280000e-06	4.870772e-06	1.250757e-09	3.386422e+01	8.332088e+01
4.290000e-06	4.847681e-06	1.354165e-09	3.370368e+01	8.317439e+01
4.300000e-06	4.824205e-06	1.305138e-09	3.354045e+01	8.302813e+01
4.310000e-06	4.800375e-06	1.231461e-09	3.337478e+01	8.288216e+01
4.320000e-06	4.776315e-06	1.306665e-09	3.320750e+01	8.273653e+01
4.330000e-06	4.752060e-06	1.318868e-09	3.303886e+01	8.259125e+01
4.340000e-06	4.727525e-06	1.262275e-09	3.286828e+01	8.244634e+01
4.350000e-06	4.702689e-06	1.294385e-09	3.269561e+01	8.230177e+01
4.360000e-06	4.677579e-06	1.318239e-09	3.252103e+01	8.215753e+01
4.370000e-06	4.652082e-06	1.264171e-09	3.234376e+01	8.201358e+01
4.380000e-06	4.626203e-06	1.274470e-09	3.216384e+01	8.186986e+01
4.390000e-06	4.600039e-06	1.300163e-09	3.198194e+01	8.172633e+01
4.400000e-06	4.573519e-06	1.281469e-09	3.179756e+01	8.158292e+01
4.410000e-06	4.546619e-06	1.265949e-09	3.161053e+01	8.143957e+01
4.420000e-06	4.519412e-06	1.278506e-09	3.142137e+01	8.129621e+01
4.430000e-06	4.491933e-06	1.265470e-09	3.123032e+01	8.115277e+01
4.440000e-06	4.464252e-06	1.269037e-09	3.103787e+01	8.100919e+01
4.450000e-06	4.436354e-06	1.274141e-09	3.084391e+01	8.086540e+01
4.460000e-06	4.408247e-06	1.268513e-09	3.064850e+01	8.072133e+01
4.470000e-06	4.379994e-06	1.259641e-09	3.045206e+01	8.057693e+01
4.480000e-06	4.351562e-06	1.270192e-09	3.025439e+01	8.043212e+01
4.490000e-06	4.322836e-06	1.266111e-09	3.005467e+01	8.028686e+01
4.500000e-06	4.293606e-06	1.260111e-09	2.985145e+01	8.014106e+01
4.510000e-06	4.263871e-06	1.255045e-09	2.964471e+01	7.999468e+01
4.520000e-06	4.233675e-06	1.253215e-09	2.943478e+01	7.984764e+01
4.530000e-06	4.202873e-06	1.241444e-09	2.922062e+01	7.969987e+01
4.540000e-06	4.171547e-06	1.246507e-09	2.900283e+01	7.955130e+01
4.550000e-06	4.139908e-06	1.253818e-09	2.878286e+01	7.940183e+01
4.560000e-06	4.108014e-06	1.242330e-09	2.856111e+01	7.925139e+01
4.570000e-06	4.075991e-06	1.230952e-09	2.833848e+01	7.909985e+01
4.580000e-06	4.043877e-06	1.241316e-09	2.811520e+01	7.894713e+01
4.590000e-06	4.011552e-06	1.239705e-09	2.789046e+01	7.879308e+01
4.600000e-06	3.978921e-06	1.228163e-09	2.766359e+01	7.863758e+01
4.610000e-06	3.945990e-06	1.235572e-09	2.743463e+01	7.848048e+01
4.620000e-06	3.912773e-06	1.237290e-09	2.720369e+01	7.832163e+01
4.630000e-06	3.879239e-06	1.226483e-09	2.697055e+01	7.816087e+01
4.640000e-06	3.845435e-06	1.227301e-09	2.673552e+01	7.799802e+01
4.650000e-06	3.811444e-06	1.232650e-09	2.649920e+01	7.783290e+01
4.660000e-06	3.777246e-06	1.217743e-09	2.626144e+01	7.766535e+01
4.670000e-06	3.742777e-06	1.214226e-09	2.602179e+01	7.749516e+01
4.680000e-06	3.708029e-06	1.224301e-09	2.578021e+01	7.732216e+01
4.690000e-06	3.672948e-06	1.227631e-09	2.553630e+01	7.714617e+01
4.700000e-06	3.637551e-06	1.220124e-09	2.529020e+01	7.696701e+01
4.710000e-06	3.601959e-06	1.224650e-09	2.504275e+01	7.678452e+01
4.720000e-06	3.566202e-06	1.222287e-09	2.479415e+01	7.659854e+01
4.730000e-06	3.530310e-06	1.213635e-09	2.454461e+01	7.640894e+01
4.740000e-06	3.494245e-06	1.211126e-09	2.429386e+01	7.621558e+01
4.750000e-06	3.457994e-06	1.216968e-09	2.404183e+01	7.601837e+01
4.760000e-06	3.421639e-06	1.208185e-09	2.378907e+01	7.581720e+01
4.770000e-06	3.385093e-06	1.202741e-09	2.353498e+01	7.561202e+01
4.780000e-06	3.348271e-06	1.205291e-09	2.327897e+01	7.540277e+01
4.790000e-06	3.311164e-06	1.205943e-09	2.302099e+01	7.518944e+01
4.800000e-06	3.273677e-06	1.201206e-09	2.276036e+01	7.497200e+01
4.810000e-06	3.235726e-06	1.203550e-09	2.249650e+01	7.475047e+01
4.820000e-06	3.197341e-06	1.203040e-09	2.222963e+01	7.452487e+01
4.830000e-06	3.158606e-06	1.198255e-09	2.196032e+01	7.429524e+01
4.840000e-06	3.119520e-06	1.196132e-09	2.168857e+01	7.406164e+01
4.850000e-06	3.080091e-06	1.194409e-09	2.141444e+01	7.382410e+01
4.860000e-06	3.040434e-06	1.187230e-09	2.113872e+01	7.358270e+01
4.870000e-06	3.000679e-06	1.183181e-09	2.086233e+01	7.333747e+01
4.880000e-06	2.960796e-06	1.183556e-09	2.058504e+01	7.308847e+01
4.890000e-06	2.920774e-06	1.182337e-09	2.030679e+01	7.283574e+01
4.900000e-06	2.880625e-06	1.179831e-09	2.002765e+01	7.257928e+01
4.910000e-06	2.840333e-06	1.175838e-09	1.974752e+01	7.231909e+01
4.920000e-06	2.799829e-06	1.171074e-09	1.946591e+01	7.205514e+01
4.930000e-06	2.759171e-06	1.165880e-09	1.918323e+01	7.178738e+01
4.940000e-06	2.718392e-06	1.164433e-09	1.889971e+01	7.151571e+01
4.950000e-06	2.677416e-06	1.164113e-09	1.861483e+01	7.124001e+01
4.960000e-06	2.636236e-06	1.165381e-09	1.832852e+01	7.096010e+01
4.970000e-06	2.594763e-06	1.165843e-09	1.804018e+01	7.067578e+01
4.980000e-06	2.553153e-06	1.165178e-09	1.775089e+01	7.038681e+01
4.990000e-06	2.511439e-06	1.157909e-09	1.746087e+01	7.009291e+01
5.000000e-06	2.469542e-06	1.151576e-09	1.716958e+01	6.979376e+01
5.010000e-06	2.427498e-06	1.143680e-09	1.687726e+01	6.948900e+01
5.020000e-06	2.385319e-06	1.137897e-09	1.658402e+01	6.917825e+01
5.030000e-06	2.343022e-06	1.133091e-09	1.628994e+01	6.886110e+01
5.040000e-06	2.300590e-06	1.133179e-09	1.599494e+01	6.853712e+01
5.050000e-06	2.257941e-06	1.133531e-09	1.569841e+01	6.820585e+01
5.060000e-06	2.215026e-06	1.131152e-09	1.540004e+01	6.786683e+01
5.070000e-06	2.171963e-06	1.126047e-09	1.510065e+01	6.751961e+01
5.080000e-06	2.128822e-06	1.119411e-09	1.480071e+01	6.716372e+01
5.090000e-06	2.085513e-06	1.111799e-09	1.449960e+01	6.679871e+01
5.100000e-06	2.042026e-06	1.103035e-09	1.419726e+01	6.642414e+01
5.110000e-06	1.998359e-06	1.093492e-09	1.389366e+01	6.603961e+01
5.120000e-06	1.954588e-06	1.087712e-09	1.358934e+01	6.564473e+01
5.130000e-06	1.910772e-06	1.085310e-09	1.328471e+01	6.523916e+01
5.140000e-06	1.866851e-06	1.084184e-09	1.297935e+01	6.482257e+01
5.150000e-06	1.822844e-06	1.081289e-09	1.267339e+01	6.439470e+01
5.160000e-06	1.778756e-06	1.074476e-09	1.236686e+01	6.395531e+01
5.170000e-06	1.734628e-06	1.064005e-09	1.206006e+01	6.350423e+01
5.180000e-06	1.690448e-06	1.053371e-09	1.175290e+01	6.304130e+01
5.190000e-06	1.646134e-06	1.045391e-09	1.144481e+01	6.256642e+01
5.200000e-06	1.601685e-06	1.038095e-09	1.113577e+01	6.207952e+01
5.210000e-06	1.557149e-06	1.031248e-09	1.082613e+01	6.158057e+01
5.220000e-06	1.512591e-06	1.023730e-09	1.051634e+01	6.106954e+01
5.230000e-06	1.467965e-06	1.018851e-09	1.020608e+01	6.054644e+01
5.240000e-06	1.423185e-06	1.013457e-09	9.894748e+00	6.001128e+01
5.250000e-06	1.378330e-06	1.004314e-09	9.582886e+00	5.946405e+01
5.260000e-06	1.333450e-06	9.941308e-10	9.270859e+00	5.890477e+01
5.270000e-06	1.288446e-06	9.857949e-10	8.957970e+00	5.833337e+01
5.280000e-06	1.243285e-06	9.790102e-10	8.643981e+00	5.774981e+01
5.290000e-06	1.198090e-06	9.737151e-10	8.329764e+00	5.715393e+01
5.300000e-06	1.152770e-06	9.686916e-10	8.014676e+00	5.654558e+01
5.310000e-06	1.107278e-06	9.617607e-10	7.698391e+00	5.592447e+01
5.320000e-06	1.061610e-06	9.512545e-10	7.380881e+00	5.529026e+01
5.330000e-06	1.015771e-06	9.413423e-10	7.062185e+00	5.464252e+01
5.340000e-06	9.699717e-07	9.309324e-10	6.743762e+00	5.398070e+01
5.350000e-06	9.241605e-07	9.171929e-10	6.425259e+00	5.330414e+01
5.360000e-06	8.782501e-07	9.025367e-10	6.106065e+00	5.261208e+01
5.370000e-06	8.322666e-07	8.905579e-10	5.786363e+00	5.190362e+01
5.380000e-06	7.862320e-07	8.814417e-10	5.466306e+00	5.117775e+01
5.390000e-06	7.401885e-07	8.755545e-10	5.146187e+00	5.043335e+01
5.400000e-06	6.941445e-07	8.672284e-10	4.826064e+00	4.966919e+01
5.410000e-06	6.480131e-07	8.575178e-10	4.505334e+00	4.888390e+01
5.420000e-06	6.017136e-07	8.447152e-10	4.183435e+00	4.807604e+01
5.430000e-06	5.553372e-07	8.307204e-10	3.861002e+00	4.724409e+01
5.440000e-06	5.089735e-07	8.160365e-10	3.538656e+00	4.638643e+01
5.450000e-06	4.626081e-07	8.007419e-10	3.216299e+00	4.550141e+01
5.460000e-06	4.161831e-07	7.867619e-10	2.893528e+00	4.458732e+01
5.470000e-06	3.697526e-07	7.738898e-10	2.570718e+00	4.364244e+01
5.480000e-06	3.233578e-07	7.631815e-10	2.248157e+00	4.266507e+01
5.490000e-06	2.769210e-07	7.525334e-10	1.925303e+00	4.165350e+01
5.500000e-06	2.304315e-07	7.366981e-10	1.602083e+00	4.060611e+01
5.510000e-06	1.840022e-07	7.161934e-10	1.279282e+00	3.952132e+01
5.520000e-06	1.375680e-07	6.930575e-10	9.564463e-01	3.839768e+01
5.530000e-06	9.102537e-08	6.687105e-10	6.328571e-01	3.723383e+01
5.540000e-06	4.444348e-08	6.482764e-10	3.089949e-01	3.602860e+01
5.550000e-06	-2.050252e-09	6.321660e-10	-1.425445e-02	3.478094e+01
5.560000e-06	-4.855655e-08	6.180155e-10	-3.375911e-01	3.349002e+01
5.570000e-06	-9.512937e-08	5.997642e-10	-6.613903e-01	3.215521e+01
5.580000e-06	-1.415508e-07	5.764071e-10	-9.841368e-01	3.077611e+01
5.590000e-06	-1.879905e-07	5.487611e-10	-1.307010e+00	2.935255e+01
5.600000e-06	-2.345063e-07	5.200227e-10	-1.630413e+00	2.788463e+01
5.610000e-06	-2.809438e-07	4.931825e-10	-1.953272e+00	2.637268e+01
5.620000e-06	-3.273523e-07	4.685349e-10	-2.275929e+00	2.481732e+01
5.630000e-06	-3.737309e-07	4.426379e-10	-2.598378e+00	2.321943e+01
5.640000e-06	-4.200490e-07	4.151956e-10	-2.920405e+00	2.158015e+01
5.650000e-06	-4.664005e-07	3.856739e-10	-3.242666e+00	1.990089e+01
5.660000e-06	-5.128357e-07	3.528076e-10	-3.565509e+00	1.818331e+01
5.670000e-06	-5.592054e-07	3.187290e-10	-3.887896e+00	1.642930e+01
5.680000e-06	-6.054127e-07	2.865361e-10	-4.209154e+00	1.464101e+01
5.690000e-06	-6.515694e-07	2.550103e-10	-4.530059e+00	1.282077e+01
5.700000e-06	-6.977030e-07	2.253497e-10	-4.850805e+00	1.097112e+01
5.710000e-06	-7.437246e-07	1.957262e-10	-5.170772e+00	9.094757e+00
5.720000e-06	-7.896537e-07	1.648303e-10	-5.490095e+00	7.194539e+00
5.730000e-06	-8.355295e-07	1.307882e-10	-5.809049e+00	5.273439e+00
5.740000e-06	-8.814370e-07	9.586588e-11	-6.128222e+00	3.334528e+00
5.750000e-06	-9.273185e-07	6.021885e-11	-6.447215e+00	1.380947e+00
5.760000e-06	-9.730803e-07	2.395167e-11	-6.765375e+00	-5.841202e-01
5.770000e-06	-1.018718e-06	-1.115321e-11	-7.082673e+00	-2.557474e+00
5.780000e-06	-1.064212e-06	-4.394321e-11	-7.398975e+00	-4.535926e+00
5.790000e-06	-1.109615e-06	-7.584324e-11	-7.714639e+00	-6.516321e+00
5.800000e-06	-1.154976e-06	-1.063039e-10	-8.030014e+00	-8.495567e+00
5.810000e-06	-1.200249e-06	-1.382778e-10	-8.344776e+00	-1.047065e+01
5.820000e-06	-1.245373e-06	-1.736582e-10	-8.658499e+00	-1.243867e+01
5.830000e-06	-1.290394e-06	-2.087486e-10	-8.971513e+00	-1.439682e+01
5.840000e-06	-1.335372e-06	-2.433541e-10	-9.284222e+00	-1.634247e+01
5.850000e-06	-1.380261e-06	-2.757027e-10	-9.596312e+00	-1.827311e+01
5.860000e-06	-1.425089e-06	-3.065231e-10	-9.907985e+00	-2.018640e+01
5.870000e-06	-1.469851e-06	-3.365099e-10	-1.021919e+01	-2.208019e+01
5.880000e-06	-1.514442e-06	-3.674106e-10	-1.052921e+01	-2.395246e+01
5.890000e-06	-1.558914e-06	-3.984215e-10	-1.083841e+01	-2.580141e+01
5.900000e-06	-1.603309e-06	-4.286848e-10	-1.114706e+01	-2.762540e+01
5.910000e-06	-1.647644e-06	-4.571698e-10	-1.145531e+01	-2.942298e+01
5.920000e-06	-1.691872e-06	-4.870740e-10	-1.176280e+01	-3.119285e+01
5.930000e-06	-1.735977e-06	-5.193286e-10	-1.206944e+01	-3.293390e+01
5.940000e-06	-1.780022e-06	-5.547263e-10	-1.237566e+01	-3.464516e+01
5.950000e-06	-1.824058e-06	-5.876348e-10	-1.268183e+01	-3.632581e+01
5.960000e-06	-1.868068e-06	-6.174990e-10	-1.298781e+01	-3.797519e+01
5.970000e-06	-1.911995e-06	-6.450194e-10	-1.329322e+01	-3.959274e+01
5.980000e-06	-1.955774e-06	-6.706835e-10	-1.359759e+01	-4.117802e+01
5.990000e-06	-1.999452e-06	-6.959430e-10	-1.390126e+01	-4.273071e+01
6.000000e-06	-2.043071e-06	-7.202683e-10	-1.420452e+01	-4.425057e+01
6.010000e-06	-2.086513e-06	-7.451103e-10	-1.450655e+01	-4.573742e+01
6.020000e-06	-2.129741e-06	-7.735815e-10	-1.480710e+01	-4.719116e+01
6.030000e-06	-2.172798e-06	-7.998162e-10	-1.510645e+01	-4.861177e+01
6.040000e-06	-2.215733e-06	-8.228455e-10	-1.540496e+01	-4.999923e+01
6.050000e-06	-2.258521e-06	-8.447077e-10	-1.570245e+01	-5.135358e+01
6.060000e-06	-2.301067e-06	-8.652002e-10	-1.599825e+01	-5.267490e+01
6.070000e-06	-2.343473e-06	-8.863454e-10	-1.629308e+01	-5.396328e+01
6.080000e-06	-2.385761e-06	-9.066642e-10	-1.658709e+01	-5.521882e+01
6.090000e-06	-2.427846e-06	-9.285259e-10	-1.687969e+01	-5.644165e+01
6.100000e-06	-2.469824e-06	-9.491237e-10	-1.717154e+01	-5.763192e+01
6.110000e-06	-2.511636e-06	-9.679391e-10	-1.746224e+01	-5.878977e+01
6.120000e-06	-2.553317e-06	-9.847719e-10	-1.775203e+01	-5.991536e+01
6.130000e-06	-2.594865e-06	-1.003023e-09	-1.804089e+01	-6.100889e+01
6.140000e-06	-2.636181e-06	-1.020145e-09	-1.832814e+01	-6.207053e+01
6.150000e-06	-2.677306e-06	-1.037665e-09	-1.861407e+01	-6.310051e+01
6.160000e-06	-2.718127e-06	-1.055983e-09	-1.889788e+01	-6.409907e+01
6.170000e-06	-2.758653e-06	-1.072152e-09	-1.917963e+01	-6.506647e+01
6.180000e-06	-2.799117e-06	-1.085345e-09	-1.946096e+01	-6.600302e+01
6.190000e-06	-2.839480e-06	-1.097483e-09	-1.974158e+01	-6.690905e+01
6.200000e-06	-2.879631e-06	-1.108779e-09	-2.002074e+01	-6.778493e+01
6.210000e-06	-2.919710e-06	-1.120760e-09	-2.029939e+01	-6.863110e+01
6.220000e-06	-2.959734e-06	-1.136427e-09	-2.057766e+01	-6.944802e+01
6.230000e-06	-2.999592e-06	-1.152002e-09	-2.085477e+01	-7.023620e+01
6.240000e-06	-3.039291e-06	-1.165058e-09	-2.113078e+01	-7.099621e+01
6.250000e-06	-3.078755e-06	-1.177018e-09	-2.140515e+01	-7.172868e+01
6.260000e-06	-3.117935e-06	-1.188768e-09	-2.167755e+01	-7.243427e+01
6.270000e-06	-3.156841e-06	-1.199553e-09	-2.194805e+01	-7.311371e+01
6.280000e-06	-3.195399e-06	-1.210575e-09	-2.221613e+01	-7.376775e+01
6.290000e-06	-3.233597e-06	-1.221953e-09	-2.248170e+01	-7.439721e+01
6.300000e-06	-3.271376e-06	-1.231773e-09	-2.274436e+01	-7.500293e+01
6.310000e-06	-3.308674e-06	-1.241727e-09	-2.300367e+01	-7.558579e+01
6.320000e-06	-3.345584e-06	-1.254164e-09	-2.326029e+01	-7.614669e+01
6.330000e-06	-3.382234e-06	-1.263332e-09	-2.351511e+01	-7.668655e+01
6.340000e-06	-3.418631e-06	-1.269079e-09	-2.376815e+01	-7.720630e+01
6.350000e-06	-3.454821e-06	-1.275960e-09	-2.401977e+01	-7.770689e+01
6.360000e-06	-3.490907e-06	-1.285410e-09	-2.427065e+01	-7.818922e+01
6.370000e-06	-3.526881e-06	-1.293894e-09	-2.452076e+01	-7.865422e+01
6.380000e-06	-3.562680e-06	-1.302499e-09	-2.476966e+01	-7.910278e+01
6.390000e-06	-3.598322e-06	-1.310276e-09	-2.501746e+01	-7.953576e+01
6.400000e-06	-3.633770e-06	-1.316289e-09	-2.526391e+01	-7.995397e+01
6.410000e-06	-3.668906e-06	-1.322092e-09	-2.550820e+01	-8.035820e+01
6.420000e-06	-3.703702e-06	-1.328258e-09	-2.575012e+01	-8.074917e+01
6.430000e-06	-3.738261e-06	-1.335729e-09	-2.599039e+01	-8.112755e+01
6.440000e-06	-3.772621e-06	-1.343752e-09	-2.622928e+01	-8.149394e+01
6.450000e-06	-3.806706e-06	-1.351542e-09	-2.646626e+01	-8.184890e+01
6.460000e-06	-3.840539e-06	-1.359203e-09	-2.670149e+01	-8.219291e+01
6.470000e-06	-3.874101e-06	-1.365733e-09	-2.693482e+01	-8.252638e+01
6.480000e-06	-3.907344e-06	-1.370222e-09	-2.716595e+01	-8.284966e+01
6.490000e-06	-3.940261e-06	-1.372828e-09	-2.739481e+01	-8.316304e+01
6.500000e-06	-3.972896e-06	-1.377381e-09	-2.762170e+01	-8.346676e+01
6.510000e-06	-4.005295e-06	-1.383748e-09	-2.784696e+01	-8.376097e+01
6.520000e-06	-4.037511e-06	-1.389206e-09	-2.807094e+01	-8.404581e+01
6.530000e-06	-4.069585e-06	-1.395224e-09	-2.829394e+01	-8.432134e+01
6.540000e-06	-4.101465e-06	-1.401141e-09	-2.851558e+01	-8.458760e+01
6.550000e-06	-4.133150e-06	-1.405398e-09	-2.873587e+01	-8.484460e+01
6.560000e-06	-4.164519e-06	-1.407788e-09	-2.895396e+01	-8.509232e+01
6.570000e-06	-4.195315e-06	-1.408781e-09	-2.916807e+01	-8.533070e+01
6.580000e-06	-4.225570e-06	-1.409726e-09	-2.937843e+01	-8.555971e+01
6.590000e-06	-4.255395e-06	-1.411510e-09	-2.958578e+01	-8.577930e+01
6.600000e-06	-4.284746e-06	-1.414867e-09	-2.978985e+01	-8.598941e+01
6.610000e-06	-4.313636e-06	-1.418905e-09	-2.999071e+01	-8.619002e+01
6.620000e-06	-4.342147e-06	-1.420534e-09	-3.018893e+01	-8.638110e+01
6.630000e-06	-4.370439e-06	-1.421665e-09	-3.038564e+01	-8.656267e+01
6.640000e-06	-4.398585e-06	-1.423144e-09	-3.058132e+01	-8.673476e+01
6.650000e-06	-4.426510e-06	-1.424659e-09	-3.077547e+01	-8.689743e+01
6.660000e-06	-4.454232e-06	-1.426549e-09	-3.096820e+01	-8.705080e+01
6.670000e-06	-4.481744e-06	-1.427312e-09	-3.115948e+01	-8.719500e+01
6.680000e-06	-4.508978e-06	-1.427130e-09	-3.134883e+01	-8.733022e+01
6.690000e-06	-4.535894e-06	-1.427411e-09	-3.153596e+01	-8.745668e+01
6.700000e-06	-4.562452e-06	-1.427207e-09	-3.172061e+01	-8.757463e+01
6.710000e-06	-4.588653e-06	-1.427552e-09	-3.190277e+01	-8.768438e+01
6.720000e-06	-4.614457e-06	-1.429447e-09	-3.208217e+01	-8.778625e+01
6.730000e-06	-4.639932e-06	-1.430844e-09	-3.225929e+01	-8.788061e+01
6.740000e-06	-4.665145e-06	-1.431823e-09	-3.243459e+01	-8.796784e+01
6.750000e-06	-4.690053e-06	-1.433910e-09	-3.260776e+01	-8.804835e+01
6.760000e-06	-4.714605e-06	-1.435423e-09	-3.277846e+01	-8.812258e+01
6.770000e-06	-4.738872e-06	-1.434836e-09	-3.294717e+01	-8.819096e+01
6.780000e-06	-4.762933e-06	-1.433757e-09	-3.311446e+01	-8.825395e+01
6.790000e-06	-4.786776e-06	-1.433683e-09	-3.328023e+01	-8.831199e+01
6.800000e-06	-4.810383e-06	-1.433709e-09	-3.344436e+01	-8.836554e+01
6.810000e-06	-4.833660e-06	-1.432237e-09	-3.360620e+01	-8.841503e+01
6.820000e-06	-4.856498e-06	-1.429978e-09	-3.376497e+01	-8.846089e+01
6.830000e-06	-4.878836e-06	-1.428045e-09	-3.392028e+01	-8.850352e+01
6.840000e-06	-4.900608e-06	-1.426623e-09	-3.407165e+01	-8.854331e+01
6.850000e-06	-4.921766e-06	-1.427157e-09	-3.421875e+01	-8.858060e+01
6.860000e-06	-4.942448e-06	-1.430236e-09	-3.436255e+01	-8.861574e+01
6.870000e-06	-4.962816e-06	-1.432674e-09	-3.450416e+01	-8.864902e+01
6.880000e-06	-4.982975e-06	-1.432382e-09	-3.464431e+01	-8.868069e+01
6.890000e-06	-5.002909e-06	-1.430950e-09	-3.478290e+01	-8.871100e+01
6.900000e-06	-5.022569e-06	-1.429285e-09	-3.491959e+01	-8.874012e+01
6.910000e-06	-5.041954e-06	-1.426778e-09	-3.505436e+01	-8.876821e+01
6.920000e-06	-5.060933e-06	-1.426310e-09	-3.518632e+01	-8.879540e+01
6.930000e-06	-5.079519e-06	-1.427323e-09	-3.531553e+01	-8.882178e+01
6.940000e-06	-5.097812e-06	-1.426093e-09	-3.544272e+01	-8.884740e+01
6.950000e-06	-5.115783e-06	-1.424188e-09	-3.556766e+01	-8.887230e+01
6.960000e-06	-5.133370e-06	-1.422783e-09	-3.568994e+01	-8.889646e+01
6.970000e-06	-5.150557e-06	-1.421140e-09	-3.580943e+01	-8.891988e+01
6.980000e-06	-5.167443e-06	-1.421166e-09	-3.592683e+01	-8.894249e+01
6.990000e-06	-5.184103e-06	-1.422748e-09	-3.604266e+01	-8.896424e+01
7.000000e-06	-5.200460e-06	-1.424516e-09	-3.615638e+01	-8.898504e+01
7.010000e-06	-5.216473e-06	-1.425358e-09	-3.626771e+01	-8.900480e+01
7.020000e-06	-5.232168e-06	-1.424612e-09	-3.637684e+01	-8.902342e+01
7.030000e-06	-5.247436e-06	-1.422938e-09	-3.648299e+01	-8.904078e+01
7.040000e-06	-5.262190e-06	-1.420941e-09	-3.658557e+01	-8.905678e+01
7.050000e-06	-5.276363e-06	-1.421527e-09	-3.668410e+01	-8.907128e+01
7.060000e-06	-5.289894e-06	-1.424848e-09	-3.677818e+01	-8.908418e+01
7.070000e-06	-5.302855e-06	-1.428185e-09	-3.686828e+01	-8.909536e+01
7.080000e-06	-5.315379e-06	-1.429843e-09	-3.695536e+01	-8.910471e+01
7.090000e-06	-5.327589e-06	-1.428297e-09	-3.704025e+01	-8.911212e+01
7.100000e-06	-5.339448e-06	-1.423552e-09	-3.712270e+01	-8.911749e+01
7.110000e-06	-5.350829e-06	-1.418800e-09	-3.720183e+01	-8.912073e+01
7.120000e-06	-5.361792e-06	-1.415561e-09	-3.727805e+01	-8.912176e+01
7.130000e-06	-5.372446e-06	-1.414244e-09	-3.735212e+01	-8.912049e+01
7.140000e-06	-5.382843e-06	-1.415287e-09	-3.742441e+01	-8.911686e+01
7.150000e-06	-5.392951e-06	-1.418498e-09	-3.749468e+01	-8.911082e+01
7.160000e-06	-5.402628e-06	-1.422039e-09	-3.756196e+01	-8.910231e+01
7.170000e-06	-5.411919e-06	-1.420774e-09	-3.762656e+01	-8.909129e+01
7.180000e-06	-5.420814e-06	-1.417203e-09	-3.768840e+01	-8.907775e+01
7.190000e-06	-5.429314e-06	-1.412775e-09	-3.774750e+01	-8.906165e+01
7.200000e-06	-5.437587e-06	-1.409138e-09	-3.780502e+01	-8.904299e+01
7.210000e-06	-5.445605e-06	-1.407539e-09	-3.786076e+01	-8.902178e+01
7.220000e-06	-5.453309e-06	-1.407339e-09	-3.791433e+01	-8.899802e+01
7.230000e-06	-5.460661e-06	-1.406277e-09	-3.796544e+01	-8.897174e+01
7.240000e-06	-5.467500e-06	-1.404962e-09	-3.801299e+01	-8.894297e+01
7.250000e-06	-5.473729e-06	-1.404268e-09	-3.805630e+01	-8.891176e+01
7.260000e-06	-5.479403e-06	-1.402019e-09	-3.809575e+01	-8.887816e+01
7.270000e-06	-5.484568e-06	-1.400922e-09	-3.813166e+01	-8.884225e+01
7.280000e-06	-5.489247e-06	-1.400287e-09	-3.816418e+01	-8.880410e+01
7.290000e-06	-5.493580e-06	-1.399409e-09	-3.819431e+01	-8.876381e+01
7.300000e-06	-5.497642e-06	-1.397617e-09	-3.822255e+01	-8.872148e+01
7.310000e-06	-5.501449e-06	-1.395330e-09	-3.824902e+01	-8.867723e+01
7.320000e-06	-5.504972e-06	-1.390689e-09	-3.827352e+01	-8.863119e+01
7.330000e-06	-5.508065e-06	-1.386722e-09	-3.829502e+01	-8.858350e+01
7.340000e-06	-5.510711e-06	-1.386665e-09	-3.831342e+01	-8.853430e+01
7.350000e-06	-5.513043e-06	-1.390764e-09	-3.832963e+01	-8.848375e+01
7.360000e-06	-5.515091e-06	-1.393537e-09	-3.834386e+01	-8.843203e+01
7.370000e-06	-5.516822e-06	-1.391959e-09	-3.835590e+01	-8.837929e+01
7.380000e-06	-5.518070e-06	-1.390723e-09	-3.836458e+01	-8.832573e+01
7.390000e-06	-5.518828e-06	-1.387952e-09	-3.836985e+01	-8.827151e+01
7.400000e-06	-5.519341e-06	-1.381969e-09	-3.837341e+01	-8.821681e+01
