# Temperatura_=_-5.41
# Concentracion g/m^3_=_1620.0
# C_Vs_to_Am_M_A/Vsm_=_65563218390.804596
# pendiente_HvsI_1/m_=_3716.3
# ordenada_HvsI_A/m_=_1297.0
# frecuencia_Hz_=_135111.08757192668

Tiempo_(s)	Campo_(V.s)	Magnetizacion_(V.s)	Campo_(kA/m)	Magnetizacion_(A/m)
0.000000e+00	-5.521023e-06	-1.399409e-09	-3.836417e+01	-9.108208e+01
1.000000e-08	-5.521231e-06	-1.395692e-09	-3.836561e+01	-9.104134e+01
2.000000e-08	-5.521216e-06	-1.396666e-09	-3.836551e+01	-9.100190e+01
3.000000e-08	-5.520775e-06	-1.397944e-09	-3.836245e+01	-9.096402e+01
4.000000e-08	-5.519805e-06	-1.397823e-09	-3.835570e+01	-9.092791e+01
5.000000e-08	-5.518274e-06	-1.393182e-09	-3.834507e+01	-9.089370e+01
6.000000e-08	-5.516183e-06	-1.380209e-09	-3.833054e+01	-9.086148e+01
7.000000e-08	-5.513474e-06	-1.378268e-09	-3.831172e+01	-9.083127e+01
8.000000e-08	-5.510235e-06	-1.409191e-09	-3.828920e+01	-9.080299e+01
9.000000e-08	-5.506532e-06	-1.446168e-09	-3.826347e+01	-9.077653e+01
1.000000e-07	-5.502404e-06	-1.421260e-09	-3.823479e+01	-9.075166e+01
1.100000e-07	-5.498021e-06	-1.359701e-09	-3.820433e+01	-9.072812e+01
1.200000e-07	-5.493419e-06	-1.352279e-09	-3.817236e+01	-9.070557e+01
1.300000e-07	-5.488625e-06	-1.406095e-09	-3.813904e+01	-9.068358e+01
1.400000e-07	-5.483367e-06	-1.392736e-09	-3.810251e+01	-9.066171e+01
1.500000e-07	-5.477651e-06	-1.368455e-09	-3.806279e+01	-9.063943e+01
1.600000e-07	-5.471674e-06	-1.359822e-09	-3.802126e+01	-9.061619e+01
1.700000e-07	-5.465336e-06	-1.411796e-09	-3.797722e+01	-9.059142e+01
1.800000e-07	-5.458476e-06	-1.389235e-09	-3.792955e+01	-9.056450e+01
1.900000e-07	-5.451196e-06	-1.359564e-09	-3.787896e+01	-9.053482e+01
2.000000e-07	-5.443737e-06	-1.360438e-09	-3.782713e+01	-9.050177e+01
2.100000e-07	-5.436034e-06	-1.416381e-09	-3.777360e+01	-9.046474e+01
2.200000e-07	-5.428042e-06	-1.439587e-09	-3.771807e+01	-9.042317e+01
2.300000e-07	-5.419741e-06	-1.420193e-09	-3.766039e+01	-9.037650e+01
2.400000e-07	-5.410936e-06	-1.406474e-09	-3.759920e+01	-9.032425e+01
2.500000e-07	-5.401432e-06	-1.407165e-09	-3.753316e+01	-9.026598e+01
2.600000e-07	-5.391231e-06	-1.407866e-09	-3.746228e+01	-9.020130e+01
2.700000e-07	-5.380489e-06	-1.378786e-09	-3.738764e+01	-9.012991e+01
2.800000e-07	-5.369299e-06	-1.390098e-09	-3.730988e+01	-9.005159e+01
2.900000e-07	-5.357668e-06	-1.401053e-09	-3.722906e+01	-8.996617e+01
3.000000e-07	-5.345692e-06	-1.403580e-09	-3.714584e+01	-8.987361e+01
3.100000e-07	-5.333361e-06	-1.361601e-09	-3.706015e+01	-8.977390e+01
3.200000e-07	-5.320603e-06	-1.363749e-09	-3.697150e+01	-8.966717e+01
3.300000e-07	-5.307485e-06	-1.361786e-09	-3.688035e+01	-8.955360e+01
3.400000e-07	-5.293997e-06	-1.361780e-09	-3.678663e+01	-8.943344e+01
3.500000e-07	-5.280078e-06	-1.334690e-09	-3.668991e+01	-8.930705e+01
3.600000e-07	-5.265787e-06	-1.365664e-09	-3.659060e+01	-8.917483e+01
3.700000e-07	-5.251022e-06	-1.378907e-09	-3.648800e+01	-8.903724e+01
3.800000e-07	-5.235660e-06	-1.365507e-09	-3.638126e+01	-8.889481e+01
3.900000e-07	-5.219706e-06	-1.338897e-09	-3.627040e+01	-8.874808e+01
4.000000e-07	-5.203359e-06	-1.360296e-09	-3.615681e+01	-8.859765e+01
4.100000e-07	-5.186691e-06	-1.348533e-09	-3.604098e+01	-8.844412e+01
4.200000e-07	-5.169670e-06	-1.324522e-09	-3.592271e+01	-8.828812e+01
4.300000e-07	-5.152337e-06	-1.346103e-09	-3.580227e+01	-8.813026e+01
4.400000e-07	-5.134716e-06	-1.377419e-09	-3.567982e+01	-8.797113e+01
4.500000e-07	-5.116735e-06	-1.348970e-09	-3.555487e+01	-8.781133e+01
4.600000e-07	-5.098182e-06	-1.333170e-09	-3.542596e+01	-8.765139e+01
4.700000e-07	-5.079170e-06	-1.363163e-09	-3.529385e+01	-8.749182e+01
4.800000e-07	-5.059873e-06	-1.353115e-09	-3.515975e+01	-8.733308e+01
4.900000e-07	-5.040337e-06	-1.321028e-09	-3.502401e+01	-8.717556e+01
5.000000e-07	-5.020588e-06	-1.331530e-09	-3.488677e+01	-8.701961e+01
5.100000e-07	-5.000648e-06	-1.339154e-09	-3.474821e+01	-8.686550e+01
5.200000e-07	-4.980411e-06	-1.306288e-09	-3.460760e+01	-8.671343e+01
5.300000e-07	-4.959806e-06	-1.322609e-09	-3.446442e+01	-8.656355e+01
5.400000e-07	-4.938878e-06	-1.348160e-09	-3.431899e+01	-8.641591e+01
5.500000e-07	-4.917574e-06	-1.320646e-09	-3.417095e+01	-8.627052e+01
5.600000e-07	-4.895837e-06	-1.298559e-09	-3.401991e+01	-8.612730e+01
5.700000e-07	-4.873809e-06	-1.334463e-09	-3.386685e+01	-8.598615e+01
5.800000e-07	-4.851505e-06	-1.326328e-09	-3.371186e+01	-8.584686e+01
5.900000e-07	-4.828768e-06	-1.298578e-09	-3.355387e+01	-8.570920e+01
6.000000e-07	-4.805733e-06	-1.304460e-09	-3.339380e+01	-8.557290e+01
6.100000e-07	-4.782472e-06	-1.310804e-09	-3.323217e+01	-8.543764e+01
6.200000e-07	-4.758944e-06	-1.276652e-09	-3.306868e+01	-8.530306e+01
6.300000e-07	-4.735185e-06	-1.279382e-09	-3.290358e+01	-8.516880e+01
6.400000e-07	-4.711180e-06	-1.295223e-09	-3.273678e+01	-8.503447e+01
6.500000e-07	-4.686813e-06	-1.286410e-09	-3.256746e+01	-8.489966e+01
6.600000e-07	-4.661927e-06	-1.279586e-09	-3.239453e+01	-8.476399e+01
6.700000e-07	-4.636527e-06	-1.295299e-09	-3.221804e+01	-8.462704e+01
6.800000e-07	-4.610609e-06	-1.279644e-09	-3.203794e+01	-8.448844e+01
6.900000e-07	-4.584129e-06	-1.261208e-09	-3.185394e+01	-8.434782e+01
7.000000e-07	-4.557135e-06	-1.262737e-09	-3.166636e+01	-8.420482e+01
7.100000e-07	-4.529799e-06	-1.262510e-09	-3.147641e+01	-8.405911e+01
7.200000e-07	-4.502288e-06	-1.254459e-09	-3.128524e+01	-8.391040e+01
7.300000e-07	-4.474571e-06	-1.265922e-09	-3.109265e+01	-8.375840e+01
7.400000e-07	-4.446666e-06	-1.272190e-09	-3.089874e+01	-8.360287e+01
7.500000e-07	-4.418592e-06	-1.260362e-09	-3.070366e+01	-8.344359e+01
7.600000e-07	-4.390278e-06	-1.255562e-09	-3.050691e+01	-8.328037e+01
7.700000e-07	-4.361555e-06	-1.256501e-09	-3.030732e+01	-8.311306e+01
7.800000e-07	-4.332463e-06	-1.246260e-09	-3.010517e+01	-8.294151e+01
7.900000e-07	-4.303121e-06	-1.241168e-09	-2.990128e+01	-8.276562e+01
8.000000e-07	-4.273511e-06	-1.247296e-09	-2.969553e+01	-8.258530e+01
8.100000e-07	-4.243616e-06	-1.240963e-09	-2.948780e+01	-8.240048e+01
8.200000e-07	-4.213422e-06	-1.234250e-09	-2.927798e+01	-8.221113e+01
8.300000e-07	-4.182952e-06	-1.235621e-09	-2.906626e+01	-8.201720e+01
8.400000e-07	-4.152161e-06	-1.233980e-09	-2.885230e+01	-8.181868e+01
8.500000e-07	-4.121034e-06	-1.225394e-09	-2.863600e+01	-8.161556e+01
8.600000e-07	-4.089628e-06	-1.230709e-09	-2.841777e+01	-8.140786e+01
8.700000e-07	-4.058062e-06	-1.229072e-09	-2.819843e+01	-8.119559e+01
8.800000e-07	-4.026384e-06	-1.220625e-09	-2.797831e+01	-8.097878e+01
8.900000e-07	-3.994529e-06	-1.214717e-09	-2.775696e+01	-8.075746e+01
9.000000e-07	-3.962385e-06	-1.215495e-09	-2.753359e+01	-8.053168e+01
9.100000e-07	-3.929962e-06	-1.205085e-09	-2.730830e+01	-8.030150e+01
9.200000e-07	-3.897188e-06	-1.199426e-09	-2.708056e+01	-8.006698e+01
9.300000e-07	-3.863949e-06	-1.198896e-09	-2.684959e+01	-7.982821e+01
9.400000e-07	-3.830318e-06	-1.193380e-09	-2.661590e+01	-7.958529e+01
9.500000e-07	-3.796291e-06	-1.183588e-09	-2.637945e+01	-7.933832e+01
9.600000e-07	-3.761791e-06	-1.183385e-09	-2.613972e+01	-7.908743e+01
9.700000e-07	-3.726840e-06	-1.174816e-09	-2.589685e+01	-7.883277e+01
9.800000e-07	-3.691537e-06	-1.161973e-09	-2.565154e+01	-7.857451e+01
9.900000e-07	-3.656006e-06	-1.157748e-09	-2.540464e+01	-7.831283e+01
1.000000e-06	-3.620368e-06	-1.160323e-09	-2.515700e+01	-7.804794e+01
1.010000e-06	-3.584647e-06	-1.154117e-09	-2.490879e+01	-7.778006e+01
1.020000e-06	-3.548770e-06	-1.149176e-09	-2.465949e+01	-7.750945e+01
1.030000e-06	-3.512727e-06	-1.148419e-09	-2.440904e+01	-7.723635e+01
1.040000e-06	-3.476509e-06	-1.141135e-09	-2.415736e+01	-7.696106e+01
1.050000e-06	-3.440016e-06	-1.132555e-09	-2.390379e+01	-7.668385e+01
1.060000e-06	-3.403123e-06	-1.129447e-09	-2.364743e+01	-7.640502e+01
1.070000e-06	-3.365927e-06	-1.123673e-09	-2.338896e+01	-7.612486e+01
1.080000e-06	-3.328558e-06	-1.115196e-09	-2.312930e+01	-7.584366e+01
1.090000e-06	-3.290982e-06	-1.112586e-09	-2.286819e+01	-7.556169e+01
1.100000e-06	-3.253250e-06	-1.109229e-09	-2.260600e+01	-7.527921e+01
1.110000e-06	-3.215273e-06	-1.102284e-09	-2.234211e+01	-7.499645e+01
1.120000e-06	-3.176980e-06	-1.093589e-09	-2.207602e+01	-7.471361e+01
1.130000e-06	-3.138538e-06	-1.085082e-09	-2.180889e+01	-7.443084e+01
1.140000e-06	-3.099927e-06	-1.073144e-09	-2.154059e+01	-7.414823e+01
1.150000e-06	-3.061122e-06	-1.067268e-09	-2.127095e+01	-7.386585e+01
1.160000e-06	-3.022092e-06	-1.067071e-09	-2.099974e+01	-7.358366e+01
1.170000e-06	-2.982816e-06	-1.066852e-09	-2.072682e+01	-7.330157e+01
1.180000e-06	-2.943390e-06	-1.063296e-09	-2.045286e+01	-7.301943e+01
1.190000e-06	-2.903859e-06	-1.062067e-09	-2.017817e+01	-7.273697e+01
1.200000e-06	-2.864239e-06	-1.055144e-09	-1.990286e+01	-7.245388e+01
1.210000e-06	-2.824457e-06	-1.045148e-09	-1.962642e+01	-7.216974e+01
1.220000e-06	-2.784562e-06	-1.034898e-09	-1.934921e+01	-7.188404e+01
1.230000e-06	-2.744513e-06	-1.027076e-09	-1.907091e+01	-7.159622e+01
1.240000e-06	-2.704246e-06	-1.018100e-09	-1.879111e+01	-7.130561e+01
1.250000e-06	-2.663717e-06	-1.015352e-09	-1.850948e+01	-7.101148e+01
1.260000e-06	-2.622903e-06	-1.016743e-09	-1.822588e+01	-7.071304e+01
1.270000e-06	-2.581859e-06	-1.014892e-09	-1.794067e+01	-7.040943e+01
1.280000e-06	-2.540482e-06	-1.007731e-09	-1.765316e+01	-7.009975e+01
1.290000e-06	-2.498740e-06	-9.994452e-10	-1.736310e+01	-6.978306e+01
1.300000e-06	-2.456692e-06	-9.880368e-10	-1.707092e+01	-6.945842e+01
1.310000e-06	-2.414345e-06	-9.739794e-10	-1.677666e+01	-6.912485e+01
1.320000e-06	-2.371720e-06	-9.630626e-10	-1.648047e+01	-6.878139e+01
1.330000e-06	-2.328793e-06	-9.562719e-10	-1.618218e+01	-6.842712e+01
1.340000e-06	-2.285643e-06	-9.512618e-10	-1.588235e+01	-6.806111e+01
1.350000e-06	-2.242370e-06	-9.493755e-10	-1.558166e+01	-6.768253e+01
1.360000e-06	-2.198959e-06	-9.491756e-10	-1.528000e+01	-6.729059e+01
1.370000e-06	-2.155450e-06	-9.462535e-10	-1.497767e+01	-6.688457e+01
1.380000e-06	-2.111834e-06	-9.379600e-10	-1.467459e+01	-6.646386e+01
1.390000e-06	-2.068152e-06	-9.249309e-10	-1.437106e+01	-6.602794e+01
1.400000e-06	-2.024450e-06	-9.100340e-10	-1.406738e+01	-6.557640e+01
1.410000e-06	-1.980647e-06	-8.959490e-10	-1.376300e+01	-6.510895e+01
1.420000e-06	-1.936687e-06	-8.858349e-10	-1.345754e+01	-6.462541e+01
1.430000e-06	-1.892640e-06	-8.781209e-10	-1.315147e+01	-6.412573e+01
1.440000e-06	-1.848507e-06	-8.736083e-10	-1.284480e+01	-6.360998e+01
1.450000e-06	-1.804250e-06	-8.689495e-10	-1.253727e+01	-6.307834e+01
1.460000e-06	-1.759902e-06	-8.615369e-10	-1.222911e+01	-6.253110e+01
1.470000e-06	-1.715432e-06	-8.495704e-10	-1.192010e+01	-6.196866e+01
1.480000e-06	-1.670825e-06	-8.351726e-10	-1.161013e+01	-6.139151e+01
1.490000e-06	-1.626063e-06	-8.216877e-10	-1.129909e+01	-6.080021e+01
1.500000e-06	-1.581159e-06	-8.107142e-10	-1.098707e+01	-6.019538e+01
1.510000e-06	-1.536119e-06	-8.005313e-10	-1.067410e+01	-5.957767e+01
1.520000e-06	-1.490899e-06	-7.920521e-10	-1.035988e+01	-5.894778e+01
1.530000e-06	-1.445543e-06	-7.825860e-10	-1.004471e+01	-5.830639e+01
1.540000e-06	-1.400168e-06	-7.728112e-10	-9.729408e+00	-5.765415e+01
1.550000e-06	-1.354735e-06	-7.630199e-10	-9.413708e+00	-5.699170e+01
1.560000e-06	-1.309195e-06	-7.550302e-10	-9.097257e+00	-5.631959e+01
1.570000e-06	-1.263591e-06	-7.437371e-10	-8.780371e+00	-5.563827e+01
1.580000e-06	-1.217936e-06	-7.324296e-10	-8.463122e+00	-5.494812e+01
1.590000e-06	-1.172217e-06	-7.196768e-10	-8.145436e+00	-5.424935e+01
1.600000e-06	-1.126364e-06	-7.037530e-10	-7.826815e+00	-5.354205e+01
1.610000e-06	-1.080383e-06	-6.889663e-10	-7.507303e+00	-5.282615e+01
1.620000e-06	-1.034314e-06	-6.793924e-10	-7.187184e+00	-5.210140e+01
1.630000e-06	-9.881108e-07	-6.730681e-10	-6.866128e+00	-5.136735e+01
1.640000e-06	-9.418237e-07	-6.666389e-10	-6.544491e+00	-5.062339e+01
1.650000e-06	-8.955662e-07	-6.583695e-10	-6.223059e+00	-4.986869e+01
1.660000e-06	-8.492908e-07	-6.473180e-10	-5.901503e+00	-4.910225e+01
1.670000e-06	-8.030113e-07	-6.339422e-10	-5.579919e+00	-4.832285e+01
1.680000e-06	-7.567223e-07	-6.186977e-10	-5.258269e+00	-4.752911e+01
1.690000e-06	-7.103024e-07	-6.053400e-10	-4.935709e+00	-4.671948e+01
1.700000e-06	-6.637899e-07	-5.902946e-10	-4.612505e+00	-4.589224e+01
1.710000e-06	-6.172250e-07	-5.746400e-10	-4.288938e+00	-4.504555e+01
1.720000e-06	-5.706250e-07	-5.606961e-10	-3.965126e+00	-4.417744e+01
1.730000e-06	-5.240532e-07	-5.491990e-10	-3.641511e+00	-4.328585e+01
1.740000e-06	-4.773527e-07	-5.361988e-10	-3.317001e+00	-4.236865e+01
1.750000e-06	-4.305072e-07	-5.213332e-10	-2.991484e+00	-4.142370e+01
1.760000e-06	-3.837664e-07	-5.044662e-10	-2.666694e+00	-4.044880e+01
1.770000e-06	-3.370332e-07	-4.864844e-10	-2.341957e+00	-3.944183e+01
1.780000e-06	-2.902308e-07	-4.695342e-10	-2.016739e+00	-3.840069e+01
1.790000e-06	-2.433846e-07	-4.548447e-10	-1.691217e+00	-3.732336e+01
1.800000e-06	-1.965698e-07	-4.417134e-10	-1.365913e+00	-3.620798e+01
1.810000e-06	-1.498514e-07	-4.289918e-10	-1.041279e+00	-3.505279e+01
1.820000e-06	-1.030733e-07	-4.142551e-10	-7.162301e-01	-3.385623e+01
1.830000e-06	-5.622507e-08	-3.968078e-10	-3.906936e-01	-3.261694e+01
1.840000e-06	-9.397665e-09	-3.772554e-10	-6.530196e-02	-3.133378e+01
1.850000e-06	3.748025e-08	-3.567915e-10	2.604406e-01	-3.000586e+01
1.860000e-06	8.443538e-08	-3.372220e-10	5.867198e-01	-2.863255e+01
1.870000e-06	1.313853e-07	-3.188372e-10	9.129628e-01	-2.721352e+01
1.880000e-06	1.782641e-07	-3.014616e-10	1.238711e+00	-2.574869e+01
1.890000e-06	2.250947e-07	-2.834322e-10	1.564125e+00	-2.423832e+01
1.900000e-06	2.719355e-07	-2.621182e-10	1.889610e+00	-2.268294e+01
1.910000e-06	3.187391e-07	-2.370605e-10	2.214836e+00	-2.108339e+01
1.920000e-06	3.655276e-07	-2.102211e-10	2.539957e+00	-1.944081e+01
1.930000e-06	4.123095e-07	-1.851393e-10	2.865033e+00	-1.775662e+01
1.940000e-06	4.590621e-07	-1.629681e-10	3.189905e+00	-1.603251e+01
1.950000e-06	5.057672e-07	-1.414791e-10	3.514446e+00	-1.427043e+01
1.960000e-06	5.524531e-07	-1.203293e-10	3.838855e+00	-1.247258e+01
1.970000e-06	5.990199e-07	-9.876342e-11	4.162435e+00	-1.064138e+01
1.980000e-06	6.454319e-07	-7.502654e-11	4.484941e+00	-8.779430e+00
1.990000e-06	6.918275e-07	-4.783925e-11	4.807332e+00	-6.889523e+00
2.000000e-06	7.382022e-07	-1.881321e-11	5.129578e+00	-4.974589e+00
2.010000e-06	7.844936e-07	1.065229e-11	5.451245e+00	-3.037676e+00
2.020000e-06	8.307107e-07	4.168774e-11	5.772395e+00	-1.081927e+00
2.030000e-06	8.768599e-07	7.304752e-11	6.093074e+00	8.894519e-01
2.040000e-06	9.229153e-07	1.007473e-10	6.413101e+00	2.873220e+00
2.050000e-06	9.689376e-07	1.250687e-10	6.732898e+00	4.866125e+00
2.060000e-06	1.014986e-06	1.495622e-10	7.052880e+00	6.864931e+00
2.070000e-06	1.060988e-06	1.752582e-10	7.372533e+00	8.866443e+00
2.080000e-06	1.106876e-06	2.015993e-10	7.691400e+00	1.086752e+01
2.090000e-06	1.152669e-06	2.296915e-10	8.009601e+00	1.286513e+01
2.100000e-06	1.198423e-06	2.595944e-10	8.327533e+00	1.485629e+01
2.110000e-06	1.244123e-06	2.901878e-10	8.645093e+00	1.683819e+01
2.120000e-06	1.289678e-06	3.196422e-10	8.961644e+00	1.880812e+01
2.130000e-06	1.335099e-06	3.471137e-10	9.277262e+00	2.076351e+01
2.140000e-06	1.380434e-06	3.708307e-10	9.592280e+00	2.270195e+01
2.150000e-06	1.425721e-06	3.916161e-10	9.906969e+00	2.462117e+01
2.160000e-06	1.470974e-06	4.135189e-10	1.022142e+01	2.651907e+01
2.170000e-06	1.516132e-06	4.377585e-10	1.053521e+01	2.839371e+01
2.180000e-06	1.561166e-06	4.641045e-10	1.084814e+01	3.024331e+01
2.190000e-06	1.606068e-06	4.921506e-10	1.116016e+01	3.206624e+01
2.200000e-06	1.650781e-06	5.207141e-10	1.147085e+01	3.386104e+01
2.210000e-06	1.695270e-06	5.477992e-10	1.178000e+01	3.562638e+01
2.220000e-06	1.739590e-06	5.725524e-10	1.208796e+01	3.736108e+01
2.230000e-06	1.783806e-06	5.951528e-10	1.239521e+01	3.906412e+01
2.240000e-06	1.827909e-06	6.150654e-10	1.270167e+01	4.073457e+01
2.250000e-06	1.871888e-06	6.314170e-10	1.300727e+01	4.237164e+01
2.260000e-06	1.915814e-06	6.483526e-10	1.331250e+01	4.397467e+01
2.270000e-06	1.959717e-06	6.686510e-10	1.361757e+01	4.554308e+01
2.280000e-06	2.003587e-06	6.895619e-10	1.392241e+01	4.707641e+01
2.290000e-06	2.047398e-06	7.109382e-10	1.422684e+01	4.857428e+01
2.300000e-06	2.091133e-06	7.324026e-10	1.453075e+01	5.003640e+01
2.310000e-06	2.134778e-06	7.530120e-10	1.483402e+01	5.146256e+01
2.320000e-06	2.178376e-06	7.705814e-10	1.513698e+01	5.285262e+01
2.330000e-06	2.221920e-06	7.868710e-10	1.543955e+01	5.420654e+01
2.340000e-06	2.265338e-06	8.013355e-10	1.574125e+01	5.552431e+01
2.350000e-06	2.308620e-06	8.165029e-10	1.604201e+01	5.680601e+01
2.360000e-06	2.351687e-06	8.329715e-10	1.634127e+01	5.805178e+01
2.370000e-06	2.394355e-06	8.503406e-10	1.663776e+01	5.926182e+01
2.380000e-06	2.436625e-06	8.683683e-10	1.693148e+01	6.043638e+01
2.390000e-06	2.478742e-06	8.849208e-10	1.722414e+01	6.157579e+01
2.400000e-06	2.520632e-06	9.003666e-10	1.751523e+01	6.268043e+01
2.410000e-06	2.562088e-06	9.140114e-10	1.780329e+01	6.375073e+01
2.420000e-06	2.603073e-06	9.257886e-10	1.808809e+01	6.478719e+01
2.430000e-06	2.643741e-06	9.379827e-10	1.837068e+01	6.579036e+01
2.440000e-06	2.684233e-06	9.522346e-10	1.865205e+01	6.676086e+01
2.450000e-06	2.724490e-06	9.668796e-10	1.893178e+01	6.769934e+01
2.460000e-06	2.764577e-06	9.830643e-10	1.921033e+01	6.860651e+01
2.470000e-06	2.804537e-06	9.975907e-10	1.948800e+01	6.948315e+01
2.480000e-06	2.844320e-06	1.008694e-09	1.976445e+01	7.033004e+01
2.490000e-06	2.884026e-06	1.015480e-09	2.004035e+01	7.114805e+01
2.500000e-06	2.923696e-06	1.021248e-09	2.031601e+01	7.193805e+01
2.510000e-06	2.963231e-06	1.032814e-09	2.059073e+01	7.270096e+01
2.520000e-06	3.002584e-06	1.047090e-09	2.086418e+01	7.343770e+01
2.530000e-06	3.041721e-06	1.062820e-09	2.113614e+01	7.414923e+01
2.540000e-06	3.080644e-06	1.079261e-09	2.140660e+01	7.483651e+01
2.550000e-06	3.119375e-06	1.090971e-09	2.167573e+01	7.550051e+01
2.560000e-06	3.157864e-06	1.095377e-09	2.194319e+01	7.614219e+01
2.570000e-06	3.196104e-06	1.094188e-09	2.220891e+01	7.676247e+01
2.580000e-06	3.234114e-06	1.095347e-09	2.247302e+01	7.736230e+01
2.590000e-06	3.271912e-06	1.101645e-09	2.273568e+01	7.794257e+01
2.600000e-06	3.309538e-06	1.113943e-09	2.299713e+01	7.850413e+01
2.610000e-06	3.346970e-06	1.129122e-09	2.325724e+01	7.904781e+01
2.620000e-06	3.384173e-06	1.145268e-09	2.351575e+01	7.957437e+01
2.630000e-06	3.421060e-06	1.156721e-09	2.377207e+01	8.008454e+01
2.640000e-06	3.457583e-06	1.162217e-09	2.402585e+01	8.057897e+01
2.650000e-06	3.493793e-06	1.165305e-09	2.427747e+01	8.105828e+01
2.660000e-06	3.529803e-06	1.167577e-09	2.452769e+01	8.152301e+01
2.670000e-06	3.565713e-06	1.171563e-09	2.477722e+01	8.197363e+01
2.680000e-06	3.601534e-06	1.177873e-09	2.502613e+01	8.241058e+01
2.690000e-06	3.637259e-06	1.187442e-09	2.527438e+01	8.283420e+01
2.700000e-06	3.672854e-06	1.197031e-09	2.552172e+01	8.324480e+01
2.710000e-06	3.708212e-06	1.202954e-09	2.576741e+01	8.364264e+01
2.720000e-06	3.743288e-06	1.206141e-09	2.601114e+01	8.402790e+01
2.730000e-06	3.777996e-06	1.207719e-09	2.625233e+01	8.440075e+01
2.740000e-06	3.812308e-06	1.209893e-09	2.649075e+01	8.476131e+01
2.750000e-06	3.846232e-06	1.213246e-09	2.672648e+01	8.510965e+01
2.760000e-06	3.879714e-06	1.217406e-09	2.695914e+01	8.544585e+01
2.770000e-06	3.912679e-06	1.223998e-09	2.718820e+01	8.576994e+01
2.780000e-06	3.945154e-06	1.230601e-09	2.741386e+01	8.608196e+01
2.790000e-06	3.977275e-06	1.236360e-09	2.763706e+01	8.638193e+01
2.800000e-06	4.009192e-06	1.242402e-09	2.785884e+01	8.666989e+01
2.810000e-06	4.040997e-06	1.247071e-09	2.807985e+01	8.694589e+01
2.820000e-06	4.072656e-06	1.250611e-09	2.829984e+01	8.720997e+01
2.830000e-06	4.104127e-06	1.255681e-09	2.851852e+01	8.746223e+01
2.840000e-06	4.135402e-06	1.260249e-09	2.873585e+01	8.770276e+01
2.850000e-06	4.166429e-06	1.264425e-09	2.895145e+01	8.793171e+01
2.860000e-06	4.197104e-06	1.268927e-09	2.916460e+01	8.814923e+01
2.870000e-06	4.227429e-06	1.274600e-09	2.937532e+01	8.835554e+01
2.880000e-06	4.257457e-06	1.278912e-09	2.958397e+01	8.855087e+01
2.890000e-06	4.287174e-06	1.280538e-09	2.979047e+01	8.873548e+01
2.900000e-06	4.316649e-06	1.281078e-09	2.999528e+01	8.890969e+01
2.910000e-06	4.345942e-06	1.281498e-09	3.019884e+01	8.907383e+01
2.920000e-06	4.374939e-06	1.283962e-09	3.040033e+01	8.922827e+01
2.930000e-06	4.403548e-06	1.287883e-09	3.059912e+01	8.937340e+01
2.940000e-06	4.431789e-06	1.290885e-09	3.079537e+01	8.950963e+01
2.950000e-06	4.459799e-06	1.293584e-09	3.099000e+01	8.963740e+01
2.960000e-06	4.487644e-06	1.296011e-09	3.118348e+01	8.975715e+01
2.970000e-06	4.515305e-06	1.299289e-09	3.137570e+01	8.986934e+01
2.980000e-06	4.542792e-06	1.302491e-09	3.156670e+01	8.997441e+01
2.990000e-06	4.570054e-06	1.304131e-09	3.175613e+01	9.007283e+01
3.000000e-06	4.596985e-06	1.303152e-09	3.194327e+01	9.016504e+01
3.010000e-06	4.623391e-06	1.302927e-09	3.212675e+01	9.025148e+01
3.020000e-06	4.649133e-06	1.305865e-09	3.230563e+01	9.033258e+01
3.030000e-06	4.674217e-06	1.308295e-09	3.247993e+01	9.040874e+01
3.040000e-06	4.698795e-06	1.310493e-09	3.265072e+01	9.048034e+01
3.050000e-06	4.723022e-06	1.313448e-09	3.281906e+01	9.054775e+01
3.060000e-06	4.746958e-06	1.314239e-09	3.298539e+01	9.061131e+01
3.070000e-06	4.770640e-06	1.313400e-09	3.314995e+01	9.067132e+01
3.080000e-06	4.793994e-06	1.313775e-09	3.331223e+01	9.072807e+01
3.090000e-06	4.816992e-06	1.313126e-09	3.347204e+01	9.078183e+01
3.100000e-06	4.839702e-06	1.313315e-09	3.362984e+01	9.083282e+01
3.110000e-06	4.862119e-06	1.315693e-09	3.378562e+01	9.088127e+01
3.120000e-06	4.884228e-06	1.319968e-09	3.393924e+01	9.092736e+01
3.130000e-06	4.906027e-06	1.324130e-09	3.409072e+01	9.097127e+01
3.140000e-06	4.927529e-06	1.325324e-09	3.424013e+01	9.101316e+01
3.150000e-06	4.948712e-06	1.327636e-09	3.438732e+01	9.105316e+01
3.160000e-06	4.969554e-06	1.328787e-09	3.453215e+01	9.109142e+01
3.170000e-06	4.990054e-06	1.326485e-09	3.467460e+01	9.112804e+01
3.180000e-06	5.010231e-06	1.325692e-09	3.481481e+01	9.116316e+01
3.190000e-06	5.030133e-06	1.326842e-09	3.495310e+01	9.119687e+01
3.200000e-06	5.049787e-06	1.327997e-09	3.508967e+01	9.122930e+01
3.210000e-06	5.069218e-06	1.328991e-09	3.522469e+01	9.126054e+01
3.220000e-06	5.088449e-06	1.332779e-09	3.535832e+01	9.129071e+01
3.230000e-06	5.107314e-06	1.336442e-09	3.548941e+01	9.131990e+01
3.240000e-06	5.125669e-06	1.339514e-09	3.561695e+01	9.134823e+01
3.250000e-06	5.143620e-06	1.342678e-09	3.574170e+01	9.137579e+01
3.260000e-06	5.161152e-06	1.345820e-09	3.586352e+01	9.140269e+01
3.270000e-06	5.178234e-06	1.348263e-09	3.598221e+01	9.142903e+01
3.280000e-06	5.195007e-06	1.349773e-09	3.609877e+01	9.145489e+01
3.290000e-06	5.211519e-06	1.352940e-09	3.621351e+01	9.148035e+01
3.300000e-06	5.227611e-06	1.356005e-09	3.632533e+01	9.150549e+01
3.310000e-06	5.243170e-06	1.357325e-09	3.643344e+01	9.153035e+01
3.320000e-06	5.258249e-06	1.359327e-09	3.653822e+01	9.155499e+01
3.330000e-06	5.272849e-06	1.361348e-09	3.663967e+01	9.157942e+01
3.340000e-06	5.287048e-06	1.364818e-09	3.673834e+01	9.160364e+01
3.350000e-06	5.300968e-06	1.368435e-09	3.683506e+01	9.162762e+01
3.360000e-06	5.314553e-06	1.370696e-09	3.692946e+01	9.165131e+01
3.370000e-06	5.327744e-06	1.370367e-09	3.702112e+01	9.167465e+01
3.380000e-06	5.340562e-06	1.368716e-09	3.711019e+01	9.169752e+01
3.390000e-06	5.352955e-06	1.368670e-09	3.719631e+01	9.171980e+01
3.400000e-06	5.364894e-06	1.369807e-09	3.727927e+01	9.174134e+01
3.410000e-06	5.376582e-06	1.372199e-09	3.736049e+01	9.176196e+01
3.420000e-06	5.388035e-06	1.373608e-09	3.744007e+01	9.178146e+01
3.430000e-06	5.399089e-06	1.375345e-09	3.751688e+01	9.179963e+01
3.440000e-06	5.409535e-06	1.376883e-09	3.758947e+01	9.181623e+01
3.450000e-06	5.419284e-06	1.379240e-09	3.765721e+01	9.183104e+01
3.460000e-06	5.428313e-06	1.382953e-09	3.771995e+01	9.184379e+01
3.470000e-06	5.436757e-06	1.385424e-09	3.777863e+01	9.185426e+01
3.480000e-06	5.444910e-06	1.385701e-09	3.783528e+01	9.186221e+01
3.490000e-06	5.452801e-06	1.385071e-09	3.789011e+01	9.186741e+01
3.500000e-06	5.460404e-06	1.383965e-09	3.794294e+01	9.186966e+01
3.510000e-06	5.467739e-06	1.384904e-09	3.799391e+01	9.186878e+01
3.520000e-06	5.474730e-06	1.388438e-09	3.804249e+01	9.186462e+01
3.530000e-06	5.481335e-06	1.392263e-09	3.808839e+01	9.185706e+01
3.540000e-06	5.487541e-06	1.394862e-09	3.813151e+01	9.184603e+01
3.550000e-06	5.493363e-06	1.396974e-09	3.817197e+01	9.183150e+01
3.560000e-06	5.498782e-06	1.395840e-09	3.820963e+01	9.181348e+01
3.570000e-06	5.503781e-06	1.393287e-09	3.824436e+01	9.179203e+01
3.580000e-06	5.508381e-06	1.393683e-09	3.827632e+01	9.176726e+01
3.590000e-06	5.512576e-06	1.394769e-09	3.830547e+01	9.173933e+01
3.600000e-06	5.516499e-06	1.395730e-09	3.833274e+01	9.170845e+01
3.610000e-06	5.520234e-06	1.397437e-09	3.835869e+01	9.167486e+01
3.620000e-06	5.523781e-06	1.397579e-09	3.838333e+01	9.163887e+01
3.630000e-06	5.527016e-06	1.397011e-09	3.840581e+01	9.160079e+01
3.640000e-06	5.529686e-06	1.398990e-09	3.842437e+01	9.156099e+01
3.650000e-06	5.531801e-06	1.403028e-09	3.843906e+01	9.151984e+01
3.660000e-06	5.533404e-06	1.406748e-09	3.845020e+01	9.147775e+01
3.670000e-06	5.534357e-06	1.407563e-09	3.845682e+01	9.143511e+01
3.680000e-06	5.534768e-06	1.404126e-09	3.845968e+01	9.139234e+01
3.690000e-06	5.534814e-06	1.399972e-09	3.846000e+01	9.134981e+01
3.700000e-06	5.534581e-06	1.398216e-09	3.845838e+01	9.130792e+01
3.710000e-06	5.534123e-06	1.399006e-09	3.845520e+01	9.126699e+01
3.720000e-06	5.533359e-06	1.402068e-09	3.844989e+01	9.122734e+01
3.730000e-06	5.532297e-06	1.404378e-09	3.844251e+01	9.118923e+01
3.740000e-06	5.530883e-06	1.408111e-09	3.843268e+01	9.115286e+01
3.750000e-06	5.528993e-06	1.418872e-09	3.841955e+01	9.111840e+01
3.760000e-06	5.526719e-06	1.427354e-09	3.840375e+01	9.108593e+01
3.770000e-06	5.524159e-06	1.397135e-09	3.838596e+01	9.105545e+01
3.780000e-06	5.521175e-06	1.333775e-09	3.836522e+01	9.102693e+01
3.790000e-06	5.517590e-06	1.320635e-09	3.834031e+01	9.100022e+01
3.800000e-06	5.513581e-06	1.387170e-09	3.831246e+01	9.097514e+01
3.810000e-06	5.509338e-06	1.435850e-09	3.828297e+01	9.095141e+01
3.820000e-06	5.504967e-06	1.389699e-09	3.825260e+01	9.092869e+01
3.830000e-06	5.500402e-06	1.374483e-09	3.822088e+01	9.090658e+01
3.840000e-06	5.495192e-06	1.388719e-09	3.818468e+01	9.088462e+01
3.850000e-06	5.489236e-06	1.400999e-09	3.814329e+01	9.086231e+01
3.860000e-06	5.482989e-06	1.341698e-09	3.809988e+01	9.083908e+01
3.870000e-06	5.476591e-06	1.335832e-09	3.805542e+01	9.081437e+01
3.880000e-06	5.469619e-06	1.448419e-09	3.800698e+01	9.078756e+01
3.890000e-06	5.461980e-06	1.478285e-09	3.795389e+01	9.075804e+01
3.900000e-06	5.454016e-06	1.385226e-09	3.789856e+01	9.072519e+01
3.910000e-06	5.445775e-06	1.290551e-09	3.784129e+01	9.068843e+01
3.920000e-06	5.437049e-06	1.381160e-09	3.778065e+01	9.064716e+01
3.930000e-06	5.427874e-06	1.432210e-09	3.771690e+01	9.060085e+01
3.940000e-06	5.418592e-06	1.395991e-09	3.765240e+01	9.054899e+01
3.950000e-06	5.408996e-06	1.354859e-09	3.758572e+01	9.049114e+01
3.960000e-06	5.398815e-06	1.420365e-09	3.751498e+01	9.042691e+01
3.970000e-06	5.388338e-06	1.425197e-09	3.744218e+01	9.035600e+01
3.980000e-06	5.377615e-06	1.366273e-09	3.736767e+01	9.027817e+01
3.990000e-06	5.366397e-06	1.342188e-09	3.728971e+01	9.019325e+01
4.000000e-06	5.354707e-06	1.379600e-09	3.720848e+01	9.010119e+01
4.010000e-06	5.342772e-06	1.380444e-09	3.712555e+01	9.000198e+01
4.020000e-06	5.330451e-06	1.340524e-09	3.703993e+01	8.989574e+01
4.030000e-06	5.317553e-06	1.359159e-09	3.695031e+01	8.978263e+01
4.040000e-06	5.304139e-06	1.394608e-09	3.685710e+01	8.966292e+01
4.050000e-06	5.290428e-06	1.375816e-09	3.676182e+01	8.953694e+01
4.060000e-06	5.276142e-06	1.304712e-09	3.666256e+01	8.940510e+01
4.070000e-06	5.261051e-06	1.333906e-09	3.655769e+01	8.926784e+01
4.080000e-06	5.245485e-06	1.396005e-09	3.644952e+01	8.912570e+01
4.090000e-06	5.229592e-06	1.386154e-09	3.633909e+01	8.897921e+01
4.100000e-06	5.213342e-06	1.311898e-09	3.622618e+01	8.882897e+01
4.110000e-06	5.196744e-06	1.342291e-09	3.611084e+01	8.867559e+01
4.120000e-06	5.179925e-06	1.380540e-09	3.599397e+01	8.851968e+01
4.130000e-06	5.162819e-06	1.338326e-09	3.587510e+01	8.836185e+01
4.140000e-06	5.145218e-06	1.302023e-09	3.575280e+01	8.820272e+01
4.150000e-06	5.127244e-06	1.362900e-09	3.562790e+01	8.804285e+01
4.160000e-06	5.108986e-06	1.353568e-09	3.550103e+01	8.788281e+01
4.170000e-06	5.090396e-06	1.303428e-09	3.537185e+01	8.772310e+01
4.180000e-06	5.071491e-06	1.334621e-09	3.524049e+01	8.756418e+01
4.190000e-06	5.052291e-06	1.375453e-09	3.510707e+01	8.740646e+01
4.200000e-06	5.032747e-06	1.311657e-09	3.497127e+01	8.725027e+01
4.210000e-06	5.012899e-06	1.297450e-09	3.483335e+01	8.709591e+01
4.220000e-06	4.992871e-06	1.348745e-09	3.469418e+01	8.694357e+01
4.230000e-06	4.972603e-06	1.324629e-09	3.455334e+01	8.679340e+01
4.240000e-06	4.952031e-06	1.294119e-09	3.441039e+01	8.664548e+01
4.250000e-06	4.931042e-06	1.339964e-09	3.426454e+01	8.649981e+01
4.260000e-06	4.909520e-06	1.332607e-09	3.411499e+01	8.635633e+01
4.270000e-06	4.887469e-06	1.279390e-09	3.396176e+01	8.621491e+01
4.280000e-06	4.864888e-06	1.316234e-09	3.380485e+01	8.607538e+01
4.290000e-06	4.841756e-06	1.338884e-09	3.364412e+01	8.593751e+01
4.300000e-06	4.818139e-06	1.282798e-09	3.348001e+01	8.580102e+01
4.310000e-06	4.794239e-06	1.281487e-09	3.331393e+01	8.566559e+01
4.320000e-06	4.770105e-06	1.334678e-09	3.314623e+01	8.553087e+01
4.330000e-06	4.745702e-06	1.312625e-09	3.297666e+01	8.539651e+01
4.340000e-06	4.721036e-06	1.290890e-09	3.280526e+01	8.526210e+01
4.350000e-06	4.696112e-06	1.317765e-09	3.263207e+01	8.512726e+01
4.360000e-06	4.670872e-06	1.313288e-09	3.245669e+01	8.499157e+01
4.370000e-06	4.645297e-06	1.282916e-09	3.227898e+01	8.485466e+01
4.380000e-06	4.619386e-06	1.305279e-09	3.209893e+01	8.471612e+01
4.390000e-06	4.593045e-06	1.311790e-09	3.191589e+01	8.457558e+01
4.400000e-06	4.566330e-06	1.284696e-09	3.173025e+01	8.443270e+01
4.410000e-06	4.539372e-06	1.278711e-09	3.154293e+01	8.428714e+01
4.420000e-06	4.512107e-06	1.289242e-09	3.135347e+01	8.413859e+01
4.430000e-06	4.484426e-06	1.272070e-09	3.116112e+01	8.398678e+01
4.440000e-06	4.456499e-06	1.272152e-09	3.096707e+01	8.383146e+01
4.450000e-06	4.428453e-06	1.282574e-09	3.077218e+01	8.367241e+01
4.460000e-06	4.400241e-06	1.271745e-09	3.057614e+01	8.350943e+01
4.470000e-06	4.371825e-06	1.263243e-09	3.037869e+01	8.334237e+01
4.480000e-06	4.343119e-06	1.277897e-09	3.017922e+01	8.317109e+01
4.490000e-06	4.314089e-06	1.272166e-09	2.997749e+01	8.299547e+01
4.500000e-06	4.284630e-06	1.255083e-09	2.977279e+01	8.281543e+01
4.510000e-06	4.254601e-06	1.257773e-09	2.956413e+01	8.263090e+01
4.520000e-06	4.224071e-06	1.260086e-09	2.935198e+01	8.244183e+01
4.530000e-06	4.193134e-06	1.253706e-09	2.913701e+01	8.224819e+01
4.540000e-06	4.161790e-06	1.260686e-09	2.891921e+01	8.204996e+01
4.550000e-06	4.130045e-06	1.262984e-09	2.869862e+01	8.184713e+01
4.560000e-06	4.098039e-06	1.247484e-09	2.847622e+01	8.163972e+01
4.570000e-06	4.065874e-06	1.246590e-09	2.825271e+01	8.142773e+01
4.580000e-06	4.033533e-06	1.255474e-09	2.802798e+01	8.121120e+01
4.590000e-06	4.000968e-06	1.247226e-09	2.780170e+01	8.099016e+01
4.600000e-06	3.968168e-06	1.240602e-09	2.757378e+01	8.076466e+01
4.610000e-06	3.935048e-06	1.248973e-09	2.734364e+01	8.053475e+01
4.620000e-06	3.901577e-06	1.246528e-09	2.711106e+01	8.030050e+01
4.630000e-06	3.867861e-06	1.240186e-09	2.687677e+01	8.006199e+01
4.640000e-06	3.834000e-06	1.243063e-09	2.664148e+01	7.981932e+01
4.650000e-06	3.799954e-06	1.241820e-09	2.640490e+01	7.957259e+01
4.660000e-06	3.765660e-06	1.230834e-09	2.616660e+01	7.932193e+01
4.670000e-06	3.731166e-06	1.236333e-09	2.592692e+01	7.906748e+01
4.680000e-06	3.696435e-06	1.245334e-09	2.568558e+01	7.880942e+01
4.690000e-06	3.661384e-06	1.240719e-09	2.544202e+01	7.854792e+01
4.700000e-06	3.625946e-06	1.233140e-09	2.519576e+01	7.828320e+01
4.710000e-06	3.590224e-06	1.233458e-09	2.494754e+01	7.801547e+01
4.720000e-06	3.554308e-06	1.227385e-09	2.469797e+01	7.774498e+01
4.730000e-06	3.518263e-06	1.219925e-09	2.444751e+01	7.747199e+01
4.740000e-06	3.482114e-06	1.221962e-09	2.419631e+01	7.719677e+01
4.750000e-06	3.445832e-06	1.221607e-09	2.394420e+01	7.691962e+01
4.760000e-06	3.409437e-06	1.212880e-09	2.369130e+01	7.664082e+01
4.770000e-06	3.372843e-06	1.213716e-09	2.343702e+01	7.636067e+01
4.780000e-06	3.335945e-06	1.215397e-09	2.318063e+01	7.607945e+01
4.790000e-06	3.298697e-06	1.211644e-09	2.292180e+01	7.579744e+01
4.800000e-06	3.261039e-06	1.207932e-09	2.266012e+01	7.551490e+01
4.810000e-06	3.222964e-06	1.204120e-09	2.239555e+01	7.523206e+01
4.820000e-06	3.184492e-06	1.195472e-09	2.212822e+01	7.494913e+01
4.830000e-06	3.145564e-06	1.189745e-09	2.185771e+01	7.466625e+01
4.840000e-06	3.106223e-06	1.191555e-09	2.158435e+01	7.438354e+01
4.850000e-06	3.066685e-06	1.189176e-09	2.130961e+01	7.410104e+01
4.860000e-06	3.026987e-06	1.182092e-09	2.103375e+01	7.381874e+01
4.870000e-06	2.987060e-06	1.179715e-09	2.075631e+01	7.353656e+01
4.880000e-06	2.947010e-06	1.177068e-09	2.047802e+01	7.325434e+01
4.890000e-06	2.906888e-06	1.168342e-09	2.019922e+01	7.297183e+01
4.900000e-06	2.866642e-06	1.160625e-09	1.991956e+01	7.268871e+01
4.910000e-06	2.826287e-06	1.157352e-09	1.963914e+01	7.240458e+01
4.920000e-06	2.785820e-06	1.155697e-09	1.935795e+01	7.211894e+01
4.930000e-06	2.745179e-06	1.155452e-09	1.907554e+01	7.183123e+01
4.940000e-06	2.704289e-06	1.157040e-09	1.879141e+01	7.154078e+01
4.950000e-06	2.663130e-06	1.155145e-09	1.850540e+01	7.124688e+01
4.960000e-06	2.621762e-06	1.151617e-09	1.821795e+01	7.094874e+01
4.970000e-06	2.580222e-06	1.147773e-09	1.792930e+01	7.064550e+01
4.980000e-06	2.538551e-06	1.142973e-09	1.763974e+01	7.033627e+01
4.990000e-06	2.496747e-06	1.136358e-09	1.734925e+01	7.002011e+01
5.000000e-06	2.454755e-06	1.131562e-09	1.705746e+01	6.969607e+01
5.010000e-06	2.412594e-06	1.126654e-09	1.676450e+01	6.936319e+01
5.020000e-06	2.370282e-06	1.123577e-09	1.647048e+01	6.902050e+01
5.030000e-06	2.327783e-06	1.122785e-09	1.617517e+01	6.866707e+01
5.040000e-06	2.285161e-06	1.123451e-09	1.587900e+01	6.830198e+01
5.050000e-06	2.242403e-06	1.118400e-09	1.558188e+01	6.792439e+01
5.060000e-06	2.199417e-06	1.109800e-09	1.528318e+01	6.753349e+01
5.070000e-06	2.156239e-06	1.102027e-09	1.498315e+01	6.712858e+01
5.080000e-06	2.112928e-06	1.095131e-09	1.468219e+01	6.670902e+01
5.090000e-06	2.069448e-06	1.087732e-09	1.438007e+01	6.627429e+01
5.100000e-06	2.025831e-06	1.079567e-09	1.407698e+01	6.582398e+01
5.110000e-06	1.982103e-06	1.073389e-09	1.377313e+01	6.535777e+01
5.120000e-06	1.938246e-06	1.070121e-09	1.346838e+01	6.487548e+01
5.130000e-06	1.894304e-06	1.067851e-09	1.316303e+01	6.437705e+01
5.140000e-06	1.850282e-06	1.063043e-09	1.285713e+01	6.386254e+01
5.150000e-06	1.806177e-06	1.055257e-09	1.255066e+01	6.333212e+01
5.160000e-06	1.761987e-06	1.045639e-09	1.224359e+01	6.278607e+01
5.170000e-06	1.717708e-06	1.037060e-09	1.193591e+01	6.222479e+01
5.180000e-06	1.673420e-06	1.029810e-09	1.162816e+01	6.164875e+01
5.190000e-06	1.629121e-06	1.022379e-09	1.132034e+01	6.105851e+01
5.200000e-06	1.584752e-06	1.013414e-09	1.101204e+01	6.045469e+01
5.210000e-06	1.540303e-06	1.005893e-09	1.070317e+01	5.983794e+01
5.220000e-06	1.495759e-06	9.986893e-10	1.039364e+01	5.920894e+01
5.230000e-06	1.451158e-06	9.897326e-10	1.008372e+01	5.856839e+01
5.240000e-06	1.406528e-06	9.790943e-10	9.773605e+00	5.791694e+01
5.250000e-06	1.361753e-06	9.714768e-10	9.462474e+00	5.725523e+01
5.260000e-06	1.316839e-06	9.677910e-10	9.150374e+00	5.658380e+01
5.270000e-06	1.271860e-06	9.621938e-10	8.837829e+00	5.590315e+01
5.280000e-06	1.226657e-06	9.548107e-10	8.523727e+00	5.521362e+01
5.290000e-06	1.181278e-06	9.459713e-10	8.208400e+00	5.451547e+01
5.300000e-06	1.135840e-06	9.344048e-10	7.892660e+00	5.380880e+01
5.310000e-06	1.090400e-06	9.210574e-10	7.576908e+00	5.309353e+01
5.320000e-06	1.044867e-06	9.107729e-10	7.260515e+00	5.236943e+01
5.330000e-06	9.991284e-07	9.032139e-10	6.942686e+00	5.163609e+01
5.340000e-06	9.532583e-07	8.947117e-10	6.623947e+00	5.089289e+01
5.350000e-06	9.073519e-07	8.836912e-10	6.304955e+00	5.013903e+01
5.360000e-06	8.614520e-07	8.723817e-10	5.986009e+00	4.937351e+01
5.370000e-06	8.153580e-07	8.604758e-10	5.665713e+00	4.859515e+01
5.380000e-06	7.691550e-07	8.443688e-10	5.344660e+00	4.780257e+01
5.390000e-06	7.229585e-07	8.267845e-10	5.023653e+00	4.699423e+01
5.400000e-06	6.767081e-07	8.108403e-10	4.702271e+00	4.616844e+01
5.410000e-06	6.304494e-07	7.994618e-10	4.380831e+00	4.532335e+01
5.420000e-06	5.841907e-07	7.916900e-10	4.059391e+00	4.445701e+01
5.430000e-06	5.379334e-07	7.829284e-10	3.737961e+00	4.356736e+01
5.440000e-06	4.915836e-07	7.675114e-10	3.415888e+00	4.265229e+01
5.450000e-06	4.451417e-07	7.477536e-10	3.093175e+00	4.170963e+01
5.460000e-06	3.986962e-07	7.296666e-10	2.770437e+00	4.073722e+01
5.470000e-06	3.522448e-07	7.144651e-10	2.447659e+00	3.973291e+01
5.480000e-06	3.057453e-07	6.998046e-10	2.124546e+00	3.869460e+01
5.490000e-06	2.591181e-07	6.825321e-10	1.800545e+00	3.762027e+01
5.500000e-06	2.124251e-07	6.633675e-10	1.476087e+00	3.650803e+01
5.510000e-06	1.657994e-07	6.425530e-10	1.152097e+00	3.535613e+01
5.520000e-06	1.192462e-07	6.190615e-10	8.286113e-01	3.416298e+01
5.530000e-06	7.267457e-08	5.961677e-10	5.049969e-01	3.292720e+01
5.540000e-06	2.599889e-08	5.748129e-10	1.806596e-01	3.164764e+01
5.550000e-06	-2.068079e-08	5.545667e-10	-1.437055e-01	3.032339e+01
5.560000e-06	-6.727858e-08	5.341901e-10	-4.675016e-01	2.895379e+01
5.570000e-06	-1.138550e-07	5.092881e-10	-7.911494e-01	2.753848e+01
5.580000e-06	-1.604773e-07	4.798838e-10	-1.115115e+00	2.607737e+01
5.590000e-06	-2.071088e-07	4.499085e-10	-1.439146e+00	2.457068e+01
5.600000e-06	-2.536233e-07	4.231140e-10	-1.762363e+00	2.301893e+01
5.610000e-06	-3.001565e-07	4.007137e-10	-2.085711e+00	2.142294e+01
5.620000e-06	-3.467310e-07	3.794004e-10	-2.409344e+00	1.978380e+01
5.630000e-06	-3.932023e-07	3.538737e-10	-2.732262e+00	1.810292e+01
5.640000e-06	-4.396637e-07	3.223029e-10	-3.055110e+00	1.638197e+01
5.650000e-06	-4.861156e-07	2.859809e-10	-3.377893e+00	1.462288e+01
5.660000e-06	-5.325086e-07	2.483992e-10	-3.700265e+00	1.282783e+01
5.670000e-06	-5.788572e-07	2.138525e-10	-4.022330e+00	1.099922e+01
5.680000e-06	-6.251296e-07	1.833666e-10	-4.343865e+00	9.139632e+00
5.690000e-06	-6.713046e-07	1.558803e-10	-4.664723e+00	7.251852e+00
5.700000e-06	-7.174644e-07	1.271009e-10	-4.985476e+00	5.338794e+00
5.710000e-06	-7.636676e-07	9.622632e-11	-5.306530e+00	3.403501e+00
5.720000e-06	-8.097623e-07	6.258832e-11	-5.626830e+00	1.449107e+00
5.730000e-06	-8.557512e-07	2.476084e-11	-5.946395e+00	-5.211864e-01
5.740000e-06	-9.017365e-07	-1.189840e-11	-6.265935e+00	-2.504140e+00
5.750000e-06	-9.476311e-07	-4.580015e-11	-6.584845e+00	-4.496500e+00
5.760000e-06	-9.933919e-07	-7.806145e-11	-6.902825e+00	-6.495031e+00
5.770000e-06	-1.039020e-06	-1.101423e-10	-7.219882e+00	-8.496531e+00
5.780000e-06	-1.084551e-06	-1.401474e-10	-7.536268e+00	-1.049786e+01
5.790000e-06	-1.130016e-06	-1.697269e-10	-7.852193e+00	-1.249596e+01
5.800000e-06	-1.175376e-06	-2.020593e-10	-8.167383e+00	-1.448787e+01
5.810000e-06	-1.220583e-06	-2.370886e-10	-8.481515e+00	-1.647074e+01
5.820000e-06	-1.265714e-06	-2.721016e-10	-8.795122e+00	-1.844186e+01
5.830000e-06	-1.310705e-06	-3.075108e-10	-9.107755e+00	-2.039864e+01
5.840000e-06	-1.355551e-06	-3.432769e-10	-9.419374e+00	-2.233867e+01
5.850000e-06	-1.400383e-06	-3.762914e-10	-9.730899e+00	-2.425967e+01
5.860000e-06	-1.445121e-06	-4.067467e-10	-1.004177e+01	-2.615952e+01
5.870000e-06	-1.489679e-06	-4.362406e-10	-1.035139e+01	-2.803626e+01
5.880000e-06	-1.534112e-06	-4.637411e-10	-1.066015e+01	-2.988810e+01
5.890000e-06	-1.578490e-06	-4.916317e-10	-1.096852e+01	-3.171341e+01
5.900000e-06	-1.622831e-06	-5.215295e-10	-1.127663e+01	-3.351070e+01
5.910000e-06	-1.667121e-06	-5.511128e-10	-1.158439e+01	-3.527863e+01
5.920000e-06	-1.711360e-06	-5.817083e-10	-1.189180e+01	-3.701603e+01
5.930000e-06	-1.755551e-06	-6.138477e-10	-1.219887e+01	-3.872183e+01
5.940000e-06	-1.799690e-06	-6.458683e-10	-1.250559e+01	-4.039512e+01
5.950000e-06	-1.843792e-06	-6.732453e-10	-1.281204e+01	-4.203510e+01
5.960000e-06	-1.887839e-06	-6.989192e-10	-1.311811e+01	-4.364108e+01
5.970000e-06	-1.931821e-06	-7.259172e-10	-1.342373e+01	-4.521249e+01
5.980000e-06	-1.975645e-06	-7.540976e-10	-1.372825e+01	-4.674885e+01
5.990000e-06	-2.019353e-06	-7.820753e-10	-1.403197e+01	-4.824978e+01
6.000000e-06	-2.062968e-06	-8.077443e-10	-1.433503e+01	-4.971498e+01
6.010000e-06	-2.106422e-06	-8.305602e-10	-1.463698e+01	-5.114423e+01
6.020000e-06	-2.149731e-06	-8.505237e-10	-1.493793e+01	-5.253740e+01
6.030000e-06	-2.192821e-06	-8.724365e-10	-1.523735e+01	-5.389443e+01
6.040000e-06	-2.235676e-06	-8.960868e-10	-1.553514e+01	-5.521530e+01
6.050000e-06	-2.278357e-06	-9.192956e-10	-1.583172e+01	-5.650010e+01
6.060000e-06	-2.320861e-06	-9.397985e-10	-1.612707e+01	-5.774895e+01
6.070000e-06	-2.363178e-06	-9.576414e-10	-1.642112e+01	-5.896205e+01
6.080000e-06	-2.405349e-06	-9.730358e-10	-1.671415e+01	-6.013965e+01
6.090000e-06	-2.447405e-06	-9.895096e-10	-1.700639e+01	-6.128206e+01
6.100000e-06	-2.489324e-06	-1.009655e-09	-1.729767e+01	-6.238967e+01
6.110000e-06	-2.531088e-06	-1.032181e-09	-1.758788e+01	-6.346291e+01
6.120000e-06	-2.572696e-06	-1.057745e-09	-1.787701e+01	-6.450226e+01
6.130000e-06	-2.614106e-06	-1.080677e-09	-1.816475e+01	-6.550828e+01
6.140000e-06	-2.655192e-06	-1.098537e-09	-1.845024e+01	-6.648157e+01
6.150000e-06	-2.695995e-06	-1.112801e-09	-1.873377e+01	-6.742279e+01
6.160000e-06	-2.736617e-06	-1.124377e-09	-1.901605e+01	-6.833263e+01
6.170000e-06	-2.777101e-06	-1.135249e-09	-1.929736e+01	-6.921188e+01
6.180000e-06	-2.817494e-06	-1.147214e-09	-1.957804e+01	-7.006131e+01
6.190000e-06	-2.857759e-06	-1.161676e-09	-1.985783e+01	-7.088179e+01
6.200000e-06	-2.897914e-06	-1.177857e-09	-2.013686e+01	-7.167418e+01
6.210000e-06	-2.938013e-06	-1.193903e-09	-2.041550e+01	-7.243940e+01
6.220000e-06	-2.978012e-06	-1.210962e-09	-2.069344e+01	-7.317838e+01
6.230000e-06	-3.017844e-06	-1.226269e-09	-2.097022e+01	-7.389207e+01
6.240000e-06	-3.057432e-06	-1.236957e-09	-2.124531e+01	-7.458143e+01
6.250000e-06	-3.096746e-06	-1.244304e-09	-2.151849e+01	-7.524743e+01
6.260000e-06	-3.135755e-06	-1.251088e-09	-2.178955e+01	-7.589102e+01
6.270000e-06	-3.174393e-06	-1.259448e-09	-2.205804e+01	-7.651315e+01
6.280000e-06	-3.212662e-06	-1.269698e-09	-2.232396e+01	-7.711474e+01
6.290000e-06	-3.250567e-06	-1.279755e-09	-2.258735e+01	-7.769669e+01
6.300000e-06	-3.288001e-06	-1.289859e-09	-2.284747e+01	-7.825988e+01
6.310000e-06	-3.324954e-06	-1.299312e-09	-2.310425e+01	-7.880511e+01
6.320000e-06	-3.361620e-06	-1.308355e-09	-2.335903e+01	-7.933316e+01
6.330000e-06	-3.398110e-06	-1.315620e-09	-2.361259e+01	-7.984476e+01
6.340000e-06	-3.434462e-06	-1.321252e-09	-2.386519e+01	-8.034058e+01
6.350000e-06	-3.470718e-06	-1.327652e-09	-2.411712e+01	-8.082122e+01
6.360000e-06	-3.506839e-06	-1.333706e-09	-2.436812e+01	-8.128724e+01
6.370000e-06	-3.542811e-06	-1.338702e-09	-2.461809e+01	-8.173911e+01
6.380000e-06	-3.578594e-06	-1.343887e-09	-2.486673e+01	-8.217727e+01
6.390000e-06	-3.614088e-06	-1.350520e-09	-2.511337e+01	-8.260209e+01
6.400000e-06	-3.649342e-06	-1.359678e-09	-2.535834e+01	-8.301386e+01
6.410000e-06	-3.684401e-06	-1.369948e-09	-2.560196e+01	-8.341284e+01
6.420000e-06	-3.719219e-06	-1.379427e-09	-2.584390e+01	-8.379924e+01
6.430000e-06	-3.753750e-06	-1.389476e-09	-2.608384e+01	-8.417321e+01
6.440000e-06	-3.788017e-06	-1.398283e-09	-2.632196e+01	-8.453488e+01
6.450000e-06	-3.822021e-06	-1.404084e-09	-2.655824e+01	-8.488434e+01
6.460000e-06	-3.855739e-06	-1.408071e-09	-2.679254e+01	-8.522164e+01
6.470000e-06	-3.889167e-06	-1.410823e-09	-2.702482e+01	-8.554683e+01
6.480000e-06	-3.922289e-06	-1.414442e-09	-2.725498e+01	-8.585994e+01
6.490000e-06	-3.955115e-06	-1.418765e-09	-2.748308e+01	-8.616101e+01
6.500000e-06	-3.987666e-06	-1.423955e-09	-2.770927e+01	-8.645007e+01
6.510000e-06	-4.019979e-06	-1.430262e-09	-2.793380e+01	-8.672715e+01
6.520000e-06	-4.052106e-06	-1.435641e-09	-2.815704e+01	-8.699232e+01
6.530000e-06	-4.084075e-06	-1.440242e-09	-2.837919e+01	-8.724565e+01
6.540000e-06	-4.115853e-06	-1.442794e-09	-2.860001e+01	-8.748725e+01
6.550000e-06	-4.147448e-06	-1.443112e-09	-2.881955e+01	-8.771725e+01
6.560000e-06	-4.178724e-06	-1.442797e-09	-2.903688e+01	-8.793581e+01
6.570000e-06	-4.209396e-06	-1.442167e-09	-2.925001e+01	-8.814314e+01
6.580000e-06	-4.239481e-06	-1.442768e-09	-2.945906e+01	-8.833946e+01
6.590000e-06	-4.269085e-06	-1.445850e-09	-2.966477e+01	-8.852505e+01
6.600000e-06	-4.298205e-06	-1.449719e-09	-2.986713e+01	-8.870021e+01
6.610000e-06	-4.326940e-06	-1.451978e-09	-3.006680e+01	-8.886527e+01
6.620000e-06	-4.355451e-06	-1.452431e-09	-3.026491e+01	-8.902060e+01
6.630000e-06	-4.383758e-06	-1.454225e-09	-3.046161e+01	-8.916658e+01
6.640000e-06	-4.411886e-06	-1.455932e-09	-3.065706e+01	-8.930363e+01
6.650000e-06	-4.439869e-06	-1.456525e-09	-3.085151e+01	-8.943218e+01
6.660000e-06	-4.467581e-06	-1.457516e-09	-3.104407e+01	-8.955267e+01
6.670000e-06	-4.494906e-06	-1.457267e-09	-3.123395e+01	-8.966556e+01
6.680000e-06	-4.521925e-06	-1.455562e-09	-3.142169e+01	-8.977130e+01
6.690000e-06	-4.548685e-06	-1.454586e-09	-3.160764e+01	-8.987035e+01
6.700000e-06	-4.575089e-06	-1.455721e-09	-3.179112e+01	-8.996316e+01
6.710000e-06	-4.601095e-06	-1.458947e-09	-3.197182e+01	-9.005016e+01
6.720000e-06	-4.626728e-06	-1.463411e-09	-3.214994e+01	-9.013178e+01
6.730000e-06	-4.652052e-06	-1.466561e-09	-3.232592e+01	-9.020843e+01
6.740000e-06	-4.677043e-06	-1.467268e-09	-3.249957e+01	-9.028049e+01
6.750000e-06	-4.701726e-06	-1.467623e-09	-3.267108e+01	-9.034833e+01
6.760000e-06	-4.726203e-06	-1.467529e-09	-3.284117e+01	-9.041229e+01
6.770000e-06	-4.750512e-06	-1.466535e-09	-3.301009e+01	-9.047268e+01
6.780000e-06	-4.774637e-06	-1.465367e-09	-3.317772e+01	-9.052978e+01
6.790000e-06	-4.798470e-06	-1.462824e-09	-3.334334e+01	-9.058387e+01
6.800000e-06	-4.821934e-06	-1.459941e-09	-3.350638e+01	-9.063518e+01
6.810000e-06	-4.844943e-06	-1.458557e-09	-3.366626e+01	-9.068393e+01
6.820000e-06	-4.867432e-06	-1.457242e-09	-3.382254e+01	-9.073030e+01
6.830000e-06	-4.889327e-06	-1.455471e-09	-3.397468e+01	-9.077448e+01
6.840000e-06	-4.910536e-06	-1.455029e-09	-3.412206e+01	-9.081662e+01
6.850000e-06	-4.931247e-06	-1.456096e-09	-3.426597e+01	-9.085687e+01
6.860000e-06	-4.951690e-06	-1.458149e-09	-3.440802e+01	-9.089536e+01
6.870000e-06	-4.971964e-06	-1.460077e-09	-3.454890e+01	-9.093221e+01
6.880000e-06	-4.992082e-06	-1.461506e-09	-3.468869e+01	-9.096754e+01
6.890000e-06	-5.011999e-06	-1.462197e-09	-3.482709e+01	-9.100147e+01
6.900000e-06	-5.031638e-06	-1.461933e-09	-3.496356e+01	-9.103409e+01
6.910000e-06	-5.050889e-06	-1.461112e-09	-3.509733e+01	-9.106552e+01
6.920000e-06	-5.069754e-06	-1.461979e-09	-3.522842e+01	-9.109586e+01
6.930000e-06	-5.088282e-06	-1.464616e-09	-3.535716e+01	-9.112523e+01
6.940000e-06	-5.106505e-06	-1.466549e-09	-3.548379e+01	-9.115371e+01
6.950000e-06	-5.124381e-06	-1.465899e-09	-3.560801e+01	-9.118143e+01
6.960000e-06	-5.141896e-06	-1.461216e-09	-3.572972e+01	-9.120848e+01
6.970000e-06	-5.159051e-06	-1.456863e-09	-3.584892e+01	-9.123495e+01
6.980000e-06	-5.175821e-06	-1.456206e-09	-3.596545e+01	-9.126094e+01
6.990000e-06	-5.192322e-06	-1.459010e-09	-3.608011e+01	-9.128652e+01
7.000000e-06	-5.208588e-06	-1.462704e-09	-3.619314e+01	-9.131178e+01
7.010000e-06	-5.224535e-06	-1.463782e-09	-3.630395e+01	-9.133676e+01
7.020000e-06	-5.240125e-06	-1.462052e-09	-3.641228e+01	-9.136151e+01
7.030000e-06	-5.255211e-06	-1.458232e-09	-3.651711e+01	-9.138605e+01
7.040000e-06	-5.269585e-06	-1.455640e-09	-3.661699e+01	-9.141037e+01
7.050000e-06	-5.283343e-06	-1.456437e-09	-3.671259e+01	-9.143447e+01
7.060000e-06	-5.296572e-06	-1.458445e-09	-3.680452e+01	-9.145828e+01
7.070000e-06	-5.309293e-06	-1.459576e-09	-3.689291e+01	-9.148175e+01
7.080000e-06	-5.321665e-06	-1.459200e-09	-3.697888e+01	-9.150476e+01
7.090000e-06	-5.333738e-06	-1.456098e-09	-3.706277e+01	-9.152719e+01
7.100000e-06	-5.345415e-06	-1.450906e-09	-3.714391e+01	-9.154889e+01
7.110000e-06	-5.356662e-06	-1.444906e-09	-3.722207e+01	-9.156968e+01
7.120000e-06	-5.367578e-06	-1.439773e-09	-3.729792e+01	-9.158938e+01
7.130000e-06	-5.378114e-06	-1.438556e-09	-3.737113e+01	-9.160776e+01
7.140000e-06	-5.388236e-06	-1.439688e-09	-3.744147e+01	-9.162460e+01
7.150000e-06	-5.398102e-06	-1.443318e-09	-3.751002e+01	-9.163965e+01
7.160000e-06	-5.407581e-06	-1.446530e-09	-3.757589e+01	-9.165268e+01
7.170000e-06	-5.416566e-06	-1.443344e-09	-3.763832e+01	-9.166345e+01
7.180000e-06	-5.425241e-06	-1.437967e-09	-3.769860e+01	-9.167170e+01
7.190000e-06	-5.433665e-06	-1.436102e-09	-3.775714e+01	-9.167724e+01
7.200000e-06	-5.441875e-06	-1.435957e-09	-3.781419e+01	-9.167983e+01
7.210000e-06	-5.449905e-06	-1.434917e-09	-3.786999e+01	-9.167931e+01
7.220000e-06	-5.457665e-06	-1.433807e-09	-3.792391e+01	-9.167552e+01
7.230000e-06	-5.464898e-06	-1.434525e-09	-3.797417e+01	-9.166834e+01
7.240000e-06	-5.471490e-06	-1.435152e-09	-3.801998e+01	-9.165770e+01
7.250000e-06	-5.477436e-06	-1.432766e-09	-3.806130e+01	-9.164355e+01
7.260000e-06	-5.482757e-06	-1.428559e-09	-3.809827e+01	-9.162591e+01
7.270000e-06	-5.487642e-06	-1.424698e-09	-3.813221e+01	-9.160484e+01
7.280000e-06	-5.492130e-06	-1.420665e-09	-3.816340e+01	-9.158043e+01
7.290000e-06	-5.496319e-06	-1.416753e-09	-3.819251e+01	-9.155285e+01
7.300000e-06	-5.500322e-06	-1.415031e-09	-3.822032e+01	-9.152230e+01
7.310000e-06	-5.503968e-06	-1.413803e-09	-3.824566e+01	-9.148902e+01
7.320000e-06	-5.507256e-06	-1.411590e-09	-3.826851e+01	-9.145331e+01
7.330000e-06	-5.510251e-06	-1.410505e-09	-3.828932e+01	-9.141548e+01
7.340000e-06	-5.512891e-06	-1.411480e-09	-3.830766e+01	-9.137591e+01
7.350000e-06	-5.515198e-06	-1.413905e-09	-3.832370e+01	-9.133495e+01
7.360000e-06	-5.517133e-06	-1.414454e-09	-3.833714e+01	-9.129301e+01
7.370000e-06	-5.518598e-06	-1.413902e-09	-3.834732e+01	-9.125050e+01
7.380000e-06	-5.519612e-06	-1.413594e-09	-3.835436e+01	-9.120781e+01
7.390000e-06	-5.520302e-06	-1.411071e-09	-3.835916e+01	-9.116535e+01
7.400000e-06	-5.520738e-06	-1.406128e-09	-3.836219e+01	-9.112348e+01
