# Temperatura_=_-20.24
# Concentracion g/m^3_=_1620.0
# C_Vs_to_Am_M_A/Vsm_=_65563218390.804596
# pendiente_HvsI_1/m_=_3716.3
# ordenada_HvsI_A/m_=_1297.0
# frecuencia_Hz_=_135095.32092431386

Tiempo_(s)	Campo_(V.s)	Magnetizacion_(V.s)	Campo_(kA/m)	Magnetizacion_(A/m)
0.000000e+00	-5.512938e-06	-1.172971e-09	-3.837825e+01	-7.550538e+01
1.000000e-08	-5.513116e-06	-1.174901e-09	-3.837949e+01	-7.551250e+01
2.000000e-08	-5.513116e-06	-1.179151e-09	-3.837949e+01	-7.552073e+01
3.000000e-08	-5.512761e-06	-1.182070e-09	-3.837702e+01	-7.553011e+01
4.000000e-08	-5.512082e-06	-1.181807e-09	-3.837229e+01	-7.554066e+01
5.000000e-08	-5.510997e-06	-1.177753e-09	-3.836473e+01	-7.555240e+01
6.000000e-08	-5.509281e-06	-1.167469e-09	-3.835279e+01	-7.556530e+01
7.000000e-08	-5.506897e-06	-1.161058e-09	-3.833620e+01	-7.557931e+01
8.000000e-08	-5.503887e-06	-1.176696e-09	-3.831524e+01	-7.559436e+01
9.000000e-08	-5.500323e-06	-1.196880e-09	-3.829043e+01	-7.561036e+01
1.000000e-07	-5.496299e-06	-1.201945e-09	-3.826242e+01	-7.562720e+01
1.100000e-07	-5.491998e-06	-1.206126e-09	-3.823248e+01	-7.564474e+01
1.200000e-07	-5.487432e-06	-1.142160e-09	-3.820069e+01	-7.566283e+01
1.300000e-07	-5.482677e-06	-1.155054e-09	-3.816759e+01	-7.568131e+01
1.400000e-07	-5.477635e-06	-1.158931e-09	-3.813249e+01	-7.569999e+01
1.500000e-07	-5.472146e-06	-1.178846e-09	-3.809427e+01	-7.571870e+01
1.600000e-07	-5.466240e-06	-1.162965e-09	-3.805316e+01	-7.573723e+01
1.700000e-07	-5.459965e-06	-1.156414e-09	-3.800948e+01	-7.575539e+01
1.800000e-07	-5.453326e-06	-1.198170e-09	-3.796326e+01	-7.577300e+01
1.900000e-07	-5.446240e-06	-1.176185e-09	-3.791393e+01	-7.578984e+01
2.000000e-07	-5.438843e-06	-1.163648e-09	-3.786244e+01	-7.580576e+01
2.100000e-07	-5.431214e-06	-1.138611e-09	-3.780933e+01	-7.582056e+01
2.200000e-07	-5.423364e-06	-1.191563e-09	-3.775468e+01	-7.583410e+01
2.300000e-07	-5.415245e-06	-1.188985e-09	-3.769816e+01	-7.584622e+01
2.400000e-07	-5.406804e-06	-1.190054e-09	-3.763940e+01	-7.585680e+01
2.500000e-07	-5.397744e-06	-1.155737e-09	-3.757632e+01	-7.586573e+01
2.600000e-07	-5.387877e-06	-1.178299e-09	-3.750764e+01	-7.587294e+01
2.700000e-07	-5.377405e-06	-1.156182e-09	-3.743474e+01	-7.587834e+01
2.800000e-07	-5.366534e-06	-1.154734e-09	-3.735906e+01	-7.588189e+01
2.900000e-07	-5.355173e-06	-1.154291e-09	-3.727997e+01	-7.588358e+01
3.000000e-07	-5.343320e-06	-1.180425e-09	-3.719745e+01	-7.588340e+01
3.100000e-07	-5.331118e-06	-1.168192e-09	-3.711251e+01	-7.588137e+01
3.200000e-07	-5.318594e-06	-1.153601e-09	-3.702533e+01	-7.587753e+01
3.300000e-07	-5.305641e-06	-1.154052e-09	-3.693516e+01	-7.587192e+01
3.400000e-07	-5.292254e-06	-1.150860e-09	-3.684196e+01	-7.586463e+01
3.500000e-07	-5.278522e-06	-1.149994e-09	-3.674637e+01	-7.585572e+01
3.600000e-07	-5.264281e-06	-1.146083e-09	-3.664723e+01	-7.584529e+01
3.700000e-07	-5.249535e-06	-1.155917e-09	-3.654457e+01	-7.583344e+01
3.800000e-07	-5.234490e-06	-1.163970e-09	-3.643984e+01	-7.582026e+01
3.900000e-07	-5.218862e-06	-1.174685e-09	-3.633104e+01	-7.580586e+01
4.000000e-07	-5.202466e-06	-1.139847e-09	-3.621690e+01	-7.579034e+01
4.100000e-07	-5.185705e-06	-1.134552e-09	-3.610022e+01	-7.577380e+01
4.200000e-07	-5.168698e-06	-1.147328e-09	-3.598183e+01	-7.575632e+01
4.300000e-07	-5.151370e-06	-1.158289e-09	-3.586120e+01	-7.573798e+01
4.400000e-07	-5.133779e-06	-1.133063e-09	-3.573874e+01	-7.571886e+01
4.500000e-07	-5.115964e-06	-1.168465e-09	-3.561472e+01	-7.569902e+01
4.600000e-07	-5.097730e-06	-1.170413e-09	-3.548778e+01	-7.567849e+01
4.700000e-07	-5.079011e-06	-1.141236e-09	-3.535747e+01	-7.565731e+01
4.800000e-07	-5.059910e-06	-1.130315e-09	-3.522450e+01	-7.563548e+01
4.900000e-07	-5.040454e-06	-1.173446e-09	-3.508906e+01	-7.561302e+01
5.000000e-07	-5.020734e-06	-1.139898e-09	-3.495177e+01	-7.558989e+01
5.100000e-07	-5.000842e-06	-1.119886e-09	-3.481330e+01	-7.556607e+01
5.200000e-07	-4.980695e-06	-1.141632e-09	-3.467304e+01	-7.554152e+01
5.300000e-07	-4.960187e-06	-1.153004e-09	-3.453028e+01	-7.551618e+01
5.400000e-07	-4.939320e-06	-1.126768e-09	-3.438502e+01	-7.548998e+01
5.500000e-07	-4.918240e-06	-1.154083e-09	-3.423827e+01	-7.546285e+01
5.600000e-07	-4.896764e-06	-1.155546e-09	-3.408876e+01	-7.543470e+01
5.700000e-07	-4.874888e-06	-1.127058e-09	-3.393647e+01	-7.540545e+01
5.800000e-07	-4.852785e-06	-1.140104e-09	-3.378261e+01	-7.537502e+01
5.900000e-07	-4.830288e-06	-1.166767e-09	-3.362599e+01	-7.534330e+01
6.000000e-07	-4.807386e-06	-1.136019e-09	-3.346656e+01	-7.531023e+01
6.100000e-07	-4.784178e-06	-1.127580e-09	-3.330500e+01	-7.527572e+01
6.200000e-07	-4.760681e-06	-1.146923e-09	-3.314142e+01	-7.523969e+01
6.300000e-07	-4.736904e-06	-1.130146e-09	-3.297590e+01	-7.520208e+01
6.400000e-07	-4.712924e-06	-1.120986e-09	-3.280896e+01	-7.516283e+01
6.500000e-07	-4.688764e-06	-1.143758e-09	-3.264077e+01	-7.512189e+01
6.600000e-07	-4.664269e-06	-1.144915e-09	-3.247025e+01	-7.507922e+01
6.700000e-07	-4.639261e-06	-1.127205e-09	-3.229616e+01	-7.503481e+01
6.800000e-07	-4.613683e-06	-1.140432e-09	-3.211810e+01	-7.498864e+01
6.900000e-07	-4.587576e-06	-1.135651e-09	-3.193635e+01	-7.494070e+01
7.000000e-07	-4.560955e-06	-1.124574e-09	-3.175103e+01	-7.489102e+01
7.100000e-07	-4.533954e-06	-1.125851e-09	-3.156306e+01	-7.483960e+01
7.200000e-07	-4.506610e-06	-1.134104e-09	-3.137271e+01	-7.478648e+01
7.300000e-07	-4.478929e-06	-1.124690e-09	-3.118000e+01	-7.473170e+01
7.400000e-07	-4.451084e-06	-1.136729e-09	-3.098616e+01	-7.467530e+01
7.500000e-07	-4.423107e-06	-1.137800e-09	-3.079140e+01	-7.461732e+01
7.600000e-07	-4.394902e-06	-1.128877e-09	-3.059506e+01	-7.455782e+01
7.700000e-07	-4.366378e-06	-1.122979e-09	-3.039648e+01	-7.449685e+01
7.800000e-07	-4.337568e-06	-1.131493e-09	-3.019592e+01	-7.443446e+01
7.900000e-07	-4.308432e-06	-1.123469e-09	-2.999309e+01	-7.437071e+01
8.000000e-07	-4.278966e-06	-1.126196e-09	-2.978797e+01	-7.430563e+01
8.100000e-07	-4.249232e-06	-1.128492e-09	-2.958098e+01	-7.423927e+01
8.200000e-07	-4.219203e-06	-1.125089e-09	-2.937193e+01	-7.417166e+01
8.300000e-07	-4.188911e-06	-1.114252e-09	-2.916105e+01	-7.410283e+01
8.400000e-07	-4.158352e-06	-1.119263e-09	-2.894831e+01	-7.403280e+01
8.500000e-07	-4.127447e-06	-1.121020e-09	-2.873317e+01	-7.396158e+01
8.600000e-07	-4.096234e-06	-1.124026e-09	-2.851588e+01	-7.388917e+01
8.700000e-07	-4.064761e-06	-1.129707e-09	-2.829679e+01	-7.381557e+01
8.800000e-07	-4.033090e-06	-1.132670e-09	-2.807630e+01	-7.374076e+01
8.900000e-07	-4.001262e-06	-1.123483e-09	-2.785473e+01	-7.366474e+01
9.000000e-07	-3.969250e-06	-1.116734e-09	-2.763189e+01	-7.358746e+01
9.100000e-07	-3.937040e-06	-1.114807e-09	-2.740766e+01	-7.350891e+01
9.200000e-07	-3.904534e-06	-1.109394e-09	-2.718136e+01	-7.342906e+01
9.300000e-07	-3.871689e-06	-1.109199e-09	-2.695272e+01	-7.334787e+01
9.400000e-07	-3.838480e-06	-1.115075e-09	-2.672153e+01	-7.326530e+01
9.500000e-07	-3.804811e-06	-1.115406e-09	-2.648714e+01	-7.318133e+01
9.600000e-07	-3.770613e-06	-1.108027e-09	-2.624907e+01	-7.309594e+01
9.700000e-07	-3.735950e-06	-1.104713e-09	-2.600777e+01	-7.300908e+01
9.800000e-07	-3.700918e-06	-1.098580e-09	-2.576389e+01	-7.292076e+01
9.900000e-07	-3.665629e-06	-1.096146e-09	-2.551823e+01	-7.283096e+01
1.000000e-06	-3.630183e-06	-1.095817e-09	-2.527147e+01	-7.273966e+01
1.010000e-06	-3.594511e-06	-1.098395e-09	-2.502314e+01	-7.264688e+01
1.020000e-06	-3.558596e-06	-1.091506e-09	-2.477312e+01	-7.255262e+01
1.030000e-06	-3.522528e-06	-1.087812e-09	-2.452203e+01	-7.245689e+01
1.040000e-06	-3.486350e-06	-1.084278e-09	-2.427018e+01	-7.235972e+01
1.050000e-06	-3.449995e-06	-1.083668e-09	-2.401710e+01	-7.226112e+01
1.060000e-06	-3.413405e-06	-1.080810e-09	-2.376238e+01	-7.216111e+01
1.070000e-06	-3.376542e-06	-1.081874e-09	-2.350575e+01	-7.205972e+01
1.080000e-06	-3.339435e-06	-1.076236e-09	-2.324744e+01	-7.195697e+01
1.090000e-06	-3.302065e-06	-1.072580e-09	-2.298728e+01	-7.185286e+01
1.100000e-06	-3.264369e-06	-1.068136e-09	-2.272486e+01	-7.174741e+01
1.110000e-06	-3.226505e-06	-1.063907e-09	-2.246127e+01	-7.164059e+01
1.120000e-06	-3.188539e-06	-1.055936e-09	-2.219697e+01	-7.153239e+01
1.130000e-06	-3.150297e-06	-1.050041e-09	-2.193075e+01	-7.142274e+01
1.140000e-06	-3.111741e-06	-1.045611e-09	-2.166234e+01	-7.131160e+01
1.150000e-06	-3.072922e-06	-1.046122e-09	-2.139211e+01	-7.119885e+01
1.160000e-06	-3.033973e-06	-1.048733e-09	-2.112096e+01	-7.108439e+01
1.170000e-06	-2.994878e-06	-1.050826e-09	-2.084880e+01	-7.096804e+01
1.180000e-06	-2.955537e-06	-1.048284e-09	-2.057493e+01	-7.084963e+01
1.190000e-06	-2.915984e-06	-1.044691e-09	-2.029959e+01	-7.072893e+01
1.200000e-06	-2.876289e-06	-1.040416e-09	-2.002325e+01	-7.060568e+01
1.210000e-06	-2.836423e-06	-1.033081e-09	-1.974572e+01	-7.047961e+01
1.220000e-06	-2.796391e-06	-1.026318e-09	-1.946704e+01	-7.035037e+01
1.230000e-06	-2.756283e-06	-1.022540e-09	-1.918783e+01	-7.021762e+01
1.240000e-06	-2.716070e-06	-1.019863e-09	-1.890789e+01	-7.008097e+01
1.250000e-06	-2.675697e-06	-1.015687e-09	-1.862683e+01	-6.993999e+01
1.260000e-06	-2.635096e-06	-1.016844e-09	-1.834418e+01	-6.979426e+01
1.270000e-06	-2.594283e-06	-1.015883e-09	-1.806007e+01	-6.964331e+01
1.280000e-06	-2.553184e-06	-1.012066e-09	-1.777396e+01	-6.948667e+01
1.290000e-06	-2.511682e-06	-1.006380e-09	-1.748504e+01	-6.932386e+01
1.300000e-06	-2.469899e-06	-1.001999e-09	-1.719417e+01	-6.915439e+01
1.310000e-06	-2.427900e-06	-9.949444e-10	-1.690180e+01	-6.897778e+01
1.320000e-06	-2.385703e-06	-9.891876e-10	-1.660804e+01	-6.879356e+01
1.330000e-06	-2.343247e-06	-9.856089e-10	-1.631249e+01	-6.860128e+01
1.340000e-06	-2.300496e-06	-9.840543e-10	-1.601487e+01	-6.840049e+01
1.350000e-06	-2.257533e-06	-9.818057e-10	-1.571579e+01	-6.819080e+01
1.360000e-06	-2.214276e-06	-9.827891e-10	-1.541465e+01	-6.797183e+01
1.370000e-06	-2.170783e-06	-9.819765e-10	-1.511188e+01	-6.774326e+01
1.380000e-06	-2.127166e-06	-9.786328e-10	-1.480824e+01	-6.750480e+01
1.390000e-06	-2.083467e-06	-9.729631e-10	-1.450403e+01	-6.725621e+01
1.400000e-06	-2.039642e-06	-9.661622e-10	-1.419894e+01	-6.699731e+01
1.410000e-06	-1.995741e-06	-9.573199e-10	-1.389333e+01	-6.672796e+01
1.420000e-06	-1.951825e-06	-9.515084e-10	-1.358761e+01	-6.644809e+01
1.430000e-06	-1.907804e-06	-9.483316e-10	-1.328115e+01	-6.615767e+01
1.440000e-06	-1.863683e-06	-9.460121e-10	-1.297401e+01	-6.585673e+01
1.450000e-06	-1.819481e-06	-9.415123e-10	-1.266629e+01	-6.554533e+01
1.460000e-06	-1.775223e-06	-9.360937e-10	-1.235819e+01	-6.522361e+01
1.470000e-06	-1.730910e-06	-9.314444e-10	-1.204971e+01	-6.489170e+01
1.480000e-06	-1.686493e-06	-9.255337e-10	-1.174050e+01	-6.454981e+01
1.490000e-06	-1.641975e-06	-9.189675e-10	-1.143059e+01	-6.419813e+01
1.500000e-06	-1.597260e-06	-9.115625e-10	-1.111931e+01	-6.383690e+01
1.510000e-06	-1.552361e-06	-9.031816e-10	-1.080674e+01	-6.346633e+01
1.520000e-06	-1.507331e-06	-8.960566e-10	-1.049327e+01	-6.308666e+01
1.530000e-06	-1.462100e-06	-8.902001e-10	-1.017839e+01	-6.269807e+01
1.540000e-06	-1.416848e-06	-8.828536e-10	-9.863372e+00	-6.230074e+01
1.550000e-06	-1.371622e-06	-8.752001e-10	-9.548527e+00	-6.189479e+01
1.560000e-06	-1.326225e-06	-8.683073e-10	-9.232495e+00	-6.148030e+01
1.570000e-06	-1.280733e-06	-8.594483e-10	-8.915807e+00	-6.105727e+01
1.580000e-06	-1.235177e-06	-8.497168e-10	-8.598668e+00	-6.062562e+01
1.590000e-06	-1.189474e-06	-8.416823e-10	-8.280511e+00	-6.018520e+01
1.600000e-06	-1.143673e-06	-8.310208e-10	-7.961662e+00	-5.973574e+01
1.610000e-06	-1.097789e-06	-8.188983e-10	-7.642245e+00	-5.927688e+01
1.620000e-06	-1.051855e-06	-8.088505e-10	-7.322473e+00	-5.880813e+01
1.630000e-06	-1.005847e-06	-8.011534e-10	-7.002194e+00	-5.832888e+01
1.640000e-06	-9.597654e-07	-7.919240e-10	-6.681395e+00	-5.783842e+01
1.650000e-06	-9.136598e-07	-7.837325e-10	-6.360431e+00	-5.733588e+01
1.660000e-06	-8.674846e-07	-7.764411e-10	-6.038983e+00	-5.682028e+01
1.670000e-06	-8.212586e-07	-7.687998e-10	-5.717181e+00	-5.629052e+01
1.680000e-06	-7.749856e-07	-7.591600e-10	-5.395052e+00	-5.574537e+01
1.690000e-06	-7.286828e-07	-7.509353e-10	-5.072716e+00	-5.518349e+01
1.700000e-06	-6.823163e-07	-7.408155e-10	-4.749936e+00	-5.460342e+01
1.710000e-06	-6.358955e-07	-7.270005e-10	-4.426778e+00	-5.400362e+01
1.720000e-06	-5.894808e-07	-7.122954e-10	-4.103663e+00	-5.338246e+01
1.730000e-06	-5.430474e-07	-7.000205e-10	-3.780418e+00	-5.273823e+01
1.740000e-06	-4.965683e-07	-6.903219e-10	-3.456854e+00	-5.206917e+01
1.750000e-06	-4.500242e-07	-6.815252e-10	-3.132838e+00	-5.137349e+01
1.760000e-06	-4.034074e-07	-6.713571e-10	-2.808315e+00	-5.064935e+01
1.770000e-06	-3.567483e-07	-6.585977e-10	-2.483499e+00	-4.989495e+01
1.780000e-06	-3.100934e-07	-6.441809e-10	-2.158711e+00	-4.910848e+01
1.790000e-06	-2.634267e-07	-6.297477e-10	-1.833842e+00	-4.828817e+01
1.800000e-06	-2.167908e-07	-6.171861e-10	-1.509187e+00	-4.743233e+01
1.810000e-06	-1.700875e-07	-6.054319e-10	-1.184062e+00	-4.653933e+01
1.820000e-06	-1.233206e-07	-5.918439e-10	-8.584946e-01	-4.560766e+01
1.830000e-06	-7.658108e-08	-5.779259e-10	-5.331183e-01	-4.463591e+01
1.840000e-06	-2.983998e-08	-5.635776e-10	-2.077307e-01	-4.362285e+01
1.850000e-06	1.685937e-08	-5.496601e-10	1.173663e-01	-4.256737e+01
1.860000e-06	6.352232e-08	-5.371513e-10	4.422098e-01	-4.146855e+01
1.870000e-06	1.102202e-07	-5.233439e-10	7.672966e-01	-4.032567e+01
1.880000e-06	1.569033e-07	-5.062814e-10	1.092281e+00	-3.913821e+01
1.890000e-06	2.035639e-07	-4.871646e-10	1.417107e+00	-3.790586e+01
1.900000e-06	2.502888e-07	-4.653104e-10	1.742382e+00	-3.662855e+01
1.910000e-06	2.969950e-07	-4.415234e-10	2.067527e+00	-3.530642e+01
1.920000e-06	3.436793e-07	-4.219130e-10	2.392519e+00	-3.393988e+01
1.930000e-06	3.902656e-07	-4.050087e-10	2.716829e+00	-3.252954e+01
1.940000e-06	4.368082e-07	-3.901385e-10	3.040835e+00	-3.107628e+01
1.950000e-06	4.834574e-07	-3.747991e-10	3.365583e+00	-2.958120e+01
1.960000e-06	5.300898e-07	-3.561116e-10	3.690213e+00	-2.804564e+01
1.970000e-06	5.766288e-07	-3.340751e-10	4.014194e+00	-2.647116e+01
1.980000e-06	6.230922e-07	-3.096688e-10	4.337648e+00	-2.485952e+01
1.990000e-06	6.693623e-07	-2.860333e-10	4.659757e+00	-2.321271e+01
2.000000e-06	7.155626e-07	-2.640265e-10	4.981380e+00	-2.153288e+01
2.010000e-06	7.618348e-07	-2.430775e-10	5.303503e+00	-1.982238e+01
2.020000e-06	8.080292e-07	-2.215377e-10	5.625085e+00	-1.808368e+01
2.030000e-06	8.541951e-07	-1.956866e-10	5.946469e+00	-1.631943e+01
2.040000e-06	9.002859e-07	-1.709357e-10	6.267329e+00	-1.453237e+01
2.050000e-06	9.463686e-07	-1.472776e-10	6.588133e+00	-1.272535e+01
2.060000e-06	9.924325e-07	-1.242526e-10	6.908806e+00	-1.090128e+01
2.070000e-06	1.038334e-06	-1.001508e-10	7.228348e+00	-9.063154e+00
2.080000e-06	1.084182e-06	-7.564916e-11	7.547519e+00	-7.213980e+00
2.090000e-06	1.129965e-06	-5.112125e-11	7.866236e+00	-5.356791e+00
2.100000e-06	1.175639e-06	-2.494572e-11	8.184199e+00	-3.494609e+00
2.110000e-06	1.221312e-06	3.297395e-12	8.502146e+00	-1.630434e+00
2.120000e-06	1.266884e-06	3.097825e-11	8.819396e+00	2.327811e-01
2.130000e-06	1.312233e-06	5.491522e-11	9.135091e+00	2.092147e+00
2.140000e-06	1.357460e-06	7.960726e-11	9.449944e+00	3.944852e+00
2.150000e-06	1.402709e-06	1.029496e-10	9.764942e+00	5.788182e+00
2.160000e-06	1.447892e-06	1.281408e-10	1.007948e+01	7.619532e+00
2.170000e-06	1.492911e-06	1.527004e-10	1.039288e+01	9.436418e+00
2.180000e-06	1.537839e-06	1.767727e-10	1.070564e+01	1.123649e+01
2.190000e-06	1.582590e-06	2.029369e-10	1.101718e+01	1.301754e+01
2.200000e-06	1.627194e-06	2.289410e-10	1.132769e+01	1.477751e+01
2.210000e-06	1.671713e-06	2.523877e-10	1.163761e+01	1.651450e+01
2.220000e-06	1.716122e-06	2.778310e-10	1.194676e+01	1.822677e+01
2.230000e-06	1.760443e-06	3.035353e-10	1.225530e+01	1.991274e+01
2.240000e-06	1.804668e-06	3.269458e-10	1.256317e+01	2.157099e+01
2.250000e-06	1.848801e-06	3.468860e-10	1.287040e+01	2.320027e+01
2.260000e-06	1.892848e-06	3.632425e-10	1.317704e+01	2.479949e+01
2.270000e-06	1.936796e-06	3.801287e-10	1.348298e+01	2.636771e+01
2.280000e-06	1.980671e-06	3.987115e-10	1.378842e+01	2.790416e+01
2.290000e-06	2.024529e-06	4.215859e-10	1.409373e+01	2.940820e+01
2.300000e-06	2.068319e-06	4.470431e-10	1.439857e+01	3.087934e+01
2.310000e-06	2.111994e-06	4.727664e-10	1.470262e+01	3.231723e+01
2.320000e-06	2.155598e-06	4.915668e-10	1.500617e+01	3.372163e+01
2.330000e-06	2.199130e-06	5.050330e-10	1.530921e+01	3.509242e+01
2.340000e-06	2.242518e-06	5.170517e-10	1.561126e+01	3.642960e+01
2.350000e-06	2.285727e-06	5.294037e-10	1.591206e+01	3.773327e+01
2.360000e-06	2.328626e-06	5.449778e-10	1.621070e+01	3.900360e+01
2.370000e-06	2.371157e-06	5.629679e-10	1.650678e+01	4.024086e+01
2.380000e-06	2.413461e-06	5.837238e-10	1.680128e+01	4.144538e+01
2.390000e-06	2.455501e-06	6.030423e-10	1.709394e+01	4.261756e+01
2.400000e-06	2.497180e-06	6.167962e-10	1.738409e+01	4.375784e+01
2.410000e-06	2.538432e-06	6.298891e-10	1.767126e+01	4.486672e+01
2.420000e-06	2.579314e-06	6.430814e-10	1.795586e+01	4.594473e+01
2.430000e-06	2.619966e-06	6.567670e-10	1.823886e+01	4.699242e+01
2.440000e-06	2.660416e-06	6.719623e-10	1.852045e+01	4.801037e+01
2.450000e-06	2.700728e-06	6.891972e-10	1.880109e+01	4.899919e+01
2.460000e-06	2.740951e-06	7.047756e-10	1.908110e+01	4.995946e+01
2.470000e-06	2.781023e-06	7.192755e-10	1.936006e+01	5.089181e+01
2.480000e-06	2.820951e-06	7.318837e-10	1.963801e+01	5.179684e+01
2.490000e-06	2.860744e-06	7.434225e-10	1.991503e+01	5.267515e+01
2.500000e-06	2.900461e-06	7.549529e-10	2.019153e+01	5.352735e+01
2.510000e-06	2.940048e-06	7.656785e-10	2.046710e+01	5.435402e+01
2.520000e-06	2.979381e-06	7.778854e-10	2.074092e+01	5.515574e+01
2.530000e-06	3.018509e-06	7.903074e-10	2.101331e+01	5.593306e+01
2.540000e-06	3.057432e-06	8.035643e-10	2.128427e+01	5.668654e+01
2.550000e-06	3.096050e-06	8.159221e-10	2.155312e+01	5.741670e+01
2.560000e-06	3.134417e-06	8.245266e-10	2.182020e+01	5.812407e+01
2.570000e-06	3.172584e-06	8.303953e-10	2.208591e+01	5.880915e+01
2.580000e-06	3.210554e-06	8.358801e-10	2.235023e+01	5.947241e+01
2.590000e-06	3.248397e-06	8.412454e-10	2.261368e+01	6.011435e+01
2.600000e-06	3.286121e-06	8.485952e-10	2.287629e+01	6.073540e+01
2.610000e-06	3.323576e-06	8.594868e-10	2.313703e+01	6.133604e+01
2.620000e-06	3.360721e-06	8.723065e-10	2.339562e+01	6.191669e+01
2.630000e-06	3.397651e-06	8.847461e-10	2.365271e+01	6.247779e+01
2.640000e-06	3.434354e-06	8.946776e-10	2.390821e+01	6.301976e+01
2.650000e-06	3.470777e-06	9.019419e-10	2.416177e+01	6.354303e+01
2.660000e-06	3.506934e-06	9.069453e-10	2.441348e+01	6.404800e+01
2.670000e-06	3.542893e-06	9.082744e-10	2.466381e+01	6.453509e+01
2.680000e-06	3.578743e-06	9.083210e-10	2.491337e+01	6.500472e+01
2.690000e-06	3.614570e-06	9.121513e-10	2.516278e+01	6.545729e+01
2.700000e-06	3.650231e-06	9.210480e-10	2.541104e+01	6.589322e+01
2.710000e-06	3.685674e-06	9.305810e-10	2.565777e+01	6.631292e+01
2.720000e-06	3.720894e-06	9.390684e-10	2.590295e+01	6.671681e+01
2.730000e-06	3.755680e-06	9.457679e-10	2.614512e+01	6.710531e+01
2.740000e-06	3.789927e-06	9.492859e-10	2.638353e+01	6.747884e+01
2.750000e-06	3.823749e-06	9.519328e-10	2.661898e+01	6.783783e+01
2.760000e-06	3.857282e-06	9.552279e-10	2.685242e+01	6.818269e+01
2.770000e-06	3.890333e-06	9.599545e-10	2.708251e+01	6.851387e+01
2.780000e-06	3.922855e-06	9.660192e-10	2.730891e+01	6.883178e+01
2.790000e-06	3.955102e-06	9.721384e-10	2.753339e+01	6.913686e+01
2.800000e-06	3.987119e-06	9.788011e-10	2.775628e+01	6.942954e+01
2.810000e-06	4.019014e-06	9.839906e-10	2.797832e+01	6.971025e+01
2.820000e-06	4.050840e-06	9.872229e-10	2.819987e+01	6.997940e+01
2.830000e-06	4.082430e-06	9.893904e-10	2.841979e+01	7.023742e+01
2.840000e-06	4.113768e-06	9.921574e-10	2.863795e+01	7.048472e+01
2.850000e-06	4.144853e-06	9.958223e-10	2.885434e+01	7.072171e+01
2.860000e-06	4.175593e-06	1.000892e-09	2.906834e+01	7.094878e+01
2.870000e-06	4.206031e-06	1.008066e-09	2.928023e+01	7.116633e+01
2.880000e-06	4.236224e-06	1.014431e-09	2.949042e+01	7.137472e+01
2.890000e-06	4.266104e-06	1.017362e-09	2.969843e+01	7.157433e+01
2.900000e-06	4.295626e-06	1.019568e-09	2.990395e+01	7.176550e+01
2.910000e-06	4.324895e-06	1.023324e-09	3.010770e+01	7.194858e+01
2.920000e-06	4.353900e-06	1.027638e-09	3.030962e+01	7.212388e+01
2.930000e-06	4.382611e-06	1.032563e-09	3.050949e+01	7.229170e+01
2.940000e-06	4.411054e-06	1.036961e-09	3.070750e+01	7.245236e+01
2.950000e-06	4.439230e-06	1.040177e-09	3.090365e+01	7.260611e+01
2.960000e-06	4.467205e-06	1.042451e-09	3.109839e+01	7.275322e+01
2.970000e-06	4.495019e-06	1.045569e-09	3.129202e+01	7.289394e+01
2.980000e-06	4.522654e-06	1.049018e-09	3.148440e+01	7.302850e+01
2.990000e-06	4.550002e-06	1.051416e-09	3.167478e+01	7.315712e+01
3.000000e-06	4.576942e-06	1.053877e-09	3.186233e+01	7.328001e+01
3.010000e-06	4.603412e-06	1.058333e-09	3.204660e+01	7.339735e+01
3.020000e-06	4.629285e-06	1.063465e-09	3.222671e+01	7.350934e+01
3.030000e-06	4.654544e-06	1.066828e-09	3.240255e+01	7.361615e+01
3.040000e-06	4.679378e-06	1.069518e-09	3.257543e+01	7.371795e+01
3.050000e-06	4.703824e-06	1.071851e-09	3.274561e+01	7.381490e+01
3.060000e-06	4.727904e-06	1.072923e-09	3.291324e+01	7.390716e+01
3.070000e-06	4.751741e-06	1.075477e-09	3.307918e+01	7.399489e+01
3.080000e-06	4.775316e-06	1.078964e-09	3.324330e+01	7.407823e+01
3.090000e-06	4.798555e-06	1.081334e-09	3.340508e+01	7.415734e+01
3.100000e-06	4.821480e-06	1.081931e-09	3.356468e+01	7.423238e+01
3.110000e-06	4.844088e-06	1.082865e-09	3.372205e+01	7.430349e+01
3.120000e-06	4.866289e-06	1.083779e-09	3.387661e+01	7.437084e+01
3.130000e-06	4.888187e-06	1.084339e-09	3.402905e+01	7.443458e+01
3.140000e-06	4.909853e-06	1.085177e-09	3.417988e+01	7.449488e+01
3.150000e-06	4.931141e-06	1.086309e-09	3.432807e+01	7.455191e+01
3.160000e-06	4.951962e-06	1.088075e-09	3.447302e+01	7.460583e+01
3.170000e-06	4.972421e-06	1.087980e-09	3.461545e+01	7.465682e+01
3.180000e-06	4.992689e-06	1.086653e-09	3.475654e+01	7.470505e+01
3.190000e-06	5.012782e-06	1.086203e-09	3.489642e+01	7.475070e+01
3.200000e-06	5.032644e-06	1.087032e-09	3.503469e+01	7.479395e+01
3.210000e-06	5.052296e-06	1.088925e-09	3.517149e+01	7.483497e+01
3.220000e-06	5.071608e-06	1.091177e-09	3.530594e+01	7.487394e+01
3.230000e-06	5.090488e-06	1.093813e-09	3.543737e+01	7.491103e+01
3.240000e-06	5.108945e-06	1.097629e-09	3.556586e+01	7.494641e+01
3.250000e-06	5.127012e-06	1.100080e-09	3.569163e+01	7.498023e+01
3.260000e-06	5.144697e-06	1.099600e-09	3.581475e+01	7.501266e+01
3.270000e-06	5.161954e-06	1.098656e-09	3.593488e+01	7.504382e+01
3.280000e-06	5.178955e-06	1.098747e-09	3.605323e+01	7.507385e+01
3.290000e-06	5.195690e-06	1.099595e-09	3.616973e+01	7.510287e+01
3.300000e-06	5.212025e-06	1.102159e-09	3.628345e+01	7.513098e+01
3.310000e-06	5.227915e-06	1.105485e-09	3.639406e+01	7.515828e+01
3.320000e-06	5.243296e-06	1.107359e-09	3.650114e+01	7.518483e+01
3.330000e-06	5.258111e-06	1.107010e-09	3.660427e+01	7.521071e+01
3.340000e-06	5.272463e-06	1.107605e-09	3.670419e+01	7.523595e+01
3.350000e-06	5.286448e-06	1.109879e-09	3.680154e+01	7.526058e+01
3.360000e-06	5.300064e-06	1.112110e-09	3.689633e+01	7.528462e+01
3.370000e-06	5.313267e-06	1.114482e-09	3.698824e+01	7.530806e+01
3.380000e-06	5.326136e-06	1.118000e-09	3.707783e+01	7.533089e+01
3.390000e-06	5.338755e-06	1.121460e-09	3.716568e+01	7.535308e+01
3.400000e-06	5.351012e-06	1.122347e-09	3.725101e+01	7.537460e+01
3.410000e-06	5.362977e-06	1.121561e-09	3.733430e+01	7.539540e+01
3.420000e-06	5.374515e-06	1.120353e-09	3.741462e+01	7.541543e+01
3.430000e-06	5.385484e-06	1.121020e-09	3.749098e+01	7.543463e+01
3.440000e-06	5.395926e-06	1.123322e-09	3.756367e+01	7.545295e+01
3.450000e-06	5.405735e-06	1.126024e-09	3.763195e+01	7.547032e+01
3.460000e-06	5.414926e-06	1.130350e-09	3.769594e+01	7.548670e+01
3.470000e-06	5.423556e-06	1.133146e-09	3.775602e+01	7.550204e+01
3.480000e-06	5.431722e-06	1.131970e-09	3.781287e+01	7.551628e+01
3.490000e-06	5.439642e-06	1.129346e-09	3.786800e+01	7.552941e+01
3.500000e-06	5.447368e-06	1.128608e-09	3.792178e+01	7.554140e+01
3.510000e-06	5.454836e-06	1.128942e-09	3.797377e+01	7.555225e+01
3.520000e-06	5.461934e-06	1.130736e-09	3.802318e+01	7.556195e+01
3.530000e-06	5.468595e-06	1.136198e-09	3.806955e+01	7.557054e+01
3.540000e-06	5.474884e-06	1.141860e-09	3.811334e+01	7.557806e+01
3.550000e-06	5.480841e-06	1.144898e-09	3.815481e+01	7.558456e+01
3.560000e-06	5.486448e-06	1.145507e-09	3.819384e+01	7.559011e+01
3.570000e-06	5.491640e-06	1.144589e-09	3.822998e+01	7.559481e+01
3.580000e-06	5.496423e-06	1.143113e-09	3.826328e+01	7.559876e+01
3.590000e-06	5.500884e-06	1.141757e-09	3.829433e+01	7.560207e+01
3.600000e-06	5.505057e-06	1.141761e-09	3.832338e+01	7.560488e+01
3.610000e-06	5.508986e-06	1.143822e-09	3.835074e+01	7.560734e+01
3.620000e-06	5.512633e-06	1.148980e-09	3.837613e+01	7.560958e+01
3.630000e-06	5.515898e-06	1.155535e-09	3.839885e+01	7.561176e+01
3.640000e-06	5.518696e-06	1.159265e-09	3.841833e+01	7.561404e+01
3.650000e-06	5.521033e-06	1.159605e-09	3.843460e+01	7.561657e+01
3.660000e-06	5.522744e-06	1.158938e-09	3.844651e+01	7.561952e+01
3.670000e-06	5.523800e-06	1.157139e-09	3.845386e+01	7.562301e+01
3.680000e-06	5.524427e-06	1.155459e-09	3.845823e+01	7.562720e+01
3.690000e-06	5.524681e-06	1.155305e-09	3.846000e+01	7.563221e+01
3.700000e-06	5.524631e-06	1.156872e-09	3.845965e+01	7.563814e+01
3.710000e-06	5.524354e-06	1.160843e-09	3.845772e+01	7.564510e+01
3.720000e-06	5.523763e-06	1.163644e-09	3.845361e+01	7.565314e+01
3.730000e-06	5.522745e-06	1.163732e-09	3.844652e+01	7.566234e+01
3.740000e-06	5.521287e-06	1.162729e-09	3.843637e+01	7.567271e+01
3.750000e-06	5.519479e-06	1.167866e-09	3.842378e+01	7.568426e+01
3.760000e-06	5.517404e-06	1.181111e-09	3.840934e+01	7.569698e+01
3.770000e-06	5.515065e-06	1.171294e-09	3.839306e+01	7.571082e+01
3.780000e-06	5.512404e-06	1.146509e-09	3.837453e+01	7.572572e+01
3.790000e-06	5.509231e-06	1.132119e-09	3.835244e+01	7.574158e+01
3.800000e-06	5.505455e-06	1.109171e-09	3.832616e+01	7.575830e+01
3.810000e-06	5.501284e-06	1.171313e-09	3.829712e+01	7.577574e+01
3.820000e-06	5.496997e-06	1.207063e-09	3.826728e+01	7.579377e+01
3.830000e-06	5.492558e-06	1.189529e-09	3.823637e+01	7.581220e+01
3.840000e-06	5.487688e-06	1.188555e-09	3.820247e+01	7.583088e+01
3.850000e-06	5.482152e-06	1.154180e-09	3.816393e+01	7.584960e+01
3.860000e-06	5.475957e-06	1.174106e-09	3.812080e+01	7.586819e+01
3.870000e-06	5.469546e-06	1.145487e-09	3.807617e+01	7.588644e+01
3.880000e-06	5.462910e-06	1.172028e-09	3.802998e+01	7.590416e+01
3.890000e-06	5.455609e-06	1.210833e-09	3.797915e+01	7.592116e+01
3.900000e-06	5.447806e-06	1.239323e-09	3.792484e+01	7.593725e+01
3.910000e-06	5.439706e-06	1.180949e-09	3.786845e+01	7.595226e+01
3.920000e-06	5.431243e-06	1.105006e-09	3.780953e+01	7.596603e+01
3.930000e-06	5.422327e-06	1.149198e-09	3.774746e+01	7.597841e+01
3.940000e-06	5.413122e-06	1.199905e-09	3.768338e+01	7.598927e+01
3.950000e-06	5.403755e-06	1.196959e-09	3.761818e+01	7.599849e+01
3.960000e-06	5.393960e-06	1.149618e-09	3.754998e+01	7.600600e+01
3.970000e-06	5.383632e-06	1.199115e-09	3.747808e+01	7.601172e+01
3.980000e-06	5.372958e-06	1.210441e-09	3.740378e+01	7.601559e+01
3.990000e-06	5.362027e-06	1.168526e-09	3.732768e+01	7.601761e+01
4.000000e-06	5.350675e-06	1.127373e-09	3.724866e+01	7.601775e+01
4.010000e-06	5.338791e-06	1.167048e-09	3.716593e+01	7.601604e+01
4.020000e-06	5.326511e-06	1.163330e-09	3.708044e+01	7.601250e+01
4.030000e-06	5.313852e-06	1.148690e-09	3.699231e+01	7.600720e+01
4.040000e-06	5.300669e-06	1.158707e-09	3.690054e+01	7.600019e+01
4.050000e-06	5.286934e-06	1.197084e-09	3.680492e+01	7.599156e+01
4.060000e-06	5.272693e-06	1.162747e-09	3.670578e+01	7.598139e+01
4.070000e-06	5.257926e-06	1.132040e-09	3.660298e+01	7.596978e+01
4.080000e-06	5.242589e-06	1.145803e-09	3.649622e+01	7.595682e+01
4.090000e-06	5.226926e-06	1.183316e-09	3.638718e+01	7.594263e+01
4.100000e-06	5.211022e-06	1.185010e-09	3.627647e+01	7.592730e+01
4.110000e-06	5.194719e-06	1.144032e-09	3.616297e+01	7.591094e+01
4.120000e-06	5.178024e-06	1.129356e-09	3.604675e+01	7.589362e+01
4.130000e-06	5.161069e-06	1.165792e-09	3.592872e+01	7.587543e+01
4.140000e-06	5.143773e-06	1.186276e-09	3.580831e+01	7.585645e+01
4.150000e-06	5.126031e-06	1.133517e-09	3.568480e+01	7.583674e+01
4.160000e-06	5.107948e-06	1.144301e-09	3.555892e+01	7.581633e+01
4.170000e-06	5.089511e-06	1.193406e-09	3.543057e+01	7.579527e+01
4.180000e-06	5.070737e-06	1.164149e-09	3.529987e+01	7.577356e+01
4.190000e-06	5.051744e-06	1.110455e-09	3.516765e+01	7.575121e+01
4.200000e-06	5.032486e-06	1.174082e-09	3.503359e+01	7.572821e+01
4.210000e-06	5.012811e-06	1.179265e-09	3.489662e+01	7.570452e+01
4.220000e-06	4.992823e-06	1.117630e-09	3.475747e+01	7.568011e+01
4.230000e-06	4.972637e-06	1.141173e-09	3.461695e+01	7.565492e+01
4.240000e-06	4.952177e-06	1.204930e-09	3.447452e+01	7.562888e+01
4.250000e-06	4.931357e-06	1.152538e-09	3.432958e+01	7.560191e+01
4.260000e-06	4.910131e-06	1.143108e-09	3.418181e+01	7.557395e+01
4.270000e-06	4.888349e-06	1.179705e-09	3.403018e+01	7.554491e+01
4.280000e-06	4.865832e-06	1.153609e-09	3.387343e+01	7.551469e+01
4.290000e-06	4.842781e-06	1.133895e-09	3.371296e+01	7.548321e+01
4.300000e-06	4.819383e-06	1.187603e-09	3.355008e+01	7.545038e+01
4.310000e-06	4.795601e-06	1.165132e-09	3.338452e+01	7.541612e+01
4.320000e-06	4.771557e-06	1.136932e-09	3.321713e+01	7.538036e+01
4.330000e-06	4.747256e-06	1.182692e-09	3.304796e+01	7.534303e+01
4.340000e-06	4.722731e-06	1.191275e-09	3.287723e+01	7.530407e+01
4.350000e-06	4.697990e-06	1.147002e-09	3.270500e+01	7.526342e+01
4.360000e-06	4.672862e-06	1.167952e-09	3.253007e+01	7.522106e+01
4.370000e-06	4.647389e-06	1.181054e-09	3.235274e+01	7.517695e+01
4.380000e-06	4.621613e-06	1.150515e-09	3.217330e+01	7.513108e+01
4.390000e-06	4.595555e-06	1.162434e-09	3.199190e+01	7.508345e+01
4.400000e-06	4.569202e-06	1.181770e-09	3.180844e+01	7.503407e+01
4.410000e-06	4.542446e-06	1.156915e-09	3.162218e+01	7.498295e+01
4.420000e-06	4.515372e-06	1.148785e-09	3.143371e+01	7.493013e+01
4.430000e-06	4.488093e-06	1.159465e-09	3.124380e+01	7.487563e+01
4.440000e-06	4.460499e-06	1.149137e-09	3.105171e+01	7.481950e+01
4.450000e-06	4.432601e-06	1.155506e-09	3.085749e+01	7.476180e+01
4.460000e-06	4.404548e-06	1.162991e-09	3.066221e+01	7.470256e+01
4.470000e-06	4.376318e-06	1.154614e-09	3.046568e+01	7.464184e+01
4.480000e-06	4.347814e-06	1.153211e-09	3.026725e+01	7.457970e+01
4.490000e-06	4.318881e-06	1.170451e-09	3.006584e+01	7.451618e+01
4.500000e-06	4.289603e-06	1.159420e-09	2.986202e+01	7.445133e+01
4.510000e-06	4.259894e-06	1.148535e-09	2.965520e+01	7.438519e+01
4.520000e-06	4.229571e-06	1.151659e-09	2.944411e+01	7.431780e+01
4.530000e-06	4.198722e-06	1.155473e-09	2.922935e+01	7.424919e+01
4.540000e-06	4.167497e-06	1.147588e-09	2.901198e+01	7.417937e+01
4.550000e-06	4.136061e-06	1.155644e-09	2.879314e+01	7.410835e+01
4.560000e-06	4.104349e-06	1.157832e-09	2.857237e+01	7.403616e+01
4.570000e-06	4.072382e-06	1.150768e-09	2.834984e+01	7.396277e+01
4.580000e-06	4.040263e-06	1.148411e-09	2.812624e+01	7.388817e+01
4.590000e-06	4.007949e-06	1.157538e-09	2.790129e+01	7.381236e+01
4.600000e-06	3.975324e-06	1.150786e-09	2.767417e+01	7.373531e+01
4.610000e-06	3.942392e-06	1.144590e-09	2.744491e+01	7.365699e+01
4.620000e-06	3.909190e-06	1.146085e-09	2.721378e+01	7.357736e+01
4.630000e-06	3.875748e-06	1.147562e-09	2.698097e+01	7.349641e+01
4.640000e-06	3.842053e-06	1.143114e-09	2.674640e+01	7.341408e+01
4.650000e-06	3.808062e-06	1.148646e-09	2.650978e+01	7.333036e+01
4.660000e-06	3.773865e-06	1.147943e-09	2.627172e+01	7.324522e+01
4.670000e-06	3.739480e-06	1.137924e-09	2.603234e+01	7.315862e+01
4.680000e-06	3.704805e-06	1.138817e-09	2.579095e+01	7.307056e+01
4.690000e-06	3.669824e-06	1.144683e-09	2.554744e+01	7.298101e+01
4.700000e-06	3.634542e-06	1.147641e-09	2.530182e+01	7.288998e+01
4.710000e-06	3.599005e-06	1.146014e-09	2.505443e+01	7.279746e+01
4.720000e-06	3.563328e-06	1.147272e-09	2.480606e+01	7.270345e+01
4.730000e-06	3.527496e-06	1.141712e-09	2.455662e+01	7.260798e+01
4.740000e-06	3.491474e-06	1.136843e-09	2.430585e+01	7.251106e+01
4.750000e-06	3.455349e-06	1.135898e-09	2.405437e+01	7.241270e+01
4.760000e-06	3.419134e-06	1.136237e-09	2.380226e+01	7.231294e+01
4.770000e-06	3.382781e-06	1.133056e-09	2.354919e+01	7.221179e+01
4.780000e-06	3.346088e-06	1.137354e-09	2.329375e+01	7.210928e+01
4.790000e-06	3.308996e-06	1.140795e-09	2.303553e+01	7.200541e+01
4.800000e-06	3.271491e-06	1.140278e-09	2.277444e+01	7.190019e+01
4.810000e-06	3.233539e-06	1.136628e-09	2.251024e+01	7.179361e+01
4.820000e-06	3.195275e-06	1.132049e-09	2.224387e+01	7.168565e+01
4.830000e-06	3.156596e-06	1.123580e-09	2.197460e+01	7.157627e+01
4.840000e-06	3.117548e-06	1.122880e-09	2.170277e+01	7.146539e+01
4.850000e-06	3.078244e-06	1.125789e-09	2.142916e+01	7.135293e+01
4.860000e-06	3.038646e-06	1.129709e-09	2.115350e+01	7.123877e+01
4.870000e-06	2.998861e-06	1.130885e-09	2.087653e+01	7.112276e+01
4.880000e-06	2.959011e-06	1.133327e-09	2.059912e+01	7.100472e+01
4.890000e-06	2.919055e-06	1.133765e-09	2.032097e+01	7.088443e+01
4.900000e-06	2.878966e-06	1.131362e-09	2.004188e+01	7.076164e+01
4.910000e-06	2.838727e-06	1.126055e-09	1.976176e+01	7.063607e+01
4.920000e-06	2.798324e-06	1.119853e-09	1.948050e+01	7.050740e+01
4.930000e-06	2.757708e-06	1.117536e-09	1.919775e+01	7.037527e+01
4.940000e-06	2.716879e-06	1.121971e-09	1.891352e+01	7.023930e+01
4.950000e-06	2.675908e-06	1.129041e-09	1.862830e+01	7.009909e+01
4.960000e-06	2.634751e-06	1.135291e-09	1.834179e+01	6.995419e+01
4.970000e-06	2.593321e-06	1.139650e-09	1.805337e+01	6.980416e+01
4.980000e-06	2.551783e-06	1.136528e-09	1.776420e+01	6.964851e+01
4.990000e-06	2.510059e-06	1.127285e-09	1.747374e+01	6.948677e+01
5.000000e-06	2.468062e-06	1.118980e-09	1.718138e+01	6.931846e+01
5.010000e-06	2.425957e-06	1.115148e-09	1.688827e+01	6.914309e+01
5.020000e-06	2.383735e-06	1.114190e-09	1.659434e+01	6.896018e+01
5.030000e-06	2.341431e-06	1.117398e-09	1.629984e+01	6.876928e+01
5.040000e-06	2.298972e-06	1.122801e-09	1.600427e+01	6.856995e+01
5.050000e-06	2.256296e-06	1.126583e-09	1.570718e+01	6.836178e+01
5.060000e-06	2.213453e-06	1.123395e-09	1.540892e+01	6.814440e+01
5.070000e-06	2.170411e-06	1.118644e-09	1.510929e+01	6.791746e+01
5.080000e-06	2.127235e-06	1.111735e-09	1.480872e+01	6.768068e+01
5.090000e-06	2.083948e-06	1.105098e-09	1.450738e+01	6.743380e+01
5.100000e-06	2.040522e-06	1.099628e-09	1.420507e+01	6.717664e+01
5.110000e-06	1.997005e-06	1.096518e-09	1.390213e+01	6.690905e+01
5.120000e-06	1.953366e-06	1.093739e-09	1.359834e+01	6.663095e+01
5.130000e-06	1.909575e-06	1.094204e-09	1.329348e+01	6.634230e+01
5.140000e-06	1.865713e-06	1.095069e-09	1.298814e+01	6.604312e+01
5.150000e-06	1.821826e-06	1.093471e-09	1.268262e+01	6.573347e+01
5.160000e-06	1.777844e-06	1.087497e-09	1.237644e+01	6.541347e+01
5.170000e-06	1.733778e-06	1.081988e-09	1.206967e+01	6.508326e+01
5.180000e-06	1.689686e-06	1.077863e-09	1.176273e+01	6.474303e+01
5.190000e-06	1.645502e-06	1.074351e-09	1.145514e+01	6.439298e+01
5.200000e-06	1.601204e-06	1.071418e-09	1.114676e+01	6.403333e+01
5.210000e-06	1.556810e-06	1.067393e-09	1.083772e+01	6.366432e+01
5.220000e-06	1.512364e-06	1.061506e-09	1.052831e+01	6.328616e+01
5.230000e-06	1.467922e-06	1.054116e-09	1.021892e+01	6.289905e+01
5.240000e-06	1.423383e-06	1.046738e-09	9.908863e+00	6.250318e+01
5.250000e-06	1.378699e-06	1.039759e-09	9.597793e+00	6.209867e+01
5.260000e-06	1.333822e-06	1.036758e-09	9.285382e+00	6.168562e+01
5.270000e-06	1.288838e-06	1.036284e-09	8.972228e+00	6.126402e+01
5.280000e-06	1.243797e-06	1.035364e-09	8.658676e+00	6.083383e+01
5.290000e-06	1.198626e-06	1.033548e-09	8.344222e+00	6.039490e+01
5.300000e-06	1.153366e-06	1.026642e-09	8.029139e+00	5.994698e+01
5.310000e-06	1.108011e-06	1.013604e-09	7.713404e+00	5.948973e+01
5.320000e-06	1.062599e-06	1.000262e-09	7.397272e+00	5.902268e+01
5.330000e-06	1.017123e-06	9.911435e-10	7.080691e+00	5.854524e+01
5.340000e-06	9.714679e-07	9.879702e-10	6.762862e+00	5.805671e+01
5.350000e-06	9.255774e-07	9.849111e-10	6.443396e+00	5.755626e+01
5.360000e-06	8.796861e-07	9.801912e-10	6.123924e+00	5.704292e+01
5.370000e-06	8.338179e-07	9.747569e-10	5.804613e+00	5.651562e+01
5.380000e-06	7.878709e-07	9.670350e-10	5.484753e+00	5.597314e+01
5.390000e-06	7.419543e-07	9.554564e-10	5.165106e+00	5.541415e+01
5.400000e-06	6.958906e-07	9.423453e-10	4.844433e+00	5.483723e+01
5.410000e-06	6.496235e-07	9.317742e-10	4.522346e+00	5.424085e+01
5.420000e-06	6.033523e-07	9.252280e-10	4.200230e+00	5.362337e+01
5.430000e-06	5.570694e-07	9.204100e-10	3.878031e+00	5.298312e+01
5.440000e-06	5.108372e-07	9.121316e-10	3.556187e+00	5.231833e+01
5.450000e-06	4.646291e-07	8.988462e-10	3.234510e+00	5.162722e+01
5.460000e-06	4.182677e-07	8.843943e-10	2.911765e+00	5.090797e+01
5.470000e-06	3.718550e-07	8.706076e-10	2.588664e+00	5.015875e+01
5.480000e-06	3.255347e-07	8.591681e-10	2.266206e+00	4.937775e+01
5.490000e-06	2.792895e-07	8.501270e-10	1.944271e+00	4.856322e+01
5.500000e-06	2.329677e-07	8.386940e-10	1.621802e+00	4.771342e+01
5.510000e-06	1.864740e-07	8.227635e-10	1.298137e+00	4.682674e+01
5.520000e-06	1.399549e-07	8.052898e-10	9.742941e-01	4.590162e+01
5.530000e-06	9.350657e-08	7.863959e-10	6.509448e-01	4.493666e+01
5.540000e-06	4.698729e-08	7.669765e-10	3.271014e-01	4.393058e+01
5.550000e-06	4.473127e-10	7.507594e-10	3.113962e-03	4.288224e+01
5.560000e-06	-4.594411e-08	7.389174e-10	-3.198393e-01	4.179072e+01
5.570000e-06	-9.222870e-08	7.237598e-10	-6.420489e-01	4.065523e+01
5.580000e-06	-1.386231e-07	7.020990e-10	-9.650227e-01	3.947524e+01
5.590000e-06	-1.850342e-07	6.775918e-10	-1.288113e+00	3.825040e+01
5.600000e-06	-2.313453e-07	6.524798e-10	-1.610507e+00	3.698059e+01
5.610000e-06	-2.776905e-07	6.286988e-10	-1.933139e+00	3.566592e+01
5.620000e-06	-3.240437e-07	6.082585e-10	-2.255826e+00	3.430675e+01
5.630000e-06	-3.703615e-07	5.873966e-10	-2.578267e+00	3.290367e+01
5.640000e-06	-4.166552e-07	5.629774e-10	-2.900540e+00	3.145751e+01
5.650000e-06	-4.629419e-07	5.372986e-10	-3.222765e+00	2.996932e+01
5.660000e-06	-5.092380e-07	5.097081e-10	-3.545054e+00	2.844042e+01
5.670000e-06	-5.555047e-07	4.806855e-10	-3.867139e+00	2.687232e+01
5.680000e-06	-6.016575e-07	4.517959e-10	-4.188431e+00	2.526675e+01
5.690000e-06	-6.477588e-07	4.227064e-10	-4.509364e+00	2.362567e+01
5.700000e-06	-6.938380e-07	3.936521e-10	-4.830144e+00	2.195120e+01
5.710000e-06	-7.398798e-07	3.658569e-10	-5.150664e+00	2.024565e+01
5.720000e-06	-7.858856e-07	3.385173e-10	-5.470932e+00	1.851149e+01
5.730000e-06	-8.318514e-07	3.106825e-10	-5.790923e+00	1.675132e+01
5.740000e-06	-8.777305e-07	2.808947e-10	-6.110310e+00	1.496788e+01
5.750000e-06	-9.234917e-07	2.500332e-10	-6.428876e+00	1.316399e+01
5.760000e-06	-9.691597e-07	2.182607e-10	-6.746793e+00	1.134257e+01
5.770000e-06	-1.014805e-06	1.858846e-10	-7.064552e+00	9.506589e+00
5.780000e-06	-1.060402e-06	1.553404e-10	-7.381973e+00	7.659058e+00
5.790000e-06	-1.105891e-06	1.268083e-10	-7.698649e+00	5.803005e+00
5.800000e-06	-1.151296e-06	9.841276e-11	-8.014734e+00	3.941458e+00
5.810000e-06	-1.196478e-06	6.766799e-11	-8.329269e+00	2.077420e+00
5.820000e-06	-1.241469e-06	3.394418e-11	-8.642473e+00	2.138539e-01
5.830000e-06	-1.286394e-06	1.069611e-13	-8.955216e+00	-1.646339e+00
5.840000e-06	-1.331210e-06	-3.170461e-11	-9.267202e+00	-3.500334e+00
5.850000e-06	-1.376002e-06	-6.318398e-11	-9.579023e+00	-5.345400e+00
5.860000e-06	-1.420669e-06	-9.369291e-11	-9.889970e+00	-7.178910e+00
5.870000e-06	-1.465128e-06	-1.226295e-10	-1.019947e+01	-8.998362e+00
5.880000e-06	-1.509551e-06	-1.516052e-10	-1.050872e+01	-1.080138e+01
5.890000e-06	-1.553959e-06	-1.806112e-10	-1.081787e+01	-1.258574e+01
5.900000e-06	-1.598341e-06	-2.112347e-10	-1.112683e+01	-1.434935e+01
5.910000e-06	-1.642620e-06	-2.427044e-10	-1.143508e+01	-1.609028e+01
5.920000e-06	-1.686800e-06	-2.746913e-10	-1.174263e+01	-1.780677e+01
5.930000e-06	-1.730909e-06	-3.067872e-10	-1.204970e+01	-1.949722e+01
5.940000e-06	-1.774940e-06	-3.383669e-10	-1.235622e+01	-2.116016e+01
5.950000e-06	-1.818942e-06	-3.682567e-10	-1.266254e+01	-2.279434e+01
5.960000e-06	-1.862845e-06	-3.954504e-10	-1.296817e+01	-2.439863e+01
5.970000e-06	-1.906690e-06	-4.220615e-10	-1.327340e+01	-2.597206e+01
5.980000e-06	-1.950489e-06	-4.494662e-10	-1.357830e+01	-2.751385e+01
5.990000e-06	-1.994228e-06	-4.767274e-10	-1.388279e+01	-2.902331e+01
6.000000e-06	-2.037889e-06	-5.009257e-10	-1.418674e+01	-3.049996e+01
6.010000e-06	-2.081375e-06	-5.237990e-10	-1.448947e+01	-3.194339e+01
6.020000e-06	-2.124668e-06	-5.485967e-10	-1.479085e+01	-3.335337e+01
6.030000e-06	-2.167682e-06	-5.748836e-10	-1.509029e+01	-3.472976e+01
6.040000e-06	-2.210457e-06	-5.993286e-10	-1.538807e+01	-3.607253e+01
6.050000e-06	-2.253088e-06	-6.222338e-10	-1.568485e+01	-3.738176e+01
6.060000e-06	-2.295534e-06	-6.436645e-10	-1.598033e+01	-3.865762e+01
6.070000e-06	-2.337821e-06	-6.637238e-10	-1.627471e+01	-3.990036e+01
6.080000e-06	-2.380012e-06	-6.834162e-10	-1.656842e+01	-4.111030e+01
6.090000e-06	-2.422117e-06	-7.025803e-10	-1.686154e+01	-4.228782e+01
6.100000e-06	-2.464098e-06	-7.216622e-10	-1.715379e+01	-4.343338e+01
6.110000e-06	-2.505882e-06	-7.418250e-10	-1.744466e+01	-4.454744e+01
6.120000e-06	-2.547483e-06	-7.656489e-10	-1.773427e+01	-4.563055e+01
6.130000e-06	-2.588881e-06	-7.893235e-10	-1.802246e+01	-4.668324e+01
6.140000e-06	-2.630094e-06	-8.102939e-10	-1.830936e+01	-4.770610e+01
6.150000e-06	-2.671072e-06	-8.282198e-10	-1.859463e+01	-4.869971e+01
6.160000e-06	-2.711846e-06	-8.423954e-10	-1.887848e+01	-4.966469e+01
6.170000e-06	-2.752422e-06	-8.541128e-10	-1.916095e+01	-5.060164e+01
6.180000e-06	-2.792762e-06	-8.653135e-10	-1.944178e+01	-5.151117e+01
6.190000e-06	-2.832920e-06	-8.783034e-10	-1.972134e+01	-5.239388e+01
6.200000e-06	-2.872948e-06	-8.944335e-10	-1.999999e+01	-5.325038e+01
6.210000e-06	-2.912967e-06	-9.112681e-10	-2.027858e+01	-5.408125e+01
6.220000e-06	-2.952949e-06	-9.278619e-10	-2.055692e+01	-5.488708e+01
6.230000e-06	-2.992735e-06	-9.437011e-10	-2.083389e+01	-5.566841e+01
6.240000e-06	-3.032359e-06	-9.565743e-10	-2.110973e+01	-5.642582e+01
6.250000e-06	-3.071858e-06	-9.651949e-10	-2.138470e+01	-5.715982e+01
6.260000e-06	-3.111059e-06	-9.714691e-10	-2.165760e+01	-5.787094e+01
6.270000e-06	-3.149961e-06	-9.794243e-10	-2.192842e+01	-5.855969e+01
6.280000e-06	-3.188526e-06	-9.887915e-10	-2.219688e+01	-5.922654e+01
6.290000e-06	-3.226720e-06	-9.995632e-10	-2.246277e+01	-5.987199e+01
6.300000e-06	-3.264537e-06	-1.010076e-09	-2.272604e+01	-6.049648e+01
6.310000e-06	-3.301827e-06	-1.020447e-09	-2.298563e+01	-6.110048e+01
6.320000e-06	-3.338584e-06	-1.030658e-09	-2.324151e+01	-6.168442e+01
6.330000e-06	-3.375062e-06	-1.041063e-09	-2.349545e+01	-6.224874e+01
6.340000e-06	-3.411418e-06	-1.050698e-09	-2.374855e+01	-6.279385e+01
6.350000e-06	-3.447621e-06	-1.059643e-09	-2.400057e+01	-6.332020e+01
6.360000e-06	-3.483691e-06	-1.067041e-09	-2.425167e+01	-6.382818e+01
6.370000e-06	-3.519665e-06	-1.071299e-09	-2.450210e+01	-6.431821e+01
6.380000e-06	-3.555453e-06	-1.075496e-09	-2.475124e+01	-6.479071e+01
6.390000e-06	-3.590985e-06	-1.082110e-09	-2.499860e+01	-6.524608e+01
6.400000e-06	-3.626324e-06	-1.090735e-09	-2.524461e+01	-6.568474e+01
6.410000e-06	-3.661436e-06	-1.099149e-09	-2.548904e+01	-6.610711e+01
6.420000e-06	-3.696253e-06	-1.107535e-09	-2.573142e+01	-6.651360e+01
6.430000e-06	-3.730752e-06	-1.116754e-09	-2.597158e+01	-6.690462e+01
6.440000e-06	-3.764982e-06	-1.125919e-09	-2.620988e+01	-6.728060e+01
6.450000e-06	-3.799030e-06	-1.132359e-09	-2.644690e+01	-6.764197e+01
6.460000e-06	-3.832837e-06	-1.135767e-09	-2.668225e+01	-6.798915e+01
6.470000e-06	-3.866344e-06	-1.138606e-09	-2.691551e+01	-6.832256e+01
6.480000e-06	-3.899550e-06	-1.140096e-09	-2.714667e+01	-6.864264e+01
6.490000e-06	-3.932411e-06	-1.142199e-09	-2.737543e+01	-6.894982e+01
6.500000e-06	-3.964971e-06	-1.147494e-09	-2.760210e+01	-6.924453e+01
6.510000e-06	-3.997316e-06	-1.155319e-09	-2.782727e+01	-6.952719e+01
6.520000e-06	-4.029504e-06	-1.164913e-09	-2.805134e+01	-6.979823e+01
6.530000e-06	-4.061513e-06	-1.171902e-09	-2.827417e+01	-7.005806e+01
6.540000e-06	-4.093309e-06	-1.176659e-09	-2.849552e+01	-7.030711e+01
6.550000e-06	-4.124867e-06	-1.176349e-09	-2.871521e+01	-7.054578e+01
6.560000e-06	-4.156066e-06	-1.175639e-09	-2.893240e+01	-7.077447e+01
6.570000e-06	-4.186859e-06	-1.175361e-09	-2.914677e+01	-7.099356e+01
6.580000e-06	-4.217247e-06	-1.175950e-09	-2.935831e+01	-7.120345e+01
6.590000e-06	-4.247201e-06	-1.178373e-09	-2.956684e+01	-7.140448e+01
6.600000e-06	-4.276604e-06	-1.181725e-09	-2.977153e+01	-7.159702e+01
6.610000e-06	-4.305508e-06	-1.187656e-09	-2.997274e+01	-7.178141e+01
6.620000e-06	-4.334027e-06	-1.194414e-09	-3.017127e+01	-7.195797e+01
6.630000e-06	-4.362312e-06	-1.198302e-09	-3.036818e+01	-7.212701e+01
6.640000e-06	-4.390451e-06	-1.201841e-09	-3.056407e+01	-7.228883e+01
6.650000e-06	-4.418367e-06	-1.202333e-09	-3.075841e+01	-7.244370e+01
6.660000e-06	-4.446140e-06	-1.197791e-09	-3.095175e+01	-7.259189e+01
6.670000e-06	-4.473750e-06	-1.196236e-09	-3.114395e+01	-7.273365e+01
6.680000e-06	-4.500905e-06	-1.197889e-09	-3.133299e+01	-7.286921e+01
6.690000e-06	-4.527623e-06	-1.201271e-09	-3.151899e+01	-7.299880e+01
6.700000e-06	-4.554071e-06	-1.205033e-09	-3.170311e+01	-7.312261e+01
6.710000e-06	-4.580209e-06	-1.208949e-09	-3.188507e+01	-7.324086e+01
6.720000e-06	-4.606055e-06	-1.211523e-09	-3.206499e+01	-7.335371e+01
6.730000e-06	-4.631571e-06	-1.211888e-09	-3.224262e+01	-7.346136e+01
6.740000e-06	-4.656742e-06	-1.212023e-09	-3.241785e+01	-7.356398e+01
6.750000e-06	-4.681580e-06	-1.213492e-09	-3.259076e+01	-7.366171e+01
6.760000e-06	-4.706123e-06	-1.213136e-09	-3.276162e+01	-7.375473e+01
6.770000e-06	-4.730432e-06	-1.212371e-09	-3.293084e+01	-7.384319e+01
6.780000e-06	-4.754532e-06	-1.212741e-09	-3.309861e+01	-7.392724e+01
6.790000e-06	-4.778462e-06	-1.213603e-09	-3.326520e+01	-7.400703e+01
6.800000e-06	-4.802206e-06	-1.211200e-09	-3.343050e+01	-7.408273e+01
6.810000e-06	-4.825530e-06	-1.207251e-09	-3.359287e+01	-7.415447e+01
6.820000e-06	-4.848344e-06	-1.206158e-09	-3.375169e+01	-7.422242e+01
6.830000e-06	-4.870592e-06	-1.208092e-09	-3.390656e+01	-7.428674e+01
6.840000e-06	-4.892187e-06	-1.211487e-09	-3.405690e+01	-7.434760e+01
6.850000e-06	-4.913296e-06	-1.215330e-09	-3.420385e+01	-7.440514e+01
6.860000e-06	-4.933991e-06	-1.215590e-09	-3.434792e+01	-7.445956e+01
6.870000e-06	-4.954363e-06	-1.211404e-09	-3.448973e+01	-7.451101e+01
6.880000e-06	-4.974534e-06	-1.206354e-09	-3.463016e+01	-7.455968e+01
6.890000e-06	-4.994510e-06	-1.202792e-09	-3.476922e+01	-7.460574e+01
6.900000e-06	-5.014212e-06	-1.202728e-09	-3.490637e+01	-7.464936e+01
6.910000e-06	-5.033631e-06	-1.206990e-09	-3.504156e+01	-7.469073e+01
6.920000e-06	-5.052679e-06	-1.214453e-09	-3.517416e+01	-7.473002e+01
6.930000e-06	-5.071301e-06	-1.220477e-09	-3.530380e+01	-7.476740e+01
6.940000e-06	-5.089616e-06	-1.221998e-09	-3.543130e+01	-7.480304e+01
6.950000e-06	-5.107588e-06	-1.219802e-09	-3.555641e+01	-7.483711e+01
6.960000e-06	-5.125272e-06	-1.211789e-09	-3.567951e+01	-7.486974e+01
6.970000e-06	-5.142626e-06	-1.201343e-09	-3.580032e+01	-7.490109e+01
6.980000e-06	-5.159543e-06	-1.196280e-09	-3.591809e+01	-7.493129e+01
6.990000e-06	-5.176079e-06	-1.198150e-09	-3.603321e+01	-7.496046e+01
7.000000e-06	-5.192341e-06	-1.203722e-09	-3.614642e+01	-7.498870e+01
7.010000e-06	-5.208449e-06	-1.207923e-09	-3.625855e+01	-7.501612e+01
7.020000e-06	-5.224319e-06	-1.209626e-09	-3.636903e+01	-7.504278e+01
7.030000e-06	-5.239785e-06	-1.206775e-09	-3.647670e+01	-7.506876e+01
7.040000e-06	-5.254706e-06	-1.201138e-09	-3.658057e+01	-7.509409e+01
7.050000e-06	-5.268900e-06	-1.196681e-09	-3.667938e+01	-7.511881e+01
7.060000e-06	-5.282412e-06	-1.195433e-09	-3.677345e+01	-7.514293e+01
7.070000e-06	-5.295474e-06	-1.197165e-09	-3.686438e+01	-7.516646e+01
7.080000e-06	-5.308102e-06	-1.197995e-09	-3.695229e+01	-7.518938e+01
7.090000e-06	-5.320343e-06	-1.197589e-09	-3.703750e+01	-7.521167e+01
7.100000e-06	-5.332330e-06	-1.195227e-09	-3.712095e+01	-7.523330e+01
7.110000e-06	-5.343906e-06	-1.192453e-09	-3.720153e+01	-7.525421e+01
7.120000e-06	-5.355011e-06	-1.189630e-09	-3.727884e+01	-7.527436e+01
7.130000e-06	-5.365683e-06	-1.186182e-09	-3.735314e+01	-7.529369e+01
7.140000e-06	-5.375991e-06	-1.184811e-09	-3.742489e+01	-7.531215e+01
7.150000e-06	-5.386107e-06	-1.186875e-09	-3.749532e+01	-7.532967e+01
7.160000e-06	-5.395884e-06	-1.190735e-09	-3.756338e+01	-7.534621e+01
7.170000e-06	-5.405099e-06	-1.190615e-09	-3.762753e+01	-7.536171e+01
7.180000e-06	-5.413883e-06	-1.185557e-09	-3.768868e+01	-7.537613e+01
7.190000e-06	-5.422421e-06	-1.180850e-09	-3.774811e+01	-7.538943e+01
7.200000e-06	-5.430689e-06	-1.180266e-09	-3.780568e+01	-7.540160e+01
7.210000e-06	-5.438694e-06	-1.181891e-09	-3.786140e+01	-7.541262e+01
7.220000e-06	-5.446427e-06	-1.184863e-09	-3.791523e+01	-7.542251e+01
7.230000e-06	-5.453792e-06	-1.188070e-09	-3.796650e+01	-7.543127e+01
7.240000e-06	-5.460671e-06	-1.188770e-09	-3.801439e+01	-7.543895e+01
7.250000e-06	-5.466927e-06	-1.187929e-09	-3.805794e+01	-7.544560e+01
7.260000e-06	-5.472487e-06	-1.186344e-09	-3.809665e+01	-7.545129e+01
7.270000e-06	-5.477585e-06	-1.184528e-09	-3.813214e+01	-7.545612e+01
7.280000e-06	-5.482310e-06	-1.182902e-09	-3.816504e+01	-7.546017e+01
7.290000e-06	-5.486657e-06	-1.181073e-09	-3.819529e+01	-7.546357e+01
7.300000e-06	-5.490765e-06	-1.180357e-09	-3.822389e+01	-7.546645e+01
7.310000e-06	-5.494591e-06	-1.179085e-09	-3.825052e+01	-7.546894e+01
7.320000e-06	-5.498059e-06	-1.177017e-09	-3.827467e+01	-7.547119e+01
7.330000e-06	-5.501141e-06	-1.177212e-09	-3.829612e+01	-7.547336e+01
7.340000e-06	-5.503871e-06	-1.179120e-09	-3.831513e+01	-7.547560e+01
7.350000e-06	-5.506274e-06	-1.181053e-09	-3.833185e+01	-7.547807e+01
7.360000e-06	-5.508388e-06	-1.182625e-09	-3.834657e+01	-7.548092e+01
7.370000e-06	-5.510199e-06	-1.180872e-09	-3.835918e+01	-7.548431e+01
7.380000e-06	-5.511455e-06	-1.176167e-09	-3.836793e+01	-7.548836e+01
7.390000e-06	-5.512224e-06	-1.173511e-09	-3.837328e+01	-7.549321e+01
7.400000e-06	-5.512692e-06	-1.173129e-09	-3.837654e+01	-7.549897e+01
