# Temperatura_=_-8.9
# Concentracion g/m^3_=_1620.0
# C_Vs_to_Am_M_A/Vsm_=_65563218390.804596
# pendiente_HvsI_1/m_=_3716.3
# ordenada_HvsI_A/m_=_1297.0
# frecuencia_Hz_=_135106.93999538614

Tiempo_(s)	Campo_(V.s)	Magnetizacion_(V.s)	Campo_(kA/m)	Magnetizacion_(A/m)
0.000000e+00	-5.519560e-06	-1.425463e-09	-3.837873e+01	-9.178148e+01
1.000000e-08	-5.519639e-06	-1.423912e-09	-3.837928e+01	-9.170480e+01
2.000000e-08	-5.519486e-06	-1.423108e-09	-3.837822e+01	-9.162798e+01
3.000000e-08	-5.518952e-06	-1.419967e-09	-3.837450e+01	-9.155130e+01
4.000000e-08	-5.517877e-06	-1.414084e-09	-3.836703e+01	-9.147508e+01
5.000000e-08	-5.516247e-06	-1.402336e-09	-3.835569e+01	-9.139962e+01
6.000000e-08	-5.514029e-06	-1.382774e-09	-3.834027e+01	-9.132522e+01
7.000000e-08	-5.511181e-06	-1.386748e-09	-3.832047e+01	-9.125214e+01
8.000000e-08	-5.507788e-06	-1.442595e-09	-3.829688e+01	-9.118065e+01
9.000000e-08	-5.503977e-06	-1.475428e-09	-3.827038e+01	-9.111096e+01
1.000000e-07	-5.499771e-06	-1.410956e-09	-3.824113e+01	-9.104325e+01
1.100000e-07	-5.495307e-06	-1.349119e-09	-3.821009e+01	-9.097766e+01
1.200000e-07	-5.490756e-06	-1.375753e-09	-3.817845e+01	-9.091427e+01
1.300000e-07	-5.485932e-06	-1.422527e-09	-3.814491e+01	-9.085310e+01
1.400000e-07	-5.480646e-06	-1.402223e-09	-3.810815e+01	-9.079412e+01
1.500000e-07	-5.474982e-06	-1.357294e-09	-3.806877e+01	-9.073723e+01
1.600000e-07	-5.468954e-06	-1.404403e-09	-3.802686e+01	-9.068228e+01
1.700000e-07	-5.462458e-06	-1.413935e-09	-3.798169e+01	-9.062904e+01
1.800000e-07	-5.455496e-06	-1.384563e-09	-3.793328e+01	-9.057723e+01
1.900000e-07	-5.448106e-06	-1.353973e-09	-3.788189e+01	-9.052650e+01
2.000000e-07	-5.440471e-06	-1.400205e-09	-3.782881e+01	-9.047646e+01
2.100000e-07	-5.432652e-06	-1.436335e-09	-3.777444e+01	-9.042666e+01
2.200000e-07	-5.424602e-06	-1.429223e-09	-3.771846e+01	-9.037661e+01
2.300000e-07	-5.416328e-06	-1.405876e-09	-3.766094e+01	-9.032580e+01
2.400000e-07	-5.407654e-06	-1.409344e-09	-3.760062e+01	-9.027368e+01
2.500000e-07	-5.398181e-06	-1.408126e-09	-3.753475e+01	-9.021969e+01
2.600000e-07	-5.387919e-06	-1.392173e-09	-3.746340e+01	-9.016328e+01
2.700000e-07	-5.377114e-06	-1.390121e-09	-3.738827e+01	-9.010388e+01
2.800000e-07	-5.365827e-06	-1.402679e-09	-3.730979e+01	-9.004095e+01
2.900000e-07	-5.354187e-06	-1.414245e-09	-3.722886e+01	-8.997400e+01
3.000000e-07	-5.342211e-06	-1.393110e-09	-3.714559e+01	-8.990253e+01
3.100000e-07	-5.329772e-06	-1.389353e-09	-3.705909e+01	-8.982612e+01
3.200000e-07	-5.316765e-06	-1.391241e-09	-3.696865e+01	-8.974441e+01
3.300000e-07	-5.303364e-06	-1.401926e-09	-3.687547e+01	-8.965708e+01
3.400000e-07	-5.289708e-06	-1.369339e-09	-3.678051e+01	-8.956389e+01
3.500000e-07	-5.275599e-06	-1.368600e-09	-3.668241e+01	-8.946467e+01
3.600000e-07	-5.260964e-06	-1.393826e-09	-3.658065e+01	-8.935934e+01
3.700000e-07	-5.245947e-06	-1.402931e-09	-3.647624e+01	-8.924789e+01
3.800000e-07	-5.230382e-06	-1.354142e-09	-3.636801e+01	-8.913038e+01
3.900000e-07	-5.214183e-06	-1.366232e-09	-3.625538e+01	-8.900697e+01
4.000000e-07	-5.197672e-06	-1.395227e-09	-3.614057e+01	-8.887787e+01
4.100000e-07	-5.180840e-06	-1.365412e-09	-3.602354e+01	-8.874338e+01
4.200000e-07	-5.163591e-06	-1.333126e-09	-3.590360e+01	-8.860386e+01
4.300000e-07	-5.146170e-06	-1.386663e-09	-3.578246e+01	-8.845973e+01
4.400000e-07	-5.128477e-06	-1.394641e-09	-3.565945e+01	-8.831145e+01
4.500000e-07	-5.110318e-06	-1.343502e-09	-3.553318e+01	-8.815952e+01
4.600000e-07	-5.091709e-06	-1.355252e-09	-3.540378e+01	-8.800450e+01
4.700000e-07	-5.072689e-06	-1.390729e-09	-3.527154e+01	-8.784693e+01
4.800000e-07	-5.053323e-06	-1.351318e-09	-3.513688e+01	-8.768738e+01
4.900000e-07	-5.033694e-06	-1.334394e-09	-3.500039e+01	-8.752641e+01
5.000000e-07	-5.013897e-06	-1.369349e-09	-3.486274e+01	-8.736458e+01
5.100000e-07	-4.993899e-06	-1.350158e-09	-3.472369e+01	-8.720241e+01
5.200000e-07	-4.973485e-06	-1.329433e-09	-3.458175e+01	-8.704040e+01
5.300000e-07	-4.952729e-06	-1.374473e-09	-3.443743e+01	-8.687901e+01
5.400000e-07	-4.931687e-06	-1.378404e-09	-3.429112e+01	-8.671864e+01
5.500000e-07	-4.910256e-06	-1.327034e-09	-3.414210e+01	-8.655963e+01
5.600000e-07	-4.888498e-06	-1.345285e-09	-3.399081e+01	-8.640227e+01
5.700000e-07	-4.866445e-06	-1.367490e-09	-3.383747e+01	-8.624679e+01
5.800000e-07	-4.844075e-06	-1.328125e-09	-3.368193e+01	-8.609333e+01
5.900000e-07	-4.821332e-06	-1.316939e-09	-3.352380e+01	-8.594196e+01
6.000000e-07	-4.798212e-06	-1.349947e-09	-3.336304e+01	-8.579270e+01
6.100000e-07	-4.774756e-06	-1.327697e-09	-3.319994e+01	-8.564549e+01
6.200000e-07	-4.751063e-06	-1.308445e-09	-3.303520e+01	-8.550019e+01
6.300000e-07	-4.727189e-06	-1.328783e-09	-3.286920e+01	-8.535661e+01
6.400000e-07	-4.703074e-06	-1.328452e-09	-3.270152e+01	-8.521451e+01
6.500000e-07	-4.678602e-06	-1.304881e-09	-3.253136e+01	-8.507357e+01
6.600000e-07	-4.653778e-06	-1.319611e-09	-3.235875e+01	-8.493347e+01
6.700000e-07	-4.628584e-06	-1.323542e-09	-3.218358e+01	-8.479380e+01
6.800000e-07	-4.602753e-06	-1.304702e-09	-3.200397e+01	-8.465415e+01
6.900000e-07	-4.576199e-06	-1.301913e-09	-3.181933e+01	-8.451409e+01
7.000000e-07	-4.549190e-06	-1.309982e-09	-3.163153e+01	-8.437317e+01
7.100000e-07	-4.521886e-06	-1.297188e-09	-3.144168e+01	-8.423092e+01
7.200000e-07	-4.494295e-06	-1.299508e-09	-3.124983e+01	-8.408691e+01
7.300000e-07	-4.466485e-06	-1.309679e-09	-3.105647e+01	-8.394067e+01
7.400000e-07	-4.438560e-06	-1.300658e-09	-3.086230e+01	-8.379178e+01
7.500000e-07	-4.410413e-06	-1.286248e-09	-3.066659e+01	-8.363984e+01
7.600000e-07	-4.381925e-06	-1.289333e-09	-3.046850e+01	-8.348447e+01
7.700000e-07	-4.353070e-06	-1.285178e-09	-3.026786e+01	-8.332532e+01
7.800000e-07	-4.323873e-06	-1.274563e-09	-3.006485e+01	-8.316208e+01
7.900000e-07	-4.294444e-06	-1.277681e-09	-2.986023e+01	-8.299447e+01
8.000000e-07	-4.264758e-06	-1.277787e-09	-2.965381e+01	-8.282226e+01
8.100000e-07	-4.234782e-06	-1.266930e-09	-2.944538e+01	-8.264526e+01
8.200000e-07	-4.204551e-06	-1.265506e-09	-2.923518e+01	-8.246331e+01
8.300000e-07	-4.173941e-06	-1.268708e-09	-2.902234e+01	-8.227630e+01
8.400000e-07	-4.143000e-06	-1.258792e-09	-2.880720e+01	-8.208415e+01
8.500000e-07	-4.111810e-06	-1.257380e-09	-2.859033e+01	-8.188682e+01
8.600000e-07	-4.080396e-06	-1.262688e-09	-2.837191e+01	-8.168430e+01
8.700000e-07	-4.048805e-06	-1.254312e-09	-2.815224e+01	-8.147660e+01
8.800000e-07	-4.016997e-06	-1.241521e-09	-2.793108e+01	-8.126378e+01
8.900000e-07	-3.985055e-06	-1.241616e-09	-2.770897e+01	-8.104590e+01
9.000000e-07	-3.952930e-06	-1.233753e-09	-2.748560e+01	-8.082305e+01
9.100000e-07	-3.920485e-06	-1.225326e-09	-2.726000e+01	-8.059534e+01
9.200000e-07	-3.887641e-06	-1.226537e-09	-2.703163e+01	-8.036288e+01
9.300000e-07	-3.854452e-06	-1.229372e-09	-2.680086e+01	-8.012579e+01
9.400000e-07	-3.820817e-06	-1.219443e-09	-2.656699e+01	-7.988422e+01
9.500000e-07	-3.786714e-06	-1.215566e-09	-2.632987e+01	-7.963830e+01
9.600000e-07	-3.752184e-06	-1.210579e-09	-2.608977e+01	-7.938818e+01
9.700000e-07	-3.717230e-06	-1.196157e-09	-2.584673e+01	-7.913399e+01
9.800000e-07	-3.682004e-06	-1.184607e-09	-2.560180e+01	-7.887590e+01
9.900000e-07	-3.646555e-06	-1.186257e-09	-2.535531e+01	-7.861405e+01
1.000000e-06	-3.610902e-06	-1.184617e-09	-2.510740e+01	-7.834858e+01
1.010000e-06	-3.575046e-06	-1.178813e-09	-2.485809e+01	-7.807965e+01
1.020000e-06	-3.539065e-06	-1.177872e-09	-2.460791e+01	-7.780741e+01
1.030000e-06	-3.502976e-06	-1.174228e-09	-2.435697e+01	-7.753201e+01
1.040000e-06	-3.466760e-06	-1.162261e-09	-2.410515e+01	-7.725360e+01
1.050000e-06	-3.430319e-06	-1.156399e-09	-2.385177e+01	-7.697234e+01
1.060000e-06	-3.393525e-06	-1.152171e-09	-2.359593e+01	-7.668838e+01
1.070000e-06	-3.356420e-06	-1.142554e-09	-2.333794e+01	-7.640189e+01
1.080000e-06	-3.319028e-06	-1.133153e-09	-2.307794e+01	-7.611301e+01
1.090000e-06	-3.281359e-06	-1.127682e-09	-2.281602e+01	-7.582190e+01
1.100000e-06	-3.243470e-06	-1.124229e-09	-2.255257e+01	-7.552872e+01
1.110000e-06	-3.205374e-06	-1.116959e-09	-2.228768e+01	-7.523362e+01
1.120000e-06	-3.167026e-06	-1.110279e-09	-2.202104e+01	-7.493675e+01
1.130000e-06	-3.128502e-06	-1.100965e-09	-2.175317e+01	-7.463822e+01
1.140000e-06	-3.089811e-06	-1.093316e-09	-2.148414e+01	-7.433817e+01
1.150000e-06	-3.050860e-06	-1.091687e-09	-2.121331e+01	-7.403670e+01
1.160000e-06	-3.011718e-06	-1.090373e-09	-2.094114e+01	-7.373389e+01
1.170000e-06	-2.972430e-06	-1.085430e-09	-2.066797e+01	-7.342979e+01
1.180000e-06	-2.932920e-06	-1.081903e-09	-2.039325e+01	-7.312443e+01
1.190000e-06	-2.893221e-06	-1.076360e-09	-2.011721e+01	-7.281780e+01
1.200000e-06	-2.853415e-06	-1.067667e-09	-1.984043e+01	-7.250984e+01
1.210000e-06	-2.813528e-06	-1.058301e-09	-1.956308e+01	-7.220047e+01
1.220000e-06	-2.773543e-06	-1.053503e-09	-1.928506e+01	-7.188954e+01
1.230000e-06	-2.733393e-06	-1.049551e-09	-1.900589e+01	-7.157687e+01
1.240000e-06	-2.693041e-06	-1.044347e-09	-1.872532e+01	-7.126220e+01
1.250000e-06	-2.652501e-06	-1.038497e-09	-1.844343e+01	-7.094524e+01
1.260000e-06	-2.611776e-06	-1.034195e-09	-1.816026e+01	-7.062564e+01
1.270000e-06	-2.570768e-06	-1.025590e-09	-1.787512e+01	-7.030299e+01
1.280000e-06	-2.529412e-06	-1.014550e-09	-1.758757e+01	-6.997682e+01
1.290000e-06	-2.487785e-06	-1.005120e-09	-1.729812e+01	-6.964662e+01
1.300000e-06	-2.445859e-06	-9.963125e-10	-1.700661e+01	-6.931184e+01
1.310000e-06	-2.403701e-06	-9.893039e-10	-1.671347e+01	-6.897186e+01
1.320000e-06	-2.361279e-06	-9.832243e-10	-1.641850e+01	-6.862605e+01
1.330000e-06	-2.318471e-06	-9.786236e-10	-1.612085e+01	-6.827375e+01
1.340000e-06	-2.275420e-06	-9.749164e-10	-1.582150e+01	-6.791426e+01
1.350000e-06	-2.232221e-06	-9.718042e-10	-1.552113e+01	-6.754688e+01
1.360000e-06	-2.188800e-06	-9.652618e-10	-1.521921e+01	-6.717090e+01
1.370000e-06	-2.145170e-06	-9.532685e-10	-1.491584e+01	-6.678563e+01
1.380000e-06	-2.101444e-06	-9.398257e-10	-1.461181e+01	-6.639038e+01
1.390000e-06	-2.057633e-06	-9.264408e-10	-1.430718e+01	-6.598449e+01
1.400000e-06	-2.013758e-06	-9.155369e-10	-1.400211e+01	-6.556733e+01
1.410000e-06	-1.969818e-06	-9.093026e-10	-1.369658e+01	-6.513831e+01
1.420000e-06	-1.925806e-06	-9.069952e-10	-1.339056e+01	-6.469691e+01
1.430000e-06	-1.881719e-06	-9.049998e-10	-1.308401e+01	-6.424264e+01
1.440000e-06	-1.837553e-06	-8.994582e-10	-1.277692e+01	-6.377510e+01
1.450000e-06	-1.793260e-06	-8.906614e-10	-1.246893e+01	-6.329394e+01
1.460000e-06	-1.748866e-06	-8.802687e-10	-1.216025e+01	-6.279886e+01
1.470000e-06	-1.704392e-06	-8.679504e-10	-1.185102e+01	-6.228968e+01
1.480000e-06	-1.659781e-06	-8.556893e-10	-1.154082e+01	-6.176625e+01
1.490000e-06	-1.615017e-06	-8.470366e-10	-1.122957e+01	-6.122848e+01
1.500000e-06	-1.570107e-06	-8.380728e-10	-1.091730e+01	-6.067638e+01
1.510000e-06	-1.525093e-06	-8.294857e-10	-1.060431e+01	-6.010996e+01
1.520000e-06	-1.479974e-06	-8.240833e-10	-1.029059e+01	-5.952933e+01
1.530000e-06	-1.434785e-06	-8.168595e-10	-9.976382e+00	-5.893458e+01
1.540000e-06	-1.389477e-06	-8.031977e-10	-9.661346e+00	-5.832586e+01
1.550000e-06	-1.344090e-06	-7.845541e-10	-9.345754e+00	-5.770332e+01
1.560000e-06	-1.298673e-06	-7.665600e-10	-9.029963e+00	-5.706709e+01
1.570000e-06	-1.253088e-06	-7.507728e-10	-8.712997e+00	-5.641728e+01
1.580000e-06	-1.207345e-06	-7.401562e-10	-8.394940e+00	-5.575399e+01
1.590000e-06	-1.161549e-06	-7.323707e-10	-8.076506e+00	-5.507723e+01
1.600000e-06	-1.115706e-06	-7.217995e-10	-7.757754e+00	-5.438698e+01
1.610000e-06	-1.069794e-06	-7.100177e-10	-7.438514e+00	-5.368309e+01
1.620000e-06	-1.023733e-06	-6.972268e-10	-7.118246e+00	-5.296537e+01
1.630000e-06	-9.775688e-07	-6.812964e-10	-6.797254e+00	-5.223347e+01
1.640000e-06	-9.314608e-07	-6.643724e-10	-6.476655e+00	-5.148696e+01
1.650000e-06	-8.853093e-07	-6.516220e-10	-6.155752e+00	-5.072525e+01
1.660000e-06	-8.390093e-07	-6.430401e-10	-5.833819e+00	-4.994766e+01
1.670000e-06	-7.926508e-07	-6.342398e-10	-5.511477e+00	-4.915332e+01
1.680000e-06	-7.462414e-07	-6.227328e-10	-5.188782e+00	-4.834126e+01
1.690000e-06	-6.997804e-07	-6.103768e-10	-4.865729e+00	-4.751037e+01
1.700000e-06	-6.533318e-07	-5.940340e-10	-4.542762e+00	-4.665941e+01
1.710000e-06	-6.068450e-07	-5.755144e-10	-4.219528e+00	-4.578699e+01
1.720000e-06	-5.602804e-07	-5.573463e-10	-3.895754e+00	-4.489167e+01
1.730000e-06	-5.136984e-07	-5.411900e-10	-3.571859e+00	-4.397185e+01
1.740000e-06	-4.670832e-07	-5.291795e-10	-3.247733e+00	-4.302590e+01
1.750000e-06	-4.204157e-07	-5.183297e-10	-2.923244e+00	-4.205211e+01
1.760000e-06	-3.736808e-07	-5.038818e-10	-2.598286e+00	-4.104874e+01
1.770000e-06	-3.269143e-07	-4.873834e-10	-2.273108e+00	-4.001404e+01
1.780000e-06	-2.801353e-07	-4.710885e-10	-1.947843e+00	-3.894626e+01
1.790000e-06	-2.332987e-07	-4.540853e-10	-1.622178e+00	-3.784372e+01
1.800000e-06	-1.864928e-07	-4.353292e-10	-1.296726e+00	-3.670477e+01
1.810000e-06	-1.397408e-07	-4.169658e-10	-9.716490e-01	-3.552788e+01
1.820000e-06	-9.296954e-08	-4.014428e-10	-6.464379e-01	-3.431165e+01
1.830000e-06	-4.625160e-08	-3.868032e-10	-3.215977e-01	-3.305480e+01
1.840000e-06	3.997664e-10	-3.724756e-10	2.779665e-03	-3.175624e+01
1.850000e-06	4.722382e-08	-3.584075e-10	3.283578e-01	-3.041509e+01
1.860000e-06	9.415474e-08	-3.427196e-10	6.546789e-01	-2.903067e+01
1.870000e-06	1.409565e-07	-3.242454e-10	9.801017e-01	-2.760254e+01
1.880000e-06	1.876281e-07	-3.032635e-10	1.304620e+00	-2.613052e+01
1.890000e-06	2.343551e-07	-2.791252e-10	1.629523e+00	-2.461469e+01
1.900000e-06	2.812486e-07	-2.542651e-10	1.955584e+00	-2.305541e+01
1.910000e-06	3.280731e-07	-2.307879e-10	2.281165e+00	-2.145333e+01
1.920000e-06	3.747881e-07	-2.081216e-10	2.605985e+00	-1.980935e+01
1.930000e-06	4.215145e-07	-1.881242e-10	2.930884e+00	-1.812469e+01
1.940000e-06	4.681985e-07	-1.697945e-10	3.255488e+00	-1.640082e+01
1.950000e-06	5.147958e-07	-1.490542e-10	3.579490e+00	-1.463947e+01
1.960000e-06	5.613321e-07	-1.233308e-10	3.903067e+00	-1.284264e+01
1.970000e-06	6.078323e-07	-9.438225e-11	4.226393e+00	-1.101255e+01
1.980000e-06	6.541990e-07	-6.668688e-11	4.548791e+00	-9.151640e+00
1.990000e-06	7.004592e-07	-3.976956e-11	4.870449e+00	-7.262535e+00
2.000000e-06	7.467252e-07	-1.364942e-11	5.192146e+00	-5.348037e+00
2.010000e-06	7.930033e-07	1.208313e-11	5.513929e+00	-3.411085e+00
2.020000e-06	8.392520e-07	3.919064e-11	5.835506e+00	-1.454732e+00
2.030000e-06	8.854103e-07	6.666872e-11	6.156455e+00	5.178824e-01
2.040000e-06	9.315107e-07	9.337687e-11	6.477002e+00	2.503566e+00
2.050000e-06	9.775409e-07	1.208696e-10	6.797060e+00	4.499098e+00
2.060000e-06	1.023484e-06	1.483774e-10	7.116512e+00	6.501260e+00
2.070000e-06	1.069310e-06	1.741612e-10	7.435148e+00	8.506863e+00
2.080000e-06	1.115038e-06	2.007717e-10	7.753104e+00	1.051277e+01
2.090000e-06	1.160739e-06	2.299418e-10	8.070875e+00	1.251594e+01
2.100000e-06	1.206421e-06	2.590586e-10	8.388517e+00	1.451340e+01
2.110000e-06	1.252062e-06	2.869039e-10	8.705869e+00	1.650233e+01
2.120000e-06	1.297601e-06	3.134737e-10	9.022511e+00	1.848004e+01
2.130000e-06	1.342995e-06	3.401211e-10	9.338146e+00	2.044398e+01
2.140000e-06	1.388283e-06	3.661774e-10	9.653044e+00	2.239178e+01
2.150000e-06	1.433498e-06	3.909200e-10	9.967433e+00	2.432124e+01
2.160000e-06	1.478632e-06	4.161849e-10	1.028126e+01	2.623032e+01
2.170000e-06	1.523653e-06	4.412012e-10	1.059430e+01	2.811717e+01
2.180000e-06	1.568540e-06	4.676393e-10	1.090641e+01	2.998012e+01
2.190000e-06	1.613363e-06	4.958379e-10	1.121807e+01	3.181767e+01
2.200000e-06	1.658082e-06	5.246866e-10	1.152901e+01	3.362850e+01
2.210000e-06	1.702598e-06	5.527349e-10	1.183855e+01	3.541144e+01
2.220000e-06	1.746939e-06	5.771963e-10	1.214685e+01	3.716546e+01
2.230000e-06	1.791133e-06	5.983688e-10	1.245415e+01	3.888971e+01
2.240000e-06	1.835220e-06	6.167973e-10	1.276069e+01	4.058344e+01
2.250000e-06	1.879244e-06	6.340693e-10	1.306680e+01	4.224602e+01
2.260000e-06	1.923226e-06	6.543760e-10	1.337262e+01	4.387693e+01
2.270000e-06	1.967180e-06	6.784817e-10	1.367824e+01	4.547573e+01
2.280000e-06	2.011079e-06	7.039801e-10	1.398348e+01	4.704209e+01
2.290000e-06	2.054884e-06	7.280720e-10	1.428807e+01	4.857572e+01
2.300000e-06	2.098632e-06	7.502130e-10	1.459226e+01	5.007638e+01
2.310000e-06	2.142312e-06	7.692939e-10	1.489597e+01	5.154391e+01
2.320000e-06	2.185915e-06	7.848078e-10	1.519916e+01	5.297815e+01
2.330000e-06	2.229428e-06	7.989470e-10	1.550171e+01	5.437900e+01
2.340000e-06	2.272753e-06	8.138181e-10	1.580295e+01	5.574637e+01
2.350000e-06	2.315805e-06	8.305337e-10	1.610231e+01	5.708020e+01
2.360000e-06	2.358537e-06	8.502397e-10	1.639944e+01	5.838046e+01
2.370000e-06	2.401024e-06	8.720844e-10	1.669485e+01	5.964712e+01
2.380000e-06	2.443350e-06	8.939767e-10	1.698915e+01	6.088018e+01
2.390000e-06	2.485376e-06	9.128897e-10	1.728137e+01	6.207966e+01
2.400000e-06	2.526979e-06	9.276946e-10	1.757064e+01	6.324563e+01
2.410000e-06	2.568209e-06	9.404742e-10	1.785733e+01	6.437816e+01
2.420000e-06	2.609160e-06	9.520404e-10	1.814207e+01	6.547738e+01
2.430000e-06	2.649930e-06	9.637601e-10	1.842555e+01	6.654344e+01
2.440000e-06	2.690537e-06	9.776897e-10	1.870790e+01	6.757655e+01
2.450000e-06	2.730959e-06	9.930904e-10	1.898897e+01	6.857699e+01
2.460000e-06	2.771115e-06	1.009098e-09	1.926818e+01	6.954506e+01
2.470000e-06	2.811060e-06	1.024283e-09	1.954593e+01	7.048117e+01
2.480000e-06	2.850914e-06	1.037640e-09	1.982304e+01	7.138575e+01
2.490000e-06	2.890683e-06	1.049042e-09	2.009956e+01	7.225933e+01
2.500000e-06	2.930291e-06	1.057897e-09	2.037497e+01	7.310251e+01
2.510000e-06	2.969753e-06	1.068169e-09	2.064935e+01	7.391594e+01
2.520000e-06	3.009084e-06	1.076863e-09	2.092283e+01	7.470037e+01
2.530000e-06	3.048171e-06	1.085083e-09	2.119461e+01	7.545658e+01
2.540000e-06	3.086970e-06	1.096056e-09	2.146439e+01	7.618544e+01
2.550000e-06	3.125505e-06	1.107851e-09	2.173233e+01	7.688788e+01
2.560000e-06	3.163852e-06	1.118496e-09	2.199896e+01	7.756485e+01
2.570000e-06	3.202046e-06	1.126824e-09	2.226454e+01	7.821737e+01
2.580000e-06	3.240007e-06	1.133888e-09	2.252849e+01	7.884647e+01
2.590000e-06	3.277739e-06	1.139883e-09	2.279085e+01	7.945321e+01
2.600000e-06	3.315277e-06	1.147900e-09	2.305186e+01	8.003866e+01
2.610000e-06	3.352574e-06	1.158017e-09	2.331119e+01	8.060388e+01
2.620000e-06	3.389597e-06	1.169120e-09	2.356862e+01	8.114992e+01
2.630000e-06	3.426376e-06	1.179069e-09	2.382435e+01	8.167781e+01
2.640000e-06	3.462882e-06	1.187210e-09	2.407819e+01	8.218851e+01
2.650000e-06	3.499144e-06	1.193957e-09	2.433033e+01	8.268298e+01
2.660000e-06	3.535261e-06	1.198324e-09	2.458146e+01	8.316208e+01
2.670000e-06	3.571208e-06	1.201224e-09	2.483141e+01	8.362661e+01
2.680000e-06	3.607014e-06	1.204018e-09	2.508037e+01	8.407731e+01
2.690000e-06	3.642658e-06	1.208588e-09	2.532821e+01	8.451483e+01
2.700000e-06	3.678092e-06	1.216324e-09	2.557459e+01	8.493972e+01
2.710000e-06	3.713410e-06	1.224191e-09	2.582016e+01	8.535246e+01
2.720000e-06	3.748492e-06	1.230409e-09	2.606410e+01	8.575343e+01
2.730000e-06	3.783056e-06	1.233690e-09	2.630443e+01	8.614293e+01
2.740000e-06	3.817091e-06	1.235722e-09	2.654109e+01	8.652115e+01
2.750000e-06	3.850735e-06	1.238285e-09	2.677502e+01	8.688824e+01
2.760000e-06	3.883961e-06	1.242137e-09	2.700604e+01	8.724424e+01
2.770000e-06	3.916690e-06	1.247460e-09	2.723362e+01	8.758913e+01
2.780000e-06	3.949037e-06	1.253836e-09	2.745853e+01	8.792286e+01
2.790000e-06	3.981155e-06	1.261243e-09	2.768186e+01	8.824530e+01
2.800000e-06	4.013124e-06	1.269066e-09	2.790414e+01	8.855630e+01
2.810000e-06	4.044958e-06	1.274305e-09	2.812549e+01	8.885569e+01
2.820000e-06	4.076638e-06	1.277578e-09	2.834577e+01	8.914327e+01
2.830000e-06	4.108112e-06	1.281764e-09	2.856462e+01	8.941887e+01
2.840000e-06	4.139351e-06	1.285138e-09	2.878183e+01	8.968232e+01
2.850000e-06	4.170303e-06	1.289038e-09	2.899704e+01	8.993345e+01
2.860000e-06	4.200817e-06	1.294160e-09	2.920922e+01	9.017218e+01
2.870000e-06	4.230990e-06	1.300419e-09	2.941902e+01	9.039842e+01
2.880000e-06	4.260976e-06	1.304746e-09	2.962752e+01	9.061217e+01
2.890000e-06	4.290646e-06	1.307374e-09	2.983382e+01	9.081348e+01
2.900000e-06	4.320049e-06	1.310382e-09	3.003826e+01	9.100246e+01
2.910000e-06	4.349265e-06	1.314208e-09	3.024141e+01	9.117930e+01
2.920000e-06	4.378179e-06	1.318505e-09	3.044246e+01	9.134426e+01
2.930000e-06	4.406773e-06	1.321388e-09	3.064128e+01	9.149766e+01
2.940000e-06	4.435034e-06	1.323158e-09	3.083778e+01	9.163990e+01
2.950000e-06	4.463022e-06	1.325886e-09	3.103239e+01	9.177146e+01
2.960000e-06	4.490856e-06	1.328167e-09	3.122592e+01	9.189286e+01
2.970000e-06	4.518543e-06	1.328452e-09	3.141844e+01	9.200468e+01
2.980000e-06	4.546080e-06	1.329286e-09	3.160991e+01	9.210756e+01
2.990000e-06	4.573249e-06	1.331349e-09	3.179882e+01	9.220217e+01
3.000000e-06	4.599773e-06	1.336065e-09	3.198324e+01	9.228919e+01
3.010000e-06	4.625702e-06	1.342492e-09	3.216353e+01	9.236935e+01
3.020000e-06	4.651149e-06	1.348254e-09	3.234048e+01	9.244337e+01
3.030000e-06	4.675994e-06	1.350032e-09	3.251322e+01	9.251197e+01
3.040000e-06	4.700389e-06	1.349228e-09	3.268285e+01	9.257584e+01
3.050000e-06	4.724565e-06	1.348517e-09	3.285096e+01	9.263566e+01
3.060000e-06	4.748487e-06	1.346892e-09	3.301729e+01	9.269207e+01
3.070000e-06	4.772189e-06	1.348510e-09	3.318209e+01	9.274567e+01
3.080000e-06	4.795613e-06	1.354701e-09	3.334496e+01	9.279698e+01
3.090000e-06	4.818660e-06	1.360771e-09	3.350522e+01	9.284650e+01
3.100000e-06	4.841374e-06	1.364719e-09	3.366315e+01	9.289462e+01
3.110000e-06	4.863798e-06	1.366133e-09	3.381907e+01	9.294171e+01
3.120000e-06	4.885883e-06	1.365661e-09	3.397263e+01	9.298802e+01
3.130000e-06	4.907612e-06	1.364005e-09	3.412372e+01	9.303375e+01
3.140000e-06	4.929038e-06	1.360824e-09	3.427270e+01	9.307903e+01
3.150000e-06	4.950145e-06	1.360567e-09	3.441946e+01	9.312392e+01
3.160000e-06	4.970832e-06	1.361550e-09	3.456330e+01	9.316840e+01
3.170000e-06	4.991177e-06	1.362630e-09	3.470477e+01	9.321239e+01
3.180000e-06	5.011265e-06	1.366652e-09	3.484444e+01	9.325578e+01
3.190000e-06	5.031147e-06	1.370884e-09	3.498268e+01	9.329838e+01
3.200000e-06	5.050870e-06	1.373140e-09	3.511982e+01	9.333997e+01
3.210000e-06	5.070294e-06	1.373914e-09	3.525488e+01	9.338031e+01
3.220000e-06	5.089380e-06	1.373617e-09	3.538760e+01	9.341913e+01
3.230000e-06	5.108078e-06	1.372530e-09	3.551760e+01	9.345612e+01
3.240000e-06	5.126270e-06	1.373370e-09	3.564409e+01	9.349101e+01
3.250000e-06	5.143955e-06	1.377334e-09	3.576706e+01	9.352351e+01
3.260000e-06	5.161307e-06	1.381680e-09	3.588772e+01	9.355333e+01
3.270000e-06	5.178454e-06	1.385704e-09	3.600694e+01	9.358021e+01
3.280000e-06	5.195308e-06	1.389072e-09	3.612413e+01	9.360392e+01
3.290000e-06	5.211725e-06	1.391079e-09	3.623829e+01	9.362426e+01
3.300000e-06	5.227726e-06	1.391469e-09	3.634954e+01	9.364105e+01
3.310000e-06	5.243300e-06	1.393551e-09	3.645783e+01	9.365416e+01
3.320000e-06	5.258325e-06	1.397353e-09	3.656230e+01	9.366349e+01
3.330000e-06	5.272867e-06	1.400041e-09	3.666342e+01	9.366899e+01
3.340000e-06	5.287049e-06	1.403161e-09	3.676203e+01	9.367066e+01
3.350000e-06	5.300873e-06	1.404519e-09	3.685815e+01	9.366850e+01
3.360000e-06	5.314335e-06	1.406013e-09	3.695175e+01	9.366259e+01
3.370000e-06	5.327430e-06	1.408574e-09	3.704281e+01	9.365301e+01
3.380000e-06	5.340127e-06	1.411857e-09	3.713109e+01	9.363989e+01
3.390000e-06	5.352437e-06	1.413941e-09	3.721669e+01	9.362336e+01
3.400000e-06	5.364392e-06	1.414554e-09	3.729981e+01	9.360359e+01
3.410000e-06	5.376002e-06	1.415864e-09	3.738054e+01	9.358075e+01
3.420000e-06	5.387147e-06	1.416276e-09	3.745803e+01	9.355502e+01
3.430000e-06	5.397721e-06	1.417311e-09	3.753156e+01	9.352657e+01
3.440000e-06	5.407787e-06	1.419066e-09	3.760155e+01	9.349559e+01
3.450000e-06	5.417314e-06	1.421627e-09	3.766779e+01	9.346223e+01
3.460000e-06	5.426198e-06	1.425298e-09	3.772957e+01	9.342664e+01
3.470000e-06	5.434613e-06	1.426784e-09	3.778807e+01	9.338897e+01
3.480000e-06	5.442759e-06	1.425148e-09	3.784472e+01	9.334932e+01
3.490000e-06	5.450733e-06	1.422139e-09	3.790016e+01	9.330779e+01
3.500000e-06	5.458425e-06	1.420417e-09	3.795364e+01	9.326445e+01
3.510000e-06	5.465684e-06	1.421984e-09	3.800412e+01	9.321934e+01
3.520000e-06	5.472473e-06	1.425159e-09	3.805132e+01	9.317249e+01
3.530000e-06	5.478858e-06	1.429554e-09	3.809572e+01	9.312391e+01
3.540000e-06	5.484933e-06	1.433731e-09	3.813796e+01	9.307359e+01
3.550000e-06	5.490633e-06	1.435029e-09	3.817760e+01	9.302151e+01
3.560000e-06	5.495963e-06	1.431705e-09	3.821465e+01	9.296763e+01
3.570000e-06	5.500866e-06	1.427279e-09	3.824874e+01	9.291192e+01
3.580000e-06	5.505390e-06	1.426184e-09	3.828020e+01	9.285434e+01
3.590000e-06	5.509654e-06	1.427622e-09	3.830985e+01	9.279487e+01
3.600000e-06	5.513648e-06	1.429215e-09	3.833762e+01	9.273349e+01
3.610000e-06	5.517399e-06	1.430824e-09	3.836370e+01	9.267020e+01
3.620000e-06	5.520892e-06	1.432492e-09	3.838799e+01	9.260501e+01
3.630000e-06	5.524048e-06	1.433135e-09	3.840993e+01	9.253797e+01
3.640000e-06	5.526691e-06	1.432926e-09	3.842832e+01	9.246915e+01
3.650000e-06	5.528683e-06	1.433331e-09	3.844216e+01	9.239865e+01
3.660000e-06	5.530018e-06	1.433696e-09	3.845145e+01	9.232658e+01
3.670000e-06	5.530812e-06	1.432516e-09	3.845697e+01	9.225313e+01
3.680000e-06	5.531210e-06	1.431604e-09	3.845973e+01	9.217848e+01
3.690000e-06	5.531248e-06	1.432695e-09	3.846000e+01	9.210285e+01
3.700000e-06	5.531018e-06	1.433907e-09	3.845840e+01	9.202648e+01
3.710000e-06	5.530545e-06	1.435005e-09	3.845511e+01	9.194966e+01
3.720000e-06	5.529715e-06	1.434915e-09	3.844934e+01	9.187266e+01
3.730000e-06	5.528504e-06	1.431967e-09	3.844092e+01	9.179579e+01
3.740000e-06	5.526872e-06	1.432475e-09	3.842957e+01	9.171935e+01
3.750000e-06	5.524889e-06	1.445781e-09	3.841578e+01	9.164364e+01
3.760000e-06	5.522614e-06	1.455875e-09	3.839996e+01	9.156897e+01
3.770000e-06	5.519877e-06	1.406725e-09	3.838094e+01	9.149560e+01
3.780000e-06	5.516686e-06	1.331237e-09	3.835875e+01	9.142379e+01
3.790000e-06	5.513027e-06	1.368464e-09	3.833331e+01	9.135377e+01
3.800000e-06	5.508922e-06	1.462611e-09	3.830476e+01	9.128572e+01
3.810000e-06	5.504625e-06	1.478150e-09	3.827488e+01	9.121978e+01
3.820000e-06	5.500326e-06	1.431381e-09	3.824499e+01	9.115602e+01
3.830000e-06	5.495770e-06	1.399312e-09	3.821332e+01	9.109450e+01
3.840000e-06	5.490511e-06	1.448014e-09	3.817675e+01	9.103517e+01
3.850000e-06	5.484642e-06	1.411215e-09	3.813594e+01	9.097794e+01
3.860000e-06	5.478428e-06	1.338038e-09	3.809273e+01	9.092266e+01
3.870000e-06	5.471780e-06	1.377687e-09	3.804651e+01	9.086912e+01
3.880000e-06	5.464540e-06	1.479543e-09	3.799616e+01	9.081703e+01
3.890000e-06	5.456826e-06	1.452609e-09	3.794252e+01	9.076605e+01
3.900000e-06	5.448836e-06	1.313035e-09	3.788697e+01	9.071580e+01
3.910000e-06	5.440517e-06	1.324078e-09	3.782913e+01	9.066582e+01
3.920000e-06	5.431735e-06	1.417610e-09	3.776806e+01	9.061564e+01
3.930000e-06	5.422616e-06	1.422228e-09	3.770465e+01	9.056474e+01
3.940000e-06	5.413311e-06	1.340066e-09	3.763996e+01	9.051258e+01
3.950000e-06	5.403627e-06	1.372333e-09	3.757262e+01	9.045860e+01
3.960000e-06	5.393361e-06	1.414533e-09	3.750124e+01	9.040224e+01
3.970000e-06	5.382741e-06	1.378138e-09	3.742740e+01	9.034293e+01
3.980000e-06	5.371879e-06	1.332243e-09	3.735187e+01	9.028015e+01
3.990000e-06	5.360552e-06	1.370374e-09	3.727311e+01	9.021337e+01
4.000000e-06	5.348796e-06	1.389377e-09	3.719137e+01	9.014213e+01
4.010000e-06	5.336802e-06	1.348049e-09	3.710797e+01	9.006598e+01
4.020000e-06	5.324397e-06	1.327782e-09	3.702172e+01	8.998455e+01
4.030000e-06	5.311321e-06	1.364275e-09	3.693080e+01	8.989752e+01
4.040000e-06	5.297828e-06	1.380793e-09	3.683698e+01	8.980465e+01
4.050000e-06	5.283995e-06	1.328148e-09	3.674080e+01	8.970577e+01
4.060000e-06	5.269464e-06	1.304424e-09	3.663976e+01	8.960078e+01
4.070000e-06	5.254323e-06	1.359720e-09	3.653448e+01	8.948967e+01
4.080000e-06	5.238767e-06	1.402573e-09	3.642631e+01	8.937248e+01
4.090000e-06	5.222801e-06	1.328265e-09	3.631530e+01	8.924938e+01
4.100000e-06	5.206401e-06	1.291563e-09	3.620127e+01	8.912057e+01
4.110000e-06	5.189725e-06	1.362840e-09	3.608531e+01	8.898635e+01
4.120000e-06	5.172963e-06	1.377500e-09	3.596876e+01	8.884706e+01
4.130000e-06	5.155839e-06	1.287626e-09	3.584970e+01	8.870312e+01
4.140000e-06	5.138261e-06	1.318311e-09	3.572747e+01	8.855500e+01
4.150000e-06	5.120377e-06	1.390976e-09	3.560312e+01	8.840319e+01
4.160000e-06	5.102084e-06	1.328723e-09	3.547593e+01	8.824823e+01
4.170000e-06	5.083371e-06	1.279470e-09	3.534581e+01	8.809067e+01
4.180000e-06	5.064351e-06	1.372015e-09	3.521356e+01	8.793109e+01
4.190000e-06	5.045051e-06	1.364180e-09	3.507936e+01	8.777005e+01
4.200000e-06	5.025447e-06	1.279192e-09	3.494305e+01	8.760810e+01
4.210000e-06	5.005572e-06	1.321016e-09	3.480486e+01	8.744577e+01
4.220000e-06	4.985526e-06	1.364448e-09	3.466547e+01	8.728356e+01
4.230000e-06	4.965173e-06	1.293487e-09	3.452395e+01	8.712193e+01
4.240000e-06	4.944431e-06	1.305359e-09	3.437973e+01	8.696128e+01
4.250000e-06	4.923304e-06	1.359660e-09	3.423283e+01	8.680198e+01
4.260000e-06	4.901592e-06	1.301284e-09	3.408186e+01	8.664430e+01
4.270000e-06	4.879285e-06	1.281995e-09	3.392676e+01	8.648848e+01
4.280000e-06	4.856495e-06	1.350538e-09	3.376829e+01	8.633467e+01
4.290000e-06	4.833256e-06	1.320985e-09	3.360671e+01	8.618296e+01
4.300000e-06	4.809638e-06	1.267985e-09	3.344248e+01	8.603335e+01
4.310000e-06	4.785774e-06	1.323630e-09	3.327655e+01	8.588580e+01
4.320000e-06	4.761694e-06	1.340977e-09	3.310912e+01	8.574017e+01
4.330000e-06	4.737282e-06	1.291024e-09	3.293938e+01	8.559629e+01
4.340000e-06	4.712508e-06	1.305494e-09	3.276712e+01	8.545390e+01
4.350000e-06	4.687426e-06	1.330016e-09	3.259271e+01	8.531271e+01
4.360000e-06	4.662021e-06	1.287690e-09	3.241607e+01	8.517238e+01
4.370000e-06	4.636278e-06	1.280802e-09	3.223707e+01	8.503252e+01
4.380000e-06	4.610289e-06	1.309765e-09	3.205637e+01	8.489271e+01
4.390000e-06	4.584033e-06	1.297428e-09	3.187380e+01	8.475253e+01
4.400000e-06	4.557419e-06	1.275362e-09	3.168875e+01	8.461153e+01
4.410000e-06	4.530455e-06	1.290679e-09	3.150126e+01	8.446924e+01
4.420000e-06	4.503189e-06	1.290131e-09	3.131168e+01	8.432521e+01
4.430000e-06	4.475631e-06	1.276335e-09	3.112006e+01	8.417900e+01
4.440000e-06	4.447794e-06	1.281409e-09	3.092650e+01	8.403018e+01
4.450000e-06	4.419800e-06	1.284622e-09	3.073185e+01	8.387834e+01
4.460000e-06	4.391651e-06	1.268397e-09	3.053613e+01	8.372310e+01
4.470000e-06	4.363253e-06	1.275412e-09	3.033867e+01	8.356410e+01
4.480000e-06	4.334606e-06	1.286058e-09	3.013948e+01	8.340103e+01
4.490000e-06	4.305609e-06	1.271560e-09	2.993786e+01	8.323363e+01
4.500000e-06	4.276047e-06	1.260118e-09	2.973231e+01	8.306164e+01
4.510000e-06	4.245946e-06	1.268410e-09	2.952301e+01	8.288487e+01
4.520000e-06	4.215295e-06	1.259548e-09	2.930988e+01	8.270317e+01
4.530000e-06	4.184169e-06	1.252739e-09	2.909346e+01	8.251641e+01
4.540000e-06	4.152756e-06	1.265120e-09	2.887504e+01	8.232452e+01
4.550000e-06	4.121107e-06	1.262226e-09	2.865497e+01	8.212745e+01
4.560000e-06	4.089306e-06	1.248913e-09	2.843385e+01	8.192519e+01
4.570000e-06	4.057277e-06	1.257404e-09	2.821115e+01	8.171775e+01
4.580000e-06	4.024972e-06	1.259334e-09	2.798653e+01	8.150518e+01
4.590000e-06	3.992445e-06	1.242979e-09	2.776036e+01	8.128755e+01
4.600000e-06	3.959650e-06	1.242334e-09	2.753233e+01	8.106494e+01
4.610000e-06	3.926512e-06	1.248762e-09	2.730191e+01	8.083745e+01
4.620000e-06	3.893084e-06	1.241888e-09	2.706948e+01	8.060521e+01
4.630000e-06	3.859478e-06	1.238661e-09	2.683581e+01	8.036833e+01
4.640000e-06	3.825635e-06	1.245123e-09	2.660049e+01	8.012696e+01
4.650000e-06	3.791480e-06	1.235670e-09	2.636300e+01	7.988122e+01
4.660000e-06	3.757076e-06	1.225071e-09	2.612379e+01	7.963127e+01
4.670000e-06	3.722469e-06	1.229633e-09	2.588316e+01	7.937725e+01
4.680000e-06	3.687548e-06	1.232334e-09	2.564035e+01	7.911930e+01
4.690000e-06	3.652285e-06	1.223359e-09	2.539515e+01	7.885759e+01
4.700000e-06	3.616789e-06	1.223195e-09	2.514834e+01	7.859224e+01
4.710000e-06	3.581087e-06	1.224581e-09	2.490009e+01	7.832342e+01
4.720000e-06	3.545259e-06	1.216413e-09	2.465098e+01	7.805128e+01
4.730000e-06	3.509309e-06	1.210841e-09	2.440101e+01	7.777596e+01
4.740000e-06	3.473180e-06	1.212630e-09	2.414980e+01	7.749763e+01
4.750000e-06	3.436901e-06	1.204014e-09	2.389754e+01	7.721643e+01
4.760000e-06	3.400387e-06	1.196536e-09	2.364365e+01	7.693252e+01
4.770000e-06	3.363623e-06	1.199353e-09	2.338802e+01	7.664605e+01
4.780000e-06	3.326571e-06	1.200966e-09	2.313039e+01	7.635719e+01
4.790000e-06	3.289168e-06	1.195572e-09	2.287031e+01	7.606609e+01
4.800000e-06	3.251392e-06	1.195122e-09	2.260765e+01	7.577291e+01
4.810000e-06	3.213156e-06	1.194774e-09	2.234179e+01	7.547779e+01
4.820000e-06	3.174551e-06	1.190624e-09	2.207336e+01	7.518089e+01
4.830000e-06	3.135607e-06	1.191125e-09	2.180257e+01	7.488232e+01
4.840000e-06	3.096338e-06	1.191036e-09	2.152953e+01	7.458223e+01
4.850000e-06	3.056887e-06	1.185411e-09	2.125522e+01	7.428070e+01
4.860000e-06	3.017238e-06	1.179343e-09	2.097953e+01	7.397782e+01
4.870000e-06	2.977349e-06	1.179510e-09	2.070217e+01	7.367365e+01
4.880000e-06	2.937314e-06	1.177102e-09	2.042380e+01	7.336823e+01
4.890000e-06	2.897177e-06	1.171218e-09	2.014472e+01	7.306153e+01
4.900000e-06	2.856938e-06	1.168235e-09	1.986493e+01	7.275351e+01
4.910000e-06	2.816566e-06	1.164219e-09	1.958421e+01	7.244409e+01
4.920000e-06	2.775976e-06	1.162890e-09	1.930198e+01	7.213313e+01
4.930000e-06	2.735230e-06	1.163597e-09	1.901867e+01	7.182044e+01
4.940000e-06	2.694323e-06	1.163498e-09	1.873423e+01	7.150577e+01
4.950000e-06	2.653213e-06	1.162280e-09	1.844838e+01	7.118885e+01
4.960000e-06	2.611898e-06	1.161312e-09	1.816111e+01	7.086931e+01
4.970000e-06	2.570407e-06	1.158955e-09	1.787261e+01	7.054676e+01
4.980000e-06	2.528807e-06	1.151791e-09	1.758336e+01	7.022073e+01
4.990000e-06	2.487050e-06	1.145518e-09	1.729301e+01	6.989071e+01
5.000000e-06	2.445065e-06	1.141631e-09	1.700108e+01	6.955616e+01
5.010000e-06	2.402970e-06	1.138624e-09	1.670838e+01	6.921647e+01
5.020000e-06	2.360778e-06	1.136145e-09	1.641502e+01	6.887100e+01
5.030000e-06	2.318354e-06	1.136549e-09	1.612003e+01	6.851909e+01
5.040000e-06	2.275668e-06	1.135550e-09	1.582323e+01	6.816005e+01
5.050000e-06	2.232766e-06	1.130085e-09	1.552492e+01	6.779319e+01
5.060000e-06	2.189675e-06	1.122956e-09	1.522530e+01	6.741778e+01
5.070000e-06	2.146401e-06	1.116899e-09	1.492440e+01	6.703314e+01
5.080000e-06	2.103056e-06	1.111535e-09	1.462301e+01	6.663857e+01
5.090000e-06	2.059628e-06	1.106747e-09	1.432105e+01	6.623342e+01
5.100000e-06	2.016060e-06	1.101021e-09	1.401811e+01	6.581705e+01
5.110000e-06	1.972390e-06	1.095083e-09	1.371447e+01	6.538887e+01
5.120000e-06	1.928628e-06	1.089073e-09	1.341018e+01	6.494835e+01
5.130000e-06	1.884764e-06	1.084678e-09	1.310518e+01	6.449500e+01
5.140000e-06	1.840859e-06	1.078747e-09	1.279991e+01	6.402840e+01
5.150000e-06	1.796887e-06	1.071439e-09	1.249415e+01	6.354821e+01
5.160000e-06	1.752765e-06	1.063126e-09	1.218737e+01	6.305414e+01
5.170000e-06	1.708551e-06	1.053795e-09	1.187994e+01	6.254596e+01
5.180000e-06	1.664297e-06	1.047163e-09	1.157223e+01	6.202355e+01
5.190000e-06	1.619987e-06	1.040601e-09	1.126413e+01	6.148681e+01
5.200000e-06	1.575590e-06	1.034101e-09	1.095543e+01	6.093572e+01
5.210000e-06	1.531094e-06	1.026503e-09	1.064603e+01	6.037033e+01
5.220000e-06	1.486517e-06	1.016542e-09	1.033608e+01	5.979070e+01
5.230000e-06	1.441836e-06	1.008274e-09	1.002541e+01	5.919695e+01
5.240000e-06	1.397008e-06	1.000833e-09	9.713711e+00	5.858922e+01
5.250000e-06	1.352067e-06	9.946144e-10	9.401224e+00	5.796765e+01
5.260000e-06	1.306975e-06	9.885573e-10	9.087687e+00	5.733238e+01
5.270000e-06	1.261773e-06	9.829952e-10	8.773391e+00	5.668353e+01
5.280000e-06	1.216547e-06	9.748603e-10	8.458922e+00	5.602119e+01
5.290000e-06	1.171263e-06	9.656496e-10	8.144053e+00	5.534538e+01
5.300000e-06	1.125867e-06	9.553045e-10	7.828407e+00	5.465608e+01
5.310000e-06	1.080411e-06	9.426755e-10	7.512339e+00	5.395317e+01
5.320000e-06	1.034856e-06	9.308814e-10	7.195584e+00	5.323644e+01
5.330000e-06	9.892025e-07	9.222460e-10	6.878145e+00	5.250556e+01
5.340000e-06	9.434638e-07	9.122032e-10	6.560114e+00	5.176012e+01
5.350000e-06	8.975453e-07	8.999012e-10	6.240833e+00	5.099953e+01
5.360000e-06	8.515813e-07	8.895396e-10	5.921235e+00	5.022312e+01
5.370000e-06	8.056033e-07	8.772167e-10	5.601539e+00	4.943004e+01
5.380000e-06	7.595724e-07	8.618791e-10	5.281476e+00	4.861933e+01
5.390000e-06	7.134600e-07	8.454429e-10	4.960846e+00	4.778988e+01
5.400000e-06	6.672476e-07	8.336631e-10	4.639521e+00	4.694046e+01
5.410000e-06	6.209547e-07	8.253045e-10	4.317636e+00	4.606972e+01
5.420000e-06	5.746169e-07	8.173282e-10	3.995439e+00	4.517619e+01
5.430000e-06	5.283338e-07	8.064052e-10	3.673622e+00	4.425830e+01
5.440000e-06	4.820435e-07	7.907258e-10	3.351756e+00	4.331442e+01
5.450000e-06	4.356345e-07	7.717351e-10	3.029064e+00	4.234285e+01
5.460000e-06	3.891628e-07	7.537181e-10	2.705936e+00	4.134184e+01
5.470000e-06	3.426195e-07	7.386425e-10	2.382310e+00	4.030964e+01
5.480000e-06	2.960336e-07	7.253205e-10	2.058388e+00	3.924452e+01
5.490000e-06	2.494990e-07	7.102495e-10	1.734822e+00	3.814476e+01
5.500000e-06	2.030033e-07	6.916104e-10	1.411527e+00	3.700873e+01
5.510000e-06	1.565201e-07	6.700694e-10	1.088319e+00	3.583489e+01
5.520000e-06	1.100609e-07	6.465435e-10	7.652777e-01	3.462182e+01
5.530000e-06	6.357932e-08	6.237272e-10	4.420812e-01	3.336822e+01
5.540000e-06	1.706621e-08	6.044301e-10	1.186652e-01	3.207301e+01
5.550000e-06	-2.947201e-08	5.865743e-10	-2.049255e-01	3.073526e+01
5.560000e-06	-7.602630e-08	5.661139e-10	-5.286278e-01	2.935429e+01
5.570000e-06	-1.225303e-07	5.394542e-10	-8.519806e-01	2.792964e+01
5.580000e-06	-1.690132e-07	5.088020e-10	-1.175186e+00	2.646110e+01
5.590000e-06	-2.154676e-07	4.796397e-10	-1.498194e+00	2.494875e+01
5.600000e-06	-2.618926e-07	4.524871e-10	-1.820998e+00	2.339290e+01
5.610000e-06	-3.083610e-07	4.266662e-10	-2.144103e+00	2.179418e+01
5.620000e-06	-3.548044e-07	4.024026e-10	-2.467034e+00	2.015348e+01
5.630000e-06	-4.012558e-07	3.756312e-10	-2.790021e+00	1.847199e+01
5.640000e-06	-4.477140e-07	3.451949e-10	-3.113055e+00	1.675115e+01
5.650000e-06	-4.941181e-07	3.122399e-10	-3.435713e+00	1.499268e+01
5.660000e-06	-5.404661e-07	2.777313e-10	-3.757981e+00	1.319855e+01
5.670000e-06	-5.867199e-07	2.445902e-10	-4.079594e+00	1.137097e+01
5.680000e-06	-6.329440e-07	2.138682e-10	-4.401001e+00	9.512352e+00
5.690000e-06	-6.790908e-07	1.847935e-10	-4.721870e+00	7.625320e+00
5.700000e-06	-7.251604e-07	1.545068e-10	-5.042201e+00	5.712655e+00
5.710000e-06	-7.712353e-07	1.221947e-10	-5.362571e+00	3.777287e+00
5.720000e-06	-8.172402e-07	8.731106e-11	-5.682453e+00	1.822260e+00
5.730000e-06	-8.631526e-07	5.219592e-11	-6.001693e+00	-1.492930e-01
5.740000e-06	-9.090241e-07	1.891750e-11	-6.320647e+00	-2.134183e+00
5.750000e-06	-9.548255e-07	-1.446751e-11	-6.639115e+00	-4.129189e+00
5.760000e-06	-1.000536e-06	-4.785715e-11	-6.956951e+00	-6.131093e+00
5.770000e-06	-1.046162e-06	-8.391559e-11	-7.274201e+00	-8.136702e+00
5.780000e-06	-1.091695e-06	-1.201705e-10	-7.590795e+00	-1.014288e+01
5.790000e-06	-1.137072e-06	-1.546919e-10	-7.906315e+00	-1.214655e+01
5.800000e-06	-1.182312e-06	-1.867540e-10	-8.220882e+00	-1.414477e+01
5.810000e-06	-1.227506e-06	-2.182813e-10	-8.535124e+00	-1.613469e+01
5.820000e-06	-1.272630e-06	-2.509687e-10	-8.848881e+00	-1.811361e+01
5.830000e-06	-1.317662e-06	-2.848695e-10	-9.161997e+00	-2.007897e+01
5.840000e-06	-1.362590e-06	-3.203530e-10	-9.474394e+00	-2.202837e+01
5.850000e-06	-1.407360e-06	-3.547861e-10	-9.785687e+00	-2.395961e+01
5.860000e-06	-1.452011e-06	-3.884217e-10	-1.009616e+01	-2.587063e+01
5.870000e-06	-1.496578e-06	-4.190451e-10	-1.040604e+01	-2.775957e+01
5.880000e-06	-1.541065e-06	-4.479403e-10	-1.071537e+01	-2.962475e+01
5.890000e-06	-1.585482e-06	-4.770479e-10	-1.102421e+01	-3.146464e+01
5.900000e-06	-1.629777e-06	-5.065113e-10	-1.133220e+01	-3.327792e+01
5.910000e-06	-1.673954e-06	-5.365461e-10	-1.163938e+01	-3.506339e+01
5.920000e-06	-1.718071e-06	-5.677153e-10	-1.194613e+01	-3.682003e+01
5.930000e-06	-1.762132e-06	-6.000105e-10	-1.225250e+01	-3.854697e+01
5.940000e-06	-1.806122e-06	-6.338372e-10	-1.255837e+01	-4.024343e+01
5.950000e-06	-1.850067e-06	-6.648306e-10	-1.286393e+01	-4.190880e+01
5.960000e-06	-1.894010e-06	-6.946401e-10	-1.316947e+01	-4.354254e+01
5.970000e-06	-1.937840e-06	-7.219589e-10	-1.347423e+01	-4.514421e+01
5.980000e-06	-1.981552e-06	-7.476976e-10	-1.377817e+01	-4.671345e+01
5.990000e-06	-2.025259e-06	-7.722236e-10	-1.408208e+01	-4.824999e+01
6.000000e-06	-2.068844e-06	-7.955364e-10	-1.438513e+01	-4.975358e+01
6.010000e-06	-2.112261e-06	-8.206205e-10	-1.468702e+01	-5.122404e+01
6.020000e-06	-2.155500e-06	-8.467033e-10	-1.498767e+01	-5.266124e+01
6.030000e-06	-2.198545e-06	-8.728808e-10	-1.528697e+01	-5.406504e+01
6.040000e-06	-2.241361e-06	-8.981024e-10	-1.558468e+01	-5.543538e+01
6.050000e-06	-2.283918e-06	-9.233113e-10	-1.588059e+01	-5.677218e+01
6.060000e-06	-2.326344e-06	-9.424561e-10	-1.617559e+01	-5.807541e+01
6.070000e-06	-2.368682e-06	-9.568288e-10	-1.646997e+01	-5.934504e+01
6.080000e-06	-2.410828e-06	-9.720467e-10	-1.676303e+01	-6.058107e+01
6.090000e-06	-2.452791e-06	-9.913752e-10	-1.705480e+01	-6.178353e+01
6.100000e-06	-2.494687e-06	-1.014072e-09	-1.734612e+01	-6.295246e+01
6.110000e-06	-2.536536e-06	-1.039546e-09	-1.763710e+01	-6.408794e+01
6.120000e-06	-2.578160e-06	-1.065867e-09	-1.792652e+01	-6.519010e+01
6.130000e-06	-2.619528e-06	-1.087372e-09	-1.821416e+01	-6.625909e+01
6.140000e-06	-2.660662e-06	-1.102960e-09	-1.850018e+01	-6.729511e+01
6.150000e-06	-2.701518e-06	-1.115180e-09	-1.878426e+01	-6.829843e+01
6.160000e-06	-2.742156e-06	-1.127545e-09	-1.906682e+01	-6.926936e+01
6.170000e-06	-2.782603e-06	-1.142243e-09	-1.934806e+01	-7.020828e+01
6.180000e-06	-2.822920e-06	-1.158381e-09	-1.962839e+01	-7.111565e+01
6.190000e-06	-2.863144e-06	-1.175149e-09	-1.990808e+01	-7.199196e+01
6.200000e-06	-2.903257e-06	-1.190912e-09	-2.018700e+01	-7.283782e+01
6.210000e-06	-2.943253e-06	-1.208055e-09	-2.046509e+01	-7.365388e+01
6.220000e-06	-2.983145e-06	-1.223926e-09	-2.074247e+01	-7.444086e+01
6.230000e-06	-3.022892e-06	-1.235877e-09	-2.101884e+01	-7.519957e+01
6.240000e-06	-3.062400e-06	-1.246246e-09	-2.129355e+01	-7.593085e+01
6.250000e-06	-3.101686e-06	-1.255949e-09	-2.156671e+01	-7.663563e+01
6.260000e-06	-3.140686e-06	-1.266485e-09	-2.183789e+01	-7.731485e+01
6.270000e-06	-3.179292e-06	-1.277968e-09	-2.210632e+01	-7.796954e+01
6.280000e-06	-3.217579e-06	-1.289967e-09	-2.237254e+01	-7.860073e+01
6.290000e-06	-3.255510e-06	-1.301359e-09	-2.263628e+01	-7.920946e+01
6.300000e-06	-3.292989e-06	-1.312764e-09	-2.289689e+01	-7.979682e+01
6.310000e-06	-3.330058e-06	-1.322772e-09	-2.315464e+01	-8.036386e+01
6.320000e-06	-3.366808e-06	-1.329673e-09	-2.341016e+01	-8.091163e+01
6.330000e-06	-3.403302e-06	-1.335478e-09	-2.366392e+01	-8.144116e+01
6.340000e-06	-3.439622e-06	-1.342104e-09	-2.391646e+01	-8.195343e+01
6.350000e-06	-3.475779e-06	-1.350991e-09	-2.416787e+01	-8.244939e+01
6.360000e-06	-3.511806e-06	-1.360658e-09	-2.441837e+01	-8.292991e+01
6.370000e-06	-3.547687e-06	-1.370035e-09	-2.466785e+01	-8.339580e+01
6.380000e-06	-3.583388e-06	-1.379388e-09	-2.491610e+01	-8.384780e+01
6.390000e-06	-3.618882e-06	-1.387133e-09	-2.516290e+01	-8.428657e+01
6.400000e-06	-3.654088e-06	-1.394959e-09	-2.540769e+01	-8.471266e+01
6.410000e-06	-3.688995e-06	-1.404118e-09	-2.565041e+01	-8.512657e+01
6.420000e-06	-3.723678e-06	-1.414724e-09	-2.589156e+01	-8.552868e+01
6.430000e-06	-3.758124e-06	-1.424448e-09	-2.613107e+01	-8.591930e+01
6.440000e-06	-3.792299e-06	-1.432250e-09	-2.636870e+01	-8.629863e+01
6.450000e-06	-3.826232e-06	-1.438419e-09	-2.660464e+01	-8.666681e+01
6.460000e-06	-3.859880e-06	-1.444404e-09	-2.683861e+01	-8.702391e+01
6.470000e-06	-3.893253e-06	-1.451087e-09	-2.707066e+01	-8.736990e+01
6.480000e-06	-3.926368e-06	-1.456614e-09	-2.730091e+01	-8.770474e+01
6.490000e-06	-3.959143e-06	-1.460888e-09	-2.752880e+01	-8.802829e+01
6.500000e-06	-3.991611e-06	-1.467151e-09	-2.775456e+01	-8.834043e+01
6.510000e-06	-4.023879e-06	-1.473503e-09	-2.797893e+01	-8.864096e+01
6.520000e-06	-4.055961e-06	-1.479819e-09	-2.820200e+01	-8.892971e+01
6.530000e-06	-4.087899e-06	-1.486864e-09	-2.842407e+01	-8.920649e+01
6.540000e-06	-4.119661e-06	-1.490805e-09	-2.864492e+01	-8.947112e+01
6.550000e-06	-4.151133e-06	-1.490105e-09	-2.886375e+01	-8.972346e+01
6.560000e-06	-4.182245e-06	-1.489760e-09	-2.908008e+01	-8.996340e+01
6.570000e-06	-4.212878e-06	-1.491693e-09	-2.929308e+01	-9.019085e+01
6.580000e-06	-4.242970e-06	-1.494459e-09	-2.950231e+01	-9.040582e+01
6.590000e-06	-4.272561e-06	-1.495259e-09	-2.970807e+01	-9.060833e+01
6.600000e-06	-4.301682e-06	-1.494683e-09	-2.991055e+01	-9.079850e+01
6.610000e-06	-4.330388e-06	-1.494592e-09	-3.011015e+01	-9.097652e+01
6.620000e-06	-4.358778e-06	-1.495684e-09	-3.030755e+01	-9.114263e+01
6.630000e-06	-4.386961e-06	-1.500450e-09	-3.050352e+01	-9.129715e+01
6.640000e-06	-4.415014e-06	-1.503587e-09	-3.069857e+01	-9.144048e+01
6.650000e-06	-4.442911e-06	-1.502266e-09	-3.089255e+01	-9.157308e+01
6.660000e-06	-4.470549e-06	-1.500163e-09	-3.108472e+01	-9.169548e+01
6.670000e-06	-4.497786e-06	-1.499519e-09	-3.127411e+01	-9.180825e+01
6.680000e-06	-4.524639e-06	-1.498201e-09	-3.146083e+01	-9.191202e+01
6.690000e-06	-4.551210e-06	-1.497249e-09	-3.164557e+01	-9.200746e+01
6.700000e-06	-4.577459e-06	-1.497178e-09	-3.182809e+01	-9.209526e+01
6.710000e-06	-4.603370e-06	-1.498410e-09	-3.200826e+01	-9.217614e+01
6.720000e-06	-4.629005e-06	-1.501791e-09	-3.218650e+01	-9.225081e+01
6.730000e-06	-4.654339e-06	-1.505225e-09	-3.236265e+01	-9.232001e+01
6.740000e-06	-4.679319e-06	-1.506662e-09	-3.253635e+01	-9.238442e+01
6.750000e-06	-4.703962e-06	-1.506588e-09	-3.270769e+01	-9.244472e+01
6.760000e-06	-4.728349e-06	-1.504441e-09	-3.287727e+01	-9.250157e+01
6.770000e-06	-4.752518e-06	-1.500455e-09	-3.304532e+01	-9.255555e+01
6.780000e-06	-4.776493e-06	-1.497458e-09	-3.321202e+01	-9.260721e+01
6.790000e-06	-4.800256e-06	-1.497286e-09	-3.337725e+01	-9.265703e+01
6.800000e-06	-4.823660e-06	-1.496980e-09	-3.353998e+01	-9.270543e+01
6.810000e-06	-4.846658e-06	-1.495870e-09	-3.369989e+01	-9.275276e+01
6.820000e-06	-4.869159e-06	-1.494345e-09	-3.385635e+01	-9.279929e+01
6.830000e-06	-4.891083e-06	-1.493147e-09	-3.400879e+01	-9.284524e+01
6.840000e-06	-4.912389e-06	-1.492901e-09	-3.415693e+01	-9.289073e+01
6.850000e-06	-4.933160e-06	-1.492981e-09	-3.430136e+01	-9.293582e+01
6.860000e-06	-4.953605e-06	-1.492692e-09	-3.444352e+01	-9.298051e+01
6.870000e-06	-4.973790e-06	-1.490478e-09	-3.458387e+01	-9.302472e+01
6.880000e-06	-4.993768e-06	-1.489622e-09	-3.472278e+01	-9.306834e+01
6.890000e-06	-5.013568e-06	-1.491128e-09	-3.486046e+01	-9.311118e+01
6.900000e-06	-5.033039e-06	-1.492133e-09	-3.499584e+01	-9.315304e+01
6.910000e-06	-5.052122e-06	-1.491596e-09	-3.512853e+01	-9.319367e+01
6.920000e-06	-5.070872e-06	-1.490778e-09	-3.525890e+01	-9.323279e+01
6.930000e-06	-5.089258e-06	-1.487090e-09	-3.538675e+01	-9.327013e+01
6.940000e-06	-5.107355e-06	-1.480910e-09	-3.551258e+01	-9.330537e+01
6.950000e-06	-5.125211e-06	-1.475850e-09	-3.563673e+01	-9.333825e+01
6.960000e-06	-5.142669e-06	-1.472542e-09	-3.575812e+01	-9.336848e+01
6.970000e-06	-5.159692e-06	-1.472812e-09	-3.587649e+01	-9.339579e+01
6.980000e-06	-5.176360e-06	-1.476631e-09	-3.599238e+01	-9.341994e+01
6.990000e-06	-5.192726e-06	-1.481275e-09	-3.610618e+01	-9.344074e+01
7.000000e-06	-5.208874e-06	-1.484198e-09	-3.621846e+01	-9.345800e+01
7.010000e-06	-5.224802e-06	-1.482820e-09	-3.632921e+01	-9.347159e+01
7.020000e-06	-5.240375e-06	-1.478397e-09	-3.643749e+01	-9.348141e+01
7.030000e-06	-5.255413e-06	-1.472929e-09	-3.654205e+01	-9.348741e+01
7.040000e-06	-5.269877e-06	-1.470180e-09	-3.664263e+01	-9.348957e+01
7.050000e-06	-5.283710e-06	-1.472148e-09	-3.673881e+01	-9.348790e+01
7.060000e-06	-5.296966e-06	-1.476464e-09	-3.683099e+01	-9.348247e+01
7.070000e-06	-5.309736e-06	-1.479238e-09	-3.691977e+01	-9.347337e+01
7.080000e-06	-5.322067e-06	-1.478714e-09	-3.700551e+01	-9.346070e+01
7.090000e-06	-5.334087e-06	-1.475781e-09	-3.708909e+01	-9.344463e+01
7.100000e-06	-5.345785e-06	-1.469967e-09	-3.717043e+01	-9.342529e+01
7.110000e-06	-5.357045e-06	-1.462617e-09	-3.724872e+01	-9.340287e+01
7.120000e-06	-5.367859e-06	-1.457737e-09	-3.732392e+01	-9.337755e+01
7.130000e-06	-5.378327e-06	-1.457410e-09	-3.739671e+01	-9.334949e+01
7.140000e-06	-5.388482e-06	-1.460993e-09	-3.746731e+01	-9.331889e+01
7.150000e-06	-5.398210e-06	-1.468252e-09	-3.753496e+01	-9.328589e+01
7.160000e-06	-5.407518e-06	-1.471200e-09	-3.759967e+01	-9.325066e+01
7.170000e-06	-5.416448e-06	-1.465181e-09	-3.766177e+01	-9.321333e+01
7.180000e-06	-5.425002e-06	-1.456447e-09	-3.772125e+01	-9.317401e+01
7.190000e-06	-5.433337e-06	-1.449501e-09	-3.777920e+01	-9.313281e+01
7.200000e-06	-5.441475e-06	-1.447502e-09	-3.783579e+01	-9.308979e+01
7.210000e-06	-5.449347e-06	-1.450367e-09	-3.789052e+01	-9.304500e+01
7.220000e-06	-5.456952e-06	-1.455329e-09	-3.794340e+01	-9.299847e+01
7.230000e-06	-5.464172e-06	-1.459127e-09	-3.799360e+01	-9.295020e+01
7.240000e-06	-5.470813e-06	-1.459367e-09	-3.803978e+01	-9.290020e+01
7.250000e-06	-5.476750e-06	-1.455831e-09	-3.808106e+01	-9.284844e+01
7.260000e-06	-5.482050e-06	-1.449837e-09	-3.811791e+01	-9.279488e+01
7.270000e-06	-5.486887e-06	-1.443251e-09	-3.815155e+01	-9.273949e+01
7.280000e-06	-5.491366e-06	-1.440221e-09	-3.818269e+01	-9.268225e+01
7.290000e-06	-5.495591e-06	-1.442105e-09	-3.821207e+01	-9.262311e+01
7.300000e-06	-5.499604e-06	-1.446451e-09	-3.823997e+01	-9.256206e+01
7.310000e-06	-5.503257e-06	-1.448479e-09	-3.826537e+01	-9.249910e+01
7.320000e-06	-5.506496e-06	-1.446306e-09	-3.828790e+01	-9.243424e+01
7.330000e-06	-5.509349e-06	-1.443933e-09	-3.830773e+01	-9.236753e+01
7.340000e-06	-5.511824e-06	-1.442140e-09	-3.832494e+01	-9.229902e+01
7.350000e-06	-5.514013e-06	-1.441503e-09	-3.834016e+01	-9.222883e+01
7.360000e-06	-5.515918e-06	-1.438834e-09	-3.835340e+01	-9.215706e+01
7.370000e-06	-5.517431e-06	-1.437263e-09	-3.836393e+01	-9.208389e+01
7.380000e-06	-5.518462e-06	-1.437503e-09	-3.837109e+01	-9.200950e+01
7.390000e-06	-5.519055e-06	-1.435011e-09	-3.837522e+01	-9.193411e+01
7.400000e-06	-5.519360e-06	-1.430251e-09	-3.837734e+01	-9.185797e+01
