# Temperatura_=_-8.79
# Concentracion g/m^3_=_1620.0
# C_Vs_to_Am_M_A/Vsm_=_65563218390.804596
# pendiente_HvsI_1/m_=_3716.3
# ordenada_HvsI_A/m_=_1297.0
# frecuencia_Hz_=_135111.2420192555

Tiempo_(s)	Campo_(V.s)	Magnetizacion_(V.s)	Campo_(kA/m)	Magnetizacion_(A/m)
0.000000e+00	-5.513446e-06	-1.359012e-09	-3.836629e+01	-8.736336e+01
1.000000e-08	-5.513665e-06	-1.354987e-09	-3.836781e+01	-8.732823e+01
2.000000e-08	-5.513708e-06	-1.352488e-09	-3.836812e+01	-8.729767e+01
3.000000e-08	-5.513469e-06	-1.352707e-09	-3.836645e+01	-8.727110e+01
4.000000e-08	-5.512817e-06	-1.353891e-09	-3.836192e+01	-8.724784e+01
5.000000e-08	-5.511633e-06	-1.353510e-09	-3.835368e+01	-8.722712e+01
6.000000e-08	-5.509784e-06	-1.342457e-09	-3.834081e+01	-8.720813e+01
7.000000e-08	-5.507274e-06	-1.325003e-09	-3.832335e+01	-8.718996e+01
8.000000e-08	-5.504238e-06	-1.332163e-09	-3.830222e+01	-8.717168e+01
9.000000e-08	-5.500744e-06	-1.372292e-09	-3.827790e+01	-8.715236e+01
1.000000e-07	-5.496741e-06	-1.409710e-09	-3.825005e+01	-8.713104e+01
1.100000e-07	-5.492407e-06	-1.393852e-09	-3.821989e+01	-8.710678e+01
1.200000e-07	-5.487936e-06	-1.324665e-09	-3.818878e+01	-8.707867e+01
1.300000e-07	-5.483227e-06	-1.283581e-09	-3.815601e+01	-8.704586e+01
1.400000e-07	-5.478222e-06	-1.324662e-09	-3.812118e+01	-8.700755e+01
1.500000e-07	-5.472838e-06	-1.359020e-09	-3.808371e+01	-8.696303e+01
1.600000e-07	-5.467058e-06	-1.347482e-09	-3.804349e+01	-8.691166e+01
1.700000e-07	-5.460922e-06	-1.308602e-09	-3.800080e+01	-8.685293e+01
1.800000e-07	-5.454339e-06	-1.341479e-09	-3.795498e+01	-8.678643e+01
1.900000e-07	-5.447259e-06	-1.375001e-09	-3.790572e+01	-8.671187e+01
2.000000e-07	-5.439777e-06	-1.342788e-09	-3.785365e+01	-8.662907e+01
2.100000e-07	-5.432108e-06	-1.285028e-09	-3.780029e+01	-8.653799e+01
2.200000e-07	-5.424275e-06	-1.303686e-09	-3.774578e+01	-8.643872e+01
2.300000e-07	-5.416144e-06	-1.364425e-09	-3.768920e+01	-8.633146e+01
2.400000e-07	-5.407614e-06	-1.369137e-09	-3.762984e+01	-8.621653e+01
2.500000e-07	-5.398597e-06	-1.332722e-09	-3.756709e+01	-8.609437e+01
2.600000e-07	-5.388900e-06	-1.313146e-09	-3.749962e+01	-8.596550e+01
2.700000e-07	-5.378432e-06	-1.317658e-09	-3.742677e+01	-8.583056e+01
2.800000e-07	-5.367425e-06	-1.303244e-09	-3.735018e+01	-8.569024e+01
2.900000e-07	-5.355965e-06	-1.301706e-09	-3.727044e+01	-8.554530e+01
3.000000e-07	-5.344144e-06	-1.313745e-09	-3.718818e+01	-8.539656e+01
3.100000e-07	-5.332031e-06	-1.322342e-09	-3.710389e+01	-8.524486e+01
3.200000e-07	-5.319450e-06	-1.301010e-09	-3.701634e+01	-8.509105e+01
3.300000e-07	-5.306391e-06	-1.290894e-09	-3.692546e+01	-8.493598e+01
3.400000e-07	-5.292958e-06	-1.280906e-09	-3.683199e+01	-8.478050e+01
3.500000e-07	-5.279173e-06	-1.282188e-09	-3.673606e+01	-8.462540e+01
3.600000e-07	-5.264942e-06	-1.281570e-09	-3.663703e+01	-8.447144e+01
3.700000e-07	-5.250312e-06	-1.286123e-09	-3.653523e+01	-8.431931e+01
3.800000e-07	-5.235234e-06	-1.286928e-09	-3.643031e+01	-8.416962e+01
3.900000e-07	-5.219572e-06	-1.295440e-09	-3.632132e+01	-8.402290e+01
4.000000e-07	-5.203335e-06	-1.283187e-09	-3.620833e+01	-8.387958e+01
4.100000e-07	-5.186721e-06	-1.264599e-09	-3.609272e+01	-8.374001e+01
4.200000e-07	-5.169844e-06	-1.270148e-09	-3.597528e+01	-8.360439e+01
4.300000e-07	-5.152592e-06	-1.279837e-09	-3.585523e+01	-8.347287e+01
4.400000e-07	-5.134998e-06	-1.264010e-09	-3.573280e+01	-8.334544e+01
4.500000e-07	-5.117118e-06	-1.271316e-09	-3.560837e+01	-8.322200e+01
4.600000e-07	-5.098920e-06	-1.296608e-09	-3.548174e+01	-8.310237e+01
4.700000e-07	-5.080291e-06	-1.274050e-09	-3.535211e+01	-8.298625e+01
4.800000e-07	-5.061244e-06	-1.247066e-09	-3.521957e+01	-8.287325e+01
4.900000e-07	-5.041825e-06	-1.276869e-09	-3.508444e+01	-8.276292e+01
5.000000e-07	-5.022073e-06	-1.281809e-09	-3.494698e+01	-8.265472e+01
5.100000e-07	-5.002158e-06	-1.237713e-09	-3.480841e+01	-8.254808e+01
5.200000e-07	-4.982070e-06	-1.243807e-09	-3.466862e+01	-8.244238e+01
5.300000e-07	-4.961656e-06	-1.275007e-09	-3.452657e+01	-8.233695e+01
5.400000e-07	-4.940846e-06	-1.260379e-09	-3.438176e+01	-8.223114e+01
5.500000e-07	-4.919724e-06	-1.256087e-09	-3.423477e+01	-8.212428e+01
5.600000e-07	-4.898232e-06	-1.280372e-09	-3.408522e+01	-8.201572e+01
5.700000e-07	-4.876317e-06	-1.252315e-09	-3.393272e+01	-8.190483e+01
5.800000e-07	-4.854085e-06	-1.225208e-09	-3.377802e+01	-8.179105e+01
5.900000e-07	-4.831575e-06	-1.252864e-09	-3.362137e+01	-8.167382e+01
6.000000e-07	-4.808796e-06	-1.255483e-09	-3.346286e+01	-8.155268e+01
6.100000e-07	-4.785632e-06	-1.219801e-09	-3.330167e+01	-8.142723e+01
6.200000e-07	-4.762126e-06	-1.229262e-09	-3.313810e+01	-8.129714e+01
6.300000e-07	-4.738412e-06	-1.241068e-09	-3.297308e+01	-8.116216e+01
6.400000e-07	-4.714459e-06	-1.217409e-09	-3.280640e+01	-8.102213e+01
6.500000e-07	-4.690219e-06	-1.215457e-09	-3.263772e+01	-8.087696e+01
6.600000e-07	-4.665557e-06	-1.235634e-09	-3.246611e+01	-8.072666e+01
6.700000e-07	-4.640349e-06	-1.220253e-09	-3.229069e+01	-8.057131e+01
6.800000e-07	-4.614660e-06	-1.206517e-09	-3.211193e+01	-8.041106e+01
6.900000e-07	-4.588447e-06	-1.214176e-09	-3.192952e+01	-8.024613e+01
7.000000e-07	-4.561794e-06	-1.206054e-09	-3.174406e+01	-8.007682e+01
7.100000e-07	-4.534743e-06	-1.189071e-09	-3.155582e+01	-7.990346e+01
7.200000e-07	-4.507251e-06	-1.197489e-09	-3.136451e+01	-7.972643e+01
7.300000e-07	-4.479525e-06	-1.204759e-09	-3.117157e+01	-7.954613e+01
7.400000e-07	-4.451675e-06	-1.199991e-09	-3.097777e+01	-7.936300e+01
7.500000e-07	-4.423636e-06	-1.201160e-09	-3.078266e+01	-7.917747e+01
7.600000e-07	-4.395364e-06	-1.200286e-09	-3.058592e+01	-7.898996e+01
7.700000e-07	-4.366861e-06	-1.185960e-09	-3.038758e+01	-7.880090e+01
7.800000e-07	-4.338013e-06	-1.175859e-09	-3.018683e+01	-7.861068e+01
7.900000e-07	-4.308840e-06	-1.176756e-09	-2.998383e+01	-7.841964e+01
8.000000e-07	-4.279398e-06	-1.174248e-09	-2.977895e+01	-7.822810e+01
8.100000e-07	-4.249675e-06	-1.169023e-09	-2.957212e+01	-7.803631e+01
8.200000e-07	-4.219672e-06	-1.165985e-09	-2.936333e+01	-7.784447e+01
8.300000e-07	-4.189358e-06	-1.160693e-09	-2.915239e+01	-7.765271e+01
8.400000e-07	-4.158746e-06	-1.154292e-09	-2.893937e+01	-7.746109e+01
8.500000e-07	-4.127895e-06	-1.157579e-09	-2.872469e+01	-7.726963e+01
8.600000e-07	-4.096737e-06	-1.162122e-09	-2.850787e+01	-7.707824e+01
8.700000e-07	-4.065292e-06	-1.160095e-09	-2.828906e+01	-7.688679e+01
8.800000e-07	-4.033694e-06	-1.155185e-09	-2.806917e+01	-7.669510e+01
8.900000e-07	-4.001897e-06	-1.151413e-09	-2.784791e+01	-7.650290e+01
9.000000e-07	-3.969855e-06	-1.141573e-09	-2.762494e+01	-7.630990e+01
9.100000e-07	-3.937609e-06	-1.133381e-09	-2.740055e+01	-7.611576e+01
9.200000e-07	-3.905087e-06	-1.130738e-09	-2.717424e+01	-7.592010e+01
9.300000e-07	-3.872175e-06	-1.130298e-09	-2.694522e+01	-7.572253e+01
9.400000e-07	-3.838874e-06	-1.127759e-09	-2.671348e+01	-7.552264e+01
9.500000e-07	-3.805172e-06	-1.125621e-09	-2.647897e+01	-7.532002e+01
9.600000e-07	-3.771043e-06	-1.116909e-09	-2.624147e+01	-7.511427e+01
9.700000e-07	-3.736380e-06	-1.105611e-09	-2.600026e+01	-7.490502e+01
9.800000e-07	-3.701241e-06	-1.098333e-09	-2.575574e+01	-7.469190e+01
9.900000e-07	-3.665803e-06	-1.095926e-09	-2.550914e+01	-7.447461e+01
1.000000e-06	-3.630169e-06	-1.093648e-09	-2.526117e+01	-7.425288e+01
1.010000e-06	-3.594436e-06	-1.091770e-09	-2.501252e+01	-7.402651e+01
1.020000e-06	-3.558619e-06	-1.090049e-09	-2.476328e+01	-7.379534e+01
1.030000e-06	-3.522647e-06	-1.085367e-09	-2.451297e+01	-7.355929e+01
1.040000e-06	-3.486465e-06	-1.078877e-09	-2.426118e+01	-7.331834e+01
1.050000e-06	-3.450056e-06	-1.076492e-09	-2.400783e+01	-7.307252e+01
1.060000e-06	-3.413414e-06	-1.074367e-09	-2.375285e+01	-7.282197e+01
1.070000e-06	-3.376511e-06	-1.068008e-09	-2.349605e+01	-7.256684e+01
1.080000e-06	-3.339315e-06	-1.062225e-09	-2.323721e+01	-7.230738e+01
1.090000e-06	-3.301874e-06	-1.056137e-09	-2.297668e+01	-7.204386e+01
1.100000e-06	-3.264192e-06	-1.049491e-09	-2.271446e+01	-7.177663e+01
1.110000e-06	-3.226260e-06	-1.043885e-09	-2.245050e+01	-7.150604e+01
1.120000e-06	-3.188156e-06	-1.040730e-09	-2.218535e+01	-7.123250e+01
1.130000e-06	-3.149839e-06	-1.033331e-09	-2.191872e+01	-7.095639e+01
1.140000e-06	-3.111293e-06	-1.025996e-09	-2.165049e+01	-7.067814e+01
1.150000e-06	-3.072621e-06	-1.024051e-09	-2.138138e+01	-7.039814e+01
1.160000e-06	-3.033717e-06	-1.023877e-09	-2.111066e+01	-7.011677e+01
1.170000e-06	-2.994532e-06	-1.020498e-09	-2.083798e+01	-6.983437e+01
1.180000e-06	-2.955194e-06	-1.015992e-09	-2.056424e+01	-6.955123e+01
1.190000e-06	-2.915692e-06	-1.013699e-09	-2.028936e+01	-6.926760e+01
1.200000e-06	-2.876048e-06	-1.009085e-09	-2.001349e+01	-6.898364e+01
1.210000e-06	-2.836264e-06	-9.994228e-10	-1.973665e+01	-6.869946e+01
1.220000e-06	-2.796356e-06	-9.901449e-10	-1.945894e+01	-6.841507e+01
1.230000e-06	-2.756363e-06	-9.813214e-10	-1.918064e+01	-6.813038e+01
1.240000e-06	-2.716197e-06	-9.718693e-10	-1.890114e+01	-6.784524e+01
1.250000e-06	-2.675851e-06	-9.654862e-10	-1.862038e+01	-6.755937e+01
1.260000e-06	-2.635369e-06	-9.644413e-10	-1.833869e+01	-6.727241e+01
1.270000e-06	-2.594596e-06	-9.636216e-10	-1.805496e+01	-6.698392e+01
1.280000e-06	-2.553511e-06	-9.596424e-10	-1.776906e+01	-6.669335e+01
1.290000e-06	-2.512182e-06	-9.537304e-10	-1.748146e+01	-6.640007e+01
1.300000e-06	-2.470539e-06	-9.434401e-10	-1.719168e+01	-6.610338e+01
1.310000e-06	-2.428607e-06	-9.303568e-10	-1.689989e+01	-6.580252e+01
1.320000e-06	-2.386414e-06	-9.191438e-10	-1.660628e+01	-6.549666e+01
1.330000e-06	-2.343972e-06	-9.123533e-10	-1.631094e+01	-6.518492e+01
1.340000e-06	-2.301288e-06	-9.108752e-10	-1.601392e+01	-6.486643e+01
1.350000e-06	-2.258360e-06	-9.139289e-10	-1.571520e+01	-6.454025e+01
1.360000e-06	-2.215176e-06	-9.171679e-10	-1.541470e+01	-6.420547e+01
1.370000e-06	-2.171781e-06	-9.143557e-10	-1.511273e+01	-6.386120e+01
1.380000e-06	-2.128254e-06	-9.047503e-10	-1.480984e+01	-6.350656e+01
1.390000e-06	-2.084598e-06	-8.917991e-10	-1.450605e+01	-6.314071e+01
1.400000e-06	-2.040821e-06	-8.764620e-10	-1.420141e+01	-6.276287e+01
1.410000e-06	-1.996941e-06	-8.647537e-10	-1.389607e+01	-6.237232e+01
1.420000e-06	-1.952988e-06	-8.584532e-10	-1.359022e+01	-6.196843e+01
1.430000e-06	-1.908978e-06	-8.535325e-10	-1.328396e+01	-6.155065e+01
1.440000e-06	-1.864925e-06	-8.482971e-10	-1.297741e+01	-6.111851e+01
1.450000e-06	-1.820765e-06	-8.427919e-10	-1.267012e+01	-6.067166e+01
1.460000e-06	-1.776441e-06	-8.352662e-10	-1.236168e+01	-6.020981e+01
1.470000e-06	-1.732012e-06	-8.243733e-10	-1.205251e+01	-5.973282e+01
1.480000e-06	-1.687504e-06	-8.135029e-10	-1.174279e+01	-5.924061e+01
1.490000e-06	-1.642883e-06	-8.039847e-10	-1.143230e+01	-5.873320e+01
1.500000e-06	-1.598079e-06	-7.942368e-10	-1.112052e+01	-5.821072e+01
1.510000e-06	-1.553125e-06	-7.838016e-10	-1.080770e+01	-5.767334e+01
1.520000e-06	-1.508073e-06	-7.737420e-10	-1.049419e+01	-5.712132e+01
1.530000e-06	-1.462946e-06	-7.645140e-10	-1.018017e+01	-5.655496e+01
1.540000e-06	-1.417734e-06	-7.566755e-10	-9.865557e+00	-5.597461e+01
1.550000e-06	-1.372418e-06	-7.497483e-10	-9.550212e+00	-5.538063e+01
1.560000e-06	-1.327061e-06	-7.419375e-10	-9.234592e+00	-5.477339e+01
1.570000e-06	-1.281613e-06	-7.308660e-10	-8.918332e+00	-5.415324e+01
1.580000e-06	-1.235977e-06	-7.188813e-10	-8.600764e+00	-5.352049e+01
1.590000e-06	-1.190179e-06	-7.070945e-10	-8.282075e+00	-5.287542e+01
1.600000e-06	-1.144323e-06	-6.941565e-10	-7.962976e+00	-5.221821e+01
1.610000e-06	-1.098419e-06	-6.832906e-10	-7.643542e+00	-5.154899e+01
1.620000e-06	-1.052390e-06	-6.740576e-10	-7.323242e+00	-5.086776e+01
1.630000e-06	-1.006271e-06	-6.652526e-10	-7.002313e+00	-5.017441e+01
1.640000e-06	-9.601479e-07	-6.568160e-10	-6.681360e+00	-4.946869e+01
1.650000e-06	-9.140348e-07	-6.474853e-10	-6.360473e+00	-4.875022e+01
1.660000e-06	-8.678319e-07	-6.366641e-10	-6.038963e+00	-4.801848e+01
1.670000e-06	-8.215655e-07	-6.225599e-10	-5.717010e+00	-4.727277e+01
1.680000e-06	-7.752912e-07	-6.077648e-10	-5.395002e+00	-4.651224e+01
1.690000e-06	-7.289468e-07	-5.948038e-10	-5.072506e+00	-4.573591e+01
1.700000e-06	-6.825262e-07	-5.823869e-10	-4.749480e+00	-4.494261e+01
1.710000e-06	-6.359789e-07	-5.681308e-10	-4.425572e+00	-4.413105e+01
1.720000e-06	-5.893849e-07	-5.521732e-10	-4.101340e+00	-4.329978e+01
1.730000e-06	-5.428410e-07	-5.390599e-10	-3.777455e+00	-4.244726e+01
1.740000e-06	-4.962771e-07	-5.288089e-10	-3.453432e+00	-4.157180e+01
1.750000e-06	-4.497095e-07	-5.185753e-10	-3.129383e+00	-4.067167e+01
1.760000e-06	-4.030293e-07	-5.058137e-10	-2.804551e+00	-3.974502e+01
1.770000e-06	-3.562392e-07	-4.907465e-10	-2.478954e+00	-3.879000e+01
1.780000e-06	-3.095172e-07	-4.759703e-10	-2.153831e+00	-3.780472e+01
1.790000e-06	-2.627900e-07	-4.602723e-10	-1.828671e+00	-3.678730e+01
1.800000e-06	-2.160230e-07	-4.439595e-10	-1.503234e+00	-3.573589e+01
1.810000e-06	-1.692299e-07	-4.282573e-10	-1.177616e+00	-3.464870e+01
1.820000e-06	-1.224140e-07	-4.134795e-10	-8.518398e-01	-3.352404e+01
1.830000e-06	-7.562411e-08	-3.996671e-10	-5.262438e-01	-3.236034e+01
1.840000e-06	-2.890695e-08	-3.848474e-10	-2.011541e-01	-3.115616e+01
1.850000e-06	1.777251e-08	-3.682014e-10	1.236732e-01	-2.991024e+01
1.860000e-06	6.449863e-08	-3.508602e-10	4.488252e-01	-2.862153e+01
1.870000e-06	1.112472e-07	-3.323506e-10	7.741334e-01	-2.728916e+01
1.880000e-06	1.579828e-07	-3.119920e-10	1.099352e+00	-2.591255e+01
1.890000e-06	2.046804e-07	-2.912930e-10	1.424305e+00	-2.449132e+01
1.900000e-06	2.513278e-07	-2.708429e-10	1.748909e+00	-2.302539e+01
1.910000e-06	2.979841e-07	-2.486087e-10	2.073575e+00	-2.151496e+01
1.920000e-06	3.446379e-07	-2.258723e-10	2.398224e+00	-1.996051e+01
1.930000e-06	3.912139e-07	-2.043146e-10	2.722331e+00	-1.836281e+01
1.940000e-06	4.377690e-07	-1.833228e-10	3.046293e+00	-1.672293e+01
1.950000e-06	4.843158e-07	-1.619697e-10	3.370198e+00	-1.504221e+01
1.960000e-06	5.307857e-07	-1.401146e-10	3.693567e+00	-1.332229e+01
1.970000e-06	5.771409e-07	-1.178120e-10	4.016138e+00	-1.156506e+01
1.980000e-06	6.234479e-07	-9.420167e-11	4.338373e+00	-9.772691e+00
1.990000e-06	6.698068e-07	-6.990792e-11	4.660970e+00	-7.947575e+00
2.000000e-06	7.161690e-07	-4.466518e-11	4.983589e+00	-6.092327e+00
2.010000e-06	7.624821e-07	-1.754530e-11	5.305867e+00	-4.209761e+00
2.020000e-06	8.087379e-07	1.226952e-11	5.627746e+00	-2.302861e+00
2.030000e-06	8.548722e-07	4.461961e-11	5.948780e+00	-3.747585e-01
2.040000e-06	9.009838e-07	7.568342e-11	6.269655e+00	1.571299e+00
2.050000e-06	9.470769e-07	1.014451e-10	6.590403e+00	3.531975e+00
2.060000e-06	9.930360e-07	1.239014e-10	6.910217e+00	5.503874e+00
2.070000e-06	1.038952e-06	1.463963e-10	7.229733e+00	7.483568e+00
2.080000e-06	1.084793e-06	1.707888e-10	7.548727e+00	9.467632e+00
2.090000e-06	1.130574e-06	1.980402e-10	7.867302e+00	1.145267e+01
2.100000e-06	1.176300e-06	2.276790e-10	8.185490e+00	1.343534e+01
2.110000e-06	1.221925e-06	2.588888e-10	8.502985e+00	1.541237e+01
2.120000e-06	1.267441e-06	2.891880e-10	8.819716e+00	1.738063e+01
2.130000e-06	1.312821e-06	3.171385e-10	9.135496e+00	1.933707e+01
2.140000e-06	1.358171e-06	3.433717e-10	9.451072e+00	2.127883e+01
2.150000e-06	1.403458e-06	3.671285e-10	9.766208e+00	2.320318e+01
2.160000e-06	1.448584e-06	3.893321e-10	1.008023e+01	2.510760e+01
2.170000e-06	1.493588e-06	4.108044e-10	1.039340e+01	2.698974e+01
2.180000e-06	1.538502e-06	4.334545e-10	1.070594e+01	2.884746e+01
2.190000e-06	1.583297e-06	4.608588e-10	1.101765e+01	3.067881e+01
2.200000e-06	1.627992e-06	4.914780e-10	1.132867e+01	3.248206e+01
2.210000e-06	1.672569e-06	5.230126e-10	1.163887e+01	3.425569e+01
2.220000e-06	1.716986e-06	5.521461e-10	1.194795e+01	3.599837e+01
2.230000e-06	1.761234e-06	5.759959e-10	1.225586e+01	3.770897e+01
2.240000e-06	1.805338e-06	5.946849e-10	1.256276e+01	3.938658e+01
2.250000e-06	1.849374e-06	6.085761e-10	1.286920e+01	4.103042e+01
2.260000e-06	1.893370e-06	6.220329e-10	1.317535e+01	4.263993e+01
2.270000e-06	1.937327e-06	6.402581e-10	1.348123e+01	4.421467e+01
2.280000e-06	1.981260e-06	6.640527e-10	1.378695e+01	4.575436e+01
2.290000e-06	2.025128e-06	6.901470e-10	1.409221e+01	4.725885e+01
2.300000e-06	2.068884e-06	7.152226e-10	1.439669e+01	4.872809e+01
2.310000e-06	2.112574e-06	7.382859e-10	1.470072e+01	5.016214e+01
2.320000e-06	2.156187e-06	7.565617e-10	1.500421e+01	5.156113e+01
2.330000e-06	2.199629e-06	7.700103e-10	1.530651e+01	5.292527e+01
2.340000e-06	2.242870e-06	7.830018e-10	1.560741e+01	5.425481e+01
2.350000e-06	2.285952e-06	7.975042e-10	1.590720e+01	5.555003e+01
2.360000e-06	2.328808e-06	8.146447e-10	1.620543e+01	5.681128e+01
2.370000e-06	2.371447e-06	8.344189e-10	1.650214e+01	5.803888e+01
2.380000e-06	2.413856e-06	8.544969e-10	1.679724e+01	5.923319e+01
2.390000e-06	2.455854e-06	8.724920e-10	1.708950e+01	6.039454e+01
2.400000e-06	2.497443e-06	8.874334e-10	1.737890e+01	6.152329e+01
2.410000e-06	2.538766e-06	8.997058e-10	1.766645e+01	6.261977e+01
2.420000e-06	2.579896e-06	9.106814e-10	1.795266e+01	6.368431e+01
2.430000e-06	2.620833e-06	9.231630e-10	1.823753e+01	6.471721e+01
2.440000e-06	2.661516e-06	9.386563e-10	1.852063e+01	6.571879e+01
2.450000e-06	2.701915e-06	9.567759e-10	1.880175e+01	6.668932e+01
2.460000e-06	2.742135e-06	9.751018e-10	1.908163e+01	6.762911e+01
2.470000e-06	2.782255e-06	9.896338e-10	1.936082e+01	6.853845e+01
2.480000e-06	2.822234e-06	9.996389e-10	1.963902e+01	6.941763e+01
2.490000e-06	2.862067e-06	1.006432e-09	1.991620e+01	7.026696e+01
2.500000e-06	2.901775e-06	1.012197e-09	2.019252e+01	7.108678e+01
2.510000e-06	2.941347e-06	1.021412e-09	2.046788e+01	7.187743e+01
2.520000e-06	2.980752e-06	1.036356e-09	2.074210e+01	7.263930e+01
2.530000e-06	3.019916e-06	1.052505e-09	2.101462e+01	7.337283e+01
2.540000e-06	3.058830e-06	1.067658e-09	2.128541e+01	7.407849e+01
2.550000e-06	3.097557e-06	1.079690e-09	2.155490e+01	7.475680e+01
2.560000e-06	3.136053e-06	1.085502e-09	2.182278e+01	7.540833e+01
2.570000e-06	3.174260e-06	1.087155e-09	2.208865e+01	7.603373e+01
2.580000e-06	3.212259e-06	1.089522e-09	2.235307e+01	7.663369e+01
2.590000e-06	3.250063e-06	1.094409e-09	2.261614e+01	7.720896e+01
2.600000e-06	3.287623e-06	1.103174e-09	2.287751e+01	7.776036e+01
2.610000e-06	3.325014e-06	1.118327e-09	2.313770e+01	7.828876e+01
2.620000e-06	3.362202e-06	1.135449e-09	2.339648e+01	7.879508e+01
2.630000e-06	3.399078e-06	1.149093e-09	2.365309e+01	7.928029e+01
2.640000e-06	3.435671e-06	1.155024e-09	2.390772e+01	7.974540e+01
2.650000e-06	3.472017e-06	1.155052e-09	2.416064e+01	8.019146e+01
2.660000e-06	3.508147e-06	1.154124e-09	2.441207e+01	8.061953e+01
2.670000e-06	3.544116e-06	1.154305e-09	2.466236e+01	8.103069e+01
2.680000e-06	3.579961e-06	1.158477e-09	2.491179e+01	8.142602e+01
2.690000e-06	3.615701e-06	1.168323e-09	2.516050e+01	8.180660e+01
2.700000e-06	3.651360e-06	1.180784e-09	2.540864e+01	8.217348e+01
2.710000e-06	3.686900e-06	1.191117e-09	2.565595e+01	8.252768e+01
2.720000e-06	3.722167e-06	1.195601e-09	2.590136e+01	8.287017e+01
2.730000e-06	3.756980e-06	1.195581e-09	2.614361e+01	8.320189e+01
2.740000e-06	3.791353e-06	1.194676e-09	2.638280e+01	8.352368e+01
2.750000e-06	3.825282e-06	1.194827e-09	2.661890e+01	8.383633e+01
2.760000e-06	3.858666e-06	1.199640e-09	2.685121e+01	8.414055e+01
2.770000e-06	3.891540e-06	1.209603e-09	2.707997e+01	8.443695e+01
2.780000e-06	3.924047e-06	1.221496e-09	2.730618e+01	8.472603e+01
2.790000e-06	3.956279e-06	1.230397e-09	2.753047e+01	8.500822e+01
2.800000e-06	3.988322e-06	1.233815e-09	2.775345e+01	8.528383e+01
2.810000e-06	4.020244e-06	1.235323e-09	2.797558e+01	8.555307e+01
2.820000e-06	4.052042e-06	1.236517e-09	2.819685e+01	8.581607e+01
2.830000e-06	4.083693e-06	1.239109e-09	2.841710e+01	8.607282e+01
2.840000e-06	4.115043e-06	1.244644e-09	2.863526e+01	8.632327e+01
2.850000e-06	4.146096e-06	1.252103e-09	2.885134e+01	8.656724e+01
2.860000e-06	4.176882e-06	1.259537e-09	2.906557e+01	8.680450e+01
2.870000e-06	4.207297e-06	1.264756e-09	2.927722e+01	8.703474e+01
2.880000e-06	4.237422e-06	1.266568e-09	2.948685e+01	8.725761e+01
2.890000e-06	4.267316e-06	1.264412e-09	2.969487e+01	8.747270e+01
2.900000e-06	4.296950e-06	1.263540e-09	2.990109e+01	8.767958e+01
2.910000e-06	4.326343e-06	1.267241e-09	3.010562e+01	8.787779e+01
2.920000e-06	4.355408e-06	1.272975e-09	3.030788e+01	8.806688e+01
2.930000e-06	4.384092e-06	1.279950e-09	3.050748e+01	8.824642e+01
2.940000e-06	4.412410e-06	1.286598e-09	3.070454e+01	8.841598e+01
2.950000e-06	4.440454e-06	1.289734e-09	3.089969e+01	8.857518e+01
2.960000e-06	4.468378e-06	1.288167e-09	3.109400e+01	8.872370e+01
2.970000e-06	4.496200e-06	1.286262e-09	3.128761e+01	8.886128e+01
2.980000e-06	4.523869e-06	1.286466e-09	3.148015e+01	8.898772e+01
2.990000e-06	4.551315e-06	1.288287e-09	3.167113e+01	8.910290e+01
3.000000e-06	4.578394e-06	1.292499e-09	3.185957e+01	8.920681e+01
3.010000e-06	4.604934e-06	1.297767e-09	3.204425e+01	8.929950e+01
3.020000e-06	4.630788e-06	1.303469e-09	3.222416e+01	8.938116e+01
3.030000e-06	4.655974e-06	1.306692e-09	3.239942e+01	8.945202e+01
3.040000e-06	4.680720e-06	1.306129e-09	3.257162e+01	8.951247e+01
3.050000e-06	4.705079e-06	1.303918e-09	3.274113e+01	8.956294e+01
3.060000e-06	4.729051e-06	1.301329e-09	3.290794e+01	8.960397e+01
3.070000e-06	4.752814e-06	1.299951e-09	3.307330e+01	8.963618e+01
3.080000e-06	4.776403e-06	1.300540e-09	3.323745e+01	8.966028e+01
3.090000e-06	4.799676e-06	1.303425e-09	3.339940e+01	8.967700e+01
3.100000e-06	4.822640e-06	1.306887e-09	3.355919e+01	8.968716e+01
3.110000e-06	4.845241e-06	1.308671e-09	3.371647e+01	8.969161e+01
3.120000e-06	4.867432e-06	1.308849e-09	3.387089e+01	8.969120e+01
3.130000e-06	4.889354e-06	1.309011e-09	3.402344e+01	8.968682e+01
3.140000e-06	4.911022e-06	1.308077e-09	3.417422e+01	8.967934e+01
3.150000e-06	4.932341e-06	1.306495e-09	3.432257e+01	8.966960e+01
3.160000e-06	4.953287e-06	1.306577e-09	3.446832e+01	8.965843e+01
3.170000e-06	4.973892e-06	1.305763e-09	3.461171e+01	8.964658e+01
3.180000e-06	4.994175e-06	1.304784e-09	3.475285e+01	8.963478e+01
3.190000e-06	5.014190e-06	1.305518e-09	3.489213e+01	8.962364e+01
3.200000e-06	5.034024e-06	1.307737e-09	3.503015e+01	8.961371e+01
3.210000e-06	5.053689e-06	1.310232e-09	3.516699e+01	8.960545e+01
3.220000e-06	5.073092e-06	1.313195e-09	3.530201e+01	8.959921e+01
3.230000e-06	5.092117e-06	1.316677e-09	3.543440e+01	8.959523e+01
3.240000e-06	5.110674e-06	1.319146e-09	3.556353e+01	8.959365e+01
3.250000e-06	5.128668e-06	1.319431e-09	3.568875e+01	8.959448e+01
3.260000e-06	5.146228e-06	1.319257e-09	3.581094e+01	8.959765e+01
3.270000e-06	5.163555e-06	1.320797e-09	3.593151e+01	8.960297e+01
3.280000e-06	5.180529e-06	1.321591e-09	3.604963e+01	8.961014e+01
3.290000e-06	5.197075e-06	1.323388e-09	3.616477e+01	8.961877e+01
3.300000e-06	5.213306e-06	1.326592e-09	3.627771e+01	8.962840e+01
3.310000e-06	5.229167e-06	1.329556e-09	3.638809e+01	8.963849e+01
3.320000e-06	5.244571e-06	1.332666e-09	3.649528e+01	8.964843e+01
3.330000e-06	5.259403e-06	1.332538e-09	3.659849e+01	8.965758e+01
3.340000e-06	5.273732e-06	1.330671e-09	3.669820e+01	8.966526e+01
3.350000e-06	5.287734e-06	1.329828e-09	3.679563e+01	8.967078e+01
3.360000e-06	5.301373e-06	1.333261e-09	3.689055e+01	8.967344e+01
3.370000e-06	5.314688e-06	1.337599e-09	3.698320e+01	8.967256e+01
3.380000e-06	5.327673e-06	1.339402e-09	3.707356e+01	8.966750e+01
3.390000e-06	5.340247e-06	1.340982e-09	3.716106e+01	8.965766e+01
3.400000e-06	5.352476e-06	1.340896e-09	3.724615e+01	8.964251e+01
3.410000e-06	5.364414e-06	1.340998e-09	3.732923e+01	8.962158e+01
3.420000e-06	5.375951e-06	1.342132e-09	3.740951e+01	8.959450e+01
3.430000e-06	5.387037e-06	1.345906e-09	3.748665e+01	8.956098e+01
3.440000e-06	5.397611e-06	1.348901e-09	3.756023e+01	8.952084e+01
3.450000e-06	5.407599e-06	1.349669e-09	3.762974e+01	8.947402e+01
3.460000e-06	5.416909e-06	1.351430e-09	3.769452e+01	8.942055e+01
3.470000e-06	5.425617e-06	1.352591e-09	3.775512e+01	8.936058e+01
3.480000e-06	5.433924e-06	1.350698e-09	3.781292e+01	8.929440e+01
3.490000e-06	5.441904e-06	1.347560e-09	3.786846e+01	8.922235e+01
3.500000e-06	5.449628e-06	1.345853e-09	3.792221e+01	8.914494e+01
3.510000e-06	5.457103e-06	1.346379e-09	3.797422e+01	8.906271e+01
3.520000e-06	5.464239e-06	1.349760e-09	3.802388e+01	8.897634e+01
3.530000e-06	5.470922e-06	1.355278e-09	3.807038e+01	8.888653e+01
3.540000e-06	5.477193e-06	1.358892e-09	3.811402e+01	8.879409e+01
3.550000e-06	5.483121e-06	1.359888e-09	3.815527e+01	8.869984e+01
3.560000e-06	5.488643e-06	1.358221e-09	3.819370e+01	8.860462e+01
3.570000e-06	5.493741e-06	1.353443e-09	3.822918e+01	8.850933e+01
3.580000e-06	5.498478e-06	1.349245e-09	3.826214e+01	8.841480e+01
3.590000e-06	5.502944e-06	1.348381e-09	3.829322e+01	8.832189e+01
3.600000e-06	5.507112e-06	1.350398e-09	3.832222e+01	8.823140e+01
3.610000e-06	5.511042e-06	1.353128e-09	3.834956e+01	8.814407e+01
3.620000e-06	5.514746e-06	1.355740e-09	3.837534e+01	8.806057e+01
3.630000e-06	5.518139e-06	1.356876e-09	3.839895e+01	8.798149e+01
3.640000e-06	5.521138e-06	1.355583e-09	3.841982e+01	8.790734e+01
3.650000e-06	5.523507e-06	1.352049e-09	3.843630e+01	8.783849e+01
3.660000e-06	5.525152e-06	1.349457e-09	3.844775e+01	8.777523e+01
3.670000e-06	5.526205e-06	1.348023e-09	3.845508e+01	8.771769e+01
3.680000e-06	5.526762e-06	1.346456e-09	3.845895e+01	8.766591e+01
3.690000e-06	5.526912e-06	1.346861e-09	3.846000e+01	8.761978e+01
3.700000e-06	5.526837e-06	1.348567e-09	3.845948e+01	8.757909e+01
3.710000e-06	5.526607e-06	1.351949e-09	3.845788e+01	8.754347e+01
3.720000e-06	5.526062e-06	1.354961e-09	3.845409e+01	8.751246e+01
3.730000e-06	5.525046e-06	1.355770e-09	3.844701e+01	8.748550e+01
3.740000e-06	5.523655e-06	1.356265e-09	3.843733e+01	8.746191e+01
3.750000e-06	5.521918e-06	1.360549e-09	3.842525e+01	8.744093e+01
3.760000e-06	5.519804e-06	1.376165e-09	3.841054e+01	8.742173e+01
3.770000e-06	5.517346e-06	1.377095e-09	3.839343e+01	8.740344e+01
3.780000e-06	5.514532e-06	1.333380e-09	3.837385e+01	8.738513e+01
3.790000e-06	5.511312e-06	1.280680e-09	3.835144e+01	8.736585e+01
3.800000e-06	5.507532e-06	1.268842e-09	3.832514e+01	8.734464e+01
3.810000e-06	5.503329e-06	1.326857e-09	3.829590e+01	8.732058e+01
3.820000e-06	5.499064e-06	1.417766e-09	3.826621e+01	8.729274e+01
3.830000e-06	5.494763e-06	1.403487e-09	3.823629e+01	8.726027e+01
3.840000e-06	5.490041e-06	1.348705e-09	3.820343e+01	8.722236e+01
3.850000e-06	5.484494e-06	1.326333e-09	3.816483e+01	8.717829e+01
3.860000e-06	5.478236e-06	1.335974e-09	3.812128e+01	8.712743e+01
3.870000e-06	5.471700e-06	1.333001e-09	3.807580e+01	8.706925e+01
3.880000e-06	5.464953e-06	1.307078e-09	3.802885e+01	8.700332e+01
3.890000e-06	5.457663e-06	1.365377e-09	3.797812e+01	8.692935e+01
3.900000e-06	5.449810e-06	1.434557e-09	3.792347e+01	8.684716e+01
3.910000e-06	5.441673e-06	1.400711e-09	3.786685e+01	8.675668e+01
3.920000e-06	5.433228e-06	1.272559e-09	3.780808e+01	8.665800e+01
3.930000e-06	5.424362e-06	1.260439e-09	3.774638e+01	8.655131e+01
3.940000e-06	5.415258e-06	1.357797e-09	3.768303e+01	8.643692e+01
3.950000e-06	5.405952e-06	1.395123e-09	3.761828e+01	8.631526e+01
3.960000e-06	5.396139e-06	1.328992e-09	3.754999e+01	8.618684e+01
3.970000e-06	5.385725e-06	1.321286e-09	3.747752e+01	8.605229e+01
3.980000e-06	5.374972e-06	1.374371e-09	3.740270e+01	8.591231e+01
3.990000e-06	5.364002e-06	1.346187e-09	3.732636e+01	8.576764e+01
4.000000e-06	5.352663e-06	1.269517e-09	3.724746e+01	8.561910e+01
4.010000e-06	5.340885e-06	1.270593e-09	3.716550e+01	8.546752e+01
4.020000e-06	5.328753e-06	1.314358e-09	3.708107e+01	8.531377e+01
4.030000e-06	5.316178e-06	1.298743e-09	3.699357e+01	8.515869e+01
4.040000e-06	5.303075e-06	1.288251e-09	3.690239e+01	8.500313e+01
4.050000e-06	5.289368e-06	1.313907e-09	3.680701e+01	8.484788e+01
4.060000e-06	5.275145e-06	1.308801e-09	3.670803e+01	8.469372e+01
4.070000e-06	5.260358e-06	1.260054e-09	3.660513e+01	8.454132e+01
4.080000e-06	5.244848e-06	1.257642e-09	3.649721e+01	8.439132e+01
4.090000e-06	5.228957e-06	1.297358e-09	3.638663e+01	8.424425e+01
4.100000e-06	5.212848e-06	1.318622e-09	3.627453e+01	8.410055e+01
4.110000e-06	5.196413e-06	1.289592e-09	3.616017e+01	8.396056e+01
4.120000e-06	5.179676e-06	1.262194e-09	3.604370e+01	8.382453e+01
4.130000e-06	5.162694e-06	1.280092e-09	3.592552e+01	8.369258e+01
4.140000e-06	5.145420e-06	1.317305e-09	3.580532e+01	8.356472e+01
4.150000e-06	5.127762e-06	1.284564e-09	3.568244e+01	8.344088e+01
4.160000e-06	5.109679e-06	1.251088e-09	3.555661e+01	8.332085e+01
4.170000e-06	5.091227e-06	1.294962e-09	3.542821e+01	8.320437e+01
4.180000e-06	5.072478e-06	1.309624e-09	3.529774e+01	8.309104e+01
4.190000e-06	5.053428e-06	1.251081e-09	3.516517e+01	8.298042e+01
4.200000e-06	5.034031e-06	1.268399e-09	3.503020e+01	8.287198e+01
4.210000e-06	5.014305e-06	1.318139e-09	3.489294e+01	8.276515e+01
4.220000e-06	4.994300e-06	1.259928e-09	3.475372e+01	8.265930e+01
4.230000e-06	4.974072e-06	1.228855e-09	3.461297e+01	8.255379e+01
4.240000e-06	4.953642e-06	1.304630e-09	3.447079e+01	8.244795e+01
4.250000e-06	4.932864e-06	1.297691e-09	3.432621e+01	8.234112e+01
4.260000e-06	4.911655e-06	1.232507e-09	3.417862e+01	8.223264e+01
4.270000e-06	4.889947e-06	1.270550e-09	3.402756e+01	8.212189e+01
4.280000e-06	4.867689e-06	1.291588e-09	3.387268e+01	8.200828e+01
4.290000e-06	4.844869e-06	1.233878e-09	3.371388e+01	8.189127e+01
4.300000e-06	4.821588e-06	1.253202e-09	3.355188e+01	8.177039e+01
4.310000e-06	4.797939e-06	1.296849e-09	3.338731e+01	8.164523e+01
4.320000e-06	4.773934e-06	1.250348e-09	3.322027e+01	8.151545e+01
4.330000e-06	4.749702e-06	1.244719e-09	3.305165e+01	8.138080e+01
4.340000e-06	4.725281e-06	1.295085e-09	3.288171e+01	8.124110e+01
4.350000e-06	4.700545e-06	1.271948e-09	3.270958e+01	8.109628e+01
4.360000e-06	4.675426e-06	1.235751e-09	3.253478e+01	8.094632e+01
4.370000e-06	4.649940e-06	1.267082e-09	3.235743e+01	8.079130e+01
4.380000e-06	4.624181e-06	1.268047e-09	3.217819e+01	8.063136e+01
4.390000e-06	4.598172e-06	1.240212e-09	3.199720e+01	8.046673e+01
4.400000e-06	4.571855e-06	1.253804e-09	3.181407e+01	8.029769e+01
4.410000e-06	4.545168e-06	1.260730e-09	3.162836e+01	8.012457e+01
4.420000e-06	4.518098e-06	1.227726e-09	3.143998e+01	7.994774e+01
4.430000e-06	4.490671e-06	1.221485e-09	3.124913e+01	7.976761e+01
4.440000e-06	4.462924e-06	1.241528e-09	3.105605e+01	7.958461e+01
4.450000e-06	4.434954e-06	1.241098e-09	3.086141e+01	7.939918e+01
4.460000e-06	4.406799e-06	1.229706e-09	3.066549e+01	7.921173e+01
4.470000e-06	4.378528e-06	1.234342e-09	3.046876e+01	7.902270e+01
4.480000e-06	4.350065e-06	1.234720e-09	3.027070e+01	7.883248e+01
4.490000e-06	4.321278e-06	1.223817e-09	3.007038e+01	7.864141e+01
4.500000e-06	4.292066e-06	1.220596e-09	2.986710e+01	7.844981e+01
4.510000e-06	4.262426e-06	1.221085e-09	2.966085e+01	7.825795e+01
4.520000e-06	4.232378e-06	1.215262e-09	2.945176e+01	7.806602e+01
4.530000e-06	4.201723e-06	1.214755e-09	2.923843e+01	7.787417e+01
4.540000e-06	4.170484e-06	1.221276e-09	2.902105e+01	7.768245e+01
4.550000e-06	4.138905e-06	1.218883e-09	2.880130e+01	7.749089e+01
4.560000e-06	4.107078e-06	1.210938e-09	2.857983e+01	7.729942e+01
4.570000e-06	4.075060e-06	1.207695e-09	2.835703e+01	7.710790e+01
4.580000e-06	4.042884e-06	1.202495e-09	2.813313e+01	7.691615e+01
4.590000e-06	4.010550e-06	1.196798e-09	2.790812e+01	7.672392e+01
4.600000e-06	3.978039e-06	1.198425e-09	2.768189e+01	7.653091e+01
4.610000e-06	3.945206e-06	1.196484e-09	2.745342e+01	7.633679e+01
4.620000e-06	3.912036e-06	1.192094e-09	2.722260e+01	7.614119e+01
4.630000e-06	3.878574e-06	1.193746e-09	2.698974e+01	7.594371e+01
4.640000e-06	3.844804e-06	1.198266e-09	2.675475e+01	7.574394e+01
4.650000e-06	3.810798e-06	1.196826e-09	2.651812e+01	7.554148e+01
4.660000e-06	3.776580e-06	1.193149e-09	2.628000e+01	7.533592e+01
4.670000e-06	3.742177e-06	1.188572e-09	2.604060e+01	7.512689e+01
4.680000e-06	3.707526e-06	1.182196e-09	2.579948e+01	7.491402e+01
4.690000e-06	3.672443e-06	1.179424e-09	2.555535e+01	7.469700e+01
4.700000e-06	3.637050e-06	1.183244e-09	2.530906e+01	7.447557e+01
4.710000e-06	3.601508e-06	1.182491e-09	2.506174e+01	7.424950e+01
4.720000e-06	3.565759e-06	1.178936e-09	2.481297e+01	7.401865e+01
4.730000e-06	3.529823e-06	1.179452e-09	2.456290e+01	7.378293e+01
4.740000e-06	3.493779e-06	1.179024e-09	2.431208e+01	7.354229e+01
4.750000e-06	3.457621e-06	1.170476e-09	2.406047e+01	7.329680e+01
4.760000e-06	3.421304e-06	1.162037e-09	2.380775e+01	7.304654e+01
4.770000e-06	3.384775e-06	1.159261e-09	2.355356e+01	7.279170e+01
4.780000e-06	3.347932e-06	1.157079e-09	2.329718e+01	7.253251e+01
4.790000e-06	3.310714e-06	1.157929e-09	2.303819e+01	7.226923e+01
4.800000e-06	3.273173e-06	1.162593e-09	2.277695e+01	7.200221e+01
4.810000e-06	3.235420e-06	1.161777e-09	2.251424e+01	7.173180e+01
4.820000e-06	3.197246e-06	1.155625e-09	2.224861e+01	7.145840e+01
4.830000e-06	3.158578e-06	1.151791e-09	2.197953e+01	7.118241e+01
4.840000e-06	3.119546e-06	1.149566e-09	2.170791e+01	7.090424e+01
4.850000e-06	3.080169e-06	1.143147e-09	2.143390e+01	7.062428e+01
4.860000e-06	3.040555e-06	1.137315e-09	2.115824e+01	7.034293e+01
4.870000e-06	3.000764e-06	1.135487e-09	2.088135e+01	7.006051e+01
4.880000e-06	2.960830e-06	1.131986e-09	2.060346e+01	6.977734e+01
4.890000e-06	2.920772e-06	1.128420e-09	2.032471e+01	6.949366e+01
4.900000e-06	2.880633e-06	1.124456e-09	2.004540e+01	6.920964e+01
4.910000e-06	2.840410e-06	1.117835e-09	1.976550e+01	6.892539e+01
4.920000e-06	2.800033e-06	1.111402e-09	1.948453e+01	6.864093e+01
4.930000e-06	2.759450e-06	1.110148e-09	1.920213e+01	6.835619e+01
4.940000e-06	2.718623e-06	1.111546e-09	1.891802e+01	6.807100e+01
4.950000e-06	2.677611e-06	1.113070e-09	1.863263e+01	6.778512e+01
4.960000e-06	2.636460e-06	1.114419e-09	1.834627e+01	6.749819e+01
4.970000e-06	2.595196e-06	1.111762e-09	1.805913e+01	6.720976e+01
4.980000e-06	2.553732e-06	1.103249e-09	1.777060e+01	6.691930e+01
4.990000e-06	2.512046e-06	1.095859e-09	1.748052e+01	6.662618e+01
5.000000e-06	2.470218e-06	1.092426e-09	1.718945e+01	6.632972e+01
5.010000e-06	2.428241e-06	1.089933e-09	1.689735e+01	6.602915e+01
5.020000e-06	2.386074e-06	1.087600e-09	1.660392e+01	6.572365e+01
5.030000e-06	2.343741e-06	1.088452e-09	1.630934e+01	6.541236e+01
5.040000e-06	2.301282e-06	1.089718e-09	1.601388e+01	6.509437e+01
5.050000e-06	2.258671e-06	1.087039e-09	1.571736e+01	6.476879e+01
5.060000e-06	2.215886e-06	1.080223e-09	1.541963e+01	6.443468e+01
5.070000e-06	2.172860e-06	1.071378e-09	1.512024e+01	6.409115e+01
5.080000e-06	2.129647e-06	1.061054e-09	1.481953e+01	6.373731e+01
5.090000e-06	2.086256e-06	1.050844e-09	1.451759e+01	6.337234e+01
5.100000e-06	2.042710e-06	1.043208e-09	1.421456e+01	6.299544e+01
5.110000e-06	1.999038e-06	1.038093e-09	1.391066e+01	6.260590e+01
5.120000e-06	1.955243e-06	1.036304e-09	1.360590e+01	6.220306e+01
5.130000e-06	1.911396e-06	1.037781e-09	1.330079e+01	6.178637e+01
5.140000e-06	1.867476e-06	1.038006e-09	1.299516e+01	6.135535e+01
5.150000e-06	1.823480e-06	1.032317e-09	1.268901e+01	6.090965e+01
5.160000e-06	1.779449e-06	1.022662e-09	1.238261e+01	6.044898e+01
5.170000e-06	1.735374e-06	1.011177e-09	1.207591e+01	5.997316e+01
5.180000e-06	1.691228e-06	1.001474e-09	1.176871e+01	5.948214e+01
5.190000e-06	1.646999e-06	9.955925e-10	1.146093e+01	5.897591e+01
5.200000e-06	1.602708e-06	9.918425e-10	1.115273e+01	5.845459e+01
5.210000e-06	1.558342e-06	9.874825e-10	1.084400e+01	5.791836e+01
5.220000e-06	1.513802e-06	9.783288e-10	1.053406e+01	5.736746e+01
5.230000e-06	1.469123e-06	9.673742e-10	1.022315e+01	5.680220e+01
5.240000e-06	1.424373e-06	9.564898e-10	9.911753e+00	5.622292e+01
5.250000e-06	1.379571e-06	9.465730e-10	9.599987e+00	5.562997e+01
5.260000e-06	1.334730e-06	9.410449e-10	9.287959e+00	5.502374e+01
5.270000e-06	1.289756e-06	9.372384e-10	8.974995e+00	5.440456e+01
5.280000e-06	1.244567e-06	9.307432e-10	8.660543e+00	5.377277e+01
5.290000e-06	1.199279e-06	9.222430e-10	8.345398e+00	5.312863e+01
5.300000e-06	1.153936e-06	9.113799e-10	8.029865e+00	5.247234e+01
5.310000e-06	1.108384e-06	8.957128e-10	7.712889e+00	5.180404e+01
5.320000e-06	1.062699e-06	8.815453e-10	7.394982e+00	5.112372e+01
5.330000e-06	1.016986e-06	8.737720e-10	7.076878e+00	5.043130e+01
5.340000e-06	9.713350e-07	8.678854e-10	6.759207e+00	4.972654e+01
5.350000e-06	9.256289e-07	8.593300e-10	6.441153e+00	4.900907e+01
5.360000e-06	8.797050e-07	8.464728e-10	6.121584e+00	4.827837e+01
5.370000e-06	8.337003e-07	8.299188e-10	5.801452e+00	4.753377e+01
5.380000e-06	7.876292e-07	8.136354e-10	5.480857e+00	4.677443e+01
5.390000e-06	7.415448e-07	7.974372e-10	5.160171e+00	4.599937e+01
5.400000e-06	6.954527e-07	7.812072e-10	4.839431e+00	4.520745e+01
5.410000e-06	6.493237e-07	7.702875e-10	4.518434e+00	4.439737e+01
5.420000e-06	6.031551e-07	7.652237e-10	4.197162e+00	4.356772e+01
5.430000e-06	5.568762e-07	7.590010e-10	3.875122e+00	4.271694e+01
5.440000e-06	5.104883e-07	7.446485e-10	3.552323e+00	4.184338e+01
5.450000e-06	4.641093e-07	7.245829e-10	3.229587e+00	4.094529e+01
5.460000e-06	4.177455e-07	7.049424e-10	2.906957e+00	4.002084e+01
5.470000e-06	3.712690e-07	6.873661e-10	2.583542e+00	3.906817e+01
5.480000e-06	3.247349e-07	6.752623e-10	2.259725e+00	3.808540e+01
5.490000e-06	2.782729e-07	6.656353e-10	1.936412e+00	3.707064e+01
5.500000e-06	2.318599e-07	6.513759e-10	1.613438e+00	3.602204e+01
5.510000e-06	1.853720e-07	6.307437e-10	1.289944e+00	3.493781e+01
5.520000e-06	1.387940e-07	6.057802e-10	9.658226e-01	3.381626e+01
5.530000e-06	9.220304e-08	5.801241e-10	6.416112e-01	3.265578e+01
5.540000e-06	4.567997e-08	5.573180e-10	3.178722e-01	3.145494e+01
5.550000e-06	-8.306124e-10	5.394078e-10	-5.779964e-03	3.021246e+01
5.560000e-06	-4.732630e-08	5.247264e-10	-3.293284e-01	2.892726e+01
5.570000e-06	-9.377195e-08	5.058722e-10	-6.525288e-01	2.759847e+01
5.580000e-06	-1.402373e-07	4.797399e-10	-9.758661e-01	2.622547e+01
5.590000e-06	-1.866888e-07	4.503423e-10	-1.299107e+00	2.480788e+01
5.600000e-06	-2.331428e-07	4.205270e-10	-1.622366e+00	2.334559e+01
5.610000e-06	-2.796793e-07	3.940976e-10	-1.946198e+00	2.183877e+01
5.620000e-06	-3.261754e-07	3.734875e-10	-2.269750e+00	2.028788e+01
5.630000e-06	-3.725306e-07	3.533141e-10	-2.592320e+00	1.869366e+01
5.640000e-06	-4.188900e-07	3.274338e-10	-2.914920e+00	1.705716e+01
5.650000e-06	-4.652710e-07	2.965669e-10	-3.237671e+00	1.537970e+01
5.660000e-06	-5.116132e-07	2.627459e-10	-3.560152e+00	1.366289e+01
5.670000e-06	-5.579355e-07	2.289474e-10	-3.882494e+00	1.190861e+01
5.680000e-06	-6.041745e-07	1.966221e-10	-4.204256e+00	1.011900e+01
5.690000e-06	-6.502685e-07	1.662290e-10	-4.525009e+00	8.296425e+00
5.700000e-06	-6.962705e-07	1.343022e-10	-4.845122e+00	6.443498e+00
5.710000e-06	-7.422845e-07	9.997911e-11	-5.165318e+00	4.563012e+00
5.720000e-06	-7.883106e-07	6.834593e-11	-5.485600e+00	2.657936e+00
5.730000e-06	-8.343168e-07	3.739762e-11	-5.805741e+00	7.313923e-01
5.740000e-06	-8.802180e-07	5.940916e-12	-6.125153e+00	-1.213381e+00
5.750000e-06	-9.260733e-07	-2.512900e-11	-6.444245e+00	-3.173054e+00
5.760000e-06	-9.719042e-07	-5.863042e-11	-6.763168e+00	-5.144233e+00
5.770000e-06	-1.017536e-06	-9.301211e-11	-7.080708e+00	-7.123494e+00
5.780000e-06	-1.062965e-06	-1.272725e-10	-7.396832e+00	-9.107410e+00
5.790000e-06	-1.108317e-06	-1.619469e-10	-7.712419e+00	-1.109258e+01
5.800000e-06	-1.153636e-06	-1.945034e-10	-8.027781e+00	-1.307566e+01
5.810000e-06	-1.198868e-06	-2.259655e-10	-8.342533e+00	-1.505337e+01
5.820000e-06	-1.243972e-06	-2.578853e-10	-8.656401e+00	-1.702256e+01
5.830000e-06	-1.288969e-06	-2.907452e-10	-8.969522e+00	-1.898019e+01
5.840000e-06	-1.333828e-06	-3.237287e-10	-9.281681e+00	-2.092336e+01
5.850000e-06	-1.378528e-06	-3.583032e-10	-9.592730e+00	-2.284935e+01
5.860000e-06	-1.423180e-06	-3.932041e-10	-9.903454e+00	-2.475561e+01
5.870000e-06	-1.467798e-06	-4.268658e-10	-1.021394e+01	-2.663977e+01
5.880000e-06	-1.512258e-06	-4.578279e-10	-1.052331e+01	-2.849969e+01
5.890000e-06	-1.556579e-06	-4.866611e-10	-1.083173e+01	-3.033339e+01
5.900000e-06	-1.600854e-06	-5.147975e-10	-1.113983e+01	-3.213913e+01
5.910000e-06	-1.645107e-06	-5.434230e-10	-1.144777e+01	-3.391536e+01
5.920000e-06	-1.689291e-06	-5.735369e-10	-1.175523e+01	-3.566075e+01
5.930000e-06	-1.733385e-06	-6.052140e-10	-1.206207e+01	-3.737415e+01
5.940000e-06	-1.777438e-06	-6.374443e-10	-1.236862e+01	-3.905462e+01
5.950000e-06	-1.821457e-06	-6.657210e-10	-1.267493e+01	-4.070139e+01
5.960000e-06	-1.865461e-06	-6.897407e-10	-1.298114e+01	-4.231387e+01
5.970000e-06	-1.909369e-06	-7.149168e-10	-1.328668e+01	-4.389160e+01
5.980000e-06	-1.953176e-06	-7.423521e-10	-1.359152e+01	-4.543431e+01
5.990000e-06	-1.996928e-06	-7.699271e-10	-1.389598e+01	-4.694182e+01
6.000000e-06	-2.040533e-06	-7.959560e-10	-1.419941e+01	-4.841408e+01
6.010000e-06	-2.084012e-06	-8.203203e-10	-1.450197e+01	-4.985115e+01
6.020000e-06	-2.127341e-06	-8.442179e-10	-1.480348e+01	-5.125314e+01
6.030000e-06	-2.170395e-06	-8.659062e-10	-1.510308e+01	-5.262025e+01
6.040000e-06	-2.213225e-06	-8.870523e-10	-1.540112e+01	-5.395275e+01
6.050000e-06	-2.255944e-06	-9.076962e-10	-1.569839e+01	-5.525091e+01
6.060000e-06	-2.298485e-06	-9.269870e-10	-1.599441e+01	-5.651506e+01
6.070000e-06	-2.340847e-06	-9.439126e-10	-1.628920e+01	-5.774554e+01
6.080000e-06	-2.383076e-06	-9.616364e-10	-1.658306e+01	-5.894269e+01
6.090000e-06	-2.425127e-06	-9.800899e-10	-1.687568e+01	-6.010686e+01
6.100000e-06	-2.466980e-06	-9.986274e-10	-1.716692e+01	-6.123840e+01
6.110000e-06	-2.508653e-06	-1.018472e-09	-1.745690e+01	-6.233765e+01
6.120000e-06	-2.550240e-06	-1.038932e-09	-1.774630e+01	-6.340492e+01
6.130000e-06	-2.591685e-06	-1.059486e-09	-1.803470e+01	-6.444053e+01
6.140000e-06	-2.632821e-06	-1.079129e-09	-1.832095e+01	-6.544479e+01
6.150000e-06	-2.673675e-06	-1.095930e-09	-1.860524e+01	-6.641799e+01
6.160000e-06	-2.714404e-06	-1.111321e-09	-1.888866e+01	-6.736041e+01
6.170000e-06	-2.755042e-06	-1.127244e-09	-1.917145e+01	-6.827236e+01
6.180000e-06	-2.795497e-06	-1.142146e-09	-1.945296e+01	-6.915413e+01
6.190000e-06	-2.835767e-06	-1.156630e-09	-1.973319e+01	-7.000602e+01
6.200000e-06	-2.875907e-06	-1.170811e-09	-2.001251e+01	-7.082837e+01
6.210000e-06	-2.915948e-06	-1.184997e-09	-2.029114e+01	-7.162152e+01
6.220000e-06	-2.955885e-06	-1.200193e-09	-2.056905e+01	-7.238586e+01
6.230000e-06	-2.995705e-06	-1.213710e-09	-2.084615e+01	-7.312182e+01
6.240000e-06	-3.035373e-06	-1.224834e-09	-2.112218e+01	-7.382987e+01
6.250000e-06	-3.074823e-06	-1.236368e-09	-2.139670e+01	-7.451052e+01
6.260000e-06	-3.114035e-06	-1.245963e-09	-2.166957e+01	-7.516435e+01
6.270000e-06	-3.152965e-06	-1.253239e-09	-2.194047e+01	-7.579198e+01
6.280000e-06	-3.191483e-06	-1.262025e-09	-2.220850e+01	-7.639412e+01
6.290000e-06	-3.229565e-06	-1.272603e-09	-2.247350e+01	-7.697150e+01
6.300000e-06	-3.267207e-06	-1.283752e-09	-2.273544e+01	-7.752494e+01
6.310000e-06	-3.304430e-06	-1.295543e-09	-2.299446e+01	-7.805531e+01
6.320000e-06	-3.341263e-06	-1.305041e-09	-2.325077e+01	-7.856352e+01
6.330000e-06	-3.377780e-06	-1.310645e-09	-2.350488e+01	-7.905054e+01
6.340000e-06	-3.414125e-06	-1.315109e-09	-2.375780e+01	-7.951737e+01
6.350000e-06	-3.450339e-06	-1.320013e-09	-2.400980e+01	-7.996506e+01
6.360000e-06	-3.486414e-06	-1.326487e-09	-2.426083e+01	-8.039468e+01
6.370000e-06	-3.522338e-06	-1.332408e-09	-2.451081e+01	-8.080729e+01
6.380000e-06	-3.558166e-06	-1.337731e-09	-2.476013e+01	-8.120398e+01
6.390000e-06	-3.593841e-06	-1.343892e-09	-2.500838e+01	-8.158584e+01
6.400000e-06	-3.629230e-06	-1.351152e-09	-2.525464e+01	-8.195390e+01
6.410000e-06	-3.664327e-06	-1.359804e-09	-2.549887e+01	-8.230920e+01
6.420000e-06	-3.699129e-06	-1.367968e-09	-2.574105e+01	-8.265272e+01
6.430000e-06	-3.733642e-06	-1.376800e-09	-2.598121e+01	-8.298539e+01
6.440000e-06	-3.767968e-06	-1.385590e-09	-2.622007e+01	-8.330806e+01
6.450000e-06	-3.802111e-06	-1.389946e-09	-2.645766e+01	-8.362154e+01
6.460000e-06	-3.835967e-06	-1.390792e-09	-2.669326e+01	-8.392652e+01
6.470000e-06	-3.869508e-06	-1.392551e-09	-2.692666e+01	-8.422363e+01
6.480000e-06	-3.902712e-06	-1.395737e-09	-2.715771e+01	-8.451339e+01
6.490000e-06	-3.935532e-06	-1.400604e-09	-2.738610e+01	-8.479623e+01
6.500000e-06	-3.968064e-06	-1.409766e-09	-2.761248e+01	-8.507246e+01
6.510000e-06	-4.000394e-06	-1.419852e-09	-2.783746e+01	-8.534232e+01
6.520000e-06	-4.032550e-06	-1.425114e-09	-2.806122e+01	-8.560591e+01
6.530000e-06	-4.064576e-06	-1.426716e-09	-2.828408e+01	-8.586328e+01
6.540000e-06	-4.096405e-06	-1.427779e-09	-2.850556e+01	-8.611434e+01
6.550000e-06	-4.128032e-06	-1.428379e-09	-2.872564e+01	-8.635894e+01
6.560000e-06	-4.159356e-06	-1.428000e-09	-2.894362e+01	-8.659686e+01
6.570000e-06	-4.190269e-06	-1.429581e-09	-2.915873e+01	-8.682779e+01
6.580000e-06	-4.220739e-06	-1.434589e-09	-2.937076e+01	-8.705137e+01
6.590000e-06	-4.250631e-06	-1.439654e-09	-2.957877e+01	-8.726721e+01
6.600000e-06	-4.280026e-06	-1.441845e-09	-2.978332e+01	-8.747487e+01
6.610000e-06	-4.308951e-06	-1.443502e-09	-2.998460e+01	-8.767391e+01
6.620000e-06	-4.337462e-06	-1.445132e-09	-3.018300e+01	-8.786386e+01
6.630000e-06	-4.365750e-06	-1.447137e-09	-3.037985e+01	-8.804430e+01
6.640000e-06	-4.393894e-06	-1.450692e-09	-3.057569e+01	-8.821479e+01
6.650000e-06	-4.421882e-06	-1.452207e-09	-3.077045e+01	-8.837496e+01
6.660000e-06	-4.449678e-06	-1.451202e-09	-3.096387e+01	-8.852447e+01
6.670000e-06	-4.477260e-06	-1.448910e-09	-3.115581e+01	-8.866305e+01
6.680000e-06	-4.504557e-06	-1.444863e-09	-3.134576e+01	-8.879050e+01
6.690000e-06	-4.531426e-06	-1.442162e-09	-3.153273e+01	-8.890671e+01
6.700000e-06	-4.557866e-06	-1.443324e-09	-3.171672e+01	-8.901164e+01
6.710000e-06	-4.583988e-06	-1.445941e-09	-3.189849e+01	-8.910535e+01
6.720000e-06	-4.609746e-06	-1.450056e-09	-3.207774e+01	-8.918800e+01
6.730000e-06	-4.635156e-06	-1.455029e-09	-3.225456e+01	-8.925984e+01
6.740000e-06	-4.660265e-06	-1.457857e-09	-3.242928e+01	-8.932123e+01
6.750000e-06	-4.685068e-06	-1.458156e-09	-3.260188e+01	-8.937259e+01
6.760000e-06	-4.709535e-06	-1.457104e-09	-3.277214e+01	-8.941447e+01
6.770000e-06	-4.733759e-06	-1.454421e-09	-3.294070e+01	-8.944748e+01
6.780000e-06	-4.757872e-06	-1.452039e-09	-3.310850e+01	-8.947231e+01
6.790000e-06	-4.781802e-06	-1.453683e-09	-3.327502e+01	-8.948970e+01
6.800000e-06	-4.805464e-06	-1.455967e-09	-3.343967e+01	-8.950047e+01
6.810000e-06	-4.828787e-06	-1.455676e-09	-3.360197e+01	-8.950544e+01
6.820000e-06	-4.851625e-06	-1.454526e-09	-3.376089e+01	-8.950549e+01
6.830000e-06	-4.873875e-06	-1.453549e-09	-3.391572e+01	-8.950149e+01
6.840000e-06	-4.895435e-06	-1.451941e-09	-3.406576e+01	-8.949432e+01
6.850000e-06	-4.916381e-06	-1.449286e-09	-3.421151e+01	-8.948482e+01
6.860000e-06	-4.936972e-06	-1.447146e-09	-3.435480e+01	-8.947383e+01
6.870000e-06	-4.957302e-06	-1.446354e-09	-3.449627e+01	-8.946210e+01
6.880000e-06	-4.977463e-06	-1.445678e-09	-3.463656e+01	-8.945035e+01
6.890000e-06	-4.997459e-06	-1.447049e-09	-3.477571e+01	-8.943922e+01
6.900000e-06	-5.017199e-06	-1.449676e-09	-3.491307e+01	-8.942926e+01
6.910000e-06	-5.036501e-06	-1.449364e-09	-3.504739e+01	-8.942093e+01
6.920000e-06	-5.055362e-06	-1.448023e-09	-3.517864e+01	-8.941459e+01
6.930000e-06	-5.073907e-06	-1.447813e-09	-3.530769e+01	-8.941050e+01
6.940000e-06	-5.092136e-06	-1.446943e-09	-3.543454e+01	-8.940880e+01
6.950000e-06	-5.110081e-06	-1.444343e-09	-3.555941e+01	-8.940952e+01
6.960000e-06	-5.127675e-06	-1.441025e-09	-3.568184e+01	-8.941259e+01
6.970000e-06	-5.144867e-06	-1.438979e-09	-3.580147e+01	-8.941783e+01
6.980000e-06	-5.161695e-06	-1.438471e-09	-3.591857e+01	-8.942494e+01
6.990000e-06	-5.178233e-06	-1.439382e-09	-3.603365e+01	-8.943355e+01
7.000000e-06	-5.194489e-06	-1.441724e-09	-3.614678e+01	-8.944321e+01
7.010000e-06	-5.210538e-06	-1.442571e-09	-3.625846e+01	-8.945336e+01
7.020000e-06	-5.226360e-06	-1.440483e-09	-3.636856e+01	-8.946343e+01
7.030000e-06	-5.241668e-06	-1.436527e-09	-3.647508e+01	-8.947275e+01
7.040000e-06	-5.256325e-06	-1.434235e-09	-3.657707e+01	-8.948067e+01
7.050000e-06	-5.270314e-06	-1.435171e-09	-3.667442e+01	-8.948648e+01
7.060000e-06	-5.283675e-06	-1.437512e-09	-3.676739e+01	-8.948948e+01
7.070000e-06	-5.296621e-06	-1.437554e-09	-3.685748e+01	-8.948901e+01
7.080000e-06	-5.309239e-06	-1.435363e-09	-3.694528e+01	-8.948441e+01
7.090000e-06	-5.321533e-06	-1.433353e-09	-3.703083e+01	-8.947508e+01
7.100000e-06	-5.333439e-06	-1.429507e-09	-3.711369e+01	-8.946048e+01
7.110000e-06	-5.344938e-06	-1.424211e-09	-3.719370e+01	-8.944013e+01
7.120000e-06	-5.356116e-06	-1.419989e-09	-3.727149e+01	-8.941366e+01
7.130000e-06	-5.366836e-06	-1.418058e-09	-3.734608e+01	-8.938077e+01
7.140000e-06	-5.377097e-06	-1.418346e-09	-3.741748e+01	-8.934127e+01
7.150000e-06	-5.387084e-06	-1.420650e-09	-3.748698e+01	-8.929509e+01
7.160000e-06	-5.396823e-06	-1.422680e-09	-3.755475e+01	-8.924225e+01
7.170000e-06	-5.406170e-06	-1.419013e-09	-3.761980e+01	-8.918291e+01
7.180000e-06	-5.415034e-06	-1.411212e-09	-3.768148e+01	-8.911731e+01
7.190000e-06	-5.423509e-06	-1.405011e-09	-3.774045e+01	-8.904582e+01
7.200000e-06	-5.431713e-06	-1.401648e-09	-3.779754e+01	-8.896892e+01
7.210000e-06	-5.439664e-06	-1.400917e-09	-3.785287e+01	-8.888716e+01
7.220000e-06	-5.447378e-06	-1.402862e-09	-3.790655e+01	-8.880119e+01
7.230000e-06	-5.454783e-06	-1.406165e-09	-3.795807e+01	-8.871173e+01
7.240000e-06	-5.461695e-06	-1.407397e-09	-3.800617e+01	-8.861956e+01
7.250000e-06	-5.467960e-06	-1.404929e-09	-3.804977e+01	-8.852551e+01
7.260000e-06	-5.473474e-06	-1.398823e-09	-3.808814e+01	-8.843043e+01
7.270000e-06	-5.478374e-06	-1.391886e-09	-3.812224e+01	-8.833519e+01
7.280000e-06	-5.482882e-06	-1.387350e-09	-3.815361e+01	-8.824065e+01
7.290000e-06	-5.487176e-06	-1.385091e-09	-3.818349e+01	-8.814766e+01
7.300000e-06	-5.491254e-06	-1.384565e-09	-3.821187e+01	-8.805702e+01
7.310000e-06	-5.495084e-06	-1.384197e-09	-3.823851e+01	-8.796949e+01
7.320000e-06	-5.498634e-06	-1.381313e-09	-3.826322e+01	-8.788573e+01
7.330000e-06	-5.501731e-06	-1.377540e-09	-3.828477e+01	-8.780635e+01
7.340000e-06	-5.504346e-06	-1.375122e-09	-3.830297e+01	-8.773186e+01
7.350000e-06	-5.506664e-06	-1.373866e-09	-3.831910e+01	-8.766264e+01
7.360000e-06	-5.508806e-06	-1.371430e-09	-3.833400e+01	-8.759899e+01
7.370000e-06	-5.510595e-06	-1.367530e-09	-3.834646e+01	-8.754106e+01
7.380000e-06	-5.511802e-06	-1.366077e-09	-3.835485e+01	-8.748889e+01
7.390000e-06	-5.512580e-06	-1.366292e-09	-3.836027e+01	-8.744238e+01
7.400000e-06	-5.513107e-06	-1.363682e-09	-3.836393e+01	-8.740133e+01
