# Temperatura_=_-4.93
# Concentracion g/m^3_=_1620.0
# C_Vs_to_Am_M_A/Vsm_=_65563218390.804596
# pendiente_HvsI_1/m_=_3716.3
# ordenada_HvsI_A/m_=_1297.0
# frecuencia_Hz_=_135113.2579960847

Tiempo_(s)	Campo_(V.s)	Magnetizacion_(V.s)	Campo_(kA/m)	Magnetizacion_(A/m)
0.000000e+00	-5.524174e-06	-1.416437e-09	-3.835560e+01	-9.215079e+01
1.000000e-08	-5.524357e-06	-1.411384e-09	-3.835687e+01	-9.207309e+01
2.000000e-08	-5.524260e-06	-1.408451e-09	-3.835620e+01	-9.199424e+01
3.000000e-08	-5.523701e-06	-1.408367e-09	-3.835232e+01	-9.191436e+01
4.000000e-08	-5.522662e-06	-1.408706e-09	-3.834510e+01	-9.183360e+01
5.000000e-08	-5.521020e-06	-1.403484e-09	-3.833370e+01	-9.175207e+01
6.000000e-08	-5.518699e-06	-1.390400e-09	-3.831758e+01	-9.166990e+01
7.000000e-08	-5.515867e-06	-1.386333e-09	-3.829792e+01	-9.158720e+01
8.000000e-08	-5.512580e-06	-1.411474e-09	-3.827510e+01	-9.150408e+01
9.000000e-08	-5.508794e-06	-1.450772e-09	-3.824882e+01	-9.142062e+01
1.000000e-07	-5.504648e-06	-1.472871e-09	-3.822003e+01	-9.133689e+01
1.100000e-07	-5.500258e-06	-1.416738e-09	-3.818954e+01	-9.125295e+01
1.200000e-07	-5.495612e-06	-1.340862e-09	-3.815729e+01	-9.116882e+01
1.300000e-07	-5.490694e-06	-1.344136e-09	-3.812314e+01	-9.108452e+01
1.400000e-07	-5.485448e-06	-1.411607e-09	-3.808671e+01	-9.100003e+01
1.500000e-07	-5.479780e-06	-1.428327e-09	-3.804736e+01	-9.091532e+01
1.600000e-07	-5.473671e-06	-1.385913e-09	-3.800495e+01	-9.083033e+01
1.700000e-07	-5.467229e-06	-1.359962e-09	-3.796022e+01	-9.074496e+01
1.800000e-07	-5.460367e-06	-1.417543e-09	-3.791257e+01	-9.065910e+01
1.900000e-07	-5.453038e-06	-1.421786e-09	-3.786169e+01	-9.057263e+01
2.000000e-07	-5.445471e-06	-1.353621e-09	-3.780915e+01	-9.048538e+01
2.100000e-07	-5.437749e-06	-1.326696e-09	-3.775553e+01	-9.039716e+01
2.200000e-07	-5.429691e-06	-1.399076e-09	-3.769958e+01	-9.030779e+01
2.300000e-07	-5.421233e-06	-1.459551e-09	-3.764086e+01	-9.021704e+01
2.400000e-07	-5.412333e-06	-1.424185e-09	-3.757906e+01	-9.012469e+01
2.500000e-07	-5.402659e-06	-1.379890e-09	-3.751190e+01	-9.003050e+01
2.600000e-07	-5.392185e-06	-1.390498e-09	-3.743917e+01	-8.993423e+01
2.700000e-07	-5.381132e-06	-1.410940e-09	-3.736242e+01	-8.983562e+01
2.800000e-07	-5.369696e-06	-1.392373e-09	-3.728302e+01	-8.973443e+01
2.900000e-07	-5.357967e-06	-1.384668e-09	-3.720158e+01	-8.963043e+01
3.000000e-07	-5.345916e-06	-1.388222e-09	-3.711792e+01	-8.952339e+01
3.100000e-07	-5.333524e-06	-1.391912e-09	-3.703188e+01	-8.941309e+01
3.200000e-07	-5.320699e-06	-1.364637e-09	-3.694283e+01	-8.929935e+01
3.300000e-07	-5.307450e-06	-1.355904e-09	-3.685084e+01	-8.918200e+01
3.400000e-07	-5.293949e-06	-1.358153e-09	-3.675709e+01	-8.906090e+01
3.500000e-07	-5.280136e-06	-1.372814e-09	-3.666119e+01	-8.893594e+01
3.600000e-07	-5.265680e-06	-1.361037e-09	-3.656082e+01	-8.880705e+01
3.700000e-07	-5.250674e-06	-1.363034e-09	-3.645663e+01	-8.867419e+01
3.800000e-07	-5.235231e-06	-1.372884e-09	-3.634940e+01	-8.853735e+01
3.900000e-07	-5.219211e-06	-1.364975e-09	-3.623818e+01	-8.839659e+01
4.000000e-07	-5.202740e-06	-1.334687e-09	-3.612381e+01	-8.825198e+01
4.100000e-07	-5.185930e-06	-1.341084e-09	-3.600709e+01	-8.810365e+01
4.200000e-07	-5.168788e-06	-1.354819e-09	-3.588807e+01	-8.795176e+01
4.300000e-07	-5.151379e-06	-1.336581e-09	-3.576720e+01	-8.779650e+01
4.400000e-07	-5.133668e-06	-1.336380e-09	-3.564423e+01	-8.763812e+01
4.500000e-07	-5.115556e-06	-1.371961e-09	-3.551847e+01	-8.747688e+01
4.600000e-07	-5.096961e-06	-1.358112e-09	-3.538937e+01	-8.731308e+01
4.700000e-07	-5.077935e-06	-1.313300e-09	-3.525726e+01	-8.714705e+01
4.800000e-07	-5.058653e-06	-1.332592e-09	-3.512338e+01	-8.697911e+01
4.900000e-07	-5.039190e-06	-1.351767e-09	-3.498825e+01	-8.680965e+01
5.000000e-07	-5.019498e-06	-1.317240e-09	-3.485152e+01	-8.663901e+01
5.100000e-07	-4.999552e-06	-1.312233e-09	-3.471303e+01	-8.646757e+01
5.200000e-07	-4.979246e-06	-1.344941e-09	-3.457204e+01	-8.629570e+01
5.300000e-07	-4.958463e-06	-1.326861e-09	-3.442774e+01	-8.612376e+01
5.400000e-07	-4.937277e-06	-1.311723e-09	-3.428064e+01	-8.595209e+01
5.500000e-07	-4.915824e-06	-1.337246e-09	-3.413169e+01	-8.578101e+01
5.600000e-07	-4.894076e-06	-1.325776e-09	-3.398069e+01	-8.561082e+01
5.700000e-07	-4.871948e-06	-1.287016e-09	-3.382704e+01	-8.544178e+01
5.800000e-07	-4.849507e-06	-1.309865e-09	-3.367123e+01	-8.527412e+01
5.900000e-07	-4.826806e-06	-1.328345e-09	-3.351362e+01	-8.510802e+01
6.000000e-07	-4.803755e-06	-1.300867e-09	-3.335357e+01	-8.494362e+01
6.100000e-07	-4.780368e-06	-1.294313e-09	-3.319119e+01	-8.478101e+01
6.200000e-07	-4.756765e-06	-1.311247e-09	-3.302730e+01	-8.462023e+01
6.300000e-07	-4.732979e-06	-1.289003e-09	-3.286216e+01	-8.446127e+01
6.400000e-07	-4.708936e-06	-1.278780e-09	-3.269522e+01	-8.430406e+01
6.500000e-07	-4.684445e-06	-1.297315e-09	-3.252517e+01	-8.414848e+01
6.600000e-07	-4.659453e-06	-1.295300e-09	-3.235165e+01	-8.399437e+01
6.700000e-07	-4.633996e-06	-1.281806e-09	-3.217489e+01	-8.384151e+01
6.800000e-07	-4.607961e-06	-1.291992e-09	-3.199413e+01	-8.368962e+01
6.900000e-07	-4.581279e-06	-1.286247e-09	-3.180886e+01	-8.353841e+01
7.000000e-07	-4.554143e-06	-1.266532e-09	-3.162045e+01	-8.338753e+01
7.100000e-07	-4.526737e-06	-1.268132e-09	-3.143017e+01	-8.323659e+01
7.200000e-07	-4.499181e-06	-1.274024e-09	-3.123884e+01	-8.308519e+01
7.300000e-07	-4.471513e-06	-1.266906e-09	-3.104673e+01	-8.293290e+01
7.400000e-07	-4.443649e-06	-1.269745e-09	-3.085327e+01	-8.277926e+01
7.500000e-07	-4.415542e-06	-1.272192e-09	-3.065812e+01	-8.262384e+01
7.600000e-07	-4.387124e-06	-1.259988e-09	-3.046080e+01	-8.246615e+01
7.700000e-07	-4.358329e-06	-1.252050e-09	-3.026087e+01	-8.230576e+01
7.800000e-07	-4.329212e-06	-1.250094e-09	-3.005871e+01	-8.214222e+01
7.900000e-07	-4.299768e-06	-1.243512e-09	-2.985427e+01	-8.197511e+01
8.000000e-07	-4.270012e-06	-1.240548e-09	-2.964766e+01	-8.180401e+01
8.100000e-07	-4.239973e-06	-1.244620e-09	-2.943910e+01	-8.162857e+01
8.200000e-07	-4.209634e-06	-1.237988e-09	-2.922845e+01	-8.144843e+01
8.300000e-07	-4.179064e-06	-1.230904e-09	-2.901620e+01	-8.126331e+01
8.400000e-07	-4.148215e-06	-1.231566e-09	-2.880201e+01	-8.107294e+01
8.500000e-07	-4.117045e-06	-1.231390e-09	-2.858558e+01	-8.087712e+01
8.600000e-07	-4.085610e-06	-1.225438e-09	-2.836732e+01	-8.067567e+01
8.700000e-07	-4.054038e-06	-1.224857e-09	-2.814811e+01	-8.046850e+01
8.800000e-07	-4.022314e-06	-1.221870e-09	-2.792784e+01	-8.025554e+01
8.900000e-07	-3.990412e-06	-1.212201e-09	-2.770634e+01	-8.003677e+01
9.000000e-07	-3.958384e-06	-1.203709e-09	-2.748396e+01	-7.981224e+01
9.100000e-07	-3.925970e-06	-1.198464e-09	-2.725890e+01	-7.958203e+01
9.200000e-07	-3.893062e-06	-1.186057e-09	-2.703042e+01	-7.934627e+01
9.300000e-07	-3.859744e-06	-1.178741e-09	-2.679908e+01	-7.910514e+01
9.400000e-07	-3.825935e-06	-1.178265e-09	-2.656434e+01	-7.885884e+01
9.500000e-07	-3.791588e-06	-1.176368e-09	-2.632586e+01	-7.860762e+01
9.600000e-07	-3.756765e-06	-1.169838e-09	-2.608408e+01	-7.835175e+01
9.700000e-07	-3.721665e-06	-1.166551e-09	-2.584037e+01	-7.809152e+01
9.800000e-07	-3.686369e-06	-1.163887e-09	-2.559530e+01	-7.782724e+01
9.900000e-07	-3.650822e-06	-1.158960e-09	-2.534849e+01	-7.755924e+01
1.000000e-06	-3.615110e-06	-1.153641e-09	-2.510053e+01	-7.728784e+01
1.010000e-06	-3.579309e-06	-1.148566e-09	-2.485196e+01	-7.701337e+01
1.020000e-06	-3.543347e-06	-1.140780e-09	-2.460226e+01	-7.673613e+01
1.030000e-06	-3.507153e-06	-1.134821e-09	-2.435096e+01	-7.645644e+01
1.040000e-06	-3.470797e-06	-1.133348e-09	-2.409853e+01	-7.617458e+01
1.050000e-06	-3.434230e-06	-1.131156e-09	-2.384464e+01	-7.589079e+01
1.060000e-06	-3.397291e-06	-1.126582e-09	-2.358817e+01	-7.560532e+01
1.070000e-06	-3.360074e-06	-1.120176e-09	-2.332976e+01	-7.531836e+01
1.080000e-06	-3.322647e-06	-1.113287e-09	-2.306990e+01	-7.503006e+01
1.090000e-06	-3.284976e-06	-1.104775e-09	-2.280833e+01	-7.474054e+01
1.100000e-06	-3.247038e-06	-1.098364e-09	-2.254492e+01	-7.444987e+01
1.110000e-06	-3.208896e-06	-1.091830e-09	-2.228010e+01	-7.415808e+01
1.120000e-06	-3.170605e-06	-1.081796e-09	-2.201423e+01	-7.386515e+01
1.130000e-06	-3.132060e-06	-1.072161e-09	-2.174660e+01	-7.357102e+01
1.140000e-06	-3.093294e-06	-1.069809e-09	-2.147745e+01	-7.327556e+01
1.150000e-06	-3.054371e-06	-1.070883e-09	-2.120720e+01	-7.297863e+01
1.160000e-06	-3.015224e-06	-1.069774e-09	-2.093539e+01	-7.268002e+01
1.170000e-06	-2.975905e-06	-1.065425e-09	-2.066239e+01	-7.237948e+01
1.180000e-06	-2.936464e-06	-1.059296e-09	-2.038854e+01	-7.207673e+01
1.190000e-06	-2.896897e-06	-1.050967e-09	-2.011382e+01	-7.177145e+01
1.200000e-06	-2.857221e-06	-1.041622e-09	-1.983834e+01	-7.146329e+01
1.210000e-06	-2.817351e-06	-1.031057e-09	-1.956151e+01	-7.115187e+01
1.220000e-06	-2.777301e-06	-1.021600e-09	-1.928344e+01	-7.083678e+01
1.230000e-06	-2.737141e-06	-1.014021e-09	-1.900460e+01	-7.051761e+01
1.240000e-06	-2.696813e-06	-1.009265e-09	-1.872458e+01	-7.019391e+01
1.250000e-06	-2.656190e-06	-1.005980e-09	-1.844253e+01	-6.986524e+01
1.260000e-06	-2.615150e-06	-1.003884e-09	-1.815758e+01	-6.953114e+01
1.270000e-06	-2.573710e-06	-9.986910e-10	-1.786986e+01	-6.919119e+01
1.280000e-06	-2.532083e-06	-9.897275e-10	-1.758083e+01	-6.884491e+01
1.290000e-06	-2.490283e-06	-9.808528e-10	-1.729060e+01	-6.849190e+01
1.300000e-06	-2.448283e-06	-9.727714e-10	-1.699899e+01	-6.813173e+01
1.310000e-06	-2.406050e-06	-9.639487e-10	-1.670575e+01	-6.776399e+01
1.320000e-06	-2.363461e-06	-9.552383e-10	-1.641005e+01	-6.738832e+01
1.330000e-06	-2.320589e-06	-9.481970e-10	-1.611238e+01	-6.700436e+01
1.340000e-06	-2.277510e-06	-9.436432e-10	-1.581327e+01	-6.661179e+01
1.350000e-06	-2.234265e-06	-9.415517e-10	-1.551301e+01	-6.621031e+01
1.360000e-06	-2.190875e-06	-9.393346e-10	-1.521174e+01	-6.579967e+01
1.370000e-06	-2.147347e-06	-9.330159e-10	-1.490952e+01	-6.537962e+01
1.380000e-06	-2.103702e-06	-9.243064e-10	-1.460648e+01	-6.494998e+01
1.390000e-06	-2.059963e-06	-9.133406e-10	-1.430279e+01	-6.451057e+01
1.400000e-06	-2.016153e-06	-8.993064e-10	-1.399861e+01	-6.406125e+01
1.410000e-06	-1.972257e-06	-8.871023e-10	-1.369383e+01	-6.360192e+01
1.420000e-06	-1.928270e-06	-8.785028e-10	-1.338842e+01	-6.313249e+01
1.430000e-06	-1.884215e-06	-8.728831e-10	-1.308253e+01	-6.265290e+01
1.440000e-06	-1.840082e-06	-8.689969e-10	-1.277611e+01	-6.216311e+01
1.450000e-06	-1.795842e-06	-8.647693e-10	-1.246894e+01	-6.166307e+01
1.460000e-06	-1.751398e-06	-8.565438e-10	-1.216036e+01	-6.115278e+01
1.470000e-06	-1.706755e-06	-8.449124e-10	-1.185039e+01	-6.063220e+01
1.480000e-06	-1.661958e-06	-8.340327e-10	-1.153935e+01	-6.010133e+01
1.490000e-06	-1.617039e-06	-8.251640e-10	-1.122747e+01	-5.956011e+01
1.500000e-06	-1.572052e-06	-8.126313e-10	-1.091511e+01	-5.900852e+01
1.510000e-06	-1.527035e-06	-7.991350e-10	-1.060255e+01	-5.844646e+01
1.520000e-06	-1.481955e-06	-7.882378e-10	-1.028955e+01	-5.787384e+01
1.530000e-06	-1.436670e-06	-7.790664e-10	-9.975125e+00	-5.729053e+01
1.540000e-06	-1.391258e-06	-7.694171e-10	-9.659825e+00	-5.669633e+01
1.550000e-06	-1.345830e-06	-7.586818e-10	-9.344407e+00	-5.609102e+01
1.560000e-06	-1.300293e-06	-7.472171e-10	-9.028232e+00	-5.547430e+01
1.570000e-06	-1.254628e-06	-7.342029e-10	-8.711167e+00	-5.484582e+01
1.580000e-06	-1.208956e-06	-7.227659e-10	-8.394057e+00	-5.420516e+01
1.590000e-06	-1.163237e-06	-7.144767e-10	-8.076618e+00	-5.355182e+01
1.600000e-06	-1.117400e-06	-7.049245e-10	-7.758361e+00	-5.288522e+01
1.610000e-06	-1.071419e-06	-6.928889e-10	-7.439107e+00	-5.220473e+01
1.620000e-06	-1.025291e-06	-6.805859e-10	-7.118832e+00	-5.150960e+01
1.630000e-06	-9.791229e-07	-6.690650e-10	-6.798274e+00	-5.079902e+01
1.640000e-06	-9.329041e-07	-6.577680e-10	-6.477366e+00	-5.007208e+01
1.650000e-06	-8.866011e-07	-6.462340e-10	-6.155874e+00	-4.932781e+01
1.660000e-06	-8.402879e-07	-6.352543e-10	-5.834311e+00	-4.856513e+01
1.670000e-06	-7.939507e-07	-6.238588e-10	-5.512581e+00	-4.778292e+01
1.680000e-06	-7.475353e-07	-6.097420e-10	-5.190308e+00	-4.697995e+01
1.690000e-06	-7.009851e-07	-5.944806e-10	-4.867099e+00	-4.615497e+01
1.700000e-06	-6.543186e-07	-5.789697e-10	-4.543084e+00	-4.530663e+01
1.710000e-06	-6.076869e-07	-5.618564e-10	-4.219308e+00	-4.443357e+01
1.720000e-06	-5.611130e-07	-5.446984e-10	-3.895936e+00	-4.353436e+01
1.730000e-06	-5.144663e-07	-5.301765e-10	-3.572057e+00	-4.260757e+01
1.740000e-06	-4.677008e-07	-5.183122e-10	-3.247354e+00	-4.165174e+01
1.750000e-06	-4.209132e-07	-5.057428e-10	-2.922496e+00	-4.066543e+01
1.760000e-06	-3.741237e-07	-4.904346e-10	-2.597626e+00	-3.964720e+01
1.770000e-06	-3.273091e-07	-4.728220e-10	-2.272582e+00	-3.859564e+01
1.780000e-06	-2.805451e-07	-4.552783e-10	-1.947889e+00	-3.750940e+01
1.790000e-06	-2.337156e-07	-4.384556e-10	-1.622741e+00	-3.638717e+01
1.800000e-06	-1.867854e-07	-4.221995e-10	-1.296893e+00	-3.522775e+01
1.810000e-06	-1.398380e-07	-4.052669e-10	-9.709273e-01	-3.403000e+01
1.820000e-06	-9.288698e-08	-3.872801e-10	-6.449355e-01	-3.279293e+01
1.830000e-06	-4.598157e-08	-3.683182e-10	-3.192605e-01	-3.151565e+01
1.840000e-06	9.126206e-10	-3.476303e-10	6.336533e-03	-3.019743e+01
1.850000e-06	4.777400e-08	-3.272983e-10	3.317058e-01	-2.883768e+01
1.860000e-06	9.460988e-08	-3.095231e-10	6.568980e-01	-2.743601e+01
1.870000e-06	1.414457e-07	-2.921150e-10	9.820897e-01	-2.599218e+01
1.880000e-06	1.883110e-07	-2.735705e-10	1.307486e+00	-2.450618e+01
1.890000e-06	2.351520e-07	-2.534748e-10	1.632714e+00	-2.297817e+01
1.900000e-06	2.819882e-07	-2.314840e-10	1.957909e+00	-2.140854e+01
1.910000e-06	3.287924e-07	-2.080893e-10	2.282880e+00	-1.979791e+01
1.920000e-06	3.755006e-07	-1.842721e-10	2.607186e+00	-1.814709e+01
1.930000e-06	4.222672e-07	-1.608074e-10	2.931898e+00	-1.645714e+01
1.940000e-06	4.690547e-07	-1.380301e-10	3.256754e+00	-1.472933e+01
1.950000e-06	5.157611e-07	-1.149680e-10	3.581047e+00	-1.296515e+01
1.960000e-06	5.623676e-07	-9.211354e-11	3.904647e+00	-1.116631e+01
1.970000e-06	6.089034e-07	-6.927380e-11	4.227755e+00	-9.334726e+00
1.980000e-06	6.554173e-07	-4.387502e-11	4.550712e+00	-7.472506e+00
1.990000e-06	7.018642e-07	-1.537078e-11	4.873203e+00	-5.581950e+00
2.000000e-06	7.482378e-07	1.461256e-11	5.195186e+00	-3.665532e+00
2.010000e-06	7.945929e-07	4.381712e-11	5.517040e+00	-1.725882e+00
2.020000e-06	8.409045e-07	7.277455e-11	5.838592e+00	2.342280e-01
2.030000e-06	8.872073e-07	1.021599e-10	6.160083e+00	2.211902e+00
2.040000e-06	9.334975e-07	1.295181e-10	6.481486e+00	4.204142e+00
2.050000e-06	9.796536e-07	1.541628e-10	6.801959e+00	6.207867e+00
2.060000e-06	1.025673e-06	1.786538e-10	7.121485e+00	8.219933e+00
2.070000e-06	1.071566e-06	2.038553e-10	7.440130e+00	1.023716e+01
2.080000e-06	1.117384e-06	2.294276e-10	7.758251e+00	1.225635e+01
2.090000e-06	1.163133e-06	2.562406e-10	8.075896e+00	1.427430e+01
2.100000e-06	1.208785e-06	2.854555e-10	8.392870e+00	1.628786e+01
2.110000e-06	1.254411e-06	3.166267e-10	8.709663e+00	1.829390e+01
2.120000e-06	1.299977e-06	3.468043e-10	9.026037e+00	2.028938e+01
2.130000e-06	1.345453e-06	3.749150e-10	9.341787e+00	2.227135e+01
2.140000e-06	1.390888e-06	4.009285e-10	9.657254e+00	2.423695e+01
2.150000e-06	1.436220e-06	4.247595e-10	9.972003e+00	2.618346e+01
2.160000e-06	1.481460e-06	4.482009e-10	1.028611e+01	2.810831e+01
2.170000e-06	1.526560e-06	4.717615e-10	1.059926e+01	3.000907e+01
2.180000e-06	1.571449e-06	4.967356e-10	1.091093e+01	3.188348e+01
2.190000e-06	1.616254e-06	5.235916e-10	1.122202e+01	3.372947e+01
2.200000e-06	1.660967e-06	5.524082e-10	1.153247e+01	3.554515e+01
2.210000e-06	1.705563e-06	5.811666e-10	1.184211e+01	3.732881e+01
2.220000e-06	1.749959e-06	6.068631e-10	1.215037e+01	3.907895e+01
2.230000e-06	1.794167e-06	6.294015e-10	1.245731e+01	4.079426e+01
2.240000e-06	1.838270e-06	6.479240e-10	1.276353e+01	4.247363e+01
2.250000e-06	1.882254e-06	6.643212e-10	1.306892e+01	4.411614e+01
2.260000e-06	1.926193e-06	6.822340e-10	1.337399e+01	4.572107e+01
2.270000e-06	1.970094e-06	7.017375e-10	1.367882e+01	4.728787e+01
2.280000e-06	2.013929e-06	7.236783e-10	1.398317e+01	4.881618e+01
2.290000e-06	2.057687e-06	7.477292e-10	1.428699e+01	5.030580e+01
2.300000e-06	2.101378e-06	7.726955e-10	1.459035e+01	5.175668e+01
2.310000e-06	2.145010e-06	7.948592e-10	1.489329e+01	5.316893e+01
2.320000e-06	2.188510e-06	8.116943e-10	1.519533e+01	5.454278e+01
2.330000e-06	2.231866e-06	8.262890e-10	1.549636e+01	5.587859e+01
2.340000e-06	2.275114e-06	8.409337e-10	1.579664e+01	5.717682e+01
2.350000e-06	2.318210e-06	8.563876e-10	1.609586e+01	5.843803e+01
2.360000e-06	2.361102e-06	8.732487e-10	1.639367e+01	5.966286e+01
2.370000e-06	2.403761e-06	8.918710e-10	1.668986e+01	6.085200e+01
2.380000e-06	2.446169e-06	9.093416e-10	1.698431e+01	6.200622e+01
2.390000e-06	2.488362e-06	9.238816e-10	1.727727e+01	6.312631e+01
2.400000e-06	2.530351e-06	9.374632e-10	1.756880e+01	6.421309e+01
2.410000e-06	2.571992e-06	9.511591e-10	1.785793e+01	6.526740e+01
2.420000e-06	2.613224e-06	9.645105e-10	1.814421e+01	6.629011e+01
2.430000e-06	2.654035e-06	9.781143e-10	1.842757e+01	6.728205e+01
2.440000e-06	2.694496e-06	9.940699e-10	1.870850e+01	6.824407e+01
2.450000e-06	2.734746e-06	1.011040e-09	1.898797e+01	6.917698e+01
2.460000e-06	2.774792e-06	1.027525e-09	1.926601e+01	7.008160e+01
2.470000e-06	2.814717e-06	1.039964e-09	1.954322e+01	7.095868e+01
2.480000e-06	2.854530e-06	1.045995e-09	1.981965e+01	7.180898e+01
2.490000e-06	2.894174e-06	1.050380e-09	2.009491e+01	7.263321e+01
2.500000e-06	2.933690e-06	1.057659e-09	2.036928e+01	7.343203e+01
2.510000e-06	2.973065e-06	1.071058e-09	2.064267e+01	7.420610e+01
2.520000e-06	3.012318e-06	1.085290e-09	2.091521e+01	7.495602e+01
2.530000e-06	3.051377e-06	1.099501e-09	2.118641e+01	7.568236e+01
2.540000e-06	3.090181e-06	1.113464e-09	2.145583e+01	7.638566e+01
2.550000e-06	3.128774e-06	1.121287e-09	2.172379e+01	7.706645e+01
2.560000e-06	3.167166e-06	1.123633e-09	2.199036e+01	7.772522e+01
2.570000e-06	3.205355e-06	1.126926e-09	2.225551e+01	7.836242e+01
2.580000e-06	3.243408e-06	1.132512e-09	2.251972e+01	7.897852e+01
2.590000e-06	3.281259e-06	1.140853e-09	2.278253e+01	7.957394e+01
2.600000e-06	3.318823e-06	1.153090e-09	2.304335e+01	8.014911e+01
2.610000e-06	3.356219e-06	1.167415e-09	2.330299e+01	8.070444e+01
2.620000e-06	3.393425e-06	1.180869e-09	2.356132e+01	8.124035e+01
2.630000e-06	3.430326e-06	1.190620e-09	2.381753e+01	8.175725e+01
2.640000e-06	3.466870e-06	1.198567e-09	2.407127e+01	8.225556e+01
2.650000e-06	3.503106e-06	1.204758e-09	2.432286e+01	8.273568e+01
2.660000e-06	3.539152e-06	1.208608e-09	2.457314e+01	8.319804e+01
2.670000e-06	3.575074e-06	1.212032e-09	2.482255e+01	8.364308e+01
2.680000e-06	3.610847e-06	1.215533e-09	2.507094e+01	8.407123e+01
2.690000e-06	3.646440e-06	1.221394e-09	2.531807e+01	8.448295e+01
2.700000e-06	3.681890e-06	1.228162e-09	2.556420e+01	8.487869e+01
2.710000e-06	3.717178e-06	1.232674e-09	2.580921e+01	8.525892e+01
2.720000e-06	3.752262e-06	1.236539e-09	2.605281e+01	8.562413e+01
2.730000e-06	3.787134e-06	1.240706e-09	2.629493e+01	8.597479e+01
2.740000e-06	3.821575e-06	1.244741e-09	2.653407e+01	8.631140e+01
2.750000e-06	3.855418e-06	1.248125e-09	2.676905e+01	8.663446e+01
2.760000e-06	3.888790e-06	1.253351e-09	2.700076e+01	8.694447e+01
2.770000e-06	3.921840e-06	1.259478e-09	2.723023e+01	8.724193e+01
2.780000e-06	3.954520e-06	1.265465e-09	2.745714e+01	8.752734e+01
2.790000e-06	3.986760e-06	1.271917e-09	2.768099e+01	8.780120e+01
2.800000e-06	4.018748e-06	1.279058e-09	2.790308e+01	8.806399e+01
2.810000e-06	4.050562e-06	1.283526e-09	2.812397e+01	8.831621e+01
2.820000e-06	4.082196e-06	1.286428e-09	2.834362e+01	8.855832e+01
2.830000e-06	4.113623e-06	1.290483e-09	2.856182e+01	8.879078e+01
2.840000e-06	4.144824e-06	1.293467e-09	2.877846e+01	8.901405e+01
2.850000e-06	4.175811e-06	1.295722e-09	2.899361e+01	8.922856e+01
2.860000e-06	4.206459e-06	1.300445e-09	2.920641e+01	8.943472e+01
2.870000e-06	4.236798e-06	1.307088e-09	2.941705e+01	8.963293e+01
2.880000e-06	4.266858e-06	1.312692e-09	2.962577e+01	8.982357e+01
2.890000e-06	4.296605e-06	1.316419e-09	2.983231e+01	9.000700e+01
2.900000e-06	4.325993e-06	1.319787e-09	3.003635e+01	9.018356e+01
2.910000e-06	4.355056e-06	1.324119e-09	3.023814e+01	9.035358e+01
2.920000e-06	4.383835e-06	1.328774e-09	3.043797e+01	9.051735e+01
2.930000e-06	4.412280e-06	1.332370e-09	3.063547e+01	9.067515e+01
2.940000e-06	4.440465e-06	1.335589e-09	3.083116e+01	9.082725e+01
2.950000e-06	4.468440e-06	1.340149e-09	3.102540e+01	9.097390e+01
2.960000e-06	4.496222e-06	1.344932e-09	3.121830e+01	9.111531e+01
2.970000e-06	4.523878e-06	1.346567e-09	3.141032e+01	9.125170e+01
2.980000e-06	4.551371e-06	1.345558e-09	3.160120e+01	9.138326e+01
2.990000e-06	4.578567e-06	1.344132e-09	3.179004e+01	9.151018e+01
3.000000e-06	4.605318e-06	1.344134e-09	3.197578e+01	9.163261e+01
3.010000e-06	4.631516e-06	1.348410e-09	3.215767e+01	9.175070e+01
3.020000e-06	4.657177e-06	1.355655e-09	3.233584e+01	9.186461e+01
3.030000e-06	4.682272e-06	1.360661e-09	3.251008e+01	9.197445e+01
3.040000e-06	4.706815e-06	1.362734e-09	3.268049e+01	9.208035e+01
3.050000e-06	4.730954e-06	1.364414e-09	3.284809e+01	9.218241e+01
3.060000e-06	4.754852e-06	1.364245e-09	3.301402e+01	9.228074e+01
3.070000e-06	4.778606e-06	1.364132e-09	3.317895e+01	9.237543e+01
3.080000e-06	4.802082e-06	1.365772e-09	3.334195e+01	9.246657e+01
3.090000e-06	4.825189e-06	1.367396e-09	3.350239e+01	9.255423e+01
3.100000e-06	4.847965e-06	1.369721e-09	3.366053e+01	9.263849e+01
3.110000e-06	4.870375e-06	1.373482e-09	3.381613e+01	9.271941e+01
3.120000e-06	4.892451e-06	1.376318e-09	3.396940e+01	9.279706e+01
3.130000e-06	4.914269e-06	1.377240e-09	3.412089e+01	9.287149e+01
3.140000e-06	4.935752e-06	1.375779e-09	3.427005e+01	9.294276e+01
3.150000e-06	4.956825e-06	1.375813e-09	3.441636e+01	9.301090e+01
3.160000e-06	4.977515e-06	1.376098e-09	3.456002e+01	9.307598e+01
3.170000e-06	4.997863e-06	1.375851e-09	3.470130e+01	9.313801e+01
3.180000e-06	5.017960e-06	1.377523e-09	3.484084e+01	9.319704e+01
3.190000e-06	5.037809e-06	1.379063e-09	3.497866e+01	9.325309e+01
3.200000e-06	5.057415e-06	1.380419e-09	3.511479e+01	9.330620e+01
3.210000e-06	5.076860e-06	1.383550e-09	3.524980e+01	9.335639e+01
3.220000e-06	5.096034e-06	1.388312e-09	3.538292e+01	9.340367e+01
3.230000e-06	5.114762e-06	1.392347e-09	3.551296e+01	9.344806e+01
3.240000e-06	5.133043e-06	1.394963e-09	3.563989e+01	9.348958e+01
3.250000e-06	5.150947e-06	1.396766e-09	3.576420e+01	9.352824e+01
3.260000e-06	5.168481e-06	1.397768e-09	3.588595e+01	9.356405e+01
3.270000e-06	5.185578e-06	1.398198e-09	3.600465e+01	9.359702e+01
3.280000e-06	5.202283e-06	1.399178e-09	3.612064e+01	9.362716e+01
3.290000e-06	5.218660e-06	1.400393e-09	3.623435e+01	9.365447e+01
3.300000e-06	5.234684e-06	1.400353e-09	3.634560e+01	9.367895e+01
3.310000e-06	5.250383e-06	1.400021e-09	3.645461e+01	9.370062e+01
3.320000e-06	5.265669e-06	1.401598e-09	3.656074e+01	9.371947e+01
3.330000e-06	5.280422e-06	1.404193e-09	3.666318e+01	9.373551e+01
3.340000e-06	5.294694e-06	1.407877e-09	3.676227e+01	9.374874e+01
3.350000e-06	5.308518e-06	1.410684e-09	3.685825e+01	9.375917e+01
3.360000e-06	5.321951e-06	1.412911e-09	3.695152e+01	9.376680e+01
3.370000e-06	5.335060e-06	1.414844e-09	3.704254e+01	9.377164e+01
3.380000e-06	5.347765e-06	1.415998e-09	3.713075e+01	9.377368e+01
3.390000e-06	5.360035e-06	1.416091e-09	3.721595e+01	9.377294e+01
3.400000e-06	5.371946e-06	1.416154e-09	3.729865e+01	9.376941e+01
3.410000e-06	5.383558e-06	1.417991e-09	3.737927e+01	9.376311e+01
3.420000e-06	5.394870e-06	1.420630e-09	3.745781e+01	9.375403e+01
3.430000e-06	5.405787e-06	1.421848e-09	3.753361e+01	9.374218e+01
3.440000e-06	5.416096e-06	1.422221e-09	3.760519e+01	9.372757e+01
3.450000e-06	5.425662e-06	1.424572e-09	3.767161e+01	9.371020e+01
3.460000e-06	5.434627e-06	1.427438e-09	3.773385e+01	9.369008e+01
3.470000e-06	5.443148e-06	1.427379e-09	3.779302e+01	9.366721e+01
3.480000e-06	5.451250e-06	1.424858e-09	3.784927e+01	9.364159e+01
3.490000e-06	5.459033e-06	1.423219e-09	3.790331e+01	9.361324e+01
3.500000e-06	5.466606e-06	1.423314e-09	3.795589e+01	9.358217e+01
3.510000e-06	5.473890e-06	1.424598e-09	3.800647e+01	9.354838e+01
3.520000e-06	5.480766e-06	1.427134e-09	3.805421e+01	9.351189e+01
3.530000e-06	5.487188e-06	1.431947e-09	3.809880e+01	9.347272e+01
3.540000e-06	5.493210e-06	1.435784e-09	3.814061e+01	9.343088e+01
3.550000e-06	5.498915e-06	1.436430e-09	3.818022e+01	9.338640e+01
3.560000e-06	5.504268e-06	1.436562e-09	3.821739e+01	9.333930e+01
3.570000e-06	5.509145e-06	1.435214e-09	3.825125e+01	9.328963e+01
3.580000e-06	5.513584e-06	1.435611e-09	3.828207e+01	9.323742e+01
3.590000e-06	5.517723e-06	1.435797e-09	3.831081e+01	9.318272e+01
3.600000e-06	5.521606e-06	1.433284e-09	3.833777e+01	9.312558e+01
3.610000e-06	5.525249e-06	1.431793e-09	3.836306e+01	9.306607e+01
3.620000e-06	5.528701e-06	1.430766e-09	3.838703e+01	9.300427e+01
3.630000e-06	5.531916e-06	1.431881e-09	3.840935e+01	9.294024e+01
3.640000e-06	5.534686e-06	1.433012e-09	3.842859e+01	9.287409e+01
3.650000e-06	5.536781e-06	1.435830e-09	3.844313e+01	9.280590e+01
3.660000e-06	5.538140e-06	1.437950e-09	3.845257e+01	9.273579e+01
3.670000e-06	5.538889e-06	1.437480e-09	3.845777e+01	9.266387e+01
3.680000e-06	5.539210e-06	1.435492e-09	3.846000e+01	9.259026e+01
3.690000e-06	5.539165e-06	1.432727e-09	3.845968e+01	9.251509e+01
3.700000e-06	5.538809e-06	1.432057e-09	3.845721e+01	9.243848e+01
3.710000e-06	5.538255e-06	1.433948e-09	3.845337e+01	9.236058e+01
3.720000e-06	5.537364e-06	1.436835e-09	3.844718e+01	9.228152e+01
3.730000e-06	5.536056e-06	1.438925e-09	3.843810e+01	9.220144e+01
3.740000e-06	5.534389e-06	1.441607e-09	3.842653e+01	9.212046e+01
3.750000e-06	5.532352e-06	1.450094e-09	3.841238e+01	9.203873e+01
3.760000e-06	5.529948e-06	1.453979e-09	3.839569e+01	9.195635e+01
3.770000e-06	5.527263e-06	1.434935e-09	3.837705e+01	9.187344e+01
3.780000e-06	5.524198e-06	1.386019e-09	3.835577e+01	9.179011e+01
3.790000e-06	5.520510e-06	1.334438e-09	3.833016e+01	9.170645e+01
3.800000e-06	5.516350e-06	1.356805e-09	3.830127e+01	9.162251e+01
3.810000e-06	5.511939e-06	1.454521e-09	3.827065e+01	9.153836e+01
3.820000e-06	5.507432e-06	1.499021e-09	3.823935e+01	9.145402e+01
3.830000e-06	5.502744e-06	1.426297e-09	3.820681e+01	9.136951e+01
3.840000e-06	5.497436e-06	1.364690e-09	3.816995e+01	9.128482e+01
3.850000e-06	5.491464e-06	1.372595e-09	3.812849e+01	9.119990e+01
3.860000e-06	5.485184e-06	1.399004e-09	3.808488e+01	9.111469e+01
3.870000e-06	5.478666e-06	1.359986e-09	3.803962e+01	9.102912e+01
3.880000e-06	5.471628e-06	1.332088e-09	3.799076e+01	9.094305e+01
3.890000e-06	5.463925e-06	1.421266e-09	3.793728e+01	9.085637e+01
3.900000e-06	5.455772e-06	1.472488e-09	3.788067e+01	9.076891e+01
3.910000e-06	5.447334e-06	1.378498e-09	3.782208e+01	9.068049e+01
3.920000e-06	5.438559e-06	1.272232e-09	3.776116e+01	9.059091e+01
3.930000e-06	5.429418e-06	1.341468e-09	3.769768e+01	9.049995e+01
3.940000e-06	5.419969e-06	1.430371e-09	3.763208e+01	9.040739e+01
3.950000e-06	5.410225e-06	1.397904e-09	3.756443e+01	9.031299e+01
3.960000e-06	5.400039e-06	1.333483e-09	3.749370e+01	9.021651e+01
3.970000e-06	5.389438e-06	1.381513e-09	3.742010e+01	9.011769e+01
3.980000e-06	5.378601e-06	1.416220e-09	3.734485e+01	9.001630e+01
3.990000e-06	5.367408e-06	1.348017e-09	3.726714e+01	8.991209e+01
4.000000e-06	5.355647e-06	1.301985e-09	3.718548e+01	8.980484e+01
4.010000e-06	5.343498e-06	1.343039e-09	3.710113e+01	8.969433e+01
4.020000e-06	5.331072e-06	1.368483e-09	3.701485e+01	8.958039e+01
4.030000e-06	5.318244e-06	1.330954e-09	3.692578e+01	8.946283e+01
4.040000e-06	5.304869e-06	1.325666e-09	3.683292e+01	8.934152e+01
4.050000e-06	5.291052e-06	1.350152e-09	3.673698e+01	8.921635e+01
4.060000e-06	5.276681e-06	1.343458e-09	3.663720e+01	8.908725e+01
4.070000e-06	5.261459e-06	1.300967e-09	3.653151e+01	8.895418e+01
4.080000e-06	5.245616e-06	1.311966e-09	3.642151e+01	8.881714e+01
4.090000e-06	5.229475e-06	1.358222e-09	3.630944e+01	8.867617e+01
4.100000e-06	5.213150e-06	1.352028e-09	3.619609e+01	8.853135e+01
4.110000e-06	5.196543e-06	1.289300e-09	3.608079e+01	8.838281e+01
4.120000e-06	5.179641e-06	1.296288e-09	3.596343e+01	8.823071e+01
4.130000e-06	5.162431e-06	1.349389e-09	3.584394e+01	8.807525e+01
4.140000e-06	5.144786e-06	1.334813e-09	3.572142e+01	8.791666e+01
4.150000e-06	5.126753e-06	1.285781e-09	3.559621e+01	8.775521e+01
4.160000e-06	5.108461e-06	1.326528e-09	3.546921e+01	8.759120e+01
4.170000e-06	5.089816e-06	1.356000e-09	3.533975e+01	8.742495e+01
4.180000e-06	5.070760e-06	1.304820e-09	3.520744e+01	8.725681e+01
4.190000e-06	5.051398e-06	1.306332e-09	3.507301e+01	8.708714e+01
4.200000e-06	5.031707e-06	1.362921e-09	3.493629e+01	8.691629e+01
4.210000e-06	5.011705e-06	1.320396e-09	3.479741e+01	8.674465e+01
4.220000e-06	4.991469e-06	1.270289e-09	3.465691e+01	8.657257e+01
4.230000e-06	4.971085e-06	1.325847e-09	3.451538e+01	8.640042e+01
4.240000e-06	4.950526e-06	1.338006e-09	3.437263e+01	8.622854e+01
4.250000e-06	4.929567e-06	1.278600e-09	3.422711e+01	8.605725e+01
4.260000e-06	4.908071e-06	1.301459e-09	3.407786e+01	8.588685e+01
4.270000e-06	4.885962e-06	1.338316e-09	3.392435e+01	8.571761e+01
4.280000e-06	4.863206e-06	1.285414e-09	3.376635e+01	8.554974e+01
4.290000e-06	4.839877e-06	1.279991e-09	3.360437e+01	8.538343e+01
4.300000e-06	4.816129e-06	1.326458e-09	3.343948e+01	8.521882e+01
4.310000e-06	4.792102e-06	1.291122e-09	3.327266e+01	8.505600e+01
4.320000e-06	4.767904e-06	1.258949e-09	3.310465e+01	8.489501e+01
4.330000e-06	4.743506e-06	1.309712e-09	3.293524e+01	8.473584e+01
4.340000e-06	4.718827e-06	1.312526e-09	3.276389e+01	8.457842e+01
4.350000e-06	4.693819e-06	1.272028e-09	3.259025e+01	8.442264e+01
4.360000e-06	4.668394e-06	1.286477e-09	3.241372e+01	8.426832e+01
4.370000e-06	4.642611e-06	1.297912e-09	3.223471e+01	8.411525e+01
4.380000e-06	4.616546e-06	1.267468e-09	3.205373e+01	8.396316e+01
4.390000e-06	4.590145e-06	1.277621e-09	3.187042e+01	8.381174e+01
4.400000e-06	4.563366e-06	1.294685e-09	3.168449e+01	8.366065e+01
4.410000e-06	4.536269e-06	1.269031e-09	3.149635e+01	8.350950e+01
4.420000e-06	4.508838e-06	1.257126e-09	3.130589e+01	8.335789e+01
4.430000e-06	4.481069e-06	1.272661e-09	3.111309e+01	8.320539e+01
4.440000e-06	4.453106e-06	1.268141e-09	3.091893e+01	8.305155e+01
4.450000e-06	4.424984e-06	1.264012e-09	3.072367e+01	8.289591e+01
4.460000e-06	4.396689e-06	1.272041e-09	3.052721e+01	8.273802e+01
4.470000e-06	4.368217e-06	1.271658e-09	3.032953e+01	8.257742e+01
4.480000e-06	4.339590e-06	1.266253e-09	3.013076e+01	8.241367e+01
4.490000e-06	4.310734e-06	1.270022e-09	2.993041e+01	8.224635e+01
4.500000e-06	4.281358e-06	1.262923e-09	2.972644e+01	8.207505e+01
4.510000e-06	4.251285e-06	1.250518e-09	2.951764e+01	8.189939e+01
4.520000e-06	4.220624e-06	1.249092e-09	2.930475e+01	8.171905e+01
4.530000e-06	4.189497e-06	1.250628e-09	2.908863e+01	8.153372e+01
4.540000e-06	4.157990e-06	1.248757e-09	2.886987e+01	8.134314e+01
4.550000e-06	4.126167e-06	1.250792e-09	2.864892e+01	8.114711e+01
4.560000e-06	4.094100e-06	1.252079e-09	2.842627e+01	8.094546e+01
4.570000e-06	4.061864e-06	1.243394e-09	2.820245e+01	8.073808e+01
4.580000e-06	4.029449e-06	1.237620e-09	2.797738e+01	8.052490e+01
4.590000e-06	3.996904e-06	1.239598e-09	2.775141e+01	8.030593e+01
4.600000e-06	3.964106e-06	1.236092e-09	2.752369e+01	8.008119e+01
4.610000e-06	3.930915e-06	1.228826e-09	2.729324e+01	7.985077e+01
4.620000e-06	3.897456e-06	1.232090e-09	2.706092e+01	7.961480e+01
4.630000e-06	3.863716e-06	1.233879e-09	2.682666e+01	7.937346e+01
4.640000e-06	3.829717e-06	1.228008e-09	2.659060e+01	7.912695e+01
4.650000e-06	3.795535e-06	1.225512e-09	2.635327e+01	7.887553e+01
4.660000e-06	3.761100e-06	1.226224e-09	2.611418e+01	7.861945e+01
4.670000e-06	3.726372e-06	1.216481e-09	2.587305e+01	7.835901e+01
4.680000e-06	3.691331e-06	1.210237e-09	2.562976e+01	7.809453e+01
4.690000e-06	3.656033e-06	1.211343e-09	2.538467e+01	7.782632e+01
4.700000e-06	3.620505e-06	1.206898e-09	2.513800e+01	7.755471e+01
4.710000e-06	3.584739e-06	1.198984e-09	2.488966e+01	7.728003e+01
4.720000e-06	3.548805e-06	1.199962e-09	2.464016e+01	7.700258e+01
4.730000e-06	3.512777e-06	1.201394e-09	2.439001e+01	7.672268e+01
4.740000e-06	3.476602e-06	1.197397e-09	2.413884e+01	7.644061e+01
4.750000e-06	3.440194e-06	1.194432e-09	2.388605e+01	7.615662e+01
4.760000e-06	3.403679e-06	1.192393e-09	2.363252e+01	7.587094e+01
4.770000e-06	3.367001e-06	1.183251e-09	2.337786e+01	7.558377e+01
4.780000e-06	3.329980e-06	1.177590e-09	2.312081e+01	7.529526e+01
4.790000e-06	3.292592e-06	1.178674e-09	2.286122e+01	7.500553e+01
4.800000e-06	3.254821e-06	1.178187e-09	2.259896e+01	7.471465e+01
4.810000e-06	3.216639e-06	1.175817e-09	2.233386e+01	7.442266e+01
4.820000e-06	3.178049e-06	1.176264e-09	2.206592e+01	7.412952e+01
4.830000e-06	3.139007e-06	1.175160e-09	2.179484e+01	7.383518e+01
4.840000e-06	3.099610e-06	1.167313e-09	2.152130e+01	7.353951e+01
4.850000e-06	3.060027e-06	1.159083e-09	2.124647e+01	7.324237e+01
4.860000e-06	3.020249e-06	1.152891e-09	2.097027e+01	7.294355e+01
4.870000e-06	2.980285e-06	1.146637e-09	2.069280e+01	7.264281e+01
4.880000e-06	2.940200e-06	1.143449e-09	2.041448e+01	7.233985e+01
4.890000e-06	2.899990e-06	1.146912e-09	2.013530e+01	7.203436e+01
4.900000e-06	2.859639e-06	1.147869e-09	1.985512e+01	7.172600e+01
4.910000e-06	2.819146e-06	1.144476e-09	1.957397e+01	7.141437e+01
4.920000e-06	2.778499e-06	1.141626e-09	1.929175e+01	7.109907e+01
4.930000e-06	2.737739e-06	1.138745e-09	1.900875e+01	7.077968e+01
4.940000e-06	2.696788e-06	1.134199e-09	1.872441e+01	7.045578e+01
4.950000e-06	2.655628e-06	1.131779e-09	1.843863e+01	7.012690e+01
4.960000e-06	2.614286e-06	1.129944e-09	1.815158e+01	6.979260e+01
4.970000e-06	2.572738e-06	1.126317e-09	1.786310e+01	6.945243e+01
4.980000e-06	2.531045e-06	1.122725e-09	1.757362e+01	6.910595e+01
4.990000e-06	2.489189e-06	1.119754e-09	1.728301e+01	6.875273e+01
5.000000e-06	2.447173e-06	1.113216e-09	1.699128e+01	6.839234e+01
5.010000e-06	2.405020e-06	1.105171e-09	1.669860e+01	6.802440e+01
5.020000e-06	2.362721e-06	1.099568e-09	1.640491e+01	6.764852e+01
5.030000e-06	2.320228e-06	1.096435e-09	1.610987e+01	6.726435e+01
5.040000e-06	2.277530e-06	1.093750e-09	1.581341e+01	6.687157e+01
5.050000e-06	2.234685e-06	1.090035e-09	1.551593e+01	6.646989e+01
5.060000e-06	2.191632e-06	1.084915e-09	1.521700e+01	6.605904e+01
5.070000e-06	2.148365e-06	1.078559e-09	1.491659e+01	6.563878e+01
5.080000e-06	2.104993e-06	1.071656e-09	1.461545e+01	6.520893e+01
5.090000e-06	2.061498e-06	1.065126e-09	1.431345e+01	6.476931e+01
5.100000e-06	2.017846e-06	1.058870e-09	1.401037e+01	6.431979e+01
5.110000e-06	1.974046e-06	1.051988e-09	1.370625e+01	6.386025e+01
5.120000e-06	1.930122e-06	1.046568e-09	1.340128e+01	6.339061e+01
5.130000e-06	1.886158e-06	1.041909e-09	1.309602e+01	6.291081e+01
5.140000e-06	1.842140e-06	1.035523e-09	1.279040e+01	6.242081e+01
5.150000e-06	1.798059e-06	1.027878e-09	1.248433e+01	6.192057e+01
5.160000e-06	1.753903e-06	1.021243e-09	1.217775e+01	6.141006e+01
5.170000e-06	1.709646e-06	1.015089e-09	1.187046e+01	6.088928e+01
5.180000e-06	1.665314e-06	1.007732e-09	1.156265e+01	6.035820e+01
5.190000e-06	1.620918e-06	9.986350e-10	1.125440e+01	5.981677e+01
5.200000e-06	1.576358e-06	9.894718e-10	1.094501e+01	5.926497e+01
5.210000e-06	1.531639e-06	9.805612e-10	1.063452e+01	5.870270e+01
5.220000e-06	1.486893e-06	9.717807e-10	1.032384e+01	5.812988e+01
5.230000e-06	1.442216e-06	9.645658e-10	1.001364e+01	5.754636e+01
5.240000e-06	1.397450e-06	9.597526e-10	9.702816e+00	5.695195e+01
5.250000e-06	1.352452e-06	9.559854e-10	9.390381e+00	5.634643e+01
5.260000e-06	1.307400e-06	9.490411e-10	9.077573e+00	5.572950e+01
5.270000e-06	1.262325e-06	9.404887e-10	8.764609e+00	5.510081e+01
5.280000e-06	1.217133e-06	9.305509e-10	8.450831e+00	5.445994e+01
5.290000e-06	1.171769e-06	9.184356e-10	8.135859e+00	5.380639e+01
5.300000e-06	1.126255e-06	9.048733e-10	7.819844e+00	5.313959e+01
5.310000e-06	1.080623e-06	8.926638e-10	7.503011e+00	5.245889e+01
5.320000e-06	1.034830e-06	8.845296e-10	7.185063e+00	5.176355e+01
5.330000e-06	9.889465e-07	8.792989e-10	6.866481e+00	5.105276e+01
5.340000e-06	9.431175e-07	8.719502e-10	6.548280e+00	5.032562e+01
5.350000e-06	8.972308e-07	8.592457e-10	6.229678e+00	4.958113e+01
5.360000e-06	8.512638e-07	8.425793e-10	5.910519e+00	4.881825e+01
5.370000e-06	8.053028e-07	8.257072e-10	5.591401e+00	4.803583e+01
5.380000e-06	7.592873e-07	8.109353e-10	5.271905e+00	4.723265e+01
5.390000e-06	7.131837e-07	7.971060e-10	4.951797e+00	4.640746e+01
5.400000e-06	6.669351e-07	7.865927e-10	4.630683e+00	4.555892e+01
5.410000e-06	6.205554e-07	7.788818e-10	4.308658e+00	4.468564e+01
5.420000e-06	5.741440e-07	7.696725e-10	3.986413e+00	4.378623e+01
5.430000e-06	5.277338e-07	7.554715e-10	3.664176e+00	4.285923e+01
5.440000e-06	4.812884e-07	7.365601e-10	3.341695e+00	4.190320e+01
5.450000e-06	4.348038e-07	7.142595e-10	3.018942e+00	4.091668e+01
5.460000e-06	3.882772e-07	6.930357e-10	2.695897e+00	3.989824e+01
5.470000e-06	3.417120e-07	6.781375e-10	2.372584e+00	3.884647e+01
5.480000e-06	2.951615e-07	6.669166e-10	2.049374e+00	3.776002e+01
5.490000e-06	2.485598e-07	6.526422e-10	1.725808e+00	3.663758e+01
5.500000e-06	2.020030e-07	6.351292e-10	1.402553e+00	3.547795e+01
5.510000e-06	1.554640e-07	6.145447e-10	1.079422e+00	3.428000e+01
5.520000e-06	1.088554e-07	5.909792e-10	7.558080e-01	3.304272e+01
5.530000e-06	6.233335e-08	5.676205e-10	4.327947e-01	3.176523e+01
5.540000e-06	1.576711e-08	5.464863e-10	1.094746e-01	3.044680e+01
5.550000e-06	-3.089739e-08	5.275134e-10	-2.145276e-01	2.908684e+01
5.560000e-06	-7.747646e-08	5.072382e-10	-5.379367e-01	2.768496e+01
5.570000e-06	-1.240303e-07	4.822143e-10	-8.611708e-01	2.624093e+01
5.580000e-06	-1.706200e-07	4.539545e-10	-1.184653e+00	2.475471e+01
5.590000e-06	-2.171449e-07	4.263641e-10	-1.507687e+00	2.322649e+01
5.600000e-06	-2.636313e-07	3.992580e-10	-1.830452e+00	2.165666e+01
5.610000e-06	-3.100865e-07	3.727880e-10	-2.153001e+00	2.004582e+01
5.620000e-06	-3.565853e-07	3.465246e-10	-2.475853e+00	1.839479e+01
5.630000e-06	-4.031108e-07	3.175210e-10	-2.798890e+00	1.670463e+01
5.640000e-06	-4.495950e-07	2.850555e-10	-3.121640e+00	1.497661e+01
5.650000e-06	-4.960581e-07	2.500827e-10	-3.444245e+00	1.321223e+01
5.660000e-06	-5.424862e-07	2.164667e-10	-3.766606e+00	1.141318e+01
5.670000e-06	-5.888731e-07	1.859436e-10	-4.088680e+00	9.581386e+00
5.680000e-06	-6.351655e-07	1.571138e-10	-4.410099e+00	7.718958e+00
5.690000e-06	-6.813342e-07	1.272687e-10	-4.730659e+00	5.828194e+00
5.700000e-06	-7.275113e-07	9.482590e-11	-5.051277e+00	3.911567e+00
5.710000e-06	-7.736766e-07	6.270646e-11	-5.371813e+00	1.971709e+00
5.720000e-06	-8.198089e-07	3.153129e-11	-5.692121e+00	1.139092e-02
5.730000e-06	-8.659008e-07	-1.076100e-12	-6.012147e+00	-1.966492e+00
5.740000e-06	-9.118654e-07	-3.469439e-11	-6.331290e+00	-3.958940e+00
5.750000e-06	-9.576793e-07	-6.821246e-11	-6.649386e+00	-5.962873e+00
5.760000e-06	-1.003383e-06	-1.029787e-10	-6.966720e+00	-7.975148e+00
5.770000e-06	-1.049145e-06	-1.386706e-10	-7.284453e+00	-9.992582e+00
5.780000e-06	-1.094827e-06	-1.730564e-10	-7.601637e+00	-1.201198e+01
5.790000e-06	-1.140278e-06	-2.047186e-10	-7.917210e+00	-1.403014e+01
5.800000e-06	-1.185587e-06	-2.362163e-10	-8.231801e+00	-1.604391e+01
5.810000e-06	-1.230861e-06	-2.711711e-10	-8.546152e+00	-1.805016e+01
5.820000e-06	-1.276019e-06	-3.061409e-10	-8.859694e+00	-2.004585e+01
5.830000e-06	-1.320986e-06	-3.407543e-10	-9.171910e+00	-2.202802e+01
5.840000e-06	-1.365844e-06	-3.761584e-10	-9.483367e+00	-2.399383e+01
5.850000e-06	-1.410639e-06	-4.104736e-10	-9.794389e+00	-2.594055e+01
5.860000e-06	-1.455412e-06	-4.433173e-10	-1.010526e+01	-2.786561e+01
5.870000e-06	-1.500131e-06	-4.733712e-10	-1.041575e+01	-2.976657e+01
5.880000e-06	-1.544787e-06	-5.015565e-10	-1.072581e+01	-3.164120e+01
5.890000e-06	-1.589373e-06	-5.318948e-10	-1.103538e+01	-3.348740e+01
5.900000e-06	-1.633803e-06	-5.645988e-10	-1.134387e+01	-3.530328e+01
5.910000e-06	-1.678145e-06	-5.975303e-10	-1.165174e+01	-3.708715e+01
5.920000e-06	-1.722459e-06	-6.298687e-10	-1.195943e+01	-3.883750e+01
5.930000e-06	-1.766695e-06	-6.624642e-10	-1.226657e+01	-4.055301e+01
5.940000e-06	-1.810835e-06	-6.941019e-10	-1.257304e+01	-4.223259e+01
5.950000e-06	-1.854898e-06	-7.221158e-10	-1.287898e+01	-4.387531e+01
5.960000e-06	-1.898932e-06	-7.499746e-10	-1.318472e+01	-4.548045e+01
5.970000e-06	-1.942862e-06	-7.785870e-10	-1.348973e+01	-4.704746e+01
5.980000e-06	-1.986610e-06	-8.058010e-10	-1.379349e+01	-4.857598e+01
5.990000e-06	-2.030212e-06	-8.293514e-10	-1.409622e+01	-5.006580e+01
6.000000e-06	-2.073704e-06	-8.506826e-10	-1.439820e+01	-5.151689e+01
6.010000e-06	-2.117055e-06	-8.720420e-10	-1.469920e+01	-5.292935e+01
6.020000e-06	-2.160192e-06	-8.950545e-10	-1.499870e+01	-5.430341e+01
6.030000e-06	-2.203180e-06	-9.196248e-10	-1.529718e+01	-5.563943e+01
6.040000e-06	-2.246080e-06	-9.423694e-10	-1.559504e+01	-5.693787e+01
6.050000e-06	-2.288821e-06	-9.634042e-10	-1.589181e+01	-5.819929e+01
6.060000e-06	-2.331390e-06	-9.820878e-10	-1.618738e+01	-5.942432e+01
6.070000e-06	-2.373807e-06	-9.989051e-10	-1.648188e+01	-6.061367e+01
6.080000e-06	-2.416086e-06	-1.012858e-09	-1.677544e+01	-6.176810e+01
6.090000e-06	-2.458174e-06	-1.026936e-09	-1.706766e+01	-6.288839e+01
6.100000e-06	-2.500054e-06	-1.046689e-09	-1.735844e+01	-6.397538e+01
6.110000e-06	-2.541749e-06	-1.070101e-09	-1.764794e+01	-6.502991e+01
6.120000e-06	-2.583286e-06	-1.092748e-09	-1.793635e+01	-6.605282e+01
6.130000e-06	-2.624623e-06	-1.111251e-09	-1.822335e+01	-6.704497e+01
6.140000e-06	-2.665692e-06	-1.126099e-09	-1.850851e+01	-6.800720e+01
6.150000e-06	-2.706558e-06	-1.137808e-09	-1.879225e+01	-6.894032e+01
6.160000e-06	-2.747305e-06	-1.148584e-09	-1.907516e+01	-6.984514e+01
6.170000e-06	-2.787927e-06	-1.162917e-09	-1.935721e+01	-7.072244e+01
6.180000e-06	-2.828405e-06	-1.178765e-09	-1.963826e+01	-7.157295e+01
6.190000e-06	-2.868769e-06	-1.193823e-09	-1.991852e+01	-7.239738e+01
6.200000e-06	-2.908977e-06	-1.206779e-09	-2.019769e+01	-7.319641e+01
6.210000e-06	-2.949012e-06	-1.221025e-09	-2.047566e+01	-7.397069e+01
6.220000e-06	-2.988873e-06	-1.238173e-09	-2.075243e+01	-7.472081e+01
6.230000e-06	-3.028555e-06	-1.253417e-09	-2.102795e+01	-7.544736e+01
6.240000e-06	-3.068026e-06	-1.265806e-09	-2.130201e+01	-7.615088e+01
6.250000e-06	-3.107330e-06	-1.276270e-09	-2.157490e+01	-7.683188e+01
6.260000e-06	-3.146343e-06	-1.284091e-09	-2.184578e+01	-7.749085e+01
6.270000e-06	-3.184903e-06	-1.291070e-09	-2.211351e+01	-7.812826e+01
6.280000e-06	-3.223089e-06	-1.300224e-09	-2.237864e+01	-7.874456e+01
6.290000e-06	-3.260887e-06	-1.309920e-09	-2.264108e+01	-7.934019e+01
6.300000e-06	-3.298262e-06	-1.321106e-09	-2.290059e+01	-7.991557e+01
6.310000e-06	-3.335259e-06	-1.332147e-09	-2.315746e+01	-8.047111e+01
6.320000e-06	-3.371991e-06	-1.340802e-09	-2.341250e+01	-8.100723e+01
6.330000e-06	-3.408538e-06	-1.345540e-09	-2.366626e+01	-8.152434e+01
6.340000e-06	-3.444948e-06	-1.349217e-09	-2.391906e+01	-8.202285e+01
6.350000e-06	-3.481209e-06	-1.354479e-09	-2.417082e+01	-8.250318e+01
6.360000e-06	-3.517292e-06	-1.360119e-09	-2.442136e+01	-8.296576e+01
6.370000e-06	-3.553218e-06	-1.366574e-09	-2.467080e+01	-8.341100e+01
6.380000e-06	-3.588966e-06	-1.374635e-09	-2.491901e+01	-8.383936e+01
6.390000e-06	-3.624468e-06	-1.384254e-09	-2.516551e+01	-8.425129e+01
6.400000e-06	-3.659681e-06	-1.394221e-09	-2.541000e+01	-8.464724e+01
6.410000e-06	-3.694671e-06	-1.400528e-09	-2.565294e+01	-8.502768e+01
6.420000e-06	-3.729433e-06	-1.404272e-09	-2.589430e+01	-8.539309e+01
6.430000e-06	-3.763907e-06	-1.409482e-09	-2.613366e+01	-8.574396e+01
6.440000e-06	-3.798167e-06	-1.415545e-09	-2.637154e+01	-8.608078e+01
6.450000e-06	-3.832201e-06	-1.421283e-09	-2.660785e+01	-8.640405e+01
6.460000e-06	-3.865877e-06	-1.428168e-09	-2.684166e+01	-8.671427e+01
6.470000e-06	-3.899181e-06	-1.434831e-09	-2.707290e+01	-8.701194e+01
6.480000e-06	-3.932245e-06	-1.437366e-09	-2.730248e+01	-8.729755e+01
6.490000e-06	-3.965116e-06	-1.439559e-09	-2.753070e+01	-8.757162e+01
6.500000e-06	-3.997652e-06	-1.443455e-09	-2.775661e+01	-8.783462e+01
6.510000e-06	-4.029938e-06	-1.447513e-09	-2.798078e+01	-8.808705e+01
6.520000e-06	-4.062105e-06	-1.450891e-09	-2.820412e+01	-8.832936e+01
6.530000e-06	-4.094110e-06	-1.454299e-09	-2.842634e+01	-8.856204e+01
6.540000e-06	-4.125807e-06	-1.458415e-09	-2.864642e+01	-8.878552e+01
6.550000e-06	-4.157080e-06	-1.462284e-09	-2.886356e+01	-8.900023e+01
6.560000e-06	-4.188084e-06	-1.465631e-09	-2.907882e+01	-8.920660e+01
6.570000e-06	-4.218712e-06	-1.466572e-09	-2.929148e+01	-8.940502e+01
6.580000e-06	-4.248738e-06	-1.465279e-09	-2.949995e+01	-8.959587e+01
6.590000e-06	-4.278212e-06	-1.465187e-09	-2.970460e+01	-8.977951e+01
6.600000e-06	-4.307293e-06	-1.467046e-09	-2.990652e+01	-8.995628e+01
6.610000e-06	-4.336081e-06	-1.470214e-09	-3.010640e+01	-9.012650e+01
6.620000e-06	-4.364545e-06	-1.472373e-09	-3.030403e+01	-9.029048e+01
6.630000e-06	-4.392837e-06	-1.474593e-09	-3.050047e+01	-9.044849e+01
6.640000e-06	-4.421008e-06	-1.475898e-09	-3.069607e+01	-9.060080e+01
6.650000e-06	-4.448938e-06	-1.474742e-09	-3.088999e+01	-9.074765e+01
6.660000e-06	-4.476625e-06	-1.474109e-09	-3.108223e+01	-9.088927e+01
6.670000e-06	-4.503957e-06	-1.474317e-09	-3.127200e+01	-9.102587e+01
6.680000e-06	-4.530858e-06	-1.474884e-09	-3.145878e+01	-9.115764e+01
6.690000e-06	-4.557443e-06	-1.474079e-09	-3.164336e+01	-9.128476e+01
6.700000e-06	-4.583743e-06	-1.473117e-09	-3.182597e+01	-9.140740e+01
6.710000e-06	-4.609732e-06	-1.474679e-09	-3.200642e+01	-9.152571e+01
6.720000e-06	-4.635364e-06	-1.477255e-09	-3.218439e+01	-9.163982e+01
6.730000e-06	-4.660606e-06	-1.480298e-09	-3.235965e+01	-9.174987e+01
6.740000e-06	-4.685529e-06	-1.483850e-09	-3.253270e+01	-9.185598e+01
6.750000e-06	-4.710199e-06	-1.486000e-09	-3.270398e+01	-9.195825e+01
6.760000e-06	-4.734656e-06	-1.485574e-09	-3.287379e+01	-9.205679e+01
6.770000e-06	-4.758959e-06	-1.484471e-09	-3.304254e+01	-9.215169e+01
6.780000e-06	-4.783025e-06	-1.483233e-09	-3.320963e+01	-9.224303e+01
6.790000e-06	-4.806773e-06	-1.481334e-09	-3.337452e+01	-9.233090e+01
6.800000e-06	-4.830123e-06	-1.479917e-09	-3.353664e+01	-9.241537e+01
6.810000e-06	-4.852975e-06	-1.480115e-09	-3.369531e+01	-9.249650e+01
6.820000e-06	-4.875288e-06	-1.480682e-09	-3.385024e+01	-9.257435e+01
6.830000e-06	-4.896987e-06	-1.482161e-09	-3.400090e+01	-9.264899e+01
6.840000e-06	-4.918182e-06	-1.484123e-09	-3.414806e+01	-9.272047e+01
6.850000e-06	-4.938971e-06	-1.484712e-09	-3.429240e+01	-9.278882e+01
6.860000e-06	-4.959420e-06	-1.485416e-09	-3.443439e+01	-9.285410e+01
6.870000e-06	-4.979684e-06	-1.484973e-09	-3.457508e+01	-9.291635e+01
6.880000e-06	-4.999789e-06	-1.484190e-09	-3.471468e+01	-9.297558e+01
6.890000e-06	-5.019653e-06	-1.485799e-09	-3.485260e+01	-9.303185e+01
6.900000e-06	-5.039152e-06	-1.486746e-09	-3.498798e+01	-9.308517e+01
6.910000e-06	-5.058270e-06	-1.485686e-09	-3.512072e+01	-9.313556e+01
6.920000e-06	-5.077103e-06	-1.483936e-09	-3.525148e+01	-9.318305e+01
6.930000e-06	-5.095632e-06	-1.480860e-09	-3.538014e+01	-9.322765e+01
6.940000e-06	-5.113851e-06	-1.477152e-09	-3.550664e+01	-9.326938e+01
6.950000e-06	-5.131704e-06	-1.473093e-09	-3.563059e+01	-9.330825e+01
6.960000e-06	-5.149144e-06	-1.471158e-09	-3.575168e+01	-9.334427e+01
6.970000e-06	-5.166227e-06	-1.472939e-09	-3.587029e+01	-9.337744e+01
6.980000e-06	-5.182950e-06	-1.475715e-09	-3.598641e+01	-9.340779e+01
6.990000e-06	-5.199390e-06	-1.478309e-09	-3.610055e+01	-9.343530e+01
7.000000e-06	-5.215560e-06	-1.479428e-09	-3.621282e+01	-9.346000e+01
7.010000e-06	-5.231462e-06	-1.478439e-09	-3.632323e+01	-9.348187e+01
7.020000e-06	-5.246982e-06	-1.476216e-09	-3.643099e+01	-9.350093e+01
7.030000e-06	-5.261861e-06	-1.474443e-09	-3.653430e+01	-9.351718e+01
7.040000e-06	-5.276064e-06	-1.474606e-09	-3.663291e+01	-9.353062e+01
7.050000e-06	-5.289642e-06	-1.477133e-09	-3.672719e+01	-9.354126e+01
7.060000e-06	-5.302773e-06	-1.479850e-09	-3.681836e+01	-9.354910e+01
7.070000e-06	-5.315552e-06	-1.479980e-09	-3.690709e+01	-9.355414e+01
7.080000e-06	-5.327918e-06	-1.476750e-09	-3.699295e+01	-9.355639e+01
7.090000e-06	-5.339938e-06	-1.470577e-09	-3.707641e+01	-9.355586e+01
7.100000e-06	-5.351594e-06	-1.465293e-09	-3.715734e+01	-9.355254e+01
7.110000e-06	-5.362812e-06	-1.461705e-09	-3.723523e+01	-9.354645e+01
7.120000e-06	-5.373589e-06	-1.459050e-09	-3.731005e+01	-9.353758e+01
7.130000e-06	-5.384016e-06	-1.459436e-09	-3.738245e+01	-9.352594e+01
7.140000e-06	-5.394127e-06	-1.461863e-09	-3.745265e+01	-9.351153e+01
7.150000e-06	-5.403849e-06	-1.466113e-09	-3.752016e+01	-9.349437e+01
7.160000e-06	-5.413089e-06	-1.468805e-09	-3.758431e+01	-9.347446e+01
7.170000e-06	-5.421975e-06	-1.467047e-09	-3.764601e+01	-9.345179e+01
7.180000e-06	-5.430593e-06	-1.461981e-09	-3.770585e+01	-9.342639e+01
7.190000e-06	-5.438952e-06	-1.458352e-09	-3.776388e+01	-9.339825e+01
7.200000e-06	-5.447137e-06	-1.455886e-09	-3.782072e+01	-9.336738e+01
7.210000e-06	-5.455081e-06	-1.452505e-09	-3.787587e+01	-9.333380e+01
7.220000e-06	-5.462572e-06	-1.451758e-09	-3.792788e+01	-9.329752e+01
7.230000e-06	-5.469501e-06	-1.452696e-09	-3.797599e+01	-9.325856e+01
7.240000e-06	-5.475880e-06	-1.452402e-09	-3.802028e+01	-9.321693e+01
7.250000e-06	-5.481650e-06	-1.449967e-09	-3.806034e+01	-9.317265e+01
7.260000e-06	-5.486875e-06	-1.447579e-09	-3.809663e+01	-9.312576e+01
7.270000e-06	-5.491648e-06	-1.445948e-09	-3.812976e+01	-9.307630e+01
7.280000e-06	-5.496126e-06	-1.445237e-09	-3.816086e+01	-9.302430e+01
7.290000e-06	-5.500358e-06	-1.445826e-09	-3.819024e+01	-9.296980e+01
7.300000e-06	-5.504294e-06	-1.445951e-09	-3.821757e+01	-9.291288e+01
7.310000e-06	-5.507955e-06	-1.443300e-09	-3.824299e+01	-9.285358e+01
7.320000e-06	-5.511257e-06	-1.440004e-09	-3.826591e+01	-9.279198e+01
7.330000e-06	-5.514119e-06	-1.438038e-09	-3.828579e+01	-9.272816e+01
7.340000e-06	-5.516577e-06	-1.437850e-09	-3.830285e+01	-9.266222e+01
7.350000e-06	-5.518719e-06	-1.438445e-09	-3.831772e+01	-9.259424e+01
7.360000e-06	-5.520569e-06	-1.437488e-09	-3.833057e+01	-9.252434e+01
7.370000e-06	-5.521919e-06	-1.435265e-09	-3.833994e+01	-9.245263e+01
7.380000e-06	-5.522811e-06	-1.433113e-09	-3.834613e+01	-9.237922e+01
7.390000e-06	-5.523494e-06	-1.429831e-09	-3.835088e+01	-9.230426e+01
7.400000e-06	-5.523917e-06	-1.423362e-09	-3.835381e+01	-9.222786e+01
