# Temperatura_=_3.45
# Concentracion g/m^3_=_1620.0
# C_Vs_to_Am_M_A/Vsm_=_65563218390.804596
# pendiente_HvsI_1/m_=_3716.3
# ordenada_HvsI_A/m_=_1297.0
# frecuencia_Hz_=_135109.55129591402

Tiempo_(s)	Campo_(V.s)	Magnetizacion_(V.s)	Campo_(kA/m)	Magnetizacion_(A/m)
0.000000e+00	-5.527800e-06	-1.558901e-09	-3.835541e+01	-1.016387e+02
1.000000e-08	-5.527952e-06	-1.555765e-09	-3.835647e+01	-1.016031e+02
2.000000e-08	-5.527898e-06	-1.556958e-09	-3.835610e+01	-1.015621e+02
3.000000e-08	-5.527531e-06	-1.561511e-09	-3.835355e+01	-1.015152e+02
4.000000e-08	-5.526784e-06	-1.566181e-09	-3.834837e+01	-1.014620e+02
5.000000e-08	-5.525543e-06	-1.564869e-09	-3.833975e+01	-1.014021e+02
6.000000e-08	-5.523646e-06	-1.556241e-09	-3.832659e+01	-1.013355e+02
7.000000e-08	-5.521139e-06	-1.539578e-09	-3.830920e+01	-1.012617e+02
8.000000e-08	-5.518110e-06	-1.521773e-09	-3.828818e+01	-1.011808e+02
9.000000e-08	-5.514603e-06	-1.557339e-09	-3.826385e+01	-1.010928e+02
1.000000e-07	-5.510689e-06	-1.670039e-09	-3.823669e+01	-1.009977e+02
1.100000e-07	-5.506373e-06	-1.653091e-09	-3.820675e+01	-1.008956e+02
1.200000e-07	-5.501808e-06	-1.474666e-09	-3.817506e+01	-1.007868e+02
1.300000e-07	-5.497213e-06	-1.465689e-09	-3.814319e+01	-1.006715e+02
1.400000e-07	-5.492347e-06	-1.563681e-09	-3.810942e+01	-1.005502e+02
1.500000e-07	-5.486901e-06	-1.634452e-09	-3.807163e+01	-1.004232e+02
1.600000e-07	-5.481013e-06	-1.487153e-09	-3.803078e+01	-1.002911e+02
1.700000e-07	-5.474864e-06	-1.464286e-09	-3.798812e+01	-1.001542e+02
1.800000e-07	-5.468232e-06	-1.596345e-09	-3.794209e+01	-1.000131e+02
1.900000e-07	-5.461028e-06	-1.593158e-09	-3.789211e+01	-9.986838e+01
2.000000e-07	-5.453588e-06	-1.466032e-09	-3.784049e+01	-9.972057e+01
2.100000e-07	-5.445954e-06	-1.394328e-09	-3.778752e+01	-9.957019e+01
2.200000e-07	-5.438035e-06	-1.521205e-09	-3.773257e+01	-9.941777e+01
2.300000e-07	-5.429894e-06	-1.549654e-09	-3.767609e+01	-9.926379e+01
2.400000e-07	-5.421429e-06	-1.514398e-09	-3.761735e+01	-9.910873e+01
2.500000e-07	-5.412298e-06	-1.439863e-09	-3.755399e+01	-9.895298e+01
2.600000e-07	-5.402304e-06	-1.470777e-09	-3.748464e+01	-9.879690e+01
2.700000e-07	-5.391616e-06	-1.463040e-09	-3.741049e+01	-9.864081e+01
2.800000e-07	-5.380582e-06	-1.472549e-09	-3.733392e+01	-9.848495e+01
2.900000e-07	-5.369086e-06	-1.460179e-09	-3.725416e+01	-9.832949e+01
3.000000e-07	-5.357047e-06	-1.480784e-09	-3.717062e+01	-9.817455e+01
3.100000e-07	-5.344787e-06	-1.479195e-09	-3.708555e+01	-9.802019e+01
3.200000e-07	-5.332255e-06	-1.465943e-09	-3.699860e+01	-9.786639e+01
3.300000e-07	-5.319171e-06	-1.418119e-09	-3.690781e+01	-9.771309e+01
3.400000e-07	-5.305677e-06	-1.417369e-09	-3.681418e+01	-9.756017e+01
3.500000e-07	-5.291945e-06	-1.457143e-09	-3.671891e+01	-9.740746e+01
3.600000e-07	-5.277730e-06	-1.434284e-09	-3.662027e+01	-9.725477e+01
3.700000e-07	-5.262944e-06	-1.416978e-09	-3.651768e+01	-9.710185e+01
3.800000e-07	-5.247859e-06	-1.468899e-09	-3.641301e+01	-9.694846e+01
3.900000e-07	-5.232154e-06	-1.464328e-09	-3.630403e+01	-9.679432e+01
4.000000e-07	-5.215692e-06	-1.381980e-09	-3.618981e+01	-9.663917e+01
4.100000e-07	-5.199065e-06	-1.431154e-09	-3.607444e+01	-9.648274e+01
4.200000e-07	-5.182180e-06	-1.479795e-09	-3.595729e+01	-9.632477e+01
4.300000e-07	-5.164772e-06	-1.395801e-09	-3.583650e+01	-9.616505e+01
4.400000e-07	-5.147148e-06	-1.375912e-09	-3.571421e+01	-9.600337e+01
4.500000e-07	-5.129342e-06	-1.508700e-09	-3.559066e+01	-9.583958e+01
4.600000e-07	-5.110986e-06	-1.451469e-09	-3.546329e+01	-9.567356e+01
4.700000e-07	-5.092113e-06	-1.357096e-09	-3.533234e+01	-9.550525e+01
4.800000e-07	-5.072864e-06	-1.446368e-09	-3.519878e+01	-9.533461e+01
4.900000e-07	-5.053301e-06	-1.497131e-09	-3.506304e+01	-9.516168e+01
5.000000e-07	-5.033571e-06	-1.359193e-09	-3.492614e+01	-9.498654e+01
5.100000e-07	-5.013700e-06	-1.393854e-09	-3.478826e+01	-9.480931e+01
5.200000e-07	-4.993581e-06	-1.469721e-09	-3.464867e+01	-9.463016e+01
5.300000e-07	-4.973032e-06	-1.377679e-09	-3.450608e+01	-9.444930e+01
5.400000e-07	-4.952037e-06	-1.347770e-09	-3.436041e+01	-9.426696e+01
5.500000e-07	-4.930759e-06	-1.474257e-09	-3.421276e+01	-9.408342e+01
5.600000e-07	-4.909072e-06	-1.414153e-09	-3.406229e+01	-9.389896e+01
5.700000e-07	-4.887022e-06	-1.330148e-09	-3.390929e+01	-9.371387e+01
5.800000e-07	-4.864812e-06	-1.423891e-09	-3.375518e+01	-9.352843e+01
5.900000e-07	-4.842283e-06	-1.447442e-09	-3.359886e+01	-9.334293e+01
6.000000e-07	-4.819294e-06	-1.339526e-09	-3.343935e+01	-9.315762e+01
6.100000e-07	-4.795992e-06	-1.375282e-09	-3.327766e+01	-9.297272e+01
6.200000e-07	-4.772444e-06	-1.424941e-09	-3.311428e+01	-9.278843e+01
6.300000e-07	-4.748675e-06	-1.347041e-09	-3.294935e+01	-9.260488e+01
6.400000e-07	-4.724771e-06	-1.338688e-09	-3.278349e+01	-9.242216e+01
6.500000e-07	-4.700543e-06	-1.400873e-09	-3.261538e+01	-9.224029e+01
6.600000e-07	-4.675774e-06	-1.365259e-09	-3.244351e+01	-9.205923e+01
6.700000e-07	-4.650566e-06	-1.331103e-09	-3.226861e+01	-9.187885e+01
6.800000e-07	-4.624902e-06	-1.378708e-09	-3.209053e+01	-9.169898e+01
6.900000e-07	-4.598704e-06	-1.364786e-09	-3.190876e+01	-9.151936e+01
7.000000e-07	-4.572027e-06	-1.323724e-09	-3.172365e+01	-9.133965e+01
7.100000e-07	-4.544842e-06	-1.341559e-09	-3.153503e+01	-9.115948e+01
7.200000e-07	-4.517324e-06	-1.357376e-09	-3.134408e+01	-9.097838e+01
7.300000e-07	-4.489659e-06	-1.325735e-09	-3.115213e+01	-9.079583e+01
7.400000e-07	-4.461817e-06	-1.335736e-09	-3.095895e+01	-9.061129e+01
7.500000e-07	-4.433755e-06	-1.346662e-09	-3.076424e+01	-9.042414e+01
7.600000e-07	-4.405440e-06	-1.330703e-09	-3.056777e+01	-9.023377e+01
7.700000e-07	-4.376820e-06	-1.317013e-09	-3.036918e+01	-9.003953e+01
7.800000e-07	-4.347857e-06	-1.327817e-09	-3.016822e+01	-8.984077e+01
7.900000e-07	-4.318581e-06	-1.311331e-09	-2.996508e+01	-8.963684e+01
8.000000e-07	-4.289011e-06	-1.306194e-09	-2.975990e+01	-8.942711e+01
8.100000e-07	-4.259142e-06	-1.312270e-09	-2.955266e+01	-8.921100e+01
8.200000e-07	-4.228982e-06	-1.306352e-09	-2.934339e+01	-8.898793e+01
8.300000e-07	-4.198558e-06	-1.283904e-09	-2.913229e+01	-8.875743e+01
8.400000e-07	-4.167898e-06	-1.291190e-09	-2.891955e+01	-8.851903e+01
8.500000e-07	-4.136886e-06	-1.292458e-09	-2.870437e+01	-8.827237e+01
8.600000e-07	-4.105517e-06	-1.283616e-09	-2.848671e+01	-8.801717e+01
8.700000e-07	-4.073946e-06	-1.283544e-09	-2.826765e+01	-8.775322e+01
8.800000e-07	-4.042225e-06	-1.287959e-09	-2.804754e+01	-8.748041e+01
8.900000e-07	-4.010379e-06	-1.270160e-09	-2.782658e+01	-8.719870e+01
9.000000e-07	-3.978365e-06	-1.260827e-09	-2.760445e+01	-8.690818e+01
9.100000e-07	-3.946060e-06	-1.260078e-09	-2.738029e+01	-8.660900e+01
9.200000e-07	-3.913416e-06	-1.245033e-09	-2.715379e+01	-8.630141e+01
9.300000e-07	-3.880381e-06	-1.233707e-09	-2.692457e+01	-8.598574e+01
9.400000e-07	-3.846921e-06	-1.241528e-09	-2.669240e+01	-8.566242e+01
9.500000e-07	-3.813043e-06	-1.239359e-09	-2.645734e+01	-8.533192e+01
9.600000e-07	-3.778710e-06	-1.222947e-09	-2.621911e+01	-8.499479e+01
9.700000e-07	-3.743866e-06	-1.221623e-09	-2.597734e+01	-8.465162e+01
9.800000e-07	-3.708658e-06	-1.218527e-09	-2.573305e+01	-8.430306e+01
9.900000e-07	-3.673226e-06	-1.204718e-09	-2.548719e+01	-8.394976e+01
1.000000e-06	-3.637597e-06	-1.198990e-09	-2.523998e+01	-8.359241e+01
1.010000e-06	-3.601845e-06	-1.205879e-09	-2.499191e+01	-8.323169e+01
1.020000e-06	-3.565950e-06	-1.195274e-09	-2.474285e+01	-8.286827e+01
1.030000e-06	-3.529909e-06	-1.185542e-09	-2.449277e+01	-8.250281e+01
1.040000e-06	-3.493691e-06	-1.185861e-09	-2.424146e+01	-8.213592e+01
1.050000e-06	-3.457181e-06	-1.185837e-09	-2.398813e+01	-8.176818e+01
1.060000e-06	-3.420406e-06	-1.174770e-09	-2.373297e+01	-8.140009e+01
1.070000e-06	-3.383362e-06	-1.173524e-09	-2.347593e+01	-8.103212e+01
1.080000e-06	-3.346055e-06	-1.168509e-09	-2.321707e+01	-8.066463e+01
1.090000e-06	-3.308550e-06	-1.158076e-09	-2.295684e+01	-8.029794e+01
1.100000e-06	-3.270844e-06	-1.149070e-09	-2.269521e+01	-7.993225e+01
1.110000e-06	-3.232848e-06	-1.147814e-09	-2.243157e+01	-7.956770e+01
1.120000e-06	-3.194562e-06	-1.134309e-09	-2.216592e+01	-7.920432e+01
1.130000e-06	-3.156108e-06	-1.120970e-09	-2.189910e+01	-7.884207e+01
1.140000e-06	-3.117476e-06	-1.118294e-09	-2.163104e+01	-7.848080e+01
1.150000e-06	-3.078569e-06	-1.119812e-09	-2.136108e+01	-7.812031e+01
1.160000e-06	-3.039374e-06	-1.114199e-09	-2.108913e+01	-7.776027e+01
1.170000e-06	-3.000052e-06	-1.113773e-09	-2.081628e+01	-7.740032e+01
1.180000e-06	-2.960625e-06	-1.113959e-09	-2.054272e+01	-7.704002e+01
1.190000e-06	-2.921048e-06	-1.105978e-09	-2.026810e+01	-7.667884e+01
1.200000e-06	-2.881362e-06	-1.096192e-09	-1.999273e+01	-7.631625e+01
1.210000e-06	-2.841592e-06	-1.091093e-09	-1.971679e+01	-7.595162e+01
1.220000e-06	-2.801636e-06	-1.083449e-09	-1.943955e+01	-7.558434e+01
1.230000e-06	-2.761482e-06	-1.075116e-09	-1.916093e+01	-7.521374e+01
1.240000e-06	-2.721181e-06	-1.069621e-09	-1.888129e+01	-7.483914e+01
1.250000e-06	-2.680661e-06	-1.062137e-09	-1.860015e+01	-7.445986e+01
1.260000e-06	-2.639884e-06	-1.055181e-09	-1.831721e+01	-7.407524e+01
1.270000e-06	-2.598819e-06	-1.048330e-09	-1.803227e+01	-7.368459e+01
1.280000e-06	-2.557414e-06	-1.042227e-09	-1.774498e+01	-7.328729e+01
1.290000e-06	-2.515684e-06	-1.033393e-09	-1.745543e+01	-7.288270e+01
1.300000e-06	-2.473637e-06	-1.025678e-09	-1.716368e+01	-7.247025e+01
1.310000e-06	-2.431359e-06	-1.019164e-09	-1.687032e+01	-7.204937e+01
1.320000e-06	-2.388842e-06	-1.010466e-09	-1.657532e+01	-7.161957e+01
1.330000e-06	-2.346051e-06	-9.963164e-10	-1.627841e+01	-7.118037e+01
1.340000e-06	-2.303072e-06	-9.858023e-10	-1.598019e+01	-7.073136e+01
1.350000e-06	-2.259825e-06	-9.796511e-10	-1.568011e+01	-7.027216e+01
1.360000e-06	-2.216332e-06	-9.743866e-10	-1.537833e+01	-6.980244e+01
1.370000e-06	-2.172749e-06	-9.681941e-10	-1.507592e+01	-6.932192e+01
1.380000e-06	-2.129097e-06	-9.648248e-10	-1.477304e+01	-6.883034e+01
1.390000e-06	-2.085384e-06	-9.547882e-10	-1.446973e+01	-6.832751e+01
1.400000e-06	-2.041611e-06	-9.402883e-10	-1.416601e+01	-6.781324e+01
1.410000e-06	-1.997730e-06	-9.256721e-10	-1.386153e+01	-6.728739e+01
1.420000e-06	-1.953787e-06	-9.129326e-10	-1.355662e+01	-6.674984e+01
1.430000e-06	-1.909767e-06	-8.993980e-10	-1.325119e+01	-6.620049e+01
1.440000e-06	-1.865624e-06	-8.903161e-10	-1.294490e+01	-6.563924e+01
1.450000e-06	-1.821353e-06	-8.839679e-10	-1.263771e+01	-6.506602e+01
1.460000e-06	-1.776947e-06	-8.781113e-10	-1.232960e+01	-6.448073e+01
1.470000e-06	-1.732461e-06	-8.697015e-10	-1.202093e+01	-6.388329e+01
1.480000e-06	-1.687810e-06	-8.610039e-10	-1.171111e+01	-6.327359e+01
1.490000e-06	-1.643031e-06	-8.521858e-10	-1.140040e+01	-6.265151e+01
1.500000e-06	-1.598166e-06	-8.395665e-10	-1.108910e+01	-6.201690e+01
1.510000e-06	-1.553149e-06	-8.246556e-10	-1.077675e+01	-6.136961e+01
1.520000e-06	-1.508038e-06	-8.126946e-10	-1.046373e+01	-6.070941e+01
1.530000e-06	-1.462828e-06	-8.025163e-10	-1.015004e+01	-6.003607e+01
1.540000e-06	-1.417476e-06	-7.946132e-10	-9.835359e+00	-5.934931e+01
1.550000e-06	-1.371996e-06	-7.876761e-10	-9.519789e+00	-5.864879e+01
1.560000e-06	-1.326382e-06	-7.766054e-10	-9.203290e+00	-5.793413e+01
1.570000e-06	-1.280728e-06	-7.609891e-10	-8.886514e+00	-5.720493e+01
1.580000e-06	-1.235015e-06	-7.456891e-10	-8.569323e+00	-5.646068e+01
1.590000e-06	-1.189191e-06	-7.322293e-10	-8.251367e+00	-5.570087e+01
1.600000e-06	-1.143307e-06	-7.167202e-10	-7.932996e+00	-5.492491e+01
1.610000e-06	-1.097349e-06	-7.017493e-10	-7.614113e+00	-5.413217e+01
1.620000e-06	-1.051287e-06	-6.883745e-10	-7.294500e+00	-5.332194e+01
1.630000e-06	-1.005117e-06	-6.773446e-10	-6.974146e+00	-5.249349e+01
1.640000e-06	-9.589602e-07	-6.661043e-10	-6.653880e+00	-5.164601e+01
1.650000e-06	-9.127002e-07	-6.550139e-10	-6.332898e+00	-5.077867e+01
1.660000e-06	-8.663329e-07	-6.441044e-10	-6.011172e+00	-4.989056e+01
1.670000e-06	-8.199831e-07	-6.346803e-10	-5.689568e+00	-4.898074e+01
1.680000e-06	-7.735814e-07	-6.234951e-10	-5.367603e+00	-4.804823e+01
1.690000e-06	-7.271313e-07	-6.102806e-10	-5.045303e+00	-4.709201e+01
1.700000e-06	-6.806027e-07	-5.941659e-10	-4.722458e+00	-4.611103e+01
1.710000e-06	-6.339654e-07	-5.760257e-10	-4.398858e+00	-4.510420e+01
1.720000e-06	-5.873299e-07	-5.555269e-10	-4.075271e+00	-4.407041e+01
1.730000e-06	-5.406874e-07	-5.369353e-10	-3.751635e+00	-4.300857e+01
1.740000e-06	-4.940086e-07	-5.218260e-10	-3.427748e+00	-4.191753e+01
1.750000e-06	-4.472939e-07	-5.084959e-10	-3.103612e+00	-4.079617e+01
1.760000e-06	-4.005219e-07	-4.935164e-10	-2.779077e+00	-3.964338e+01
1.770000e-06	-3.537722e-07	-4.772840e-10	-2.454698e+00	-3.845806e+01
1.780000e-06	-3.069870e-07	-4.594211e-10	-2.130072e+00	-3.723915e+01
1.790000e-06	-2.600887e-07	-4.419542e-10	-1.804662e+00	-3.598562e+01
1.800000e-06	-2.130811e-07	-4.241894e-10	-1.478493e+00	-3.469651e+01
1.810000e-06	-1.661337e-07	-4.050170e-10	-1.152742e+00	-3.337090e+01
1.820000e-06	-1.192712e-07	-3.858536e-10	-8.275801e-01	-3.200798e+01
1.830000e-06	-7.237887e-08	-3.664864e-10	-5.022110e-01	-3.060700e+01
1.840000e-06	-2.543988e-08	-3.493514e-10	-1.765182e-01	-2.916734e+01
1.850000e-06	2.148745e-08	-3.299135e-10	1.490937e-01	-2.768848e+01
1.860000e-06	6.830787e-08	-3.094475e-10	4.739637e-01	-2.617004e+01
1.870000e-06	1.150840e-07	-2.875298e-10	7.985264e-01	-2.461177e+01
1.880000e-06	1.618908e-07	-2.673084e-10	1.123302e+00	-2.301360e+01
1.890000e-06	2.087465e-07	-2.460296e-10	1.448417e+00	-2.137561e+01
1.900000e-06	2.555946e-07	-2.223621e-10	1.773479e+00	-1.969805e+01
1.910000e-06	3.024351e-07	-1.984962e-10	2.098488e+00	-1.798139e+01
1.920000e-06	3.492432e-07	-1.739746e-10	2.423273e+00	-1.622625e+01
1.930000e-06	3.960356e-07	-1.478390e-10	2.747949e+00	-1.443350e+01
1.940000e-06	4.428649e-07	-1.227069e-10	3.072880e+00	-1.260417e+01
1.950000e-06	4.896472e-07	-9.740671e-11	3.397486e+00	-1.073954e+01
1.960000e-06	5.363068e-07	-7.262614e-11	3.721240e+00	-8.841082e+00
1.970000e-06	5.829055e-07	-4.932362e-11	4.044572e+00	-6.910472e+00
1.980000e-06	6.294620e-07	-2.556425e-11	4.367611e+00	-4.949603e+00
1.990000e-06	6.759328e-07	4.418858e-13	4.690055e+00	-2.960564e+00
2.000000e-06	7.223569e-07	3.057037e-11	5.012175e+00	-9.456369e-01
2.010000e-06	7.687371e-07	6.145698e-11	5.333990e+00	1.092717e+00
2.020000e-06	8.150721e-07	9.323139e-11	5.655493e+00	3.151865e+00
2.030000e-06	8.613890e-07	1.241147e-10	5.976869e+00	5.229022e+00
2.040000e-06	9.076572e-07	1.524862e-10	6.297907e+00	7.321267e+00
2.050000e-06	9.538486e-07	1.796421e-10	6.618413e+00	9.425559e+00
2.060000e-06	1.000002e-06	2.067229e-10	6.938655e+00	1.153876e+01
2.070000e-06	1.046088e-06	2.348215e-10	7.258425e+00	1.365766e+01
2.080000e-06	1.092013e-06	2.647305e-10	7.577083e+00	1.577899e+01
2.090000e-06	1.137845e-06	2.936379e-10	7.895101e+00	1.789946e+01
2.100000e-06	1.183609e-06	3.231432e-10	8.212634e+00	2.001578e+01
2.110000e-06	1.229298e-06	3.530256e-10	8.529658e+00	2.212466e+01
2.120000e-06	1.275010e-06	3.813949e-10	8.846835e+00	2.422288e+01
2.130000e-06	1.320673e-06	4.094448e-10	9.163677e+00	2.630729e+01
2.140000e-06	1.366189e-06	4.392747e-10	9.479497e+00	2.837481e+01
2.150000e-06	1.411622e-06	4.678500e-10	9.794739e+00	3.042250e+01
2.160000e-06	1.456996e-06	4.938005e-10	1.010957e+01	3.244755e+01
2.170000e-06	1.502250e-06	5.163685e-10	1.042357e+01	3.444731e+01
2.180000e-06	1.547357e-06	5.394776e-10	1.073655e+01	3.641930e+01
2.190000e-06	1.592327e-06	5.658626e-10	1.104859e+01	3.836124e+01
2.200000e-06	1.637233e-06	5.947274e-10	1.136017e+01	4.027103e+01
2.210000e-06	1.682052e-06	6.256127e-10	1.167115e+01	4.214680e+01
2.220000e-06	1.726624e-06	6.560044e-10	1.198042e+01	4.398690e+01
2.230000e-06	1.770981e-06	6.838301e-10	1.228820e+01	4.578991e+01
2.240000e-06	1.815202e-06	7.062541e-10	1.259503e+01	4.755462e+01
2.250000e-06	1.859301e-06	7.224406e-10	1.290102e+01	4.928005e+01
2.260000e-06	1.903339e-06	7.362856e-10	1.320659e+01	5.096546e+01
2.270000e-06	1.947321e-06	7.531370e-10	1.351176e+01	5.261030e+01
2.280000e-06	1.991221e-06	7.749938e-10	1.381637e+01	5.421424e+01
2.290000e-06	2.035033e-06	7.985050e-10	1.412036e+01	5.577717e+01
2.300000e-06	2.078806e-06	8.221060e-10	1.442409e+01	5.729912e+01
2.310000e-06	2.122519e-06	8.446569e-10	1.472740e+01	5.878032e+01
2.320000e-06	2.166111e-06	8.632981e-10	1.502987e+01	6.022116e+01
2.330000e-06	2.209596e-06	8.785233e-10	1.533159e+01	6.162214e+01
2.340000e-06	2.252914e-06	8.917327e-10	1.563216e+01	6.298391e+01
2.350000e-06	2.296057e-06	9.076709e-10	1.593152e+01	6.430721e+01
2.360000e-06	2.339042e-06	9.265972e-10	1.622977e+01	6.559284e+01
2.370000e-06	2.381858e-06	9.455560e-10	1.652685e+01	6.684172e+01
2.380000e-06	2.424490e-06	9.640143e-10	1.682266e+01	6.805476e+01
2.390000e-06	2.466792e-06	9.805898e-10	1.711619e+01	6.923294e+01
2.400000e-06	2.508723e-06	9.939360e-10	1.740713e+01	7.037725e+01
2.410000e-06	2.550226e-06	1.006398e-09	1.769510e+01	7.148866e+01
2.420000e-06	2.591363e-06	1.019144e-09	1.798054e+01	7.256816e+01
2.430000e-06	2.632272e-06	1.031978e-09	1.826439e+01	7.361669e+01
2.440000e-06	2.672886e-06	1.045862e-09	1.854619e+01	7.463518e+01
2.450000e-06	2.713262e-06	1.061525e-09	1.882635e+01	7.562449e+01
2.460000e-06	2.753494e-06	1.075936e-09	1.910551e+01	7.658546e+01
2.470000e-06	2.793531e-06	1.087681e-09	1.938331e+01	7.751886e+01
2.480000e-06	2.833371e-06	1.097516e-09	1.965975e+01	7.842543e+01
2.490000e-06	2.873104e-06	1.106375e-09	1.993543e+01	7.930584e+01
2.500000e-06	2.912746e-06	1.114074e-09	2.021050e+01	8.016070e+01
2.510000e-06	2.952263e-06	1.124689e-09	2.048469e+01	8.099059e+01
2.520000e-06	2.991660e-06	1.139061e-09	2.075806e+01	8.179602e+01
2.530000e-06	3.030881e-06	1.153997e-09	2.103020e+01	8.257747e+01
2.540000e-06	3.069920e-06	1.170005e-09	2.130107e+01	8.333539e+01
2.550000e-06	3.108780e-06	1.183898e-09	2.157071e+01	8.407019e+01
2.560000e-06	3.147357e-06	1.192097e-09	2.183838e+01	8.478226e+01
2.570000e-06	3.185617e-06	1.196344e-09	2.210385e+01	8.547197e+01
2.580000e-06	3.223658e-06	1.200205e-09	2.236780e+01	8.613969e+01
2.590000e-06	3.261496e-06	1.204288e-09	2.263035e+01	8.678577e+01
2.600000e-06	3.299140e-06	1.212525e-09	2.289155e+01	8.741058e+01
2.610000e-06	3.336607e-06	1.226317e-09	2.315152e+01	8.801449e+01
2.620000e-06	3.373880e-06	1.242844e-09	2.341014e+01	8.859788e+01
2.630000e-06	3.410901e-06	1.257212e-09	2.366702e+01	8.916117e+01
2.640000e-06	3.447575e-06	1.265662e-09	2.392148e+01	8.970478e+01
2.650000e-06	3.484001e-06	1.271395e-09	2.417423e+01	9.022915e+01
2.660000e-06	3.520228e-06	1.277377e-09	2.442560e+01	9.073476e+01
2.670000e-06	3.556248e-06	1.283183e-09	2.467553e+01	9.122211e+01
2.680000e-06	3.592125e-06	1.288852e-09	2.492446e+01	9.169172e+01
2.690000e-06	3.627893e-06	1.295625e-09	2.517264e+01	9.214414e+01
2.700000e-06	3.663549e-06	1.304446e-09	2.542005e+01	9.257992e+01
2.710000e-06	3.699009e-06	1.311972e-09	2.566609e+01	9.299965e+01
2.720000e-06	3.734228e-06	1.317325e-09	2.591047e+01	9.340391e+01
2.730000e-06	3.769274e-06	1.322834e-09	2.615364e+01	9.379329e+01
2.740000e-06	3.804075e-06	1.328522e-09	2.639511e+01	9.416841e+01
2.750000e-06	3.838372e-06	1.334935e-09	2.663309e+01	9.452984e+01
2.760000e-06	3.871991e-06	1.342989e-09	2.686636e+01	9.487819e+01
2.770000e-06	3.905015e-06	1.351819e-09	2.709549e+01	9.521401e+01
2.780000e-06	3.937573e-06	1.359798e-09	2.732141e+01	9.553786e+01
2.790000e-06	3.969848e-06	1.366794e-09	2.754535e+01	9.585026e+01
2.800000e-06	4.001954e-06	1.371632e-09	2.776812e+01	9.615174e+01
2.810000e-06	4.033894e-06	1.376149e-09	2.798974e+01	9.644275e+01
2.820000e-06	4.065637e-06	1.378776e-09	2.820999e+01	9.672374e+01
2.830000e-06	4.097169e-06	1.380889e-09	2.842878e+01	9.699511e+01
2.840000e-06	4.128563e-06	1.385609e-09	2.864661e+01	9.725724e+01
2.850000e-06	4.159753e-06	1.389489e-09	2.886303e+01	9.751046e+01
2.860000e-06	4.190592e-06	1.395244e-09	2.907701e+01	9.775508e+01
2.870000e-06	4.221093e-06	1.402711e-09	2.928865e+01	9.799137e+01
2.880000e-06	4.251331e-06	1.409755e-09	2.949846e+01	9.821956e+01
2.890000e-06	4.281326e-06	1.411780e-09	2.970658e+01	9.843987e+01
2.900000e-06	4.311047e-06	1.411548e-09	2.991281e+01	9.865249e+01
2.910000e-06	4.340483e-06	1.411397e-09	3.011705e+01	9.885758e+01
2.920000e-06	4.369638e-06	1.412276e-09	3.031935e+01	9.905529e+01
2.930000e-06	4.398415e-06	1.417106e-09	3.051902e+01	9.924576e+01
2.940000e-06	4.426847e-06	1.424462e-09	3.071630e+01	9.942912e+01
2.950000e-06	4.455026e-06	1.430965e-09	3.091182e+01	9.960549e+01
2.960000e-06	4.482989e-06	1.435195e-09	3.110585e+01	9.977501e+01
2.970000e-06	4.510787e-06	1.438018e-09	3.129873e+01	9.993779e+01
2.980000e-06	4.538412e-06	1.437793e-09	3.149041e+01	1.000940e+02
2.990000e-06	4.565787e-06	1.436734e-09	3.168036e+01	1.002437e+02
3.000000e-06	4.592858e-06	1.437080e-09	3.186819e+01	1.003871e+02
3.010000e-06	4.619446e-06	1.440067e-09	3.205267e+01	1.005244e+02
3.020000e-06	4.645377e-06	1.445693e-09	3.223260e+01	1.006558e+02
3.030000e-06	4.670655e-06	1.448821e-09	3.240800e+01	1.007813e+02
3.040000e-06	4.695385e-06	1.450153e-09	3.257959e+01	1.009013e+02
3.050000e-06	4.719709e-06	1.452914e-09	3.274836e+01	1.010159e+02
3.060000e-06	4.743747e-06	1.455134e-09	3.291516e+01	1.011254e+02
3.070000e-06	4.767563e-06	1.456696e-09	3.308040e+01	1.012299e+02
3.080000e-06	4.791157e-06	1.458733e-09	3.324411e+01	1.013298e+02
3.090000e-06	4.814481e-06	1.461573e-09	3.340596e+01	1.014251e+02
3.100000e-06	4.837465e-06	1.461516e-09	3.356543e+01	1.015161e+02
3.110000e-06	4.860168e-06	1.460906e-09	3.372296e+01	1.016030e+02
3.120000e-06	4.882545e-06	1.461005e-09	3.387822e+01	1.016860e+02
3.130000e-06	4.904515e-06	1.463441e-09	3.403066e+01	1.017653e+02
3.140000e-06	4.926144e-06	1.466498e-09	3.418074e+01	1.018409e+02
3.150000e-06	4.947460e-06	1.469741e-09	3.432865e+01	1.019131e+02
3.160000e-06	4.968403e-06	1.474019e-09	3.447397e+01	1.019819e+02
3.170000e-06	4.989045e-06	1.475215e-09	3.461719e+01	1.020473e+02
3.180000e-06	5.009470e-06	1.474387e-09	3.475891e+01	1.021095e+02
3.190000e-06	5.029597e-06	1.472720e-09	3.489857e+01	1.021683e+02
3.200000e-06	5.049448e-06	1.470855e-09	3.503630e+01	1.022239e+02
3.210000e-06	5.069066e-06	1.470249e-09	3.517242e+01	1.022761e+02
3.220000e-06	5.088432e-06	1.472235e-09	3.530680e+01	1.023250e+02
3.230000e-06	5.107464e-06	1.477414e-09	3.543886e+01	1.023704e+02
3.240000e-06	5.126005e-06	1.483521e-09	3.556751e+01	1.024121e+02
3.250000e-06	5.144052e-06	1.489079e-09	3.569273e+01	1.024503e+02
3.260000e-06	5.161676e-06	1.492266e-09	3.581502e+01	1.024846e+02
3.270000e-06	5.178920e-06	1.493011e-09	3.593466e+01	1.025150e+02
3.280000e-06	5.195876e-06	1.493475e-09	3.605231e+01	1.025414e+02
3.290000e-06	5.212566e-06	1.495247e-09	3.616812e+01	1.025637e+02
3.300000e-06	5.229005e-06	1.497580e-09	3.628218e+01	1.025819e+02
3.310000e-06	5.245143e-06	1.499161e-09	3.639416e+01	1.025958e+02
3.320000e-06	5.260747e-06	1.502680e-09	3.650243e+01	1.026056e+02
3.330000e-06	5.275656e-06	1.506012e-09	3.660588e+01	1.026111e+02
3.340000e-06	5.290004e-06	1.509661e-09	3.670544e+01	1.026124e+02
3.350000e-06	5.304015e-06	1.512998e-09	3.680266e+01	1.026097e+02
3.360000e-06	5.317750e-06	1.514842e-09	3.689796e+01	1.026031e+02
3.370000e-06	5.331081e-06	1.515944e-09	3.699046e+01	1.025927e+02
3.380000e-06	5.343946e-06	1.518187e-09	3.707972e+01	1.025788e+02
3.390000e-06	5.356452e-06	1.521576e-09	3.716649e+01	1.025617e+02
3.400000e-06	5.368654e-06	1.522828e-09	3.725116e+01	1.025416e+02
3.410000e-06	5.380570e-06	1.523769e-09	3.733384e+01	1.025189e+02
3.420000e-06	5.392135e-06	1.525702e-09	3.741409e+01	1.024939e+02
3.430000e-06	5.403254e-06	1.528811e-09	3.749124e+01	1.024671e+02
3.440000e-06	5.413774e-06	1.531828e-09	3.756423e+01	1.024388e+02
3.450000e-06	5.423619e-06	1.534691e-09	3.763254e+01	1.024096e+02
3.460000e-06	5.432955e-06	1.539013e-09	3.769732e+01	1.023797e+02
3.470000e-06	5.441701e-06	1.542069e-09	3.775801e+01	1.023496e+02
3.480000e-06	5.449908e-06	1.541999e-09	3.781496e+01	1.023197e+02
3.490000e-06	5.457857e-06	1.541058e-09	3.787011e+01	1.022904e+02
3.500000e-06	5.465575e-06	1.539110e-09	3.792366e+01	1.022620e+02
3.510000e-06	5.473044e-06	1.537785e-09	3.797548e+01	1.022348e+02
3.520000e-06	5.480176e-06	1.539480e-09	3.802497e+01	1.022090e+02
3.530000e-06	5.486892e-06	1.543748e-09	3.807157e+01	1.021849e+02
3.540000e-06	5.493210e-06	1.547792e-09	3.811541e+01	1.021626e+02
3.550000e-06	5.499208e-06	1.550881e-09	3.815703e+01	1.021420e+02
3.560000e-06	5.504860e-06	1.552955e-09	3.819625e+01	1.021233e+02
3.570000e-06	5.510056e-06	1.553125e-09	3.823229e+01	1.021063e+02
3.580000e-06	5.514823e-06	1.553786e-09	3.826537e+01	1.020908e+02
3.590000e-06	5.519202e-06	1.554408e-09	3.829576e+01	1.020767e+02
3.600000e-06	5.523220e-06	1.553208e-09	3.832364e+01	1.020635e+02
3.610000e-06	5.527031e-06	1.551647e-09	3.835008e+01	1.020511e+02
3.620000e-06	5.530728e-06	1.550832e-09	3.837573e+01	1.020388e+02
3.630000e-06	5.534162e-06	1.551096e-09	3.839956e+01	1.020263e+02
3.640000e-06	5.537110e-06	1.552408e-09	3.842002e+01	1.020130e+02
3.650000e-06	5.539424e-06	1.554638e-09	3.843608e+01	1.019983e+02
3.660000e-06	5.541131e-06	1.555693e-09	3.844792e+01	1.019817e+02
3.670000e-06	5.542232e-06	1.555503e-09	3.845556e+01	1.019626e+02
3.680000e-06	5.542738e-06	1.556093e-09	3.845907e+01	1.019403e+02
3.690000e-06	5.542872e-06	1.554258e-09	3.846000e+01	1.019143e+02
3.700000e-06	5.542777e-06	1.552175e-09	3.845934e+01	1.018839e+02
3.710000e-06	5.542452e-06	1.551876e-09	3.845708e+01	1.018487e+02
3.720000e-06	5.541823e-06	1.553173e-09	3.845272e+01	1.018081e+02
3.730000e-06	5.540817e-06	1.556264e-09	3.844574e+01	1.017616e+02
3.740000e-06	5.539379e-06	1.557036e-09	3.843576e+01	1.017088e+02
3.750000e-06	5.537560e-06	1.559594e-09	3.842314e+01	1.016495e+02
3.760000e-06	5.535459e-06	1.564231e-09	3.840856e+01	1.015833e+02
3.770000e-06	5.533028e-06	1.578392e-09	3.839169e+01	1.015101e+02
3.780000e-06	5.530181e-06	1.575033e-09	3.837194e+01	1.014297e+02
3.790000e-06	5.526881e-06	1.451281e-09	3.834904e+01	1.013422e+02
3.800000e-06	5.523093e-06	1.376020e-09	3.832276e+01	1.012476e+02
3.810000e-06	5.518843e-06	1.548520e-09	3.829327e+01	1.011460e+02
3.820000e-06	5.514372e-06	1.630392e-09	3.826225e+01	1.010377e+02
3.830000e-06	5.509905e-06	1.550576e-09	3.823125e+01	1.009229e+02
3.840000e-06	5.505137e-06	1.433562e-09	3.819817e+01	1.008020e+02
3.850000e-06	5.499446e-06	1.485769e-09	3.815868e+01	1.006754e+02
3.860000e-06	5.493019e-06	1.632595e-09	3.811408e+01	1.005436e+02
3.870000e-06	5.486598e-06	1.504344e-09	3.806953e+01	1.004070e+02
3.880000e-06	5.479901e-06	1.415748e-09	3.802306e+01	1.002662e+02
3.890000e-06	5.472396e-06	1.558109e-09	3.797099e+01	1.001217e+02
3.900000e-06	5.464418e-06	1.733275e-09	3.791564e+01	9.997400e+01
3.910000e-06	5.456286e-06	1.531153e-09	3.785921e+01	9.982375e+01
3.920000e-06	5.447838e-06	1.329531e-09	3.780059e+01	9.967140e+01
3.930000e-06	5.438849e-06	1.478706e-09	3.773822e+01	9.951747e+01
3.940000e-06	5.429588e-06	1.653331e-09	3.767396e+01	9.936240e+01
3.950000e-06	5.420316e-06	1.552899e-09	3.760962e+01	9.920662e+01
3.960000e-06	5.410544e-06	1.436247e-09	3.754182e+01	9.905049e+01
3.970000e-06	5.400036e-06	1.558533e-09	3.746891e+01	9.889431e+01
3.980000e-06	5.389289e-06	1.581263e-09	3.739434e+01	9.873835e+01
3.990000e-06	5.378352e-06	1.461531e-09	3.731845e+01	9.858278e+01
4.000000e-06	5.366813e-06	1.423764e-09	3.723839e+01	9.842772e+01
4.010000e-06	5.354731e-06	1.528198e-09	3.715455e+01	9.827323e+01
4.020000e-06	5.342473e-06	1.532657e-09	3.706950e+01	9.811932e+01
4.030000e-06	5.329831e-06	1.492048e-09	3.698178e+01	9.796590e+01
4.040000e-06	5.316372e-06	1.479722e-09	3.688840e+01	9.781288e+01
4.050000e-06	5.302438e-06	1.522286e-09	3.679171e+01	9.766010e+01
4.060000e-06	5.288210e-06	1.513787e-09	3.669299e+01	9.750734e+01
4.070000e-06	5.273244e-06	1.474295e-09	3.658914e+01	9.735438e+01
4.080000e-06	5.257611e-06	1.440368e-09	3.648068e+01	9.720096e+01
4.090000e-06	5.241763e-06	1.543559e-09	3.637071e+01	9.704682e+01
4.100000e-06	5.225667e-06	1.581548e-09	3.625902e+01	9.689169e+01
4.110000e-06	5.209134e-06	1.444863e-09	3.614431e+01	9.673530e+01
4.120000e-06	5.192306e-06	1.416447e-09	3.602755e+01	9.657740e+01
4.130000e-06	5.175331e-06	1.574648e-09	3.590976e+01	9.641775e+01
4.140000e-06	5.157941e-06	1.533803e-09	3.578910e+01	9.625617e+01
4.150000e-06	5.140047e-06	1.383593e-09	3.566494e+01	9.609249e+01
4.160000e-06	5.121908e-06	1.515513e-09	3.553908e+01	9.592659e+01
4.170000e-06	5.103456e-06	1.596777e-09	3.541104e+01	9.575839e+01
4.180000e-06	5.084503e-06	1.407778e-09	3.527954e+01	9.558787e+01
4.190000e-06	5.065224e-06	1.425183e-09	3.514577e+01	9.541506e+01
4.200000e-06	5.045714e-06	1.613411e-09	3.501039e+01	9.524003e+01
4.210000e-06	5.025900e-06	1.464545e-09	3.487292e+01	9.506289e+01
4.220000e-06	5.005884e-06	1.363435e-09	3.473403e+01	9.488382e+01
4.230000e-06	4.985700e-06	1.554364e-09	3.459398e+01	9.470302e+01
4.240000e-06	4.965137e-06	1.534422e-09	3.445130e+01	9.452073e+01
4.250000e-06	4.944088e-06	1.354601e-09	3.430525e+01	9.433720e+01
4.260000e-06	4.922652e-06	1.496724e-09	3.415651e+01	9.415273e+01
4.270000e-06	4.900667e-06	1.555318e-09	3.400397e+01	9.396761e+01
4.280000e-06	4.877899e-06	1.376103e-09	3.384599e+01	9.378211e+01
4.290000e-06	4.854631e-06	1.423308e-09	3.368454e+01	9.359653e+01
4.300000e-06	4.831143e-06	1.561708e-09	3.352157e+01	9.341112e+01
4.310000e-06	4.807363e-06	1.413046e-09	3.335657e+01	9.322611e+01
4.320000e-06	4.783374e-06	1.372711e-09	3.319011e+01	9.304169e+01
4.330000e-06	4.759204e-06	1.511937e-09	3.302241e+01	9.285801e+01
4.340000e-06	4.734723e-06	1.470217e-09	3.285254e+01	9.267514e+01
4.350000e-06	4.709855e-06	1.383759e-09	3.267999e+01	9.249313e+01
4.360000e-06	4.684593e-06	1.473488e-09	3.250471e+01	9.231192e+01
4.370000e-06	4.658996e-06	1.475197e-09	3.232710e+01	9.213142e+01
4.380000e-06	4.633084e-06	1.398008e-09	3.214731e+01	9.195144e+01
4.390000e-06	4.606889e-06	1.435883e-09	3.196555e+01	9.177174e+01
4.400000e-06	4.580437e-06	1.471804e-09	3.178200e+01	9.159198e+01
4.410000e-06	4.553600e-06	1.413280e-09	3.159579e+01	9.141179e+01
4.420000e-06	4.526384e-06	1.402131e-09	3.140695e+01	9.123071e+01
4.430000e-06	4.498904e-06	1.430109e-09	3.121628e+01	9.104824e+01
4.440000e-06	4.471126e-06	1.412126e-09	3.102354e+01	9.086381e+01
4.450000e-06	4.443139e-06	1.401118e-09	3.082935e+01	9.067683e+01
4.460000e-06	4.415019e-06	1.419733e-09	3.063423e+01	9.048668e+01
4.470000e-06	4.386694e-06	1.419393e-09	3.043769e+01	9.029271e+01
4.480000e-06	4.358068e-06	1.403291e-09	3.023907e+01	9.009428e+01
4.490000e-06	4.329012e-06	1.413182e-09	3.003746e+01	8.989073e+01
4.500000e-06	4.299489e-06	1.409851e-09	2.983261e+01	8.968144e+01
4.510000e-06	4.269461e-06	1.390594e-09	2.962425e+01	8.946580e+01
4.520000e-06	4.238975e-06	1.387357e-09	2.941273e+01	8.924326e+01
4.530000e-06	4.208089e-06	1.397534e-09	2.919842e+01	8.901332e+01
4.540000e-06	4.176724e-06	1.384893e-09	2.898079e+01	8.877552e+01
4.550000e-06	4.144976e-06	1.389345e-09	2.876050e+01	8.852949e+01
4.560000e-06	4.113058e-06	1.395678e-09	2.853903e+01	8.827494e+01
4.570000e-06	4.080995e-06	1.380417e-09	2.831656e+01	8.801165e+01
4.580000e-06	4.048787e-06	1.367830e-09	2.809308e+01	8.773951e+01
4.590000e-06	4.016375e-06	1.381401e-09	2.786818e+01	8.745847e+01
4.600000e-06	3.983688e-06	1.370254e-09	2.764138e+01	8.716860e+01
4.610000e-06	3.950664e-06	1.356792e-09	2.741223e+01	8.687006e+01
4.620000e-06	3.917312e-06	1.362515e-09	2.718082e+01	8.656308e+01
4.630000e-06	3.883760e-06	1.361787e-09	2.694802e+01	8.624800e+01
4.640000e-06	3.849967e-06	1.342827e-09	2.671353e+01	8.592523e+01
4.650000e-06	3.815969e-06	1.345805e-09	2.647764e+01	8.559523e+01
4.660000e-06	3.781759e-06	1.350305e-09	2.624027e+01	8.525856e+01
4.670000e-06	3.747200e-06	1.335147e-09	2.600047e+01	8.491580e+01
4.680000e-06	3.712328e-06	1.329988e-09	2.575851e+01	8.456758e+01
4.690000e-06	3.677228e-06	1.346229e-09	2.551497e+01	8.421458e+01
4.700000e-06	3.641874e-06	1.340934e-09	2.526966e+01	8.385747e+01
4.710000e-06	3.606273e-06	1.322668e-09	2.502264e+01	8.349693e+01
4.720000e-06	3.570491e-06	1.325440e-09	2.477436e+01	8.313364e+01
4.730000e-06	3.534559e-06	1.324795e-09	2.452504e+01	8.276825e+01
4.740000e-06	3.498497e-06	1.308923e-09	2.427481e+01	8.240139e+01
4.750000e-06	3.462321e-06	1.306757e-09	2.402380e+01	8.203362e+01
4.760000e-06	3.425959e-06	1.312960e-09	2.377150e+01	8.166547e+01
4.770000e-06	3.389360e-06	1.301143e-09	2.351755e+01	8.129740e+01
4.780000e-06	3.352405e-06	1.294652e-09	2.326113e+01	8.092979e+01
4.790000e-06	3.315083e-06	1.300697e-09	2.300217e+01	8.056294e+01
4.800000e-06	3.277400e-06	1.299738e-09	2.274070e+01	8.019709e+01
4.810000e-06	3.239247e-06	1.288616e-09	2.247597e+01	7.983237e+01
4.820000e-06	3.200710e-06	1.289173e-09	2.220857e+01	7.946882e+01
4.830000e-06	3.161878e-06	1.286081e-09	2.193914e+01	7.910640e+01
4.840000e-06	3.122715e-06	1.275420e-09	2.166740e+01	7.874499e+01
4.850000e-06	3.083236e-06	1.268922e-09	2.139347e+01	7.838437e+01
4.860000e-06	3.043507e-06	1.269507e-09	2.111780e+01	7.802423e+01
4.870000e-06	3.003582e-06	1.260699e-09	2.084077e+01	7.766422e+01
4.880000e-06	2.963594e-06	1.253024e-09	2.056331e+01	7.730389e+01
4.890000e-06	2.923497e-06	1.252273e-09	2.028510e+01	7.694273e+01
4.900000e-06	2.883235e-06	1.247471e-09	2.000573e+01	7.658021e+01
4.910000e-06	2.842825e-06	1.234422e-09	1.972534e+01	7.621570e+01
4.920000e-06	2.802302e-06	1.228394e-09	1.944417e+01	7.584859e+01
4.930000e-06	2.761624e-06	1.224462e-09	1.916192e+01	7.547822e+01
4.940000e-06	2.720710e-06	1.218826e-09	1.887803e+01	7.510390e+01
4.950000e-06	2.679567e-06	1.217071e-09	1.859255e+01	7.472497e+01
4.960000e-06	2.638293e-06	1.220080e-09	1.830617e+01	7.434074e+01
4.970000e-06	2.596927e-06	1.215356e-09	1.801914e+01	7.395055e+01
4.980000e-06	2.555351e-06	1.205935e-09	1.773066e+01	7.355375e+01
4.990000e-06	2.513504e-06	1.200013e-09	1.744030e+01	7.314972e+01
5.000000e-06	2.471480e-06	1.193692e-09	1.714871e+01	7.273787e+01
5.010000e-06	2.429318e-06	1.184588e-09	1.685616e+01	7.231765e+01
5.020000e-06	2.387000e-06	1.178066e-09	1.656254e+01	7.188853e+01
5.030000e-06	2.344468e-06	1.175892e-09	1.626742e+01	7.145006e+01
5.040000e-06	2.301727e-06	1.173067e-09	1.597086e+01	7.100181e+01
5.050000e-06	2.258865e-06	1.168839e-09	1.567345e+01	7.054340e+01
5.060000e-06	2.215926e-06	1.163209e-09	1.537552e+01	7.007450e+01
5.070000e-06	2.172764e-06	1.152999e-09	1.507603e+01	6.959481e+01
5.080000e-06	2.129381e-06	1.138527e-09	1.477501e+01	6.910409e+01
5.090000e-06	2.085962e-06	1.129705e-09	1.447374e+01	6.860212e+01
5.100000e-06	2.042450e-06	1.122260e-09	1.417183e+01	6.808874e+01
5.110000e-06	1.998770e-06	1.112980e-09	1.386874e+01	6.756379e+01
5.120000e-06	1.954939e-06	1.106638e-09	1.356462e+01	6.702715e+01
5.130000e-06	1.911026e-06	1.105454e-09	1.325992e+01	6.647871e+01
5.140000e-06	1.867063e-06	1.099641e-09	1.295488e+01	6.591838e+01
5.150000e-06	1.823039e-06	1.090710e-09	1.264941e+01	6.534609e+01
5.160000e-06	1.778923e-06	1.080908e-09	1.234331e+01	6.476173e+01
5.170000e-06	1.734783e-06	1.071064e-09	1.203703e+01	6.416523e+01
5.180000e-06	1.690576e-06	1.060908e-09	1.173030e+01	6.355648e+01
5.190000e-06	1.646284e-06	1.054114e-09	1.142297e+01	6.293537e+01
5.200000e-06	1.601905e-06	1.047428e-09	1.111505e+01	6.230174e+01
5.210000e-06	1.557364e-06	1.036990e-09	1.080599e+01	6.165544e+01
5.220000e-06	1.512676e-06	1.024134e-09	1.049592e+01	6.099625e+01
5.230000e-06	1.467914e-06	1.012434e-09	1.018533e+01	6.032395e+01
5.240000e-06	1.423047e-06	1.003243e-09	9.874009e+00	5.963824e+01
5.250000e-06	1.378088e-06	9.950306e-10	9.562056e+00	5.893880e+01
5.260000e-06	1.333153e-06	9.877777e-10	9.250267e+00	5.822527e+01
5.270000e-06	1.288112e-06	9.794666e-10	8.937744e+00	5.749722e+01
5.280000e-06	1.242895e-06	9.725160e-10	8.624002e+00	5.675417e+01
5.290000e-06	1.197576e-06	9.638656e-10	8.309548e+00	5.599561e+01
5.300000e-06	1.152118e-06	9.495026e-10	7.994130e+00	5.522095e+01
5.310000e-06	1.106488e-06	9.352665e-10	7.677522e+00	5.442955e+01
5.320000e-06	1.060772e-06	9.220998e-10	7.360314e+00	5.362074e+01
5.330000e-06	1.014967e-06	9.114867e-10	7.042492e+00	5.279376e+01
5.340000e-06	9.690824e-07	9.028194e-10	6.724114e+00	5.194783e+01
5.350000e-06	9.232240e-07	8.893707e-10	6.405920e+00	5.108210e+01
5.360000e-06	8.772848e-07	8.732584e-10	6.087164e+00	5.019568e+01
5.370000e-06	8.311515e-07	8.561094e-10	5.767062e+00	4.928764e+01
5.380000e-06	7.849430e-07	8.404782e-10	5.446438e+00	4.835698e+01
5.390000e-06	7.386698e-07	8.264790e-10	5.125364e+00	4.740271e+01
5.400000e-06	6.923533e-07	8.120759e-10	4.803991e+00	4.642375e+01
5.410000e-06	6.460920e-07	7.992991e-10	4.483000e+00	4.541904e+01
5.420000e-06	5.998016e-07	7.866998e-10	4.161808e+00	4.438748e+01
5.430000e-06	5.534032e-07	7.719906e-10	3.839866e+00	4.332794e+01
5.440000e-06	5.069022e-07	7.535661e-10	3.517212e+00	4.223930e+01
5.450000e-06	4.604223e-07	7.342777e-10	3.194705e+00	4.112044e+01
5.460000e-06	4.140147e-07	7.138971e-10	2.872699e+00	3.997023e+01
5.470000e-06	3.675551e-07	6.945691e-10	2.550332e+00	3.878759e+01
5.480000e-06	3.209313e-07	6.798779e-10	2.226827e+00	3.757145e+01
5.490000e-06	2.742826e-07	6.664803e-10	1.903148e+00	3.632077e+01
5.500000e-06	2.276909e-07	6.474484e-10	1.579865e+00	3.503459e+01
5.510000e-06	1.810831e-07	6.233686e-10	1.256471e+00	3.371198e+01
5.520000e-06	1.345189e-07	5.977027e-10	9.333781e-01	3.235213e+01
5.530000e-06	8.798734e-08	5.683428e-10	6.105125e-01	3.095427e+01
5.540000e-06	4.141446e-08	5.404415e-10	2.873601e-01	2.951778e+01
5.550000e-06	-5.191081e-09	5.186326e-10	-3.601904e-02	2.804213e+01
5.560000e-06	-5.182951e-08	4.999180e-10	-3.596263e-01	2.652692e+01
5.570000e-06	-9.845291e-08	4.769209e-10	-6.831293e-01	2.497191e+01
5.580000e-06	-1.450611e-07	4.501856e-10	-1.006527e+00	2.337699e+01
5.590000e-06	-1.916427e-07	4.209178e-10	-1.329740e+00	2.174223e+01
5.600000e-06	-2.381673e-07	3.898981e-10	-1.652557e+00	2.006789e+01
5.610000e-06	-2.847268e-07	3.616200e-10	-1.975617e+00	1.835439e+01
5.620000e-06	-3.313039e-07	3.324019e-10	-2.298798e+00	1.660235e+01
5.630000e-06	-3.778648e-07	3.011078e-10	-2.621868e+00	1.481262e+01
5.640000e-06	-4.243786e-07	2.688090e-10	-2.944610e+00	1.298623e+01
5.650000e-06	-4.708200e-07	2.363382e-10	-3.266851e+00	1.112441e+01
5.660000e-06	-5.172579e-07	2.012923e-10	-3.589067e+00	9.228636e+00
5.670000e-06	-5.636181e-07	1.663591e-10	-3.910744e+00	7.300563e+00
5.680000e-06	-6.098619e-07	1.339035e-10	-4.231612e+00	5.342065e+00
5.690000e-06	-6.562006e-07	1.001508e-10	-4.553140e+00	3.355216e+00
5.700000e-06	-7.025297e-07	6.253352e-11	-4.874601e+00	1.342281e+00
5.710000e-06	-7.486640e-07	2.298026e-11	-5.194711e+00	-6.942919e-01
5.720000e-06	-7.947207e-07	-1.422662e-11	-5.514282e+00	-2.751885e+00
5.730000e-06	-8.407503e-07	-4.977016e-11	-5.833664e+00	-4.827725e+00
5.740000e-06	-8.867477e-07	-8.353611e-11	-6.152823e+00	-6.918900e+00
5.750000e-06	-9.327311e-07	-1.158720e-10	-6.471886e+00	-9.022380e+00
5.760000e-06	-9.786508e-07	-1.495018e-10	-6.790506e+00	-1.113504e+01
5.770000e-06	-1.024421e-06	-1.871091e-10	-7.108087e+00	-1.325366e+01
5.780000e-06	-1.070022e-06	-2.251621e-10	-7.424501e+00	-1.537499e+01
5.790000e-06	-1.115541e-06	-2.614786e-10	-7.740337e+00	-1.749573e+01
5.800000e-06	-1.161055e-06	-2.954278e-10	-8.056142e+00	-1.961259e+01
5.810000e-06	-1.206433e-06	-3.310515e-10	-8.371005e+00	-2.172229e+01
5.820000e-06	-1.251617e-06	-3.671876e-10	-8.684519e+00	-2.382159e+01
5.830000e-06	-1.296619e-06	-4.021996e-10	-8.996772e+00	-2.590734e+01
5.840000e-06	-1.341444e-06	-4.375016e-10	-9.307801e+00	-2.797646e+01
5.850000e-06	-1.386212e-06	-4.730552e-10	-9.618427e+00	-3.002598e+01
5.860000e-06	-1.430983e-06	-5.085103e-10	-9.929080e+00	-3.205310e+01
5.870000e-06	-1.475646e-06	-5.435926e-10	-1.023898e+01	-3.405514e+01
5.880000e-06	-1.520235e-06	-5.767456e-10	-1.054837e+01	-3.602961e+01
5.890000e-06	-1.564805e-06	-6.058376e-10	-1.085762e+01	-3.797420e+01
5.900000e-06	-1.609258e-06	-6.362174e-10	-1.116607e+01	-3.988682e+01
5.910000e-06	-1.653611e-06	-6.676187e-10	-1.147381e+01	-4.176556e+01
5.920000e-06	-1.697906e-06	-6.993255e-10	-1.178116e+01	-4.360877e+01
5.930000e-06	-1.742082e-06	-7.325455e-10	-1.208768e+01	-4.541499e+01
5.940000e-06	-1.786116e-06	-7.672028e-10	-1.239322e+01	-4.718300e+01
5.950000e-06	-1.830092e-06	-7.980713e-10	-1.269835e+01	-4.891182e+01
5.960000e-06	-1.874078e-06	-8.249866e-10	-1.300355e+01	-5.060065e+01
5.970000e-06	-1.918028e-06	-8.533928e-10	-1.330851e+01	-5.224896e+01
5.980000e-06	-1.961918e-06	-8.815606e-10	-1.361304e+01	-5.385640e+01
5.990000e-06	-2.005742e-06	-9.082588e-10	-1.391713e+01	-5.542281e+01
6.000000e-06	-2.049406e-06	-9.328985e-10	-1.422009e+01	-5.694825e+01
6.010000e-06	-2.092943e-06	-9.567096e-10	-1.452218e+01	-5.843291e+01
6.020000e-06	-2.136342e-06	-9.795697e-10	-1.482331e+01	-5.987716e+01
6.030000e-06	-2.179488e-06	-1.002210e-09	-1.512268e+01	-6.128152e+01
6.040000e-06	-2.222475e-06	-1.025630e-09	-1.542095e+01	-6.264660e+01
6.050000e-06	-2.265393e-06	-1.049118e-09	-1.571875e+01	-6.397315e+01
6.060000e-06	-2.308113e-06	-1.070321e-09	-1.601517e+01	-6.526196e+01
6.070000e-06	-2.350569e-06	-1.087920e-09	-1.630976e+01	-6.651394e+01
6.080000e-06	-2.392870e-06	-1.104775e-09	-1.660326e+01	-6.773000e+01
6.090000e-06	-2.435060e-06	-1.121126e-09	-1.689600e+01	-6.891113e+01
6.100000e-06	-2.477049e-06	-1.137403e-09	-1.718735e+01	-7.005829e+01
6.110000e-06	-2.518883e-06	-1.156770e-09	-1.747763e+01	-7.117248e+01
6.120000e-06	-2.560596e-06	-1.178490e-09	-1.776706e+01	-7.225468e+01
6.130000e-06	-2.602092e-06	-1.200927e-09	-1.805498e+01	-7.330583e+01
6.140000e-06	-2.643388e-06	-1.220428e-09	-1.834152e+01	-7.432685e+01
6.150000e-06	-2.684524e-06	-1.235291e-09	-1.862695e+01	-7.531864e+01
6.160000e-06	-2.725422e-06	-1.248181e-09	-1.891072e+01	-7.628201e+01
6.170000e-06	-2.766000e-06	-1.262295e-09	-1.919228e+01	-7.721776e+01
6.180000e-06	-2.806382e-06	-1.278873e-09	-1.947248e+01	-7.812661e+01
6.190000e-06	-2.846684e-06	-1.295903e-09	-1.975212e+01	-7.900925e+01
6.200000e-06	-2.886844e-06	-1.312599e-09	-2.003077e+01	-7.986629e+01
6.210000e-06	-2.926890e-06	-1.327772e-09	-2.030864e+01	-8.069831e+01
6.220000e-06	-2.966892e-06	-1.340799e-09	-2.058620e+01	-8.150583e+01
6.230000e-06	-3.006787e-06	-1.354059e-09	-2.086301e+01	-8.228934e+01
6.240000e-06	-3.046511e-06	-1.368197e-09	-2.113865e+01	-8.304928e+01
6.250000e-06	-3.086007e-06	-1.382226e-09	-2.141269e+01	-8.378606e+01
6.260000e-06	-3.125173e-06	-1.395078e-09	-2.168445e+01	-8.450009e+01
6.270000e-06	-3.164048e-06	-1.407686e-09	-2.195419e+01	-8.519172e+01
6.280000e-06	-3.202623e-06	-1.421405e-09	-2.222185e+01	-8.586133e+01
6.290000e-06	-3.240771e-06	-1.431970e-09	-2.248654e+01	-8.650927e+01
6.300000e-06	-3.278519e-06	-1.440013e-09	-2.274846e+01	-8.713591e+01
6.310000e-06	-3.315929e-06	-1.448305e-09	-2.300804e+01	-8.774162e+01
6.320000e-06	-3.353006e-06	-1.458104e-09	-2.326531e+01	-8.832679e+01
6.330000e-06	-3.389668e-06	-1.469652e-09	-2.351969e+01	-8.889181e+01
6.340000e-06	-3.426004e-06	-1.481303e-09	-2.377181e+01	-8.943711e+01
6.350000e-06	-3.462209e-06	-1.493173e-09	-2.402302e+01	-8.996314e+01
6.360000e-06	-3.498339e-06	-1.503347e-09	-2.427372e+01	-9.047037e+01
6.370000e-06	-3.534396e-06	-1.510529e-09	-2.452391e+01	-9.095930e+01
6.380000e-06	-3.570257e-06	-1.517321e-09	-2.477273e+01	-9.143044e+01
6.390000e-06	-3.605843e-06	-1.523854e-09	-2.501965e+01	-9.188434e+01
6.400000e-06	-3.641198e-06	-1.530454e-09	-2.526496e+01	-9.232156e+01
6.410000e-06	-3.676379e-06	-1.539122e-09	-2.550907e+01	-9.274267e+01
6.420000e-06	-3.711339e-06	-1.548759e-09	-2.575165e+01	-9.314827e+01
6.430000e-06	-3.745930e-06	-1.559845e-09	-2.599166e+01	-9.353895e+01
6.440000e-06	-3.780200e-06	-1.571559e-09	-2.622945e+01	-9.391531e+01
6.450000e-06	-3.814230e-06	-1.578400e-09	-2.646557e+01	-9.427793e+01
6.460000e-06	-3.847965e-06	-1.580848e-09	-2.669964e+01	-9.462742e+01
6.470000e-06	-3.881486e-06	-1.583700e-09	-2.693224e+01	-9.496433e+01
6.480000e-06	-3.914786e-06	-1.587730e-09	-2.716330e+01	-9.528923e+01
6.490000e-06	-3.947732e-06	-1.590630e-09	-2.739189e+01	-9.560265e+01
6.500000e-06	-3.980401e-06	-1.595196e-09	-2.761857e+01	-9.590509e+01
6.510000e-06	-4.012841e-06	-1.601439e-09	-2.784366e+01	-9.619703e+01
6.520000e-06	-4.045011e-06	-1.606265e-09	-2.806688e+01	-9.647891e+01
6.530000e-06	-4.077028e-06	-1.611656e-09	-2.828903e+01	-9.675114e+01
6.540000e-06	-4.108923e-06	-1.617341e-09	-2.851034e+01	-9.701410e+01
6.550000e-06	-4.140539e-06	-1.620202e-09	-2.872971e+01	-9.726813e+01
6.560000e-06	-4.171845e-06	-1.620721e-09	-2.894693e+01	-9.751353e+01
6.570000e-06	-4.202774e-06	-1.621222e-09	-2.916154e+01	-9.775057e+01
6.580000e-06	-4.233158e-06	-1.622328e-09	-2.937237e+01	-9.797951e+01
6.590000e-06	-4.263029e-06	-1.622947e-09	-2.957962e+01	-9.820054e+01
6.600000e-06	-4.292512e-06	-1.623406e-09	-2.978420e+01	-9.841386e+01
6.610000e-06	-4.321605e-06	-1.624318e-09	-2.998606e+01	-9.861965e+01
6.620000e-06	-4.350304e-06	-1.624627e-09	-3.018520e+01	-9.881804e+01
6.630000e-06	-4.378698e-06	-1.627019e-09	-3.038221e+01	-9.900918e+01
6.640000e-06	-4.406854e-06	-1.628643e-09	-3.057757e+01	-9.919320e+01
6.650000e-06	-4.434849e-06	-1.628389e-09	-3.077182e+01	-9.937023e+01
6.660000e-06	-4.462707e-06	-1.628782e-09	-3.096512e+01	-9.954038e+01
6.670000e-06	-4.490275e-06	-1.628628e-09	-3.115640e+01	-9.970379e+01
6.680000e-06	-4.517376e-06	-1.626577e-09	-3.134445e+01	-9.986059e+01
6.690000e-06	-4.544113e-06	-1.624958e-09	-3.152997e+01	-1.000109e+02
6.700000e-06	-4.570582e-06	-1.624594e-09	-3.171363e+01	-1.001550e+02
6.710000e-06	-4.596691e-06	-1.625644e-09	-3.189478e+01	-1.002928e+02
6.720000e-06	-4.622496e-06	-1.630562e-09	-3.207384e+01	-1.004247e+02
6.730000e-06	-4.648042e-06	-1.635431e-09	-3.225109e+01	-1.005508e+02
6.740000e-06	-4.673192e-06	-1.636422e-09	-3.242560e+01	-1.006713e+02
6.750000e-06	-4.697996e-06	-1.635443e-09	-3.259771e+01	-1.007865e+02
6.760000e-06	-4.722525e-06	-1.635780e-09	-3.276790e+01	-1.008964e+02
6.770000e-06	-4.746792e-06	-1.635086e-09	-3.293628e+01	-1.010015e+02
6.780000e-06	-4.770860e-06	-1.632154e-09	-3.310328e+01	-1.011017e+02
6.790000e-06	-4.794702e-06	-1.631973e-09	-3.326871e+01	-1.011975e+02
6.800000e-06	-4.818330e-06	-1.632678e-09	-3.343266e+01	-1.012889e+02
6.810000e-06	-4.841568e-06	-1.632808e-09	-3.359390e+01	-1.013763e+02
6.820000e-06	-4.864326e-06	-1.635265e-09	-3.375181e+01	-1.014597e+02
6.830000e-06	-4.886634e-06	-1.637999e-09	-3.390659e+01	-1.015393e+02
6.840000e-06	-4.908317e-06	-1.638552e-09	-3.405705e+01	-1.016153e+02
6.850000e-06	-4.929400e-06	-1.637417e-09	-3.420334e+01	-1.016879e+02
6.860000e-06	-4.950065e-06	-1.637464e-09	-3.434672e+01	-1.017570e+02
6.870000e-06	-4.970425e-06	-1.636986e-09	-3.448800e+01	-1.018228e+02
6.880000e-06	-4.990553e-06	-1.635803e-09	-3.462766e+01	-1.018853e+02
6.890000e-06	-5.010458e-06	-1.636407e-09	-3.476576e+01	-1.019445e+02
6.900000e-06	-5.030114e-06	-1.638392e-09	-3.490216e+01	-1.020004e+02
6.910000e-06	-5.049471e-06	-1.641187e-09	-3.503647e+01	-1.020530e+02
6.920000e-06	-5.068464e-06	-1.645485e-09	-3.516825e+01	-1.021022e+02
6.930000e-06	-5.087084e-06	-1.648710e-09	-3.529745e+01	-1.021479e+02
6.940000e-06	-5.105392e-06	-1.647593e-09	-3.542448e+01	-1.021901e+02
6.950000e-06	-5.123366e-06	-1.643489e-09	-3.554920e+01	-1.022286e+02
6.960000e-06	-5.140960e-06	-1.638881e-09	-3.567127e+01	-1.022633e+02
6.970000e-06	-5.158242e-06	-1.635886e-09	-3.579119e+01	-1.022941e+02
6.980000e-06	-5.175186e-06	-1.636505e-09	-3.590876e+01	-1.023210e+02
6.990000e-06	-5.191762e-06	-1.639882e-09	-3.602377e+01	-1.023437e+02
7.000000e-06	-5.208058e-06	-1.643845e-09	-3.613684e+01	-1.023623e+02
7.010000e-06	-5.224115e-06	-1.645717e-09	-3.624826e+01	-1.023767e+02
7.020000e-06	-5.239916e-06	-1.644855e-09	-3.635790e+01	-1.023868e+02
7.030000e-06	-5.255357e-06	-1.641279e-09	-3.646504e+01	-1.023927e+02
7.040000e-06	-5.270300e-06	-1.635401e-09	-3.656872e+01	-1.023945e+02
7.050000e-06	-5.284632e-06	-1.632597e-09	-3.666816e+01	-1.023922e+02
7.060000e-06	-5.298281e-06	-1.634823e-09	-3.676287e+01	-1.023860e+02
7.070000e-06	-5.311306e-06	-1.638942e-09	-3.685324e+01	-1.023760e+02
7.080000e-06	-5.323860e-06	-1.641155e-09	-3.694035e+01	-1.023624e+02
7.090000e-06	-5.336117e-06	-1.640306e-09	-3.702540e+01	-1.023456e+02
7.100000e-06	-5.348026e-06	-1.636460e-09	-3.710803e+01	-1.023258e+02
7.110000e-06	-5.359493e-06	-1.630743e-09	-3.718759e+01	-1.023034e+02
7.120000e-06	-5.370634e-06	-1.624229e-09	-3.726490e+01	-1.022787e+02
7.130000e-06	-5.381422e-06	-1.619069e-09	-3.733975e+01	-1.022521e+02
7.140000e-06	-5.391770e-06	-1.616986e-09	-3.741156e+01	-1.022240e+02
7.150000e-06	-5.401719e-06	-1.618997e-09	-3.748059e+01	-1.021949e+02
7.160000e-06	-5.411340e-06	-1.624116e-09	-3.754734e+01	-1.021651e+02
7.170000e-06	-5.420625e-06	-1.627053e-09	-3.761177e+01	-1.021351e+02
7.180000e-06	-5.429430e-06	-1.625673e-09	-3.767286e+01	-1.021052e+02
7.190000e-06	-5.437821e-06	-1.622185e-09	-3.773108e+01	-1.020759e+02
7.200000e-06	-5.446024e-06	-1.617530e-09	-3.778800e+01	-1.020475e+02
7.210000e-06	-5.454010e-06	-1.612520e-09	-3.784342e+01	-1.020203e+02
7.220000e-06	-5.461734e-06	-1.608341e-09	-3.789701e+01	-1.019945e+02
7.230000e-06	-5.469100e-06	-1.606957e-09	-3.794812e+01	-1.019703e+02
7.240000e-06	-5.475964e-06	-1.608956e-09	-3.799574e+01	-1.019479e+02
7.250000e-06	-5.482239e-06	-1.611388e-09	-3.803929e+01	-1.019273e+02
7.260000e-06	-5.487877e-06	-1.610768e-09	-3.807840e+01	-1.019084e+02
7.270000e-06	-5.492907e-06	-1.607268e-09	-3.811331e+01	-1.018914e+02
7.280000e-06	-5.497497e-06	-1.603125e-09	-3.814515e+01	-1.018758e+02
7.290000e-06	-5.501782e-06	-1.598078e-09	-3.817489e+01	-1.018617e+02
7.300000e-06	-5.505821e-06	-1.591974e-09	-3.820292e+01	-1.018485e+02
7.310000e-06	-5.509640e-06	-1.585458e-09	-3.822941e+01	-1.018361e+02
7.320000e-06	-5.513151e-06	-1.580377e-09	-3.825377e+01	-1.018239e+02
7.330000e-06	-5.516262e-06	-1.579960e-09	-3.827536e+01	-1.018115e+02
7.340000e-06	-5.518938e-06	-1.583082e-09	-3.829392e+01	-1.017984e+02
7.350000e-06	-5.521255e-06	-1.587643e-09	-3.831000e+01	-1.017839e+02
7.360000e-06	-5.523282e-06	-1.589081e-09	-3.832407e+01	-1.017676e+02
7.370000e-06	-5.524997e-06	-1.584536e-09	-3.833597e+01	-1.017488e+02
7.380000e-06	-5.526250e-06	-1.577072e-09	-3.834466e+01	-1.017269e+02
7.390000e-06	-5.527051e-06	-1.571377e-09	-3.835022e+01	-1.017012e+02
7.400000e-06	-5.527529e-06	-1.566783e-09	-3.835354e+01	-1.016713e+02
