# Temperatura_=_11.98
# Concentracion g/m^3_=_1620.0
# C_Vs_to_Am_M_A/Vsm_=_65563218390.804596
# pendiente_HvsI_1/m_=_3716.3
# ordenada_HvsI_A/m_=_1297.0
# frecuencia_Hz_=_135107.2620285189

Tiempo_(s)	Campo_(V.s)	Magnetizacion_(V.s)	Campo_(kA/m)	Magnetizacion_(A/m)
0.000000e+00	-5.540385e-06	-1.780627e-09	-3.836495e+01	-1.165538e+02
1.000000e-08	-5.540546e-06	-1.777135e-09	-3.836606e+01	-1.165294e+02
2.000000e-08	-5.540402e-06	-1.778065e-09	-3.836506e+01	-1.165026e+02
3.000000e-08	-5.539899e-06	-1.782874e-09	-3.836158e+01	-1.164730e+02
4.000000e-08	-5.538933e-06	-1.786675e-09	-3.835489e+01	-1.164403e+02
5.000000e-08	-5.537431e-06	-1.786463e-09	-3.834449e+01	-1.164043e+02
6.000000e-08	-5.535403e-06	-1.790497e-09	-3.833045e+01	-1.163646e+02
7.000000e-08	-5.532827e-06	-1.802161e-09	-3.831261e+01	-1.163209e+02
8.000000e-08	-5.529663e-06	-1.786809e-09	-3.829070e+01	-1.162728e+02
9.000000e-08	-5.526050e-06	-1.733548e-09	-3.826568e+01	-1.162200e+02
1.000000e-07	-5.522063e-06	-1.743257e-09	-3.823807e+01	-1.161623e+02
1.100000e-07	-5.517744e-06	-1.822047e-09	-3.820817e+01	-1.160993e+02
1.200000e-07	-5.513128e-06	-1.829424e-09	-3.817620e+01	-1.160309e+02
1.300000e-07	-5.508235e-06	-1.750371e-09	-3.814232e+01	-1.159566e+02
1.400000e-07	-5.502999e-06	-1.701754e-09	-3.810607e+01	-1.158765e+02
1.500000e-07	-5.497345e-06	-1.811177e-09	-3.806691e+01	-1.157901e+02
1.600000e-07	-5.491330e-06	-1.850400e-09	-3.802526e+01	-1.156975e+02
1.700000e-07	-5.484937e-06	-1.773158e-09	-3.798099e+01	-1.155985e+02
1.800000e-07	-5.478071e-06	-1.693296e-09	-3.793344e+01	-1.154930e+02
1.900000e-07	-5.470827e-06	-1.760554e-09	-3.788328e+01	-1.153810e+02
2.000000e-07	-5.463325e-06	-1.823925e-09	-3.783133e+01	-1.152625e+02
2.100000e-07	-5.455513e-06	-1.777520e-09	-3.777724e+01	-1.151375e+02
2.200000e-07	-5.447440e-06	-1.723970e-09	-3.772134e+01	-1.150061e+02
2.300000e-07	-5.439110e-06	-1.755332e-09	-3.766365e+01	-1.148684e+02
2.400000e-07	-5.430309e-06	-1.803569e-09	-3.760271e+01	-1.147245e+02
2.500000e-07	-5.420936e-06	-1.763557e-09	-3.753781e+01	-1.145746e+02
2.600000e-07	-5.410980e-06	-1.725312e-09	-3.746887e+01	-1.144188e+02
2.700000e-07	-5.400365e-06	-1.737486e-09	-3.739536e+01	-1.142575e+02
2.800000e-07	-5.389137e-06	-1.768985e-09	-3.731762e+01	-1.140908e+02
2.900000e-07	-5.377509e-06	-1.736928e-09	-3.723710e+01	-1.139189e+02
3.000000e-07	-5.365573e-06	-1.720960e-09	-3.715445e+01	-1.137422e+02
3.100000e-07	-5.353195e-06	-1.728826e-09	-3.706873e+01	-1.135609e+02
3.200000e-07	-5.340397e-06	-1.749679e-09	-3.698011e+01	-1.133752e+02
3.300000e-07	-5.327193e-06	-1.711999e-09	-3.688868e+01	-1.131856e+02
3.400000e-07	-5.313586e-06	-1.699471e-09	-3.679446e+01	-1.129922e+02
3.500000e-07	-5.299694e-06	-1.713959e-09	-3.669826e+01	-1.127954e+02
3.600000e-07	-5.285406e-06	-1.732931e-09	-3.659932e+01	-1.125954e+02
3.700000e-07	-5.270548e-06	-1.699745e-09	-3.649643e+01	-1.123925e+02
3.800000e-07	-5.255171e-06	-1.703721e-09	-3.638995e+01	-1.121869e+02
3.900000e-07	-5.239297e-06	-1.719933e-09	-3.628003e+01	-1.119789e+02
4.000000e-07	-5.222949e-06	-1.697715e-09	-3.616683e+01	-1.117687e+02
4.100000e-07	-5.206219e-06	-1.666451e-09	-3.605098e+01	-1.115565e+02
4.200000e-07	-5.189147e-06	-1.709782e-09	-3.593276e+01	-1.113426e+02
4.300000e-07	-5.171770e-06	-1.732029e-09	-3.581243e+01	-1.111270e+02
4.400000e-07	-5.154043e-06	-1.685181e-09	-3.568968e+01	-1.109099e+02
4.500000e-07	-5.135896e-06	-1.684758e-09	-3.556402e+01	-1.106915e+02
4.600000e-07	-5.117324e-06	-1.725559e-09	-3.543542e+01	-1.104718e+02
4.700000e-07	-5.098389e-06	-1.700933e-09	-3.530430e+01	-1.102510e+02
4.800000e-07	-5.079117e-06	-1.659414e-09	-3.517085e+01	-1.100291e+02
4.900000e-07	-5.059597e-06	-1.691135e-09	-3.503568e+01	-1.098061e+02
5.000000e-07	-5.039881e-06	-1.691561e-09	-3.489916e+01	-1.095821e+02
5.100000e-07	-5.019940e-06	-1.653460e-09	-3.476107e+01	-1.093570e+02
5.200000e-07	-4.999729e-06	-1.665234e-09	-3.462112e+01	-1.091310e+02
5.300000e-07	-4.979180e-06	-1.692030e-09	-3.447883e+01	-1.089039e+02
5.400000e-07	-4.958188e-06	-1.650262e-09	-3.433347e+01	-1.086757e+02
5.500000e-07	-4.936769e-06	-1.651578e-09	-3.418515e+01	-1.084463e+02
5.600000e-07	-4.915006e-06	-1.690462e-09	-3.403444e+01	-1.082157e+02
5.700000e-07	-4.892931e-06	-1.672275e-09	-3.388159e+01	-1.079839e+02
5.800000e-07	-4.870607e-06	-1.630233e-09	-3.372700e+01	-1.077506e+02
5.900000e-07	-4.847922e-06	-1.652978e-09	-3.356992e+01	-1.075159e+02
6.000000e-07	-4.824828e-06	-1.649368e-09	-3.341000e+01	-1.072795e+02
6.100000e-07	-4.801446e-06	-1.612538e-09	-3.324809e+01	-1.070415e+02
6.200000e-07	-4.777825e-06	-1.615899e-09	-3.308452e+01	-1.068016e+02
6.300000e-07	-4.753985e-06	-1.639488e-09	-3.291944e+01	-1.065598e+02
6.400000e-07	-4.729932e-06	-1.618595e-09	-3.275289e+01	-1.063159e+02
6.500000e-07	-4.705593e-06	-1.614707e-09	-3.258435e+01	-1.060698e+02
6.600000e-07	-4.680783e-06	-1.626155e-09	-3.241255e+01	-1.058213e+02
6.700000e-07	-4.655421e-06	-1.606880e-09	-3.223692e+01	-1.055703e+02
6.800000e-07	-4.629469e-06	-1.583943e-09	-3.205722e+01	-1.053165e+02
6.900000e-07	-4.602991e-06	-1.592669e-09	-3.187387e+01	-1.050600e+02
7.000000e-07	-4.576096e-06	-1.589594e-09	-3.168763e+01	-1.048004e+02
7.100000e-07	-4.548785e-06	-1.577865e-09	-3.149851e+01	-1.045376e+02
7.200000e-07	-4.521141e-06	-1.585242e-09	-3.130709e+01	-1.042714e+02
7.300000e-07	-4.493307e-06	-1.591758e-09	-3.111435e+01	-1.040016e+02
7.400000e-07	-4.465388e-06	-1.580128e-09	-3.092103e+01	-1.037281e+02
7.500000e-07	-4.437241e-06	-1.573725e-09	-3.072612e+01	-1.034506e+02
7.600000e-07	-4.408766e-06	-1.574184e-09	-3.052894e+01	-1.031690e+02
7.700000e-07	-4.379925e-06	-1.562799e-09	-3.032923e+01	-1.028829e+02
7.800000e-07	-4.350664e-06	-1.552367e-09	-3.012660e+01	-1.025923e+02
7.900000e-07	-4.321174e-06	-1.545849e-09	-2.992240e+01	-1.022969e+02
8.000000e-07	-4.291537e-06	-1.539130e-09	-2.971717e+01	-1.019964e+02
8.100000e-07	-4.261626e-06	-1.532473e-09	-2.951005e+01	-1.016906e+02
8.200000e-07	-4.231405e-06	-1.532152e-09	-2.930079e+01	-1.013794e+02
8.300000e-07	-4.200864e-06	-1.524388e-09	-2.908930e+01	-1.010625e+02
8.400000e-07	-4.169955e-06	-1.519924e-09	-2.887526e+01	-1.007397e+02
8.500000e-07	-4.138731e-06	-1.521762e-09	-2.865905e+01	-1.004108e+02
8.600000e-07	-4.107313e-06	-1.523259e-09	-2.844150e+01	-1.000757e+02
8.700000e-07	-4.075727e-06	-1.512301e-09	-2.822278e+01	-9.973404e+01
8.800000e-07	-4.043971e-06	-1.504434e-09	-2.800288e+01	-9.938581e+01
8.900000e-07	-4.012028e-06	-1.493719e-09	-2.778169e+01	-9.903082e+01
9.000000e-07	-3.979907e-06	-1.481683e-09	-2.755926e+01	-9.866897e+01
9.100000e-07	-3.947552e-06	-1.471599e-09	-2.733522e+01	-9.830015e+01
9.200000e-07	-3.914823e-06	-1.467674e-09	-2.710858e+01	-9.792430e+01
9.300000e-07	-3.881590e-06	-1.459086e-09	-2.687845e+01	-9.754138e+01
9.400000e-07	-3.847880e-06	-1.453256e-09	-2.664502e+01	-9.715138e+01
9.500000e-07	-3.813740e-06	-1.449861e-09	-2.640862e+01	-9.675432e+01
9.600000e-07	-3.779135e-06	-1.442575e-09	-2.616900e+01	-9.635026e+01
9.700000e-07	-3.744082e-06	-1.428921e-09	-2.592627e+01	-9.593930e+01
9.800000e-07	-3.708679e-06	-1.420757e-09	-2.568111e+01	-9.552155e+01
9.900000e-07	-3.673157e-06	-1.415226e-09	-2.543514e+01	-9.509718e+01
1.000000e-06	-3.637551e-06	-1.409026e-09	-2.518859e+01	-9.466638e+01
1.010000e-06	-3.601760e-06	-1.404155e-09	-2.494074e+01	-9.422938e+01
1.020000e-06	-3.565808e-06	-1.400357e-09	-2.469179e+01	-9.378641e+01
1.030000e-06	-3.529625e-06	-1.391332e-09	-2.444124e+01	-9.333777e+01
1.040000e-06	-3.493199e-06	-1.381935e-09	-2.418900e+01	-9.288375e+01
1.050000e-06	-3.456597e-06	-1.377809e-09	-2.393555e+01	-9.242468e+01
1.060000e-06	-3.419789e-06	-1.370763e-09	-2.368067e+01	-9.196087e+01
1.070000e-06	-3.382693e-06	-1.359203e-09	-2.342379e+01	-9.149269e+01
1.080000e-06	-3.345357e-06	-1.346742e-09	-2.316526e+01	-9.102046e+01
1.090000e-06	-3.307724e-06	-1.336538e-09	-2.290466e+01	-9.054453e+01
1.100000e-06	-3.269780e-06	-1.324857e-09	-2.264192e+01	-9.006524e+01
1.110000e-06	-3.231665e-06	-1.317095e-09	-2.237799e+01	-8.958290e+01
1.120000e-06	-3.193333e-06	-1.309632e-09	-2.211255e+01	-8.909780e+01
1.130000e-06	-3.154781e-06	-1.299531e-09	-2.184559e+01	-8.861021e+01
1.140000e-06	-3.116015e-06	-1.289444e-09	-2.157716e+01	-8.812035e+01
1.150000e-06	-3.076969e-06	-1.286357e-09	-2.130678e+01	-8.762843e+01
1.160000e-06	-3.037729e-06	-1.281298e-09	-2.103505e+01	-8.713457e+01
1.170000e-06	-2.998352e-06	-1.272740e-09	-2.076238e+01	-8.663887e+01
1.180000e-06	-2.958784e-06	-1.262563e-09	-2.048839e+01	-8.614136e+01
1.190000e-06	-2.919086e-06	-1.253579e-09	-2.021350e+01	-8.564202e+01
1.200000e-06	-2.879310e-06	-1.242260e-09	-1.993807e+01	-8.514075e+01
1.210000e-06	-2.839429e-06	-1.231701e-09	-1.966190e+01	-8.463740e+01
1.220000e-06	-2.799316e-06	-1.220702e-09	-1.938414e+01	-8.413175e+01
1.230000e-06	-2.759017e-06	-1.210301e-09	-1.910509e+01	-8.362351e+01
1.240000e-06	-2.718643e-06	-1.199833e-09	-1.882551e+01	-8.311233e+01
1.250000e-06	-2.678104e-06	-1.192745e-09	-1.854480e+01	-8.259779e+01
1.260000e-06	-2.637307e-06	-1.187680e-09	-1.826229e+01	-8.207941e+01
1.270000e-06	-2.596163e-06	-1.178346e-09	-1.797739e+01	-8.155667e+01
1.280000e-06	-2.554564e-06	-1.164456e-09	-1.768934e+01	-8.102899e+01
1.290000e-06	-2.512637e-06	-1.150870e-09	-1.739900e+01	-8.049574e+01
1.300000e-06	-2.470497e-06	-1.140388e-09	-1.710720e+01	-7.995626e+01
1.310000e-06	-2.428006e-06	-1.130542e-09	-1.681297e+01	-7.940987e+01
1.320000e-06	-2.385166e-06	-1.121144e-09	-1.651632e+01	-7.885585e+01
1.330000e-06	-2.342148e-06	-1.112652e-09	-1.621844e+01	-7.829349e+01
1.340000e-06	-2.298957e-06	-1.103123e-09	-1.591935e+01	-7.772206e+01
1.350000e-06	-2.255572e-06	-1.095847e-09	-1.561893e+01	-7.714085e+01
1.360000e-06	-2.212099e-06	-1.088860e-09	-1.531790e+01	-7.654916e+01
1.370000e-06	-2.168554e-06	-1.078753e-09	-1.501637e+01	-7.594632e+01
1.380000e-06	-2.124920e-06	-1.068572e-09	-1.471422e+01	-7.533167e+01
1.390000e-06	-2.081204e-06	-1.055207e-09	-1.441151e+01	-7.470463e+01
1.400000e-06	-2.037402e-06	-1.037409e-09	-1.410819e+01	-7.406464e+01
1.410000e-06	-1.993492e-06	-1.020117e-09	-1.380413e+01	-7.341120e+01
1.420000e-06	-1.949458e-06	-1.007465e-09	-1.349922e+01	-7.274386e+01
1.430000e-06	-1.905335e-06	-9.969694e-10	-1.319368e+01	-7.206225e+01
1.440000e-06	-1.861144e-06	-9.884254e-10	-1.288767e+01	-7.136605e+01
1.450000e-06	-1.816824e-06	-9.816196e-10	-1.258078e+01	-7.065500e+01
1.460000e-06	-1.772357e-06	-9.761885e-10	-1.227286e+01	-6.992891e+01
1.470000e-06	-1.727817e-06	-9.656846e-10	-1.196444e+01	-6.918765e+01
1.480000e-06	-1.683132e-06	-9.513314e-10	-1.165502e+01	-6.843113e+01
1.490000e-06	-1.638263e-06	-9.362716e-10	-1.134431e+01	-6.765932e+01
1.500000e-06	-1.593214e-06	-9.193868e-10	-1.103237e+01	-6.687223e+01
1.510000e-06	-1.548020e-06	-9.026227e-10	-1.071942e+01	-6.606991e+01
1.520000e-06	-1.502745e-06	-8.888063e-10	-1.040591e+01	-6.525241e+01
1.530000e-06	-1.457380e-06	-8.770848e-10	-1.009177e+01	-6.441982e+01
1.540000e-06	-1.411978e-06	-8.676990e-10	-9.777381e+00	-6.357220e+01
1.550000e-06	-1.366509e-06	-8.578791e-10	-9.462524e+00	-6.270961e+01
1.560000e-06	-1.320884e-06	-8.442524e-10	-9.146596e+00	-6.183208e+01
1.570000e-06	-1.275074e-06	-8.266884e-10	-8.829379e+00	-6.093960e+01
1.580000e-06	-1.229180e-06	-8.099785e-10	-8.511577e+00	-6.003211e+01
1.590000e-06	-1.183255e-06	-7.928008e-10	-8.193567e+00	-5.910947e+01
1.600000e-06	-1.137293e-06	-7.745263e-10	-7.875295e+00	-5.817149e+01
1.610000e-06	-1.091297e-06	-7.582987e-10	-7.556791e+00	-5.721785e+01
1.620000e-06	-1.045170e-06	-7.454420e-10	-7.237381e+00	-5.624818e+01
1.630000e-06	-9.988454e-07	-7.343687e-10	-6.916604e+00	-5.526194e+01
1.640000e-06	-9.524493e-07	-7.241342e-10	-6.595329e+00	-5.425854e+01
1.650000e-06	-9.060663e-07	-7.139067e-10	-6.274146e+00	-5.323724e+01
1.660000e-06	-8.597088e-07	-7.010215e-10	-5.953139e+00	-5.219717e+01
1.670000e-06	-8.132856e-07	-6.840748e-10	-5.631677e+00	-5.113736e+01
1.680000e-06	-7.667014e-07	-6.654847e-10	-5.309100e+00	-5.005672e+01
1.690000e-06	-7.200389e-07	-6.469981e-10	-4.985981e+00	-4.895404e+01
1.700000e-06	-6.733060e-07	-6.264055e-10	-4.662374e+00	-4.782801e+01
1.710000e-06	-6.265430e-07	-6.055858e-10	-4.338559e+00	-4.667723e+01
1.720000e-06	-5.798235e-07	-5.839432e-10	-4.015045e+00	-4.550020e+01
1.730000e-06	-5.330683e-07	-5.644636e-10	-3.691284e+00	-4.429538e+01
1.740000e-06	-4.862626e-07	-5.485572e-10	-3.367173e+00	-4.306117e+01
1.750000e-06	-4.393620e-07	-5.347299e-10	-3.042406e+00	-4.179594e+01
1.760000e-06	-3.923858e-07	-5.168508e-10	-2.717115e+00	-4.049804e+01
1.770000e-06	-3.454310e-07	-4.945954e-10	-2.391971e+00	-3.916586e+01
1.780000e-06	-2.983918e-07	-4.724817e-10	-2.066243e+00	-3.779781e+01
1.790000e-06	-2.512950e-07	-4.525469e-10	-1.740117e+00	-3.639238e+01
1.800000e-06	-2.042578e-07	-4.343676e-10	-1.414404e+00	-3.494812e+01
1.810000e-06	-1.572800e-07	-4.160443e-10	-1.089101e+00	-3.346371e+01
1.820000e-06	-1.102963e-07	-3.958331e-10	-7.637575e-01	-3.193799e+01
1.830000e-06	-6.330892e-08	-3.726104e-10	-4.383889e-01	-3.036992e+01
1.840000e-06	-1.640364e-08	-3.484764e-10	-1.135887e-01	-2.875868e+01
1.850000e-06	3.048348e-08	-3.262556e-10	2.110859e-01	-2.710363e+01
1.860000e-06	7.740339e-08	-3.053750e-10	5.359875e-01	-2.540439e+01
1.870000e-06	1.243147e-07	-2.829439e-10	8.608295e-01	-2.366078e+01
1.880000e-06	1.713174e-07	-2.595105e-10	1.186304e+00	-2.187292e+01
1.890000e-06	2.183935e-07	-2.340369e-10	1.512288e+00	-2.004117e+01
1.900000e-06	2.653742e-07	-2.039879e-10	1.837610e+00	-1.816619e+01
1.910000e-06	3.122418e-07	-1.733679e-10	2.162149e+00	-1.624890e+01
1.920000e-06	3.590771e-07	-1.450434e-10	2.486465e+00	-1.429054e+01
1.930000e-06	4.059977e-07	-1.184537e-10	2.811371e+00	-1.229260e+01
1.940000e-06	4.528910e-07	-9.362302e-11	3.136088e+00	-1.025687e+01
1.950000e-06	4.996285e-07	-6.855412e-11	3.459727e+00	-8.185417e+00
1.960000e-06	5.463483e-07	-4.205231e-11	3.783243e+00	-6.080547e+00
1.970000e-06	5.931076e-07	-1.296298e-11	4.107032e+00	-3.944826e+00
1.980000e-06	6.398470e-07	1.809819e-11	4.430684e+00	-1.781041e+00
1.990000e-06	6.864485e-07	5.111954e-11	4.753381e+00	4.078149e-01
2.000000e-06	7.329153e-07	8.450741e-11	5.075145e+00	2.618565e+00
2.010000e-06	7.793342e-07	1.158916e-10	5.396577e+00	4.847879e+00
2.020000e-06	8.258028e-07	1.484269e-10	5.718354e+00	7.092296e+00
2.030000e-06	8.722193e-07	1.822226e-10	6.039769e+00	9.348257e+00
2.040000e-06	9.185766e-07	2.133774e-10	6.360775e+00	1.161213e+01
2.050000e-06	9.649287e-07	2.421910e-10	6.681745e+00	1.388026e+01
2.060000e-06	1.011171e-06	2.707575e-10	7.001955e+00	1.614895e+01
2.070000e-06	1.057339e-06	3.008791e-10	7.321646e+00	1.841457e+01
2.080000e-06	1.103374e-06	3.322986e-10	7.640422e+00	2.067350e+01
2.090000e-06	1.149287e-06	3.656895e-10	7.958353e+00	2.292224e+01
2.100000e-06	1.195132e-06	3.996600e-10	8.275809e+00	2.515736e+01
2.110000e-06	1.240896e-06	4.322147e-10	8.592707e+00	2.737561e+01
2.120000e-06	1.286629e-06	4.635019e-10	8.909392e+00	2.957384e+01
2.130000e-06	1.332360e-06	4.939965e-10	9.226062e+00	3.174914e+01
2.140000e-06	1.377956e-06	5.228720e-10	9.541794e+00	3.389874e+01
2.150000e-06	1.423376e-06	5.495252e-10	9.856311e+00	3.602012e+01
2.160000e-06	1.468749e-06	5.737691e-10	1.017050e+01	3.811097e+01
2.170000e-06	1.514132e-06	5.969278e-10	1.048476e+01	4.016921e+01
2.180000e-06	1.559368e-06	6.235179e-10	1.079800e+01	4.219300e+01
2.190000e-06	1.604357e-06	6.543231e-10	1.110953e+01	4.418075e+01
2.200000e-06	1.649210e-06	6.869139e-10	1.142012e+01	4.613109e+01
2.210000e-06	1.694009e-06	7.177919e-10	1.173033e+01	4.804291e+01
2.220000e-06	1.738693e-06	7.449313e-10	1.203975e+01	4.991531e+01
2.230000e-06	1.783157e-06	7.683815e-10	1.234764e+01	5.174764e+01
2.240000e-06	1.827436e-06	7.881832e-10	1.265426e+01	5.353943e+01
2.250000e-06	1.871637e-06	8.041185e-10	1.296033e+01	5.529043e+01
2.260000e-06	1.915764e-06	8.191310e-10	1.326590e+01	5.700057e+01
2.270000e-06	1.959780e-06	8.374569e-10	1.357069e+01	5.866996e+01
2.280000e-06	2.003698e-06	8.600431e-10	1.387480e+01	6.029883e+01
2.290000e-06	2.047572e-06	8.854482e-10	1.417862e+01	6.188756e+01
2.300000e-06	2.091356e-06	9.125662e-10	1.448180e+01	6.343667e+01
2.310000e-06	2.135001e-06	9.381957e-10	1.478403e+01	6.494674e+01
2.320000e-06	2.178598e-06	9.583645e-10	1.508591e+01	6.641845e+01
2.330000e-06	2.222145e-06	9.729215e-10	1.538746e+01	6.785252e+01
2.340000e-06	2.265582e-06	9.859847e-10	1.568825e+01	6.924976e+01
2.350000e-06	2.308777e-06	1.001665e-09	1.598735e+01	7.061096e+01
2.360000e-06	2.351729e-06	1.020565e-09	1.628478e+01	7.193696e+01
2.370000e-06	2.394556e-06	1.041223e-09	1.658134e+01	7.322859e+01
2.380000e-06	2.437128e-06	1.061927e-09	1.687613e+01	7.448668e+01
2.390000e-06	2.479381e-06	1.080838e-09	1.716872e+01	7.571202e+01
2.400000e-06	2.521444e-06	1.097540e-09	1.745999e+01	7.690542e+01
2.410000e-06	2.563292e-06	1.112359e-09	1.774977e+01	7.806763e+01
2.420000e-06	2.604781e-06	1.125327e-09	1.803706e+01	7.919937e+01
2.430000e-06	2.645908e-06	1.138207e-09	1.832185e+01	8.030132e+01
2.440000e-06	2.686770e-06	1.152939e-09	1.860481e+01	8.137416e+01
2.450000e-06	2.727413e-06	1.169335e-09	1.888624e+01	8.241848e+01
2.460000e-06	2.767802e-06	1.186549e-09	1.916592e+01	8.343489e+01
2.470000e-06	2.807912e-06	1.202170e-09	1.944367e+01	8.442393e+01
2.480000e-06	2.847852e-06	1.214459e-09	1.972023e+01	8.538615e+01
2.490000e-06	2.887670e-06	1.225491e-09	1.999596e+01	8.632206e+01
2.500000e-06	2.927345e-06	1.236871e-09	2.027069e+01	8.723216e+01
2.510000e-06	2.966908e-06	1.250898e-09	2.054465e+01	8.811695e+01
2.520000e-06	3.006368e-06	1.266591e-09	2.081789e+01	8.897691e+01
2.530000e-06	3.045708e-06	1.281378e-09	2.109031e+01	8.981254e+01
2.540000e-06	3.084894e-06	1.294614e-09	2.136165e+01	9.062436e+01
2.550000e-06	3.123811e-06	1.304934e-09	2.163114e+01	9.141287e+01
2.560000e-06	3.162363e-06	1.312860e-09	2.189810e+01	9.217861e+01
2.570000e-06	3.200723e-06	1.320286e-09	2.216372e+01	9.292215e+01
2.580000e-06	3.238971e-06	1.328304e-09	2.242857e+01	9.364407e+01
2.590000e-06	3.276964e-06	1.336788e-09	2.269166e+01	9.434498e+01
2.600000e-06	3.314694e-06	1.347365e-09	2.295293e+01	9.502551e+01
2.610000e-06	3.352161e-06	1.362029e-09	2.321237e+01	9.568633e+01
2.620000e-06	3.389358e-06	1.379727e-09	2.346994e+01	9.632811e+01
2.630000e-06	3.426337e-06	1.393460e-09	2.372601e+01	9.695155e+01
2.640000e-06	3.463148e-06	1.402605e-09	2.398091e+01	9.755739e+01
2.650000e-06	3.499775e-06	1.410794e-09	2.423454e+01	9.814635e+01
2.660000e-06	3.536146e-06	1.416845e-09	2.448639e+01	9.871917e+01
2.670000e-06	3.572292e-06	1.421344e-09	2.473669e+01	9.927659e+01
2.680000e-06	3.608258e-06	1.426168e-09	2.498574e+01	9.981934e+01
2.690000e-06	3.644070e-06	1.435021e-09	2.523372e+01	1.003481e+02
2.700000e-06	3.679771e-06	1.447326e-09	2.548094e+01	1.008637e+02
2.710000e-06	3.715240e-06	1.457350e-09	2.572655e+01	1.013667e+02
2.720000e-06	3.750381e-06	1.464198e-09	2.596989e+01	1.018577e+02
2.730000e-06	3.785191e-06	1.469284e-09	2.621093e+01	1.023374e+02
2.740000e-06	3.819670e-06	1.472865e-09	2.644968e+01	1.028063e+02
2.750000e-06	3.853777e-06	1.476993e-09	2.668586e+01	1.032650e+02
2.760000e-06	3.887497e-06	1.481814e-09	2.691936e+01	1.037139e+02
2.770000e-06	3.920789e-06	1.487966e-09	2.714989e+01	1.041533e+02
2.780000e-06	3.953612e-06	1.496971e-09	2.737718e+01	1.045836e+02
2.790000e-06	3.986088e-06	1.507609e-09	2.760207e+01	1.050052e+02
2.800000e-06	4.018229e-06	1.518420e-09	2.782463e+01	1.054181e+02
2.810000e-06	4.050109e-06	1.526485e-09	2.804538e+01	1.058226e+02
2.820000e-06	4.081813e-06	1.531598e-09	2.826492e+01	1.062188e+02
2.830000e-06	4.113353e-06	1.536603e-09	2.848332e+01	1.066067e+02
2.840000e-06	4.144740e-06	1.540667e-09	2.870067e+01	1.069863e+02
2.850000e-06	4.175891e-06	1.544139e-09	2.891637e+01	1.073576e+02
2.860000e-06	4.206738e-06	1.549203e-09	2.912997e+01	1.077205e+02
2.870000e-06	4.237223e-06	1.555961e-09	2.934107e+01	1.080748e+02
2.880000e-06	4.267410e-06	1.562109e-09	2.955010e+01	1.084205e+02
2.890000e-06	4.297369e-06	1.567309e-09	2.975756e+01	1.087574e+02
2.900000e-06	4.327033e-06	1.573429e-09	2.996297e+01	1.090852e+02
2.910000e-06	4.356401e-06	1.579711e-09	3.016633e+01	1.094040e+02
2.920000e-06	4.385489e-06	1.587249e-09	3.036775e+01	1.097134e+02
2.930000e-06	4.414309e-06	1.594670e-09	3.056732e+01	1.100134e+02
2.940000e-06	4.442799e-06	1.599763e-09	3.076460e+01	1.103039e+02
2.950000e-06	4.470964e-06	1.604024e-09	3.095963e+01	1.105847e+02
2.960000e-06	4.498913e-06	1.606643e-09	3.115317e+01	1.108558e+02
2.970000e-06	4.526650e-06	1.610501e-09	3.134524e+01	1.111171e+02
2.980000e-06	4.554191e-06	1.615026e-09	3.153594e+01	1.113688e+02
2.990000e-06	4.581485e-06	1.620573e-09	3.172495e+01	1.116107e+02
3.000000e-06	4.608441e-06	1.626725e-09	3.191160e+01	1.118432e+02
3.010000e-06	4.634954e-06	1.634018e-09	3.209520e+01	1.120663e+02
3.020000e-06	4.660984e-06	1.640803e-09	3.227545e+01	1.122802e+02
3.030000e-06	4.686555e-06	1.643470e-09	3.245252e+01	1.124852e+02
3.040000e-06	4.711524e-06	1.645470e-09	3.262541e+01	1.126815e+02
3.050000e-06	4.735935e-06	1.647311e-09	3.279445e+01	1.128695e+02
3.060000e-06	4.760002e-06	1.647333e-09	3.296111e+01	1.130496e+02
3.070000e-06	4.783779e-06	1.648959e-09	3.312576e+01	1.132222e+02
3.080000e-06	4.807327e-06	1.654122e-09	3.328881e+01	1.133876e+02
3.090000e-06	4.830576e-06	1.659504e-09	3.344980e+01	1.135464e+02
3.100000e-06	4.853462e-06	1.664983e-09	3.360828e+01	1.136989e+02
3.110000e-06	4.876030e-06	1.671891e-09	3.376455e+01	1.138457e+02
3.120000e-06	4.898284e-06	1.678092e-09	3.391865e+01	1.139871e+02
3.130000e-06	4.920166e-06	1.681974e-09	3.407018e+01	1.141236e+02
3.140000e-06	4.941699e-06	1.682308e-09	3.421928e+01	1.142557e+02
3.150000e-06	4.962981e-06	1.681788e-09	3.436665e+01	1.143837e+02
3.160000e-06	4.983968e-06	1.683728e-09	3.451198e+01	1.145080e+02
3.170000e-06	5.004592e-06	1.684967e-09	3.465479e+01	1.146289e+02
3.180000e-06	5.024898e-06	1.685787e-09	3.479540e+01	1.147469e+02
3.190000e-06	5.044942e-06	1.687097e-09	3.493420e+01	1.148620e+02
3.200000e-06	5.064787e-06	1.691480e-09	3.507162e+01	1.149747e+02
3.210000e-06	5.084364e-06	1.695628e-09	3.520718e+01	1.150849e+02
3.220000e-06	5.103594e-06	1.700156e-09	3.534034e+01	1.151929e+02
3.230000e-06	5.122474e-06	1.705619e-09	3.547108e+01	1.152988e+02
3.240000e-06	5.140913e-06	1.711332e-09	3.559876e+01	1.154025e+02
3.250000e-06	5.158928e-06	1.717264e-09	3.572351e+01	1.155041e+02
3.260000e-06	5.176608e-06	1.718830e-09	3.584594e+01	1.156035e+02
3.270000e-06	5.193909e-06	1.718432e-09	3.596574e+01	1.157007e+02
3.280000e-06	5.210833e-06	1.718182e-09	3.608293e+01	1.157956e+02
3.290000e-06	5.227453e-06	1.719997e-09	3.619801e+01	1.158879e+02
3.300000e-06	5.243645e-06	1.727094e-09	3.631014e+01	1.159776e+02
3.310000e-06	5.259430e-06	1.736211e-09	3.641944e+01	1.160645e+02
3.320000e-06	5.274842e-06	1.746146e-09	3.652616e+01	1.161483e+02
3.330000e-06	5.289700e-06	1.751098e-09	3.662905e+01	1.162289e+02
3.340000e-06	5.304089e-06	1.751102e-09	3.672869e+01	1.163061e+02
3.350000e-06	5.318143e-06	1.749581e-09	3.682601e+01	1.163796e+02
3.360000e-06	5.331762e-06	1.748785e-09	3.692032e+01	1.164494e+02
3.370000e-06	5.344948e-06	1.751818e-09	3.701162e+01	1.165152e+02
3.380000e-06	5.357841e-06	1.758075e-09	3.710090e+01	1.165770e+02
3.390000e-06	5.370397e-06	1.765873e-09	3.718785e+01	1.166346e+02
3.400000e-06	5.382565e-06	1.770923e-09	3.727210e+01	1.166878e+02
3.410000e-06	5.394364e-06	1.774747e-09	3.735381e+01	1.167368e+02
3.420000e-06	5.405744e-06	1.776493e-09	3.743261e+01	1.167814e+02
3.430000e-06	5.416666e-06	1.776400e-09	3.750824e+01	1.168216e+02
3.440000e-06	5.427078e-06	1.777843e-09	3.758034e+01	1.168576e+02
3.450000e-06	5.436851e-06	1.780942e-09	3.764802e+01	1.168893e+02
3.460000e-06	5.446036e-06	1.784066e-09	3.771162e+01	1.169170e+02
3.470000e-06	5.454764e-06	1.785973e-09	3.777206e+01	1.169407e+02
3.480000e-06	5.463042e-06	1.786708e-09	3.782938e+01	1.169606e+02
3.490000e-06	5.470920e-06	1.786026e-09	3.788393e+01	1.169768e+02
3.500000e-06	5.478474e-06	1.784223e-09	3.793624e+01	1.169897e+02
3.510000e-06	5.485760e-06	1.784665e-09	3.798669e+01	1.169994e+02
3.520000e-06	5.492705e-06	1.788598e-09	3.803478e+01	1.170062e+02
3.530000e-06	5.499318e-06	1.794292e-09	3.808058e+01	1.170103e+02
3.540000e-06	5.505599e-06	1.798017e-09	3.812406e+01	1.170120e+02
3.550000e-06	5.511442e-06	1.801584e-09	3.816452e+01	1.170114e+02
3.560000e-06	5.516864e-06	1.802870e-09	3.820207e+01	1.170088e+02
3.570000e-06	5.521957e-06	1.799959e-09	3.823734e+01	1.170044e+02
3.580000e-06	5.526689e-06	1.798396e-09	3.827010e+01	1.169984e+02
3.590000e-06	5.531010e-06	1.799236e-09	3.830003e+01	1.169910e+02
3.600000e-06	5.535078e-06	1.800263e-09	3.832820e+01	1.169823e+02
3.610000e-06	5.538921e-06	1.800953e-09	3.835481e+01	1.169723e+02
3.620000e-06	5.542437e-06	1.801773e-09	3.837915e+01	1.169612e+02
3.630000e-06	5.545596e-06	1.802489e-09	3.840103e+01	1.169491e+02
3.640000e-06	5.548327e-06	1.803063e-09	3.841994e+01	1.169358e+02
3.650000e-06	5.550516e-06	1.804948e-09	3.843510e+01	1.169214e+02
3.660000e-06	5.552147e-06	1.806336e-09	3.844640e+01	1.169057e+02
3.670000e-06	5.553262e-06	1.806258e-09	3.845411e+01	1.168887e+02
3.680000e-06	5.553895e-06	1.806352e-09	3.845850e+01	1.168702e+02
3.690000e-06	5.554112e-06	1.806703e-09	3.846000e+01	1.168500e+02
3.700000e-06	5.553924e-06	1.806714e-09	3.845870e+01	1.168279e+02
3.710000e-06	5.553409e-06	1.806835e-09	3.845513e+01	1.168036e+02
3.720000e-06	5.552601e-06	1.808378e-09	3.844954e+01	1.167769e+02
3.730000e-06	5.551484e-06	1.811348e-09	3.844180e+01	1.167475e+02
3.740000e-06	5.550062e-06	1.814000e-09	3.843195e+01	1.167151e+02
3.750000e-06	5.548249e-06	1.810755e-09	3.841940e+01	1.166793e+02
3.760000e-06	5.546059e-06	1.786404e-09	3.840424e+01	1.166398e+02
3.770000e-06	5.543504e-06	1.766705e-09	3.838654e+01	1.165964e+02
3.780000e-06	5.540575e-06	1.811307e-09	3.836626e+01	1.165486e+02
3.790000e-06	5.537164e-06	1.835743e-09	3.834264e+01	1.164962e+02
3.800000e-06	5.533292e-06	1.762337e-09	3.831583e+01	1.164389e+02
3.810000e-06	5.529164e-06	1.710597e-09	3.828725e+01	1.163763e+02
3.820000e-06	5.524772e-06	1.766353e-09	3.825683e+01	1.163083e+02
3.830000e-06	5.520078e-06	1.863137e-09	3.822433e+01	1.162345e+02
3.840000e-06	5.514989e-06	1.790515e-09	3.818909e+01	1.161547e+02
3.850000e-06	5.509335e-06	1.692978e-09	3.814994e+01	1.160689e+02
3.860000e-06	5.503143e-06	1.762398e-09	3.810706e+01	1.159767e+02
3.870000e-06	5.496565e-06	1.889083e-09	3.806151e+01	1.158782e+02
3.880000e-06	5.489557e-06	1.822109e-09	3.801298e+01	1.157732e+02
3.890000e-06	5.482087e-06	1.644989e-09	3.796125e+01	1.156617e+02
3.900000e-06	5.474209e-06	1.715241e-09	3.790671e+01	1.155437e+02
3.910000e-06	5.465945e-06	1.865800e-09	3.784948e+01	1.154192e+02
3.920000e-06	5.457324e-06	1.828209e-09	3.778978e+01	1.152883e+02
3.930000e-06	5.448353e-06	1.666292e-09	3.772766e+01	1.151510e+02
3.940000e-06	5.439067e-06	1.727525e-09	3.766336e+01	1.150076e+02
3.950000e-06	5.429461e-06	1.847635e-09	3.759684e+01	1.148581e+02
3.960000e-06	5.419383e-06	1.795110e-09	3.752706e+01	1.147028e+02
3.970000e-06	5.408812e-06	1.685827e-09	3.745386e+01	1.145418e+02
3.980000e-06	5.397898e-06	1.744783e-09	3.737828e+01	1.143755e+02
3.990000e-06	5.386575e-06	1.803993e-09	3.729988e+01	1.142040e+02
4.000000e-06	5.374872e-06	1.722876e-09	3.721884e+01	1.140276e+02
4.010000e-06	5.362853e-06	1.664067e-09	3.713561e+01	1.138466e+02
4.020000e-06	5.350365e-06	1.735412e-09	3.704913e+01	1.136613e+02
4.030000e-06	5.337399e-06	1.783155e-09	3.695935e+01	1.134719e+02
4.040000e-06	5.323965e-06	1.702189e-09	3.686633e+01	1.132788e+02
4.050000e-06	5.310027e-06	1.670545e-09	3.676981e+01	1.130822e+02
4.060000e-06	5.295518e-06	1.730171e-09	3.666934e+01	1.128824e+02
4.070000e-06	5.280382e-06	1.766436e-09	3.656453e+01	1.126796e+02
4.080000e-06	5.264746e-06	1.680098e-09	3.645625e+01	1.124742e+02
4.090000e-06	5.248795e-06	1.658373e-09	3.634581e+01	1.122664e+02
4.100000e-06	5.232567e-06	1.728249e-09	3.623343e+01	1.120563e+02
4.110000e-06	5.216064e-06	1.745042e-09	3.611915e+01	1.118442e+02
4.120000e-06	5.199242e-06	1.654249e-09	3.600267e+01	1.116304e+02
4.130000e-06	5.182055e-06	1.663897e-09	3.588365e+01	1.114149e+02
4.140000e-06	5.164496e-06	1.736180e-09	3.576206e+01	1.111979e+02
4.150000e-06	5.146566e-06	1.704795e-09	3.563791e+01	1.109795e+02
4.160000e-06	5.128329e-06	1.640801e-09	3.551163e+01	1.107599e+02
4.170000e-06	5.109773e-06	1.702269e-09	3.538313e+01	1.105391e+02
4.180000e-06	5.090792e-06	1.718693e-09	3.525169e+01	1.103172e+02
4.190000e-06	5.071424e-06	1.642311e-09	3.511758e+01	1.100942e+02
4.200000e-06	5.051765e-06	1.652865e-09	3.498144e+01	1.098703e+02
4.210000e-06	5.031870e-06	1.714117e-09	3.484368e+01	1.096453e+02
4.220000e-06	5.011764e-06	1.664532e-09	3.470446e+01	1.094193e+02
4.230000e-06	4.991361e-06	1.629446e-09	3.456317e+01	1.091922e+02
4.240000e-06	4.970620e-06	1.684073e-09	3.441955e+01	1.089640e+02
4.250000e-06	4.949441e-06	1.663508e-09	3.427290e+01	1.087347e+02
4.260000e-06	4.927744e-06	1.613127e-09	3.412265e+01	1.085042e+02
4.270000e-06	4.905492e-06	1.659955e-09	3.396857e+01	1.082724e+02
4.280000e-06	4.882752e-06	1.678990e-09	3.381110e+01	1.080392e+02
4.290000e-06	4.859628e-06	1.609872e-09	3.365098e+01	1.078045e+02
4.300000e-06	4.836132e-06	1.625916e-09	3.348828e+01	1.075683e+02
4.310000e-06	4.812301e-06	1.678014e-09	3.332325e+01	1.073303e+02
4.320000e-06	4.788208e-06	1.642968e-09	3.315642e+01	1.070906e+02
4.330000e-06	4.763849e-06	1.612552e-09	3.298774e+01	1.068489e+02
4.340000e-06	4.739176e-06	1.653475e-09	3.281690e+01	1.066051e+02
4.350000e-06	4.714125e-06	1.642834e-09	3.264342e+01	1.063591e+02
4.360000e-06	4.688708e-06	1.611279e-09	3.246742e+01	1.061108e+02
4.370000e-06	4.663010e-06	1.627089e-09	3.228947e+01	1.058599e+02
4.380000e-06	4.637001e-06	1.635289e-09	3.210937e+01	1.056063e+02
4.390000e-06	4.610662e-06	1.603513e-09	3.192698e+01	1.053500e+02
4.400000e-06	4.584024e-06	1.606482e-09	3.174253e+01	1.050906e+02
4.410000e-06	4.557096e-06	1.617756e-09	3.155606e+01	1.048280e+02
4.420000e-06	4.529862e-06	1.600271e-09	3.136748e+01	1.045621e+02
4.430000e-06	4.502299e-06	1.585149e-09	3.117662e+01	1.042926e+02
4.440000e-06	4.474489e-06	1.593096e-09	3.098405e+01	1.040193e+02
4.450000e-06	4.446466e-06	1.593826e-09	3.078999e+01	1.037421e+02
4.460000e-06	4.418204e-06	1.594419e-09	3.059430e+01	1.034608e+02
4.470000e-06	4.389736e-06	1.601919e-09	3.039716e+01	1.031750e+02
4.480000e-06	4.360964e-06	1.597782e-09	3.019793e+01	1.028847e+02
4.490000e-06	4.331777e-06	1.579362e-09	2.999582e+01	1.025896e+02
4.500000e-06	4.302091e-06	1.568958e-09	2.979026e+01	1.022895e+02
4.510000e-06	4.271866e-06	1.564558e-09	2.958096e+01	1.019842e+02
4.520000e-06	4.241185e-06	1.560089e-09	2.936850e+01	1.016734e+02
4.530000e-06	4.210114e-06	1.561844e-09	2.915335e+01	1.013569e+02
4.540000e-06	4.178661e-06	1.565782e-09	2.893556e+01	1.010346e+02
4.550000e-06	4.146897e-06	1.565889e-09	2.871560e+01	1.007061e+02
4.560000e-06	4.114902e-06	1.566099e-09	2.849405e+01	1.003714e+02
4.570000e-06	4.082775e-06	1.564518e-09	2.827158e+01	1.000303e+02
4.580000e-06	4.050495e-06	1.548205e-09	2.804805e+01	9.968260e+01
4.590000e-06	4.017972e-06	1.534544e-09	2.782284e+01	9.932813e+01
4.600000e-06	3.985172e-06	1.530740e-09	2.759572e+01	9.896680e+01
4.610000e-06	3.952069e-06	1.530327e-09	2.736649e+01	9.859852e+01
4.620000e-06	3.918651e-06	1.530719e-09	2.713509e+01	9.822320e+01
4.630000e-06	3.884934e-06	1.538164e-09	2.690161e+01	9.784082e+01
4.640000e-06	3.850971e-06	1.536880e-09	2.666643e+01	9.745135e+01
4.650000e-06	3.816761e-06	1.527185e-09	2.642954e+01	9.705483e+01
4.660000e-06	3.782336e-06	1.521461e-09	2.619116e+01	9.665130e+01
4.670000e-06	3.747596e-06	1.518683e-09	2.595060e+01	9.624086e+01
4.680000e-06	3.712573e-06	1.505642e-09	2.570808e+01	9.582362e+01
4.690000e-06	3.677387e-06	1.498008e-09	2.546443e+01	9.539974e+01
4.700000e-06	3.641912e-06	1.498606e-09	2.521878e+01	9.496942e+01
4.710000e-06	3.606219e-06	1.496500e-09	2.497162e+01	9.453287e+01
4.720000e-06	3.570399e-06	1.489492e-09	2.472358e+01	9.409034e+01
4.730000e-06	3.534386e-06	1.488253e-09	2.447421e+01	9.364211e+01
4.740000e-06	3.498171e-06	1.484176e-09	2.422343e+01	9.318847e+01
4.750000e-06	3.461782e-06	1.473035e-09	2.397146e+01	9.272975e+01
4.760000e-06	3.425218e-06	1.465054e-09	2.371826e+01	9.226628e+01
4.770000e-06	3.388387e-06	1.461091e-09	2.346322e+01	9.179839e+01
4.780000e-06	3.351260e-06	1.452236e-09	2.320613e+01	9.132643e+01
4.790000e-06	3.313833e-06	1.443683e-09	2.294697e+01	9.085075e+01
4.800000e-06	3.275966e-06	1.442308e-09	2.268475e+01	9.037168e+01
4.810000e-06	3.237694e-06	1.439690e-09	2.241974e+01	8.988952e+01
4.820000e-06	3.199124e-06	1.435310e-09	2.215265e+01	8.940459e+01
4.830000e-06	3.160199e-06	1.432715e-09	2.188311e+01	8.891715e+01
4.840000e-06	3.120896e-06	1.425705e-09	2.161095e+01	8.842742e+01
4.850000e-06	3.081283e-06	1.412537e-09	2.133665e+01	8.793561e+01
4.860000e-06	3.041517e-06	1.402836e-09	2.106128e+01	8.744186e+01
4.870000e-06	3.001660e-06	1.397549e-09	2.078530e+01	8.694626e+01
4.880000e-06	2.961684e-06	1.391515e-09	2.050847e+01	8.644885e+01
4.890000e-06	2.921529e-06	1.385888e-09	2.023042e+01	8.594961e+01
4.900000e-06	2.881251e-06	1.381321e-09	1.995151e+01	8.544845e+01
4.910000e-06	2.840810e-06	1.374288e-09	1.967147e+01	8.494523e+01
4.920000e-06	2.800166e-06	1.365842e-09	1.939003e+01	8.443973e+01
4.930000e-06	2.759389e-06	1.359545e-09	1.910766e+01	8.393167e+01
4.940000e-06	2.718353e-06	1.355130e-09	1.882351e+01	8.342069e+01
4.950000e-06	2.677106e-06	1.350539e-09	1.853789e+01	8.290640e+01
4.960000e-06	2.635742e-06	1.349366e-09	1.825146e+01	8.238831e+01
4.970000e-06	2.594164e-06	1.345244e-09	1.796354e+01	8.186590e+01
4.980000e-06	2.552376e-06	1.336357e-09	1.767418e+01	8.133860e+01
4.990000e-06	2.510423e-06	1.325753e-09	1.738367e+01	8.080579e+01
5.000000e-06	2.468291e-06	1.316596e-09	1.709192e+01	8.026681e+01
5.010000e-06	2.426062e-06	1.308187e-09	1.679951e+01	7.972097e+01
5.020000e-06	2.383695e-06	1.300379e-09	1.650613e+01	7.916756e+01
5.030000e-06	2.341091e-06	1.293825e-09	1.621112e+01	7.860587e+01
5.040000e-06	2.298316e-06	1.291225e-09	1.591492e+01	7.803517e+01
5.050000e-06	2.255374e-06	1.288403e-09	1.561756e+01	7.745475e+01
5.060000e-06	2.212276e-06	1.283649e-09	1.531913e+01	7.686391e+01
5.070000e-06	2.168980e-06	1.275330e-09	1.501932e+01	7.626197e+01
5.080000e-06	2.125460e-06	1.263916e-09	1.471796e+01	7.564828e+01
5.090000e-06	2.081814e-06	1.250317e-09	1.441573e+01	7.502224e+01
5.100000e-06	2.038130e-06	1.236939e-09	1.411323e+01	7.438329e+01
5.110000e-06	1.994372e-06	1.226054e-09	1.381023e+01	7.373094e+01
5.120000e-06	1.950491e-06	1.219740e-09	1.350637e+01	7.306472e+01
5.130000e-06	1.906521e-06	1.216929e-09	1.320189e+01	7.238427e+01
5.140000e-06	1.862502e-06	1.212311e-09	1.289708e+01	7.168924e+01
5.150000e-06	1.818416e-06	1.205086e-09	1.259180e+01	7.097938e+01
5.160000e-06	1.774216e-06	1.193723e-09	1.228573e+01	7.025450e+01
5.170000e-06	1.729972e-06	1.178713e-09	1.197936e+01	6.951445e+01
5.180000e-06	1.685649e-06	1.162399e-09	1.167244e+01	6.875915e+01
5.190000e-06	1.641215e-06	1.147609e-09	1.136476e+01	6.798857e+01
5.200000e-06	1.596723e-06	1.135816e-09	1.105667e+01	6.720270e+01
5.210000e-06	1.552138e-06	1.126430e-09	1.074793e+01	6.640159e+01
5.220000e-06	1.507469e-06	1.116365e-09	1.043862e+01	6.558531e+01
5.230000e-06	1.462750e-06	1.105446e-09	1.012896e+01	6.475392e+01
5.240000e-06	1.417911e-06	1.094556e-09	9.818466e+00	6.390749e+01
5.250000e-06	1.372932e-06	1.084785e-09	9.507001e+00	6.304610e+01
5.260000e-06	1.327789e-06	1.074815e-09	9.194404e+00	6.216976e+01
5.270000e-06	1.282553e-06	1.063068e-09	8.881169e+00	6.127847e+01
5.280000e-06	1.237215e-06	1.049547e-09	8.567217e+00	6.037219e+01
5.290000e-06	1.191701e-06	1.035274e-09	8.252049e+00	5.945077e+01
5.300000e-06	1.146042e-06	1.020742e-09	7.935881e+00	5.851402e+01
5.310000e-06	1.100231e-06	1.003989e-09	7.618659e+00	5.756166e+01
5.320000e-06	1.054363e-06	9.870285e-10	7.301044e+00	5.659328e+01
5.330000e-06	1.008404e-06	9.721862e-10	6.982794e+00	5.560840e+01
5.340000e-06	9.623213e-07	9.577377e-10	6.663689e+00	5.460640e+01
5.350000e-06	9.162207e-07	9.424008e-10	6.344461e+00	5.358657e+01
5.360000e-06	8.700967e-07	9.270163e-10	6.025071e+00	5.254805e+01
5.370000e-06	8.239048e-07	9.096173e-10	5.705210e+00	5.148987e+01
5.380000e-06	7.776528e-07	8.889391e-10	5.384934e+00	5.041096e+01
5.390000e-06	7.313230e-07	8.676029e-10	5.064118e+00	4.931011e+01
5.400000e-06	6.848820e-07	8.485466e-10	4.742533e+00	4.818603e+01
5.410000e-06	6.383845e-07	8.346140e-10	4.420557e+00	4.703731e+01
5.420000e-06	5.918759e-07	8.223342e-10	4.098503e+00	4.586248e+01
5.430000e-06	5.453771e-07	8.091891e-10	3.776518e+00	4.465998e+01
5.440000e-06	4.989703e-07	7.894668e-10	3.455169e+00	4.342823e+01
5.450000e-06	4.524796e-07	7.647260e-10	3.133240e+00	4.216559e+01
5.460000e-06	4.058779e-07	7.416141e-10	2.810542e+00	4.087043e+01
5.470000e-06	3.593253e-07	7.191140e-10	2.488184e+00	3.954112e+01
5.480000e-06	3.127286e-07	6.968466e-10	2.165521e+00	3.817607e+01
5.490000e-06	2.660502e-07	6.766331e-10	1.842291e+00	3.677375e+01
5.500000e-06	2.193959e-07	6.546673e-10	1.519228e+00	3.533272e+01
5.510000e-06	1.727437e-07	6.298659e-10	1.196181e+00	3.385166e+01
5.520000e-06	1.260816e-07	6.013600e-10	8.730648e-01	3.232937e+01
5.530000e-06	7.945878e-08	5.714038e-10	5.502202e-01	3.076481e+01
5.540000e-06	3.285847e-08	5.417582e-10	2.275318e-01	2.915714e+01
5.550000e-06	-1.373907e-08	5.175795e-10	-9.513755e-02	2.750571e+01
5.560000e-06	-6.036637e-08	4.960547e-10	-4.180129e-01	2.581011e+01
5.570000e-06	-1.070005e-07	4.675373e-10	-7.409358e-01	2.407015e+01
5.580000e-06	-1.536322e-07	4.322152e-10	-1.063841e+00	2.228591e+01
5.590000e-06	-2.003274e-07	3.935655e-10	-1.387187e+00	2.045775e+01
5.600000e-06	-2.470459e-07	3.580868e-10	-1.710694e+00	1.858628e+01
5.610000e-06	-2.936875e-07	3.264788e-10	-2.033668e+00	1.667243e+01
5.620000e-06	-3.402920e-07	2.969108e-10	-2.356386e+00	1.471738e+01
5.630000e-06	-3.868529e-07	2.654446e-10	-2.678801e+00	1.272263e+01
5.640000e-06	-4.334013e-07	2.303236e-10	-3.001131e+00	1.068992e+01
5.650000e-06	-4.799827e-07	1.932664e-10	-3.323688e+00	8.621307e+00
5.660000e-06	-5.265107e-07	1.553329e-10	-3.645875e+00	6.519075e+00
5.670000e-06	-5.729609e-07	1.166483e-10	-3.967525e+00	4.385769e+00
5.680000e-06	-6.194220e-07	7.871873e-11	-4.289249e+00	2.224159e+00
5.690000e-06	-6.658664e-07	4.067119e-11	-4.610858e+00	3.722147e-02
5.700000e-06	-7.121885e-07	3.079683e-12	-4.931620e+00	-2.171882e+00
5.710000e-06	-7.584738e-07	-3.428093e-11	-5.252127e+00	-4.399831e+00
5.720000e-06	-8.047691e-07	-6.993943e-11	-5.572704e+00	-6.643176e+00
5.730000e-06	-8.509827e-07	-1.068188e-10	-5.892714e+00	-8.898365e+00
5.740000e-06	-8.970962e-07	-1.447098e-10	-6.212032e+00	-1.116177e+01
5.750000e-06	-9.431581e-07	-1.835073e-10	-6.530992e+00	-1.342974e+01
5.760000e-06	-9.891815e-07	-2.231896e-10	-6.849686e+00	-1.569858e+01
5.770000e-06	-1.035115e-06	-2.626163e-10	-7.167758e+00	-1.796464e+01
5.780000e-06	-1.080940e-06	-3.011356e-10	-7.485077e+00	-2.022432e+01
5.790000e-06	-1.126569e-06	-3.395302e-10	-7.801037e+00	-2.247409e+01
5.800000e-06	-1.172045e-06	-3.774152e-10	-8.115942e+00	-2.471053e+01
5.810000e-06	-1.217440e-06	-4.153917e-10	-8.430281e+00	-2.693035e+01
5.820000e-06	-1.262688e-06	-4.521694e-10	-8.743608e+00	-2.913042e+01
5.830000e-06	-1.307790e-06	-4.874840e-10	-9.055925e+00	-3.130778e+01
5.840000e-06	-1.352799e-06	-5.233362e-10	-9.367593e+00	-3.345968e+01
5.850000e-06	-1.397705e-06	-5.604835e-10	-9.678545e+00	-3.558356e+01
5.860000e-06	-1.442591e-06	-5.964165e-10	-9.989365e+00	-3.767708e+01
5.870000e-06	-1.487444e-06	-6.292851e-10	-1.029996e+01	-3.973817e+01
5.880000e-06	-1.532115e-06	-6.604688e-10	-1.060928e+01	-4.176495e+01
5.890000e-06	-1.576665e-06	-6.917554e-10	-1.091778e+01	-4.375580e+01
5.900000e-06	-1.621148e-06	-7.247348e-10	-1.122580e+01	-4.570936e+01
5.910000e-06	-1.665563e-06	-7.581298e-10	-1.153336e+01	-4.762448e+01
5.920000e-06	-1.709880e-06	-7.913838e-10	-1.184024e+01	-4.950025e+01
5.930000e-06	-1.754083e-06	-8.224344e-10	-1.214632e+01	-5.133598e+01
5.940000e-06	-1.798226e-06	-8.527176e-10	-1.245200e+01	-5.313122e+01
5.950000e-06	-1.842349e-06	-8.816349e-10	-1.275753e+01	-5.488567e+01
5.960000e-06	-1.886435e-06	-9.109994e-10	-1.306281e+01	-5.659927e+01
5.970000e-06	-1.930490e-06	-9.406907e-10	-1.336787e+01	-5.827210e+01
5.980000e-06	-1.974443e-06	-9.712934e-10	-1.367223e+01	-5.990438e+01
5.990000e-06	-2.018271e-06	-1.000965e-09	-1.397572e+01	-6.149650e+01
6.000000e-06	-2.062034e-06	-1.028397e-09	-1.427876e+01	-6.304894e+01
6.010000e-06	-2.105664e-06	-1.054575e-09	-1.458088e+01	-6.456229e+01
6.020000e-06	-2.149071e-06	-1.079708e-09	-1.488145e+01	-6.603721e+01
6.030000e-06	-2.192254e-06	-1.103270e-09	-1.518048e+01	-6.747445e+01
6.040000e-06	-2.235245e-06	-1.125574e-09	-1.547818e+01	-6.887478e+01
6.050000e-06	-2.278073e-06	-1.147420e-09	-1.577474e+01	-7.023900e+01
6.060000e-06	-2.320744e-06	-1.167042e-09	-1.607022e+01	-7.156796e+01
6.070000e-06	-2.363223e-06	-1.186356e-09	-1.636437e+01	-7.286247e+01
6.080000e-06	-2.405525e-06	-1.207139e-09	-1.665730e+01	-7.412337e+01
6.090000e-06	-2.447686e-06	-1.226975e-09	-1.694924e+01	-7.535147e+01
6.100000e-06	-2.489750e-06	-1.246080e-09	-1.724052e+01	-7.654755e+01
6.110000e-06	-2.531702e-06	-1.268364e-09	-1.753102e+01	-7.771238e+01
6.120000e-06	-2.573500e-06	-1.293137e-09	-1.782046e+01	-7.884668e+01
6.130000e-06	-2.615115e-06	-1.315353e-09	-1.810862e+01	-7.995115e+01
6.140000e-06	-2.656466e-06	-1.333417e-09	-1.839496e+01	-8.102644e+01
6.150000e-06	-2.697576e-06	-1.347798e-09	-1.867963e+01	-8.207317e+01
6.160000e-06	-2.738511e-06	-1.359839e-09	-1.896309e+01	-8.309193e+01
6.170000e-06	-2.779262e-06	-1.373296e-09	-1.924527e+01	-8.408329e+01
6.180000e-06	-2.819811e-06	-1.389214e-09	-1.952606e+01	-8.504778e+01
6.190000e-06	-2.860235e-06	-1.406771e-09	-1.980598e+01	-8.598591e+01
6.200000e-06	-2.900552e-06	-1.425985e-09	-2.008516e+01	-8.689819e+01
6.210000e-06	-2.940705e-06	-1.444888e-09	-2.036320e+01	-8.778512e+01
6.220000e-06	-2.980750e-06	-1.460763e-09	-2.064050e+01	-8.864718e+01
6.230000e-06	-3.020692e-06	-1.474119e-09	-2.091708e+01	-8.948488e+01
6.240000e-06	-3.060457e-06	-1.486566e-09	-2.119244e+01	-9.029871e+01
6.250000e-06	-3.099959e-06	-1.497974e-09	-2.146598e+01	-9.108919e+01
6.260000e-06	-3.139140e-06	-1.508759e-09	-2.173729e+01	-9.185687e+01
6.270000e-06	-3.177999e-06	-1.522072e-09	-2.200637e+01	-9.260229e+01
6.280000e-06	-3.216562e-06	-1.537283e-09	-2.227340e+01	-9.332604e+01
6.290000e-06	-3.254802e-06	-1.549179e-09	-2.253820e+01	-9.402872e+01
6.300000e-06	-3.292611e-06	-1.559938e-09	-2.280001e+01	-9.471098e+01
6.310000e-06	-3.329974e-06	-1.571807e-09	-2.305873e+01	-9.537346e+01
6.320000e-06	-3.366923e-06	-1.582610e-09	-2.331459e+01	-9.601685e+01
6.330000e-06	-3.403574e-06	-1.592854e-09	-2.356838e+01	-9.664186e+01
6.340000e-06	-3.440042e-06	-1.601910e-09	-2.382091e+01	-9.724919e+01
6.350000e-06	-3.476327e-06	-1.608212e-09	-2.407217e+01	-9.783958e+01
6.360000e-06	-3.512471e-06	-1.612343e-09	-2.432246e+01	-9.841377e+01
6.370000e-06	-3.548522e-06	-1.616932e-09	-2.457209e+01	-9.897249e+01
6.380000e-06	-3.584377e-06	-1.623821e-09	-2.482038e+01	-9.951649e+01
6.390000e-06	-3.620023e-06	-1.631772e-09	-2.506721e+01	-1.000465e+02
6.400000e-06	-3.655472e-06	-1.643186e-09	-2.531268e+01	-1.005632e+02
6.410000e-06	-3.690616e-06	-1.657335e-09	-2.555604e+01	-1.010672e+02
6.420000e-06	-3.725399e-06	-1.669754e-09	-2.579690e+01	-1.015593e+02
6.430000e-06	-3.759884e-06	-1.679361e-09	-2.603569e+01	-1.020400e+02
6.440000e-06	-3.794192e-06	-1.686969e-09	-2.627326e+01	-1.025098e+02
6.450000e-06	-3.828347e-06	-1.692375e-09	-2.650977e+01	-1.029694e+02
6.460000e-06	-3.862273e-06	-1.695257e-09	-2.674469e+01	-1.034191e+02
6.470000e-06	-3.895899e-06	-1.697818e-09	-2.697754e+01	-1.038593e+02
6.480000e-06	-3.929241e-06	-1.702215e-09	-2.720842e+01	-1.042905e+02
6.490000e-06	-3.962277e-06	-1.708940e-09	-2.743718e+01	-1.047128e+02
6.500000e-06	-3.995049e-06	-1.717588e-09	-2.766411e+01	-1.051265e+02
6.510000e-06	-4.027618e-06	-1.725870e-09	-2.788964e+01	-1.055317e+02
6.520000e-06	-4.059958e-06	-1.732940e-09	-2.811358e+01	-1.059287e+02
6.530000e-06	-4.092070e-06	-1.739644e-09	-2.833595e+01	-1.063173e+02
6.540000e-06	-4.123943e-06	-1.745173e-09	-2.855665e+01	-1.066977e+02
6.550000e-06	-4.155561e-06	-1.747418e-09	-2.877559e+01	-1.070697e+02
6.560000e-06	-4.186886e-06	-1.746418e-09	-2.899251e+01	-1.074333e+02
6.570000e-06	-4.217774e-06	-1.745228e-09	-2.920640e+01	-1.077884e+02
6.580000e-06	-4.248168e-06	-1.747368e-09	-2.941686e+01	-1.081349e+02
6.590000e-06	-4.278100e-06	-1.752231e-09	-2.962413e+01	-1.084725e+02
6.600000e-06	-4.307528e-06	-1.758344e-09	-2.982791e+01	-1.088012e+02
6.610000e-06	-4.336498e-06	-1.766361e-09	-3.002851e+01	-1.091208e+02
6.620000e-06	-4.365092e-06	-1.772376e-09	-3.022651e+01	-1.094311e+02
6.630000e-06	-4.393434e-06	-1.776138e-09	-3.042277e+01	-1.097319e+02
6.640000e-06	-4.421607e-06	-1.777944e-09	-3.061786e+01	-1.100232e+02
6.650000e-06	-4.449620e-06	-1.776748e-09	-3.081183e+01	-1.103049e+02
6.660000e-06	-4.477371e-06	-1.774571e-09	-3.100400e+01	-1.105768e+02
6.670000e-06	-4.504768e-06	-1.772426e-09	-3.119371e+01	-1.108390e+02
6.680000e-06	-4.531901e-06	-1.772626e-09	-3.138160e+01	-1.110915e+02
6.690000e-06	-4.558677e-06	-1.775793e-09	-3.156701e+01	-1.113344e+02
6.700000e-06	-4.585092e-06	-1.779663e-09	-3.174992e+01	-1.115677e+02
6.710000e-06	-4.611289e-06	-1.785900e-09	-3.193133e+01	-1.117916e+02
6.720000e-06	-4.637237e-06	-1.794070e-09	-3.211101e+01	-1.120063e+02
6.730000e-06	-4.662875e-06	-1.797701e-09	-3.228854e+01	-1.122121e+02
6.740000e-06	-4.688078e-06	-1.796937e-09	-3.246306e+01	-1.124092e+02
6.750000e-06	-4.712932e-06	-1.795940e-09	-3.263517e+01	-1.125979e+02
6.760000e-06	-4.737516e-06	-1.794608e-09	-3.280540e+01	-1.127787e+02
6.770000e-06	-4.761798e-06	-1.793888e-09	-3.297354e+01	-1.129520e+02
6.780000e-06	-4.785915e-06	-1.796351e-09	-3.314055e+01	-1.131180e+02
6.790000e-06	-4.809793e-06	-1.801746e-09	-3.330589e+01	-1.132774e+02
6.800000e-06	-4.833381e-06	-1.805522e-09	-3.346923e+01	-1.134305e+02
6.810000e-06	-4.856675e-06	-1.806319e-09	-3.363053e+01	-1.135777e+02
6.820000e-06	-4.879496e-06	-1.805915e-09	-3.378855e+01	-1.137196e+02
6.830000e-06	-4.901761e-06	-1.807026e-09	-3.394273e+01	-1.138566e+02
6.840000e-06	-4.923503e-06	-1.809232e-09	-3.409328e+01	-1.139890e+02
6.850000e-06	-4.944714e-06	-1.811157e-09	-3.424017e+01	-1.141174e+02
6.860000e-06	-4.965432e-06	-1.814491e-09	-3.438362e+01	-1.142421e+02
6.870000e-06	-4.985811e-06	-1.817981e-09	-3.452474e+01	-1.143634e+02
6.880000e-06	-5.005976e-06	-1.820309e-09	-3.466438e+01	-1.144816e+02
6.890000e-06	-5.025962e-06	-1.821955e-09	-3.480277e+01	-1.145970e+02
6.900000e-06	-5.045696e-06	-1.822765e-09	-3.493943e+01	-1.147099e+02
6.910000e-06	-5.065103e-06	-1.822562e-09	-3.507381e+01	-1.148204e+02
6.920000e-06	-5.084099e-06	-1.823249e-09	-3.520535e+01	-1.149286e+02
6.930000e-06	-5.102731e-06	-1.824724e-09	-3.533437e+01	-1.150347e+02
6.940000e-06	-5.121060e-06	-1.825165e-09	-3.546129e+01	-1.151387e+02
6.950000e-06	-5.139007e-06	-1.823896e-09	-3.558556e+01	-1.152405e+02
6.960000e-06	-5.156584e-06	-1.820478e-09	-3.570728e+01	-1.153402e+02
6.970000e-06	-5.173848e-06	-1.817089e-09	-3.582682e+01	-1.154376e+02
6.980000e-06	-5.190786e-06	-1.815911e-09	-3.594411e+01	-1.155327e+02
6.990000e-06	-5.207408e-06	-1.817783e-09	-3.605921e+01	-1.156253e+02
7.000000e-06	-5.223766e-06	-1.822439e-09	-3.617248e+01	-1.157153e+02
7.010000e-06	-5.239819e-06	-1.826617e-09	-3.628365e+01	-1.158024e+02
7.020000e-06	-5.255530e-06	-1.828342e-09	-3.639244e+01	-1.158866e+02
7.030000e-06	-5.270792e-06	-1.825915e-09	-3.649812e+01	-1.159675e+02
7.040000e-06	-5.285435e-06	-1.821411e-09	-3.659952e+01	-1.160450e+02
7.050000e-06	-5.299438e-06	-1.818195e-09	-3.669649e+01	-1.161189e+02
7.060000e-06	-5.312980e-06	-1.817025e-09	-3.679026e+01	-1.161891e+02
7.070000e-06	-5.326089e-06	-1.816741e-09	-3.688103e+01	-1.162553e+02
7.080000e-06	-5.338681e-06	-1.814930e-09	-3.696823e+01	-1.163175e+02
7.090000e-06	-5.350861e-06	-1.813662e-09	-3.705257e+01	-1.163754e+02
7.100000e-06	-5.362689e-06	-1.811841e-09	-3.713447e+01	-1.164291e+02
7.110000e-06	-5.374185e-06	-1.809785e-09	-3.721408e+01	-1.164785e+02
7.120000e-06	-5.385269e-06	-1.807167e-09	-3.729083e+01	-1.165235e+02
7.130000e-06	-5.395884e-06	-1.804584e-09	-3.736433e+01	-1.165642e+02
7.140000e-06	-5.406089e-06	-1.803500e-09	-3.743500e+01	-1.166005e+02
7.150000e-06	-5.415940e-06	-1.805740e-09	-3.750322e+01	-1.166327e+02
7.160000e-06	-5.425547e-06	-1.809967e-09	-3.756974e+01	-1.166607e+02
7.170000e-06	-5.434827e-06	-1.809212e-09	-3.763400e+01	-1.166848e+02
7.180000e-06	-5.443675e-06	-1.806072e-09	-3.769527e+01	-1.167050e+02
7.190000e-06	-5.452219e-06	-1.803788e-09	-3.775443e+01	-1.167217e+02
7.200000e-06	-5.460488e-06	-1.802467e-09	-3.781169e+01	-1.167349e+02
7.210000e-06	-5.468476e-06	-1.801869e-09	-3.786700e+01	-1.167449e+02
7.220000e-06	-5.476152e-06	-1.802091e-09	-3.792016e+01	-1.167520e+02
7.230000e-06	-5.483372e-06	-1.804330e-09	-3.797015e+01	-1.167563e+02
7.240000e-06	-5.490078e-06	-1.806047e-09	-3.801659e+01	-1.167582e+02
7.250000e-06	-5.496183e-06	-1.805536e-09	-3.805887e+01	-1.167579e+02
7.260000e-06	-5.501674e-06	-1.802202e-09	-3.809689e+01	-1.167555e+02
7.270000e-06	-5.506694e-06	-1.795830e-09	-3.813165e+01	-1.167513e+02
7.280000e-06	-5.511283e-06	-1.789891e-09	-3.816342e+01	-1.167455e+02
7.290000e-06	-5.515537e-06	-1.787307e-09	-3.819289e+01	-1.167382e+02
7.300000e-06	-5.519558e-06	-1.788471e-09	-3.822072e+01	-1.167296e+02
7.310000e-06	-5.523245e-06	-1.789168e-09	-3.824626e+01	-1.167199e+02
7.320000e-06	-5.526525e-06	-1.789631e-09	-3.826897e+01	-1.167089e+02
7.330000e-06	-5.529443e-06	-1.790914e-09	-3.828918e+01	-1.166969e+02
7.340000e-06	-5.532016e-06	-1.790877e-09	-3.830699e+01	-1.166838e+02
7.350000e-06	-5.534219e-06	-1.789304e-09	-3.832225e+01	-1.166695e+02
7.360000e-06	-5.536083e-06	-1.787534e-09	-3.833516e+01	-1.166540e+02
7.370000e-06	-5.537685e-06	-1.786427e-09	-3.834625e+01	-1.166371e+02
7.380000e-06	-5.538887e-06	-1.785615e-09	-3.835457e+01	-1.166188e+02
7.390000e-06	-5.539616e-06	-1.785044e-09	-3.835962e+01	-1.165988e+02
7.400000e-06	-5.540056e-06	-1.783987e-09	-3.836267e+01	-1.165769e+02
