# Temperatura_=_-14.21
# Concentracion g/m^3_=_1620.0
# C_Vs_to_Am_M_A/Vsm_=_65563218390.804596
# pendiente_HvsI_1/m_=_3716.3
# ordenada_HvsI_A/m_=_1297.0
# frecuencia_Hz_=_135101.2577282591

Tiempo_(s)	Campo_(V.s)	Magnetizacion_(V.s)	Campo_(kA/m)	Magnetizacion_(A/m)
0.000000e+00	-5.520056e-06	-1.321497e-09	-3.837407e+01	-8.439425e+01
1.000000e-08	-5.520341e-06	-1.318147e-09	-3.837605e+01	-8.438987e+01
2.000000e-08	-5.520426e-06	-1.322036e-09	-3.837664e+01	-8.438339e+01
3.000000e-08	-5.520188e-06	-1.330042e-09	-3.837499e+01	-8.437445e+01
4.000000e-08	-5.519476e-06	-1.336617e-09	-3.837003e+01	-8.436271e+01
5.000000e-08	-5.518154e-06	-1.337048e-09	-3.836085e+01	-8.434791e+01
6.000000e-08	-5.516212e-06	-1.324258e-09	-3.834735e+01	-8.432979e+01
7.000000e-08	-5.513762e-06	-1.310228e-09	-3.833031e+01	-8.430818e+01
8.000000e-08	-5.510791e-06	-1.324002e-09	-3.830966e+01	-8.428294e+01
9.000000e-08	-5.507295e-06	-1.355200e-09	-3.828536e+01	-8.425398e+01
1.000000e-07	-5.503368e-06	-1.361363e-09	-3.825806e+01	-8.422130e+01
1.100000e-07	-5.499081e-06	-1.335175e-09	-3.822825e+01	-8.418494e+01
1.200000e-07	-5.494580e-06	-1.304546e-09	-3.819696e+01	-8.414501e+01
1.300000e-07	-5.490000e-06	-1.297972e-09	-3.816513e+01	-8.410165e+01
1.400000e-07	-5.485060e-06	-1.327116e-09	-3.813078e+01	-8.405509e+01
1.500000e-07	-5.479598e-06	-1.316346e-09	-3.809282e+01	-8.400558e+01
1.600000e-07	-5.473724e-06	-1.321923e-09	-3.805198e+01	-8.395345e+01
1.700000e-07	-5.467490e-06	-1.325629e-09	-3.800865e+01	-8.389903e+01
1.800000e-07	-5.460829e-06	-1.346038e-09	-3.796234e+01	-8.384270e+01
1.900000e-07	-5.453639e-06	-1.323704e-09	-3.791235e+01	-8.378486e+01
2.000000e-07	-5.446102e-06	-1.286962e-09	-3.785996e+01	-8.372593e+01
2.100000e-07	-5.438341e-06	-1.263992e-09	-3.780601e+01	-8.366634e+01
2.200000e-07	-5.430416e-06	-1.275154e-09	-3.775091e+01	-8.360651e+01
2.300000e-07	-5.422268e-06	-1.296016e-09	-3.769427e+01	-8.354684e+01
2.400000e-07	-5.413755e-06	-1.308615e-09	-3.763509e+01	-8.348774e+01
2.500000e-07	-5.404710e-06	-1.301515e-09	-3.757221e+01	-8.342956e+01
2.600000e-07	-5.394872e-06	-1.278047e-09	-3.750382e+01	-8.337263e+01
2.700000e-07	-5.384300e-06	-1.277487e-09	-3.743033e+01	-8.331725e+01
2.800000e-07	-5.373288e-06	-1.268383e-09	-3.735377e+01	-8.326365e+01
2.900000e-07	-5.361834e-06	-1.277152e-09	-3.727415e+01	-8.321202e+01
3.000000e-07	-5.349982e-06	-1.279499e-09	-3.719175e+01	-8.316248e+01
3.100000e-07	-5.337753e-06	-1.292660e-09	-3.710674e+01	-8.311511e+01
3.200000e-07	-5.325095e-06	-1.280323e-09	-3.701874e+01	-8.306992e+01
3.300000e-07	-5.312039e-06	-1.275900e-09	-3.692799e+01	-8.302684e+01
3.400000e-07	-5.298644e-06	-1.258263e-09	-3.683486e+01	-8.298576e+01
3.500000e-07	-5.284925e-06	-1.263112e-09	-3.673949e+01	-8.294650e+01
3.600000e-07	-5.270743e-06	-1.260767e-09	-3.664091e+01	-8.290884e+01
3.700000e-07	-5.256116e-06	-1.270296e-09	-3.653922e+01	-8.287249e+01
3.800000e-07	-5.240954e-06	-1.269155e-09	-3.643382e+01	-8.283711e+01
3.900000e-07	-5.225217e-06	-1.283706e-09	-3.632442e+01	-8.280236e+01
4.000000e-07	-5.208929e-06	-1.272787e-09	-3.621119e+01	-8.276781e+01
4.100000e-07	-5.192210e-06	-1.251941e-09	-3.609496e+01	-8.273306e+01
4.200000e-07	-5.175137e-06	-1.244069e-09	-3.597628e+01	-8.269767e+01
4.300000e-07	-5.157793e-06	-1.257780e-09	-3.585570e+01	-8.266119e+01
4.400000e-07	-5.140242e-06	-1.259640e-09	-3.573369e+01	-8.262319e+01
4.500000e-07	-5.122327e-06	-1.261989e-09	-3.560915e+01	-8.258324e+01
4.600000e-07	-5.103976e-06	-1.279327e-09	-3.548158e+01	-8.254093e+01
4.700000e-07	-5.085103e-06	-1.273341e-09	-3.535038e+01	-8.249590e+01
4.800000e-07	-5.065883e-06	-1.258057e-09	-3.521677e+01	-8.244781e+01
4.900000e-07	-5.046459e-06	-1.259798e-09	-3.508174e+01	-8.239636e+01
5.000000e-07	-5.026818e-06	-1.262000e-09	-3.494520e+01	-8.234131e+01
5.100000e-07	-5.007002e-06	-1.235245e-09	-3.480744e+01	-8.228248e+01
5.200000e-07	-4.986914e-06	-1.234077e-09	-3.466779e+01	-8.221974e+01
5.300000e-07	-4.966445e-06	-1.250903e-09	-3.452550e+01	-8.215303e+01
5.400000e-07	-4.945583e-06	-1.257665e-09	-3.438047e+01	-8.208235e+01
5.500000e-07	-4.924411e-06	-1.252800e-09	-3.423329e+01	-8.200775e+01
5.600000e-07	-4.902898e-06	-1.260275e-09	-3.408373e+01	-8.192937e+01
5.700000e-07	-4.880989e-06	-1.248916e-09	-3.393143e+01	-8.184738e+01
5.800000e-07	-4.858749e-06	-1.241118e-09	-3.377682e+01	-8.176203e+01
5.900000e-07	-4.836197e-06	-1.245855e-09	-3.362005e+01	-8.167360e+01
6.000000e-07	-4.813307e-06	-1.247327e-09	-3.346092e+01	-8.158242e+01
6.100000e-07	-4.790109e-06	-1.231179e-09	-3.329966e+01	-8.148885e+01
6.200000e-07	-4.766650e-06	-1.232216e-09	-3.313658e+01	-8.139329e+01
6.300000e-07	-4.742946e-06	-1.232096e-09	-3.297179e+01	-8.129615e+01
6.400000e-07	-4.719056e-06	-1.227609e-09	-3.280571e+01	-8.119784e+01
6.500000e-07	-4.694852e-06	-1.230408e-09	-3.263745e+01	-8.109879e+01
6.600000e-07	-4.670177e-06	-1.242860e-09	-3.246592e+01	-8.099939e+01
6.700000e-07	-4.644990e-06	-1.237437e-09	-3.229083e+01	-8.090003e+01
6.800000e-07	-4.619277e-06	-1.229078e-09	-3.211208e+01	-8.080107e+01
6.900000e-07	-4.592973e-06	-1.223869e-09	-3.192922e+01	-8.070282e+01
7.000000e-07	-4.566144e-06	-1.216944e-09	-3.174270e+01	-8.060555e+01
7.100000e-07	-4.538975e-06	-1.211239e-09	-3.155383e+01	-8.050947e+01
7.200000e-07	-4.511540e-06	-1.214706e-09	-3.136311e+01	-8.041473e+01
7.300000e-07	-4.483875e-06	-1.220014e-09	-3.117079e+01	-8.032142e+01
7.400000e-07	-4.456025e-06	-1.223435e-09	-3.097718e+01	-8.022955e+01
7.500000e-07	-4.428028e-06	-1.226880e-09	-3.078256e+01	-8.013907e+01
7.600000e-07	-4.399790e-06	-1.225431e-09	-3.058626e+01	-8.004985e+01
7.700000e-07	-4.371228e-06	-1.217765e-09	-3.038770e+01	-7.996169e+01
7.800000e-07	-4.342347e-06	-1.209429e-09	-3.018692e+01	-7.987431e+01
7.900000e-07	-4.313138e-06	-1.207846e-09	-2.998387e+01	-7.978739e+01
8.000000e-07	-4.283625e-06	-1.206125e-09	-2.977870e+01	-7.970051e+01
8.100000e-07	-4.253800e-06	-1.204738e-09	-2.957137e+01	-7.961324e+01
8.200000e-07	-4.223622e-06	-1.202008e-09	-2.936158e+01	-7.952506e+01
8.300000e-07	-4.193165e-06	-1.201408e-09	-2.914985e+01	-7.943545e+01
8.400000e-07	-4.162531e-06	-1.198728e-09	-2.893689e+01	-7.934383e+01
8.500000e-07	-4.131671e-06	-1.200826e-09	-2.872236e+01	-7.924962e+01
8.600000e-07	-4.100523e-06	-1.202807e-09	-2.850582e+01	-7.915224e+01
8.700000e-07	-4.069127e-06	-1.203647e-09	-2.828756e+01	-7.905108e+01
8.800000e-07	-4.037526e-06	-1.197073e-09	-2.806789e+01	-7.894559e+01
8.900000e-07	-4.005717e-06	-1.190855e-09	-2.784676e+01	-7.883521e+01
9.000000e-07	-3.973702e-06	-1.181883e-09	-2.762419e+01	-7.871943e+01
9.100000e-07	-3.941449e-06	-1.173781e-09	-2.739998e+01	-7.859779e+01
9.200000e-07	-3.908952e-06	-1.165329e-09	-2.717407e+01	-7.846988e+01
9.300000e-07	-3.876076e-06	-1.161403e-09	-2.694553e+01	-7.833537e+01
9.400000e-07	-3.842712e-06	-1.160649e-09	-2.671358e+01	-7.819397e+01
9.500000e-07	-3.808824e-06	-1.164333e-09	-2.647800e+01	-7.804551e+01
9.600000e-07	-3.774381e-06	-1.164553e-09	-2.623857e+01	-7.788985e+01
9.700000e-07	-3.739560e-06	-1.160240e-09	-2.599650e+01	-7.772699e+01
9.800000e-07	-3.704494e-06	-1.151622e-09	-2.575273e+01	-7.755696e+01
9.900000e-07	-3.669195e-06	-1.144853e-09	-2.550734e+01	-7.737992e+01
1.000000e-06	-3.633687e-06	-1.140342e-09	-2.526049e+01	-7.719609e+01
1.010000e-06	-3.598038e-06	-1.136452e-09	-2.501267e+01	-7.700576e+01
1.020000e-06	-3.562330e-06	-1.134225e-09	-2.476444e+01	-7.680930e+01
1.030000e-06	-3.526506e-06	-1.132296e-09	-2.451540e+01	-7.660716e+01
1.040000e-06	-3.490388e-06	-1.128899e-09	-2.426432e+01	-7.639981e+01
1.050000e-06	-3.453935e-06	-1.125680e-09	-2.401090e+01	-7.618780e+01
1.060000e-06	-3.417250e-06	-1.124104e-09	-2.375588e+01	-7.597170e+01
1.070000e-06	-3.380342e-06	-1.121726e-09	-2.349930e+01	-7.575209e+01
1.080000e-06	-3.343182e-06	-1.117376e-09	-2.324098e+01	-7.552959e+01
1.090000e-06	-3.305792e-06	-1.111660e-09	-2.298105e+01	-7.530479e+01
1.100000e-06	-3.268184e-06	-1.106103e-09	-2.271961e+01	-7.507827e+01
1.110000e-06	-3.230361e-06	-1.099757e-09	-2.245667e+01	-7.485060e+01
1.120000e-06	-3.192283e-06	-1.094450e-09	-2.219196e+01	-7.462228e+01
1.130000e-06	-3.153920e-06	-1.088446e-09	-2.192527e+01	-7.439377e+01
1.140000e-06	-3.115229e-06	-1.085789e-09	-2.165630e+01	-7.416547e+01
1.150000e-06	-3.076298e-06	-1.085219e-09	-2.138566e+01	-7.393771e+01
1.160000e-06	-3.037269e-06	-1.086528e-09	-2.111435e+01	-7.371072e+01
1.170000e-06	-2.998111e-06	-1.084191e-09	-2.084213e+01	-7.348464e+01
1.180000e-06	-2.958791e-06	-1.079870e-09	-2.056879e+01	-7.325953e+01
1.190000e-06	-2.919312e-06	-1.075062e-09	-2.029433e+01	-7.303535e+01
1.200000e-06	-2.879670e-06	-1.069636e-09	-2.001876e+01	-7.281193e+01
1.210000e-06	-2.839869e-06	-1.060670e-09	-1.974207e+01	-7.258904e+01
1.220000e-06	-2.799903e-06	-1.052964e-09	-1.946423e+01	-7.236631e+01
1.230000e-06	-2.759768e-06	-1.047137e-09	-1.918523e+01	-7.214329e+01
1.240000e-06	-2.719439e-06	-1.042137e-09	-1.890487e+01	-7.191946e+01
1.250000e-06	-2.678931e-06	-1.037238e-09	-1.862327e+01	-7.169417e+01
1.260000e-06	-2.638251e-06	-1.037819e-09	-1.834047e+01	-7.146674e+01
1.270000e-06	-2.597312e-06	-1.037943e-09	-1.805587e+01	-7.123639e+01
1.280000e-06	-2.556088e-06	-1.033793e-09	-1.776929e+01	-7.100232e+01
1.290000e-06	-2.514625e-06	-1.026851e-09	-1.748105e+01	-7.076367e+01
1.300000e-06	-2.472920e-06	-1.019029e-09	-1.719113e+01	-7.051955e+01
1.310000e-06	-2.430850e-06	-1.009931e-09	-1.689867e+01	-7.026906e+01
1.320000e-06	-2.388408e-06	-1.000197e-09	-1.660362e+01	-7.001131e+01
1.330000e-06	-2.345702e-06	-9.921034e-10	-1.630674e+01	-6.974542e+01
1.340000e-06	-2.302813e-06	-9.878745e-10	-1.600859e+01	-6.947054e+01
1.350000e-06	-2.259747e-06	-9.894753e-10	-1.570920e+01	-6.918586e+01
1.360000e-06	-2.216460e-06	-9.930227e-10	-1.540829e+01	-6.889063e+01
1.370000e-06	-2.173033e-06	-9.954846e-10	-1.510639e+01	-6.858417e+01
1.380000e-06	-2.129468e-06	-9.931717e-10	-1.480354e+01	-6.826585e+01
1.390000e-06	-2.085808e-06	-9.854873e-10	-1.450002e+01	-6.793516e+01
1.400000e-06	-2.042082e-06	-9.719889e-10	-1.419605e+01	-6.759167e+01
1.410000e-06	-1.998219e-06	-9.563031e-10	-1.389113e+01	-6.723502e+01
1.420000e-06	-1.954320e-06	-9.421965e-10	-1.358595e+01	-6.686500e+01
1.430000e-06	-1.910393e-06	-9.329984e-10	-1.328058e+01	-6.648144e+01
1.440000e-06	-1.866294e-06	-9.270308e-10	-1.297401e+01	-6.608432e+01
1.450000e-06	-1.822055e-06	-9.269036e-10	-1.266648e+01	-6.567368e+01
1.460000e-06	-1.777743e-06	-9.279101e-10	-1.235843e+01	-6.524965e+01
1.470000e-06	-1.733333e-06	-9.278565e-10	-1.204971e+01	-6.481244e+01
1.480000e-06	-1.688795e-06	-9.216380e-10	-1.174009e+01	-6.436235e+01
1.490000e-06	-1.644130e-06	-9.095920e-10	-1.142958e+01	-6.389971e+01
1.500000e-06	-1.599364e-06	-8.922739e-10	-1.111839e+01	-6.342491e+01
1.510000e-06	-1.554429e-06	-8.734666e-10	-1.080601e+01	-6.293835e+01
1.520000e-06	-1.509336e-06	-8.608108e-10	-1.049253e+01	-6.244045e+01
1.530000e-06	-1.464180e-06	-8.557073e-10	-1.017861e+01	-6.193165e+01
1.540000e-06	-1.418896e-06	-8.566754e-10	-9.863817e+00	-6.141232e+01
1.550000e-06	-1.373501e-06	-8.573566e-10	-9.548240e+00	-6.088282e+01
1.560000e-06	-1.328077e-06	-8.543921e-10	-9.232461e+00	-6.034347e+01
1.570000e-06	-1.282595e-06	-8.439821e-10	-8.916281e+00	-5.979447e+01
1.580000e-06	-1.237035e-06	-8.278780e-10	-8.599562e+00	-5.923597e+01
1.590000e-06	-1.191359e-06	-8.101295e-10	-8.282030e+00	-5.866800e+01
1.600000e-06	-1.145575e-06	-7.917698e-10	-7.963752e+00	-5.809047e+01
1.610000e-06	-1.099734e-06	-7.758837e-10	-7.645077e+00	-5.750316e+01
1.620000e-06	-1.053801e-06	-7.655178e-10	-7.325762e+00	-5.690572e+01
1.630000e-06	-1.007728e-06	-7.602394e-10	-7.005479e+00	-5.629764e+01
1.640000e-06	-9.615692e-07	-7.571957e-10	-6.684592e+00	-5.567827e+01
1.650000e-06	-9.153399e-07	-7.501173e-10	-6.363217e+00	-5.504678e+01
1.660000e-06	-8.690265e-07	-7.408390e-10	-6.041258e+00	-5.440222e+01
1.670000e-06	-8.226641e-07	-7.305984e-10	-5.718958e+00	-5.374346e+01
1.680000e-06	-7.762333e-07	-7.187631e-10	-5.396182e+00	-5.306923e+01
1.690000e-06	-7.297251e-07	-7.050249e-10	-5.072869e+00	-5.237813e+01
1.700000e-06	-6.831254e-07	-6.926921e-10	-4.748919e+00	-5.166861e+01
1.710000e-06	-6.364988e-07	-6.796798e-10	-4.424783e+00	-5.093904e+01
1.720000e-06	-5.899273e-07	-6.635443e-10	-4.101029e+00	-5.018765e+01
1.730000e-06	-5.433336e-07	-6.487258e-10	-3.777121e+00	-4.941262e+01
1.740000e-06	-4.966182e-07	-6.352533e-10	-3.452367e+00	-4.861206e+01
1.750000e-06	-4.498265e-07	-6.250277e-10	-3.127083e+00	-4.778403e+01
1.760000e-06	-4.029908e-07	-6.133208e-10	-2.801493e+00	-4.692657e+01
1.770000e-06	-3.561826e-07	-6.003249e-10	-2.476093e+00	-4.603776e+01
1.780000e-06	-3.094678e-07	-5.881562e-10	-2.151344e+00	-4.511568e+01
1.790000e-06	-2.627627e-07	-5.755933e-10	-1.826661e+00	-4.415847e+01
1.800000e-06	-2.159660e-07	-5.626969e-10	-1.501343e+00	-4.316436e+01
1.810000e-06	-1.690673e-07	-5.467439e-10	-1.175314e+00	-4.213169e+01
1.820000e-06	-1.221958e-07	-5.305374e-10	-8.494747e-01	-4.105891e+01
1.830000e-06	-7.537607e-08	-5.155994e-10	-5.239958e-01	-3.994465e+01
1.840000e-06	-2.861611e-08	-5.023832e-10	-1.989321e-01	-3.878769e+01
1.850000e-06	1.809157e-08	-4.862708e-10	1.257682e-01	-3.758702e+01
1.860000e-06	6.479737e-08	-4.708419e-10	4.504553e-01	-3.634183e+01
1.870000e-06	1.115490e-07	-4.548363e-10	7.754610e-01	-3.505154e+01
1.880000e-06	1.583353e-07	-4.376368e-10	1.100708e+00	-3.371582e+01
1.890000e-06	2.051194e-07	-4.194930e-10	1.425939e+00	-3.233458e+01
1.900000e-06	2.519018e-07	-3.985210e-10	1.751160e+00	-3.090798e+01
1.910000e-06	2.986637e-07	-3.756046e-10	2.076236e+00	-2.943645e+01
1.920000e-06	3.454743e-07	-3.506789e-10	2.401652e+00	-2.792069e+01
1.930000e-06	3.922411e-07	-3.268931e-10	2.726763e+00	-2.636164e+01
1.940000e-06	4.389804e-07	-3.046209e-10	3.051684e+00	-2.476052e+01
1.950000e-06	4.858245e-07	-2.841360e-10	3.377332e+00	-2.311879e+01
1.960000e-06	5.326128e-07	-2.647691e-10	3.702593e+00	-2.143814e+01
1.970000e-06	5.792214e-07	-2.457493e-10	4.026605e+00	-1.972050e+01
1.980000e-06	6.256976e-07	-2.260680e-10	4.349696e+00	-1.796802e+01
1.990000e-06	6.720840e-07	-2.025936e-10	4.672162e+00	-1.618301e+01
2.000000e-06	7.183969e-07	-1.747939e-10	4.994118e+00	-1.436801e+01
2.010000e-06	7.647343e-07	-1.435473e-10	5.316244e+00	-1.252566e+01
2.020000e-06	8.110742e-07	-1.111355e-10	5.638388e+00	-1.065879e+01
2.030000e-06	8.573764e-07	-8.085163e-11	5.960269e+00	-8.770289e+00
2.040000e-06	9.035847e-07	-5.377884e-11	6.281498e+00	-6.863176e+00
2.050000e-06	9.496476e-07	-3.242052e-11	6.601716e+00	-4.940515e+00
2.060000e-06	9.956745e-07	-1.110579e-11	6.921683e+00	-3.005417e+00
2.070000e-06	1.041638e-06	1.105216e-11	7.241213e+00	-1.061009e+00
2.080000e-06	1.087559e-06	3.539837e-11	7.560439e+00	8.895856e-01
2.090000e-06	1.133440e-06	6.359144e-11	7.879395e+00	2.843269e+00
2.100000e-06	1.179174e-06	9.669189e-11	8.197323e+00	4.796992e+00
2.110000e-06	1.224861e-06	1.297167e-10	8.514935e+00	6.747772e+00
2.120000e-06	1.270550e-06	1.575062e-10	8.832547e+00	8.692712e+00
2.130000e-06	1.316064e-06	1.827805e-10	9.148951e+00	1.062902e+01
2.140000e-06	1.361496e-06	2.080506e-10	9.464786e+00	1.255400e+01
2.150000e-06	1.406892e-06	2.314105e-10	9.780368e+00	1.446512e+01
2.160000e-06	1.452062e-06	2.531937e-10	1.009438e+01	1.635996e+01
2.170000e-06	1.497100e-06	2.747317e-10	1.040747e+01	1.823626e+01
2.180000e-06	1.542139e-06	2.976594e-10	1.072057e+01	2.009189e+01
2.190000e-06	1.587035e-06	3.246045e-10	1.103268e+01	2.192492e+01
2.200000e-06	1.631746e-06	3.549550e-10	1.134350e+01	2.373354e+01
2.210000e-06	1.676326e-06	3.865102e-10	1.165340e+01	2.551614e+01
2.220000e-06	1.720791e-06	4.162389e-10	1.196252e+01	2.727124e+01
2.230000e-06	1.765128e-06	4.415318e-10	1.227074e+01	2.899753e+01
2.240000e-06	1.809291e-06	4.624767e-10	1.257774e+01	3.069385e+01
2.250000e-06	1.853418e-06	4.792442e-10	1.288451e+01	3.235921e+01
2.260000e-06	1.897467e-06	4.948202e-10	1.319073e+01	3.399273e+01
2.270000e-06	1.941387e-06	5.129193e-10	1.349605e+01	3.559370e+01
2.280000e-06	1.985229e-06	5.322185e-10	1.380082e+01	3.716151e+01
2.290000e-06	2.028985e-06	5.543672e-10	1.410500e+01	3.869569e+01
2.300000e-06	2.072698e-06	5.802324e-10	1.440888e+01	4.019586e+01
2.310000e-06	2.116361e-06	6.069275e-10	1.471242e+01	4.166177e+01
2.320000e-06	2.159947e-06	6.286541e-10	1.501542e+01	4.309324e+01
2.330000e-06	2.203433e-06	6.443293e-10	1.531772e+01	4.449018e+01
2.340000e-06	2.246756e-06	6.577360e-10	1.561889e+01	4.585259e+01
2.350000e-06	2.289955e-06	6.725271e-10	1.591920e+01	4.718052e+01
2.360000e-06	2.333055e-06	6.887717e-10	1.621882e+01	4.847410e+01
2.370000e-06	2.375896e-06	7.054306e-10	1.651664e+01	4.973350e+01
2.380000e-06	2.418369e-06	7.224956e-10	1.681191e+01	5.095895e+01
2.390000e-06	2.460507e-06	7.395165e-10	1.710484e+01	5.215071e+01
2.400000e-06	2.502356e-06	7.563674e-10	1.739576e+01	5.330910e+01
2.410000e-06	2.543919e-06	7.724187e-10	1.768470e+01	5.443445e+01
2.420000e-06	2.585138e-06	7.866590e-10	1.797124e+01	5.552714e+01
2.430000e-06	2.626013e-06	7.999567e-10	1.825539e+01	5.658758e+01
2.440000e-06	2.666619e-06	8.136905e-10	1.853768e+01	5.761619e+01
2.450000e-06	2.706987e-06	8.284238e-10	1.881830e+01	5.861344e+01
2.460000e-06	2.747157e-06	8.423334e-10	1.909756e+01	5.957979e+01
2.470000e-06	2.787220e-06	8.551612e-10	1.937606e+01	6.051576e+01
2.480000e-06	2.827150e-06	8.664554e-10	1.965365e+01	6.142187e+01
2.490000e-06	2.866902e-06	8.762106e-10	1.992999e+01	6.229868e+01
2.500000e-06	2.906560e-06	8.864379e-10	2.020569e+01	6.314674e+01
2.510000e-06	2.946058e-06	8.997644e-10	2.048027e+01	6.396667e+01
2.520000e-06	2.985339e-06	9.136899e-10	2.075334e+01	6.475907e+01
2.530000e-06	3.024519e-06	9.263487e-10	2.102571e+01	6.552458e+01
2.540000e-06	3.063542e-06	9.395860e-10	2.129699e+01	6.626385e+01
2.550000e-06	3.102287e-06	9.510432e-10	2.156634e+01	6.697757e+01
2.560000e-06	3.140814e-06	9.581348e-10	2.183416e+01	6.766643e+01
2.570000e-06	3.179069e-06	9.618671e-10	2.210011e+01	6.833112e+01
2.580000e-06	3.217097e-06	9.659624e-10	2.236446e+01	6.897239e+01
2.590000e-06	3.254985e-06	9.704540e-10	2.262785e+01	6.959096e+01
2.600000e-06	3.292642e-06	9.779961e-10	2.288963e+01	7.018757e+01
2.610000e-06	3.330082e-06	9.919764e-10	2.314991e+01	7.076297e+01
2.620000e-06	3.367355e-06	1.008713e-09	2.340902e+01	7.131790e+01
2.630000e-06	3.404339e-06	1.023307e-09	2.366613e+01	7.185312e+01
2.640000e-06	3.440983e-06	1.033733e-09	2.392087e+01	7.236937e+01
2.650000e-06	3.477415e-06	1.039751e-09	2.417413e+01	7.286736e+01
2.660000e-06	3.513643e-06	1.042035e-09	2.442598e+01	7.334783e+01
2.670000e-06	3.549634e-06	1.043607e-09	2.467618e+01	7.381148e+01
2.680000e-06	3.585464e-06	1.047609e-09	2.492526e+01	7.425897e+01
2.690000e-06	3.621187e-06	1.054867e-09	2.517360e+01	7.469096e+01
2.700000e-06	3.656796e-06	1.066132e-09	2.542114e+01	7.510809e+01
2.710000e-06	3.692277e-06	1.076424e-09	2.566780e+01	7.551094e+01
2.720000e-06	3.727557e-06	1.082123e-09	2.591305e+01	7.590009e+01
2.730000e-06	3.762531e-06	1.085140e-09	2.615619e+01	7.627606e+01
2.740000e-06	3.796994e-06	1.087140e-09	2.639576e+01	7.663934e+01
2.750000e-06	3.830948e-06	1.089946e-09	2.663181e+01	7.699041e+01
2.760000e-06	3.864547e-06	1.094138e-09	2.686538e+01	7.732967e+01
2.770000e-06	3.897741e-06	1.100094e-09	2.709613e+01	7.765751e+01
2.780000e-06	3.930435e-06	1.105109e-09	2.732341e+01	7.797430e+01
2.790000e-06	3.962702e-06	1.108863e-09	2.754773e+01	7.828035e+01
2.800000e-06	3.994730e-06	1.114813e-09	2.777038e+01	7.857595e+01
2.810000e-06	4.026616e-06	1.121908e-09	2.799204e+01	7.886137e+01
2.820000e-06	4.058359e-06	1.128814e-09	2.821271e+01	7.913685e+01
2.830000e-06	4.089890e-06	1.135268e-09	2.843191e+01	7.940260e+01
2.840000e-06	4.121193e-06	1.139710e-09	2.864952e+01	7.965883e+01
2.850000e-06	4.152287e-06	1.141483e-09	2.886567e+01	7.990573e+01
2.860000e-06	4.183057e-06	1.143752e-09	2.907958e+01	8.014347e+01
2.870000e-06	4.213453e-06	1.147452e-09	2.929088e+01	8.037224e+01
2.880000e-06	4.243537e-06	1.149975e-09	2.950002e+01	8.059220e+01
2.890000e-06	4.273353e-06	1.152060e-09	2.970730e+01	8.080354e+01
2.900000e-06	4.302948e-06	1.154976e-09	2.991303e+01	8.100643e+01
2.910000e-06	4.332236e-06	1.158282e-09	3.011664e+01	8.120107e+01
2.920000e-06	4.361217e-06	1.162063e-09	3.031810e+01	8.138766e+01
2.930000e-06	4.389904e-06	1.167191e-09	3.051753e+01	8.156641e+01
2.940000e-06	4.418266e-06	1.173052e-09	3.071469e+01	8.173757e+01
2.950000e-06	4.446363e-06	1.178215e-09	3.091002e+01	8.190136e+01
2.960000e-06	4.474287e-06	1.181963e-09	3.110414e+01	8.205807e+01
2.970000e-06	4.502063e-06	1.184295e-09	3.129723e+01	8.220795e+01
2.980000e-06	4.529674e-06	1.184524e-09	3.148917e+01	8.235132e+01
2.990000e-06	4.557111e-06	1.183838e-09	3.167991e+01	8.248847e+01
3.000000e-06	4.584142e-06	1.184855e-09	3.186782e+01	8.261972e+01
3.010000e-06	4.610573e-06	1.188827e-09	3.205156e+01	8.274540e+01
3.020000e-06	4.636423e-06	1.195831e-09	3.223127e+01	8.286582e+01
3.030000e-06	4.661688e-06	1.203115e-09	3.240690e+01	8.298133e+01
3.040000e-06	4.686394e-06	1.206846e-09	3.257866e+01	8.309224e+01
3.050000e-06	4.710710e-06	1.207747e-09	3.274769e+01	8.319887e+01
3.060000e-06	4.734791e-06	1.207024e-09	3.291510e+01	8.330154e+01
3.070000e-06	4.758623e-06	1.204693e-09	3.308077e+01	8.340053e+01
3.080000e-06	4.782136e-06	1.205503e-09	3.324423e+01	8.349611e+01
3.090000e-06	4.805391e-06	1.206942e-09	3.340589e+01	8.358853e+01
3.100000e-06	4.828388e-06	1.208576e-09	3.356576e+01	8.367801e+01
3.110000e-06	4.850973e-06	1.210748e-09	3.372277e+01	8.376474e+01
3.120000e-06	4.873176e-06	1.212540e-09	3.387712e+01	8.384889e+01
3.130000e-06	4.895110e-06	1.215671e-09	3.402960e+01	8.393057e+01
3.140000e-06	4.916778e-06	1.218460e-09	3.418023e+01	8.400987e+01
3.150000e-06	4.938066e-06	1.222385e-09	3.432822e+01	8.408684e+01
3.160000e-06	4.958960e-06	1.224961e-09	3.447347e+01	8.416150e+01
3.170000e-06	4.979522e-06	1.225284e-09	3.461641e+01	8.423382e+01
3.180000e-06	4.999747e-06	1.222447e-09	3.475701e+01	8.430375e+01
3.190000e-06	5.019712e-06	1.218454e-09	3.489580e+01	8.437120e+01
3.200000e-06	5.039472e-06	1.214827e-09	3.503316e+01	8.443606e+01
3.210000e-06	5.059036e-06	1.213201e-09	3.516917e+01	8.449818e+01
3.220000e-06	5.078369e-06	1.216160e-09	3.530357e+01	8.455742e+01
3.230000e-06	5.097326e-06	1.222426e-09	3.543535e+01	8.461359e+01
3.240000e-06	5.115829e-06	1.229690e-09	3.556398e+01	8.466651e+01
3.250000e-06	5.133870e-06	1.234779e-09	3.568940e+01	8.471600e+01
3.260000e-06	5.151516e-06	1.236435e-09	3.581207e+01	8.476186e+01
3.270000e-06	5.168866e-06	1.234691e-09	3.593268e+01	8.480393e+01
3.280000e-06	5.185907e-06	1.230814e-09	3.605114e+01	8.484202e+01
3.290000e-06	5.202640e-06	1.228734e-09	3.616747e+01	8.487601e+01
3.300000e-06	5.218950e-06	1.228926e-09	3.628085e+01	8.490576e+01
3.310000e-06	5.234792e-06	1.231909e-09	3.639098e+01	8.493119e+01
3.320000e-06	5.250238e-06	1.237018e-09	3.649836e+01	8.495224e+01
3.330000e-06	5.265149e-06	1.242627e-09	3.660202e+01	8.496889e+01
3.340000e-06	5.279623e-06	1.247861e-09	3.670264e+01	8.498116e+01
3.350000e-06	5.293732e-06	1.250256e-09	3.680072e+01	8.498912e+01
3.360000e-06	5.307483e-06	1.250712e-09	3.689631e+01	8.499286e+01
3.370000e-06	5.320880e-06	1.248963e-09	3.698945e+01	8.499256e+01
3.380000e-06	5.333779e-06	1.246212e-09	3.707911e+01	8.498839e+01
3.390000e-06	5.346262e-06	1.244588e-09	3.716590e+01	8.498061e+01
3.400000e-06	5.358459e-06	1.245565e-09	3.725068e+01	8.496949e+01
3.410000e-06	5.370334e-06	1.248571e-09	3.733324e+01	8.495534e+01
3.420000e-06	5.381853e-06	1.252148e-09	3.741331e+01	8.493851e+01
3.430000e-06	5.392935e-06	1.255517e-09	3.749036e+01	8.491937e+01
3.440000e-06	5.403488e-06	1.257091e-09	3.756371e+01	8.489832e+01
3.450000e-06	5.413453e-06	1.257252e-09	3.763299e+01	8.487577e+01
3.460000e-06	5.422741e-06	1.258133e-09	3.769755e+01	8.485213e+01
3.470000e-06	5.431393e-06	1.258327e-09	3.775771e+01	8.482783e+01
3.480000e-06	5.439636e-06	1.256491e-09	3.781501e+01	8.480327e+01
3.490000e-06	5.447580e-06	1.252964e-09	3.787023e+01	8.477885e+01
3.500000e-06	5.455239e-06	1.249372e-09	3.792348e+01	8.475496e+01
3.510000e-06	5.462660e-06	1.248311e-09	3.797506e+01	8.473194e+01
3.520000e-06	5.469764e-06	1.251348e-09	3.802445e+01	8.471011e+01
3.530000e-06	5.476460e-06	1.256059e-09	3.807100e+01	8.468975e+01
3.540000e-06	5.482710e-06	1.259688e-09	3.811445e+01	8.467108e+01
3.550000e-06	5.488634e-06	1.262411e-09	3.815563e+01	8.465428e+01
3.560000e-06	5.494269e-06	1.262843e-09	3.819480e+01	8.463949e+01
3.570000e-06	5.499411e-06	1.260119e-09	3.823055e+01	8.462678e+01
3.580000e-06	5.504075e-06	1.256902e-09	3.826297e+01	8.461615e+01
3.590000e-06	5.508442e-06	1.255145e-09	3.829333e+01	8.460758e+01
3.600000e-06	5.512514e-06	1.254845e-09	3.832164e+01	8.460095e+01
3.610000e-06	5.516336e-06	1.256583e-09	3.834821e+01	8.459611e+01
3.620000e-06	5.520000e-06	1.261469e-09	3.837368e+01	8.459286e+01
3.630000e-06	5.523442e-06	1.266516e-09	3.839761e+01	8.459094e+01
3.640000e-06	5.526450e-06	1.269489e-09	3.841851e+01	8.459006e+01
3.650000e-06	5.528799e-06	1.270009e-09	3.843485e+01	8.458987e+01
3.660000e-06	5.530537e-06	1.268590e-09	3.844693e+01	8.459001e+01
3.670000e-06	5.531679e-06	1.265911e-09	3.845487e+01	8.459010e+01
3.680000e-06	5.532237e-06	1.263013e-09	3.845874e+01	8.458972e+01
3.690000e-06	5.532417e-06	1.262755e-09	3.846000e+01	8.458847e+01
3.700000e-06	5.532329e-06	1.263737e-09	3.845939e+01	8.458593e+01
3.710000e-06	5.531951e-06	1.264985e-09	3.845676e+01	8.458171e+01
3.720000e-06	5.531311e-06	1.266363e-09	3.845231e+01	8.457541e+01
3.730000e-06	5.530346e-06	1.266982e-09	3.844560e+01	8.456667e+01
3.740000e-06	5.528972e-06	1.268091e-09	3.843605e+01	8.455518e+01
3.750000e-06	5.527242e-06	1.277526e-09	3.842402e+01	8.454063e+01
3.760000e-06	5.525200e-06	1.294026e-09	3.840983e+01	8.452279e+01
3.770000e-06	5.522844e-06	1.287107e-09	3.839345e+01	8.450147e+01
3.780000e-06	5.520029e-06	1.247605e-09	3.837388e+01	8.447652e+01
3.790000e-06	5.516667e-06	1.225694e-09	3.835051e+01	8.444787e+01
3.800000e-06	5.512834e-06	1.237030e-09	3.832386e+01	8.441549e+01
3.810000e-06	5.508676e-06	1.277835e-09	3.829495e+01	8.437943e+01
3.820000e-06	5.504383e-06	1.315223e-09	3.826512e+01	8.433978e+01
3.830000e-06	5.499932e-06	1.293565e-09	3.823417e+01	8.429669e+01
3.840000e-06	5.495003e-06	1.294511e-09	3.819991e+01	8.425038e+01
3.850000e-06	5.489472e-06	1.278580e-09	3.816146e+01	8.420110e+01
3.860000e-06	5.483446e-06	1.247693e-09	3.811956e+01	8.414917e+01
3.870000e-06	5.477084e-06	1.229370e-09	3.807534e+01	8.409492e+01
3.880000e-06	5.470339e-06	1.257707e-09	3.802845e+01	8.403872e+01
3.890000e-06	5.463011e-06	1.322849e-09	3.797750e+01	8.398099e+01
3.900000e-06	5.455223e-06	1.320182e-09	3.792337e+01	8.392213e+01
3.910000e-06	5.447139e-06	1.280479e-09	3.786717e+01	8.386257e+01
3.920000e-06	5.438672e-06	1.226354e-09	3.780831e+01	8.380273e+01
3.930000e-06	5.429822e-06	1.239696e-09	3.774678e+01	8.374303e+01
3.940000e-06	5.420697e-06	1.260159e-09	3.768335e+01	8.368386e+01
3.950000e-06	5.411246e-06	1.278828e-09	3.761765e+01	8.362558e+01
3.960000e-06	5.401318e-06	1.275662e-09	3.754863e+01	8.356853e+01
3.970000e-06	5.390930e-06	1.290013e-09	3.747641e+01	8.351300e+01
3.980000e-06	5.380231e-06	1.290477e-09	3.740204e+01	8.345924e+01
3.990000e-06	5.369249e-06	1.269313e-09	3.732569e+01	8.340743e+01
4.000000e-06	5.357843e-06	1.240107e-09	3.724641e+01	8.335771e+01
4.010000e-06	5.346036e-06	1.235910e-09	3.716433e+01	8.331015e+01
4.020000e-06	5.333866e-06	1.246493e-09	3.707972e+01	8.326477e+01
4.030000e-06	5.321231e-06	1.253108e-09	3.699188e+01	8.322151e+01
4.040000e-06	5.307996e-06	1.275950e-09	3.689988e+01	8.318026e+01
4.050000e-06	5.294248e-06	1.283117e-09	3.680431e+01	8.314085e+01
4.060000e-06	5.280043e-06	1.276010e-09	3.670556e+01	8.310306e+01
4.070000e-06	5.265152e-06	1.247806e-09	3.660204e+01	8.306660e+01
4.080000e-06	5.249699e-06	1.253432e-09	3.649461e+01	8.303115e+01
4.090000e-06	5.233915e-06	1.256997e-09	3.638489e+01	8.299635e+01
4.100000e-06	5.217798e-06	1.269118e-09	3.627285e+01	8.296180e+01
4.110000e-06	5.201382e-06	1.263313e-09	3.615873e+01	8.292707e+01
4.120000e-06	5.184753e-06	1.256707e-09	3.604313e+01	8.289174e+01
4.130000e-06	5.167739e-06	1.259540e-09	3.592484e+01	8.285536e+01
4.140000e-06	5.150273e-06	1.286724e-09	3.580343e+01	8.281750e+01
4.150000e-06	5.132492e-06	1.274403e-09	3.567982e+01	8.277772e+01
4.160000e-06	5.114386e-06	1.251151e-09	3.555395e+01	8.273562e+01
4.170000e-06	5.095902e-06	1.266165e-09	3.542545e+01	8.269082e+01
4.180000e-06	5.077054e-06	1.288486e-09	3.529443e+01	8.264299e+01
4.190000e-06	5.057854e-06	1.264094e-09	3.516095e+01	8.259182e+01
4.200000e-06	5.038334e-06	1.263620e-09	3.502525e+01	8.253707e+01
4.210000e-06	5.018594e-06	1.287883e-09	3.488803e+01	8.247856e+01
4.220000e-06	4.998601e-06	1.262356e-09	3.474904e+01	8.241614e+01
4.230000e-06	4.978318e-06	1.233579e-09	3.460804e+01	8.234975e+01
4.240000e-06	4.957778e-06	1.263065e-09	3.446525e+01	8.227939e+01
4.250000e-06	4.937021e-06	1.279398e-09	3.432095e+01	8.220511e+01
4.260000e-06	4.915845e-06	1.258694e-09	3.417374e+01	8.212703e+01
4.270000e-06	4.893964e-06	1.267875e-09	3.402163e+01	8.204533e+01
4.280000e-06	4.871496e-06	1.275797e-09	3.386544e+01	8.196024e+01
4.290000e-06	4.848574e-06	1.254625e-09	3.370609e+01	8.187204e+01
4.300000e-06	4.825263e-06	1.246853e-09	3.354404e+01	8.178107e+01
4.310000e-06	4.801522e-06	1.255991e-09	3.337899e+01	8.168768e+01
4.320000e-06	4.777410e-06	1.243250e-09	3.321138e+01	8.159226e+01
4.330000e-06	4.753115e-06	1.255736e-09	3.304248e+01	8.149523e+01
4.340000e-06	4.728599e-06	1.279587e-09	3.287205e+01	8.139700e+01
4.350000e-06	4.703820e-06	1.276290e-09	3.269979e+01	8.129798e+01
4.360000e-06	4.678704e-06	1.262244e-09	3.252520e+01	8.119859e+01
4.370000e-06	4.653198e-06	1.269949e-09	3.234788e+01	8.109921e+01
4.380000e-06	4.627385e-06	1.265385e-09	3.216844e+01	8.100020e+01
4.390000e-06	4.601256e-06	1.256333e-09	3.198679e+01	8.090187e+01
4.400000e-06	4.574775e-06	1.256714e-09	3.180271e+01	8.080450e+01
4.410000e-06	4.547973e-06	1.257688e-09	3.161639e+01	8.070831e+01
4.420000e-06	4.520766e-06	1.247457e-09	3.142725e+01	8.061344e+01
4.430000e-06	4.493239e-06	1.246953e-09	3.123589e+01	8.052000e+01
4.440000e-06	4.465549e-06	1.252733e-09	3.104339e+01	8.042801e+01
4.450000e-06	4.437618e-06	1.259268e-09	3.084923e+01	8.033741e+01
4.460000e-06	4.409419e-06	1.257347e-09	3.065319e+01	8.024808e+01
4.470000e-06	4.381069e-06	1.257287e-09	3.045611e+01	8.015984e+01
4.480000e-06	4.352542e-06	1.257784e-09	3.025780e+01	8.007240e+01
4.490000e-06	4.323729e-06	1.255223e-09	3.005750e+01	7.998544e+01
4.500000e-06	4.294580e-06	1.250664e-09	2.985486e+01	7.989857e+01
4.510000e-06	4.264933e-06	1.246572e-09	2.964876e+01	7.981134e+01
4.520000e-06	4.234712e-06	1.241651e-09	2.943868e+01	7.972325e+01
4.530000e-06	4.203918e-06	1.242262e-09	2.922460e+01	7.963377e+01
4.540000e-06	4.172662e-06	1.251925e-09	2.900732e+01	7.954234e+01
4.550000e-06	4.141121e-06	1.255864e-09	2.878805e+01	7.944836e+01
4.560000e-06	4.109261e-06	1.251859e-09	2.856657e+01	7.935126e+01
4.570000e-06	4.077140e-06	1.247425e-09	2.834327e+01	7.925043e+01
4.580000e-06	4.044884e-06	1.244566e-09	2.811904e+01	7.914531e+01
4.590000e-06	4.012504e-06	1.240095e-09	2.789394e+01	7.903535e+01
4.600000e-06	3.979871e-06	1.240050e-09	2.766708e+01	7.892003e+01
4.610000e-06	3.946878e-06	1.239906e-09	2.743772e+01	7.879889e+01
4.620000e-06	3.913583e-06	1.239895e-09	2.720626e+01	7.867151e+01
4.630000e-06	3.880097e-06	1.239621e-09	2.697348e+01	7.853755e+01
4.640000e-06	3.846350e-06	1.242554e-09	2.673887e+01	7.839673e+01
4.650000e-06	3.812342e-06	1.240635e-09	2.650246e+01	7.824885e+01
4.660000e-06	3.778133e-06	1.237568e-09	2.626465e+01	7.809379e+01
4.670000e-06	3.743659e-06	1.235222e-09	2.602499e+01	7.793152e+01
4.680000e-06	3.708925e-06	1.238451e-09	2.578353e+01	7.776208e+01
4.690000e-06	3.673912e-06	1.239650e-09	2.554013e+01	7.758561e+01
4.700000e-06	3.638635e-06	1.241323e-09	2.529490e+01	7.740233e+01
4.710000e-06	3.603075e-06	1.240425e-09	2.504769e+01	7.721252e+01
4.720000e-06	3.567250e-06	1.235644e-09	2.479864e+01	7.701655e+01
4.730000e-06	3.531288e-06	1.232379e-09	2.454864e+01	7.681485e+01
4.740000e-06	3.495218e-06	1.234718e-09	2.429790e+01	7.660791e+01
4.750000e-06	3.458980e-06	1.235413e-09	2.404598e+01	7.639626e+01
4.760000e-06	3.422569e-06	1.235177e-09	2.379285e+01	7.618047e+01
4.770000e-06	3.386035e-06	1.234296e-09	2.353888e+01	7.596112e+01
4.780000e-06	3.349257e-06	1.231513e-09	2.328321e+01	7.573883e+01
4.790000e-06	3.312132e-06	1.228545e-09	2.302513e+01	7.551419e+01
4.800000e-06	3.274657e-06	1.226164e-09	2.276460e+01	7.528779e+01
4.810000e-06	3.236817e-06	1.222181e-09	2.250156e+01	7.506018e+01
4.820000e-06	3.198535e-06	1.217844e-09	2.223543e+01	7.483189e+01
4.830000e-06	3.159747e-06	1.217006e-09	2.196578e+01	7.460338e+01
4.840000e-06	3.120669e-06	1.216886e-09	2.169412e+01	7.437504e+01
4.850000e-06	3.081310e-06	1.214978e-09	2.142051e+01	7.414722e+01
4.860000e-06	3.041660e-06	1.212078e-09	2.114487e+01	7.392015e+01
4.870000e-06	3.001821e-06	1.211238e-09	2.086792e+01	7.369398e+01
4.880000e-06	2.961856e-06	1.206968e-09	2.059009e+01	7.346879e+01
4.890000e-06	2.921835e-06	1.201212e-09	2.031187e+01	7.324452e+01
4.900000e-06	2.881639e-06	1.195640e-09	2.003244e+01	7.302105e+01
4.910000e-06	2.841254e-06	1.190641e-09	1.975170e+01	7.279811e+01
4.920000e-06	2.800753e-06	1.186338e-09	1.947014e+01	7.257537e+01
4.930000e-06	2.760192e-06	1.185449e-09	1.918817e+01	7.235240e+01
4.940000e-06	2.719448e-06	1.186723e-09	1.890493e+01	7.212864e+01
4.950000e-06	2.678427e-06	1.189574e-09	1.861977e+01	7.190350e+01
4.960000e-06	2.637193e-06	1.192926e-09	1.833312e+01	7.167626e+01
4.970000e-06	2.595780e-06	1.195421e-09	1.804522e+01	7.144619e+01
4.980000e-06	2.554283e-06	1.192594e-09	1.775675e+01	7.121245e+01
4.990000e-06	2.512663e-06	1.187965e-09	1.746742e+01	7.097420e+01
5.000000e-06	2.470820e-06	1.182714e-09	1.717653e+01	7.073056e+01
5.010000e-06	2.428738e-06	1.176562e-09	1.688399e+01	7.048063e+01
5.020000e-06	2.386449e-06	1.170675e-09	1.659000e+01	7.022352e+01
5.030000e-06	2.344076e-06	1.169633e-09	1.629544e+01	6.995833e+01
5.040000e-06	2.301564e-06	1.173363e-09	1.599991e+01	6.968423e+01
5.050000e-06	2.258810e-06	1.175315e-09	1.570269e+01	6.940039e+01
5.060000e-06	2.215891e-06	1.172945e-09	1.540433e+01	6.910606e+01
5.070000e-06	2.172814e-06	1.167165e-09	1.510486e+01	6.880054e+01
5.080000e-06	2.129577e-06	1.158869e-09	1.480429e+01	6.848323e+01
5.090000e-06	2.086217e-06	1.150972e-09	1.450286e+01	6.815358e+01
5.100000e-06	2.042742e-06	1.145255e-09	1.420064e+01	6.781116e+01
5.110000e-06	1.999160e-06	1.141297e-09	1.389767e+01	6.745562e+01
5.120000e-06	1.955403e-06	1.138136e-09	1.359348e+01	6.708670e+01
5.130000e-06	1.911474e-06	1.135191e-09	1.328810e+01	6.670427e+01
5.140000e-06	1.867470e-06	1.131721e-09	1.298219e+01	6.630827e+01
5.150000e-06	1.823425e-06	1.126128e-09	1.267600e+01	6.589874e+01
5.160000e-06	1.779346e-06	1.119833e-09	1.236957e+01	6.547581e+01
5.170000e-06	1.735189e-06	1.113122e-09	1.206261e+01	6.503969e+01
5.180000e-06	1.690922e-06	1.106661e-09	1.175488e+01	6.459066e+01
5.190000e-06	1.646623e-06	1.099026e-09	1.144692e+01	6.412904e+01
5.200000e-06	1.602280e-06	1.092542e-09	1.113866e+01	6.365523e+01
5.210000e-06	1.557811e-06	1.083851e-09	1.082952e+01	6.316962e+01
5.220000e-06	1.513227e-06	1.073204e-09	1.051958e+01	6.267265e+01
5.230000e-06	1.468587e-06	1.063582e-09	1.020925e+01	6.216473e+01
5.240000e-06	1.423862e-06	1.054705e-09	9.898336e+00	6.164625e+01
5.250000e-06	1.378973e-06	1.047584e-09	9.586277e+00	6.111759e+01
5.260000e-06	1.333994e-06	1.043672e-09	9.273601e+00	6.057903e+01
5.270000e-06	1.288987e-06	1.040266e-09	8.960717e+00	6.003083e+01
5.280000e-06	1.243863e-06	1.033533e-09	8.647031e+00	5.947311e+01
5.290000e-06	1.198641e-06	1.026276e-09	8.332653e+00	5.890592e+01
5.300000e-06	1.153349e-06	1.016351e-09	8.017800e+00	5.832919e+01
5.310000e-06	1.107928e-06	1.002775e-09	7.702040e+00	5.774270e+01
5.320000e-06	1.062311e-06	9.915450e-10	7.384923e+00	5.714612e+01
5.330000e-06	1.016580e-06	9.851976e-10	7.067015e+00	5.653894e+01
5.340000e-06	9.708610e-07	9.794212e-10	6.749186e+00	5.592053e+01
5.350000e-06	9.251434e-07	9.721311e-10	6.431369e+00	5.529008e+01
5.360000e-06	8.792578e-07	9.631588e-10	6.112383e+00	5.464664e+01
5.370000e-06	8.331589e-07	9.526195e-10	5.791915e+00	5.398910e+01
5.380000e-06	7.870626e-07	9.413654e-10	5.471465e+00	5.331620e+01
5.390000e-06	7.409863e-07	9.275211e-10	5.151154e+00	5.262656e+01
5.400000e-06	6.948379e-07	9.117791e-10	4.830342e+00	5.191863e+01
5.410000e-06	6.485896e-07	8.998694e-10	4.508835e+00	5.119079e+01
5.420000e-06	6.022801e-07	8.930570e-10	4.186903e+00	5.044128e+01
5.430000e-06	5.560149e-07	8.866010e-10	3.865278e+00	4.966828e+01
5.440000e-06	5.097711e-07	8.756346e-10	3.543803e+00	4.886991e+01
5.450000e-06	4.634434e-07	8.604154e-10	3.221744e+00	4.804424e+01
5.460000e-06	4.170154e-07	8.445305e-10	2.898988e+00	4.718930e+01
5.470000e-06	3.705645e-07	8.288898e-10	2.576073e+00	4.630317e+01
5.480000e-06	3.241303e-07	8.151200e-10	2.253274e+00	4.538393e+01
5.490000e-06	2.776587e-07	8.034777e-10	1.930215e+00	4.442971e+01
5.500000e-06	2.311428e-07	7.877847e-10	1.606847e+00	4.343873e+01
5.510000e-06	1.846462e-07	7.693809e-10	1.283615e+00	4.240932e+01
5.520000e-06	1.381201e-07	7.491808e-10	9.601767e-01	4.133994e+01
5.530000e-06	9.164608e-08	7.267310e-10	6.371010e-01	4.022917e+01
5.540000e-06	4.522690e-08	7.051756e-10	3.144062e-01	3.907580e+01
5.550000e-06	-1.298369e-09	6.872727e-10	-9.025939e-03	3.787880e+01
5.560000e-06	-4.781738e-08	6.721757e-10	-3.324146e-01	3.663734e+01
5.570000e-06	-9.438260e-08	6.542639e-10	-6.561245e-01	3.535082e+01
5.580000e-06	-1.410259e-07	6.307391e-10	-9.803772e-01	3.401889e+01
5.590000e-06	-1.875795e-07	6.039266e-10	-1.304006e+00	3.264143e+01
5.600000e-06	-2.340296e-07	5.776592e-10	-1.626916e+00	3.121859e+01
5.610000e-06	-2.805018e-07	5.523378e-10	-1.949979e+00	2.975078e+01
5.620000e-06	-3.270114e-07	5.277193e-10	-2.273303e+00	2.823866e+01
5.630000e-06	-3.734199e-07	5.012287e-10	-2.595923e+00	2.668317e+01
5.640000e-06	-4.197741e-07	4.728694e-10	-2.918166e+00	2.508550e+01
5.650000e-06	-4.661753e-07	4.432611e-10	-3.240736e+00	2.344708e+01
5.660000e-06	-5.125243e-07	4.120684e-10	-3.562943e+00	2.176959e+01
5.670000e-06	-5.587490e-07	3.811883e-10	-3.884285e+00	2.005495e+01
5.680000e-06	-6.048678e-07	3.514973e-10	-4.204892e+00	1.830527e+01
5.690000e-06	-6.509751e-07	3.205936e-10	-4.525418e+00	1.652288e+01
5.700000e-06	-6.970671e-07	2.882548e-10	-4.845839e+00	1.471027e+01
5.710000e-06	-7.430664e-07	2.532046e-10	-5.165614e+00	1.287009e+01
5.720000e-06	-7.890299e-07	2.172553e-10	-5.485141e+00	1.100514e+01
5.730000e-06	-8.349460e-07	1.826823e-10	-5.804339e+00	9.118323e+00
5.740000e-06	-8.808204e-07	1.503413e-10	-6.123246e+00	7.212637e+00
5.750000e-06	-9.266499e-07	1.206967e-10	-6.441842e+00	5.291146e+00
5.760000e-06	-9.724519e-07	9.128000e-11	-6.760246e+00	3.356957e+00
5.770000e-06	-1.018119e-06	5.985075e-11	-7.077709e+00	1.413198e+00
5.780000e-06	-1.063655e-06	2.774261e-11	-7.394270e+00	-5.370066e-01
5.790000e-06	-1.109130e-06	-5.339382e-12	-7.710397e+00	-2.490557e+00
5.800000e-06	-1.154432e-06	-3.910459e-11	-8.025326e+00	-4.444399e+00
5.810000e-06	-1.199631e-06	-7.376790e-11	-8.339541e+00	-6.395544e+00
5.820000e-06	-1.244739e-06	-1.091850e-10	-8.653117e+00	-8.341086e+00
5.830000e-06	-1.289741e-06	-1.439296e-10	-8.965962e+00	-1.027822e+01
5.840000e-06	-1.334656e-06	-1.779229e-10	-9.278201e+00	-1.220426e+01
5.850000e-06	-1.379457e-06	-2.092695e-10	-9.589647e+00	-1.411664e+01
5.860000e-06	-1.424147e-06	-2.390383e-10	-9.900316e+00	-1.601293e+01
5.870000e-06	-1.468740e-06	-2.687846e-10	-1.021032e+01	-1.789086e+01
5.880000e-06	-1.513261e-06	-2.977018e-10	-1.051982e+01	-1.974830e+01
5.890000e-06	-1.557697e-06	-3.275410e-10	-1.082872e+01	-2.158329e+01
5.900000e-06	-1.602067e-06	-3.596353e-10	-1.113718e+01	-2.339402e+01
5.910000e-06	-1.646402e-06	-3.924804e-10	-1.144538e+01	-2.517885e+01
5.920000e-06	-1.690659e-06	-4.244352e-10	-1.175304e+01	-2.693630e+01
5.930000e-06	-1.734798e-06	-4.557534e-10	-1.205989e+01	-2.866504e+01
5.940000e-06	-1.778855e-06	-4.869306e-10	-1.236616e+01	-3.036391e+01
5.950000e-06	-1.822867e-06	-5.142992e-10	-1.267212e+01	-3.203189e+01
5.960000e-06	-1.866824e-06	-5.395699e-10	-1.297770e+01	-3.366810e+01
5.970000e-06	-1.910748e-06	-5.669274e-10	-1.328305e+01	-3.527182e+01
5.980000e-06	-1.954599e-06	-5.953230e-10	-1.358789e+01	-3.684242e+01
5.990000e-06	-1.998291e-06	-6.230988e-10	-1.389162e+01	-3.837942e+01
6.000000e-06	-2.041903e-06	-6.506559e-10	-1.419481e+01	-3.988245e+01
6.010000e-06	-2.085413e-06	-6.772957e-10	-1.449728e+01	-4.135122e+01
6.020000e-06	-2.128813e-06	-7.022491e-10	-1.479899e+01	-4.278557e+01
6.030000e-06	-2.172039e-06	-7.268449e-10	-1.509948e+01	-4.418540e+01
6.040000e-06	-2.214967e-06	-7.507100e-10	-1.539790e+01	-4.555069e+01
6.050000e-06	-2.257656e-06	-7.716619e-10	-1.569467e+01	-4.688150e+01
6.060000e-06	-2.300151e-06	-7.897453e-10	-1.599008e+01	-4.817794e+01
6.070000e-06	-2.342493e-06	-8.070939e-10	-1.628443e+01	-4.944019e+01
6.080000e-06	-2.384767e-06	-8.259376e-10	-1.657831e+01	-5.066847e+01
6.090000e-06	-2.426919e-06	-8.444178e-10	-1.687134e+01	-5.186303e+01
6.100000e-06	-2.468925e-06	-8.640941e-10	-1.716336e+01	-5.302420e+01
6.110000e-06	-2.510780e-06	-8.847375e-10	-1.745432e+01	-5.415230e+01
6.120000e-06	-2.552486e-06	-9.072411e-10	-1.774425e+01	-5.524771e+01
6.130000e-06	-2.593945e-06	-9.295612e-10	-1.803247e+01	-5.631082e+01
6.140000e-06	-2.635120e-06	-9.487934e-10	-1.831870e+01	-5.734208e+01
6.150000e-06	-2.676150e-06	-9.643474e-10	-1.860394e+01	-5.834192e+01
6.160000e-06	-2.716988e-06	-9.762287e-10	-1.888783e+01	-5.931084e+01
6.170000e-06	-2.757598e-06	-9.876027e-10	-1.917014e+01	-6.024933e+01
6.180000e-06	-2.798073e-06	-9.994249e-10	-1.945151e+01	-6.115792e+01
6.190000e-06	-2.838427e-06	-1.011705e-09	-1.973205e+01	-6.203715e+01
6.200000e-06	-2.878631e-06	-1.026874e-09	-2.001153e+01	-6.288759e+01
6.210000e-06	-2.918718e-06	-1.043307e-09	-2.029021e+01	-6.370985e+01
6.220000e-06	-2.958695e-06	-1.059564e-09	-2.056812e+01	-6.450453e+01
6.230000e-06	-2.998553e-06	-1.075481e-09	-2.084520e+01	-6.527226e+01
6.240000e-06	-3.038206e-06	-1.089702e-09	-2.112086e+01	-6.601370e+01
6.250000e-06	-3.077625e-06	-1.101279e-09	-2.139489e+01	-6.672953e+01
6.260000e-06	-3.116785e-06	-1.108347e-09	-2.166712e+01	-6.742044e+01
6.270000e-06	-3.155646e-06	-1.114864e-09	-2.193728e+01	-6.808713e+01
6.280000e-06	-3.194139e-06	-1.123565e-09	-2.220487e+01	-6.873033e+01
6.290000e-06	-3.232164e-06	-1.135577e-09	-2.246921e+01	-6.935077e+01
6.300000e-06	-3.269754e-06	-1.148307e-09	-2.273052e+01	-6.994918e+01
6.310000e-06	-3.306941e-06	-1.162000e-09	-2.298904e+01	-7.052633e+01
6.320000e-06	-3.343820e-06	-1.175701e-09	-2.324541e+01	-7.108295e+01
6.330000e-06	-3.380484e-06	-1.186914e-09	-2.350029e+01	-7.161979e+01
6.340000e-06	-3.416930e-06	-1.195027e-09	-2.375366e+01	-7.213759e+01
6.350000e-06	-3.453199e-06	-1.201069e-09	-2.400579e+01	-7.263709e+01
6.360000e-06	-3.489311e-06	-1.205650e-09	-2.425683e+01	-7.311901e+01
6.370000e-06	-3.525325e-06	-1.209558e-09	-2.450719e+01	-7.358403e+01
6.380000e-06	-3.561139e-06	-1.213158e-09	-2.475616e+01	-7.403285e+01
6.390000e-06	-3.596684e-06	-1.218077e-09	-2.500326e+01	-7.446612e+01
6.400000e-06	-3.632031e-06	-1.225296e-09	-2.524898e+01	-7.488447e+01
6.410000e-06	-3.667215e-06	-1.235214e-09	-2.549357e+01	-7.528850e+01
6.420000e-06	-3.702119e-06	-1.245846e-09	-2.573622e+01	-7.567877e+01
6.430000e-06	-3.736663e-06	-1.255786e-09	-2.597636e+01	-7.605583e+01
6.440000e-06	-3.771001e-06	-1.264855e-09	-2.621507e+01	-7.642016e+01
6.450000e-06	-3.805135e-06	-1.270666e-09	-2.645236e+01	-7.677223e+01
6.460000e-06	-3.839030e-06	-1.273102e-09	-2.668799e+01	-7.711247e+01
6.470000e-06	-3.872613e-06	-1.275280e-09	-2.692145e+01	-7.744126e+01
6.480000e-06	-3.905811e-06	-1.278051e-09	-2.715224e+01	-7.775896e+01
6.490000e-06	-3.938741e-06	-1.280534e-09	-2.738116e+01	-7.806590e+01
6.500000e-06	-3.971463e-06	-1.285559e-09	-2.760863e+01	-7.836237e+01
6.510000e-06	-4.003955e-06	-1.293358e-09	-2.783451e+01	-7.864864e+01
6.520000e-06	-4.036248e-06	-1.301347e-09	-2.805900e+01	-7.892494e+01
6.530000e-06	-4.068345e-06	-1.307788e-09	-2.828213e+01	-7.919151e+01
6.540000e-06	-4.100185e-06	-1.313152e-09	-2.850348e+01	-7.944853e+01
6.550000e-06	-4.131813e-06	-1.316340e-09	-2.872335e+01	-7.969620e+01
6.560000e-06	-4.163163e-06	-1.317573e-09	-2.894128e+01	-7.993471e+01
6.570000e-06	-4.194031e-06	-1.318132e-09	-2.915587e+01	-8.016423e+01
6.580000e-06	-4.224459e-06	-1.318752e-09	-2.936739e+01	-8.038493e+01
6.590000e-06	-4.254371e-06	-1.319505e-09	-2.957534e+01	-8.059698e+01
6.600000e-06	-4.283661e-06	-1.323138e-09	-2.977895e+01	-8.080058e+01
6.610000e-06	-4.312500e-06	-1.328024e-09	-2.997943e+01	-8.099590e+01
6.620000e-06	-4.341047e-06	-1.331466e-09	-3.017789e+01	-8.118316e+01
6.630000e-06	-4.369410e-06	-1.337114e-09	-3.037506e+01	-8.136257e+01
6.640000e-06	-4.397661e-06	-1.342995e-09	-3.057146e+01	-8.153435e+01
6.650000e-06	-4.425797e-06	-1.344335e-09	-3.076705e+01	-8.169876e+01
6.660000e-06	-4.453685e-06	-1.342427e-09	-3.096092e+01	-8.185605e+01
6.670000e-06	-4.481221e-06	-1.338925e-09	-3.115235e+01	-8.200650e+01
6.680000e-06	-4.508344e-06	-1.333750e-09	-3.134090e+01	-8.215041e+01
6.690000e-06	-4.535054e-06	-1.330364e-09	-3.152658e+01	-8.228807e+01
6.700000e-06	-4.561437e-06	-1.330269e-09	-3.170999e+01	-8.241981e+01
6.710000e-06	-4.587532e-06	-1.332219e-09	-3.189139e+01	-8.254595e+01
6.720000e-06	-4.613466e-06	-1.337568e-09	-3.207168e+01	-8.266680e+01
6.730000e-06	-4.639171e-06	-1.343809e-09	-3.225037e+01	-8.278271e+01
6.740000e-06	-4.664472e-06	-1.347045e-09	-3.242626e+01	-8.289400e+01
6.750000e-06	-4.689290e-06	-1.347219e-09	-3.259878e+01	-8.300099e+01
6.760000e-06	-4.713714e-06	-1.345827e-09	-3.276858e+01	-8.310398e+01
6.770000e-06	-4.738006e-06	-1.344072e-09	-3.293745e+01	-8.320327e+01
6.780000e-06	-4.762148e-06	-1.342487e-09	-3.310527e+01	-8.329913e+01
6.790000e-06	-4.786040e-06	-1.343172e-09	-3.327137e+01	-8.339181e+01
6.800000e-06	-4.809685e-06	-1.344481e-09	-3.343574e+01	-8.348154e+01
6.810000e-06	-4.832982e-06	-1.344908e-09	-3.359770e+01	-8.356851e+01
6.820000e-06	-4.855716e-06	-1.346460e-09	-3.375574e+01	-8.365287e+01
6.830000e-06	-4.877828e-06	-1.349690e-09	-3.390946e+01	-8.373476e+01
6.840000e-06	-4.899429e-06	-1.351006e-09	-3.405962e+01	-8.381426e+01
6.850000e-06	-4.920491e-06	-1.349942e-09	-3.420604e+01	-8.389143e+01
6.860000e-06	-4.941121e-06	-1.348228e-09	-3.434945e+01	-8.396629e+01
6.870000e-06	-4.961531e-06	-1.344794e-09	-3.449134e+01	-8.403881e+01
6.880000e-06	-4.981741e-06	-1.342319e-09	-3.463184e+01	-8.410895e+01
6.890000e-06	-5.001769e-06	-1.343501e-09	-3.477106e+01	-8.417662e+01
6.900000e-06	-5.021503e-06	-1.345960e-09	-3.490825e+01	-8.424171e+01
6.910000e-06	-5.040819e-06	-1.346907e-09	-3.504253e+01	-8.430408e+01
6.920000e-06	-5.059758e-06	-1.349179e-09	-3.517419e+01	-8.436357e+01
6.930000e-06	-5.078318e-06	-1.352963e-09	-3.530321e+01	-8.442001e+01
6.940000e-06	-5.096585e-06	-1.354019e-09	-3.543020e+01	-8.447322e+01
6.950000e-06	-5.114576e-06	-1.353138e-09	-3.555527e+01	-8.452300e+01
6.960000e-06	-5.132305e-06	-1.350540e-09	-3.567852e+01	-8.456918e+01
6.970000e-06	-5.149634e-06	-1.347180e-09	-3.579898e+01	-8.461158e+01
6.980000e-06	-5.166517e-06	-1.345140e-09	-3.591635e+01	-8.465002e+01
6.990000e-06	-5.183142e-06	-1.345138e-09	-3.603192e+01	-8.468436e+01
7.000000e-06	-5.199539e-06	-1.347551e-09	-3.614591e+01	-8.471447e+01
7.010000e-06	-5.215629e-06	-1.349735e-09	-3.625777e+01	-8.474028e+01
7.020000e-06	-5.231337e-06	-1.350723e-09	-3.636696e+01	-8.476170e+01
7.030000e-06	-5.246629e-06	-1.350198e-09	-3.647327e+01	-8.477872e+01
7.040000e-06	-5.261434e-06	-1.350388e-09	-3.657619e+01	-8.479136e+01
7.050000e-06	-5.275634e-06	-1.350161e-09	-3.667491e+01	-8.479968e+01
7.060000e-06	-5.289180e-06	-1.348540e-09	-3.676908e+01	-8.480378e+01
7.070000e-06	-5.302261e-06	-1.348776e-09	-3.686001e+01	-8.480382e+01
7.080000e-06	-5.314936e-06	-1.347774e-09	-3.694812e+01	-8.479997e+01
7.090000e-06	-5.327212e-06	-1.349120e-09	-3.703347e+01	-8.479249e+01
7.100000e-06	-5.339187e-06	-1.349473e-09	-3.711671e+01	-8.478164e+01
7.110000e-06	-5.350814e-06	-1.347080e-09	-3.719754e+01	-8.476773e+01
7.120000e-06	-5.361989e-06	-1.343272e-09	-3.727522e+01	-8.475112e+01
7.130000e-06	-5.372772e-06	-1.339517e-09	-3.735019e+01	-8.473217e+01
7.140000e-06	-5.383210e-06	-1.337807e-09	-3.742275e+01	-8.471127e+01
7.150000e-06	-5.393236e-06	-1.339376e-09	-3.749245e+01	-8.468883e+01
7.160000e-06	-5.402870e-06	-1.345372e-09	-3.755942e+01	-8.466528e+01
7.170000e-06	-5.412113e-06	-1.347518e-09	-3.762368e+01	-8.464102e+01
7.180000e-06	-5.420982e-06	-1.345139e-09	-3.768533e+01	-8.461648e+01
7.190000e-06	-5.429508e-06	-1.339267e-09	-3.774460e+01	-8.459204e+01
7.200000e-06	-5.437771e-06	-1.334843e-09	-3.780204e+01	-8.456810e+01
7.210000e-06	-5.445808e-06	-1.334465e-09	-3.785791e+01	-8.454501e+01
7.220000e-06	-5.453578e-06	-1.336560e-09	-3.791193e+01	-8.452307e+01
7.230000e-06	-5.460948e-06	-1.342200e-09	-3.796316e+01	-8.450258e+01
7.240000e-06	-5.467724e-06	-1.349803e-09	-3.801027e+01	-8.448377e+01
7.250000e-06	-5.473882e-06	-1.354088e-09	-3.805308e+01	-8.446682e+01
7.260000e-06	-5.479443e-06	-1.351406e-09	-3.809174e+01	-8.445187e+01
7.270000e-06	-5.484463e-06	-1.343850e-09	-3.812663e+01	-8.443899e+01
7.280000e-06	-5.489135e-06	-1.338569e-09	-3.815911e+01	-8.442819e+01
7.290000e-06	-5.493515e-06	-1.336096e-09	-3.818956e+01	-8.441946e+01
7.300000e-06	-5.497619e-06	-1.336650e-09	-3.821809e+01	-8.441268e+01
7.310000e-06	-5.501511e-06	-1.336695e-09	-3.824515e+01	-8.440771e+01
7.320000e-06	-5.505101e-06	-1.335825e-09	-3.827010e+01	-8.440434e+01
7.330000e-06	-5.508307e-06	-1.335889e-09	-3.829239e+01	-8.440233e+01
7.340000e-06	-5.511041e-06	-1.336825e-09	-3.831140e+01	-8.440138e+01
7.350000e-06	-5.513367e-06	-1.339201e-09	-3.832757e+01	-8.440115e+01
7.360000e-06	-5.515390e-06	-1.339340e-09	-3.834163e+01	-8.440129e+01
7.370000e-06	-5.517071e-06	-1.337566e-09	-3.835331e+01	-8.440140e+01
7.380000e-06	-5.518329e-06	-1.334272e-09	-3.836206e+01	-8.440109e+01
7.390000e-06	-5.519170e-06	-1.330997e-09	-3.836791e+01	-8.439993e+01
7.400000e-06	-5.519684e-06	-1.327223e-09	-3.837148e+01	-8.439753e+01
