# Temperatura_=_-9.9
# Concentracion g/m^3_=_1620.0
# C_Vs_to_Am_M_A/Vsm_=_65563218390.804596
# pendiente_HvsI_1/m_=_3716.3
# ordenada_HvsI_A/m_=_1297.0
# frecuencia_Hz_=_135110.51948199765

Tiempo_(s)	Campo_(V.s)	Magnetizacion_(V.s)	Campo_(kA/m)	Magnetizacion_(A/m)
0.000000e+00	-5.516176e-06	-1.349741e-09	-3.837772e+01	-8.753173e+01
1.000000e-08	-5.516381e-06	-1.345170e-09	-3.837915e+01	-8.745071e+01
2.000000e-08	-5.516352e-06	-1.344088e-09	-3.837895e+01	-8.737234e+01
3.000000e-08	-5.516002e-06	-1.345327e-09	-3.837652e+01	-8.729683e+01
4.000000e-08	-5.515254e-06	-1.345820e-09	-3.837131e+01	-8.722436e+01
5.000000e-08	-5.513976e-06	-1.340616e-09	-3.836242e+01	-8.715503e+01
6.000000e-08	-5.511985e-06	-1.324082e-09	-3.834857e+01	-8.708886e+01
7.000000e-08	-5.509388e-06	-1.311684e-09	-3.833050e+01	-8.702582e+01
8.000000e-08	-5.506305e-06	-1.339298e-09	-3.830905e+01	-8.696578e+01
9.000000e-08	-5.502736e-06	-1.386990e-09	-3.828422e+01	-8.690857e+01
1.000000e-07	-5.498714e-06	-1.382878e-09	-3.825623e+01	-8.685394e+01
1.100000e-07	-5.494405e-06	-1.332263e-09	-3.822626e+01	-8.680159e+01
1.200000e-07	-5.489926e-06	-1.284538e-09	-3.819510e+01	-8.675116e+01
1.300000e-07	-5.485147e-06	-1.295074e-09	-3.816185e+01	-8.670222e+01
1.400000e-07	-5.479919e-06	-1.319595e-09	-3.812548e+01	-8.665435e+01
1.500000e-07	-5.474257e-06	-1.312515e-09	-3.808608e+01	-8.660705e+01
1.600000e-07	-5.468307e-06	-1.311488e-09	-3.804469e+01	-8.655981e+01
1.700000e-07	-5.461995e-06	-1.323767e-09	-3.800077e+01	-8.651213e+01
1.800000e-07	-5.455178e-06	-1.346051e-09	-3.795334e+01	-8.646348e+01
1.900000e-07	-5.447945e-06	-1.353768e-09	-3.790302e+01	-8.641333e+01
2.000000e-07	-5.440411e-06	-1.315126e-09	-3.785061e+01	-8.636120e+01
2.100000e-07	-5.432593e-06	-1.292875e-09	-3.779622e+01	-8.630660e+01
2.200000e-07	-5.424623e-06	-1.306282e-09	-3.774076e+01	-8.624910e+01
2.300000e-07	-5.416484e-06	-1.346806e-09	-3.768414e+01	-8.618828e+01
2.400000e-07	-5.407944e-06	-1.338152e-09	-3.762472e+01	-8.612379e+01
2.500000e-07	-5.398725e-06	-1.314719e-09	-3.756059e+01	-8.605534e+01
2.600000e-07	-5.388768e-06	-1.302894e-09	-3.749131e+01	-8.598267e+01
2.700000e-07	-5.378153e-06	-1.298866e-09	-3.741746e+01	-8.590562e+01
2.800000e-07	-5.366985e-06	-1.290940e-09	-3.733976e+01	-8.582406e+01
2.900000e-07	-5.355382e-06	-1.302299e-09	-3.725903e+01	-8.573796e+01
3.000000e-07	-5.343430e-06	-1.312559e-09	-3.717588e+01	-8.564731e+01
3.100000e-07	-5.331137e-06	-1.302540e-09	-3.709035e+01	-8.555221e+01
3.200000e-07	-5.318339e-06	-1.290646e-09	-3.700131e+01	-8.545280e+01
3.300000e-07	-5.305159e-06	-1.292604e-09	-3.690961e+01	-8.534927e+01
3.400000e-07	-5.291684e-06	-1.295449e-09	-3.681587e+01	-8.524187e+01
3.500000e-07	-5.277790e-06	-1.279563e-09	-3.671920e+01	-8.513090e+01
3.600000e-07	-5.263475e-06	-1.292910e-09	-3.661961e+01	-8.501669e+01
3.700000e-07	-5.248776e-06	-1.303268e-09	-3.651734e+01	-8.489960e+01
3.800000e-07	-5.233548e-06	-1.302543e-09	-3.641139e+01	-8.478002e+01
3.900000e-07	-5.217612e-06	-1.298032e-09	-3.630052e+01	-8.465835e+01
4.000000e-07	-5.201230e-06	-1.307303e-09	-3.618655e+01	-8.453498e+01
4.100000e-07	-5.184605e-06	-1.282676e-09	-3.607089e+01	-8.441033e+01
4.200000e-07	-5.167626e-06	-1.270402e-09	-3.595275e+01	-8.428479e+01
4.300000e-07	-5.150234e-06	-1.287778e-09	-3.583176e+01	-8.415872e+01
4.400000e-07	-5.132440e-06	-1.292419e-09	-3.570796e+01	-8.403246e+01
4.500000e-07	-5.114369e-06	-1.272120e-09	-3.558223e+01	-8.390634e+01
4.600000e-07	-5.096004e-06	-1.288666e-09	-3.545446e+01	-8.378063e+01
4.700000e-07	-5.077145e-06	-1.291273e-09	-3.532326e+01	-8.365556e+01
4.800000e-07	-5.057834e-06	-1.260289e-09	-3.518890e+01	-8.353131e+01
4.900000e-07	-5.038264e-06	-1.259574e-09	-3.505275e+01	-8.340803e+01
5.000000e-07	-5.018501e-06	-1.282914e-09	-3.491525e+01	-8.328580e+01
5.100000e-07	-4.998551e-06	-1.252290e-09	-3.477645e+01	-8.316466e+01
5.200000e-07	-4.978340e-06	-1.233063e-09	-3.463584e+01	-8.304460e+01
5.300000e-07	-4.957797e-06	-1.267918e-09	-3.449291e+01	-8.292558e+01
5.400000e-07	-4.936947e-06	-1.275611e-09	-3.434785e+01	-8.280749e+01
5.500000e-07	-4.915731e-06	-1.248122e-09	-3.420024e+01	-8.269020e+01
5.600000e-07	-4.894127e-06	-1.260275e-09	-3.404994e+01	-8.257354e+01
5.700000e-07	-4.872202e-06	-1.270397e-09	-3.389740e+01	-8.245732e+01
5.800000e-07	-4.850002e-06	-1.240663e-09	-3.374295e+01	-8.234132e+01
5.900000e-07	-4.827391e-06	-1.239132e-09	-3.358564e+01	-8.222530e+01
6.000000e-07	-4.804344e-06	-1.259024e-09	-3.342529e+01	-8.210903e+01
6.100000e-07	-4.781022e-06	-1.242044e-09	-3.326304e+01	-8.199225e+01
6.200000e-07	-4.757437e-06	-1.225964e-09	-3.309895e+01	-8.187473e+01
6.300000e-07	-4.733624e-06	-1.241899e-09	-3.293327e+01	-8.175622e+01
6.400000e-07	-4.709611e-06	-1.238099e-09	-3.276621e+01	-8.163653e+01
6.500000e-07	-4.685294e-06	-1.227799e-09	-3.259703e+01	-8.151543e+01
6.600000e-07	-4.660598e-06	-1.240183e-09	-3.242521e+01	-8.139276e+01
6.700000e-07	-4.635499e-06	-1.247574e-09	-3.225059e+01	-8.126838e+01
6.800000e-07	-4.609864e-06	-1.230146e-09	-3.207224e+01	-8.114214e+01
6.900000e-07	-4.583599e-06	-1.226962e-09	-3.188950e+01	-8.101397e+01
7.000000e-07	-4.556761e-06	-1.229526e-09	-3.170278e+01	-8.088380e+01
7.100000e-07	-4.529453e-06	-1.222692e-09	-3.151279e+01	-8.075160e+01
7.200000e-07	-4.501827e-06	-1.215640e-09	-3.132059e+01	-8.061736e+01
7.300000e-07	-4.474047e-06	-1.224613e-09	-3.112731e+01	-8.048110e+01
7.400000e-07	-4.446157e-06	-1.227014e-09	-3.093327e+01	-8.034286e+01
7.500000e-07	-4.418111e-06	-1.221954e-09	-3.073815e+01	-8.020270e+01
7.600000e-07	-4.389743e-06	-1.218546e-09	-3.054079e+01	-8.006068e+01
7.700000e-07	-4.361020e-06	-1.218412e-09	-3.034095e+01	-7.991689e+01
7.800000e-07	-4.331996e-06	-1.208684e-09	-3.013903e+01	-7.977141e+01
7.900000e-07	-4.302683e-06	-1.204824e-09	-2.993508e+01	-7.962432e+01
8.000000e-07	-4.273115e-06	-1.208741e-09	-2.972937e+01	-7.947569e+01
8.100000e-07	-4.243310e-06	-1.208400e-09	-2.952201e+01	-7.932557e+01
8.200000e-07	-4.213230e-06	-1.201120e-09	-2.931273e+01	-7.917403e+01
8.300000e-07	-4.182775e-06	-1.198706e-09	-2.910085e+01	-7.902106e+01
8.400000e-07	-4.151908e-06	-1.192832e-09	-2.888610e+01	-7.886668e+01
8.500000e-07	-4.120757e-06	-1.186496e-09	-2.866937e+01	-7.871085e+01
8.600000e-07	-4.089381e-06	-1.189614e-09	-2.845108e+01	-7.855352e+01
8.700000e-07	-4.057801e-06	-1.190057e-09	-2.823137e+01	-7.839458e+01
8.800000e-07	-4.026080e-06	-1.183740e-09	-2.801067e+01	-7.823393e+01
8.900000e-07	-3.994221e-06	-1.180232e-09	-2.778902e+01	-7.807141e+01
9.000000e-07	-3.962188e-06	-1.177485e-09	-2.756616e+01	-7.790684e+01
9.100000e-07	-3.929913e-06	-1.166838e-09	-2.734161e+01	-7.774003e+01
9.200000e-07	-3.897331e-06	-1.160091e-09	-2.711493e+01	-7.757075e+01
9.300000e-07	-3.864434e-06	-1.158611e-09	-2.688605e+01	-7.739876e+01
9.400000e-07	-3.831109e-06	-1.155598e-09	-2.665420e+01	-7.722382e+01
9.500000e-07	-3.797224e-06	-1.152694e-09	-2.641845e+01	-7.704565e+01
9.600000e-07	-3.762838e-06	-1.154013e-09	-2.617922e+01	-7.686401e+01
9.700000e-07	-3.728013e-06	-1.148246e-09	-2.593693e+01	-7.667864e+01
9.800000e-07	-3.692826e-06	-1.140959e-09	-2.569212e+01	-7.648931e+01
9.900000e-07	-3.657365e-06	-1.138174e-09	-2.544541e+01	-7.629578e+01
1.000000e-06	-3.621745e-06	-1.139835e-09	-2.519759e+01	-7.609787e+01
1.010000e-06	-3.586029e-06	-1.134864e-09	-2.494910e+01	-7.589538e+01
1.020000e-06	-3.550189e-06	-1.131189e-09	-2.469975e+01	-7.568820e+01
1.030000e-06	-3.514232e-06	-1.127763e-09	-2.444959e+01	-7.547621e+01
1.040000e-06	-3.478117e-06	-1.120193e-09	-2.419833e+01	-7.525935e+01
1.050000e-06	-3.441699e-06	-1.114210e-09	-2.394496e+01	-7.503759e+01
1.060000e-06	-3.404956e-06	-1.112923e-09	-2.368932e+01	-7.481096e+01
1.070000e-06	-3.367924e-06	-1.107542e-09	-2.343168e+01	-7.457951e+01
1.080000e-06	-3.330583e-06	-1.101909e-09	-2.317189e+01	-7.434333e+01
1.090000e-06	-3.293046e-06	-1.099303e-09	-2.291073e+01	-7.410256e+01
1.100000e-06	-3.255337e-06	-1.097052e-09	-2.264837e+01	-7.385735e+01
1.110000e-06	-3.217404e-06	-1.088650e-09	-2.238447e+01	-7.360791e+01
1.120000e-06	-3.179185e-06	-1.081109e-09	-2.211856e+01	-7.335443e+01
1.130000e-06	-3.140740e-06	-1.074975e-09	-2.185109e+01	-7.309714e+01
1.140000e-06	-3.102140e-06	-1.067909e-09	-2.158254e+01	-7.283626e+01
1.150000e-06	-3.063255e-06	-1.065118e-09	-2.131200e+01	-7.257202e+01
1.160000e-06	-3.024143e-06	-1.065153e-09	-2.103989e+01	-7.230464e+01
1.170000e-06	-2.984911e-06	-1.061327e-09	-2.076694e+01	-7.203430e+01
1.180000e-06	-2.945471e-06	-1.053705e-09	-2.049254e+01	-7.176117e+01
1.190000e-06	-2.905865e-06	-1.049433e-09	-2.021699e+01	-7.148538e+01
1.200000e-06	-2.866178e-06	-1.044378e-09	-1.994088e+01	-7.120701e+01
1.210000e-06	-2.826355e-06	-1.034831e-09	-1.966382e+01	-7.092609e+01
1.220000e-06	-2.786439e-06	-1.025570e-09	-1.938611e+01	-7.064261e+01
1.230000e-06	-2.746410e-06	-1.020356e-09	-1.910762e+01	-7.035648e+01
1.240000e-06	-2.706185e-06	-1.013742e-09	-1.882776e+01	-7.006755e+01
1.250000e-06	-2.665749e-06	-1.008294e-09	-1.854643e+01	-6.977560e+01
1.260000e-06	-2.625118e-06	-1.006802e-09	-1.826375e+01	-6.948034e+01
1.270000e-06	-2.584268e-06	-1.006756e-09	-1.797955e+01	-6.918142e+01
1.280000e-06	-2.543113e-06	-1.000558e-09	-1.769322e+01	-6.887843e+01
1.290000e-06	-2.501615e-06	-9.929400e-10	-1.740450e+01	-6.857089e+01
1.300000e-06	-2.459799e-06	-9.843879e-10	-1.711357e+01	-6.825826e+01
1.310000e-06	-2.417635e-06	-9.744880e-10	-1.682023e+01	-6.793996e+01
1.320000e-06	-2.375238e-06	-9.640755e-10	-1.652526e+01	-6.761537e+01
1.330000e-06	-2.332570e-06	-9.583997e-10	-1.622841e+01	-6.728383e+01
1.340000e-06	-2.289594e-06	-9.539194e-10	-1.592940e+01	-6.694468e+01
1.350000e-06	-2.246509e-06	-9.507790e-10	-1.562965e+01	-6.659721e+01
1.360000e-06	-2.203262e-06	-9.494870e-10	-1.532877e+01	-6.624076e+01
1.370000e-06	-2.159749e-06	-9.456058e-10	-1.502603e+01	-6.587464e+01
1.380000e-06	-2.116064e-06	-9.387173e-10	-1.472211e+01	-6.549820e+01
1.390000e-06	-2.072283e-06	-9.328275e-10	-1.441751e+01	-6.511084e+01
1.400000e-06	-2.028463e-06	-9.249500e-10	-1.411264e+01	-6.471198e+01
1.410000e-06	-1.984599e-06	-9.159653e-10	-1.380747e+01	-6.430110e+01
1.420000e-06	-1.940637e-06	-9.087574e-10	-1.350161e+01	-6.387776e+01
1.430000e-06	-1.896604e-06	-9.015034e-10	-1.319526e+01	-6.344155e+01
1.440000e-06	-1.852441e-06	-8.919778e-10	-1.288800e+01	-6.299219e+01
1.450000e-06	-1.808178e-06	-8.835529e-10	-1.258005e+01	-6.252943e+01
1.460000e-06	-1.763827e-06	-8.802283e-10	-1.227149e+01	-6.205311e+01
1.470000e-06	-1.719373e-06	-8.769426e-10	-1.196220e+01	-6.156317e+01
1.480000e-06	-1.674831e-06	-8.719960e-10	-1.165231e+01	-6.105961e+01
1.490000e-06	-1.630085e-06	-8.651899e-10	-1.134100e+01	-6.054250e+01
1.500000e-06	-1.585126e-06	-8.524825e-10	-1.102821e+01	-6.001198e+01
1.510000e-06	-1.540051e-06	-8.355503e-10	-1.071461e+01	-5.946824e+01
1.520000e-06	-1.494990e-06	-8.228377e-10	-1.040110e+01	-5.891152e+01
1.530000e-06	-1.449859e-06	-8.141243e-10	-1.008712e+01	-5.834209e+01
1.540000e-06	-1.404563e-06	-8.078062e-10	-9.771972e+00	-5.776025e+01
1.550000e-06	-1.359167e-06	-8.016997e-10	-9.456143e+00	-5.716629e+01
1.560000e-06	-1.313704e-06	-7.931829e-10	-9.139838e+00	-5.656049e+01
1.570000e-06	-1.268178e-06	-7.792198e-10	-8.823106e+00	-5.594312e+01
1.580000e-06	-1.222583e-06	-7.634037e-10	-8.505884e+00	-5.531438e+01
1.590000e-06	-1.176871e-06	-7.491271e-10	-8.187852e+00	-5.467443e+01
1.600000e-06	-1.131002e-06	-7.366097e-10	-7.868729e+00	-5.402334e+01
1.610000e-06	-1.085058e-06	-7.252250e-10	-7.549081e+00	-5.336108e+01
1.620000e-06	-1.039025e-06	-7.156868e-10	-7.228818e+00	-5.268754e+01
1.630000e-06	-9.928819e-07	-7.053244e-10	-6.907784e+00	-5.200246e+01
1.640000e-06	-9.466840e-07	-6.929117e-10	-6.586370e+00	-5.130547e+01
1.650000e-06	-9.004989e-07	-6.802442e-10	-6.265047e+00	-5.059606e+01
1.660000e-06	-8.543069e-07	-6.715023e-10	-5.943675e+00	-4.987355e+01
1.670000e-06	-8.080478e-07	-6.641675e-10	-5.621836e+00	-4.913714e+01
1.680000e-06	-7.617152e-07	-6.556389e-10	-5.299486e+00	-4.838586e+01
1.690000e-06	-7.153437e-07	-6.455535e-10	-4.976865e+00	-4.761861e+01
1.700000e-06	-6.689224e-07	-6.308224e-10	-4.653898e+00	-4.683412e+01
1.710000e-06	-6.223973e-07	-6.115114e-10	-4.330209e+00	-4.603101e+01
1.720000e-06	-5.758701e-07	-5.913587e-10	-4.006504e+00	-4.520776e+01
1.730000e-06	-5.293722e-07	-5.747149e-10	-3.683005e+00	-4.436275e+01
1.740000e-06	-4.828500e-07	-5.634901e-10	-3.359335e+00	-4.349424e+01
1.750000e-06	-4.362668e-07	-5.556552e-10	-3.035242e+00	-4.260044e+01
1.760000e-06	-3.896560e-07	-5.448558e-10	-2.710956e+00	-4.167950e+01
1.770000e-06	-3.429924e-07	-5.287498e-10	-2.386303e+00	-4.072953e+01
1.780000e-06	-2.962487e-07	-5.103139e-10	-2.061093e+00	-3.974862e+01
1.790000e-06	-2.495017e-07	-4.924693e-10	-1.735860e+00	-3.873492e+01
1.800000e-06	-2.027554e-07	-4.758814e-10	-1.410631e+00	-3.768657e+01
1.810000e-06	-1.560590e-07	-4.606272e-10	-1.085750e+00	-3.660183e+01
1.820000e-06	-1.093633e-07	-4.458975e-10	-7.608737e-01	-3.547902e+01
1.830000e-06	-6.259267e-08	-4.299585e-10	-4.354764e-01	-3.431661e+01
1.840000e-06	-1.582614e-08	-4.134562e-10	-1.101073e-01	-3.311322e+01
1.850000e-06	3.091821e-08	-3.977518e-10	2.151074e-01	-3.186763e+01
1.860000e-06	7.768664e-08	-3.827007e-10	5.404898e-01	-3.057883e+01
1.870000e-06	1.244618e-07	-3.673190e-10	8.659191e-01	-2.924603e+01
1.880000e-06	1.712247e-07	-3.504694e-10	1.191262e+00	-2.786866e+01
1.890000e-06	2.180170e-07	-3.310831e-10	1.516811e+00	-2.644644e+01
1.900000e-06	2.648064e-07	-3.087688e-10	1.842339e+00	-2.497931e+01
1.910000e-06	3.115598e-07	-2.855245e-10	2.167617e+00	-2.346752e+01
1.920000e-06	3.582718e-07	-2.616176e-10	2.492607e+00	-2.191158e+01
1.930000e-06	4.049492e-07	-2.387632e-10	2.817355e+00	-2.031230e+01
1.940000e-06	4.516185e-07	-2.177519e-10	3.142049e+00	-1.867076e+01
1.950000e-06	4.982174e-07	-1.982478e-10	3.466251e+00	-1.698833e+01
1.960000e-06	5.448143e-07	-1.782832e-10	3.790440e+00	-1.526665e+01
1.970000e-06	5.913932e-07	-1.560180e-10	4.114504e+00	-1.350761e+01
1.980000e-06	6.378106e-07	-1.315549e-10	4.437444e+00	-1.171338e+01
1.990000e-06	6.841408e-07	-1.043001e-10	4.759777e+00	-9.886313e+00
2.000000e-06	7.304905e-07	-7.571695e-11	5.082246e+00	-8.029013e+00
2.010000e-06	7.767630e-07	-4.938589e-11	5.404178e+00	-6.144259e+00
2.020000e-06	8.229110e-07	-2.318583e-11	5.725244e+00	-4.234997e+00
2.030000e-06	8.691072e-07	5.211191e-12	6.046645e+00	-2.304316e+00
2.040000e-06	9.152809e-07	3.370855e-11	6.367890e+00	-3.554203e-01
2.050000e-06	9.613595e-07	6.103107e-11	6.688472e+00	1.608398e+00
2.060000e-06	1.007447e-06	8.706326e-11	7.009120e+00	3.583788e+00
2.070000e-06	1.053507e-06	1.117548e-10	7.329571e+00	5.567366e+00
2.080000e-06	1.099452e-06	1.360792e-10	7.649224e+00	7.555743e+00
2.090000e-06	1.145245e-06	1.610555e-10	7.967818e+00	9.545554e+00
2.100000e-06	1.190956e-06	1.885290e-10	8.285849e+00	1.153348e+01
2.110000e-06	1.236583e-06	2.187266e-10	8.603289e+00	1.351628e+01
2.120000e-06	1.282104e-06	2.493443e-10	8.919992e+00	1.549081e+01
2.130000e-06	1.327518e-06	2.795146e-10	9.235946e+00	1.745402e+01
2.140000e-06	1.372838e-06	3.087672e-10	9.551258e+00	1.940304e+01
2.150000e-06	1.418096e-06	3.342558e-10	9.866127e+00	2.133512e+01
2.160000e-06	1.463300e-06	3.550736e-10	1.018063e+01	2.324768e+01
2.170000e-06	1.508384e-06	3.749533e-10	1.049429e+01	2.513834e+01
2.180000e-06	1.553250e-06	3.990074e-10	1.080644e+01	2.700488e+01
2.190000e-06	1.597960e-06	4.270003e-10	1.111749e+01	2.884530e+01
2.200000e-06	1.642553e-06	4.576212e-10	1.142774e+01	3.065779e+01
2.210000e-06	1.687035e-06	4.898506e-10	1.173722e+01	3.244074e+01
2.220000e-06	1.731455e-06	5.198201e-10	1.204626e+01	3.419275e+01
2.230000e-06	1.775827e-06	5.457987e-10	1.235498e+01	3.591260e+01
2.240000e-06	1.820054e-06	5.669038e-10	1.266268e+01	3.759929e+01
2.250000e-06	1.864161e-06	5.824295e-10	1.296954e+01	3.925199e+01
2.260000e-06	1.908220e-06	5.962457e-10	1.327607e+01	4.087004e+01
2.270000e-06	1.952181e-06	6.151594e-10	1.358192e+01	4.245298e+01
2.280000e-06	1.996062e-06	6.385120e-10	1.388721e+01	4.400048e+01
2.290000e-06	2.039925e-06	6.632027e-10	1.419238e+01	4.551236e+01
2.300000e-06	2.083780e-06	6.890065e-10	1.449750e+01	4.698858e+01
2.310000e-06	2.127557e-06	7.131839e-10	1.480207e+01	4.842922e+01
2.320000e-06	2.171136e-06	7.317882e-10	1.510526e+01	4.983447e+01
2.330000e-06	2.214598e-06	7.458481e-10	1.540763e+01	5.120460e+01
2.340000e-06	2.257904e-06	7.596532e-10	1.570893e+01	5.253997e+01
2.350000e-06	2.300907e-06	7.757840e-10	1.600811e+01	5.384101e+01
2.360000e-06	2.343637e-06	7.941309e-10	1.630540e+01	5.510820e+01
2.370000e-06	2.386080e-06	8.138611e-10	1.660069e+01	5.634205e+01
2.380000e-06	2.428233e-06	8.327359e-10	1.689396e+01	5.754314e+01
2.390000e-06	2.470080e-06	8.496339e-10	1.718510e+01	5.871202e+01
2.400000e-06	2.511619e-06	8.639782e-10	1.747410e+01	5.984929e+01
2.410000e-06	2.552890e-06	8.767748e-10	1.776124e+01	6.095556e+01
2.420000e-06	2.593873e-06	8.897792e-10	1.804637e+01	6.203140e+01
2.430000e-06	2.634572e-06	9.037222e-10	1.832953e+01	6.307741e+01
2.440000e-06	2.675067e-06	9.188307e-10	1.861126e+01	6.409416e+01
2.450000e-06	2.715472e-06	9.353049e-10	1.889237e+01	6.508221e+01
2.460000e-06	2.755735e-06	9.516649e-10	1.917249e+01	6.604211e+01
2.470000e-06	2.795747e-06	9.653392e-10	1.945087e+01	6.697435e+01
2.480000e-06	2.835604e-06	9.764354e-10	1.972817e+01	6.787946e+01
2.490000e-06	2.875400e-06	9.846845e-10	2.000504e+01	6.875791e+01
2.500000e-06	2.915063e-06	9.923777e-10	2.028099e+01	6.961015e+01
2.510000e-06	2.954533e-06	1.004329e-09	2.055559e+01	7.043662e+01
2.520000e-06	2.993870e-06	1.017422e-09	2.082927e+01	7.123775e+01
2.530000e-06	3.032986e-06	1.031370e-09	2.110141e+01	7.201395e+01
2.540000e-06	3.071814e-06	1.046525e-09	2.137155e+01	7.276562e+01
2.550000e-06	3.110479e-06	1.057937e-09	2.164056e+01	7.349313e+01
2.560000e-06	3.149004e-06	1.064872e-09	2.190858e+01	7.419688e+01
2.570000e-06	3.187328e-06	1.071295e-09	2.217522e+01	7.487724e+01
2.580000e-06	3.225465e-06	1.078473e-09	2.244055e+01	7.553460e+01
2.590000e-06	3.263332e-06	1.084704e-09	2.270400e+01	7.616932e+01
2.600000e-06	3.300910e-06	1.093062e-09	2.296544e+01	7.678179e+01
2.610000e-06	3.338269e-06	1.105074e-09	2.322536e+01	7.737242e+01
2.620000e-06	3.375425e-06	1.119558e-09	2.348386e+01	7.794159e+01
2.630000e-06	3.412340e-06	1.130627e-09	2.374070e+01	7.848973e+01
2.640000e-06	3.448964e-06	1.137539e-09	2.399550e+01	7.901726e+01
2.650000e-06	3.485331e-06	1.141466e-09	2.424851e+01	7.952462e+01
2.660000e-06	3.521492e-06	1.143226e-09	2.450010e+01	8.001225e+01
2.670000e-06	3.557504e-06	1.145789e-09	2.475064e+01	8.048063e+01
2.680000e-06	3.593393e-06	1.150508e-09	2.500033e+01	8.093024e+01
2.690000e-06	3.629118e-06	1.157464e-09	2.524888e+01	8.136156e+01
2.700000e-06	3.664694e-06	1.165624e-09	2.549640e+01	8.177511e+01
2.710000e-06	3.700085e-06	1.172154e-09	2.574262e+01	8.217139e+01
2.720000e-06	3.735168e-06	1.176895e-09	2.598671e+01	8.255093e+01
2.730000e-06	3.769895e-06	1.180752e-09	2.622831e+01	8.291427e+01
2.740000e-06	3.804196e-06	1.183326e-09	2.646695e+01	8.326194e+01
2.750000e-06	3.837998e-06	1.185251e-09	2.670213e+01	8.359447e+01
2.760000e-06	3.871316e-06	1.189146e-09	2.693393e+01	8.391242e+01
2.770000e-06	3.904186e-06	1.197400e-09	2.716262e+01	8.421632e+01
2.780000e-06	3.936576e-06	1.206139e-09	2.738797e+01	8.450671e+01
2.790000e-06	3.968682e-06	1.213056e-09	2.761134e+01	8.478411e+01
2.800000e-06	4.000665e-06	1.218107e-09	2.783385e+01	8.504904e+01
2.810000e-06	4.032505e-06	1.220900e-09	2.805537e+01	8.530201e+01
2.820000e-06	4.064174e-06	1.223070e-09	2.827570e+01	8.554351e+01
2.830000e-06	4.095615e-06	1.227665e-09	2.849445e+01	8.577403e+01
2.840000e-06	4.126784e-06	1.232772e-09	2.871130e+01	8.599402e+01
2.850000e-06	4.157674e-06	1.237134e-09	2.892621e+01	8.620392e+01
2.860000e-06	4.188288e-06	1.243312e-09	2.913920e+01	8.640415e+01
2.870000e-06	4.218598e-06	1.250837e-09	2.935008e+01	8.659512e+01
2.880000e-06	4.248655e-06	1.255043e-09	2.955919e+01	8.677719e+01
2.890000e-06	4.278467e-06	1.255607e-09	2.976660e+01	8.695073e+01
2.900000e-06	4.308035e-06	1.256755e-09	2.997232e+01	8.711607e+01
2.910000e-06	4.337279e-06	1.258478e-09	3.017578e+01	8.727350e+01
2.920000e-06	4.366085e-06	1.261472e-09	3.037619e+01	8.742333e+01
2.930000e-06	4.394556e-06	1.266955e-09	3.057427e+01	8.756581e+01
2.940000e-06	4.422796e-06	1.271980e-09	3.077075e+01	8.770119e+01
2.950000e-06	4.450824e-06	1.276118e-09	3.096574e+01	8.782970e+01
2.960000e-06	4.478695e-06	1.280094e-09	3.115965e+01	8.795155e+01
2.970000e-06	4.506413e-06	1.281767e-09	3.135249e+01	8.806693e+01
2.980000e-06	4.533943e-06	1.283191e-09	3.154403e+01	8.817603e+01
2.990000e-06	4.561237e-06	1.284464e-09	3.173393e+01	8.827902e+01
3.000000e-06	4.588074e-06	1.284284e-09	3.192063e+01	8.837607e+01
3.010000e-06	4.614309e-06	1.285410e-09	3.210316e+01	8.846733e+01
3.020000e-06	4.640024e-06	1.288173e-09	3.228207e+01	8.855296e+01
3.030000e-06	4.665180e-06	1.292513e-09	3.245709e+01	8.863312e+01
3.040000e-06	4.689794e-06	1.295494e-09	3.262833e+01	8.870797e+01
3.050000e-06	4.714025e-06	1.300205e-09	3.279691e+01	8.877767e+01
3.060000e-06	4.738001e-06	1.303021e-09	3.296373e+01	8.884239e+01
3.070000e-06	4.761778e-06	1.301197e-09	3.312915e+01	8.890230e+01
3.080000e-06	4.785348e-06	1.299638e-09	3.329313e+01	8.895759e+01
3.090000e-06	4.808679e-06	1.299494e-09	3.345545e+01	8.900846e+01
3.100000e-06	4.831602e-06	1.299499e-09	3.361493e+01	8.905511e+01
3.110000e-06	4.854077e-06	1.300229e-09	3.377130e+01	8.909775e+01
3.120000e-06	4.876243e-06	1.301925e-09	3.392552e+01	8.913662e+01
3.130000e-06	4.898123e-06	1.303599e-09	3.407774e+01	8.917195e+01
3.140000e-06	4.919716e-06	1.303021e-09	3.422797e+01	8.920399e+01
3.150000e-06	4.940966e-06	1.302085e-09	3.437581e+01	8.923299e+01
3.160000e-06	4.961789e-06	1.301617e-09	3.452069e+01	8.925921e+01
3.170000e-06	4.982189e-06	1.299787e-09	3.466261e+01	8.928290e+01
3.180000e-06	5.002322e-06	1.298618e-09	3.480269e+01	8.930433e+01
3.190000e-06	5.022297e-06	1.298194e-09	3.494166e+01	8.932376e+01
3.200000e-06	5.042028e-06	1.297571e-09	3.507893e+01	8.934143e+01
3.210000e-06	5.061469e-06	1.296886e-09	3.521419e+01	8.935758e+01
3.220000e-06	5.080577e-06	1.298607e-09	3.534713e+01	8.937245e+01
3.230000e-06	5.099309e-06	1.302210e-09	3.547745e+01	8.938623e+01
3.240000e-06	5.117587e-06	1.306891e-09	3.560462e+01	8.939911e+01
3.250000e-06	5.135390e-06	1.309762e-09	3.572848e+01	8.941126e+01
3.260000e-06	5.152844e-06	1.309852e-09	3.584992e+01	8.942281e+01
3.270000e-06	5.169987e-06	1.307409e-09	3.596918e+01	8.943386e+01
3.280000e-06	5.186863e-06	1.304394e-09	3.608660e+01	8.944448e+01
3.290000e-06	5.203491e-06	1.303522e-09	3.620228e+01	8.945470e+01
3.300000e-06	5.219670e-06	1.305000e-09	3.631485e+01	8.946452e+01
3.310000e-06	5.235335e-06	1.306580e-09	3.642383e+01	8.947390e+01
3.320000e-06	5.250604e-06	1.310972e-09	3.653006e+01	8.948276e+01
3.330000e-06	5.265448e-06	1.314077e-09	3.663333e+01	8.949098e+01
3.340000e-06	5.279807e-06	1.316641e-09	3.673324e+01	8.949840e+01
3.350000e-06	5.293712e-06	1.318614e-09	3.682998e+01	8.950483e+01
3.360000e-06	5.307180e-06	1.318495e-09	3.692367e+01	8.951006e+01
3.370000e-06	5.320289e-06	1.319854e-09	3.701488e+01	8.951384e+01
3.380000e-06	5.333064e-06	1.321125e-09	3.710376e+01	8.951588e+01
3.390000e-06	5.345512e-06	1.321085e-09	3.719037e+01	8.951591e+01
3.400000e-06	5.357661e-06	1.319926e-09	3.727489e+01	8.951361e+01
3.410000e-06	5.369522e-06	1.322834e-09	3.735741e+01	8.950867e+01
3.420000e-06	5.380975e-06	1.324598e-09	3.743709e+01	8.950077e+01
3.430000e-06	5.391821e-06	1.324614e-09	3.751255e+01	8.948961e+01
3.440000e-06	5.402040e-06	1.325796e-09	3.758365e+01	8.947487e+01
3.450000e-06	5.411557e-06	1.327112e-09	3.764986e+01	8.945629e+01
3.460000e-06	5.420453e-06	1.329604e-09	3.771175e+01	8.943360e+01
3.470000e-06	5.428960e-06	1.330046e-09	3.777093e+01	8.940657e+01
3.480000e-06	5.437132e-06	1.329539e-09	3.782779e+01	8.937503e+01
3.490000e-06	5.445052e-06	1.330229e-09	3.788290e+01	8.933881e+01
3.500000e-06	5.452725e-06	1.329234e-09	3.793628e+01	8.929782e+01
3.510000e-06	5.460067e-06	1.330778e-09	3.798736e+01	8.925200e+01
3.520000e-06	5.467058e-06	1.332897e-09	3.803600e+01	8.920137e+01
3.530000e-06	5.473633e-06	1.337433e-09	3.808174e+01	8.914598e+01
3.540000e-06	5.479836e-06	1.341482e-09	3.812490e+01	8.908595e+01
3.550000e-06	5.485663e-06	1.341485e-09	3.816544e+01	8.902145e+01
3.560000e-06	5.491102e-06	1.340985e-09	3.820328e+01	8.895271e+01
3.570000e-06	5.496178e-06	1.339716e-09	3.823859e+01	8.888001e+01
3.580000e-06	5.500837e-06	1.340745e-09	3.827101e+01	8.880369e+01
3.590000e-06	5.505171e-06	1.340017e-09	3.830116e+01	8.872413e+01
3.600000e-06	5.509265e-06	1.339538e-09	3.832964e+01	8.864175e+01
3.610000e-06	5.513109e-06	1.339347e-09	3.835639e+01	8.855701e+01
3.620000e-06	5.516706e-06	1.338942e-09	3.838142e+01	8.847038e+01
3.630000e-06	5.519936e-06	1.338360e-09	3.840388e+01	8.838238e+01
3.640000e-06	5.522692e-06	1.339527e-09	3.842306e+01	8.829351e+01
3.650000e-06	5.524894e-06	1.341882e-09	3.843838e+01	8.820429e+01
3.660000e-06	5.526397e-06	1.344942e-09	3.844884e+01	8.811523e+01
3.670000e-06	5.527294e-06	1.347701e-09	3.845508e+01	8.802683e+01
3.680000e-06	5.527793e-06	1.348077e-09	3.845855e+01	8.793957e+01
3.690000e-06	5.528001e-06	1.347394e-09	3.846000e+01	8.785387e+01
3.700000e-06	5.527976e-06	1.345711e-09	3.845982e+01	8.777014e+01
3.710000e-06	5.527692e-06	1.343451e-09	3.845784e+01	8.768873e+01
3.720000e-06	5.527094e-06	1.342081e-09	3.845368e+01	8.760994e+01
3.730000e-06	5.526049e-06	1.341222e-09	3.844641e+01	8.753401e+01
3.740000e-06	5.524487e-06	1.342541e-09	3.843555e+01	8.746109e+01
3.750000e-06	5.522564e-06	1.353198e-09	3.842217e+01	8.739131e+01
3.760000e-06	5.520381e-06	1.372991e-09	3.840698e+01	8.732469e+01
3.770000e-06	5.517898e-06	1.361332e-09	3.838971e+01	8.726121e+01
3.780000e-06	5.515008e-06	1.298486e-09	3.836960e+01	8.720074e+01
3.790000e-06	5.511580e-06	1.269331e-09	3.834575e+01	8.714312e+01
3.800000e-06	5.507630e-06	1.305683e-09	3.831827e+01	8.708810e+01
3.810000e-06	5.503430e-06	1.367081e-09	3.828905e+01	8.703539e+01
3.820000e-06	5.499189e-06	1.397683e-09	3.825954e+01	8.698462e+01
3.830000e-06	5.494747e-06	1.372317e-09	3.822864e+01	8.693539e+01
3.840000e-06	5.489777e-06	1.366426e-09	3.819406e+01	8.688726e+01
3.850000e-06	5.484136e-06	1.369063e-09	3.815482e+01	8.683975e+01
3.860000e-06	5.478048e-06	1.320111e-09	3.811246e+01	8.679234e+01
3.870000e-06	5.471643e-06	1.297085e-09	3.806790e+01	8.674453e+01
3.880000e-06	5.464753e-06	1.336034e-09	3.801996e+01	8.669579e+01
3.890000e-06	5.457289e-06	1.400066e-09	3.796803e+01	8.664561e+01
3.900000e-06	5.449387e-06	1.391341e-09	3.791305e+01	8.659347e+01
3.910000e-06	5.441190e-06	1.323030e-09	3.785602e+01	8.653891e+01
3.920000e-06	5.432639e-06	1.293293e-09	3.779653e+01	8.648148e+01
3.930000e-06	5.423745e-06	1.315478e-09	3.773466e+01	8.642076e+01
3.940000e-06	5.414643e-06	1.347933e-09	3.767133e+01	8.635641e+01
3.950000e-06	5.405209e-06	1.337855e-09	3.760570e+01	8.628811e+01
3.960000e-06	5.395259e-06	1.338231e-09	3.753647e+01	8.621562e+01
3.970000e-06	5.384877e-06	1.346088e-09	3.746424e+01	8.613875e+01
3.980000e-06	5.374217e-06	1.358865e-09	3.739008e+01	8.605739e+01
3.990000e-06	5.363179e-06	1.325550e-09	3.731328e+01	8.597147e+01
4.000000e-06	5.351637e-06	1.303495e-09	3.723298e+01	8.588102e+01
4.010000e-06	5.339668e-06	1.308002e-09	3.714971e+01	8.578610e+01
4.020000e-06	5.327365e-06	1.309898e-09	3.706411e+01	8.568686e+01
4.030000e-06	5.314570e-06	1.298673e-09	3.697509e+01	8.558348e+01
4.040000e-06	5.301192e-06	1.319544e-09	3.688201e+01	8.547620e+01
4.050000e-06	5.287394e-06	1.339296e-09	3.678602e+01	8.536533e+01
4.060000e-06	5.273042e-06	1.297317e-09	3.668617e+01	8.525119e+01
4.070000e-06	5.257965e-06	1.269266e-09	3.658128e+01	8.513414e+01
4.080000e-06	5.242333e-06	1.307516e-09	3.647251e+01	8.501457e+01
4.090000e-06	5.226399e-06	1.332999e-09	3.636166e+01	8.489287e+01
4.100000e-06	5.210202e-06	1.303242e-09	3.624897e+01	8.476944e+01
4.110000e-06	5.193743e-06	1.296533e-09	3.613446e+01	8.464470e+01
4.120000e-06	5.177048e-06	1.304058e-09	3.601831e+01	8.451903e+01
4.130000e-06	5.160040e-06	1.290227e-09	3.589998e+01	8.439280e+01
4.140000e-06	5.142647e-06	1.294333e-09	3.577897e+01	8.426637e+01
4.150000e-06	5.124845e-06	1.315169e-09	3.565511e+01	8.414004e+01
4.160000e-06	5.106687e-06	1.284568e-09	3.552879e+01	8.401410e+01
4.170000e-06	5.088135e-06	1.286130e-09	3.539971e+01	8.388878e+01
4.180000e-06	5.069282e-06	1.327389e-09	3.526855e+01	8.376427e+01
4.190000e-06	5.050154e-06	1.312356e-09	3.513547e+01	8.364072e+01
4.200000e-06	5.030608e-06	1.276951e-09	3.499948e+01	8.351821e+01
4.210000e-06	5.010767e-06	1.315910e-09	3.486144e+01	8.339679e+01
4.220000e-06	4.990738e-06	1.308143e-09	3.472209e+01	8.327646e+01
4.230000e-06	4.970485e-06	1.252291e-09	3.458119e+01	8.315717e+01
4.240000e-06	4.949957e-06	1.286637e-09	3.443836e+01	8.303882e+01
4.250000e-06	4.929125e-06	1.333406e-09	3.429343e+01	8.292129e+01
4.260000e-06	4.907822e-06	1.274014e-09	3.414522e+01	8.280440e+01
4.270000e-06	4.885784e-06	1.259380e-09	3.399189e+01	8.268797e+01
4.280000e-06	4.863060e-06	1.311895e-09	3.383380e+01	8.257177e+01
4.290000e-06	4.839919e-06	1.289780e-09	3.367280e+01	8.245558e+01
4.300000e-06	4.816424e-06	1.253435e-09	3.350934e+01	8.233915e+01
4.310000e-06	4.792581e-06	1.287934e-09	3.334345e+01	8.222223e+01
4.320000e-06	4.768511e-06	1.292916e-09	3.317599e+01	8.210459e+01
4.330000e-06	4.744205e-06	1.269246e-09	3.300689e+01	8.198600e+01
4.340000e-06	4.719663e-06	1.294357e-09	3.283614e+01	8.186622e+01
4.350000e-06	4.694809e-06	1.306002e-09	3.266323e+01	8.174506e+01
4.360000e-06	4.669519e-06	1.273784e-09	3.248727e+01	8.162235e+01
4.370000e-06	4.643875e-06	1.269697e-09	3.230886e+01	8.149792e+01
4.380000e-06	4.617947e-06	1.286909e-09	3.212847e+01	8.137166e+01
4.390000e-06	4.591715e-06	1.279015e-09	3.194597e+01	8.124347e+01
4.400000e-06	4.565146e-06	1.268558e-09	3.176112e+01	8.111328e+01
4.410000e-06	4.538216e-06	1.269053e-09	3.157376e+01	8.098107e+01
4.420000e-06	4.510998e-06	1.264303e-09	3.138439e+01	8.084681e+01
4.430000e-06	4.483464e-06	1.252639e-09	3.119283e+01	8.071053e+01
4.440000e-06	4.455643e-06	1.255802e-09	3.099927e+01	8.057227e+01
4.450000e-06	4.427705e-06	1.264856e-09	3.080490e+01	8.043207e+01
4.460000e-06	4.399659e-06	1.258756e-09	3.060977e+01	8.029002e+01
4.470000e-06	4.371447e-06	1.247669e-09	3.041349e+01	8.014619e+01
4.480000e-06	4.342935e-06	1.256877e-09	3.021513e+01	8.000066e+01
4.490000e-06	4.313942e-06	1.257435e-09	3.001342e+01	7.985352e+01
4.500000e-06	4.284470e-06	1.240730e-09	2.980837e+01	7.970483e+01
4.510000e-06	4.254524e-06	1.235366e-09	2.960003e+01	7.955465e+01
4.520000e-06	4.224097e-06	1.239481e-09	2.938834e+01	7.940304e+01
4.530000e-06	4.193136e-06	1.233148e-09	2.917293e+01	7.925001e+01
4.540000e-06	4.161734e-06	1.238792e-09	2.895446e+01	7.909556e+01
4.550000e-06	4.130092e-06	1.246758e-09	2.873432e+01	7.893967e+01
4.560000e-06	4.098243e-06	1.238132e-09	2.851273e+01	7.878227e+01
4.570000e-06	4.066234e-06	1.230401e-09	2.829003e+01	7.862329e+01
4.580000e-06	4.034086e-06	1.230523e-09	2.806637e+01	7.846260e+01
4.590000e-06	4.001743e-06	1.223376e-09	2.784135e+01	7.830005e+01
4.600000e-06	3.969103e-06	1.220976e-09	2.761427e+01	7.813548e+01
4.610000e-06	3.936159e-06	1.225257e-09	2.738506e+01	7.796868e+01
4.620000e-06	3.902929e-06	1.221945e-09	2.715387e+01	7.779943e+01
4.630000e-06	3.869378e-06	1.216996e-09	2.692045e+01	7.762749e+01
4.640000e-06	3.835502e-06	1.221312e-09	2.668476e+01	7.745261e+01
4.650000e-06	3.801401e-06	1.219577e-09	2.644751e+01	7.727454e+01
4.660000e-06	3.767119e-06	1.211065e-09	2.620900e+01	7.709301e+01
4.670000e-06	3.732598e-06	1.210876e-09	2.596883e+01	7.690778e+01
4.680000e-06	3.697777e-06	1.212464e-09	2.572657e+01	7.671860e+01
4.690000e-06	3.662641e-06	1.208207e-09	2.548212e+01	7.652525e+01
4.700000e-06	3.627180e-06	1.206752e-09	2.523540e+01	7.632751e+01
4.710000e-06	3.591447e-06	1.207097e-09	2.498680e+01	7.612523e+01
4.720000e-06	3.555606e-06	1.200115e-09	2.473744e+01	7.591826e+01
4.730000e-06	3.519706e-06	1.194434e-09	2.448767e+01	7.570649e+01
4.740000e-06	3.483678e-06	1.194570e-09	2.423701e+01	7.548985e+01
4.750000e-06	3.447504e-06	1.190746e-09	2.398534e+01	7.526832e+01
4.760000e-06	3.411211e-06	1.182339e-09	2.373284e+01	7.504190e+01
4.770000e-06	3.374662e-06	1.183324e-09	2.347855e+01	7.481066e+01
4.780000e-06	3.337746e-06	1.185734e-09	2.322172e+01	7.457469e+01
4.790000e-06	3.300573e-06	1.185695e-09	2.296310e+01	7.433411e+01
4.800000e-06	3.262997e-06	1.188342e-09	2.270167e+01	7.408908e+01
4.810000e-06	3.224876e-06	1.190943e-09	2.243645e+01	7.383979e+01
4.820000e-06	3.186340e-06	1.181441e-09	2.216834e+01	7.358646e+01
4.830000e-06	3.147491e-06	1.171730e-09	2.189806e+01	7.332929e+01
4.840000e-06	3.108353e-06	1.169445e-09	2.162577e+01	7.306852e+01
4.850000e-06	3.068913e-06	1.168300e-09	2.135137e+01	7.280436e+01
4.860000e-06	3.029243e-06	1.164067e-09	2.107537e+01	7.253705e+01
4.870000e-06	2.989415e-06	1.165053e-09	2.079827e+01	7.226676e+01
4.880000e-06	2.949456e-06	1.167522e-09	2.052027e+01	7.199367e+01
4.890000e-06	2.909398e-06	1.165165e-09	2.024157e+01	7.171791e+01
4.900000e-06	2.869269e-06	1.158921e-09	1.996238e+01	7.143957e+01
4.910000e-06	2.829004e-06	1.150827e-09	1.968224e+01	7.115869e+01
4.920000e-06	2.788530e-06	1.139940e-09	1.940066e+01	7.087524e+01
4.930000e-06	2.747827e-06	1.133435e-09	1.911747e+01	7.058915e+01
4.940000e-06	2.706984e-06	1.134770e-09	1.883332e+01	7.030027e+01
4.950000e-06	2.665989e-06	1.137915e-09	1.854810e+01	7.000839e+01
4.960000e-06	2.624792e-06	1.140729e-09	1.826148e+01	6.971323e+01
4.970000e-06	2.583452e-06	1.141802e-09	1.797387e+01	6.941445e+01
4.980000e-06	2.541941e-06	1.137659e-09	1.768506e+01	6.911163e+01
4.990000e-06	2.500255e-06	1.128462e-09	1.739504e+01	6.880430e+01
5.000000e-06	2.458348e-06	1.121027e-09	1.710348e+01	6.849193e+01
5.010000e-06	2.416267e-06	1.114069e-09	1.681071e+01	6.817394e+01
5.020000e-06	2.374145e-06	1.107311e-09	1.651765e+01	6.784972e+01
5.030000e-06	2.331875e-06	1.104412e-09	1.622357e+01	6.751860e+01
5.040000e-06	2.289333e-06	1.108407e-09	1.592759e+01	6.717992e+01
5.050000e-06	2.246540e-06	1.109634e-09	1.562987e+01	6.683299e+01
5.060000e-06	2.203589e-06	1.107260e-09	1.533105e+01	6.647712e+01
5.070000e-06	2.160480e-06	1.102651e-09	1.503112e+01	6.611165e+01
5.080000e-06	2.117190e-06	1.095664e-09	1.472994e+01	6.573591e+01
5.090000e-06	2.073793e-06	1.084884e-09	1.442801e+01	6.534930e+01
5.100000e-06	2.030310e-06	1.073845e-09	1.412549e+01	6.495123e+01
5.110000e-06	1.986657e-06	1.063714e-09	1.382178e+01	6.454118e+01
5.120000e-06	1.942840e-06	1.056655e-09	1.351694e+01	6.411871e+01
5.130000e-06	1.898974e-06	1.055340e-09	1.321174e+01	6.368340e+01
5.140000e-06	1.855065e-06	1.056536e-09	1.290626e+01	6.323496e+01
5.150000e-06	1.811094e-06	1.053744e-09	1.260034e+01	6.277313e+01
5.160000e-06	1.767068e-06	1.045454e-09	1.229404e+01	6.229777e+01
5.170000e-06	1.722987e-06	1.034156e-09	1.198735e+01	6.180878e+01
5.180000e-06	1.678825e-06	1.023197e-09	1.168010e+01	6.130617e+01
5.190000e-06	1.634592e-06	1.014736e-09	1.137235e+01	6.078999e+01
5.200000e-06	1.590289e-06	1.007085e-09	1.106413e+01	6.026040e+01
5.210000e-06	1.545887e-06	9.986738e-10	1.075521e+01	5.971756e+01
5.220000e-06	1.501342e-06	9.901618e-10	1.044530e+01	5.916173e+01
5.230000e-06	1.456689e-06	9.818662e-10	1.013463e+01	5.859316e+01
5.240000e-06	1.412000e-06	9.711436e-10	9.823718e+00	5.801216e+01
5.250000e-06	1.367197e-06	9.590821e-10	9.512009e+00	5.741901e+01
5.260000e-06	1.322313e-06	9.509149e-10	9.199738e+00	5.681401e+01
5.270000e-06	1.277322e-06	9.442223e-10	8.886724e+00	5.619740e+01
5.280000e-06	1.232232e-06	9.371721e-10	8.573013e+00	5.556942e+01
5.290000e-06	1.187036e-06	9.297926e-10	8.258572e+00	5.493021e+01
5.300000e-06	1.141692e-06	9.196986e-10	7.943100e+00	5.427986e+01
5.310000e-06	1.096257e-06	9.053113e-10	7.626994e+00	5.361836e+01
5.320000e-06	1.050717e-06	8.919737e-10	7.310161e+00	5.294558e+01
5.330000e-06	1.005059e-06	8.834967e-10	6.992504e+00	5.226129e+01
5.340000e-06	9.592555e-07	8.759903e-10	6.673834e+00	5.156512e+01
5.350000e-06	9.133909e-07	8.683778e-10	6.354740e+00	5.085658e+01
5.360000e-06	8.675431e-07	8.606179e-10	6.035763e+00	5.013501e+01
5.370000e-06	8.217211e-07	8.504307e-10	5.716966e+00	4.939960e+01
5.380000e-06	7.757816e-07	8.377864e-10	5.397350e+00	4.864942e+01
5.390000e-06	7.296223e-07	8.244462e-10	5.076206e+00	4.788336e+01
5.400000e-06	6.833691e-07	8.094887e-10	4.754408e+00	4.710017e+01
5.410000e-06	6.372171e-07	7.977340e-10	4.433315e+00	4.629848e+01
5.420000e-06	5.911503e-07	7.900904e-10	4.112813e+00	4.547679e+01
5.430000e-06	5.450061e-07	7.821528e-10	3.791774e+00	4.463347e+01
5.440000e-06	4.987335e-07	7.666452e-10	3.469842e+00	4.376680e+01
5.450000e-06	4.523864e-07	7.472173e-10	3.147390e+00	4.287499e+01
5.460000e-06	4.059664e-07	7.314908e-10	2.824432e+00	4.195620e+01
5.470000e-06	3.595097e-07	7.194381e-10	2.501219e+00	4.100853e+01
5.480000e-06	3.130501e-07	7.093347e-10	2.177986e+00	4.003009e+01
5.490000e-06	2.665529e-07	6.977065e-10	1.854490e+00	3.901900e+01
5.500000e-06	2.200344e-07	6.816665e-10	1.530847e+00	3.797343e+01
5.510000e-06	1.735409e-07	6.619846e-10	1.207377e+00	3.689160e+01
5.520000e-06	1.270221e-07	6.390230e-10	8.837313e-01	3.577184e+01
5.530000e-06	8.039965e-08	6.147523e-10	5.593650e-01	3.461260e+01
5.540000e-06	3.380165e-08	5.929125e-10	2.351685e-01	3.341248e+01
5.550000e-06	-1.278471e-08	5.766761e-10	-8.894714e-02	3.217027e+01
5.560000e-06	-5.931284e-08	5.623493e-10	-4.126576e-01	3.088492e+01
5.570000e-06	-1.057307e-07	5.434208e-10	-7.356008e-01	2.955562e+01
5.580000e-06	-1.522127e-07	5.187551e-10	-1.058990e+00	2.818180e+01
5.590000e-06	-1.986970e-07	4.913049e-10	-1.382396e+00	2.676313e+01
5.600000e-06	-2.451506e-07	4.639473e-10	-1.705588e+00	2.529955e+01
5.610000e-06	-2.916424e-07	4.385826e-10	-2.029046e+00	2.379128e+01
5.620000e-06	-3.381289e-07	4.151825e-10	-2.352466e+00	2.223881e+01
5.630000e-06	-3.845171e-07	3.902744e-10	-2.675203e+00	2.064291e+01
5.640000e-06	-4.308214e-07	3.620240e-10	-2.997357e+00	1.900466e+01
5.650000e-06	-4.771700e-07	3.301361e-10	-3.319818e+00	1.732540e+01
5.660000e-06	-5.235004e-07	2.975932e-10	-3.642152e+00	1.560673e+01
5.670000e-06	-5.697226e-07	2.682883e-10	-3.963734e+00	1.385055e+01
5.680000e-06	-6.159376e-07	2.411375e-10	-4.285266e+00	1.205897e+01
5.690000e-06	-6.621932e-07	2.135765e-10	-4.607081e+00	1.023436e+01
5.700000e-06	-7.084293e-07	1.829089e-10	-4.928760e+00	8.379291e+00
5.710000e-06	-7.545657e-07	1.501105e-10	-5.249745e+00	6.496528e+00
5.720000e-06	-8.006192e-07	1.164271e-10	-5.570153e+00	4.589006e+00
5.730000e-06	-8.465974e-07	7.988788e-11	-5.890037e+00	2.659804e+00
5.740000e-06	-8.924625e-07	4.563446e-11	-6.209135e+00	7.121155e-01
5.750000e-06	-9.383139e-07	1.473850e-11	-6.528137e+00	-1.250773e+00
5.760000e-06	-9.841174e-07	-1.618136e-11	-6.846807e+00	-3.225513e+00
5.770000e-06	-1.029758e-06	-4.726540e-11	-7.164342e+00	-5.208724e+00
5.780000e-06	-1.075240e-06	-7.766695e-11	-7.480773e+00	-7.197015e+00
5.790000e-06	-1.120643e-06	-1.110319e-10	-7.796657e+00	-9.187020e+00
5.800000e-06	-1.165968e-06	-1.468340e-10	-8.111994e+00	-1.117542e+01
5.810000e-06	-1.211211e-06	-1.848710e-10	-8.426765e+00	-1.315895e+01
5.820000e-06	-1.256403e-06	-2.228009e-10	-8.741180e+00	-1.513447e+01
5.830000e-06	-1.301449e-06	-2.575227e-10	-9.054579e+00	-1.709893e+01
5.840000e-06	-1.346318e-06	-2.878119e-10	-9.366746e+00	-1.904942e+01
5.850000e-06	-1.391111e-06	-3.162922e-10	-9.678382e+00	-2.098320e+01
5.860000e-06	-1.435862e-06	-3.464322e-10	-9.989729e+00	-2.289767e+01
5.870000e-06	-1.480482e-06	-3.783324e-10	-1.030016e+01	-2.479042e+01
5.880000e-06	-1.524952e-06	-4.098380e-10	-1.060956e+01	-2.665924e+01
5.890000e-06	-1.569399e-06	-4.421905e-10	-1.091879e+01	-2.850209e+01
5.900000e-06	-1.613771e-06	-4.770254e-10	-1.122750e+01	-3.031716e+01
5.910000e-06	-1.657980e-06	-5.089904e-10	-1.153507e+01	-3.210281e+01
5.920000e-06	-1.702087e-06	-5.375121e-10	-1.184194e+01	-3.385763e+01
5.930000e-06	-1.746160e-06	-5.656191e-10	-1.214857e+01	-3.558039e+01
5.940000e-06	-1.790241e-06	-5.925619e-10	-1.245525e+01	-3.727007e+01
5.950000e-06	-1.834285e-06	-6.189091e-10	-1.276168e+01	-3.892581e+01
5.960000e-06	-1.878267e-06	-6.480431e-10	-1.306768e+01	-4.054696e+01
5.970000e-06	-1.922181e-06	-6.791852e-10	-1.337320e+01	-4.213302e+01
5.980000e-06	-1.966015e-06	-7.117012e-10	-1.367817e+01	-4.368366e+01
5.990000e-06	-2.009692e-06	-7.422991e-10	-1.398204e+01	-4.519870e+01
6.000000e-06	-2.053211e-06	-7.677514e-10	-1.428482e+01	-4.667808e+01
6.010000e-06	-2.096615e-06	-7.864568e-10	-1.458679e+01	-4.812186e+01
6.020000e-06	-2.139788e-06	-8.035981e-10	-1.488716e+01	-4.953024e+01
6.030000e-06	-2.182739e-06	-8.243295e-10	-1.518598e+01	-5.090347e+01
6.040000e-06	-2.225536e-06	-8.478714e-10	-1.548373e+01	-5.224191e+01
6.050000e-06	-2.268223e-06	-8.732977e-10	-1.578072e+01	-5.354598e+01
6.060000e-06	-2.310836e-06	-8.986158e-10	-1.607719e+01	-5.481615e+01
6.070000e-06	-2.353283e-06	-9.191991e-10	-1.637251e+01	-5.605295e+01
6.080000e-06	-2.395507e-06	-9.335189e-10	-1.666628e+01	-5.725693e+01
6.090000e-06	-2.437551e-06	-9.459973e-10	-1.695879e+01	-5.842866e+01
6.100000e-06	-2.479511e-06	-9.606472e-10	-1.725071e+01	-5.956873e+01
6.110000e-06	-2.521348e-06	-9.803673e-10	-1.754179e+01	-6.067774e+01
6.120000e-06	-2.562954e-06	-1.005026e-09	-1.783125e+01	-6.175628e+01
6.130000e-06	-2.604263e-06	-1.029610e-09	-1.811866e+01	-6.280494e+01
6.140000e-06	-2.645308e-06	-1.049490e-09	-1.840422e+01	-6.382429e+01
6.150000e-06	-2.686122e-06	-1.062869e-09	-1.868817e+01	-6.481490e+01
6.160000e-06	-2.726781e-06	-1.073754e-09	-1.897105e+01	-6.577730e+01
6.170000e-06	-2.767340e-06	-1.084505e-09	-1.925323e+01	-6.671202e+01
6.180000e-06	-2.807719e-06	-1.096483e-09	-1.953416e+01	-6.761956e+01
6.190000e-06	-2.847913e-06	-1.112171e-09	-1.981380e+01	-6.850039e+01
6.200000e-06	-2.888002e-06	-1.131419e-09	-2.009272e+01	-6.935499e+01
6.210000e-06	-2.928063e-06	-1.151304e-09	-2.037143e+01	-7.018378e+01
6.220000e-06	-2.968045e-06	-1.166698e-09	-2.064960e+01	-7.098719e+01
6.230000e-06	-3.007870e-06	-1.178187e-09	-2.092668e+01	-7.176564e+01
6.240000e-06	-3.047500e-06	-1.188491e-09	-2.120239e+01	-7.251952e+01
6.250000e-06	-3.086926e-06	-1.199142e-09	-2.147669e+01	-7.324922e+01
6.260000e-06	-3.126116e-06	-1.209178e-09	-2.174935e+01	-7.395512e+01
6.270000e-06	-3.165014e-06	-1.217607e-09	-2.201997e+01	-7.463760e+01
6.280000e-06	-3.203453e-06	-1.226525e-09	-2.228740e+01	-7.529704e+01
6.290000e-06	-3.241403e-06	-1.236742e-09	-2.255143e+01	-7.593382e+01
6.300000e-06	-3.278996e-06	-1.248073e-09	-2.281298e+01	-7.654832e+01
6.310000e-06	-3.316097e-06	-1.260045e-09	-2.307110e+01	-7.714094e+01
6.320000e-06	-3.352825e-06	-1.271733e-09	-2.332663e+01	-7.771207e+01
6.330000e-06	-3.389352e-06	-1.281956e-09	-2.358076e+01	-7.826213e+01
6.340000e-06	-3.425651e-06	-1.289952e-09	-2.383330e+01	-7.879155e+01
6.350000e-06	-3.461848e-06	-1.296439e-09	-2.408514e+01	-7.930075e+01
6.360000e-06	-3.497964e-06	-1.303046e-09	-2.433641e+01	-7.979020e+01
6.370000e-06	-3.533958e-06	-1.308514e-09	-2.458683e+01	-8.026035e+01
6.380000e-06	-3.569791e-06	-1.313269e-09	-2.483613e+01	-8.071169e+01
6.390000e-06	-3.605343e-06	-1.320566e-09	-2.508348e+01	-8.114470e+01
6.400000e-06	-3.640645e-06	-1.330172e-09	-2.532909e+01	-8.155990e+01
6.410000e-06	-3.675698e-06	-1.340182e-09	-2.557295e+01	-8.195778e+01
6.420000e-06	-3.710425e-06	-1.350001e-09	-2.581456e+01	-8.233889e+01
6.430000e-06	-3.744887e-06	-1.358848e-09	-2.605432e+01	-8.270374e+01
6.440000e-06	-3.779126e-06	-1.367102e-09	-2.629254e+01	-8.305288e+01
6.450000e-06	-3.813119e-06	-1.373296e-09	-2.652903e+01	-8.338684e+01
6.460000e-06	-3.846892e-06	-1.376281e-09	-2.676401e+01	-8.370617e+01
6.470000e-06	-3.880377e-06	-1.379218e-09	-2.699697e+01	-8.401141e+01
6.480000e-06	-3.913510e-06	-1.384280e-09	-2.722749e+01	-8.430308e+01
6.490000e-06	-3.946357e-06	-1.389503e-09	-2.745602e+01	-8.458173e+01
6.500000e-06	-3.978894e-06	-1.394935e-09	-2.768239e+01	-8.484787e+01
6.510000e-06	-4.011192e-06	-1.400087e-09	-2.790709e+01	-8.510200e+01
6.520000e-06	-4.043329e-06	-1.403908e-09	-2.813068e+01	-8.534463e+01
6.530000e-06	-4.075319e-06	-1.408510e-09	-2.835324e+01	-8.557623e+01
6.540000e-06	-4.107128e-06	-1.413384e-09	-2.857455e+01	-8.579726e+01
6.550000e-06	-4.138730e-06	-1.415497e-09	-2.879441e+01	-8.600817e+01
6.560000e-06	-4.170050e-06	-1.415102e-09	-2.901231e+01	-8.620938e+01
6.570000e-06	-4.200915e-06	-1.414806e-09	-2.922705e+01	-8.640129e+01
6.580000e-06	-4.231270e-06	-1.415254e-09	-2.943824e+01	-8.658428e+01
6.590000e-06	-4.261091e-06	-1.415511e-09	-2.964572e+01	-8.675870e+01
6.600000e-06	-4.290387e-06	-1.414781e-09	-2.984953e+01	-8.692489e+01
6.610000e-06	-4.319219e-06	-1.416302e-09	-3.005013e+01	-8.708316e+01
6.620000e-06	-4.347702e-06	-1.419506e-09	-3.024830e+01	-8.723380e+01
6.630000e-06	-4.375958e-06	-1.423645e-09	-3.044488e+01	-8.737707e+01
6.640000e-06	-4.404068e-06	-1.428585e-09	-3.064045e+01	-8.751322e+01
6.650000e-06	-4.432025e-06	-1.431590e-09	-3.083495e+01	-8.764248e+01
6.660000e-06	-4.459716e-06	-1.431230e-09	-3.102761e+01	-8.776506e+01
6.670000e-06	-4.487067e-06	-1.428631e-09	-3.121790e+01	-8.788116e+01
6.680000e-06	-4.514102e-06	-1.425908e-09	-3.140599e+01	-8.799096e+01
6.690000e-06	-4.540774e-06	-1.422804e-09	-3.159156e+01	-8.809464e+01
6.700000e-06	-4.567107e-06	-1.419413e-09	-3.177476e+01	-8.819236e+01
6.710000e-06	-4.593199e-06	-1.419207e-09	-3.195629e+01	-8.828428e+01
6.720000e-06	-4.618978e-06	-1.422994e-09	-3.213565e+01	-8.837056e+01
6.730000e-06	-4.644415e-06	-1.427502e-09	-3.231262e+01	-8.845136e+01
6.740000e-06	-4.669491e-06	-1.431780e-09	-3.248708e+01	-8.852683e+01
6.750000e-06	-4.694253e-06	-1.433445e-09	-3.265936e+01	-8.859714e+01
6.760000e-06	-4.718749e-06	-1.431135e-09	-3.282978e+01	-8.866245e+01
6.770000e-06	-4.743016e-06	-1.426467e-09	-3.299861e+01	-8.872294e+01
6.780000e-06	-4.767068e-06	-1.422822e-09	-3.316595e+01	-8.877880e+01
6.790000e-06	-4.790875e-06	-1.422418e-09	-3.333159e+01	-8.883021e+01
6.800000e-06	-4.814467e-06	-1.421979e-09	-3.349572e+01	-8.887739e+01
6.810000e-06	-4.837659e-06	-1.422514e-09	-3.365707e+01	-8.892054e+01
6.820000e-06	-4.860258e-06	-1.424950e-09	-3.381430e+01	-8.895990e+01
6.830000e-06	-4.882310e-06	-1.427863e-09	-3.396773e+01	-8.899571e+01
6.840000e-06	-4.903781e-06	-1.431661e-09	-3.411710e+01	-8.902820e+01
6.850000e-06	-4.924731e-06	-1.434105e-09	-3.426286e+01	-8.905762e+01
6.860000e-06	-4.945298e-06	-1.433394e-09	-3.440595e+01	-8.908425e+01
6.870000e-06	-4.965546e-06	-1.430859e-09	-3.454682e+01	-8.910833e+01
6.880000e-06	-4.985577e-06	-1.429538e-09	-3.468618e+01	-8.913012e+01
6.890000e-06	-5.005428e-06	-1.428488e-09	-3.482430e+01	-8.914989e+01
6.900000e-06	-5.025029e-06	-1.427690e-09	-3.496067e+01	-8.916789e+01
6.910000e-06	-5.044239e-06	-1.428119e-09	-3.509432e+01	-8.918434e+01
6.920000e-06	-5.063105e-06	-1.429385e-09	-3.522557e+01	-8.919949e+01
6.930000e-06	-5.081617e-06	-1.431331e-09	-3.535436e+01	-8.921354e+01
6.940000e-06	-5.099804e-06	-1.432129e-09	-3.548090e+01	-8.922668e+01
6.950000e-06	-5.117762e-06	-1.429635e-09	-3.560584e+01	-8.923907e+01
6.960000e-06	-5.135386e-06	-1.424126e-09	-3.572846e+01	-8.925085e+01
6.970000e-06	-5.152559e-06	-1.419267e-09	-3.584793e+01	-8.926212e+01
6.980000e-06	-5.169308e-06	-1.417405e-09	-3.596446e+01	-8.927296e+01
6.990000e-06	-5.185704e-06	-1.420189e-09	-3.607853e+01	-8.928341e+01
7.000000e-06	-5.201849e-06	-1.425586e-09	-3.619086e+01	-8.929345e+01
7.010000e-06	-5.217811e-06	-1.428843e-09	-3.630191e+01	-8.930305e+01
7.020000e-06	-5.233468e-06	-1.427873e-09	-3.641084e+01	-8.931214e+01
7.030000e-06	-5.248671e-06	-1.422995e-09	-3.651661e+01	-8.932060e+01
7.040000e-06	-5.263206e-06	-1.417754e-09	-3.661773e+01	-8.932828e+01
7.050000e-06	-5.276949e-06	-1.416332e-09	-3.671335e+01	-8.933499e+01
7.060000e-06	-5.290185e-06	-1.418629e-09	-3.680544e+01	-8.934052e+01
7.070000e-06	-5.303110e-06	-1.422256e-09	-3.689536e+01	-8.934461e+01
7.080000e-06	-5.315665e-06	-1.424122e-09	-3.698271e+01	-8.934700e+01
7.090000e-06	-5.327875e-06	-1.422855e-09	-3.706766e+01	-8.934739e+01
7.100000e-06	-5.339725e-06	-1.419157e-09	-3.715010e+01	-8.934548e+01
7.110000e-06	-5.351221e-06	-1.413861e-09	-3.723008e+01	-8.934096e+01
7.120000e-06	-5.362285e-06	-1.409171e-09	-3.730706e+01	-8.933350e+01
7.130000e-06	-5.372867e-06	-1.407673e-09	-3.738068e+01	-8.932281e+01
7.140000e-06	-5.383035e-06	-1.410171e-09	-3.745143e+01	-8.930857e+01
7.150000e-06	-5.392870e-06	-1.416665e-09	-3.751985e+01	-8.929050e+01
7.160000e-06	-5.402399e-06	-1.422109e-09	-3.758614e+01	-8.926835e+01
7.170000e-06	-5.411505e-06	-1.419417e-09	-3.764950e+01	-8.924188e+01
7.180000e-06	-5.420215e-06	-1.412002e-09	-3.771010e+01	-8.921090e+01
7.190000e-06	-5.428642e-06	-1.405073e-09	-3.776872e+01	-8.917526e+01
7.200000e-06	-5.436812e-06	-1.401500e-09	-3.782557e+01	-8.913486e+01
7.210000e-06	-5.444747e-06	-1.401225e-09	-3.788077e+01	-8.908963e+01
7.220000e-06	-5.452490e-06	-1.401343e-09	-3.793464e+01	-8.903959e+01
7.230000e-06	-5.459799e-06	-1.402872e-09	-3.798549e+01	-8.898477e+01
7.240000e-06	-5.466440e-06	-1.404701e-09	-3.803170e+01	-8.892531e+01
7.250000e-06	-5.472451e-06	-1.402551e-09	-3.807352e+01	-8.886136e+01
7.260000e-06	-5.477902e-06	-1.397999e-09	-3.811144e+01	-8.879314e+01
7.270000e-06	-5.482823e-06	-1.394516e-09	-3.814568e+01	-8.872095e+01
7.280000e-06	-5.487270e-06	-1.390798e-09	-3.817662e+01	-8.864511e+01
7.290000e-06	-5.491447e-06	-1.387684e-09	-3.820568e+01	-8.856599e+01
7.300000e-06	-5.495423e-06	-1.385619e-09	-3.823334e+01	-8.848401e+01
7.310000e-06	-5.499157e-06	-1.382711e-09	-3.825932e+01	-8.839963e+01
7.320000e-06	-5.502540e-06	-1.380411e-09	-3.828285e+01	-8.831333e+01
7.330000e-06	-5.505428e-06	-1.379445e-09	-3.830295e+01	-8.822560e+01
7.340000e-06	-5.507919e-06	-1.378630e-09	-3.832028e+01	-8.813697e+01
7.350000e-06	-5.510140e-06	-1.377026e-09	-3.833573e+01	-8.804795e+01
7.360000e-06	-5.512095e-06	-1.373905e-09	-3.834933e+01	-8.795905e+01
7.370000e-06	-5.513663e-06	-1.370492e-09	-3.836024e+01	-8.787076e+01
7.380000e-06	-5.514732e-06	-1.366139e-09	-3.836768e+01	-8.778357e+01
7.390000e-06	-5.515416e-06	-1.361389e-09	-3.837244e+01	-8.769791e+01
7.400000e-06	-5.515851e-06	-1.356445e-09	-3.837546e+01	-8.761419e+01
