# Temperatura_=_-9.9
# Concentracion g/m^3_=_1620.0
# C_Vs_to_Am_M_A/Vsm_=_65563218390.804596
# pendiente_HvsI_1/m_=_3716.3
# ordenada_HvsI_A/m_=_1297.0
# frecuencia_Hz_=_135109.3239008826

Tiempo_(s)	Campo_(V.s)	Magnetizacion_(V.s)	Campo_(kA/m)	Magnetizacion_(A/m)
0.000000e+00	-5.514780e-06	-1.393020e-09	-3.836596e+01	-9.039045e+01
1.000000e-08	-5.514980e-06	-1.390751e-09	-3.836736e+01	-9.031713e+01
2.000000e-08	-5.514897e-06	-1.388438e-09	-3.836678e+01	-9.024791e+01
3.000000e-08	-5.514451e-06	-1.386067e-09	-3.836368e+01	-9.018300e+01
4.000000e-08	-5.513610e-06	-1.381233e-09	-3.835783e+01	-9.012253e+01
5.000000e-08	-5.512291e-06	-1.373196e-09	-3.834865e+01	-9.006656e+01
6.000000e-08	-5.510386e-06	-1.357395e-09	-3.833539e+01	-9.001507e+01
7.000000e-08	-5.507786e-06	-1.353668e-09	-3.831731e+01	-8.996794e+01
8.000000e-08	-5.504552e-06	-1.397086e-09	-3.829481e+01	-8.992499e+01
9.000000e-08	-5.500856e-06	-1.452961e-09	-3.826910e+01	-8.988596e+01
1.000000e-07	-5.496701e-06	-1.419183e-09	-3.824019e+01	-8.985051e+01
1.100000e-07	-5.492270e-06	-1.325566e-09	-3.820936e+01	-8.981821e+01
1.200000e-07	-5.487760e-06	-1.319331e-09	-3.817799e+01	-8.978860e+01
1.300000e-07	-5.482963e-06	-1.375116e-09	-3.814461e+01	-8.976115e+01
1.400000e-07	-5.477716e-06	-1.372303e-09	-3.810811e+01	-8.973526e+01
1.500000e-07	-5.472045e-06	-1.316112e-09	-3.806866e+01	-8.971032e+01
1.600000e-07	-5.466040e-06	-1.324582e-09	-3.802689e+01	-8.968566e+01
1.700000e-07	-5.459697e-06	-1.415916e-09	-3.798276e+01	-8.966061e+01
1.800000e-07	-5.452888e-06	-1.407172e-09	-3.793539e+01	-8.963446e+01
1.900000e-07	-5.445636e-06	-1.362005e-09	-3.788494e+01	-8.960654e+01
2.000000e-07	-5.438100e-06	-1.342257e-09	-3.783250e+01	-8.957615e+01
2.100000e-07	-5.430313e-06	-1.385628e-09	-3.777833e+01	-8.954262e+01
2.200000e-07	-5.422253e-06	-1.378206e-09	-3.772226e+01	-8.950532e+01
2.300000e-07	-5.414003e-06	-1.360332e-09	-3.766487e+01	-8.946363e+01
2.400000e-07	-5.405361e-06	-1.365565e-09	-3.760474e+01	-8.941702e+01
2.500000e-07	-5.396011e-06	-1.388572e-09	-3.753970e+01	-8.936496e+01
2.600000e-07	-5.385926e-06	-1.373632e-09	-3.746954e+01	-8.930702e+01
2.700000e-07	-5.375278e-06	-1.335709e-09	-3.739546e+01	-8.924280e+01
2.800000e-07	-5.364117e-06	-1.329083e-09	-3.731781e+01	-8.917201e+01
2.900000e-07	-5.352484e-06	-1.354300e-09	-3.723688e+01	-8.909440e+01
3.000000e-07	-5.340514e-06	-1.370232e-09	-3.715361e+01	-8.900979e+01
3.100000e-07	-5.328127e-06	-1.334014e-09	-3.706744e+01	-8.891811e+01
3.200000e-07	-5.315281e-06	-1.327924e-09	-3.697806e+01	-8.881933e+01
3.300000e-07	-5.302095e-06	-1.347456e-09	-3.688633e+01	-8.871350e+01
3.400000e-07	-5.288624e-06	-1.357225e-09	-3.679261e+01	-8.860074e+01
3.500000e-07	-5.274686e-06	-1.306694e-09	-3.669565e+01	-8.848125e+01
3.600000e-07	-5.260346e-06	-1.316668e-09	-3.659588e+01	-8.835526e+01
3.700000e-07	-5.245748e-06	-1.346369e-09	-3.649433e+01	-8.822308e+01
3.800000e-07	-5.230610e-06	-1.333718e-09	-3.638901e+01	-8.808505e+01
3.900000e-07	-5.214745e-06	-1.306200e-09	-3.627864e+01	-8.794157e+01
4.000000e-07	-5.198350e-06	-1.353414e-09	-3.616458e+01	-8.779307e+01
4.100000e-07	-5.181571e-06	-1.344975e-09	-3.604785e+01	-8.763997e+01
4.200000e-07	-5.164452e-06	-1.288926e-09	-3.592876e+01	-8.748277e+01
4.300000e-07	-5.147027e-06	-1.314881e-09	-3.580753e+01	-8.732193e+01
4.400000e-07	-5.129371e-06	-1.373411e-09	-3.568470e+01	-8.715793e+01
4.500000e-07	-5.111380e-06	-1.312690e-09	-3.555954e+01	-8.699126e+01
4.600000e-07	-5.092849e-06	-1.283152e-09	-3.543062e+01	-8.682237e+01
4.700000e-07	-5.073877e-06	-1.344711e-09	-3.529863e+01	-8.665172e+01
4.800000e-07	-5.054607e-06	-1.331313e-09	-3.516457e+01	-8.647974e+01
4.900000e-07	-5.035029e-06	-1.269431e-09	-3.502837e+01	-8.630683e+01
5.000000e-07	-5.015228e-06	-1.313971e-09	-3.489062e+01	-8.613335e+01
5.100000e-07	-4.995288e-06	-1.331217e-09	-3.475190e+01	-8.595965e+01
5.200000e-07	-4.975064e-06	-1.262143e-09	-3.461120e+01	-8.578602e+01
5.300000e-07	-4.954452e-06	-1.287079e-09	-3.446780e+01	-8.561271e+01
5.400000e-07	-4.933509e-06	-1.345961e-09	-3.432210e+01	-8.543996e+01
5.500000e-07	-4.912221e-06	-1.287646e-09	-3.417400e+01	-8.526794e+01
5.600000e-07	-4.890566e-06	-1.253375e-09	-3.402335e+01	-8.509679e+01
5.700000e-07	-4.868525e-06	-1.314213e-09	-3.387001e+01	-8.492663e+01
5.800000e-07	-4.846156e-06	-1.297680e-09	-3.371439e+01	-8.475751e+01
5.900000e-07	-4.823471e-06	-1.252643e-09	-3.355657e+01	-8.458949e+01
6.000000e-07	-4.800504e-06	-1.290655e-09	-3.339680e+01	-8.442255e+01
6.100000e-07	-4.777214e-06	-1.301732e-09	-3.323477e+01	-8.425670e+01
6.200000e-07	-4.753576e-06	-1.249074e-09	-3.307032e+01	-8.409187e+01
6.300000e-07	-4.729776e-06	-1.263637e-09	-3.290475e+01	-8.392801e+01
6.400000e-07	-4.705776e-06	-1.286034e-09	-3.273777e+01	-8.376503e+01
6.500000e-07	-4.681385e-06	-1.258205e-09	-3.256809e+01	-8.360283e+01
6.600000e-07	-4.656585e-06	-1.256307e-09	-3.239556e+01	-8.344132e+01
6.700000e-07	-4.631425e-06	-1.281228e-09	-3.222052e+01	-8.328037e+01
6.800000e-07	-4.605743e-06	-1.254094e-09	-3.204185e+01	-8.311986e+01
6.900000e-07	-4.579478e-06	-1.241124e-09	-3.185913e+01	-8.295967e+01
7.000000e-07	-4.552670e-06	-1.258222e-09	-3.167263e+01	-8.279967e+01
7.100000e-07	-4.525387e-06	-1.251199e-09	-3.148282e+01	-8.263974e+01
7.200000e-07	-4.497775e-06	-1.236670e-09	-3.129073e+01	-8.247974e+01
7.300000e-07	-4.469979e-06	-1.256187e-09	-3.109735e+01	-8.231955e+01
7.400000e-07	-4.442076e-06	-1.256110e-09	-3.090323e+01	-8.215905e+01
7.500000e-07	-4.413992e-06	-1.238917e-09	-3.070786e+01	-8.199812e+01
7.600000e-07	-4.385695e-06	-1.238957e-09	-3.051099e+01	-8.183663e+01
7.700000e-07	-4.357125e-06	-1.236861e-09	-3.031224e+01	-8.167446e+01
7.800000e-07	-4.328134e-06	-1.220295e-09	-3.011055e+01	-8.151149e+01
7.900000e-07	-4.298799e-06	-1.225384e-09	-2.990647e+01	-8.134759e+01
8.000000e-07	-4.269205e-06	-1.232158e-09	-2.970058e+01	-8.118264e+01
8.100000e-07	-4.239314e-06	-1.217503e-09	-2.949263e+01	-8.101650e+01
8.200000e-07	-4.209135e-06	-1.210480e-09	-2.928268e+01	-8.084903e+01
8.300000e-07	-4.178673e-06	-1.218149e-09	-2.907076e+01	-8.068010e+01
8.400000e-07	-4.147892e-06	-1.210590e-09	-2.885662e+01	-8.050955e+01
8.500000e-07	-4.116772e-06	-1.200225e-09	-2.864011e+01	-8.033723e+01
8.600000e-07	-4.085419e-06	-1.210594e-09	-2.842200e+01	-8.016296e+01
8.700000e-07	-4.053895e-06	-1.209172e-09	-2.820268e+01	-7.998659e+01
8.800000e-07	-4.022190e-06	-1.194833e-09	-2.798211e+01	-7.980793e+01
8.900000e-07	-3.990298e-06	-1.192865e-09	-2.776024e+01	-7.962680e+01
9.000000e-07	-3.958222e-06	-1.195988e-09	-2.753709e+01	-7.944301e+01
9.100000e-07	-3.925924e-06	-1.181575e-09	-2.731240e+01	-7.925638e+01
9.200000e-07	-3.893296e-06	-1.177855e-09	-2.708541e+01	-7.906671e+01
9.300000e-07	-3.860253e-06	-1.183782e-09	-2.685553e+01	-7.887381e+01
9.400000e-07	-3.826726e-06	-1.176889e-09	-2.662229e+01	-7.867750e+01
9.500000e-07	-3.792713e-06	-1.165820e-09	-2.638566e+01	-7.847760e+01
9.600000e-07	-3.758300e-06	-1.167940e-09	-2.614625e+01	-7.827394e+01
9.700000e-07	-3.723571e-06	-1.158010e-09	-2.590464e+01	-7.806636e+01
9.800000e-07	-3.688417e-06	-1.141492e-09	-2.566008e+01	-7.785471e+01
9.900000e-07	-3.652832e-06	-1.139500e-09	-2.541251e+01	-7.763888e+01
1.000000e-06	-3.617074e-06	-1.145173e-09	-2.516375e+01	-7.741875e+01
1.010000e-06	-3.581259e-06	-1.136146e-09	-2.491459e+01	-7.719422e+01
1.020000e-06	-3.545366e-06	-1.132080e-09	-2.466488e+01	-7.696525e+01
1.030000e-06	-3.509284e-06	-1.133695e-09	-2.441386e+01	-7.673177e+01
1.040000e-06	-3.472994e-06	-1.128827e-09	-2.416139e+01	-7.649377e+01
1.050000e-06	-3.436496e-06	-1.121452e-09	-2.390748e+01	-7.625126e+01
1.060000e-06	-3.399748e-06	-1.119925e-09	-2.365183e+01	-7.600426e+01
1.070000e-06	-3.362771e-06	-1.112777e-09	-2.339458e+01	-7.575281e+01
1.080000e-06	-3.325510e-06	-1.101747e-09	-2.313536e+01	-7.549698e+01
1.090000e-06	-3.287952e-06	-1.099060e-09	-2.287407e+01	-7.523687e+01
1.100000e-06	-3.250191e-06	-1.097762e-09	-2.261137e+01	-7.497256e+01
1.110000e-06	-3.212215e-06	-1.090709e-09	-2.234717e+01	-7.470417e+01
1.120000e-06	-3.173987e-06	-1.084814e-09	-2.208122e+01	-7.443181e+01
1.130000e-06	-3.135575e-06	-1.081154e-09	-2.181399e+01	-7.415561e+01
1.140000e-06	-3.097012e-06	-1.073452e-09	-2.154571e+01	-7.387568e+01
1.150000e-06	-3.058280e-06	-1.069485e-09	-2.127626e+01	-7.359215e+01
1.160000e-06	-3.019304e-06	-1.070351e-09	-2.100510e+01	-7.330510e+01
1.170000e-06	-2.980032e-06	-1.069450e-09	-2.073189e+01	-7.301463e+01
1.180000e-06	-2.940504e-06	-1.064348e-09	-2.045690e+01	-7.272081e+01
1.190000e-06	-2.900846e-06	-1.062611e-09	-2.018100e+01	-7.242367e+01
1.200000e-06	-2.861163e-06	-1.057820e-09	-1.990492e+01	-7.212322e+01
1.210000e-06	-2.821366e-06	-1.049553e-09	-1.962806e+01	-7.181946e+01
1.220000e-06	-2.781408e-06	-1.043797e-09	-1.935008e+01	-7.151231e+01
1.230000e-06	-2.741354e-06	-1.042711e-09	-1.907142e+01	-7.120169e+01
1.240000e-06	-2.701124e-06	-1.036057e-09	-1.879154e+01	-7.088746e+01
1.250000e-06	-2.660665e-06	-1.029849e-09	-1.851007e+01	-7.056944e+01
1.260000e-06	-2.619934e-06	-1.026559e-09	-1.822671e+01	-7.024742e+01
1.270000e-06	-2.578889e-06	-1.022423e-09	-1.794116e+01	-6.992113e+01
1.280000e-06	-2.537519e-06	-1.013744e-09	-1.765335e+01	-6.959028e+01
1.290000e-06	-2.495873e-06	-1.006385e-09	-1.736363e+01	-6.925453e+01
1.300000e-06	-2.454068e-06	-1.001324e-09	-1.707279e+01	-6.891351e+01
1.310000e-06	-2.412029e-06	-9.937155e-10	-1.678033e+01	-6.856681e+01
1.320000e-06	-2.369602e-06	-9.878978e-10	-1.648517e+01	-6.821401e+01
1.330000e-06	-2.326865e-06	-9.861214e-10	-1.618785e+01	-6.785465e+01
1.340000e-06	-2.283854e-06	-9.833717e-10	-1.588863e+01	-6.748827e+01
1.350000e-06	-2.240579e-06	-9.794325e-10	-1.558756e+01	-6.711439e+01
1.360000e-06	-2.197176e-06	-9.749463e-10	-1.528561e+01	-6.673251e+01
1.370000e-06	-2.153695e-06	-9.679544e-10	-1.498311e+01	-6.634217e+01
1.380000e-06	-2.110138e-06	-9.580408e-10	-1.468009e+01	-6.594288e+01
1.390000e-06	-2.066443e-06	-9.497614e-10	-1.437611e+01	-6.553418e+01
1.400000e-06	-2.022619e-06	-9.409158e-10	-1.407123e+01	-6.511561e+01
1.410000e-06	-1.978747e-06	-9.304123e-10	-1.376602e+01	-6.468676e+01
1.420000e-06	-1.934799e-06	-9.205862e-10	-1.346027e+01	-6.424723e+01
1.430000e-06	-1.890771e-06	-9.130943e-10	-1.315397e+01	-6.379665e+01
1.440000e-06	-1.846678e-06	-9.062087e-10	-1.284722e+01	-6.333467e+01
1.450000e-06	-1.802506e-06	-8.967289e-10	-1.253992e+01	-6.286101e+01
1.460000e-06	-1.758232e-06	-8.882075e-10	-1.223190e+01	-6.237539e+01
1.470000e-06	-1.713843e-06	-8.794559e-10	-1.192310e+01	-6.187758e+01
1.480000e-06	-1.669279e-06	-8.721227e-10	-1.161306e+01	-6.136739e+01
1.490000e-06	-1.624541e-06	-8.674154e-10	-1.130183e+01	-6.084463e+01
1.500000e-06	-1.579782e-06	-8.584846e-10	-1.099044e+01	-6.030916e+01
1.510000e-06	-1.534955e-06	-8.440069e-10	-1.067858e+01	-5.976086e+01
1.520000e-06	-1.489877e-06	-8.310011e-10	-1.036498e+01	-5.919963e+01
1.530000e-06	-1.444599e-06	-8.212310e-10	-1.004998e+01	-5.862536e+01
1.540000e-06	-1.399249e-06	-8.122902e-10	-9.734487e+00	-5.803795e+01
1.550000e-06	-1.353841e-06	-8.016767e-10	-9.418582e+00	-5.743730e+01
1.560000e-06	-1.308365e-06	-7.905895e-10	-9.102211e+00	-5.682329e+01
1.570000e-06	-1.262796e-06	-7.758719e-10	-8.785191e+00	-5.619577e+01
1.580000e-06	-1.217127e-06	-7.602090e-10	-8.467474e+00	-5.555455e+01
1.590000e-06	-1.171348e-06	-7.455566e-10	-8.148995e+00	-5.489943e+01
1.600000e-06	-1.125474e-06	-7.314421e-10	-7.829847e+00	-5.423011e+01
1.610000e-06	-1.079553e-06	-7.181270e-10	-7.510381e+00	-5.354628e+01
1.620000e-06	-1.033562e-06	-7.072024e-10	-7.190421e+00	-5.284753e+01
1.630000e-06	-9.874720e-07	-6.969698e-10	-6.869778e+00	-5.213338e+01
1.640000e-06	-9.413503e-07	-6.869608e-10	-6.548913e+00	-5.140330e+01
1.650000e-06	-8.951824e-07	-6.769197e-10	-6.227726e+00	-5.065663e+01
1.660000e-06	-8.489662e-07	-6.656015e-10	-5.906202e+00	-4.989266e+01
1.670000e-06	-8.026871e-07	-6.529505e-10	-5.584242e+00	-4.911057e+01
1.680000e-06	-7.563372e-07	-6.387790e-10	-5.261788e+00	-4.830948e+01
1.690000e-06	-7.099779e-07	-6.255287e-10	-4.939270e+00	-4.748840e+01
1.700000e-06	-6.636208e-07	-6.108798e-10	-4.616767e+00	-4.664627e+01
1.710000e-06	-6.171873e-07	-5.929168e-10	-4.293732e+00	-4.578194e+01
1.720000e-06	-5.706902e-07	-5.751620e-10	-3.970254e+00	-4.489420e+01
1.730000e-06	-5.241973e-07	-5.586898e-10	-3.646806e+00	-4.398179e+01
1.740000e-06	-4.776732e-07	-5.456314e-10	-3.323141e+00	-4.304339e+01
1.750000e-06	-4.311063e-07	-5.331671e-10	-2.999179e+00	-4.207764e+01
1.760000e-06	-3.845089e-07	-5.193494e-10	-2.675003e+00	-4.108317e+01
1.770000e-06	-3.377659e-07	-5.047236e-10	-2.349815e+00	-4.005858e+01
1.780000e-06	-2.908983e-07	-4.869241e-10	-2.023761e+00	-3.900251e+01
1.790000e-06	-2.440689e-07	-4.703527e-10	-1.697972e+00	-3.791359e+01
1.800000e-06	-1.972007e-07	-4.528980e-10	-1.371912e+00	-3.679052e+01
1.810000e-06	-1.503125e-07	-4.362567e-10	-1.045714e+00	-3.563204e+01
1.820000e-06	-1.034773e-07	-4.202483e-10	-7.198850e-01	-3.443700e+01
1.830000e-06	-5.667735e-08	-4.041382e-10	-3.943006e-01	-3.320431e+01
1.840000e-06	-9.919876e-09	-3.883671e-10	-6.901193e-02	-3.193303e+01
1.850000e-06	3.681693e-08	-3.743422e-10	2.561330e-01	-3.062234e+01
1.860000e-06	8.355326e-08	-3.580527e-10	5.812746e-01	-2.927156e+01
1.870000e-06	1.302163e-07	-3.373876e-10	9.059060e-01	-2.788018e+01
1.880000e-06	1.769306e-07	-3.142793e-10	1.230894e+00	-2.644790e+01
1.890000e-06	2.237929e-07	-2.910824e-10	1.556913e+00	-2.497456e+01
1.900000e-06	2.705898e-07	-2.686971e-10	1.882475e+00	-2.346025e+01
1.910000e-06	3.172647e-07	-2.476174e-10	2.207190e+00	-2.190525e+01
1.920000e-06	3.639230e-07	-2.296419e-10	2.531788e+00	-2.031006e+01
1.930000e-06	4.105291e-07	-2.119289e-10	2.856024e+00	-1.867541e+01
1.940000e-06	4.570845e-07	-1.938181e-10	3.179907e+00	-1.700225e+01
1.950000e-06	5.036930e-07	-1.743055e-10	3.504159e+00	-1.529176e+01
1.960000e-06	5.502285e-07	-1.513898e-10	3.827904e+00	-1.354535e+01
1.970000e-06	5.966128e-07	-1.247423e-10	4.150597e+00	-1.176464e+01
1.980000e-06	6.429687e-07	-9.779596e-11	4.473092e+00	-9.951451e+00
1.990000e-06	6.893212e-07	-7.133636e-11	4.795563e+00	-8.107829e+00
2.000000e-06	7.356395e-07	-4.528190e-11	5.117796e+00	-6.235997e+00
2.010000e-06	7.819325e-07	-2.053774e-11	5.439853e+00	-4.338356e+00
2.020000e-06	8.281944e-07	5.059091e-12	5.761694e+00	-2.417469e+00
2.030000e-06	8.743961e-07	3.313065e-11	6.083116e+00	-4.760423e-01
2.040000e-06	9.204585e-07	6.167053e-11	6.403570e+00	1.483094e+00
2.050000e-06	9.664468e-07	9.047597e-11	6.723507e+00	3.457002e+00
2.060000e-06	1.012492e-06	1.186601e-10	7.043843e+00	5.442665e+00
2.070000e-06	1.058437e-06	1.464933e-10	7.363478e+00	7.436999e+00
2.080000e-06	1.104164e-06	1.727491e-10	7.681599e+00	9.436883e+00
2.090000e-06	1.149819e-06	1.995720e-10	7.999217e+00	1.143918e+01
2.100000e-06	1.195489e-06	2.276837e-10	8.316936e+00	1.344076e+01
2.110000e-06	1.241141e-06	2.561182e-10	8.634540e+00	1.543851e+01
2.120000e-06	1.286747e-06	2.837786e-10	8.951817e+00	1.742938e+01
2.130000e-06	1.332323e-06	3.108114e-10	9.268887e+00	1.941038e+01
2.140000e-06	1.377802e-06	3.365416e-10	9.585280e+00	2.137861e+01
2.150000e-06	1.423139e-06	3.639650e-10	9.900688e+00	2.333130e+01
2.160000e-06	1.468286e-06	3.936726e-10	1.021477e+01	2.526577e+01
2.170000e-06	1.513276e-06	4.222359e-10	1.052776e+01	2.717951e+01
2.180000e-06	1.558186e-06	4.503951e-10	1.084020e+01	2.907014e+01
2.190000e-06	1.602908e-06	4.785865e-10	1.115132e+01	3.093547e+01
2.200000e-06	1.647476e-06	5.066538e-10	1.146138e+01	3.277346e+01
2.210000e-06	1.691976e-06	5.349457e-10	1.177097e+01	3.458229e+01
2.220000e-06	1.736386e-06	5.619955e-10	1.207992e+01	3.636030e+01
2.230000e-06	1.780650e-06	5.865786e-10	1.238787e+01	3.810602e+01
2.240000e-06	1.824778e-06	6.090698e-10	1.269486e+01	3.981820e+01
2.250000e-06	1.868850e-06	6.285430e-10	1.300147e+01	4.149576e+01
2.260000e-06	1.912838e-06	6.467100e-10	1.330749e+01	4.313783e+01
2.270000e-06	1.956727e-06	6.651030e-10	1.361282e+01	4.474370e+01
2.280000e-06	2.000536e-06	6.854625e-10	1.391760e+01	4.631288e+01
2.290000e-06	2.044310e-06	7.101807e-10	1.422213e+01	4.784501e+01
2.300000e-06	2.088063e-06	7.364155e-10	1.452652e+01	4.933993e+01
2.310000e-06	2.131722e-06	7.605160e-10	1.483025e+01	5.079761e+01
2.320000e-06	2.175262e-06	7.816159e-10	1.513316e+01	5.221816e+01
2.330000e-06	2.218659e-06	7.966314e-10	1.543507e+01	5.360185e+01
2.340000e-06	2.261865e-06	8.084082e-10	1.573564e+01	5.494902e+01
2.350000e-06	2.304831e-06	8.229375e-10	1.603456e+01	5.626016e+01
2.360000e-06	2.347577e-06	8.411412e-10	1.633194e+01	5.753580e+01
2.370000e-06	2.390068e-06	8.608565e-10	1.662755e+01	5.877659e+01
2.380000e-06	2.432260e-06	8.823550e-10	1.692107e+01	5.998320e+01
2.390000e-06	2.474207e-06	9.025053e-10	1.721290e+01	6.115638e+01
2.400000e-06	2.515808e-06	9.186256e-10	1.750231e+01	6.229689e+01
2.410000e-06	2.556986e-06	9.312176e-10	1.778879e+01	6.340552e+01
2.420000e-06	2.597841e-06	9.416968e-10	1.807301e+01	6.448308e+01
2.430000e-06	2.638469e-06	9.521539e-10	1.835566e+01	6.553036e+01
2.440000e-06	2.678928e-06	9.644461e-10	1.863713e+01	6.654814e+01
2.450000e-06	2.719243e-06	9.776947e-10	1.891760e+01	6.753720e+01
2.460000e-06	2.759372e-06	9.917871e-10	1.919677e+01	6.849827e+01
2.470000e-06	2.799316e-06	1.007027e-09	1.947466e+01	6.943206e+01
2.480000e-06	2.839172e-06	1.023426e-09	1.975194e+01	7.033923e+01
2.490000e-06	2.878971e-06	1.038154e-09	2.002881e+01	7.122042e+01
2.500000e-06	2.918647e-06	1.048330e-09	2.030484e+01	7.207620e+01
2.510000e-06	2.958181e-06	1.058603e-09	2.057988e+01	7.290711e+01
2.520000e-06	2.997560e-06	1.065979e-09	2.085383e+01	7.371364e+01
2.530000e-06	3.036698e-06	1.073509e-09	2.112611e+01	7.449624e+01
2.540000e-06	3.075526e-06	1.085106e-09	2.139624e+01	7.525531e+01
2.550000e-06	3.114146e-06	1.097406e-09	2.166491e+01	7.599121e+01
2.560000e-06	3.152586e-06	1.107060e-09	2.193233e+01	7.670428e+01
2.570000e-06	3.190738e-06	1.116220e-09	2.219776e+01	7.739482e+01
2.580000e-06	3.228678e-06	1.124671e-09	2.246170e+01	7.806311e+01
2.590000e-06	3.266448e-06	1.129681e-09	2.272447e+01	7.870939e+01
2.600000e-06	3.303982e-06	1.135936e-09	2.298559e+01	7.933391e+01
2.610000e-06	3.341304e-06	1.143582e-09	2.324523e+01	7.993692e+01
2.620000e-06	3.378389e-06	1.153255e-09	2.350324e+01	8.051863e+01
2.630000e-06	3.415179e-06	1.162979e-09	2.375918e+01	8.107929e+01
2.640000e-06	3.451696e-06	1.172431e-09	2.401322e+01	8.161916e+01
2.650000e-06	3.488011e-06	1.180675e-09	2.426586e+01	8.213848e+01
2.660000e-06	3.524137e-06	1.186352e-09	2.451719e+01	8.263754e+01
2.670000e-06	3.560077e-06	1.190684e-09	2.476722e+01	8.311666e+01
2.680000e-06	3.595875e-06	1.193771e-09	2.501627e+01	8.357616e+01
2.690000e-06	3.631575e-06	1.198937e-09	2.526463e+01	8.401641e+01
2.700000e-06	3.667163e-06	1.206773e-09	2.551221e+01	8.443781e+01
2.710000e-06	3.702545e-06	1.213024e-09	2.575836e+01	8.484079e+01
2.720000e-06	3.737580e-06	1.216680e-09	2.600210e+01	8.522581e+01
2.730000e-06	3.772187e-06	1.218848e-09	2.624286e+01	8.559337e+01
2.740000e-06	3.806393e-06	1.220412e-09	2.648083e+01	8.594399e+01
2.750000e-06	3.840122e-06	1.221615e-09	2.671548e+01	8.627825e+01
2.760000e-06	3.873276e-06	1.225162e-09	2.694613e+01	8.659671e+01
2.770000e-06	3.905998e-06	1.231312e-09	2.717377e+01	8.690000e+01
2.780000e-06	3.938435e-06	1.240262e-09	2.739944e+01	8.718874e+01
2.790000e-06	3.970617e-06	1.250026e-09	2.762333e+01	8.746357e+01
2.800000e-06	4.002638e-06	1.257337e-09	2.784609e+01	8.772515e+01
2.810000e-06	4.034493e-06	1.261145e-09	2.806771e+01	8.797413e+01
2.820000e-06	4.066178e-06	1.259651e-09	2.828814e+01	8.821119e+01
2.830000e-06	4.097697e-06	1.258894e-09	2.850741e+01	8.843695e+01
2.840000e-06	4.128934e-06	1.260494e-09	2.872472e+01	8.865208e+01
2.850000e-06	4.159851e-06	1.267428e-09	2.893981e+01	8.885719e+01
2.860000e-06	4.190423e-06	1.276367e-09	2.915250e+01	8.905289e+01
2.870000e-06	4.220665e-06	1.285796e-09	2.936289e+01	8.923976e+01
2.880000e-06	4.250645e-06	1.291622e-09	2.957146e+01	8.941835e+01
2.890000e-06	4.280402e-06	1.291106e-09	2.977848e+01	8.958917e+01
2.900000e-06	4.309928e-06	1.289424e-09	2.998389e+01	8.975270e+01
2.910000e-06	4.339156e-06	1.289057e-09	3.018722e+01	8.990938e+01
2.920000e-06	4.368054e-06	1.291911e-09	3.038827e+01	9.005963e+01
2.930000e-06	4.396582e-06	1.298962e-09	3.058674e+01	9.020379e+01
2.940000e-06	4.424836e-06	1.305962e-09	3.078330e+01	9.034219e+01
2.950000e-06	4.452946e-06	1.312169e-09	3.097885e+01	9.047512e+01
2.960000e-06	4.480874e-06	1.316360e-09	3.117315e+01	9.060280e+01
2.970000e-06	4.508579e-06	1.317855e-09	3.136589e+01	9.072546e+01
2.980000e-06	4.536103e-06	1.318166e-09	3.155737e+01	9.084325e+01
2.990000e-06	4.563346e-06	1.316652e-09	3.174690e+01	9.095633e+01
3.000000e-06	4.590131e-06	1.317406e-09	3.193324e+01	9.106481e+01
3.010000e-06	4.616334e-06	1.320633e-09	3.211553e+01	9.116877e+01
3.020000e-06	4.641984e-06	1.325288e-09	3.229398e+01	9.126828e+01
3.030000e-06	4.667123e-06	1.327952e-09	3.246887e+01	9.136341e+01
3.040000e-06	4.691773e-06	1.328774e-09	3.264036e+01	9.145419e+01
3.050000e-06	4.716057e-06	1.329578e-09	3.280930e+01	9.154067e+01
3.060000e-06	4.740050e-06	1.328845e-09	3.297622e+01	9.162289e+01
3.070000e-06	4.763811e-06	1.327889e-09	3.314153e+01	9.170087e+01
3.080000e-06	4.787280e-06	1.330217e-09	3.330480e+01	9.177467e+01
3.090000e-06	4.810419e-06	1.334134e-09	3.346577e+01	9.184433e+01
3.100000e-06	4.833234e-06	1.339311e-09	3.362450e+01	9.190993e+01
3.110000e-06	4.855669e-06	1.343920e-09	3.378057e+01	9.197154e+01
3.120000e-06	4.877755e-06	1.346725e-09	3.393422e+01	9.202924e+01
3.130000e-06	4.899561e-06	1.346586e-09	3.408593e+01	9.208316e+01
3.140000e-06	4.921058e-06	1.342755e-09	3.423548e+01	9.213340e+01
3.150000e-06	4.942196e-06	1.340481e-09	3.438254e+01	9.218011e+01
3.160000e-06	4.962978e-06	1.339631e-09	3.452711e+01	9.222344e+01
3.170000e-06	4.983427e-06	1.337855e-09	3.466938e+01	9.226355e+01
3.180000e-06	5.003583e-06	1.337856e-09	3.480960e+01	9.230061e+01
3.190000e-06	5.023496e-06	1.340385e-09	3.494813e+01	9.233481e+01
3.200000e-06	5.043196e-06	1.344389e-09	3.508518e+01	9.236631e+01
3.210000e-06	5.062701e-06	1.346627e-09	3.522088e+01	9.239531e+01
3.220000e-06	5.081939e-06	1.347352e-09	3.535472e+01	9.242199e+01
3.230000e-06	5.100752e-06	1.348085e-09	3.548560e+01	9.244649e+01
3.240000e-06	5.118987e-06	1.348635e-09	3.561246e+01	9.246899e+01
3.250000e-06	5.136737e-06	1.348205e-09	3.573595e+01	9.248962e+01
3.260000e-06	5.154224e-06	1.348773e-09	3.585760e+01	9.250850e+01
3.270000e-06	5.171413e-06	1.351538e-09	3.597718e+01	9.252571e+01
3.280000e-06	5.188245e-06	1.355197e-09	3.609428e+01	9.254133e+01
3.290000e-06	5.204772e-06	1.359733e-09	3.620926e+01	9.255538e+01
3.300000e-06	5.220894e-06	1.363464e-09	3.632142e+01	9.256787e+01
3.310000e-06	5.236572e-06	1.365251e-09	3.643049e+01	9.257878e+01
3.320000e-06	5.251759e-06	1.366071e-09	3.653615e+01	9.258803e+01
3.330000e-06	5.266394e-06	1.364920e-09	3.663796e+01	9.259553e+01
3.340000e-06	5.280591e-06	1.365809e-09	3.673673e+01	9.260116e+01
3.350000e-06	5.294473e-06	1.369354e-09	3.683330e+01	9.260474e+01
3.360000e-06	5.308042e-06	1.372964e-09	3.692770e+01	9.260610e+01
3.370000e-06	5.321199e-06	1.374564e-09	3.701923e+01	9.260502e+01
3.380000e-06	5.334013e-06	1.375714e-09	3.710838e+01	9.260127e+01
3.390000e-06	5.346471e-06	1.377314e-09	3.719505e+01	9.259462e+01
3.400000e-06	5.358531e-06	1.377461e-09	3.727895e+01	9.258479e+01
3.410000e-06	5.370264e-06	1.380564e-09	3.736058e+01	9.257154e+01
3.420000e-06	5.381661e-06	1.386135e-09	3.743987e+01	9.255461e+01
3.430000e-06	5.392648e-06	1.391198e-09	3.751630e+01	9.253375e+01
3.440000e-06	5.402982e-06	1.393448e-09	3.758820e+01	9.250874e+01
3.450000e-06	5.412594e-06	1.393907e-09	3.765506e+01	9.247937e+01
3.460000e-06	5.421599e-06	1.395014e-09	3.771771e+01	9.244546e+01
3.470000e-06	5.430072e-06	1.395171e-09	3.777666e+01	9.240688e+01
3.480000e-06	5.438185e-06	1.394543e-09	3.783310e+01	9.236352e+01
3.490000e-06	5.446064e-06	1.395442e-09	3.788792e+01	9.231533e+01
3.500000e-06	5.453699e-06	1.396638e-09	3.794103e+01	9.226230e+01
3.510000e-06	5.461018e-06	1.399122e-09	3.799195e+01	9.220450e+01
3.520000e-06	5.467907e-06	1.403492e-09	3.803987e+01	9.214201e+01
3.530000e-06	5.474371e-06	1.408108e-09	3.808485e+01	9.207502e+01
3.540000e-06	5.480530e-06	1.409697e-09	3.812769e+01	9.200373e+01
3.550000e-06	5.486390e-06	1.410506e-09	3.816846e+01	9.192844e+01
3.560000e-06	5.491855e-06	1.409659e-09	3.820648e+01	9.184947e+01
3.570000e-06	5.496898e-06	1.406571e-09	3.824156e+01	9.176721e+01
3.580000e-06	5.501525e-06	1.406246e-09	3.827375e+01	9.168209e+01
3.590000e-06	5.505780e-06	1.408889e-09	3.830335e+01	9.159459e+01
3.600000e-06	5.509823e-06	1.412501e-09	3.833148e+01	9.150523e+01
3.610000e-06	5.513675e-06	1.416731e-09	3.835828e+01	9.141455e+01
3.620000e-06	5.517235e-06	1.418778e-09	3.838304e+01	9.132310e+01
3.630000e-06	5.520440e-06	1.415914e-09	3.840534e+01	9.123148e+01
3.640000e-06	5.523153e-06	1.410484e-09	3.842421e+01	9.114025e+01
3.650000e-06	5.525240e-06	1.405936e-09	3.843874e+01	9.104999e+01
3.660000e-06	5.526690e-06	1.404386e-09	3.844883e+01	9.096127e+01
3.670000e-06	5.527612e-06	1.405726e-09	3.845524e+01	9.087462e+01
3.680000e-06	5.528132e-06	1.407595e-09	3.845885e+01	9.079053e+01
3.690000e-06	5.528297e-06	1.409740e-09	3.846000e+01	9.070948e+01
3.700000e-06	5.528193e-06	1.411270e-09	3.845928e+01	9.063187e+01
3.710000e-06	5.527783e-06	1.411217e-09	3.845642e+01	9.055805e+01
3.720000e-06	5.526965e-06	1.410396e-09	3.845073e+01	9.048831e+01
3.730000e-06	5.525760e-06	1.406795e-09	3.844235e+01	9.042286e+01
3.740000e-06	5.524230e-06	1.404649e-09	3.843171e+01	9.036185e+01
3.750000e-06	5.522411e-06	1.416886e-09	3.841905e+01	9.030534e+01
3.760000e-06	5.520283e-06	1.436546e-09	3.840425e+01	9.025330e+01
3.770000e-06	5.517800e-06	1.413939e-09	3.838698e+01	9.020565e+01
3.780000e-06	5.514908e-06	1.336639e-09	3.836685e+01	9.016219e+01
3.790000e-06	5.511453e-06	1.325016e-09	3.834282e+01	9.012267e+01
3.800000e-06	5.507434e-06	1.426430e-09	3.831486e+01	9.008676e+01
3.810000e-06	5.503207e-06	1.480403e-09	3.828545e+01	9.005405e+01
3.820000e-06	5.498988e-06	1.431209e-09	3.825610e+01	9.002407e+01
3.830000e-06	5.494526e-06	1.406757e-09	3.822506e+01	8.999629e+01
3.840000e-06	5.489311e-06	1.444999e-09	3.818878e+01	8.997013e+01
3.850000e-06	5.483368e-06	1.474348e-09	3.814744e+01	8.994496e+01
3.860000e-06	5.477273e-06	1.360048e-09	3.810503e+01	8.992013e+01
3.870000e-06	5.470968e-06	1.311613e-09	3.806117e+01	8.989496e+01
3.880000e-06	5.464005e-06	1.442490e-09	3.801273e+01	8.986877e+01
3.890000e-06	5.456432e-06	1.526098e-09	3.796004e+01	8.984085e+01
3.900000e-06	5.448632e-06	1.413769e-09	3.790578e+01	8.981052e+01
3.910000e-06	5.440530e-06	1.298251e-09	3.784941e+01	8.977711e+01
3.920000e-06	5.431833e-06	1.394919e-09	3.778891e+01	8.973997e+01
3.930000e-06	5.422825e-06	1.452335e-09	3.772624e+01	8.969851e+01
3.940000e-06	5.413727e-06	1.376249e-09	3.766295e+01	8.965215e+01
3.950000e-06	5.404216e-06	1.314916e-09	3.759678e+01	8.960039e+01
3.960000e-06	5.394088e-06	1.412822e-09	3.752632e+01	8.954278e+01
3.970000e-06	5.383594e-06	1.449266e-09	3.745331e+01	8.947894e+01
3.980000e-06	5.372861e-06	1.388818e-09	3.737865e+01	8.940853e+01
3.990000e-06	5.361659e-06	1.352734e-09	3.730072e+01	8.933132e+01
4.000000e-06	5.349977e-06	1.390751e-09	3.721944e+01	8.924714e+01
4.010000e-06	5.338011e-06	1.380972e-09	3.713619e+01	8.915588e+01
4.020000e-06	5.325633e-06	1.319651e-09	3.705008e+01	8.905751e+01
4.030000e-06	5.312600e-06	1.315918e-09	3.695941e+01	8.895210e+01
4.040000e-06	5.299068e-06	1.388340e-09	3.686527e+01	8.883974e+01
4.050000e-06	5.285301e-06	1.406444e-09	3.676949e+01	8.872063e+01
4.060000e-06	5.270963e-06	1.320663e-09	3.666974e+01	8.859500e+01
4.070000e-06	5.255881e-06	1.305650e-09	3.656482e+01	8.846315e+01
4.080000e-06	5.240344e-06	1.389361e-09	3.645673e+01	8.832543e+01
4.090000e-06	5.224462e-06	1.387840e-09	3.634624e+01	8.818222e+01
4.100000e-06	5.208232e-06	1.282433e-09	3.623333e+01	8.803394e+01
4.110000e-06	5.191686e-06	1.318845e-09	3.611822e+01	8.788105e+01
4.120000e-06	5.174993e-06	1.400649e-09	3.600209e+01	8.772400e+01
4.130000e-06	5.158006e-06	1.335045e-09	3.588391e+01	8.756327e+01
4.140000e-06	5.140444e-06	1.278425e-09	3.576173e+01	8.739935e+01
4.150000e-06	5.122522e-06	1.378380e-09	3.563705e+01	8.723271e+01
4.160000e-06	5.104334e-06	1.355633e-09	3.551052e+01	8.706382e+01
4.170000e-06	5.085733e-06	1.250467e-09	3.538111e+01	8.689313e+01
4.180000e-06	5.066832e-06	1.319845e-09	3.524962e+01	8.672107e+01
4.190000e-06	5.047698e-06	1.396628e-09	3.511650e+01	8.654806e+01
4.200000e-06	5.028202e-06	1.283560e-09	3.498088e+01	8.637444e+01
4.210000e-06	5.008364e-06	1.287946e-09	3.484286e+01	8.620058e+01
4.220000e-06	4.988277e-06	1.390984e-09	3.470311e+01	8.602676e+01
4.230000e-06	4.967947e-06	1.310548e-09	3.456168e+01	8.585325e+01
4.240000e-06	4.947338e-06	1.247219e-09	3.441831e+01	8.568027e+01
4.250000e-06	4.926334e-06	1.367960e-09	3.427219e+01	8.550801e+01
4.260000e-06	4.904729e-06	1.345596e-09	3.412188e+01	8.533662e+01
4.270000e-06	4.882430e-06	1.234047e-09	3.396675e+01	8.516620e+01
4.280000e-06	4.859658e-06	1.317255e-09	3.380832e+01	8.499682e+01
4.290000e-06	4.836543e-06	1.370866e-09	3.364752e+01	8.482853e+01
4.300000e-06	4.812970e-06	1.262778e-09	3.348352e+01	8.466134e+01
4.310000e-06	4.789051e-06	1.278093e-09	3.331711e+01	8.449522e+01
4.320000e-06	4.764963e-06	1.361873e-09	3.314954e+01	8.433014e+01
4.330000e-06	4.740658e-06	1.305746e-09	3.298045e+01	8.416603e+01
4.340000e-06	4.716032e-06	1.285502e-09	3.280913e+01	8.400281e+01
4.350000e-06	4.691107e-06	1.346606e-09	3.263572e+01	8.384039e+01
4.360000e-06	4.665910e-06	1.313577e-09	3.246043e+01	8.367865e+01
4.370000e-06	4.640330e-06	1.271316e-09	3.228248e+01	8.351749e+01
4.380000e-06	4.614410e-06	1.318189e-09	3.210215e+01	8.335678e+01
4.390000e-06	4.588171e-06	1.315506e-09	3.191961e+01	8.319640e+01
4.400000e-06	4.561538e-06	1.279092e-09	3.173432e+01	8.303622e+01
4.410000e-06	4.534594e-06	1.298578e-09	3.154688e+01	8.287611e+01
4.420000e-06	4.507341e-06	1.303766e-09	3.135728e+01	8.271595e+01
4.430000e-06	4.479782e-06	1.268997e-09	3.116555e+01	8.255561e+01
4.440000e-06	4.451999e-06	1.282463e-09	3.097227e+01	8.239498e+01
4.450000e-06	4.424047e-06	1.296195e-09	3.077781e+01	8.223391e+01
4.460000e-06	4.395929e-06	1.273244e-09	3.058219e+01	8.207230e+01
4.470000e-06	4.367595e-06	1.269523e-09	3.038508e+01	8.191003e+01
4.480000e-06	4.338987e-06	1.289346e-09	3.018605e+01	8.174696e+01
4.490000e-06	4.309974e-06	1.277842e-09	2.998421e+01	8.158297e+01
4.500000e-06	4.280524e-06	1.267496e-09	2.977932e+01	8.141794e+01
4.510000e-06	4.250627e-06	1.274359e-09	2.957134e+01	8.125173e+01
4.520000e-06	4.220162e-06	1.260425e-09	2.935939e+01	8.108421e+01
4.530000e-06	4.189131e-06	1.241805e-09	2.914351e+01	8.091524e+01
4.540000e-06	4.157760e-06	1.260678e-09	2.892527e+01	8.074466e+01
4.550000e-06	4.126123e-06	1.268474e-09	2.870517e+01	8.057232e+01
4.560000e-06	4.094250e-06	1.246825e-09	2.848343e+01	8.039805e+01
4.570000e-06	4.062218e-06	1.245007e-09	2.826058e+01	8.022169e+01
4.580000e-06	4.029972e-06	1.254006e-09	2.803625e+01	8.004306e+01
4.590000e-06	3.997538e-06	1.233307e-09	2.781061e+01	7.986197e+01
4.600000e-06	3.964848e-06	1.223801e-09	2.758319e+01	7.967824e+01
4.610000e-06	3.931779e-06	1.241045e-09	2.735313e+01	7.949168e+01
4.620000e-06	3.898381e-06	1.237918e-09	2.712078e+01	7.930210e+01
4.630000e-06	3.864744e-06	1.228815e-09	2.688677e+01	7.910931e+01
4.640000e-06	3.830901e-06	1.243520e-09	2.665133e+01	7.891312e+01
4.650000e-06	3.796888e-06	1.242489e-09	2.641470e+01	7.871335e+01
4.660000e-06	3.762664e-06	1.216380e-09	2.617661e+01	7.850984e+01
4.670000e-06	3.728152e-06	1.213865e-09	2.593651e+01	7.830242e+01
4.680000e-06	3.693335e-06	1.221060e-09	2.569429e+01	7.809095e+01
4.690000e-06	3.658213e-06	1.210986e-09	2.544995e+01	7.787530e+01
4.700000e-06	3.622817e-06	1.207438e-09	2.520370e+01	7.765536e+01
4.710000e-06	3.587189e-06	1.220392e-09	2.495584e+01	7.743104e+01
4.720000e-06	3.551359e-06	1.216513e-09	2.470657e+01	7.720226e+01
4.730000e-06	3.515400e-06	1.206517e-09	2.445641e+01	7.696899e+01
4.740000e-06	3.479326e-06	1.209141e-09	2.420544e+01	7.673120e+01
4.750000e-06	3.443096e-06	1.204435e-09	2.395340e+01	7.648889e+01
4.760000e-06	3.406728e-06	1.185484e-09	2.370038e+01	7.624209e+01
4.770000e-06	3.370118e-06	1.182117e-09	2.344569e+01	7.599084e+01
4.780000e-06	3.333163e-06	1.187200e-09	2.318860e+01	7.573521e+01
4.790000e-06	3.295824e-06	1.184413e-09	2.292883e+01	7.547528e+01
4.800000e-06	3.258109e-06	1.186174e-09	2.266645e+01	7.521114e+01
4.810000e-06	3.220019e-06	1.193191e-09	2.240146e+01	7.494291e+01
4.820000e-06	3.181485e-06	1.187453e-09	2.213339e+01	7.467071e+01
4.830000e-06	3.142598e-06	1.179262e-09	2.186285e+01	7.439466e+01
4.840000e-06	3.103396e-06	1.178230e-09	2.159013e+01	7.411487e+01
4.850000e-06	3.063926e-06	1.171942e-09	2.131553e+01	7.383146e+01
4.860000e-06	3.024275e-06	1.158510e-09	2.103968e+01	7.354453e+01
4.870000e-06	2.984452e-06	1.155128e-09	2.076264e+01	7.325417e+01
4.880000e-06	2.944468e-06	1.156381e-09	2.048447e+01	7.296046e+01
4.890000e-06	2.904341e-06	1.154210e-09	2.020531e+01	7.266342e+01
4.900000e-06	2.864093e-06	1.152960e-09	1.992531e+01	7.236309e+01
4.910000e-06	2.823763e-06	1.151814e-09	1.964473e+01	7.205943e+01
4.920000e-06	2.783354e-06	1.145488e-09	1.936361e+01	7.175240e+01
4.930000e-06	2.742749e-06	1.141125e-09	1.908113e+01	7.144190e+01
4.940000e-06	2.701895e-06	1.143605e-09	1.879691e+01	7.112780e+01
4.950000e-06	2.660816e-06	1.143599e-09	1.851112e+01	7.080994e+01
4.960000e-06	2.619512e-06	1.140661e-09	1.822378e+01	7.048809e+01
4.970000e-06	2.578051e-06	1.137667e-09	1.793533e+01	7.016200e+01
4.980000e-06	2.536440e-06	1.133598e-09	1.764585e+01	6.983137e+01
4.990000e-06	2.494687e-06	1.126817e-09	1.735538e+01	6.949587e+01
5.000000e-06	2.452805e-06	1.121775e-09	1.706400e+01	6.915513e+01
5.010000e-06	2.410734e-06	1.119079e-09	1.677132e+01	6.880875e+01
5.020000e-06	2.368486e-06	1.115650e-09	1.647740e+01	6.845631e+01
5.030000e-06	2.326094e-06	1.110925e-09	1.618248e+01	6.809734e+01
5.040000e-06	2.283497e-06	1.109670e-09	1.588614e+01	6.773139e+01
5.050000e-06	2.240669e-06	1.106533e-09	1.558819e+01	6.735798e+01
5.060000e-06	2.197651e-06	1.100927e-09	1.528892e+01	6.697663e+01
5.070000e-06	2.154471e-06	1.093439e-09	1.498852e+01	6.658684e+01
5.080000e-06	2.111191e-06	1.085782e-09	1.468742e+01	6.618814e+01
5.090000e-06	2.067836e-06	1.077827e-09	1.438580e+01	6.578007e+01
5.100000e-06	2.024336e-06	1.070477e-09	1.408317e+01	6.536217e+01
5.110000e-06	1.980653e-06	1.064132e-09	1.377927e+01	6.493403e+01
5.120000e-06	1.936878e-06	1.061633e-09	1.347473e+01	6.449523e+01
5.130000e-06	1.893083e-06	1.062265e-09	1.317006e+01	6.404541e+01
5.140000e-06	1.849183e-06	1.060405e-09	1.286465e+01	6.358422e+01
5.150000e-06	1.805188e-06	1.053569e-09	1.255858e+01	6.311138e+01
5.160000e-06	1.761167e-06	1.042824e-09	1.225233e+01	6.262659e+01
5.170000e-06	1.717088e-06	1.029461e-09	1.194567e+01	6.212964e+01
5.180000e-06	1.672940e-06	1.017318e-09	1.163853e+01	6.162031e+01
5.190000e-06	1.628709e-06	1.009499e-09	1.133082e+01	6.109843e+01
5.200000e-06	1.584425e-06	1.004497e-09	1.102274e+01	6.056386e+01
5.210000e-06	1.540040e-06	9.999806e-10	1.071396e+01	6.001647e+01
5.220000e-06	1.495503e-06	9.957372e-10	1.040412e+01	5.945615e+01
5.230000e-06	1.450870e-06	9.895991e-10	1.009361e+01	5.888280e+01
5.240000e-06	1.406152e-06	9.799727e-10	9.782504e+00	5.829632e+01
5.250000e-06	1.361265e-06	9.697132e-10	9.470232e+00	5.769660e+01
5.260000e-06	1.316291e-06	9.626858e-10	9.157352e+00	5.708354e+01
5.270000e-06	1.271245e-06	9.557943e-10	8.843968e+00	5.645698e+01
5.280000e-06	1.226115e-06	9.475586e-10	8.530002e+00	5.581674e+01
5.290000e-06	1.180939e-06	9.395675e-10	8.215718e+00	5.516261e+01
5.300000e-06	1.135604e-06	9.301347e-10	7.900323e+00	5.449432e+01
5.310000e-06	1.090005e-06	9.196345e-10	7.583094e+00	5.381155e+01
5.320000e-06	1.044275e-06	9.097648e-10	7.264952e+00	5.311388e+01
5.330000e-06	9.985304e-07	9.020726e-10	6.946711e+00	5.240087e+01
5.340000e-06	9.527086e-07	8.909077e-10	6.627932e+00	5.167197e+01
5.350000e-06	9.068287e-07	8.755507e-10	6.308749e+00	5.092653e+01
5.360000e-06	8.609505e-07	8.605932e-10	5.989577e+00	5.016386e+01
5.370000e-06	8.150543e-07	8.461887e-10	5.670280e+00	4.938315e+01
5.380000e-06	7.690861e-07	8.303171e-10	5.350482e+00	4.858351e+01
5.390000e-06	7.230153e-07	8.138291e-10	5.029970e+00	4.776397e+01
5.400000e-06	6.768357e-07	8.010209e-10	4.708702e+00	4.692346e+01
5.410000e-06	6.306076e-07	7.941818e-10	4.387096e+00	4.606085e+01
5.420000e-06	5.844028e-07	7.882141e-10	4.065653e+00	4.517494e+01
5.430000e-06	5.381412e-07	7.793725e-10	3.743813e+00	4.426447e+01
5.440000e-06	4.917543e-07	7.618336e-10	3.421103e+00	4.332812e+01
5.450000e-06	4.453294e-07	7.396221e-10	3.098127e+00	4.236453e+01
5.460000e-06	3.988774e-07	7.186723e-10	2.774964e+00	4.137233e+01
5.470000e-06	3.524203e-07	7.014108e-10	2.451765e+00	4.035014e+01
5.480000e-06	3.059465e-07	6.890244e-10	2.128450e+00	3.929657e+01
5.490000e-06	2.594195e-07	6.777988e-10	1.804764e+00	3.821027e+01
5.500000e-06	2.128607e-07	6.647922e-10	1.480858e+00	3.708992e+01
5.510000e-06	1.664225e-07	6.476481e-10	1.157790e+00	3.593427e+01
5.520000e-06	1.199945e-07	6.242955e-10	8.347939e-01	3.474215e+01
5.530000e-06	7.344065e-08	5.988522e-10	5.109218e-01	3.351247e+01
5.540000e-06	2.692144e-08	5.760028e-10	1.872907e-01	3.224427e+01
5.550000e-06	-1.951947e-08	5.572890e-10	-1.357957e-01	3.093671e+01
5.560000e-06	-6.603883e-08	5.403786e-10	-4.594278e-01	2.958912e+01
5.570000e-06	-1.126287e-07	5.204230e-10	-7.835504e-01	2.820098e+01
5.580000e-06	-1.591386e-07	4.971780e-10	-1.107117e+00	2.677194e+01
5.590000e-06	-2.055705e-07	4.722895e-10	-1.430141e+00	2.530185e+01
5.600000e-06	-2.519693e-07	4.470528e-10	-1.752934e+00	2.379078e+01
5.610000e-06	-2.984030e-07	4.216542e-10	-2.075971e+00	2.223898e+01
5.620000e-06	-3.448562e-07	3.974929e-10	-2.399142e+00	2.064694e+01
5.630000e-06	-3.912691e-07	3.721337e-10	-2.722034e+00	1.901538e+01
5.640000e-06	-4.376791e-07	3.436548e-10	-3.044905e+00	1.734522e+01
5.650000e-06	-4.840278e-07	3.125700e-10	-3.367350e+00	1.563762e+01
5.660000e-06	-5.303185e-07	2.783477e-10	-3.689391e+00	1.389397e+01
5.670000e-06	-5.765785e-07	2.444891e-10	-4.011219e+00	1.211588e+01
5.680000e-06	-6.227906e-07	2.131386e-10	-4.332713e+00	1.030516e+01
5.690000e-06	-6.689552e-07	1.821614e-10	-4.653878e+00	8.463818e+00
5.700000e-06	-7.150188e-07	1.508001e-10	-4.974339e+00	6.594077e+00
5.710000e-06	-7.610431e-07	1.202202e-10	-5.294527e+00	4.698321e+00
5.720000e-06	-8.070486e-07	9.104267e-11	-5.614584e+00	2.779099e+00
5.730000e-06	-8.530237e-07	5.887631e-11	-5.934430e+00	8.391071e-01
5.740000e-06	-8.989598e-07	2.625573e-11	-6.254005e+00	-1.118834e+00
5.750000e-06	-9.448363e-07	-6.339691e-12	-6.573164e+00	-3.091797e+00
5.760000e-06	-9.906739e-07	-4.078483e-11	-6.892053e+00	-5.076767e+00
5.770000e-06	-1.036414e-06	-7.671185e-11	-7.210268e+00	-7.070667e+00
5.780000e-06	-1.081879e-06	-1.107537e-10	-7.526561e+00	-9.070379e+00
5.790000e-06	-1.127114e-06	-1.436452e-10	-7.841257e+00	-1.107277e+01
5.800000e-06	-1.172314e-06	-1.749744e-10	-8.155710e+00	-1.307469e+01
5.810000e-06	-1.217492e-06	-2.082397e-10	-8.470013e+00	-1.507305e+01
5.820000e-06	-1.262566e-06	-2.445847e-10	-8.783592e+00	-1.706478e+01
5.830000e-06	-1.307478e-06	-2.817267e-10	-9.096038e+00	-1.904688e+01
5.840000e-06	-1.352284e-06	-3.182545e-10	-9.407748e+00	-2.101646e+01
5.850000e-06	-1.397061e-06	-3.525137e-10	-9.719263e+00	-2.297072e+01
5.860000e-06	-1.441798e-06	-3.852752e-10	-1.003050e+01	-2.490697e+01
5.870000e-06	-1.486408e-06	-4.174979e-10	-1.034084e+01	-2.682270e+01
5.880000e-06	-1.530879e-06	-4.473600e-10	-1.065022e+01	-2.871551e+01
5.890000e-06	-1.575282e-06	-4.746980e-10	-1.095914e+01	-3.058320e+01
5.900000e-06	-1.619569e-06	-5.026310e-10	-1.126724e+01	-3.242372e+01
5.910000e-06	-1.663773e-06	-5.324909e-10	-1.157476e+01	-3.423521e+01
5.920000e-06	-1.707950e-06	-5.651761e-10	-1.188210e+01	-3.601602e+01
5.930000e-06	-1.752050e-06	-5.993241e-10	-1.218890e+01	-3.776465e+01
5.940000e-06	-1.796106e-06	-6.338530e-10	-1.249539e+01	-3.947984e+01
5.950000e-06	-1.840124e-06	-6.642060e-10	-1.280162e+01	-4.116049e+01
5.960000e-06	-1.884061e-06	-6.927337e-10	-1.310729e+01	-4.280572e+01
5.970000e-06	-1.927942e-06	-7.209877e-10	-1.341257e+01	-4.441480e+01
5.980000e-06	-1.971754e-06	-7.506616e-10	-1.371736e+01	-4.598722e+01
5.990000e-06	-2.015474e-06	-7.804544e-10	-1.402152e+01	-4.752262e+01
6.000000e-06	-2.059006e-06	-8.074545e-10	-1.432437e+01	-4.902081e+01
6.010000e-06	-2.102322e-06	-8.310994e-10	-1.462572e+01	-5.048176e+01
6.020000e-06	-2.145519e-06	-8.523411e-10	-1.492624e+01	-5.190557e+01
6.030000e-06	-2.188598e-06	-8.744095e-10	-1.522593e+01	-5.329249e+01
6.040000e-06	-2.231509e-06	-8.966787e-10	-1.552446e+01	-5.464286e+01
6.050000e-06	-2.274204e-06	-9.186723e-10	-1.582149e+01	-5.595715e+01
6.060000e-06	-2.316649e-06	-9.384180e-10	-1.611678e+01	-5.723590e+01
6.070000e-06	-2.358889e-06	-9.564947e-10	-1.641064e+01	-5.847973e+01
6.080000e-06	-2.400978e-06	-9.754777e-10	-1.670344e+01	-5.968933e+01
6.090000e-06	-2.442885e-06	-9.945097e-10	-1.699499e+01	-6.086544e+01
6.100000e-06	-2.484638e-06	-1.011843e-09	-1.728546e+01	-6.200881e+01
6.110000e-06	-2.526341e-06	-1.029414e-09	-1.757559e+01	-6.312024e+01
6.120000e-06	-2.567952e-06	-1.050620e-09	-1.786507e+01	-6.420053e+01
6.130000e-06	-2.609332e-06	-1.072684e-09	-1.815296e+01	-6.525047e+01
6.140000e-06	-2.650478e-06	-1.093203e-09	-1.843921e+01	-6.627085e+01
6.150000e-06	-2.691351e-06	-1.110668e-09	-1.872356e+01	-6.726244e+01
6.160000e-06	-2.732038e-06	-1.125340e-09	-1.900661e+01	-6.822599e+01
6.170000e-06	-2.772594e-06	-1.139955e-09	-1.928875e+01	-6.916220e+01
6.180000e-06	-2.812934e-06	-1.154179e-09	-1.956940e+01	-7.007173e+01
6.190000e-06	-2.853155e-06	-1.167511e-09	-1.984921e+01	-7.095524e+01
6.200000e-06	-2.893316e-06	-1.182191e-09	-2.012861e+01	-7.181328e+01
6.210000e-06	-2.933333e-06	-1.197847e-09	-2.040700e+01	-7.264642e+01
6.220000e-06	-2.973205e-06	-1.212558e-09	-2.068439e+01	-7.345513e+01
6.230000e-06	-3.012918e-06	-1.225690e-09	-2.096067e+01	-7.423988e+01
6.240000e-06	-3.052477e-06	-1.237704e-09	-2.123589e+01	-7.500106e+01
6.250000e-06	-3.091863e-06	-1.248137e-09	-2.150989e+01	-7.573905e+01
6.260000e-06	-3.130950e-06	-1.256395e-09	-2.178182e+01	-7.645419e+01
6.270000e-06	-3.169751e-06	-1.265680e-09	-2.205175e+01	-7.714676e+01
6.280000e-06	-3.208142e-06	-1.278288e-09	-2.231883e+01	-7.781706e+01
6.290000e-06	-3.246030e-06	-1.291952e-09	-2.258242e+01	-7.846534e+01
6.300000e-06	-3.283492e-06	-1.304405e-09	-2.284304e+01	-7.909184e+01
6.310000e-06	-3.320522e-06	-1.314980e-09	-2.310065e+01	-7.969680e+01
6.320000e-06	-3.357235e-06	-1.322844e-09	-2.335606e+01	-8.028045e+01
6.330000e-06	-3.393748e-06	-1.329124e-09	-2.361008e+01	-8.084303e+01
6.340000e-06	-3.430065e-06	-1.336605e-09	-2.386274e+01	-8.138478e+01
6.350000e-06	-3.466230e-06	-1.343726e-09	-2.411433e+01	-8.190597e+01
6.360000e-06	-3.502282e-06	-1.349648e-09	-2.436515e+01	-8.240689e+01
6.370000e-06	-3.538219e-06	-1.356978e-09	-2.461516e+01	-8.288782e+01
6.380000e-06	-3.573984e-06	-1.365077e-09	-2.486398e+01	-8.334912e+01
6.390000e-06	-3.609525e-06	-1.371909e-09	-2.511123e+01	-8.379113e+01
6.400000e-06	-3.644851e-06	-1.379866e-09	-2.535699e+01	-8.421425e+01
6.410000e-06	-3.679875e-06	-1.389088e-09	-2.560065e+01	-8.461892e+01
6.420000e-06	-3.714573e-06	-1.398095e-09	-2.584204e+01	-8.500559e+01
6.430000e-06	-3.749028e-06	-1.407197e-09	-2.608174e+01	-8.537475e+01
6.440000e-06	-3.783209e-06	-1.415472e-09	-2.631954e+01	-8.572694e+01
6.450000e-06	-3.817113e-06	-1.421845e-09	-2.655541e+01	-8.606270e+01
6.460000e-06	-3.850768e-06	-1.427363e-09	-2.678954e+01	-8.638263e+01
6.470000e-06	-3.884186e-06	-1.434631e-09	-2.702203e+01	-8.668733e+01
6.480000e-06	-3.917220e-06	-1.442804e-09	-2.725184e+01	-8.697743e+01
6.490000e-06	-3.949856e-06	-1.448090e-09	-2.747889e+01	-8.725356e+01
6.500000e-06	-3.982320e-06	-1.453399e-09	-2.770474e+01	-8.751639e+01
6.510000e-06	-4.014672e-06	-1.458181e-09	-2.792981e+01	-8.776657e+01
6.520000e-06	-4.046868e-06	-1.460071e-09	-2.815380e+01	-8.800476e+01
6.530000e-06	-4.078851e-06	-1.463275e-09	-2.837630e+01	-8.823162e+01
6.540000e-06	-4.110560e-06	-1.468943e-09	-2.859690e+01	-8.844778e+01
6.550000e-06	-4.142016e-06	-1.475004e-09	-2.881574e+01	-8.865387e+01
6.560000e-06	-4.173074e-06	-1.481730e-09	-2.903181e+01	-8.885050e+01
6.570000e-06	-4.203638e-06	-1.486360e-09	-2.924443e+01	-8.903826e+01
6.580000e-06	-4.233766e-06	-1.486756e-09	-2.945403e+01	-8.921768e+01
6.590000e-06	-4.263398e-06	-1.484937e-09	-2.966018e+01	-8.938930e+01
6.600000e-06	-4.292502e-06	-1.483215e-09	-2.986266e+01	-8.955359e+01
6.610000e-06	-4.321128e-06	-1.484860e-09	-3.006180e+01	-8.971100e+01
6.620000e-06	-4.349441e-06	-1.487287e-09	-3.025878e+01	-8.986194e+01
6.630000e-06	-4.377627e-06	-1.490379e-09	-3.045487e+01	-9.000676e+01
6.640000e-06	-4.405695e-06	-1.493362e-09	-3.065013e+01	-9.014581e+01
6.650000e-06	-4.433585e-06	-1.493967e-09	-3.084416e+01	-9.027935e+01
6.660000e-06	-4.461233e-06	-1.491720e-09	-3.103651e+01	-9.040763e+01
6.670000e-06	-4.488526e-06	-1.489058e-09	-3.122639e+01	-9.053087e+01
6.680000e-06	-4.515520e-06	-1.488398e-09	-3.141418e+01	-9.064924e+01
6.690000e-06	-4.542210e-06	-1.487975e-09	-3.159986e+01	-9.076287e+01
6.700000e-06	-4.568554e-06	-1.487856e-09	-3.178313e+01	-9.087190e+01
6.710000e-06	-4.594643e-06	-1.489924e-09	-3.196463e+01	-9.097640e+01
6.720000e-06	-4.620467e-06	-1.492773e-09	-3.214428e+01	-9.107645e+01
6.730000e-06	-4.645880e-06	-1.493320e-09	-3.232108e+01	-9.117212e+01
6.740000e-06	-4.670847e-06	-1.492949e-09	-3.249478e+01	-9.126343e+01
6.750000e-06	-4.695470e-06	-1.491695e-09	-3.266608e+01	-9.135044e+01
6.760000e-06	-4.719847e-06	-1.491704e-09	-3.283567e+01	-9.143317e+01
6.770000e-06	-4.744052e-06	-1.491901e-09	-3.300406e+01	-9.151168e+01
6.780000e-06	-4.768092e-06	-1.493992e-09	-3.317131e+01	-9.158599e+01
6.790000e-06	-4.791923e-06	-1.497119e-09	-3.333710e+01	-9.165617e+01
6.800000e-06	-4.815363e-06	-1.496649e-09	-3.350017e+01	-9.172228e+01
6.810000e-06	-4.838320e-06	-1.493880e-09	-3.365988e+01	-9.178438e+01
6.820000e-06	-4.860801e-06	-1.490876e-09	-3.381628e+01	-9.184258e+01
6.830000e-06	-4.882743e-06	-1.488400e-09	-3.396892e+01	-9.189698e+01
6.840000e-06	-4.904070e-06	-1.486018e-09	-3.411730e+01	-9.194769e+01
6.850000e-06	-4.924904e-06	-1.485601e-09	-3.426224e+01	-9.199486e+01
6.860000e-06	-4.945426e-06	-1.487707e-09	-3.440500e+01	-9.203863e+01
6.870000e-06	-4.965679e-06	-1.490447e-09	-3.454591e+01	-9.207918e+01
6.880000e-06	-4.985713e-06	-1.490697e-09	-3.468528e+01	-9.211666e+01
6.890000e-06	-5.005534e-06	-1.490089e-09	-3.482318e+01	-9.215125e+01
6.900000e-06	-5.025117e-06	-1.488732e-09	-3.495941e+01	-9.218315e+01
6.910000e-06	-5.044290e-06	-1.484798e-09	-3.509280e+01	-9.221252e+01
6.920000e-06	-5.063003e-06	-1.482196e-09	-3.522298e+01	-9.223955e+01
6.930000e-06	-5.081428e-06	-1.481312e-09	-3.535116e+01	-9.226440e+01
6.940000e-06	-5.099599e-06	-1.478531e-09	-3.547758e+01	-9.228724e+01
6.950000e-06	-5.117463e-06	-1.474815e-09	-3.560186e+01	-9.230819e+01
6.960000e-06	-5.134966e-06	-1.471545e-09	-3.572363e+01	-9.232737e+01
6.970000e-06	-5.152103e-06	-1.471431e-09	-3.584285e+01	-9.234489e+01
6.980000e-06	-5.168899e-06	-1.471426e-09	-3.595969e+01	-9.236081e+01
6.990000e-06	-5.185402e-06	-1.471049e-09	-3.607451e+01	-9.237516e+01
7.000000e-06	-5.201616e-06	-1.470679e-09	-3.618731e+01	-9.238796e+01
7.010000e-06	-5.217597e-06	-1.469152e-09	-3.629848e+01	-9.239917e+01
7.020000e-06	-5.233317e-06	-1.467084e-09	-3.640785e+01	-9.240873e+01
7.030000e-06	-5.248464e-06	-1.463706e-09	-3.651322e+01	-9.241655e+01
7.040000e-06	-5.262950e-06	-1.461454e-09	-3.661400e+01	-9.242251e+01
7.050000e-06	-5.276852e-06	-1.461800e-09	-3.671071e+01	-9.242644e+01
7.060000e-06	-5.290209e-06	-1.464992e-09	-3.680364e+01	-9.242816e+01
7.070000e-06	-5.303020e-06	-1.468423e-09	-3.689277e+01	-9.242746e+01
7.080000e-06	-5.315359e-06	-1.468796e-09	-3.697860e+01	-9.242412e+01
7.090000e-06	-5.327447e-06	-1.466030e-09	-3.706271e+01	-9.241789e+01
7.100000e-06	-5.339274e-06	-1.462052e-09	-3.714498e+01	-9.240850e+01
7.110000e-06	-5.350680e-06	-1.457392e-09	-3.722433e+01	-9.239572e+01
7.120000e-06	-5.361578e-06	-1.451467e-09	-3.730015e+01	-9.237927e+01
7.130000e-06	-5.372067e-06	-1.448730e-09	-3.737312e+01	-9.235892e+01
7.140000e-06	-5.382336e-06	-1.449793e-09	-3.744456e+01	-9.233444e+01
7.150000e-06	-5.392287e-06	-1.453492e-09	-3.751379e+01	-9.230561e+01
7.160000e-06	-5.401806e-06	-1.457486e-09	-3.758001e+01	-9.227225e+01
7.170000e-06	-5.410893e-06	-1.457192e-09	-3.764323e+01	-9.223423e+01
7.180000e-06	-5.419491e-06	-1.454113e-09	-3.770305e+01	-9.219144e+01
7.190000e-06	-5.427811e-06	-1.449668e-09	-3.776093e+01	-9.214383e+01
7.200000e-06	-5.435959e-06	-1.446126e-09	-3.781761e+01	-9.209138e+01
7.210000e-06	-5.443847e-06	-1.443546e-09	-3.787249e+01	-9.203413e+01
7.220000e-06	-5.451426e-06	-1.442661e-09	-3.792522e+01	-9.197221e+01
7.230000e-06	-5.458607e-06	-1.443157e-09	-3.797517e+01	-9.190575e+01
7.240000e-06	-5.465265e-06	-1.442653e-09	-3.802149e+01	-9.183498e+01
7.250000e-06	-5.471277e-06	-1.440338e-09	-3.806332e+01	-9.176018e+01
7.260000e-06	-5.476623e-06	-1.436706e-09	-3.810051e+01	-9.168167e+01
7.270000e-06	-5.481463e-06	-1.434072e-09	-3.813418e+01	-9.159984e+01
7.280000e-06	-5.485954e-06	-1.431863e-09	-3.816542e+01	-9.151511e+01
7.290000e-06	-5.490155e-06	-1.428154e-09	-3.819465e+01	-9.142797e+01
7.300000e-06	-5.494123e-06	-1.424635e-09	-3.822226e+01	-9.133891e+01
7.310000e-06	-5.497780e-06	-1.421351e-09	-3.824770e+01	-9.124849e+01
7.320000e-06	-5.501119e-06	-1.418831e-09	-3.827092e+01	-9.115725e+01
7.330000e-06	-5.504084e-06	-1.418571e-09	-3.829155e+01	-9.106579e+01
7.340000e-06	-5.506684e-06	-1.419258e-09	-3.830964e+01	-9.097468e+01
7.350000e-06	-5.508942e-06	-1.418466e-09	-3.832535e+01	-9.088449e+01
7.360000e-06	-5.510814e-06	-1.415536e-09	-3.833838e+01	-9.079579e+01
7.370000e-06	-5.512329e-06	-1.412255e-09	-3.834891e+01	-9.070911e+01
7.380000e-06	-5.513322e-06	-1.409391e-09	-3.835582e+01	-9.062497e+01
7.390000e-06	-5.513975e-06	-1.405168e-09	-3.836036e+01	-9.054382e+01
7.400000e-06	-5.514464e-06	-1.398474e-09	-3.836377e+01	-9.046607e+01
