# Temperatura_=_-26.97
# Concentracion g/m^3_=_1620.0
# C_Vs_to_Am_M_A/Vsm_=_65563218390.804596
# pendiente_HvsI_1/m_=_3716.3
# ordenada_HvsI_A/m_=_1297.0
# frecuencia_Hz_=_135092.10192651875

Tiempo_(s)	Campo_(V.s)	Magnetizacion_(V.s)	Campo_(kA/m)	Magnetizacion_(A/m)
0.000000e+00	-5.517107e-06	-1.122258e-09	-3.838546e+01	-7.150415e+01
1.000000e-08	-5.517280e-06	-1.123689e-09	-3.838666e+01	-7.151643e+01
2.000000e-08	-5.517235e-06	-1.127914e-09	-3.838635e+01	-7.152984e+01
3.000000e-08	-5.516782e-06	-1.131542e-09	-3.838319e+01	-7.154435e+01
4.000000e-08	-5.515785e-06	-1.131356e-09	-3.837625e+01	-7.155994e+01
5.000000e-08	-5.514226e-06	-1.125650e-09	-3.836541e+01	-7.157655e+01
6.000000e-08	-5.512196e-06	-1.110874e-09	-3.835128e+01	-7.159415e+01
7.000000e-08	-5.509625e-06	-1.102689e-09	-3.833340e+01	-7.161267e+01
8.000000e-08	-5.506476e-06	-1.133302e-09	-3.831149e+01	-7.163207e+01
9.000000e-08	-5.502778e-06	-1.173660e-09	-3.828576e+01	-7.165229e+01
1.000000e-07	-5.498514e-06	-1.173136e-09	-3.825609e+01	-7.167327e+01
1.100000e-07	-5.494001e-06	-1.118896e-09	-3.822469e+01	-7.169494e+01
1.200000e-07	-5.489398e-06	-1.088447e-09	-3.819267e+01	-7.171725e+01
1.300000e-07	-5.484581e-06	-1.116152e-09	-3.815915e+01	-7.174013e+01
1.400000e-07	-5.479351e-06	-1.140660e-09	-3.812276e+01	-7.176352e+01
1.500000e-07	-5.473719e-06	-1.122677e-09	-3.808358e+01	-7.178737e+01
1.600000e-07	-5.467824e-06	-1.105690e-09	-3.804256e+01	-7.181161e+01
1.700000e-07	-5.461474e-06	-1.125779e-09	-3.799838e+01	-7.183617e+01
1.800000e-07	-5.454603e-06	-1.162457e-09	-3.795058e+01	-7.186102e+01
1.900000e-07	-5.447373e-06	-1.145654e-09	-3.790028e+01	-7.188607e+01
2.000000e-07	-5.439852e-06	-1.107939e-09	-3.784795e+01	-7.191127e+01
2.100000e-07	-5.432035e-06	-1.090570e-09	-3.779356e+01	-7.193656e+01
2.200000e-07	-5.423985e-06	-1.125387e-09	-3.773755e+01	-7.196187e+01
2.300000e-07	-5.415695e-06	-1.152684e-09	-3.767988e+01	-7.198712e+01
2.400000e-07	-5.407045e-06	-1.146782e-09	-3.761969e+01	-7.201226e+01
2.500000e-07	-5.397734e-06	-1.138571e-09	-3.755491e+01	-7.203720e+01
2.600000e-07	-5.387543e-06	-1.138322e-09	-3.748401e+01	-7.206186e+01
2.700000e-07	-5.376792e-06	-1.130153e-09	-3.740921e+01	-7.208615e+01
2.800000e-07	-5.365657e-06	-1.107814e-09	-3.733174e+01	-7.210998e+01
2.900000e-07	-5.354045e-06	-1.113556e-09	-3.725094e+01	-7.213325e+01
3.000000e-07	-5.342002e-06	-1.131438e-09	-3.716716e+01	-7.215587e+01
3.100000e-07	-5.329571e-06	-1.130443e-09	-3.708067e+01	-7.217772e+01
3.200000e-07	-5.316737e-06	-1.110001e-09	-3.699137e+01	-7.219868e+01
3.300000e-07	-5.303523e-06	-1.117195e-09	-3.689944e+01	-7.221866e+01
3.400000e-07	-5.290020e-06	-1.121194e-09	-3.680549e+01	-7.223752e+01
3.500000e-07	-5.276163e-06	-1.111192e-09	-3.670908e+01	-7.225514e+01
3.600000e-07	-5.261870e-06	-1.101384e-09	-3.660964e+01	-7.227142e+01
3.700000e-07	-5.247127e-06	-1.118778e-09	-3.650706e+01	-7.228622e+01
3.800000e-07	-5.231805e-06	-1.122562e-09	-3.640046e+01	-7.229944e+01
3.900000e-07	-5.215873e-06	-1.122530e-09	-3.628961e+01	-7.231096e+01
4.000000e-07	-5.199434e-06	-1.126433e-09	-3.617523e+01	-7.232068e+01
4.100000e-07	-5.182647e-06	-1.114663e-09	-3.605844e+01	-7.232851e+01
4.200000e-07	-5.165518e-06	-1.092570e-09	-3.593926e+01	-7.233436e+01
4.300000e-07	-5.148082e-06	-1.103261e-09	-3.581795e+01	-7.233817e+01
4.400000e-07	-5.130368e-06	-1.126661e-09	-3.569471e+01	-7.233987e+01
4.500000e-07	-5.112322e-06	-1.122464e-09	-3.556915e+01	-7.233943e+01
4.600000e-07	-5.093814e-06	-1.117709e-09	-3.544038e+01	-7.233682e+01
4.700000e-07	-5.074810e-06	-1.129287e-09	-3.530816e+01	-7.233205e+01
4.800000e-07	-5.055517e-06	-1.122114e-09	-3.517393e+01	-7.232513e+01
4.900000e-07	-5.035992e-06	-1.108030e-09	-3.503808e+01	-7.231610e+01
5.000000e-07	-5.016239e-06	-1.112330e-09	-3.490065e+01	-7.230503e+01
5.100000e-07	-4.996271e-06	-1.108052e-09	-3.476172e+01	-7.229199e+01
5.200000e-07	-4.976061e-06	-1.094649e-09	-3.462111e+01	-7.227709e+01
5.300000e-07	-4.955533e-06	-1.109815e-09	-3.447828e+01	-7.226047e+01
5.400000e-07	-4.934587e-06	-1.130093e-09	-3.433255e+01	-7.224225e+01
5.500000e-07	-4.913282e-06	-1.120124e-09	-3.418432e+01	-7.222262e+01
5.600000e-07	-4.891670e-06	-1.106636e-09	-3.403395e+01	-7.220176e+01
5.700000e-07	-4.869683e-06	-1.108835e-09	-3.388098e+01	-7.217985e+01
5.800000e-07	-4.847388e-06	-1.113176e-09	-3.372586e+01	-7.215712e+01
5.900000e-07	-4.824753e-06	-1.113555e-09	-3.356838e+01	-7.213379e+01
6.000000e-07	-4.801693e-06	-1.116903e-09	-3.340794e+01	-7.211007e+01
6.100000e-07	-4.778357e-06	-1.110862e-09	-3.324558e+01	-7.208621e+01
6.200000e-07	-4.754752e-06	-1.103320e-09	-3.308135e+01	-7.206243e+01
6.300000e-07	-4.730894e-06	-1.101401e-09	-3.291535e+01	-7.203897e+01
6.400000e-07	-4.706819e-06	-1.102951e-09	-3.274785e+01	-7.201604e+01
6.500000e-07	-4.682378e-06	-1.107427e-09	-3.257780e+01	-7.199385e+01
6.600000e-07	-4.657517e-06	-1.116108e-09	-3.240483e+01	-7.197260e+01
6.700000e-07	-4.632224e-06	-1.115091e-09	-3.222885e+01	-7.195248e+01
6.800000e-07	-4.606473e-06	-1.110510e-09	-3.204969e+01	-7.193363e+01
6.900000e-07	-4.580055e-06	-1.107129e-09	-3.186589e+01	-7.191620e+01
7.000000e-07	-4.553057e-06	-1.102682e-09	-3.167804e+01	-7.190029e+01
7.100000e-07	-4.525761e-06	-1.098504e-09	-3.148813e+01	-7.188598e+01
7.200000e-07	-4.498249e-06	-1.102499e-09	-3.129672e+01	-7.187332e+01
7.300000e-07	-4.470578e-06	-1.105793e-09	-3.110419e+01	-7.186233e+01
7.400000e-07	-4.442764e-06	-1.107622e-09	-3.091068e+01	-7.185298e+01
7.500000e-07	-4.414681e-06	-1.111226e-09	-3.071529e+01	-7.184523e+01
7.600000e-07	-4.386226e-06	-1.113829e-09	-3.051731e+01	-7.183899e+01
7.700000e-07	-4.357471e-06	-1.107370e-09	-3.031725e+01	-7.183415e+01
7.800000e-07	-4.328437e-06	-1.099812e-09	-3.011524e+01	-7.183055e+01
7.900000e-07	-4.299121e-06	-1.100098e-09	-2.991127e+01	-7.182801e+01
8.000000e-07	-4.269524e-06	-1.100358e-09	-2.970535e+01	-7.182632e+01
8.100000e-07	-4.239707e-06	-1.095868e-09	-2.949790e+01	-7.182525e+01
8.200000e-07	-4.209631e-06	-1.094379e-09	-2.928864e+01	-7.182453e+01
8.300000e-07	-4.179168e-06	-1.097203e-09	-2.907670e+01	-7.182390e+01
8.400000e-07	-4.148294e-06	-1.097305e-09	-2.886189e+01	-7.182304e+01
8.500000e-07	-4.117087e-06	-1.099157e-09	-2.864477e+01	-7.182166e+01
8.600000e-07	-4.085774e-06	-1.104152e-09	-2.842691e+01	-7.181944e+01
8.700000e-07	-4.054300e-06	-1.103094e-09	-2.820792e+01	-7.181607e+01
8.800000e-07	-4.022594e-06	-1.096035e-09	-2.798733e+01	-7.181122e+01
8.900000e-07	-3.990804e-06	-1.092104e-09	-2.776615e+01	-7.180458e+01
9.000000e-07	-3.958774e-06	-1.088674e-09	-2.754330e+01	-7.179585e+01
9.100000e-07	-3.926375e-06	-1.083760e-09	-2.731788e+01	-7.178473e+01
9.200000e-07	-3.893597e-06	-1.083206e-09	-2.708983e+01	-7.177096e+01
9.300000e-07	-3.860498e-06	-1.088803e-09	-2.685954e+01	-7.175429e+01
9.400000e-07	-3.827010e-06	-1.088139e-09	-2.662655e+01	-7.173447e+01
9.500000e-07	-3.792896e-06	-1.082933e-09	-2.638920e+01	-7.171131e+01
9.600000e-07	-3.758320e-06	-1.078890e-09	-2.614863e+01	-7.168464e+01
9.700000e-07	-3.723493e-06	-1.074024e-09	-2.590633e+01	-7.165430e+01
9.800000e-07	-3.688351e-06	-1.067537e-09	-2.566182e+01	-7.162019e+01
9.900000e-07	-3.652944e-06	-1.067372e-09	-2.541548e+01	-7.158221e+01
1.000000e-06	-3.617372e-06	-1.069289e-09	-2.516799e+01	-7.154032e+01
1.010000e-06	-3.581641e-06	-1.066661e-09	-2.491939e+01	-7.149450e+01
1.020000e-06	-3.545786e-06	-1.063967e-09	-2.466992e+01	-7.144475e+01
1.030000e-06	-3.509750e-06	-1.063285e-09	-2.441920e+01	-7.139110e+01
1.040000e-06	-3.473485e-06	-1.060722e-09	-2.416688e+01	-7.133362e+01
1.050000e-06	-3.436947e-06	-1.058184e-09	-2.391268e+01	-7.127238e+01
1.060000e-06	-3.400149e-06	-1.057119e-09	-2.365665e+01	-7.120748e+01
1.070000e-06	-3.363080e-06	-1.054568e-09	-2.339874e+01	-7.113904e+01
1.080000e-06	-3.325754e-06	-1.049265e-09	-2.313905e+01	-7.106718e+01
1.090000e-06	-3.288219e-06	-1.046889e-09	-2.287790e+01	-7.099202e+01
1.100000e-06	-3.250487e-06	-1.045293e-09	-2.261537e+01	-7.091370e+01
1.110000e-06	-3.212575e-06	-1.039718e-09	-2.235160e+01	-7.083235e+01
1.120000e-06	-3.174413e-06	-1.032029e-09	-2.208609e+01	-7.074808e+01
1.130000e-06	-3.136010e-06	-1.027222e-09	-2.181889e+01	-7.066102e+01
1.140000e-06	-3.097439e-06	-1.026988e-09	-2.155054e+01	-7.057125e+01
1.150000e-06	-3.058666e-06	-1.028577e-09	-2.128077e+01	-7.047885e+01
1.160000e-06	-3.019653e-06	-1.029276e-09	-2.100934e+01	-7.038386e+01
1.170000e-06	-2.980387e-06	-1.029796e-09	-2.073614e+01	-7.028633e+01
1.180000e-06	-2.940865e-06	-1.030101e-09	-2.046117e+01	-7.018624e+01
1.190000e-06	-2.901258e-06	-1.027896e-09	-2.018560e+01	-7.008357e+01
1.200000e-06	-2.861601e-06	-1.023349e-09	-1.990969e+01	-6.997824e+01
1.210000e-06	-2.821762e-06	-1.014902e-09	-1.963250e+01	-6.987016e+01
1.220000e-06	-2.781783e-06	-1.009237e-09	-1.935435e+01	-6.975921e+01
1.230000e-06	-2.741692e-06	-1.008796e-09	-1.907541e+01	-6.964521e+01
1.240000e-06	-2.701424e-06	-1.008154e-09	-1.879525e+01	-6.952798e+01
1.250000e-06	-2.660980e-06	-1.007060e-09	-1.851386e+01	-6.940729e+01
1.260000e-06	-2.620251e-06	-1.008152e-09	-1.823048e+01	-6.928288e+01
1.270000e-06	-2.579263e-06	-1.007731e-09	-1.794531e+01	-6.915449e+01
1.280000e-06	-2.538042e-06	-1.001662e-09	-1.765851e+01	-6.902181e+01
1.290000e-06	-2.496616e-06	-9.945151e-10	-1.737029e+01	-6.888452e+01
1.300000e-06	-2.454963e-06	-9.903782e-10	-1.708049e+01	-6.874231e+01
1.310000e-06	-2.412897e-06	-9.864683e-10	-1.678781e+01	-6.859482e+01
1.320000e-06	-2.370386e-06	-9.839865e-10	-1.649204e+01	-6.844171e+01
1.330000e-06	-2.327630e-06	-9.827953e-10	-1.619457e+01	-6.828263e+01
1.340000e-06	-2.284750e-06	-9.805223e-10	-1.589622e+01	-6.811725e+01
1.350000e-06	-2.241526e-06	-9.776896e-10	-1.559549e+01	-6.794523e+01
1.360000e-06	-2.198055e-06	-9.773838e-10	-1.529304e+01	-6.776624e+01
1.370000e-06	-2.154545e-06	-9.775524e-10	-1.499032e+01	-6.757997e+01
1.380000e-06	-2.110926e-06	-9.746127e-10	-1.468684e+01	-6.738614e+01
1.390000e-06	-2.067220e-06	-9.685603e-10	-1.438275e+01	-6.718448e+01
1.400000e-06	-2.023478e-06	-9.604182e-10	-1.407842e+01	-6.697475e+01
1.410000e-06	-1.979673e-06	-9.513928e-10	-1.377364e+01	-6.675671e+01
1.420000e-06	-1.935759e-06	-9.418597e-10	-1.346811e+01	-6.653019e+01
1.430000e-06	-1.891740e-06	-9.367479e-10	-1.316184e+01	-6.629500e+01
1.440000e-06	-1.847650e-06	-9.361760e-10	-1.285509e+01	-6.605101e+01
1.450000e-06	-1.803504e-06	-9.382467e-10	-1.254794e+01	-6.579808e+01
1.460000e-06	-1.759273e-06	-9.393560e-10	-1.224020e+01	-6.553612e+01
1.470000e-06	-1.714844e-06	-9.353546e-10	-1.193108e+01	-6.526504e+01
1.480000e-06	-1.670184e-06	-9.293801e-10	-1.162036e+01	-6.498476e+01
1.490000e-06	-1.625462e-06	-9.229079e-10	-1.130921e+01	-6.469522e+01
1.500000e-06	-1.580624e-06	-9.123190e-10	-1.099724e+01	-6.439635e+01
1.510000e-06	-1.535544e-06	-9.014124e-10	-1.068360e+01	-6.408807e+01
1.520000e-06	-1.490308e-06	-8.952896e-10	-1.036887e+01	-6.377031e+01
1.530000e-06	-1.445065e-06	-8.913760e-10	-1.005409e+01	-6.344297e+01
1.540000e-06	-1.399806e-06	-8.873532e-10	-9.739196e+00	-6.310592e+01
1.550000e-06	-1.354374e-06	-8.835133e-10	-9.423105e+00	-6.275900e+01
1.560000e-06	-1.308755e-06	-8.776072e-10	-9.105709e+00	-6.240201e+01
1.570000e-06	-1.263141e-06	-8.681037e-10	-8.788343e+00	-6.203472e+01
1.580000e-06	-1.217504e-06	-8.567590e-10	-8.470824e+00	-6.165681e+01
1.590000e-06	-1.171669e-06	-8.460471e-10	-8.151923e+00	-6.126793e+01
1.600000e-06	-1.125743e-06	-8.360972e-10	-7.832392e+00	-6.086765e+01
1.610000e-06	-1.079813e-06	-8.278100e-10	-7.512832e+00	-6.045547e+01
1.620000e-06	-1.033846e-06	-8.206358e-10	-7.193015e+00	-6.003081e+01
1.630000e-06	-9.878236e-07	-8.127608e-10	-6.872816e+00	-5.959302e+01
1.640000e-06	-9.417107e-07	-8.053814e-10	-6.551983e+00	-5.914136e+01
1.650000e-06	-8.954983e-07	-7.986645e-10	-6.230459e+00	-5.867501e+01
1.660000e-06	-8.491928e-07	-7.926964e-10	-5.908287e+00	-5.819306e+01
1.670000e-06	-8.028050e-07	-7.849841e-10	-5.585542e+00	-5.769453e+01
1.680000e-06	-7.564379e-07	-7.772784e-10	-5.262941e+00	-5.717834e+01
1.690000e-06	-7.100950e-07	-7.694566e-10	-4.940510e+00	-5.664336e+01
1.700000e-06	-6.636894e-07	-7.581431e-10	-4.617641e+00	-5.608837e+01
1.710000e-06	-6.172301e-07	-7.414663e-10	-4.294399e+00	-5.551211e+01
1.720000e-06	-5.706585e-07	-7.245862e-10	-3.970376e+00	-5.491324e+01
1.730000e-06	-5.239682e-07	-7.128563e-10	-3.645526e+00	-5.429039e+01
1.740000e-06	-4.773142e-07	-7.048556e-10	-3.320929e+00	-5.364215e+01
1.750000e-06	-4.306680e-07	-6.990609e-10	-2.996387e+00	-5.296709e+01
1.760000e-06	-3.840170e-07	-6.913681e-10	-2.671811e+00	-5.226377e+01
1.770000e-06	-3.373456e-07	-6.790227e-10	-2.347093e+00	-5.153075e+01
1.780000e-06	-2.905441e-07	-6.651319e-10	-2.021470e+00	-5.076660e+01
1.790000e-06	-2.437112e-07	-6.518397e-10	-1.695629e+00	-4.996994e+01
1.800000e-06	-1.968919e-07	-6.385084e-10	-1.369882e+00	-4.913943e+01
1.810000e-06	-1.500338e-07	-6.253252e-10	-1.043865e+00	-4.827378e+01
1.820000e-06	-1.032799e-07	-6.130019e-10	-7.185736e-01	-4.737180e+01
1.830000e-06	-5.653293e-08	-6.011426e-10	-3.933297e-01	-4.643237e+01
1.840000e-06	-9.732287e-09	-5.886573e-10	-6.771271e-02	-4.545449e+01
1.850000e-06	3.698588e-08	-5.753879e-10	2.573305e-01	-4.443728e+01
1.860000e-06	8.364784e-08	-5.620912e-10	5.819826e-01	-4.337999e+01
1.870000e-06	1.303899e-07	-5.483664e-10	9.071921e-01	-4.228203e+01
1.880000e-06	1.771616e-07	-5.338755e-10	1.232608e+00	-4.114294e+01
1.890000e-06	2.239422e-07	-5.180345e-10	1.558085e+00	-3.996245e+01
1.900000e-06	2.707204e-07	-4.997961e-10	1.883546e+00	-3.874046e+01
1.910000e-06	3.174264e-07	-4.809406e-10	2.208504e+00	-3.747706e+01
1.920000e-06	3.641118e-07	-4.611023e-10	2.533320e+00	-3.617251e+01
1.930000e-06	4.108316e-07	-4.407953e-10	2.858375e+00	-3.482728e+01
1.940000e-06	4.574680e-07	-4.222458e-10	3.182849e+00	-3.344203e+01
1.950000e-06	5.039713e-07	-4.066652e-10	3.506397e+00	-3.201761e+01
1.960000e-06	5.504287e-07	-3.908574e-10	3.829626e+00	-3.055506e+01
1.970000e-06	5.969081e-07	-3.733102e-10	4.153008e+00	-2.905561e+01
1.980000e-06	6.434700e-07	-3.556480e-10	4.476964e+00	-2.752069e+01
1.990000e-06	6.898915e-07	-3.349950e-10	4.799943e+00	-2.595188e+01
2.000000e-06	7.361373e-07	-3.092308e-10	5.121700e+00	-2.435095e+01
2.010000e-06	7.823457e-07	-2.834695e-10	5.443196e+00	-2.271983e+01
2.020000e-06	8.285080e-07	-2.595225e-10	5.764372e+00	-2.106057e+01
2.030000e-06	8.746643e-07	-2.347377e-10	6.085506e+00	-1.937539e+01
2.040000e-06	9.208337e-07	-2.113087e-10	6.406731e+00	-1.766660e+01
2.050000e-06	9.669032e-07	-1.911780e-10	6.727261e+00	-1.593664e+01
2.060000e-06	1.012831e-06	-1.711080e-10	7.046807e+00	-1.418803e+01
2.070000e-06	1.058730e-06	-1.493958e-10	7.366152e+00	-1.242335e+01
2.080000e-06	1.104590e-06	-1.281000e-10	7.685223e+00	-1.064527e+01
2.090000e-06	1.150361e-06	-1.044077e-10	8.003676e+00	-8.856465e+00
2.100000e-06	1.196042e-06	-7.636207e-11	8.321503e+00	-7.059663e+00
2.110000e-06	1.241673e-06	-4.936437e-11	8.638978e+00	-5.257583e+00
2.120000e-06	1.287228e-06	-2.473184e-11	8.955932e+00	-3.452936e+00
2.130000e-06	1.332631e-06	1.113463e-12	9.271825e+00	-1.648408e+00
2.140000e-06	1.378013e-06	2.539149e-11	9.587571e+00	1.533562e-01
2.150000e-06	1.423350e-06	4.651874e-11	9.903006e+00	1.949769e+00
2.160000e-06	1.468556e-06	6.912618e-11	1.021753e+01	3.738314e+00
2.170000e-06	1.513581e-06	9.096877e-11	1.053079e+01	5.516557e+00
2.180000e-06	1.558374e-06	1.137920e-10	1.084244e+01	7.282161e+00
2.190000e-06	1.603041e-06	1.393204e-10	1.115321e+01	9.032893e+00
2.200000e-06	1.647675e-06	1.661867e-10	1.146375e+01	1.076664e+01
2.210000e-06	1.692248e-06	1.950960e-10	1.177387e+01	1.248140e+01
2.220000e-06	1.736644e-06	2.233466e-10	1.208276e+01	1.417532e+01
2.230000e-06	1.780910e-06	2.483678e-10	1.239074e+01	1.584668e+01
2.240000e-06	1.825099e-06	2.684858e-10	1.269818e+01	1.749387e+01
2.250000e-06	1.869169e-06	2.834297e-10	1.300481e+01	1.911547e+01
2.260000e-06	1.913100e-06	2.970133e-10	1.331046e+01	2.071017e+01
2.270000e-06	1.956930e-06	3.145665e-10	1.361540e+01	2.227682e+01
2.280000e-06	2.000729e-06	3.359951e-10	1.392014e+01	2.381440e+01
2.290000e-06	2.044492e-06	3.609788e-10	1.422462e+01	2.532204e+01
2.300000e-06	2.088178e-06	3.880376e-10	1.452857e+01	2.679901e+01
2.310000e-06	2.131851e-06	4.142542e-10	1.483243e+01	2.824471e+01
2.320000e-06	2.175505e-06	4.351681e-10	1.513614e+01	2.965867e+01
2.330000e-06	2.219028e-06	4.509499e-10	1.543896e+01	3.104053e+01
2.340000e-06	2.262371e-06	4.639793e-10	1.574052e+01	3.239007e+01
2.350000e-06	2.305548e-06	4.777045e-10	1.604093e+01	3.370717e+01
2.360000e-06	2.348531e-06	4.934917e-10	1.633998e+01	3.499180e+01
2.370000e-06	2.391092e-06	5.112681e-10	1.663610e+01	3.624404e+01
2.380000e-06	2.433279e-06	5.311206e-10	1.692962e+01	3.746404e+01
2.390000e-06	2.475186e-06	5.511418e-10	1.722119e+01	3.865206e+01
2.400000e-06	2.516741e-06	5.680344e-10	1.751031e+01	3.980839e+01
2.410000e-06	2.557946e-06	5.831833e-10	1.779700e+01	4.093342e+01
2.420000e-06	2.598948e-06	5.958346e-10	1.808227e+01	4.202756e+01
2.430000e-06	2.639661e-06	6.073090e-10	1.836553e+01	4.309129e+01
2.440000e-06	2.680035e-06	6.213753e-10	1.864643e+01	4.412513e+01
2.450000e-06	2.720252e-06	6.360802e-10	1.892625e+01	4.512962e+01
2.460000e-06	2.760335e-06	6.513406e-10	1.920512e+01	4.610533e+01
2.470000e-06	2.800247e-06	6.654967e-10	1.948281e+01	4.705286e+01
2.480000e-06	2.840038e-06	6.796138e-10	1.975966e+01	4.797281e+01
2.490000e-06	2.879793e-06	6.922755e-10	2.003625e+01	4.886579e+01
2.500000e-06	2.919363e-06	7.012744e-10	2.031156e+01	4.973243e+01
2.510000e-06	2.958809e-06	7.121226e-10	2.058601e+01	5.057334e+01
2.520000e-06	2.998131e-06	7.244859e-10	2.085960e+01	5.138913e+01
2.530000e-06	3.037202e-06	7.380769e-10	2.113143e+01	5.218040e+01
2.540000e-06	3.076034e-06	7.532765e-10	2.140161e+01	5.294776e+01
2.550000e-06	3.114617e-06	7.654282e-10	2.167005e+01	5.369177e+01
2.560000e-06	3.152957e-06	7.729073e-10	2.193680e+01	5.441301e+01
2.570000e-06	3.191115e-06	7.777640e-10	2.220229e+01	5.511202e+01
2.580000e-06	3.229121e-06	7.832749e-10	2.246672e+01	5.578933e+01
2.590000e-06	3.266871e-06	7.880931e-10	2.272936e+01	5.644544e+01
2.600000e-06	3.304359e-06	7.973061e-10	2.299018e+01	5.708085e+01
2.610000e-06	3.341676e-06	8.127101e-10	2.324982e+01	5.769603e+01
2.620000e-06	3.378747e-06	8.304153e-10	2.350774e+01	5.829141e+01
2.630000e-06	3.415507e-06	8.450409e-10	2.376350e+01	5.886744e+01
2.640000e-06	3.452028e-06	8.532341e-10	2.401760e+01	5.942452e+01
2.650000e-06	3.488334e-06	8.560809e-10	2.427020e+01	5.996303e+01
2.660000e-06	3.524457e-06	8.545544e-10	2.452152e+01	6.048335e+01
2.670000e-06	3.560356e-06	8.536914e-10	2.477129e+01	6.098584e+01
2.680000e-06	3.596132e-06	8.571182e-10	2.502021e+01	6.147083e+01
2.690000e-06	3.631828e-06	8.672348e-10	2.526856e+01	6.193864e+01
2.700000e-06	3.667359e-06	8.815546e-10	2.551577e+01	6.238960e+01
2.710000e-06	3.702778e-06	8.929760e-10	2.576220e+01	6.282399e+01
2.720000e-06	3.737976e-06	9.009061e-10	2.600709e+01	6.324211e+01
2.730000e-06	3.772784e-06	9.030056e-10	2.624927e+01	6.364424e+01
2.740000e-06	3.807197e-06	9.006430e-10	2.648870e+01	6.403066e+01
2.750000e-06	3.841137e-06	8.963403e-10	2.672484e+01	6.440165e+01
2.760000e-06	3.874460e-06	8.962760e-10	2.695668e+01	6.475746e+01
2.770000e-06	3.907280e-06	9.047112e-10	2.718503e+01	6.509838e+01
2.780000e-06	3.939773e-06	9.166316e-10	2.741110e+01	6.542466e+01
2.790000e-06	3.972049e-06	9.281533e-10	2.763567e+01	6.573659e+01
2.800000e-06	4.004093e-06	9.374063e-10	2.785861e+01	6.603443e+01
2.810000e-06	4.035951e-06	9.413462e-10	2.808026e+01	6.631848e+01
2.820000e-06	4.067670e-06	9.406937e-10	2.830095e+01	6.658902e+01
2.830000e-06	4.099181e-06	9.415024e-10	2.852018e+01	6.684636e+01
2.840000e-06	4.130446e-06	9.434486e-10	2.873771e+01	6.709080e+01
2.850000e-06	4.161380e-06	9.460536e-10	2.895294e+01	6.732267e+01
2.860000e-06	4.191914e-06	9.533232e-10	2.916538e+01	6.754230e+01
2.870000e-06	4.222144e-06	9.635896e-10	2.937571e+01	6.775003e+01
2.880000e-06	4.252146e-06	9.696376e-10	2.958445e+01	6.794624e+01
2.890000e-06	4.281901e-06	9.711932e-10	2.979147e+01	6.813130e+01
2.900000e-06	4.311427e-06	9.705711e-10	2.999690e+01	6.830559e+01
2.910000e-06	4.340670e-06	9.706108e-10	3.020036e+01	6.846953e+01
2.920000e-06	4.369597e-06	9.747620e-10	3.040162e+01	6.862352e+01
2.930000e-06	4.398139e-06	9.829611e-10	3.060020e+01	6.876801e+01
2.940000e-06	4.426377e-06	9.906473e-10	3.079667e+01	6.890343e+01
2.950000e-06	4.454374e-06	9.967808e-10	3.099146e+01	6.903023e+01
2.960000e-06	4.482191e-06	1.000005e-09	3.118499e+01	6.914889e+01
2.970000e-06	4.509918e-06	1.001020e-09	3.137790e+01	6.925987e+01
2.980000e-06	4.537425e-06	1.001101e-09	3.156929e+01	6.936365e+01
2.990000e-06	4.564559e-06	9.992789e-10	3.175807e+01	6.946071e+01
3.000000e-06	4.591365e-06	9.970435e-10	3.194457e+01	6.955153e+01
3.010000e-06	4.617666e-06	9.997649e-10	3.212756e+01	6.963659e+01
3.020000e-06	4.643213e-06	1.007832e-09	3.230531e+01	6.971637e+01
3.030000e-06	4.668088e-06	1.014473e-09	3.247838e+01	6.979133e+01
3.040000e-06	4.692487e-06	1.017553e-09	3.264813e+01	6.986194e+01
3.050000e-06	4.716606e-06	1.018584e-09	3.281594e+01	6.992865e+01
3.060000e-06	4.740469e-06	1.017320e-09	3.298197e+01	6.999188e+01
3.070000e-06	4.764136e-06	1.014372e-09	3.314663e+01	7.005205e+01
3.080000e-06	4.787528e-06	1.016439e-09	3.330939e+01	7.010956e+01
3.090000e-06	4.810619e-06	1.016222e-09	3.347004e+01	7.016477e+01
3.100000e-06	4.833407e-06	1.013139e-09	3.362859e+01	7.021802e+01
3.110000e-06	4.855848e-06	1.013753e-09	3.378473e+01	7.026965e+01
3.120000e-06	4.877945e-06	1.017346e-09	3.393847e+01	7.031993e+01
3.130000e-06	4.899725e-06	1.025732e-09	3.409000e+01	7.036912e+01
3.140000e-06	4.921311e-06	1.030998e-09	3.424018e+01	7.041746e+01
3.150000e-06	4.942549e-06	1.034529e-09	3.438795e+01	7.046512e+01
3.160000e-06	4.963297e-06	1.031999e-09	3.453230e+01	7.051228e+01
3.170000e-06	4.983666e-06	1.023868e-09	3.467402e+01	7.055906e+01
3.180000e-06	5.003701e-06	1.017601e-09	3.481342e+01	7.060555e+01
3.190000e-06	5.023518e-06	1.015722e-09	3.495130e+01	7.065182e+01
3.200000e-06	5.043176e-06	1.015555e-09	3.508807e+01	7.069790e+01
3.210000e-06	5.062600e-06	1.018709e-09	3.522321e+01	7.074379e+01
3.220000e-06	5.081769e-06	1.027022e-09	3.535658e+01	7.078946e+01
3.230000e-06	5.100573e-06	1.032480e-09	3.548741e+01	7.083487e+01
3.240000e-06	5.118986e-06	1.035388e-09	3.561551e+01	7.087995e+01
3.250000e-06	5.136910e-06	1.034873e-09	3.574022e+01	7.092459e+01
3.260000e-06	5.154388e-06	1.031011e-09	3.586182e+01	7.096870e+01
3.270000e-06	5.171572e-06	1.027842e-09	3.598138e+01	7.101214e+01
3.280000e-06	5.188453e-06	1.027270e-09	3.609883e+01	7.105478e+01
3.290000e-06	5.205011e-06	1.029765e-09	3.621404e+01	7.109648e+01
3.300000e-06	5.221172e-06	1.032528e-09	3.632648e+01	7.113709e+01
3.310000e-06	5.236853e-06	1.037738e-09	3.643558e+01	7.117647e+01
3.320000e-06	5.252110e-06	1.043793e-09	3.654173e+01	7.121448e+01
3.330000e-06	5.266922e-06	1.045042e-09	3.664478e+01	7.125097e+01
3.340000e-06	5.281253e-06	1.045173e-09	3.674449e+01	7.128581e+01
3.350000e-06	5.295141e-06	1.043820e-09	3.684112e+01	7.131890e+01
3.360000e-06	5.308660e-06	1.042931e-09	3.693517e+01	7.135012e+01
3.370000e-06	5.321912e-06	1.042895e-09	3.702738e+01	7.137939e+01
3.380000e-06	5.334706e-06	1.045433e-09	3.711640e+01	7.140664e+01
3.390000e-06	5.347025e-06	1.047344e-09	3.720211e+01	7.143182e+01
3.400000e-06	5.358977e-06	1.047443e-09	3.728526e+01	7.145490e+01
3.410000e-06	5.370662e-06	1.047658e-09	3.736656e+01	7.147587e+01
3.420000e-06	5.382117e-06	1.048403e-09	3.744625e+01	7.149474e+01
3.430000e-06	5.393077e-06	1.052392e-09	3.752251e+01	7.151156e+01
3.440000e-06	5.403329e-06	1.054431e-09	3.759384e+01	7.152637e+01
3.450000e-06	5.412925e-06	1.055159e-09	3.766060e+01	7.153925e+01
3.460000e-06	5.421894e-06	1.057328e-09	3.772301e+01	7.155030e+01
3.470000e-06	5.430363e-06	1.056357e-09	3.778193e+01	7.155963e+01
3.480000e-06	5.438479e-06	1.056031e-09	3.783839e+01	7.156738e+01
3.490000e-06	5.446305e-06	1.055479e-09	3.789285e+01	7.157368e+01
3.500000e-06	5.453879e-06	1.055563e-09	3.794554e+01	7.157870e+01
3.510000e-06	5.461137e-06	1.056227e-09	3.799604e+01	7.158259e+01
3.520000e-06	5.467970e-06	1.059419e-09	3.804358e+01	7.158554e+01
3.530000e-06	5.474464e-06	1.063799e-09	3.808876e+01	7.158771e+01
3.540000e-06	5.480682e-06	1.063755e-09	3.813202e+01	7.158930e+01
3.550000e-06	5.486562e-06	1.065148e-09	3.817294e+01	7.159047e+01
3.560000e-06	5.492048e-06	1.066119e-09	3.821110e+01	7.159142e+01
3.570000e-06	5.497026e-06	1.066831e-09	3.824574e+01	7.159231e+01
3.580000e-06	5.501567e-06	1.067698e-09	3.827733e+01	7.159331e+01
3.590000e-06	5.505805e-06	1.069147e-09	3.830682e+01	7.159458e+01
3.600000e-06	5.509791e-06	1.068541e-09	3.833456e+01	7.159627e+01
3.610000e-06	5.513551e-06	1.066553e-09	3.836071e+01	7.159852e+01
3.620000e-06	5.517059e-06	1.066251e-09	3.838512e+01	7.160144e+01
3.630000e-06	5.520254e-06	1.069260e-09	3.840735e+01	7.160515e+01
3.640000e-06	5.523012e-06	1.076002e-09	3.842654e+01	7.160974e+01
3.650000e-06	5.525171e-06	1.084079e-09	3.844156e+01	7.161530e+01
3.660000e-06	5.526662e-06	1.086953e-09	3.845193e+01	7.162189e+01
3.670000e-06	5.527468e-06	1.083840e-09	3.845754e+01	7.162956e+01
3.680000e-06	5.527789e-06	1.078973e-09	3.845977e+01	7.163834e+01
3.690000e-06	5.527821e-06	1.075191e-09	3.846000e+01	7.164826e+01
3.700000e-06	5.527626e-06	1.073571e-09	3.845864e+01	7.165933e+01
3.710000e-06	5.527198e-06	1.076332e-09	3.845566e+01	7.167154e+01
3.720000e-06	5.526525e-06	1.082708e-09	3.845098e+01	7.168489e+01
3.730000e-06	5.525460e-06	1.089069e-09	3.844357e+01	7.169933e+01
3.740000e-06	5.523873e-06	1.096040e-09	3.843253e+01	7.171486e+01
3.750000e-06	5.521837e-06	1.109232e-09	3.841837e+01	7.173141e+01
3.760000e-06	5.519527e-06	1.123799e-09	3.840229e+01	7.174896e+01
3.770000e-06	5.516974e-06	1.103422e-09	3.838453e+01	7.176743e+01
3.780000e-06	5.514007e-06	1.044048e-09	3.836389e+01	7.178679e+01
3.790000e-06	5.510466e-06	1.019534e-09	3.833925e+01	7.180697e+01
3.800000e-06	5.506447e-06	1.062034e-09	3.831129e+01	7.182791e+01
3.810000e-06	5.502211e-06	1.122825e-09	3.828182e+01	7.184955e+01
3.820000e-06	5.497922e-06	1.132359e-09	3.825197e+01	7.187184e+01
3.830000e-06	5.493397e-06	1.096733e-09	3.822049e+01	7.189470e+01
3.840000e-06	5.488181e-06	1.104519e-09	3.818420e+01	7.191808e+01
3.850000e-06	5.482226e-06	1.118645e-09	3.814277e+01	7.194191e+01
3.860000e-06	5.475986e-06	1.087050e-09	3.809936e+01	7.196615e+01
3.870000e-06	5.469557e-06	1.038396e-09	3.805462e+01	7.199072e+01
3.880000e-06	5.462682e-06	1.059614e-09	3.800679e+01	7.201556e+01
3.890000e-06	5.455218e-06	1.140253e-09	3.795486e+01	7.204063e+01
3.900000e-06	5.447301e-06	1.147521e-09	3.789978e+01	7.206584e+01
3.910000e-06	5.439091e-06	1.080303e-09	3.784266e+01	7.209115e+01
3.920000e-06	5.430406e-06	1.045226e-09	3.778223e+01	7.211649e+01
3.930000e-06	5.421391e-06	1.095650e-09	3.771950e+01	7.214178e+01
3.940000e-06	5.412230e-06	1.118902e-09	3.765577e+01	7.216696e+01
3.950000e-06	5.402692e-06	1.086570e-09	3.758941e+01	7.219194e+01
3.960000e-06	5.392564e-06	1.066990e-09	3.751895e+01	7.221665e+01
3.970000e-06	5.382007e-06	1.111867e-09	3.744549e+01	7.224100e+01
3.980000e-06	5.371314e-06	1.133325e-09	3.737110e+01	7.226490e+01
3.990000e-06	5.360261e-06	1.093082e-09	3.729419e+01	7.228825e+01
4.000000e-06	5.348567e-06	1.066186e-09	3.721283e+01	7.231095e+01
4.010000e-06	5.336569e-06	1.087857e-09	3.712936e+01	7.233289e+01
4.020000e-06	5.324336e-06	1.093616e-09	3.704425e+01	7.235397e+01
4.030000e-06	5.311439e-06	1.065241e-09	3.695452e+01	7.237405e+01
4.040000e-06	5.297984e-06	1.088132e-09	3.686090e+01	7.239304e+01
4.050000e-06	5.284265e-06	1.128332e-09	3.676545e+01	7.241080e+01
4.060000e-06	5.269953e-06	1.104989e-09	3.666587e+01	7.242721e+01
4.070000e-06	5.254859e-06	1.057349e-09	3.656086e+01	7.244217e+01
4.080000e-06	5.239289e-06	1.085684e-09	3.645253e+01	7.245555e+01
4.090000e-06	5.223407e-06	1.117235e-09	3.634202e+01	7.246724e+01
4.100000e-06	5.207138e-06	1.087798e-09	3.622884e+01	7.247715e+01
4.110000e-06	5.190519e-06	1.072049e-09	3.611321e+01	7.248516e+01
4.120000e-06	5.173722e-06	1.100126e-09	3.599634e+01	7.249121e+01
4.130000e-06	5.156668e-06	1.100436e-09	3.587769e+01	7.249521e+01
4.140000e-06	5.139182e-06	1.091998e-09	3.575603e+01	7.249711e+01
4.150000e-06	5.121314e-06	1.107261e-09	3.563171e+01	7.249688e+01
4.160000e-06	5.103082e-06	1.105273e-09	3.550486e+01	7.249448e+01
4.170000e-06	5.084448e-06	1.082957e-09	3.537521e+01	7.248991e+01
4.180000e-06	5.065494e-06	1.101252e-09	3.524334e+01	7.248320e+01
4.190000e-06	5.046295e-06	1.115820e-09	3.510976e+01	7.247437e+01
4.200000e-06	5.026797e-06	1.089092e-09	3.497411e+01	7.246349e+01
4.210000e-06	5.006949e-06	1.087881e-09	3.483602e+01	7.245064e+01
4.220000e-06	4.986858e-06	1.107321e-09	3.469623e+01	7.243592e+01
4.230000e-06	4.966531e-06	1.091319e-09	3.455480e+01	7.241946e+01
4.240000e-06	4.945936e-06	1.089101e-09	3.441151e+01	7.240140e+01
4.250000e-06	4.925002e-06	1.119615e-09	3.426586e+01	7.238190e+01
4.260000e-06	4.903563e-06	1.113656e-09	3.411670e+01	7.236116e+01
4.270000e-06	4.881485e-06	1.089094e-09	3.396309e+01	7.233936e+01
4.280000e-06	4.858847e-06	1.100525e-09	3.380559e+01	7.231672e+01
4.290000e-06	4.835754e-06	1.110991e-09	3.364492e+01	7.229345e+01
4.300000e-06	4.812237e-06	1.097333e-09	3.348130e+01	7.226978e+01
4.310000e-06	4.788350e-06	1.093791e-09	3.331510e+01	7.224595e+01
4.320000e-06	4.764193e-06	1.101375e-09	3.314703e+01	7.222218e+01
4.330000e-06	4.739843e-06	1.111466e-09	3.297761e+01	7.219871e+01
4.340000e-06	4.715265e-06	1.123719e-09	3.280661e+01	7.217575e+01
4.350000e-06	4.690531e-06	1.126532e-09	3.263453e+01	7.215352e+01
4.360000e-06	4.665452e-06	1.117482e-09	3.246004e+01	7.213222e+01
4.370000e-06	4.639875e-06	1.114259e-09	3.228208e+01	7.211202e+01
4.380000e-06	4.613957e-06	1.112979e-09	3.210176e+01	7.209309e+01
4.390000e-06	4.587717e-06	1.111282e-09	3.191919e+01	7.207556e+01
4.400000e-06	4.561199e-06	1.113225e-09	3.173469e+01	7.205954e+01
4.410000e-06	4.534275e-06	1.113436e-09	3.154737e+01	7.204512e+01
4.420000e-06	4.506932e-06	1.106614e-09	3.135713e+01	7.203235e+01
4.430000e-06	4.479337e-06	1.108242e-09	3.116514e+01	7.202125e+01
4.440000e-06	4.451556e-06	1.115930e-09	3.097185e+01	7.201179e+01
4.450000e-06	4.423584e-06	1.117645e-09	3.077723e+01	7.200394e+01
4.460000e-06	4.395433e-06	1.117534e-09	3.058137e+01	7.199760e+01
4.470000e-06	4.367133e-06	1.121686e-09	3.038447e+01	7.199267e+01
4.480000e-06	4.338558e-06	1.120611e-09	3.018566e+01	7.198900e+01
4.490000e-06	4.309594e-06	1.117446e-09	2.998414e+01	7.198641e+01
4.500000e-06	4.280245e-06	1.116795e-09	2.977994e+01	7.198468e+01
4.510000e-06	4.250396e-06	1.115892e-09	2.957227e+01	7.198360e+01
4.520000e-06	4.219943e-06	1.111939e-09	2.936039e+01	7.198289e+01
4.530000e-06	4.188988e-06	1.115631e-09	2.914502e+01	7.198228e+01
4.540000e-06	4.157596e-06	1.127577e-09	2.892661e+01	7.198148e+01
4.550000e-06	4.125904e-06	1.131520e-09	2.870611e+01	7.198018e+01
4.560000e-06	4.093992e-06	1.125275e-09	2.848409e+01	7.197807e+01
4.570000e-06	4.061894e-06	1.122917e-09	2.826076e+01	7.197483e+01
4.580000e-06	4.029717e-06	1.122756e-09	2.803689e+01	7.197014e+01
4.590000e-06	3.997330e-06	1.119094e-09	2.781156e+01	7.196369e+01
4.600000e-06	3.964629e-06	1.119599e-09	2.758404e+01	7.195517e+01
4.610000e-06	3.931763e-06	1.123163e-09	2.735537e+01	7.194429e+01
4.620000e-06	3.898611e-06	1.122776e-09	2.712471e+01	7.193078e+01
4.630000e-06	3.865037e-06	1.121434e-09	2.689112e+01	7.191438e+01
4.640000e-06	3.831195e-06	1.126375e-09	2.665566e+01	7.189486e+01
4.650000e-06	3.797198e-06	1.127891e-09	2.641913e+01	7.187202e+01
4.660000e-06	3.763011e-06	1.123372e-09	2.618127e+01	7.184567e+01
4.670000e-06	3.728503e-06	1.122969e-09	2.594118e+01	7.181566e+01
4.680000e-06	3.693650e-06	1.127347e-09	2.569869e+01	7.178190e+01
4.690000e-06	3.658533e-06	1.126493e-09	2.545437e+01	7.174427e+01
4.700000e-06	3.623175e-06	1.124096e-09	2.520836e+01	7.170274e+01
4.710000e-06	3.587530e-06	1.123561e-09	2.496036e+01	7.165727e+01
4.720000e-06	3.551633e-06	1.121645e-09	2.471060e+01	7.160787e+01
4.730000e-06	3.515626e-06	1.118735e-09	2.446008e+01	7.155457e+01
4.740000e-06	3.479501e-06	1.121323e-09	2.420874e+01	7.149743e+01
4.750000e-06	3.443222e-06	1.123491e-09	2.395633e+01	7.143653e+01
4.760000e-06	3.406880e-06	1.122864e-09	2.370348e+01	7.137196e+01
4.770000e-06	3.370360e-06	1.123906e-09	2.344939e+01	7.130383e+01
4.780000e-06	3.333557e-06	1.126769e-09	2.319334e+01	7.123227e+01
4.790000e-06	3.296547e-06	1.127131e-09	2.293583e+01	7.115741e+01
4.800000e-06	3.259187e-06	1.126415e-09	2.267590e+01	7.107938e+01
4.810000e-06	3.221226e-06	1.124727e-09	2.241179e+01	7.099830e+01
4.820000e-06	3.182784e-06	1.123184e-09	2.214432e+01	7.091430e+01
4.830000e-06	3.144032e-06	1.124252e-09	2.187471e+01	7.082749e+01
4.840000e-06	3.104921e-06	1.126689e-09	2.160259e+01	7.073797e+01
4.850000e-06	3.065478e-06	1.127431e-09	2.132816e+01	7.064581e+01
4.860000e-06	3.025771e-06	1.126607e-09	2.105190e+01	7.055107e+01
4.870000e-06	2.985841e-06	1.127099e-09	2.077409e+01	7.045377e+01
4.880000e-06	2.945825e-06	1.127136e-09	2.049568e+01	7.035392e+01
4.890000e-06	2.905729e-06	1.125839e-09	2.021671e+01	7.025149e+01
4.900000e-06	2.865457e-06	1.121392e-09	1.993651e+01	7.014641e+01
4.910000e-06	2.825106e-06	1.116889e-09	1.965577e+01	7.003860e+01
4.920000e-06	2.784642e-06	1.115251e-09	1.937424e+01	6.992791e+01
4.930000e-06	2.743929e-06	1.118031e-09	1.909098e+01	6.981421e+01
4.940000e-06	2.703045e-06	1.124879e-09	1.880653e+01	6.969728e+01
4.950000e-06	2.662101e-06	1.132626e-09	1.852166e+01	6.957691e+01
4.960000e-06	2.620992e-06	1.137142e-09	1.823564e+01	6.945285e+01
4.970000e-06	2.579679e-06	1.136118e-09	1.794820e+01	6.932483e+01
4.980000e-06	2.538137e-06	1.131951e-09	1.765917e+01	6.919254e+01
4.990000e-06	2.496338e-06	1.127967e-09	1.736835e+01	6.905568e+01
5.000000e-06	2.454391e-06	1.123393e-09	1.707651e+01	6.891391e+01
5.010000e-06	2.412320e-06	1.119847e-09	1.678380e+01	6.876690e+01
5.020000e-06	2.370132e-06	1.119088e-09	1.649027e+01	6.861430e+01
5.030000e-06	2.327792e-06	1.122202e-09	1.619569e+01	6.845576e+01
5.040000e-06	2.285259e-06	1.127411e-09	1.589977e+01	6.829094e+01
5.050000e-06	2.242555e-06	1.131126e-09	1.560265e+01	6.811951e+01
5.060000e-06	2.199641e-06	1.129732e-09	1.530407e+01	6.794114e+01
5.070000e-06	2.156498e-06	1.123954e-09	1.500391e+01	6.775552e+01
5.080000e-06	2.113149e-06	1.117969e-09	1.470230e+01	6.756236e+01
5.090000e-06	2.069659e-06	1.113755e-09	1.439972e+01	6.736138e+01
5.100000e-06	2.026076e-06	1.109000e-09	1.409649e+01	6.715236e+01
5.110000e-06	1.982433e-06	1.104524e-09	1.379284e+01	6.693505e+01
5.120000e-06	1.938651e-06	1.104362e-09	1.348823e+01	6.670927e+01
5.130000e-06	1.894733e-06	1.106655e-09	1.318267e+01	6.647483e+01
5.140000e-06	1.850747e-06	1.108086e-09	1.287663e+01	6.623160e+01
5.150000e-06	1.806713e-06	1.107837e-09	1.257027e+01	6.597945e+01
5.160000e-06	1.762632e-06	1.103966e-09	1.226357e+01	6.571828e+01
5.170000e-06	1.718523e-06	1.096992e-09	1.195668e+01	6.544798e+01
5.180000e-06	1.674307e-06	1.091813e-09	1.164904e+01	6.516850e+01
5.190000e-06	1.629956e-06	1.085991e-09	1.134047e+01	6.487976e+01
5.200000e-06	1.585524e-06	1.081504e-09	1.103133e+01	6.458169e+01
5.210000e-06	1.541002e-06	1.077625e-09	1.072157e+01	6.427423e+01
5.220000e-06	1.496410e-06	1.071413e-09	1.041133e+01	6.395729e+01
5.230000e-06	1.451781e-06	1.066849e-09	1.010082e+01	6.363077e+01
5.240000e-06	1.407048e-06	1.062969e-09	9.789584e+00	6.329456e+01
5.250000e-06	1.362142e-06	1.059857e-09	9.477148e+00	6.294850e+01
5.260000e-06	1.317096e-06	1.057577e-09	9.163739e+00	6.259239e+01
5.270000e-06	1.271930e-06	1.055851e-09	8.849496e+00	6.222599e+01
5.280000e-06	1.226725e-06	1.052978e-09	8.534981e+00	6.184900e+01
5.290000e-06	1.181512e-06	1.046086e-09	8.220405e+00	6.146108e+01
5.300000e-06	1.136204e-06	1.034454e-09	7.905176e+00	6.106179e+01
5.310000e-06	1.090720e-06	1.021472e-09	7.588722e+00	6.065065e+01
5.320000e-06	1.045174e-06	1.009997e-09	7.271831e+00	6.022709e+01
5.330000e-06	9.995760e-07	1.005333e-09	6.954583e+00	5.979045e+01
5.340000e-06	9.538792e-07	1.003629e-09	6.636646e+00	5.934000e+01
5.350000e-06	9.080919e-07	9.984069e-10	6.318079e+00	5.887493e+01
5.360000e-06	8.621753e-07	9.919356e-10	5.998613e+00	5.839434e+01
5.370000e-06	8.161860e-07	9.821626e-10	5.678641e+00	5.789725e+01
5.380000e-06	7.701526e-07	9.701489e-10	5.358362e+00	5.738261e+01
5.390000e-06	7.241062e-07	9.555955e-10	5.037993e+00	5.684926e+01
5.400000e-06	6.779696e-07	9.421866e-10	4.716996e+00	5.629602e+01
5.410000e-06	6.316865e-07	9.370266e-10	4.394980e+00	5.572161e+01
5.420000e-06	5.854231e-07	9.367273e-10	4.073101e+00	5.512470e+01
5.430000e-06	5.391794e-07	9.364935e-10	3.751358e+00	5.450393e+01
5.440000e-06	4.928476e-07	9.300447e-10	3.429003e+00	5.385788e+01
5.450000e-06	4.465012e-07	9.179679e-10	3.106547e+00	5.318514e+01
5.460000e-06	4.000616e-07	9.031721e-10	2.783442e+00	5.248425e+01
5.470000e-06	3.535240e-07	8.879464e-10	2.459655e+00	5.175379e+01
5.480000e-06	3.070946e-07	8.751086e-10	2.136621e+00	5.099231e+01
5.490000e-06	2.607164e-07	8.658495e-10	1.813943e+00	5.019844e+01
5.500000e-06	2.142991e-07	8.556513e-10	1.490993e+00	4.937082e+01
5.510000e-06	1.677996e-07	8.423609e-10	1.167471e+00	4.850818e+01
5.520000e-06	1.212221e-07	8.246724e-10	8.434066e-01	4.760929e+01
5.530000e-06	7.466251e-08	8.055557e-10	5.194669e-01	4.667305e+01
5.540000e-06	2.818388e-08	7.891856e-10	1.960903e-01	4.569844e+01
5.550000e-06	-1.826194e-08	7.781701e-10	-1.270580e-01	4.468456e+01
5.560000e-06	-6.478003e-08	7.683325e-10	-4.507092e-01	4.363067e+01
5.570000e-06	-1.112307e-07	7.510885e-10	-7.738911e-01	4.253614e+01
5.580000e-06	-1.576339e-07	7.301443e-10	-1.096743e+00	4.140051e+01
5.590000e-06	-2.040418e-07	7.063947e-10	-1.419628e+00	4.022351e+01
5.600000e-06	-2.503931e-07	6.813575e-10	-1.742118e+00	3.900500e+01
5.610000e-06	-2.968155e-07	6.593298e-10	-2.065103e+00	3.774507e+01
5.620000e-06	-3.432450e-07	6.399976e-10	-2.388139e+00	3.644396e+01
5.630000e-06	-3.895576e-07	6.184476e-10	-2.710360e+00	3.510213e+01
5.640000e-06	-4.358333e-07	5.960763e-10	-3.032325e+00	3.372021e+01
5.650000e-06	-4.821376e-07	5.726940e-10	-3.354488e+00	3.229904e+01
5.660000e-06	-5.284158e-07	5.464169e-10	-3.676470e+00	3.083965e+01
5.670000e-06	-5.747164e-07	5.181632e-10	-3.998609e+00	2.934325e+01
5.680000e-06	-6.209558e-07	4.911118e-10	-4.320321e+00	2.781125e+01
5.690000e-06	-6.671132e-07	4.634671e-10	-4.641462e+00	2.624523e+01
5.700000e-06	-7.133017e-07	4.348735e-10	-4.962820e+00	2.464693e+01
5.710000e-06	-7.593941e-07	4.067699e-10	-5.283510e+00	2.301827e+01
5.720000e-06	-8.053621e-07	3.792346e-10	-5.603334e+00	2.136131e+01
5.730000e-06	-8.512441e-07	3.514373e-10	-5.922559e+00	1.967822e+01
5.740000e-06	-8.970918e-07	3.271700e-10	-6.241546e+00	1.797134e+01
5.750000e-06	-9.429127e-07	3.023339e-10	-6.560346e+00	1.624307e+01
5.760000e-06	-9.886415e-07	2.731879e-10	-6.878506e+00	1.449594e+01
5.770000e-06	-1.034247e-06	2.445347e-10	-7.195806e+00	1.273253e+01
5.780000e-06	-1.079718e-06	2.143004e-10	-7.512171e+00	1.095548e+01
5.790000e-06	-1.125082e-06	1.807764e-10	-7.827795e+00	9.167498e+00
5.800000e-06	-1.170292e-06	1.482978e-10	-8.142347e+00	7.371285e+00
5.810000e-06	-1.215405e-06	1.151106e-10	-8.456220e+00	5.569567e+00
5.820000e-06	-1.260451e-06	8.228250e-11	-8.769630e+00	3.765056e+00
5.830000e-06	-1.305341e-06	5.353917e-11	-9.081956e+00	1.960443e+00
5.840000e-06	-1.350147e-06	2.627534e-11	-9.393690e+00	1.583752e-01
5.850000e-06	-1.394929e-06	-3.426397e-12	-9.705267e+00	-1.638555e+00
5.860000e-06	-1.439626e-06	-3.596274e-11	-1.001624e+01	-3.427823e+00
5.870000e-06	-1.484210e-06	-6.797652e-11	-1.032644e+01	-5.206989e+00
5.880000e-06	-1.528666e-06	-9.714631e-11	-1.063575e+01	-6.973707e+00
5.890000e-06	-1.573060e-06	-1.255371e-10	-1.094462e+01	-8.725735e+00
5.900000e-06	-1.617376e-06	-1.550209e-10	-1.125295e+01	-1.046095e+01
5.910000e-06	-1.661608e-06	-1.845439e-10	-1.156069e+01	-1.217734e+01
5.920000e-06	-1.705803e-06	-2.151413e-10	-1.186818e+01	-1.387304e+01
5.930000e-06	-1.749889e-06	-2.477745e-10	-1.217491e+01	-1.554631e+01
5.940000e-06	-1.793928e-06	-2.791359e-10	-1.248132e+01	-1.719555e+01
5.950000e-06	-1.837934e-06	-3.052077e-10	-1.278749e+01	-1.881931e+01
5.960000e-06	-1.881902e-06	-3.316468e-10	-1.309340e+01	-2.041627e+01
5.970000e-06	-1.925894e-06	-3.583340e-10	-1.339947e+01	-2.198527e+01
5.980000e-06	-1.969779e-06	-3.855818e-10	-1.370480e+01	-2.352528e+01
5.990000e-06	-2.013527e-06	-4.148052e-10	-1.400918e+01	-2.503542e+01
6.000000e-06	-2.057200e-06	-4.419671e-10	-1.431303e+01	-2.651495e+01
6.010000e-06	-2.100686e-06	-4.691361e-10	-1.461559e+01	-2.796324e+01
6.020000e-06	-2.143887e-06	-4.958299e-10	-1.491616e+01	-2.937983e+01
6.030000e-06	-2.186903e-06	-5.190326e-10	-1.521545e+01	-3.076436e+01
6.040000e-06	-2.229787e-06	-5.379033e-10	-1.551381e+01	-3.211657e+01
6.050000e-06	-2.272496e-06	-5.577698e-10	-1.581097e+01	-3.343635e+01
6.060000e-06	-2.315009e-06	-5.770963e-10	-1.610675e+01	-3.472365e+01
6.070000e-06	-2.357359e-06	-5.964332e-10	-1.640140e+01	-3.597856e+01
6.080000e-06	-2.399565e-06	-6.148729e-10	-1.669505e+01	-3.720122e+01
6.090000e-06	-2.441623e-06	-6.320456e-10	-1.698767e+01	-3.839186e+01
6.100000e-06	-2.483515e-06	-6.526202e-10	-1.727914e+01	-3.955080e+01
6.110000e-06	-2.525223e-06	-6.761985e-10	-1.756932e+01	-4.067839e+01
6.120000e-06	-2.566695e-06	-7.017457e-10	-1.785787e+01	-4.177506e+01
6.130000e-06	-2.608079e-06	-7.235582e-10	-1.814580e+01	-4.284128e+01
6.140000e-06	-2.649336e-06	-7.397693e-10	-1.843285e+01	-4.387757e+01
6.150000e-06	-2.690233e-06	-7.503874e-10	-1.871738e+01	-4.488446e+01
6.160000e-06	-2.730873e-06	-7.579891e-10	-1.900014e+01	-4.586252e+01
6.170000e-06	-2.771377e-06	-7.683678e-10	-1.928194e+01	-4.681235e+01
6.180000e-06	-2.811711e-06	-7.845278e-10	-1.956257e+01	-4.773454e+01
6.190000e-06	-2.851913e-06	-8.011406e-10	-1.984228e+01	-4.862973e+01
6.200000e-06	-2.892036e-06	-8.193014e-10	-2.012143e+01	-4.949851e+01
6.210000e-06	-2.932052e-06	-8.400385e-10	-2.039985e+01	-5.034151e+01
6.220000e-06	-2.971993e-06	-8.578727e-10	-2.067774e+01	-5.115934e+01
6.230000e-06	-3.011769e-06	-8.709303e-10	-2.095448e+01	-5.195261e+01
6.240000e-06	-3.051331e-06	-8.822270e-10	-2.122974e+01	-5.272191e+01
6.250000e-06	-3.090670e-06	-8.897282e-10	-2.150344e+01	-5.346782e+01
6.260000e-06	-3.129747e-06	-8.944936e-10	-2.177532e+01	-5.419091e+01
6.270000e-06	-3.168441e-06	-9.024968e-10	-2.204453e+01	-5.489173e+01
6.280000e-06	-3.206675e-06	-9.132449e-10	-2.231055e+01	-5.557080e+01
6.290000e-06	-3.244564e-06	-9.246211e-10	-2.257416e+01	-5.622863e+01
6.300000e-06	-3.282111e-06	-9.357713e-10	-2.283539e+01	-5.686572e+01
6.310000e-06	-3.319292e-06	-9.477332e-10	-2.309409e+01	-5.748254e+01
6.320000e-06	-3.356110e-06	-9.592338e-10	-2.335025e+01	-5.807953e+01
6.330000e-06	-3.392583e-06	-9.687674e-10	-2.360401e+01	-5.865713e+01
6.340000e-06	-3.428865e-06	-9.754357e-10	-2.385644e+01	-5.921575e+01
6.350000e-06	-3.465022e-06	-9.797161e-10	-2.410800e+01	-5.975577e+01
6.360000e-06	-3.501121e-06	-9.832926e-10	-2.435917e+01	-6.027757e+01
6.370000e-06	-3.537087e-06	-9.871221e-10	-2.460940e+01	-6.078150e+01
6.380000e-06	-3.572850e-06	-9.917216e-10	-2.485822e+01	-6.126791e+01
6.390000e-06	-3.608465e-06	-9.982212e-10	-2.510601e+01	-6.173711e+01
6.400000e-06	-3.643813e-06	-1.010733e-09	-2.535195e+01	-6.218943e+01
6.410000e-06	-3.678885e-06	-1.024823e-09	-2.559597e+01	-6.262517e+01
6.420000e-06	-3.713673e-06	-1.036099e-09	-2.583800e+01	-6.304461e+01
6.430000e-06	-3.748120e-06	-1.046524e-09	-2.607767e+01	-6.344804e+01
6.440000e-06	-3.782291e-06	-1.054031e-09	-2.631542e+01	-6.383573e+01
6.450000e-06	-3.816261e-06	-1.055876e-09	-2.655176e+01	-6.420797e+01
6.460000e-06	-3.849981e-06	-1.054422e-09	-2.678637e+01	-6.456501e+01
6.470000e-06	-3.883419e-06	-1.056512e-09	-2.701902e+01	-6.490713e+01
6.480000e-06	-3.916532e-06	-1.062791e-09	-2.724940e+01	-6.523459e+01
6.490000e-06	-3.949300e-06	-1.071863e-09	-2.747738e+01	-6.554768e+01
6.500000e-06	-3.981816e-06	-1.083845e-09	-2.770362e+01	-6.584666e+01
6.510000e-06	-4.014142e-06	-1.093295e-09	-2.792852e+01	-6.613182e+01
6.520000e-06	-4.046300e-06	-1.098599e-09	-2.815227e+01	-6.640345e+01
6.530000e-06	-4.078310e-06	-1.103045e-09	-2.837498e+01	-6.666185e+01
6.540000e-06	-4.110147e-06	-1.104573e-09	-2.859648e+01	-6.690733e+01
6.550000e-06	-4.141672e-06	-1.103307e-09	-2.881582e+01	-6.714021e+01
6.560000e-06	-4.172818e-06	-1.102541e-09	-2.903252e+01	-6.736082e+01
6.570000e-06	-4.203603e-06	-1.103123e-09	-2.924670e+01	-6.756951e+01
6.580000e-06	-4.233880e-06	-1.104481e-09	-2.945736e+01	-6.776663e+01
6.590000e-06	-4.263535e-06	-1.106570e-09	-2.966369e+01	-6.795258e+01
6.600000e-06	-4.292650e-06	-1.110025e-09	-2.986626e+01	-6.812773e+01
6.610000e-06	-4.321331e-06	-1.115870e-09	-3.006581e+01	-6.829248e+01
6.620000e-06	-4.349753e-06	-1.120774e-09	-3.026355e+01	-6.844727e+01
6.630000e-06	-4.378003e-06	-1.124735e-09	-3.046010e+01	-6.859250e+01
6.640000e-06	-4.406111e-06	-1.125720e-09	-3.065566e+01	-6.872863e+01
6.650000e-06	-4.434111e-06	-1.123540e-09	-3.085047e+01	-6.885611e+01
6.660000e-06	-4.461846e-06	-1.123415e-09	-3.104344e+01	-6.897540e+01
6.670000e-06	-4.489181e-06	-1.123797e-09	-3.123363e+01	-6.908698e+01
6.680000e-06	-4.516287e-06	-1.124673e-09	-3.142221e+01	-6.919131e+01
6.690000e-06	-4.543072e-06	-1.125662e-09	-3.160857e+01	-6.928889e+01
6.700000e-06	-4.569454e-06	-1.125636e-09	-3.179213e+01	-6.938018e+01
6.710000e-06	-4.595566e-06	-1.126741e-09	-3.197380e+01	-6.946568e+01
6.720000e-06	-4.621340e-06	-1.130362e-09	-3.215312e+01	-6.954585e+01
6.730000e-06	-4.646781e-06	-1.132550e-09	-3.233013e+01	-6.962118e+01
6.740000e-06	-4.671763e-06	-1.132991e-09	-3.250394e+01	-6.969211e+01
6.750000e-06	-4.696289e-06	-1.131888e-09	-3.267459e+01	-6.975910e+01
6.760000e-06	-4.720589e-06	-1.129313e-09	-3.284366e+01	-6.982257e+01
6.770000e-06	-4.744804e-06	-1.125768e-09	-3.301213e+01	-6.988296e+01
6.780000e-06	-4.768867e-06	-1.121928e-09	-3.317955e+01	-6.994065e+01
6.790000e-06	-4.792623e-06	-1.121575e-09	-3.334483e+01	-6.999601e+01
6.800000e-06	-4.816083e-06	-1.123877e-09	-3.350806e+01	-7.004939e+01
6.810000e-06	-4.839150e-06	-1.128809e-09	-3.366855e+01	-7.010111e+01
6.820000e-06	-4.861737e-06	-1.134380e-09	-3.382570e+01	-7.015147e+01
6.830000e-06	-4.883695e-06	-1.137563e-09	-3.397847e+01	-7.020072e+01
6.840000e-06	-4.905062e-06	-1.137733e-09	-3.412713e+01	-7.024909e+01
6.850000e-06	-4.926146e-06	-1.134869e-09	-3.427382e+01	-7.029677e+01
6.860000e-06	-4.946802e-06	-1.132285e-09	-3.441754e+01	-7.034394e+01
6.870000e-06	-4.967076e-06	-1.130490e-09	-3.455860e+01	-7.039072e+01
6.880000e-06	-4.987226e-06	-1.128494e-09	-3.469879e+01	-7.043721e+01
6.890000e-06	-5.007125e-06	-1.129092e-09	-3.483724e+01	-7.048347e+01
6.900000e-06	-5.026751e-06	-1.131007e-09	-3.497378e+01	-7.052954e+01
6.910000e-06	-5.046002e-06	-1.131402e-09	-3.510772e+01	-7.057542e+01
6.920000e-06	-5.064842e-06	-1.134184e-09	-3.523881e+01	-7.062109e+01
6.930000e-06	-5.083370e-06	-1.136388e-09	-3.536771e+01	-7.066650e+01
6.940000e-06	-5.101582e-06	-1.135051e-09	-3.549442e+01	-7.071158e+01
6.950000e-06	-5.119370e-06	-1.130309e-09	-3.561818e+01	-7.075623e+01
6.960000e-06	-5.136794e-06	-1.122683e-09	-3.573941e+01	-7.080036e+01
6.970000e-06	-5.153909e-06	-1.117380e-09	-3.585849e+01	-7.084383e+01
6.980000e-06	-5.170632e-06	-1.117533e-09	-3.597485e+01	-7.088652e+01
6.990000e-06	-5.187080e-06	-1.122139e-09	-3.608928e+01	-7.092828e+01
7.000000e-06	-5.203371e-06	-1.127640e-09	-3.620263e+01	-7.096896e+01
7.010000e-06	-5.219472e-06	-1.131673e-09	-3.631465e+01	-7.100843e+01
7.020000e-06	-5.235187e-06	-1.133079e-09	-3.642399e+01	-7.104652e+01
7.030000e-06	-5.250357e-06	-1.130517e-09	-3.652953e+01	-7.108312e+01
7.040000e-06	-5.264935e-06	-1.126329e-09	-3.663096e+01	-7.111808e+01
7.050000e-06	-5.278780e-06	-1.124526e-09	-3.672729e+01	-7.115129e+01
7.060000e-06	-5.291995e-06	-1.125938e-09	-3.681923e+01	-7.118265e+01
7.070000e-06	-5.304750e-06	-1.127805e-09	-3.690797e+01	-7.121206e+01
7.080000e-06	-5.317129e-06	-1.127883e-09	-3.699410e+01	-7.123945e+01
7.090000e-06	-5.329257e-06	-1.128255e-09	-3.707848e+01	-7.126478e+01
7.100000e-06	-5.341068e-06	-1.128530e-09	-3.716066e+01	-7.128801e+01
7.110000e-06	-5.352431e-06	-1.128562e-09	-3.723971e+01	-7.130912e+01
7.120000e-06	-5.363321e-06	-1.126518e-09	-3.731548e+01	-7.132815e+01
7.130000e-06	-5.373847e-06	-1.124005e-09	-3.738872e+01	-7.134510e+01
7.140000e-06	-5.384043e-06	-1.125878e-09	-3.745966e+01	-7.136005e+01
7.150000e-06	-5.393959e-06	-1.129798e-09	-3.752865e+01	-7.137307e+01
7.160000e-06	-5.403478e-06	-1.133121e-09	-3.759488e+01	-7.138424e+01
7.170000e-06	-5.412505e-06	-1.130963e-09	-3.765768e+01	-7.139369e+01
7.180000e-06	-5.421102e-06	-1.128556e-09	-3.771750e+01	-7.140153e+01
7.190000e-06	-5.429425e-06	-1.124726e-09	-3.777540e+01	-7.140792e+01
7.200000e-06	-5.437586e-06	-1.122544e-09	-3.783219e+01	-7.141301e+01
7.210000e-06	-5.445547e-06	-1.121414e-09	-3.788757e+01	-7.141697e+01
7.220000e-06	-5.453253e-06	-1.122084e-09	-3.794119e+01	-7.141996e+01
7.230000e-06	-5.460552e-06	-1.128065e-09	-3.799197e+01	-7.142217e+01
7.240000e-06	-5.467217e-06	-1.133401e-09	-3.803835e+01	-7.142377e+01
7.250000e-06	-5.473222e-06	-1.135359e-09	-3.808012e+01	-7.142495e+01
7.260000e-06	-5.478587e-06	-1.132594e-09	-3.811745e+01	-7.142588e+01
7.270000e-06	-5.483377e-06	-1.128360e-09	-3.815078e+01	-7.142674e+01
7.280000e-06	-5.487840e-06	-1.124935e-09	-3.818183e+01	-7.142770e+01
7.290000e-06	-5.492106e-06	-1.123281e-09	-3.821151e+01	-7.142892e+01
7.300000e-06	-5.496155e-06	-1.124727e-09	-3.823968e+01	-7.143054e+01
7.310000e-06	-5.499884e-06	-1.127150e-09	-3.826562e+01	-7.143271e+01
7.320000e-06	-5.503217e-06	-1.128940e-09	-3.828882e+01	-7.143554e+01
7.330000e-06	-5.506192e-06	-1.131047e-09	-3.830951e+01	-7.143916e+01
7.340000e-06	-5.508800e-06	-1.132741e-09	-3.832766e+01	-7.144365e+01
7.350000e-06	-5.511054e-06	-1.134009e-09	-3.834334e+01	-7.144910e+01
7.360000e-06	-5.513017e-06	-1.130718e-09	-3.835700e+01	-7.145557e+01
7.370000e-06	-5.514648e-06	-1.125548e-09	-3.836835e+01	-7.146312e+01
7.380000e-06	-5.515785e-06	-1.121943e-09	-3.837625e+01	-7.147178e+01
7.390000e-06	-5.516447e-06	-1.121896e-09	-3.838086e+01	-7.148158e+01
7.400000e-06	-5.516839e-06	-1.123024e-09	-3.838359e+01	-7.149253e+01
