# Temperatura_=_9.48
# Concentracion g/m^3_=_1620.0
# C_Vs_to_Am_M_A/Vsm_=_65563218390.804596
# pendiente_HvsI_1/m_=_3716.3
# ordenada_HvsI_A/m_=_1297.0
# frecuencia_Hz_=_135108.5848967267

Tiempo_(s)	Campo_(V.s)	Magnetizacion_(V.s)	Campo_(kA/m)	Magnetizacion_(A/m)
0.000000e+00	-5.518599e-06	-1.672548e-09	-3.836868e+01	-1.092469e+02
1.000000e-08	-5.518731e-06	-1.672224e-09	-3.836960e+01	-1.091706e+02
2.000000e-08	-5.518503e-06	-1.673316e-09	-3.836802e+01	-1.090925e+02
3.000000e-08	-5.517851e-06	-1.673606e-09	-3.836348e+01	-1.090127e+02
4.000000e-08	-5.516696e-06	-1.672218e-09	-3.835546e+01	-1.089312e+02
5.000000e-08	-5.514901e-06	-1.671847e-09	-3.834297e+01	-1.088482e+02
6.000000e-08	-5.512621e-06	-1.682423e-09	-3.832712e+01	-1.087636e+02
7.000000e-08	-5.509890e-06	-1.705635e-09	-3.830813e+01	-1.086774e+02
8.000000e-08	-5.506555e-06	-1.690114e-09	-3.828495e+01	-1.085896e+02
9.000000e-08	-5.502754e-06	-1.609264e-09	-3.825852e+01	-1.085002e+02
1.000000e-07	-5.498653e-06	-1.595357e-09	-3.823001e+01	-1.084090e+02
1.100000e-07	-5.494303e-06	-1.707152e-09	-3.819976e+01	-1.083162e+02
1.200000e-07	-5.489663e-06	-1.745769e-09	-3.816750e+01	-1.082215e+02
1.300000e-07	-5.484729e-06	-1.655775e-09	-3.813320e+01	-1.081249e+02
1.400000e-07	-5.479466e-06	-1.602373e-09	-3.809661e+01	-1.080264e+02
1.500000e-07	-5.473785e-06	-1.681704e-09	-3.805711e+01	-1.079259e+02
1.600000e-07	-5.467696e-06	-1.747105e-09	-3.801477e+01	-1.078232e+02
1.700000e-07	-5.461263e-06	-1.635121e-09	-3.797005e+01	-1.077184e+02
1.800000e-07	-5.454477e-06	-1.587060e-09	-3.792287e+01	-1.076113e+02
1.900000e-07	-5.447298e-06	-1.646817e-09	-3.787296e+01	-1.075020e+02
2.000000e-07	-5.439839e-06	-1.718655e-09	-3.782110e+01	-1.073903e+02
2.100000e-07	-5.432123e-06	-1.673408e-09	-3.776745e+01	-1.072763e+02
2.200000e-07	-5.424099e-06	-1.642760e-09	-3.771166e+01	-1.071598e+02
2.300000e-07	-5.415625e-06	-1.678622e-09	-3.765275e+01	-1.070410e+02
2.400000e-07	-5.406627e-06	-1.699370e-09	-3.759019e+01	-1.069198e+02
2.500000e-07	-5.397076e-06	-1.666700e-09	-3.752378e+01	-1.067962e+02
2.600000e-07	-5.386884e-06	-1.635360e-09	-3.745292e+01	-1.066702e+02
2.700000e-07	-5.376088e-06	-1.650964e-09	-3.737786e+01	-1.065420e+02
2.800000e-07	-5.364793e-06	-1.658366e-09	-3.729933e+01	-1.064114e+02
2.900000e-07	-5.353157e-06	-1.647873e-09	-3.721843e+01	-1.062786e+02
3.000000e-07	-5.341129e-06	-1.622931e-09	-3.713480e+01	-1.061436e+02
3.100000e-07	-5.328701e-06	-1.640490e-09	-3.704840e+01	-1.060064e+02
3.200000e-07	-5.315903e-06	-1.649093e-09	-3.695942e+01	-1.058672e+02
3.300000e-07	-5.302659e-06	-1.631552e-09	-3.686734e+01	-1.057260e+02
3.400000e-07	-5.289053e-06	-1.590410e-09	-3.677274e+01	-1.055828e+02
3.500000e-07	-5.275028e-06	-1.617342e-09	-3.667523e+01	-1.054377e+02
3.600000e-07	-5.260477e-06	-1.631222e-09	-3.657406e+01	-1.052908e+02
3.700000e-07	-5.245452e-06	-1.602190e-09	-3.646960e+01	-1.051421e+02
3.800000e-07	-5.229909e-06	-1.606822e-09	-3.636153e+01	-1.049916e+02
3.900000e-07	-5.213909e-06	-1.659601e-09	-3.625029e+01	-1.048393e+02
4.000000e-07	-5.197475e-06	-1.607611e-09	-3.613604e+01	-1.046853e+02
4.100000e-07	-5.180728e-06	-1.549596e-09	-3.601960e+01	-1.045295e+02
4.200000e-07	-5.163758e-06	-1.618891e-09	-3.590161e+01	-1.043719e+02
4.300000e-07	-5.146389e-06	-1.653261e-09	-3.578085e+01	-1.042126e+02
4.400000e-07	-5.128610e-06	-1.557598e-09	-3.565724e+01	-1.040514e+02
4.500000e-07	-5.110414e-06	-1.574425e-09	-3.553073e+01	-1.038883e+02
4.600000e-07	-5.091842e-06	-1.661196e-09	-3.540161e+01	-1.037233e+02
4.700000e-07	-5.072928e-06	-1.595457e-09	-3.527011e+01	-1.035562e+02
4.800000e-07	-5.053670e-06	-1.533596e-09	-3.513621e+01	-1.033870e+02
4.900000e-07	-5.034158e-06	-1.611904e-09	-3.500055e+01	-1.032155e+02
5.000000e-07	-5.014401e-06	-1.599803e-09	-3.486319e+01	-1.030416e+02
5.100000e-07	-4.994362e-06	-1.514964e-09	-3.472387e+01	-1.028652e+02
5.200000e-07	-4.974019e-06	-1.578458e-09	-3.458243e+01	-1.026861e+02
5.300000e-07	-4.953345e-06	-1.618860e-09	-3.443869e+01	-1.025043e+02
5.400000e-07	-4.932298e-06	-1.525397e-09	-3.429236e+01	-1.023195e+02
5.500000e-07	-4.910866e-06	-1.532164e-09	-3.414335e+01	-1.021316e+02
5.600000e-07	-4.889110e-06	-1.610932e-09	-3.399209e+01	-1.019405e+02
5.700000e-07	-4.867112e-06	-1.548889e-09	-3.383914e+01	-1.017460e+02
5.800000e-07	-4.844767e-06	-1.509698e-09	-3.368379e+01	-1.015479e+02
5.900000e-07	-4.822022e-06	-1.577329e-09	-3.352565e+01	-1.013461e+02
6.000000e-07	-4.799020e-06	-1.559914e-09	-3.336573e+01	-1.011405e+02
6.100000e-07	-4.775801e-06	-1.494480e-09	-3.320429e+01	-1.009309e+02
6.200000e-07	-4.752314e-06	-1.536251e-09	-3.304100e+01	-1.007172e+02
6.300000e-07	-4.728448e-06	-1.552571e-09	-3.287507e+01	-1.004994e+02
6.400000e-07	-4.704191e-06	-1.507703e-09	-3.270642e+01	-1.002772e+02
6.500000e-07	-4.679586e-06	-1.522272e-09	-3.253535e+01	-1.000506e+02
6.600000e-07	-4.654484e-06	-1.551147e-09	-3.236083e+01	-9.981953e+01
6.700000e-07	-4.628874e-06	-1.508366e-09	-3.218277e+01	-9.958395e+01
6.800000e-07	-4.602850e-06	-1.495349e-09	-3.200184e+01	-9.934380e+01
6.900000e-07	-4.576349e-06	-1.516023e-09	-3.181758e+01	-9.909904e+01
7.000000e-07	-4.549348e-06	-1.499549e-09	-3.162986e+01	-9.884966e+01
7.100000e-07	-4.522003e-06	-1.482836e-09	-3.143974e+01	-9.859567e+01
7.200000e-07	-4.494506e-06	-1.502783e-09	-3.124856e+01	-9.833707e+01
7.300000e-07	-4.466849e-06	-1.502086e-09	-3.105627e+01	-9.807389e+01
7.400000e-07	-4.438938e-06	-1.488438e-09	-3.086222e+01	-9.780617e+01
7.500000e-07	-4.410827e-06	-1.490290e-09	-3.066678e+01	-9.753398e+01
7.600000e-07	-4.382489e-06	-1.486900e-09	-3.046975e+01	-9.725736e+01
7.700000e-07	-4.353841e-06	-1.471126e-09	-3.027057e+01	-9.697641e+01
7.800000e-07	-4.324874e-06	-1.466812e-09	-3.006917e+01	-9.669119e+01
7.900000e-07	-4.295551e-06	-1.464610e-09	-2.986531e+01	-9.640181e+01
8.000000e-07	-4.265951e-06	-1.453547e-09	-2.965951e+01	-9.610836e+01
8.100000e-07	-4.236091e-06	-1.450923e-09	-2.945190e+01	-9.581094e+01
8.200000e-07	-4.205883e-06	-1.453157e-09	-2.924188e+01	-9.550966e+01
8.300000e-07	-4.175246e-06	-1.445232e-09	-2.902887e+01	-9.520462e+01
8.400000e-07	-4.144277e-06	-1.439489e-09	-2.881355e+01	-9.489594e+01
8.500000e-07	-4.113090e-06	-1.447699e-09	-2.859673e+01	-9.458371e+01
8.600000e-07	-4.081686e-06	-1.445588e-09	-2.837838e+01	-9.426804e+01
8.700000e-07	-4.050141e-06	-1.433204e-09	-2.815906e+01	-9.394903e+01
8.800000e-07	-4.018477e-06	-1.426017e-09	-2.793891e+01	-9.362677e+01
8.900000e-07	-3.986595e-06	-1.419174e-09	-2.771726e+01	-9.330135e+01
9.000000e-07	-3.954417e-06	-1.403810e-09	-2.749353e+01	-9.297285e+01
9.100000e-07	-3.921946e-06	-1.401971e-09	-2.726777e+01	-9.264134e+01
9.200000e-07	-3.889106e-06	-1.404995e-09	-2.703945e+01	-9.230688e+01
9.300000e-07	-3.855848e-06	-1.397436e-09	-2.680822e+01	-9.196954e+01
9.400000e-07	-3.822108e-06	-1.389688e-09	-2.657364e+01	-9.162934e+01
9.500000e-07	-3.787873e-06	-1.390906e-09	-2.633561e+01	-9.128633e+01
9.600000e-07	-3.753259e-06	-1.377772e-09	-2.609495e+01	-9.094052e+01
9.700000e-07	-3.718281e-06	-1.358727e-09	-2.585177e+01	-9.059194e+01
9.800000e-07	-3.683012e-06	-1.351613e-09	-2.560656e+01	-9.024056e+01
9.900000e-07	-3.647587e-06	-1.351909e-09	-2.536026e+01	-8.988639e+01
1.000000e-06	-3.611991e-06	-1.346508e-09	-2.511277e+01	-8.952941e+01
1.010000e-06	-3.576232e-06	-1.344002e-09	-2.486416e+01	-8.916957e+01
1.020000e-06	-3.540405e-06	-1.343347e-09	-2.461506e+01	-8.880683e+01
1.030000e-06	-3.504407e-06	-1.334348e-09	-2.436479e+01	-8.844115e+01
1.040000e-06	-3.468154e-06	-1.323167e-09	-2.411274e+01	-8.807244e+01
1.050000e-06	-3.431627e-06	-1.318997e-09	-2.385878e+01	-8.770063e+01
1.060000e-06	-3.394828e-06	-1.312020e-09	-2.360293e+01	-8.732563e+01
1.070000e-06	-3.357738e-06	-1.301263e-09	-2.334505e+01	-8.694734e+01
1.080000e-06	-3.320353e-06	-1.295411e-09	-2.308513e+01	-8.656566e+01
1.090000e-06	-3.282762e-06	-1.290617e-09	-2.282378e+01	-8.618045e+01
1.100000e-06	-3.244953e-06	-1.280578e-09	-2.256090e+01	-8.579159e+01
1.110000e-06	-3.206921e-06	-1.269778e-09	-2.229648e+01	-8.539893e+01
1.120000e-06	-3.168691e-06	-1.260951e-09	-2.203068e+01	-8.500231e+01
1.130000e-06	-3.130244e-06	-1.249316e-09	-2.176338e+01	-8.460157e+01
1.140000e-06	-3.091501e-06	-1.241216e-09	-2.149401e+01	-8.419652e+01
1.150000e-06	-3.052553e-06	-1.240733e-09	-2.122322e+01	-8.378697e+01
1.160000e-06	-3.013476e-06	-1.238576e-09	-2.095153e+01	-8.337272e+01
1.170000e-06	-2.974191e-06	-1.229260e-09	-2.067840e+01	-8.295355e+01
1.180000e-06	-2.934779e-06	-1.219122e-09	-2.040438e+01	-8.252922e+01
1.190000e-06	-2.895248e-06	-1.207451e-09	-2.012954e+01	-8.209950e+01
1.200000e-06	-2.855581e-06	-1.193368e-09	-1.985375e+01	-8.166411e+01
1.210000e-06	-2.815785e-06	-1.182611e-09	-1.957706e+01	-8.122280e+01
1.220000e-06	-2.775815e-06	-1.177885e-09	-1.929917e+01	-8.077529e+01
1.230000e-06	-2.735660e-06	-1.170651e-09	-1.901999e+01	-8.032126e+01
1.240000e-06	-2.695292e-06	-1.162357e-09	-1.873932e+01	-7.986043e+01
1.250000e-06	-2.654654e-06	-1.156994e-09	-1.845678e+01	-7.939247e+01
1.260000e-06	-2.613728e-06	-1.152844e-09	-1.817224e+01	-7.891706e+01
1.270000e-06	-2.572566e-06	-1.143321e-09	-1.788606e+01	-7.843388e+01
1.280000e-06	-2.531159e-06	-1.131488e-09	-1.759817e+01	-7.794257e+01
1.290000e-06	-2.489385e-06	-1.120604e-09	-1.730773e+01	-7.744279e+01
1.300000e-06	-2.447207e-06	-1.109238e-09	-1.701449e+01	-7.693422e+01
1.310000e-06	-2.404776e-06	-1.097131e-09	-1.671948e+01	-7.641649e+01
1.320000e-06	-2.362125e-06	-1.088130e-09	-1.642294e+01	-7.588927e+01
1.330000e-06	-2.319198e-06	-1.081002e-09	-1.612448e+01	-7.535223e+01
1.340000e-06	-2.276088e-06	-1.074032e-09	-1.582476e+01	-7.480503e+01
1.350000e-06	-2.232850e-06	-1.067792e-09	-1.552414e+01	-7.424736e+01
1.360000e-06	-2.189455e-06	-1.060985e-09	-1.522244e+01	-7.367890e+01
1.370000e-06	-2.145927e-06	-1.050077e-09	-1.491980e+01	-7.309937e+01
1.380000e-06	-2.102327e-06	-1.037668e-09	-1.461667e+01	-7.250849e+01
1.390000e-06	-2.058647e-06	-1.024797e-09	-1.431297e+01	-7.190600e+01
1.400000e-06	-2.014895e-06	-1.010104e-09	-1.400879e+01	-7.129166e+01
1.410000e-06	-1.971088e-06	-9.966681e-10	-1.370421e+01	-7.066526e+01
1.420000e-06	-1.927171e-06	-9.861077e-10	-1.339888e+01	-7.002660e+01
1.430000e-06	-1.883155e-06	-9.768432e-10	-1.309285e+01	-6.937550e+01
1.440000e-06	-1.838990e-06	-9.676993e-10	-1.278579e+01	-6.871181e+01
1.450000e-06	-1.794695e-06	-9.590453e-10	-1.247782e+01	-6.803539e+01
1.460000e-06	-1.750352e-06	-9.496949e-10	-1.216952e+01	-6.734613e+01
1.470000e-06	-1.705933e-06	-9.375449e-10	-1.186069e+01	-6.664393e+01
1.480000e-06	-1.661361e-06	-9.241895e-10	-1.155080e+01	-6.592868e+01
1.490000e-06	-1.616590e-06	-9.114771e-10	-1.123952e+01	-6.520032e+01
1.500000e-06	-1.571674e-06	-8.963325e-10	-1.092724e+01	-6.445875e+01
1.510000e-06	-1.526656e-06	-8.814549e-10	-1.061425e+01	-6.370390e+01
1.520000e-06	-1.481549e-06	-8.695627e-10	-1.030063e+01	-6.293568e+01
1.530000e-06	-1.436300e-06	-8.588601e-10	-9.986041e+00	-6.215397e+01
1.540000e-06	-1.390885e-06	-8.485155e-10	-9.670283e+00	-6.135866e+01
1.550000e-06	-1.345392e-06	-8.382312e-10	-9.353993e+00	-6.054959e+01
1.560000e-06	-1.299887e-06	-8.256152e-10	-9.037609e+00	-5.972656e+01
1.570000e-06	-1.254305e-06	-8.107480e-10	-8.720697e+00	-5.888935e+01
1.580000e-06	-1.208645e-06	-7.954822e-10	-8.403244e+00	-5.803766e+01
1.590000e-06	-1.162936e-06	-7.807216e-10	-8.085441e+00	-5.717115e+01
1.600000e-06	-1.117154e-06	-7.640469e-10	-7.767143e+00	-5.628942e+01
1.610000e-06	-1.071254e-06	-7.470508e-10	-7.448017e+00	-5.539199e+01
1.620000e-06	-1.025208e-06	-7.318220e-10	-7.127872e+00	-5.447830e+01
1.630000e-06	-9.790917e-07	-7.193638e-10	-6.807246e+00	-5.354772e+01
1.640000e-06	-9.329608e-07	-7.090534e-10	-6.486516e+00	-5.259953e+01
1.650000e-06	-8.868055e-07	-6.992383e-10	-6.165615e+00	-5.163291e+01
1.660000e-06	-8.405441e-07	-6.875837e-10	-5.843978e+00	-5.064699e+01
1.670000e-06	-7.941815e-07	-6.720073e-10	-5.521637e+00	-4.964078e+01
1.680000e-06	-7.478251e-07	-6.527066e-10	-5.199339e+00	-4.861321e+01
1.690000e-06	-7.015053e-07	-6.316830e-10	-4.877295e+00	-4.756313e+01
1.700000e-06	-6.550572e-07	-6.089002e-10	-4.554359e+00	-4.648934e+01
1.710000e-06	-6.085099e-07	-5.869601e-10	-4.230734e+00	-4.539053e+01
1.720000e-06	-5.619699e-07	-5.679823e-10	-3.907159e+00	-4.426537e+01
1.730000e-06	-5.153562e-07	-5.517410e-10	-3.583073e+00	-4.311246e+01
1.740000e-06	-4.687034e-07	-5.373417e-10	-3.258714e+00	-4.193037e+01
1.750000e-06	-4.220217e-07	-5.211005e-10	-2.934154e+00	-4.071765e+01
1.760000e-06	-3.752804e-07	-5.013074e-10	-2.609179e+00	-3.947284e+01
1.770000e-06	-3.284343e-07	-4.789150e-10	-2.283476e+00	-3.819452e+01
1.780000e-06	-2.815703e-07	-4.556669e-10	-1.957650e+00	-3.688126e+01
1.790000e-06	-2.347496e-07	-4.320605e-10	-1.632123e+00	-3.553171e+01
1.800000e-06	-1.878701e-07	-4.095380e-10	-1.306188e+00	-3.414458e+01
1.810000e-06	-1.410525e-07	-3.906416e-10	-9.806833e-01	-3.271867e+01
1.820000e-06	-9.428351e-08	-3.745120e-10	-6.555168e-01	-3.125290e+01
1.830000e-06	-4.746820e-08	-3.575144e-10	-3.300280e-01	-2.974630e+01
1.840000e-06	-6.827047e-10	-3.396200e-10	-4.746582e-03	-2.819807e+01
1.850000e-06	4.610379e-08	-3.198701e-10	3.205418e-01	-2.660760e+01
1.860000e-06	9.294896e-08	-2.972580e-10	6.462382e-01	-2.497442e+01
1.870000e-06	1.398318e-07	-2.717462e-10	9.721963e-01	-2.329831e+01
1.880000e-06	1.866087e-07	-2.450457e-10	1.297418e+00	-2.157926e+01
1.890000e-06	2.332943e-07	-2.187695e-10	1.622005e+00	-1.981749e+01
1.900000e-06	2.800048e-07	-1.945569e-10	1.946765e+00	-1.801346e+01
1.910000e-06	3.267290e-07	-1.723541e-10	2.271621e+00	-1.616792e+01
1.920000e-06	3.734482e-07	-1.493225e-10	2.596441e+00	-1.428183e+01
1.930000e-06	4.201412e-07	-1.244545e-10	2.921079e+00	-1.235646e+01
1.940000e-06	4.668945e-07	-9.914429e-11	3.246137e+00	-1.039332e+01
1.950000e-06	5.136222e-07	-7.051230e-11	3.571016e+00	-8.394200e+00
1.960000e-06	5.602410e-07	-3.870578e-11	3.895139e+00	-6.361129e+00
1.970000e-06	6.067943e-07	-8.150695e-12	4.218806e+00	-4.296395e+00
1.980000e-06	6.532755e-07	2.015529e-11	4.541972e+00	-2.202523e+00
1.990000e-06	6.997401e-07	4.849626e-11	4.865022e+00	-8.225471e-02
2.000000e-06	7.461477e-07	7.698542e-11	5.187676e+00	2.061459e+00
2.010000e-06	7.924377e-07	1.043339e-10	5.509513e+00	4.225487e+00
2.020000e-06	8.386241e-07	1.340854e-10	5.830629e+00	6.406534e+00
2.030000e-06	8.847619e-07	1.667140e-10	6.151407e+00	8.601168e+00
2.040000e-06	9.308479e-07	1.984039e-10	6.471825e+00	1.080585e+01
2.050000e-06	9.768894e-07	2.274722e-10	6.791934e+00	1.301695e+01
2.060000e-06	1.022884e-06	2.552083e-10	7.111717e+00	1.523079e+01
2.070000e-06	1.068797e-06	2.822616e-10	7.430932e+00	1.744368e+01
2.080000e-06	1.114638e-06	3.098627e-10	7.749646e+00	1.965191e+01
2.090000e-06	1.160411e-06	3.402675e-10	8.067890e+00	2.185182e+01
2.100000e-06	1.206131e-06	3.728567e-10	8.385762e+00	2.403983e+01
2.110000e-06	1.251809e-06	4.054457e-10	8.703342e+00	2.621244e+01
2.120000e-06	1.297394e-06	4.372291e-10	9.020276e+00	2.836626e+01
2.130000e-06	1.342800e-06	4.671400e-10	9.335972e+00	3.049807e+01
2.140000e-06	1.388047e-06	4.937595e-10	9.650557e+00	3.260482e+01
2.150000e-06	1.433259e-06	5.174603e-10	9.964897e+00	3.468364e+01
2.160000e-06	1.478423e-06	5.402540e-10	1.027890e+01	3.673189e+01
2.170000e-06	1.523493e-06	5.638297e-10	1.059226e+01	3.874715e+01
2.180000e-06	1.568475e-06	5.906333e-10	1.090500e+01	4.072724e+01
2.190000e-06	1.613278e-06	6.202901e-10	1.121650e+01	4.267025e+01
2.200000e-06	1.657910e-06	6.512764e-10	1.152681e+01	4.457450e+01
2.210000e-06	1.702418e-06	6.814233e-10	1.183625e+01	4.643862e+01
2.220000e-06	1.746813e-06	7.080634e-10	1.214491e+01	4.826146e+01
2.230000e-06	1.791128e-06	7.302259e-10	1.245302e+01	5.004217e+01
2.240000e-06	1.835327e-06	7.480926e-10	1.276032e+01	5.178014e+01
2.250000e-06	1.879447e-06	7.637355e-10	1.306707e+01	5.347501e+01
2.260000e-06	1.923467e-06	7.814807e-10	1.337312e+01	5.512666e+01
2.270000e-06	1.967330e-06	8.036709e-10	1.367809e+01	5.673520e+01
2.280000e-06	2.011109e-06	8.282310e-10	1.398247e+01	5.830095e+01
2.290000e-06	2.054821e-06	8.541290e-10	1.428637e+01	5.982442e+01
2.300000e-06	2.098459e-06	8.807430e-10	1.458977e+01	6.130628e+01
2.310000e-06	2.142024e-06	9.049553e-10	1.489266e+01	6.274737e+01
2.320000e-06	2.185510e-06	9.230170e-10	1.519501e+01	6.414866e+01
2.330000e-06	2.228955e-06	9.343398e-10	1.549706e+01	6.551122e+01
2.340000e-06	2.272307e-06	9.446667e-10	1.579847e+01	6.683621e+01
2.350000e-06	2.315424e-06	9.589297e-10	1.609824e+01	6.812485e+01
2.360000e-06	2.358293e-06	9.784835e-10	1.639630e+01	6.937841e+01
2.370000e-06	2.400918e-06	1.001785e-09	1.669265e+01	7.059819e+01
2.380000e-06	2.443265e-06	1.025238e-09	1.698707e+01	7.178547e+01
2.390000e-06	2.485344e-06	1.045318e-09	1.727964e+01	7.294154e+01
2.400000e-06	2.527126e-06	1.060066e-09	1.757013e+01	7.406764e+01
2.410000e-06	2.568547e-06	1.071909e-09	1.785811e+01	7.516498e+01
2.420000e-06	2.609616e-06	1.082138e-09	1.814365e+01	7.623470e+01
2.430000e-06	2.650354e-06	1.092798e-09	1.842689e+01	7.727787e+01
2.440000e-06	2.690796e-06	1.107629e-09	1.870807e+01	7.829550e+01
2.450000e-06	2.731040e-06	1.124376e-09	1.898787e+01	7.928850e+01
2.460000e-06	2.771132e-06	1.142320e-09	1.926661e+01	8.025770e+01
2.470000e-06	2.811093e-06	1.159673e-09	1.954444e+01	8.120382e+01
2.480000e-06	2.850894e-06	1.174317e-09	1.982116e+01	8.212753e+01
2.490000e-06	2.890520e-06	1.185636e-09	2.009667e+01	8.302937e+01
2.500000e-06	2.930033e-06	1.193974e-09	2.037139e+01	8.390984e+01
2.510000e-06	2.969365e-06	1.204978e-09	2.064485e+01	8.476931e+01
2.520000e-06	3.008524e-06	1.217740e-09	2.091711e+01	8.560813e+01
2.530000e-06	3.047589e-06	1.233650e-09	2.118871e+01	8.642655e+01
2.540000e-06	3.086442e-06	1.250304e-09	2.145884e+01	8.722479e+01
2.550000e-06	3.124995e-06	1.262535e-09	2.172688e+01	8.800299e+01
2.560000e-06	3.163345e-06	1.269796e-09	2.199351e+01	8.876130e+01
2.570000e-06	3.201558e-06	1.274934e-09	2.225919e+01	8.949982e+01
2.580000e-06	3.239507e-06	1.280988e-09	2.252304e+01	9.021862e+01
2.590000e-06	3.277233e-06	1.289198e-09	2.278533e+01	9.091778e+01
2.600000e-06	3.314764e-06	1.302117e-09	2.304627e+01	9.159739e+01
2.610000e-06	3.352059e-06	1.318025e-09	2.330557e+01	9.225754e+01
2.620000e-06	3.389073e-06	1.335238e-09	2.356291e+01	9.289833e+01
2.630000e-06	3.425755e-06	1.347647e-09	2.381795e+01	9.351991e+01
2.640000e-06	3.462211e-06	1.353489e-09	2.407142e+01	9.412242e+01
2.650000e-06	3.498492e-06	1.357972e-09	2.432366e+01	9.470609e+01
2.660000e-06	3.534573e-06	1.361554e-09	2.457452e+01	9.527112e+01
2.670000e-06	3.570500e-06	1.366262e-09	2.482430e+01	9.581782e+01
2.680000e-06	3.606284e-06	1.373506e-09	2.507309e+01	9.634647e+01
2.690000e-06	3.641903e-06	1.384496e-09	2.532074e+01	9.685745e+01
2.700000e-06	3.677367e-06	1.396824e-09	2.556731e+01	9.735112e+01
2.710000e-06	3.712587e-06	1.404086e-09	2.581218e+01	9.782793e+01
2.720000e-06	3.747561e-06	1.408494e-09	2.605534e+01	9.828832e+01
2.730000e-06	3.782320e-06	1.410685e-09	2.629700e+01	9.873276e+01
2.740000e-06	3.816706e-06	1.413782e-09	2.653608e+01	9.916175e+01
2.750000e-06	3.850524e-06	1.417344e-09	2.677120e+01	9.957582e+01
2.760000e-06	3.883813e-06	1.421027e-09	2.700265e+01	9.997547e+01
2.770000e-06	3.916806e-06	1.426285e-09	2.723204e+01	1.003612e+02
2.780000e-06	3.949449e-06	1.433883e-09	2.745899e+01	1.007336e+02
2.790000e-06	3.981663e-06	1.443057e-09	2.768296e+01	1.010932e+02
2.800000e-06	4.013600e-06	1.450818e-09	2.790501e+01	1.014404e+02
2.810000e-06	4.045295e-06	1.456071e-09	2.812537e+01	1.017757e+02
2.820000e-06	4.076803e-06	1.460325e-09	2.834443e+01	1.020996e+02
2.830000e-06	4.108150e-06	1.464816e-09	2.856238e+01	1.024125e+02
2.840000e-06	4.139311e-06	1.467597e-09	2.877903e+01	1.027148e+02
2.850000e-06	4.170242e-06	1.470589e-09	2.899408e+01	1.030069e+02
2.860000e-06	4.200863e-06	1.475418e-09	2.920697e+01	1.032891e+02
2.870000e-06	4.231172e-06	1.481493e-09	2.941770e+01	1.035618e+02
2.880000e-06	4.261204e-06	1.487360e-09	2.962650e+01	1.038251e+02
2.890000e-06	4.290909e-06	1.492353e-09	2.983303e+01	1.040794e+02
2.900000e-06	4.320298e-06	1.497884e-09	3.003736e+01	1.043248e+02
2.910000e-06	4.349425e-06	1.502744e-09	3.023987e+01	1.045615e+02
2.920000e-06	4.378285e-06	1.506107e-09	3.044053e+01	1.047897e+02
2.930000e-06	4.406839e-06	1.508965e-09	3.063904e+01	1.050096e+02
2.940000e-06	4.435117e-06	1.511394e-09	3.083565e+01	1.052213e+02
2.950000e-06	4.463123e-06	1.514642e-09	3.103037e+01	1.054248e+02
2.960000e-06	4.490859e-06	1.517615e-09	3.122320e+01	1.056204e+02
2.970000e-06	4.518399e-06	1.522270e-09	3.141468e+01	1.058082e+02
2.980000e-06	4.545753e-06	1.527346e-09	3.160486e+01	1.059882e+02
2.990000e-06	4.572875e-06	1.531841e-09	3.179343e+01	1.061607e+02
3.000000e-06	4.599634e-06	1.536561e-09	3.197948e+01	1.063257e+02
3.010000e-06	4.625875e-06	1.541765e-09	3.216192e+01	1.064836e+02
3.020000e-06	4.651593e-06	1.547225e-09	3.234072e+01	1.066344e+02
3.030000e-06	4.676776e-06	1.551550e-09	3.251581e+01	1.067784e+02
3.040000e-06	4.701442e-06	1.553447e-09	3.268731e+01	1.069159e+02
3.050000e-06	4.725689e-06	1.554854e-09	3.285588e+01	1.070471e+02
3.060000e-06	4.749559e-06	1.557417e-09	3.302185e+01	1.071724e+02
3.070000e-06	4.773137e-06	1.562784e-09	3.318578e+01	1.072920e+02
3.080000e-06	4.796448e-06	1.569132e-09	3.334785e+01	1.074063e+02
3.090000e-06	4.819489e-06	1.574095e-09	3.350805e+01	1.075157e+02
3.100000e-06	4.842226e-06	1.577398e-09	3.366612e+01	1.076206e+02
3.110000e-06	4.864628e-06	1.580676e-09	3.382187e+01	1.077214e+02
3.120000e-06	4.886720e-06	1.584721e-09	3.397547e+01	1.078185e+02
3.130000e-06	4.908516e-06	1.586329e-09	3.412701e+01	1.079123e+02
3.140000e-06	4.929993e-06	1.586689e-09	3.427634e+01	1.080033e+02
3.150000e-06	4.951109e-06	1.588716e-09	3.442314e+01	1.080918e+02
3.160000e-06	4.971839e-06	1.590202e-09	3.456727e+01	1.081783e+02
3.170000e-06	4.992230e-06	1.589088e-09	3.470904e+01	1.082630e+02
3.180000e-06	5.012304e-06	1.589822e-09	3.484861e+01	1.083465e+02
3.190000e-06	5.032108e-06	1.592345e-09	3.498630e+01	1.084290e+02
3.200000e-06	5.051704e-06	1.595283e-09	3.512254e+01	1.085108e+02
3.210000e-06	5.071005e-06	1.597796e-09	3.525673e+01	1.085921e+02
3.220000e-06	5.089936e-06	1.601405e-09	3.538835e+01	1.086732e+02
3.230000e-06	5.108544e-06	1.604727e-09	3.551773e+01	1.087542e+02
3.240000e-06	5.126774e-06	1.607972e-09	3.564448e+01	1.088352e+02
3.250000e-06	5.144500e-06	1.609914e-09	3.576772e+01	1.089164e+02
3.260000e-06	5.161837e-06	1.611671e-09	3.588825e+01	1.089976e+02
3.270000e-06	5.178881e-06	1.616444e-09	3.600675e+01	1.090789e+02
3.280000e-06	5.195602e-06	1.620064e-09	3.612301e+01	1.091602e+02
3.290000e-06	5.211987e-06	1.624607e-09	3.623693e+01	1.092414e+02
3.300000e-06	5.227976e-06	1.628384e-09	3.634810e+01	1.093222e+02
3.310000e-06	5.243537e-06	1.630353e-09	3.645629e+01	1.094024e+02
3.320000e-06	5.258625e-06	1.633030e-09	3.656119e+01	1.094817e+02
3.330000e-06	5.273274e-06	1.634815e-09	3.666304e+01	1.095600e+02
3.340000e-06	5.287500e-06	1.638463e-09	3.676194e+01	1.096367e+02
3.350000e-06	5.301345e-06	1.642161e-09	3.685820e+01	1.097117e+02
3.360000e-06	5.314827e-06	1.645600e-09	3.695193e+01	1.097844e+02
3.370000e-06	5.327919e-06	1.646891e-09	3.704296e+01	1.098546e+02
3.380000e-06	5.340692e-06	1.647344e-09	3.713177e+01	1.099219e+02
3.390000e-06	5.353068e-06	1.648496e-09	3.721781e+01	1.099858e+02
3.400000e-06	5.365009e-06	1.649729e-09	3.730083e+01	1.100460e+02
3.410000e-06	5.376560e-06	1.652730e-09	3.738114e+01	1.101021e+02
3.420000e-06	5.387692e-06	1.656061e-09	3.745854e+01	1.101539e+02
3.430000e-06	5.398387e-06	1.657700e-09	3.753290e+01	1.102010e+02
3.440000e-06	5.408596e-06	1.655449e-09	3.760388e+01	1.102431e+02
3.450000e-06	5.418229e-06	1.655691e-09	3.767085e+01	1.102799e+02
3.460000e-06	5.427266e-06	1.657285e-09	3.773368e+01	1.103113e+02
3.470000e-06	5.435818e-06	1.656288e-09	3.779314e+01	1.103371e+02
3.480000e-06	5.444007e-06	1.656786e-09	3.785007e+01	1.103572e+02
3.490000e-06	5.451800e-06	1.659351e-09	3.790426e+01	1.103715e+02
3.500000e-06	5.459268e-06	1.662356e-09	3.795618e+01	1.103798e+02
3.510000e-06	5.466501e-06	1.665131e-09	3.800647e+01	1.103823e+02
3.520000e-06	5.473361e-06	1.667336e-09	3.805416e+01	1.103790e+02
3.530000e-06	5.479819e-06	1.668571e-09	3.809906e+01	1.103700e+02
3.540000e-06	5.485874e-06	1.669125e-09	3.814116e+01	1.103553e+02
3.550000e-06	5.491498e-06	1.670076e-09	3.818026e+01	1.103351e+02
3.560000e-06	5.496788e-06	1.669352e-09	3.821704e+01	1.103096e+02
3.570000e-06	5.501722e-06	1.668836e-09	3.825135e+01	1.102790e+02
3.580000e-06	5.506308e-06	1.670557e-09	3.828323e+01	1.102435e+02
3.590000e-06	5.510547e-06	1.672539e-09	3.831270e+01	1.102035e+02
3.600000e-06	5.514449e-06	1.674327e-09	3.833983e+01	1.101590e+02
3.610000e-06	5.518112e-06	1.676689e-09	3.836530e+01	1.101104e+02
3.620000e-06	5.521533e-06	1.677696e-09	3.838908e+01	1.100580e+02
3.630000e-06	5.524575e-06	1.677376e-09	3.841024e+01	1.100020e+02
3.640000e-06	5.527081e-06	1.678811e-09	3.842765e+01	1.099428e+02
3.650000e-06	5.529055e-06	1.680769e-09	3.844138e+01	1.098804e+02
3.660000e-06	5.530478e-06	1.680936e-09	3.845127e+01	1.098152e+02
3.670000e-06	5.531303e-06	1.680275e-09	3.845701e+01	1.097475e+02
3.680000e-06	5.531686e-06	1.679158e-09	3.845967e+01	1.096773e+02
3.690000e-06	5.531733e-06	1.679079e-09	3.846000e+01	1.096050e+02
3.700000e-06	5.531432e-06	1.680469e-09	3.845791e+01	1.095306e+02
3.710000e-06	5.530834e-06	1.683594e-09	3.845375e+01	1.094542e+02
3.720000e-06	5.529973e-06	1.685966e-09	3.844776e+01	1.093761e+02
3.730000e-06	5.528720e-06	1.687745e-09	3.843905e+01	1.092963e+02
3.740000e-06	5.526985e-06	1.691291e-09	3.842699e+01	1.092148e+02
3.750000e-06	5.524926e-06	1.682246e-09	3.841268e+01	1.091318e+02
3.760000e-06	5.522583e-06	1.643376e-09	3.839638e+01	1.090471e+02
3.770000e-06	5.519845e-06	1.617698e-09	3.837735e+01	1.089609e+02
3.780000e-06	5.516705e-06	1.686378e-09	3.835551e+01	1.088730e+02
3.790000e-06	5.513151e-06	1.761662e-09	3.833081e+01	1.087836e+02
3.800000e-06	5.509222e-06	1.679401e-09	3.830349e+01	1.086924e+02
3.810000e-06	5.505028e-06	1.587464e-09	3.827433e+01	1.085995e+02
3.820000e-06	5.500629e-06	1.640002e-09	3.824374e+01	1.085048e+02
3.830000e-06	5.495871e-06	1.713037e-09	3.821067e+01	1.084083e+02
3.840000e-06	5.490643e-06	1.679486e-09	3.817432e+01	1.083098e+02
3.850000e-06	5.484974e-06	1.557984e-09	3.813490e+01	1.082092e+02
3.860000e-06	5.478912e-06	1.637565e-09	3.809276e+01	1.081066e+02
3.870000e-06	5.472340e-06	1.791337e-09	3.804706e+01	1.080018e+02
3.880000e-06	5.465251e-06	1.711388e-09	3.799778e+01	1.078947e+02
3.890000e-06	5.457746e-06	1.537970e-09	3.794560e+01	1.077854e+02
3.900000e-06	5.449762e-06	1.588094e-09	3.789009e+01	1.076737e+02
3.910000e-06	5.441376e-06	1.768948e-09	3.783178e+01	1.075597e+02
3.920000e-06	5.432691e-06	1.705241e-09	3.777140e+01	1.074433e+02
3.930000e-06	5.423702e-06	1.574985e-09	3.770890e+01	1.073245e+02
3.940000e-06	5.414300e-06	1.623577e-09	3.764353e+01	1.072034e+02
3.950000e-06	5.404436e-06	1.737328e-09	3.757495e+01	1.070798e+02
3.960000e-06	5.394253e-06	1.660756e-09	3.750416e+01	1.069539e+02
3.970000e-06	5.383740e-06	1.590188e-09	3.743106e+01	1.068256e+02
3.980000e-06	5.372776e-06	1.655037e-09	3.735483e+01	1.066950e+02
3.990000e-06	5.361409e-06	1.687449e-09	3.727580e+01	1.065622e+02
4.000000e-06	5.349683e-06	1.610125e-09	3.719428e+01	1.064272e+02
4.010000e-06	5.337497e-06	1.587206e-09	3.710955e+01	1.062901e+02
4.020000e-06	5.324864e-06	1.654996e-09	3.702172e+01	1.061509e+02
4.030000e-06	5.311851e-06	1.676196e-09	3.693125e+01	1.060097e+02
4.040000e-06	5.298372e-06	1.621667e-09	3.683753e+01	1.058665e+02
4.050000e-06	5.284348e-06	1.589125e-09	3.674003e+01	1.057214e+02
4.060000e-06	5.269803e-06	1.641606e-09	3.663890e+01	1.055745e+02
4.070000e-06	5.254724e-06	1.667079e-09	3.653406e+01	1.054257e+02
4.080000e-06	5.239148e-06	1.595326e-09	3.642577e+01	1.052752e+02
4.090000e-06	5.223204e-06	1.554550e-09	3.631492e+01	1.051229e+02
4.100000e-06	5.206943e-06	1.655270e-09	3.620186e+01	1.049688e+02
4.110000e-06	5.190421e-06	1.666900e-09	3.608699e+01	1.048130e+02
4.120000e-06	5.173564e-06	1.547548e-09	3.596979e+01	1.046554e+02
4.130000e-06	5.156351e-06	1.567170e-09	3.585011e+01	1.044961e+02
4.140000e-06	5.138790e-06	1.687618e-09	3.572802e+01	1.043349e+02
4.150000e-06	5.120787e-06	1.594540e-09	3.560285e+01	1.041718e+02
4.160000e-06	5.102399e-06	1.515584e-09	3.547500e+01	1.040068e+02
4.170000e-06	5.083736e-06	1.653118e-09	3.534525e+01	1.038397e+02
4.180000e-06	5.064803e-06	1.659875e-09	3.521362e+01	1.036704e+02
4.190000e-06	5.045487e-06	1.495150e-09	3.507932e+01	1.034990e+02
4.200000e-06	5.025818e-06	1.567663e-09	3.494257e+01	1.033251e+02
4.210000e-06	5.005884e-06	1.674507e-09	3.480397e+01	1.031488e+02
4.220000e-06	4.985687e-06	1.538873e-09	3.466355e+01	1.029698e+02
4.230000e-06	4.965242e-06	1.519867e-09	3.452141e+01	1.027880e+02
4.240000e-06	4.944518e-06	1.662856e-09	3.437732e+01	1.026033e+02
4.250000e-06	4.923472e-06	1.584063e-09	3.423099e+01	1.024155e+02
4.260000e-06	4.902015e-06	1.492229e-09	3.408181e+01	1.022245e+02
4.270000e-06	4.880048e-06	1.615936e-09	3.392909e+01	1.020301e+02
4.280000e-06	4.857550e-06	1.607721e-09	3.377267e+01	1.018321e+02
4.290000e-06	4.834505e-06	1.480744e-09	3.361244e+01	1.016305e+02
4.300000e-06	4.810954e-06	1.555023e-09	3.344870e+01	1.014251e+02
4.310000e-06	4.787058e-06	1.622225e-09	3.328256e+01	1.012156e+02
4.320000e-06	4.762923e-06	1.527647e-09	3.311476e+01	1.010021e+02
4.330000e-06	4.738514e-06	1.535935e-09	3.294505e+01	1.007844e+02
4.340000e-06	4.713811e-06	1.600802e-09	3.277331e+01	1.005624e+02
4.350000e-06	4.688842e-06	1.543360e-09	3.259970e+01	1.003361e+02
4.360000e-06	4.663584e-06	1.515586e-09	3.242410e+01	1.001052e+02
4.370000e-06	4.637999e-06	1.570364e-09	3.224622e+01	9.986984e+01
4.380000e-06	4.612052e-06	1.551878e-09	3.206581e+01	9.962990e+01
4.390000e-06	4.585751e-06	1.515317e-09	3.188295e+01	9.938535e+01
4.400000e-06	4.559051e-06	1.535348e-09	3.169731e+01	9.913619e+01
4.410000e-06	4.532043e-06	1.542971e-09	3.150954e+01	9.888241e+01
4.420000e-06	4.504757e-06	1.521367e-09	3.131984e+01	9.862402e+01
4.430000e-06	4.477129e-06	1.521443e-09	3.112774e+01	9.836105e+01
4.440000e-06	4.449207e-06	1.526994e-09	3.093361e+01	9.809355e+01
4.450000e-06	4.421084e-06	1.523605e-09	3.073809e+01	9.782155e+01
4.460000e-06	4.392884e-06	1.516981e-09	3.054203e+01	9.754513e+01
4.470000e-06	4.364482e-06	1.517969e-09	3.034455e+01	9.726437e+01
4.480000e-06	4.335708e-06	1.513689e-09	3.014450e+01	9.697933e+01
4.490000e-06	4.306479e-06	1.508033e-09	2.994128e+01	9.669013e+01
4.500000e-06	4.276788e-06	1.505719e-09	2.973485e+01	9.639684e+01
4.510000e-06	4.246689e-06	1.507100e-09	2.952559e+01	9.609958e+01
4.520000e-06	4.216203e-06	1.502470e-09	2.931363e+01	9.579845e+01
4.530000e-06	4.185274e-06	1.501699e-09	2.909859e+01	9.549355e+01
4.540000e-06	4.153826e-06	1.498349e-09	2.887995e+01	9.518499e+01
4.550000e-06	4.122034e-06	1.486630e-09	2.865890e+01	9.487289e+01
4.560000e-06	4.090070e-06	1.483894e-09	2.843667e+01	9.455733e+01
4.570000e-06	4.057955e-06	1.484913e-09	2.821339e+01	9.423843e+01
4.580000e-06	4.025632e-06	1.472546e-09	2.798866e+01	9.391626e+01
4.590000e-06	3.993045e-06	1.466698e-09	2.776209e+01	9.359093e+01
4.600000e-06	3.960201e-06	1.470721e-09	2.753375e+01	9.326252e+01
4.610000e-06	3.927098e-06	1.462561e-09	2.730360e+01	9.293109e+01
4.620000e-06	3.893707e-06	1.456220e-09	2.707144e+01	9.259671e+01
4.630000e-06	3.860013e-06	1.459393e-09	2.683718e+01	9.225943e+01
4.640000e-06	3.826070e-06	1.452496e-09	2.660119e+01	9.191930e+01
4.650000e-06	3.791940e-06	1.437674e-09	2.636389e+01	9.157635e+01
4.660000e-06	3.757545e-06	1.440041e-09	2.612475e+01	9.123061e+01
4.670000e-06	3.722876e-06	1.442325e-09	2.588372e+01	9.088209e+01
4.680000e-06	3.688019e-06	1.430703e-09	2.564137e+01	9.053078e+01
4.690000e-06	3.652858e-06	1.423115e-09	2.539691e+01	9.017667e+01
4.700000e-06	3.617401e-06	1.425672e-09	2.515039e+01	8.981975e+01
4.710000e-06	3.581769e-06	1.418254e-09	2.490265e+01	8.945998e+01
4.720000e-06	3.545907e-06	1.410824e-09	2.465332e+01	8.909732e+01
4.730000e-06	3.509835e-06	1.411998e-09	2.440252e+01	8.873171e+01
4.740000e-06	3.473644e-06	1.408485e-09	2.415090e+01	8.836309e+01
4.750000e-06	3.437352e-06	1.394484e-09	2.389858e+01	8.799137e+01
4.760000e-06	3.400907e-06	1.390073e-09	2.364519e+01	8.761647e+01
4.770000e-06	3.364165e-06	1.389126e-09	2.338974e+01	8.723830e+01
4.780000e-06	3.327139e-06	1.380473e-09	2.313231e+01	8.685673e+01
4.790000e-06	3.289817e-06	1.373953e-09	2.287282e+01	8.647165e+01
4.800000e-06	3.252038e-06	1.375517e-09	2.261016e+01	8.608293e+01
4.810000e-06	3.213804e-06	1.372815e-09	2.234433e+01	8.569042e+01
4.820000e-06	3.175282e-06	1.367813e-09	2.207651e+01	8.529397e+01
4.830000e-06	3.136486e-06	1.366639e-09	2.180677e+01	8.489341e+01
4.840000e-06	3.097287e-06	1.360984e-09	2.153424e+01	8.448856e+01
4.850000e-06	3.057784e-06	1.347630e-09	2.125959e+01	8.407922e+01
4.860000e-06	3.018041e-06	1.338671e-09	2.098327e+01	8.366521e+01
4.870000e-06	2.978124e-06	1.335415e-09	2.070574e+01	8.324628e+01
4.880000e-06	2.938105e-06	1.327175e-09	2.042751e+01	8.282222e+01
4.890000e-06	2.897982e-06	1.319879e-09	2.014854e+01	8.239279e+01
4.900000e-06	2.857748e-06	1.317583e-09	1.986882e+01	8.195772e+01
4.910000e-06	2.817283e-06	1.315003e-09	1.958748e+01	8.151674e+01
4.920000e-06	2.776603e-06	1.308766e-09	1.930464e+01	8.106958e+01
4.930000e-06	2.735856e-06	1.304660e-09	1.902135e+01	8.061594e+01
4.940000e-06	2.695002e-06	1.301131e-09	1.873731e+01	8.015552e+01
4.950000e-06	2.653829e-06	1.294959e-09	1.845104e+01	7.968800e+01
4.960000e-06	2.612368e-06	1.291300e-09	1.816278e+01	7.921306e+01
4.970000e-06	2.570783e-06	1.288837e-09	1.787366e+01	7.873036e+01
4.980000e-06	2.529082e-06	1.279497e-09	1.758373e+01	7.823957e+01
4.990000e-06	2.487216e-06	1.269749e-09	1.729265e+01	7.774035e+01
5.000000e-06	2.445168e-06	1.264592e-09	1.700031e+01	7.723235e+01
5.010000e-06	2.402975e-06	1.261732e-09	1.670696e+01	7.671523e+01
5.020000e-06	2.360662e-06	1.257856e-09	1.641277e+01	7.618865e+01
5.030000e-06	2.318221e-06	1.256495e-09	1.611770e+01	7.565226e+01
5.040000e-06	2.275643e-06	1.253899e-09	1.582167e+01	7.510575e+01
5.050000e-06	2.232865e-06	1.243912e-09	1.552425e+01	7.454879e+01
5.060000e-06	2.189890e-06	1.232511e-09	1.522546e+01	7.398108e+01
5.070000e-06	2.146736e-06	1.223786e-09	1.492543e+01	7.340231e+01
5.080000e-06	2.103425e-06	1.213799e-09	1.462430e+01	7.281222e+01
5.090000e-06	2.059975e-06	1.205886e-09	1.432221e+01	7.221053e+01
5.100000e-06	2.016303e-06	1.200102e-09	1.401858e+01	7.159702e+01
5.110000e-06	1.972493e-06	1.194150e-09	1.371398e+01	7.097147e+01
5.120000e-06	1.928597e-06	1.187442e-09	1.340879e+01	7.033366e+01
5.130000e-06	1.884664e-06	1.180172e-09	1.310334e+01	6.968344e+01
5.140000e-06	1.840679e-06	1.169845e-09	1.279753e+01	6.902063e+01
5.150000e-06	1.796607e-06	1.159829e-09	1.249111e+01	6.834511e+01
5.160000e-06	1.752451e-06	1.152616e-09	1.218411e+01	6.765676e+01
5.170000e-06	1.708182e-06	1.145422e-09	1.187633e+01	6.695547e+01
5.180000e-06	1.663887e-06	1.136843e-09	1.156836e+01	6.624114e+01
5.190000e-06	1.619537e-06	1.124013e-09	1.126001e+01	6.551371e+01
5.200000e-06	1.575122e-06	1.110793e-09	1.095121e+01	6.477307e+01
5.210000e-06	1.530630e-06	1.095464e-09	1.064188e+01	6.401916e+01
5.220000e-06	1.486025e-06	1.081265e-09	1.033176e+01	6.325189e+01
5.230000e-06	1.441321e-06	1.072232e-09	1.002095e+01	6.247114e+01
5.240000e-06	1.396522e-06	1.068172e-09	9.709476e+00	6.167680e+01
5.250000e-06	1.351743e-06	1.063961e-09	9.398147e+00	6.086871e+01
5.260000e-06	1.306882e-06	1.055399e-09	9.086242e+00	6.004669e+01
5.270000e-06	1.261810e-06	1.040861e-09	8.772875e+00	5.921049e+01
5.280000e-06	1.216650e-06	1.024095e-09	8.458893e+00	5.835985e+01
5.290000e-06	1.171384e-06	1.009637e-09	8.144180e+00	5.749443e+01
5.300000e-06	1.126020e-06	9.968786e-10	7.828779e+00	5.661381e+01
5.310000e-06	1.080513e-06	9.848507e-10	7.512390e+00	5.571754e+01
5.320000e-06	1.034781e-06	9.741087e-10	7.194434e+00	5.480506e+01
5.330000e-06	9.889987e-07	9.638970e-10	6.876125e+00	5.387575e+01
5.340000e-06	9.432593e-07	9.507280e-10	6.558117e+00	5.292888e+01
5.350000e-06	8.974190e-07	9.341974e-10	6.239407e+00	5.196367e+01
5.360000e-06	8.514986e-07	9.163498e-10	5.920141e+00	5.097922e+01
5.370000e-06	8.055304e-07	8.955438e-10	5.600541e+00	4.997457e+01
5.380000e-06	7.595250e-07	8.758352e-10	5.280684e+00	4.894865e+01
5.390000e-06	7.134510e-07	8.551254e-10	4.960349e+00	4.790033e+01
5.400000e-06	6.672722e-07	8.367244e-10	4.639285e+00	4.682839e+01
5.410000e-06	6.210776e-07	8.230073e-10	4.318112e+00	4.573155e+01
5.420000e-06	5.748632e-07	8.129504e-10	3.996801e+00	4.460846e+01
5.430000e-06	5.285620e-07	7.975752e-10	3.674887e+00	4.345775e+01
5.440000e-06	4.821793e-07	7.728632e-10	3.352406e+00	4.227797e+01
5.450000e-06	4.357323e-07	7.474495e-10	3.029478e+00	4.106769e+01
5.460000e-06	3.891364e-07	7.230635e-10	2.705515e+00	3.982545e+01
5.470000e-06	3.425366e-07	7.011763e-10	2.381524e+00	3.854981e+01
5.480000e-06	2.959672e-07	6.794680e-10	2.057746e+00	3.723934e+01
5.490000e-06	2.493967e-07	6.609051e-10	1.733959e+00	3.589270e+01
5.500000e-06	2.029116e-07	6.395493e-10	1.410766e+00	3.450858e+01
5.510000e-06	1.564306e-07	6.142006e-10	1.087602e+00	3.308577e+01
5.520000e-06	1.099341e-07	5.882001e-10	7.643291e-01	3.162319e+01
5.530000e-06	6.343269e-08	5.616586e-10	4.410230e-01	3.011985e+01
5.540000e-06	1.691530e-08	5.330547e-10	1.176056e-01	2.857496e+01
5.550000e-06	-2.955469e-08	5.075945e-10	-2.054823e-01	2.698785e+01
5.560000e-06	-7.605849e-08	4.858733e-10	-5.288053e-01	2.535807e+01
5.570000e-06	-1.226471e-07	4.605678e-10	-8.527179e-01	2.368538e+01
5.580000e-06	-1.692267e-07	4.292859e-10	-1.176568e+00	2.196973e+01
5.590000e-06	-2.157514e-07	3.979386e-10	-1.500036e+00	2.021133e+01
5.600000e-06	-2.622541e-07	3.663579e-10	-1.823351e+00	1.841064e+01
5.610000e-06	-3.086919e-07	3.361117e-10	-2.146215e+00	1.656835e+01
5.620000e-06	-3.550875e-07	3.065066e-10	-2.468786e+00	1.468543e+01
5.630000e-06	-4.015845e-07	2.761393e-10	-2.792062e+00	1.276311e+01
5.640000e-06	-4.480514e-07	2.428882e-10	-3.115128e+00	1.080288e+01
5.650000e-06	-4.943666e-07	2.064227e-10	-3.437140e+00	8.806514e+00
5.660000e-06	-5.406108e-07	1.683793e-10	-3.758657e+00	6.776018e+00
5.670000e-06	-5.868914e-07	1.302180e-10	-4.080429e+00	4.713661e+00
5.680000e-06	-6.331503e-07	9.389180e-11	-4.402049e+00	2.621945e+00
5.690000e-06	-6.792917e-07	5.889255e-11	-4.722853e+00	5.035975e-01
5.700000e-06	-7.253531e-07	2.399388e-11	-5.043099e+00	-1.638449e+00
5.710000e-06	-7.713794e-07	-1.196780e-11	-5.363102e+00	-3.801077e+00
5.720000e-06	-8.173827e-07	-4.650595e-11	-5.682946e+00	-5.981004e+00
5.730000e-06	-8.633041e-07	-8.194169e-11	-6.002219e+00	-8.174810e+00
5.740000e-06	-9.092028e-07	-1.185901e-10	-6.321335e+00	-1.037896e+01
5.750000e-06	-9.551168e-07	-1.565818e-10	-6.640557e+00	-1.258983e+01
5.760000e-06	-1.000958e-06	-1.943373e-10	-6.959275e+00	-1.480376e+01
5.770000e-06	-1.046663e-06	-2.316103e-10	-7.277043e+00	-1.701704e+01
5.780000e-06	-1.092171e-06	-2.682688e-10	-7.593441e+00	-1.922596e+01
5.790000e-06	-1.137517e-06	-3.048287e-10	-7.908717e+00	-2.142688e+01
5.800000e-06	-1.182771e-06	-3.405354e-10	-8.223351e+00	-2.361619e+01
5.810000e-06	-1.227875e-06	-3.775744e-10	-8.536943e+00	-2.579037e+01
5.820000e-06	-1.272812e-06	-4.150360e-10	-8.849373e+00	-2.794606e+01
5.830000e-06	-1.317663e-06	-4.523412e-10	-9.161199e+00	-3.007999e+01
5.840000e-06	-1.362418e-06	-4.886007e-10	-9.472366e+00	-3.218911e+01
5.850000e-06	-1.407137e-06	-5.244678e-10	-9.783278e+00	-3.427054e+01
5.860000e-06	-1.451832e-06	-5.591152e-10	-1.009403e+01	-3.632160e+01
5.870000e-06	-1.496463e-06	-5.937016e-10	-1.040433e+01	-3.833986e+01
5.880000e-06	-1.540998e-06	-6.276661e-10	-1.071397e+01	-4.032313e+01
5.890000e-06	-1.585413e-06	-6.606939e-10	-1.102276e+01	-4.226946e+01
5.900000e-06	-1.629783e-06	-6.938169e-10	-1.133125e+01	-4.417717e+01
5.910000e-06	-1.674119e-06	-7.252897e-10	-1.163950e+01	-4.604485e+01
5.920000e-06	-1.718382e-06	-7.542268e-10	-1.194725e+01	-4.787134e+01
5.930000e-06	-1.762588e-06	-7.838507e-10	-1.225459e+01	-4.965575e+01
5.940000e-06	-1.806738e-06	-8.143722e-10	-1.256155e+01	-5.139747e+01
5.950000e-06	-1.850801e-06	-8.447341e-10	-1.286790e+01	-5.309611e+01
5.960000e-06	-1.894730e-06	-8.761100e-10	-1.317332e+01	-5.475153e+01
5.970000e-06	-1.938579e-06	-9.070490e-10	-1.347819e+01	-5.636382e+01
5.980000e-06	-1.982363e-06	-9.368301e-10	-1.378260e+01	-5.793329e+01
5.990000e-06	-2.026009e-06	-9.640395e-10	-1.408606e+01	-5.946043e+01
6.000000e-06	-2.069534e-06	-9.883407e-10	-1.438867e+01	-6.094589e+01
6.010000e-06	-2.112882e-06	-1.010574e-09	-1.469005e+01	-6.239052e+01
6.020000e-06	-2.155999e-06	-1.031995e-09	-1.498983e+01	-6.379526e+01
6.030000e-06	-2.198972e-06	-1.055995e-09	-1.528860e+01	-6.516117e+01
6.040000e-06	-2.241819e-06	-1.082249e-09	-1.558650e+01	-6.648941e+01
6.050000e-06	-2.284455e-06	-1.106814e-09	-1.588293e+01	-6.778120e+01
6.060000e-06	-2.326915e-06	-1.129506e-09	-1.617814e+01	-6.903781e+01
6.070000e-06	-2.369231e-06	-1.150448e-09	-1.647234e+01	-7.026052e+01
6.080000e-06	-2.411434e-06	-1.169390e-09	-1.676577e+01	-7.145063e+01
6.090000e-06	-2.453577e-06	-1.188203e-09	-1.705877e+01	-7.260942e+01
6.100000e-06	-2.495545e-06	-1.207969e-09	-1.735056e+01	-7.373814e+01
6.110000e-06	-2.537236e-06	-1.228156e-09	-1.764042e+01	-7.483800e+01
6.120000e-06	-2.578665e-06	-1.250656e-09	-1.792846e+01	-7.591015e+01
6.130000e-06	-2.619884e-06	-1.272409e-09	-1.821504e+01	-7.695567e+01
6.140000e-06	-2.660925e-06	-1.290135e-09	-1.850038e+01	-7.797556e+01
6.150000e-06	-2.701784e-06	-1.303605e-09	-1.878446e+01	-7.897075e+01
6.160000e-06	-2.742543e-06	-1.316191e-09	-1.906784e+01	-7.994207e+01
6.170000e-06	-2.783138e-06	-1.330745e-09	-1.935008e+01	-8.089026e+01
6.180000e-06	-2.823549e-06	-1.346252e-09	-1.963105e+01	-8.181598e+01
6.190000e-06	-2.863872e-06	-1.362540e-09	-1.991140e+01	-8.271980e+01
6.200000e-06	-2.904096e-06	-1.381642e-09	-2.019106e+01	-8.360219e+01
6.210000e-06	-2.944195e-06	-1.398941e-09	-2.046985e+01	-8.446357e+01
6.220000e-06	-2.984101e-06	-1.411747e-09	-2.074730e+01	-8.530427e+01
6.230000e-06	-3.023789e-06	-1.422709e-09	-2.102324e+01	-8.612455e+01
6.240000e-06	-3.063170e-06	-1.432248e-09	-2.129704e+01	-8.692463e+01
6.250000e-06	-3.102202e-06	-1.441811e-09	-2.156841e+01	-8.770467e+01
6.260000e-06	-3.140974e-06	-1.452753e-09	-2.183798e+01	-8.846481e+01
6.270000e-06	-3.179443e-06	-1.466793e-09	-2.210544e+01	-8.920514e+01
6.280000e-06	-3.217511e-06	-1.482276e-09	-2.237011e+01	-8.992575e+01
6.290000e-06	-3.255179e-06	-1.496651e-09	-2.263200e+01	-9.062671e+01
6.300000e-06	-3.292485e-06	-1.508283e-09	-2.289137e+01	-9.130812e+01
6.310000e-06	-3.329438e-06	-1.516368e-09	-2.314829e+01	-9.197005e+01
6.320000e-06	-3.366080e-06	-1.522135e-09	-2.340306e+01	-9.261262e+01
6.330000e-06	-3.402506e-06	-1.525899e-09	-2.365631e+01	-9.323596e+01
6.340000e-06	-3.438826e-06	-1.530176e-09	-2.390883e+01	-9.384023e+01
6.350000e-06	-3.475041e-06	-1.539690e-09	-2.416061e+01	-9.442563e+01
6.360000e-06	-3.511129e-06	-1.552310e-09	-2.441152e+01	-9.499238e+01
6.370000e-06	-3.547079e-06	-1.564101e-09	-2.466147e+01	-9.554075e+01
6.380000e-06	-3.582829e-06	-1.573830e-09	-2.491003e+01	-9.607107e+01
6.390000e-06	-3.618362e-06	-1.580373e-09	-2.515707e+01	-9.658367e+01
6.400000e-06	-3.653640e-06	-1.583592e-09	-2.540234e+01	-9.707895e+01
6.410000e-06	-3.688595e-06	-1.583576e-09	-2.564537e+01	-9.755731e+01
6.420000e-06	-3.723234e-06	-1.586803e-09	-2.588621e+01	-9.801922e+01
6.430000e-06	-3.757720e-06	-1.596296e-09	-2.612598e+01	-9.846514e+01
6.440000e-06	-3.791956e-06	-1.610080e-09	-2.636400e+01	-9.889557e+01
6.450000e-06	-3.825840e-06	-1.621543e-09	-2.659959e+01	-9.931103e+01
6.460000e-06	-3.859479e-06	-1.628877e-09	-2.683347e+01	-9.971203e+01
6.470000e-06	-3.892875e-06	-1.633119e-09	-2.706566e+01	-1.000991e+02
6.480000e-06	-3.925997e-06	-1.634544e-09	-2.729594e+01	-1.004728e+02
6.490000e-06	-3.958840e-06	-1.634158e-09	-2.752428e+01	-1.008335e+02
6.500000e-06	-3.991418e-06	-1.635568e-09	-2.775078e+01	-1.011819e+02
6.510000e-06	-4.023723e-06	-1.639785e-09	-2.797539e+01	-1.015184e+02
6.520000e-06	-4.055856e-06	-1.646602e-09	-2.819880e+01	-1.018434e+02
6.530000e-06	-4.087862e-06	-1.656033e-09	-2.842132e+01	-1.021573e+02
6.540000e-06	-4.119618e-06	-1.664522e-09	-2.864211e+01	-1.024607e+02
6.550000e-06	-4.150984e-06	-1.669950e-09	-2.886018e+01	-1.027538e+02
6.560000e-06	-4.181876e-06	-1.671215e-09	-2.907496e+01	-1.030370e+02
6.570000e-06	-4.212233e-06	-1.669587e-09	-2.928602e+01	-1.033106e+02
6.580000e-06	-4.242116e-06	-1.668042e-09	-2.949379e+01	-1.035749e+02
6.590000e-06	-4.271630e-06	-1.668316e-09	-2.969899e+01	-1.038301e+02
6.600000e-06	-4.300768e-06	-1.671774e-09	-2.990158e+01	-1.040764e+02
6.610000e-06	-4.329541e-06	-1.677542e-09	-3.010162e+01	-1.043140e+02
6.620000e-06	-4.358000e-06	-1.684568e-09	-3.029949e+01	-1.045431e+02
6.630000e-06	-4.386291e-06	-1.692330e-09	-3.049619e+01	-1.047638e+02
6.640000e-06	-4.414416e-06	-1.695337e-09	-3.069173e+01	-1.049763e+02
6.650000e-06	-4.442292e-06	-1.693143e-09	-3.088554e+01	-1.051807e+02
6.660000e-06	-4.469884e-06	-1.689834e-09	-3.107738e+01	-1.053771e+02
6.670000e-06	-4.497207e-06	-1.688132e-09	-3.126734e+01	-1.055657e+02
6.680000e-06	-4.524256e-06	-1.687366e-09	-3.145540e+01	-1.057465e+02
6.690000e-06	-4.550963e-06	-1.690427e-09	-3.164109e+01	-1.059198e+02
6.700000e-06	-4.577326e-06	-1.696585e-09	-3.182438e+01	-1.060857e+02
6.710000e-06	-4.603319e-06	-1.703216e-09	-3.200510e+01	-1.062443e+02
6.720000e-06	-4.628953e-06	-1.706884e-09	-3.218332e+01	-1.063958e+02
6.730000e-06	-4.654206e-06	-1.706795e-09	-3.235889e+01	-1.065406e+02
6.740000e-06	-4.679142e-06	-1.704742e-09	-3.253226e+01	-1.066788e+02
6.750000e-06	-4.703820e-06	-1.701893e-09	-3.270384e+01	-1.068107e+02
6.760000e-06	-4.728208e-06	-1.700714e-09	-3.287340e+01	-1.069366e+02
6.770000e-06	-4.752400e-06	-1.702141e-09	-3.304160e+01	-1.070568e+02
6.780000e-06	-4.776386e-06	-1.704290e-09	-3.320836e+01	-1.071717e+02
6.790000e-06	-4.800068e-06	-1.706550e-09	-3.337302e+01	-1.072817e+02
6.800000e-06	-4.823325e-06	-1.707195e-09	-3.353471e+01	-1.073872e+02
6.810000e-06	-4.846027e-06	-1.707696e-09	-3.369255e+01	-1.074884e+02
6.820000e-06	-4.868268e-06	-1.710515e-09	-3.384719e+01	-1.075860e+02
6.830000e-06	-4.890102e-06	-1.712495e-09	-3.399899e+01	-1.076802e+02
6.840000e-06	-4.911460e-06	-1.712665e-09	-3.414748e+01	-1.077716e+02
6.850000e-06	-4.932367e-06	-1.709690e-09	-3.429284e+01	-1.078604e+02
6.860000e-06	-4.952893e-06	-1.707716e-09	-3.443555e+01	-1.079472e+02
6.870000e-06	-4.973112e-06	-1.709289e-09	-3.457612e+01	-1.080323e+02
6.880000e-06	-4.993115e-06	-1.712316e-09	-3.471520e+01	-1.081160e+02
6.890000e-06	-5.012887e-06	-1.716371e-09	-3.485266e+01	-1.081988e+02
6.900000e-06	-5.032388e-06	-1.719582e-09	-3.498824e+01	-1.082807e+02
6.910000e-06	-5.051579e-06	-1.719587e-09	-3.512168e+01	-1.083623e+02
6.920000e-06	-5.070393e-06	-1.717454e-09	-3.525248e+01	-1.084435e+02
6.930000e-06	-5.088859e-06	-1.713436e-09	-3.538087e+01	-1.085247e+02
6.940000e-06	-5.106999e-06	-1.709765e-09	-3.550699e+01	-1.086059e+02
6.950000e-06	-5.124794e-06	-1.707507e-09	-3.563071e+01	-1.086872e+02
6.960000e-06	-5.142241e-06	-1.707352e-09	-3.575201e+01	-1.087686e+02
6.970000e-06	-5.159334e-06	-1.710280e-09	-3.587085e+01	-1.088501e+02
6.980000e-06	-5.176091e-06	-1.712152e-09	-3.598736e+01	-1.089316e+02
6.990000e-06	-5.192585e-06	-1.710014e-09	-3.610204e+01	-1.090129e+02
7.000000e-06	-5.208842e-06	-1.707076e-09	-3.621506e+01	-1.090939e+02
7.010000e-06	-5.224750e-06	-1.706777e-09	-3.632566e+01	-1.091744e+02
7.020000e-06	-5.240133e-06	-1.706984e-09	-3.643262e+01	-1.092540e+02
7.030000e-06	-5.254949e-06	-1.705419e-09	-3.653562e+01	-1.093325e+02
7.040000e-06	-5.269243e-06	-1.703507e-09	-3.663501e+01	-1.094096e+02
7.050000e-06	-5.282960e-06	-1.702062e-09	-3.673038e+01	-1.094848e+02
7.060000e-06	-5.296139e-06	-1.701296e-09	-3.682201e+01	-1.095580e+02
7.070000e-06	-5.308916e-06	-1.701419e-09	-3.691084e+01	-1.096285e+02
7.080000e-06	-5.321335e-06	-1.701343e-09	-3.699718e+01	-1.096962e+02
7.090000e-06	-5.333383e-06	-1.700133e-09	-3.708095e+01	-1.097606e+02
7.100000e-06	-5.345011e-06	-1.698560e-09	-3.716179e+01	-1.098213e+02
7.110000e-06	-5.356275e-06	-1.695707e-09	-3.724011e+01	-1.098780e+02
7.120000e-06	-5.367190e-06	-1.691159e-09	-3.731600e+01	-1.099303e+02
7.130000e-06	-5.377727e-06	-1.689927e-09	-3.738925e+01	-1.099779e+02
7.140000e-06	-5.387873e-06	-1.689531e-09	-3.745980e+01	-1.100206e+02
7.150000e-06	-5.397522e-06	-1.693383e-09	-3.752688e+01	-1.100581e+02
7.160000e-06	-5.406776e-06	-1.697732e-09	-3.759122e+01	-1.100901e+02
7.170000e-06	-5.415773e-06	-1.696616e-09	-3.765377e+01	-1.101166e+02
7.180000e-06	-5.424473e-06	-1.692892e-09	-3.771426e+01	-1.101373e+02
7.190000e-06	-5.432943e-06	-1.688539e-09	-3.777315e+01	-1.101522e+02
7.200000e-06	-5.441140e-06	-1.685451e-09	-3.783014e+01	-1.101612e+02
7.210000e-06	-5.448973e-06	-1.684964e-09	-3.788460e+01	-1.101644e+02
7.220000e-06	-5.456482e-06	-1.688230e-09	-3.793681e+01	-1.101617e+02
7.230000e-06	-5.463536e-06	-1.692265e-09	-3.798585e+01	-1.101533e+02
7.240000e-06	-5.469879e-06	-1.695671e-09	-3.802996e+01	-1.101392e+02
7.250000e-06	-5.475663e-06	-1.694708e-09	-3.807017e+01	-1.101197e+02
7.260000e-06	-5.481039e-06	-1.689234e-09	-3.810754e+01	-1.100948e+02
7.270000e-06	-5.485961e-06	-1.685553e-09	-3.814176e+01	-1.100648e+02
7.280000e-06	-5.490524e-06	-1.685514e-09	-3.817349e+01	-1.100299e+02
7.290000e-06	-5.494780e-06	-1.686430e-09	-3.820308e+01	-1.099904e+02
7.300000e-06	-5.498653e-06	-1.686274e-09	-3.823001e+01	-1.099464e+02
7.310000e-06	-5.502107e-06	-1.685159e-09	-3.825402e+01	-1.098984e+02
7.320000e-06	-5.505259e-06	-1.684114e-09	-3.827593e+01	-1.098464e+02
7.330000e-06	-5.508152e-06	-1.682163e-09	-3.829605e+01	-1.097909e+02
7.340000e-06	-5.510758e-06	-1.682370e-09	-3.831417e+01	-1.097321e+02
7.350000e-06	-5.513035e-06	-1.683246e-09	-3.833000e+01	-1.096701e+02
7.360000e-06	-5.514853e-06	-1.682406e-09	-3.834264e+01	-1.096054e+02
7.370000e-06	-5.516165e-06	-1.680382e-09	-3.835176e+01	-1.095380e+02
7.380000e-06	-5.517160e-06	-1.679205e-09	-3.835868e+01	-1.094682e+02
7.390000e-06	-5.517880e-06	-1.677486e-09	-3.836368e+01	-1.093962e+02
7.400000e-06	-5.518308e-06	-1.674417e-09	-3.836666e+01	-1.093221e+02
