# Temperatura_=_-9.7
# Concentracion g/m^3_=_1620.0
# C_Vs_to_Am_M_A/Vsm_=_65563218390.804596
# pendiente_HvsI_1/m_=_3716.3
# ordenada_HvsI_A/m_=_1297.0
# frecuencia_Hz_=_135107.3436144262

Tiempo_(s)	Campo_(V.s)	Magnetizacion_(V.s)	Campo_(kA/m)	Magnetizacion_(A/m)
0.000000e+00	-5.520860e-06	-1.428675e-09	-3.837407e+01	-9.175634e+01
1.000000e-08	-5.520928e-06	-1.429710e-09	-3.837455e+01	-9.171610e+01
2.000000e-08	-5.520627e-06	-1.433344e-09	-3.837246e+01	-9.168103e+01
3.000000e-08	-5.519925e-06	-1.436054e-09	-3.836758e+01	-9.165079e+01
4.000000e-08	-5.518848e-06	-1.435197e-09	-3.836009e+01	-9.162491e+01
5.000000e-08	-5.517150e-06	-1.427531e-09	-3.834829e+01	-9.160280e+01
6.000000e-08	-5.514774e-06	-1.420696e-09	-3.833178e+01	-9.158380e+01
7.000000e-08	-5.511806e-06	-1.434778e-09	-3.831114e+01	-9.156713e+01
8.000000e-08	-5.508366e-06	-1.455444e-09	-3.828723e+01	-9.155194e+01
9.000000e-08	-5.504486e-06	-1.429147e-09	-3.826027e+01	-9.153733e+01
1.000000e-07	-5.500200e-06	-1.394239e-09	-3.823048e+01	-9.152237e+01
1.100000e-07	-5.495725e-06	-1.437340e-09	-3.819937e+01	-9.150609e+01
1.200000e-07	-5.491013e-06	-1.477575e-09	-3.816662e+01	-9.148751e+01
1.300000e-07	-5.485989e-06	-1.402332e-09	-3.813170e+01	-9.146569e+01
1.400000e-07	-5.480650e-06	-1.354413e-09	-3.809459e+01	-9.143969e+01
1.500000e-07	-5.474940e-06	-1.383761e-09	-3.805490e+01	-9.140864e+01
1.600000e-07	-5.468838e-06	-1.475739e-09	-3.801248e+01	-9.137173e+01
1.700000e-07	-5.462291e-06	-1.422750e-09	-3.796698e+01	-9.132822e+01
1.800000e-07	-5.455320e-06	-1.399952e-09	-3.791853e+01	-9.127748e+01
1.900000e-07	-5.447964e-06	-1.436831e-09	-3.786740e+01	-9.121897e+01
2.000000e-07	-5.440252e-06	-1.465244e-09	-3.781379e+01	-9.115225e+01
2.100000e-07	-5.432344e-06	-1.414226e-09	-3.775882e+01	-9.107702e+01
2.200000e-07	-5.424268e-06	-1.374424e-09	-3.770269e+01	-9.099309e+01
2.300000e-07	-5.415867e-06	-1.415048e-09	-3.764430e+01	-9.090039e+01
2.400000e-07	-5.406897e-06	-1.437991e-09	-3.758195e+01	-9.079899e+01
2.500000e-07	-5.397206e-06	-1.425686e-09	-3.751459e+01	-9.068905e+01
2.600000e-07	-5.386926e-06	-1.379903e-09	-3.744313e+01	-9.057088e+01
2.700000e-07	-5.376094e-06	-1.385230e-09	-3.736785e+01	-9.044485e+01
2.800000e-07	-5.364734e-06	-1.385018e-09	-3.728889e+01	-9.031147e+01
2.900000e-07	-5.353003e-06	-1.387552e-09	-3.720734e+01	-9.017131e+01
3.000000e-07	-5.340878e-06	-1.351979e-09	-3.712307e+01	-9.002502e+01
3.100000e-07	-5.328308e-06	-1.364539e-09	-3.703570e+01	-8.987329e+01
3.200000e-07	-5.315371e-06	-1.369314e-09	-3.694577e+01	-8.971688e+01
3.300000e-07	-5.302081e-06	-1.369302e-09	-3.685340e+01	-8.955655e+01
3.400000e-07	-5.288310e-06	-1.322411e-09	-3.675768e+01	-8.939309e+01
3.500000e-07	-5.274026e-06	-1.340067e-09	-3.665840e+01	-8.922728e+01
3.600000e-07	-5.259430e-06	-1.360720e-09	-3.655695e+01	-8.905988e+01
3.700000e-07	-5.244418e-06	-1.344370e-09	-3.645260e+01	-8.889161e+01
3.800000e-07	-5.228804e-06	-1.325371e-09	-3.634407e+01	-8.872315e+01
3.900000e-07	-5.212765e-06	-1.378248e-09	-3.623259e+01	-8.855513e+01
4.000000e-07	-5.196299e-06	-1.356733e-09	-3.611814e+01	-8.838810e+01
4.100000e-07	-5.179421e-06	-1.289310e-09	-3.600082e+01	-8.822253e+01
4.200000e-07	-5.162255e-06	-1.329737e-09	-3.588150e+01	-8.805882e+01
4.300000e-07	-5.144752e-06	-1.390779e-09	-3.575984e+01	-8.789728e+01
4.400000e-07	-5.126867e-06	-1.320595e-09	-3.563553e+01	-8.773813e+01
4.500000e-07	-5.108588e-06	-1.297719e-09	-3.550848e+01	-8.758148e+01
4.600000e-07	-5.089933e-06	-1.388614e-09	-3.537882e+01	-8.742737e+01
4.700000e-07	-5.070913e-06	-1.352722e-09	-3.524661e+01	-8.727576e+01
4.800000e-07	-5.051520e-06	-1.267583e-09	-3.511182e+01	-8.712652e+01
4.900000e-07	-5.031878e-06	-1.324705e-09	-3.497529e+01	-8.697944e+01
5.000000e-07	-5.012015e-06	-1.359592e-09	-3.483723e+01	-8.683426e+01
5.100000e-07	-4.991866e-06	-1.264360e-09	-3.469718e+01	-8.669065e+01
5.200000e-07	-4.971403e-06	-1.293815e-09	-3.455494e+01	-8.654825e+01
5.300000e-07	-4.950645e-06	-1.370811e-09	-3.441066e+01	-8.640664e+01
5.400000e-07	-4.929538e-06	-1.306950e-09	-3.426395e+01	-8.626540e+01
5.500000e-07	-4.908044e-06	-1.264014e-09	-3.411455e+01	-8.612409e+01
5.600000e-07	-4.886262e-06	-1.347968e-09	-3.396315e+01	-8.598227e+01
5.700000e-07	-4.864102e-06	-1.316182e-09	-3.380912e+01	-8.583950e+01
5.800000e-07	-4.841491e-06	-1.250186e-09	-3.365196e+01	-8.569537e+01
5.900000e-07	-4.818570e-06	-1.304760e-09	-3.349264e+01	-8.554949e+01
6.000000e-07	-4.795411e-06	-1.332329e-09	-3.333167e+01	-8.540152e+01
6.100000e-07	-4.771980e-06	-1.259633e-09	-3.316881e+01	-8.525115e+01
6.200000e-07	-4.748301e-06	-1.277646e-09	-3.300422e+01	-8.509812e+01
6.300000e-07	-4.724397e-06	-1.314041e-09	-3.283807e+01	-8.494222e+01
6.400000e-07	-4.700228e-06	-1.273970e-09	-3.267008e+01	-8.478330e+01
6.500000e-07	-4.675725e-06	-1.263761e-09	-3.249976e+01	-8.462126e+01
6.600000e-07	-4.650750e-06	-1.306213e-09	-3.232617e+01	-8.445607e+01
6.700000e-07	-4.625173e-06	-1.281776e-09	-3.214839e+01	-8.428772e+01
6.800000e-07	-4.599038e-06	-1.254090e-09	-3.196673e+01	-8.411627e+01
6.900000e-07	-4.572413e-06	-1.274270e-09	-3.178167e+01	-8.394181e+01
7.000000e-07	-4.545313e-06	-1.270141e-09	-3.159330e+01	-8.376449e+01
7.100000e-07	-4.517927e-06	-1.241949e-09	-3.140295e+01	-8.358447e+01
7.200000e-07	-4.490333e-06	-1.253622e-09	-3.121115e+01	-8.340192e+01
7.300000e-07	-4.462544e-06	-1.263103e-09	-3.101800e+01	-8.321705e+01
7.400000e-07	-4.434607e-06	-1.246519e-09	-3.082381e+01	-8.303007e+01
7.500000e-07	-4.406434e-06	-1.246778e-09	-3.062799e+01	-8.284119e+01
7.600000e-07	-4.377943e-06	-1.251137e-09	-3.042996e+01	-8.265059e+01
7.700000e-07	-4.349076e-06	-1.237692e-09	-3.022931e+01	-8.245845e+01
7.800000e-07	-4.319873e-06	-1.228272e-09	-3.002632e+01	-8.226493e+01
7.900000e-07	-4.290373e-06	-1.233639e-09	-2.982128e+01	-8.207015e+01
8.000000e-07	-4.260579e-06	-1.224494e-09	-2.961419e+01	-8.187421e+01
8.100000e-07	-4.230494e-06	-1.220830e-09	-2.940508e+01	-8.167714e+01
8.200000e-07	-4.200150e-06	-1.225331e-09	-2.919416e+01	-8.147897e+01
8.300000e-07	-4.169533e-06	-1.223515e-09	-2.898135e+01	-8.127965e+01
8.400000e-07	-4.138627e-06	-1.214151e-09	-2.876653e+01	-8.107912e+01
8.500000e-07	-4.107420e-06	-1.225050e-09	-2.854962e+01	-8.087725e+01
8.600000e-07	-4.075966e-06	-1.225724e-09	-2.833099e+01	-8.067389e+01
8.700000e-07	-4.044315e-06	-1.211754e-09	-2.811099e+01	-8.046886e+01
8.800000e-07	-4.012501e-06	-1.203289e-09	-2.788987e+01	-8.026193e+01
8.900000e-07	-3.980492e-06	-1.204199e-09	-2.766738e+01	-8.005286e+01
9.000000e-07	-3.948262e-06	-1.189105e-09	-2.744335e+01	-7.984138e+01
9.100000e-07	-3.915769e-06	-1.182903e-09	-2.721750e+01	-7.962723e+01
9.200000e-07	-3.882927e-06	-1.186638e-09	-2.698923e+01	-7.941012e+01
9.300000e-07	-3.849643e-06	-1.183473e-09	-2.675788e+01	-7.918979e+01
9.400000e-07	-3.815841e-06	-1.173685e-09	-2.652293e+01	-7.896598e+01
9.500000e-07	-3.781545e-06	-1.177043e-09	-2.628455e+01	-7.873844e+01
9.600000e-07	-3.746810e-06	-1.171957e-09	-2.604311e+01	-7.850696e+01
9.700000e-07	-3.711769e-06	-1.155955e-09	-2.579955e+01	-7.827135e+01
9.800000e-07	-3.676460e-06	-1.150549e-09	-2.555413e+01	-7.803147e+01
9.900000e-07	-3.640904e-06	-1.153431e-09	-2.530699e+01	-7.778721e+01
1.000000e-06	-3.605194e-06	-1.145868e-09	-2.505877e+01	-7.753852e+01
1.010000e-06	-3.569328e-06	-1.141344e-09	-2.480948e+01	-7.728537e+01
1.020000e-06	-3.533330e-06	-1.142399e-09	-2.455927e+01	-7.702781e+01
1.030000e-06	-3.497185e-06	-1.133748e-09	-2.430803e+01	-7.676591e+01
1.040000e-06	-3.460792e-06	-1.122955e-09	-2.405507e+01	-7.649979e+01
1.050000e-06	-3.424076e-06	-1.121505e-09	-2.379987e+01	-7.622964e+01
1.060000e-06	-3.387064e-06	-1.121203e-09	-2.354261e+01	-7.595565e+01
1.070000e-06	-3.349837e-06	-1.112714e-09	-2.328386e+01	-7.567806e+01
1.080000e-06	-3.312359e-06	-1.109942e-09	-2.302336e+01	-7.539712e+01
1.090000e-06	-3.274634e-06	-1.105773e-09	-2.276114e+01	-7.511313e+01
1.100000e-06	-3.236698e-06	-1.093221e-09	-2.249746e+01	-7.482637e+01
1.110000e-06	-3.198618e-06	-1.079216e-09	-2.223277e+01	-7.453712e+01
1.120000e-06	-3.160344e-06	-1.073527e-09	-2.196674e+01	-7.424566e+01
1.130000e-06	-3.121870e-06	-1.066188e-09	-2.169931e+01	-7.395227e+01
1.140000e-06	-3.083186e-06	-1.064145e-09	-2.143043e+01	-7.365717e+01
1.150000e-06	-3.044258e-06	-1.067967e-09	-2.115986e+01	-7.336056e+01
1.160000e-06	-3.005118e-06	-1.070588e-09	-2.088780e+01	-7.306261e+01
1.170000e-06	-2.965713e-06	-1.062728e-09	-2.061391e+01	-7.276341e+01
1.180000e-06	-2.926158e-06	-1.053934e-09	-2.033897e+01	-7.246303e+01
1.190000e-06	-2.886501e-06	-1.043051e-09	-2.006333e+01	-7.216144e+01
1.200000e-06	-2.846713e-06	-1.028658e-09	-1.978677e+01	-7.185858e+01
1.210000e-06	-2.806815e-06	-1.017627e-09	-1.950945e+01	-7.155429e+01
1.220000e-06	-2.766849e-06	-1.016465e-09	-1.923166e+01	-7.124835e+01
1.230000e-06	-2.726793e-06	-1.014360e-09	-1.895324e+01	-7.094049e+01
1.240000e-06	-2.686469e-06	-1.010443e-09	-1.867295e+01	-7.063035e+01
1.250000e-06	-2.645807e-06	-1.006825e-09	-1.839032e+01	-7.031751e+01
1.260000e-06	-2.604903e-06	-1.002883e-09	-1.810601e+01	-7.000149e+01
1.270000e-06	-2.563756e-06	-9.927738e-10	-1.782001e+01	-6.968178e+01
1.280000e-06	-2.522389e-06	-9.805558e-10	-1.753248e+01	-6.935778e+01
1.290000e-06	-2.480745e-06	-9.729332e-10	-1.724302e+01	-6.902889e+01
1.300000e-06	-2.438625e-06	-9.642307e-10	-1.695026e+01	-6.869445e+01
1.310000e-06	-2.396170e-06	-9.556399e-10	-1.665516e+01	-6.835382e+01
1.320000e-06	-2.353546e-06	-9.512256e-10	-1.635889e+01	-6.800630e+01
1.330000e-06	-2.310679e-06	-9.480747e-10	-1.606094e+01	-6.765124e+01
1.340000e-06	-2.267599e-06	-9.431125e-10	-1.576150e+01	-6.728797e+01
1.350000e-06	-2.224286e-06	-9.397776e-10	-1.546044e+01	-6.691584e+01
1.360000e-06	-2.180778e-06	-9.357087e-10	-1.515803e+01	-6.653425e+01
1.370000e-06	-2.137132e-06	-9.276596e-10	-1.485466e+01	-6.614262e+01
1.380000e-06	-2.093401e-06	-9.188739e-10	-1.455069e+01	-6.574044e+01
1.390000e-06	-2.049667e-06	-9.129794e-10	-1.424671e+01	-6.532722e+01
1.400000e-06	-2.005840e-06	-9.050185e-10	-1.394208e+01	-6.490255e+01
1.410000e-06	-1.961906e-06	-8.967507e-10	-1.363670e+01	-6.446610e+01
1.420000e-06	-1.917962e-06	-8.910197e-10	-1.333126e+01	-6.401756e+01
1.430000e-06	-1.873932e-06	-8.863313e-10	-1.302522e+01	-6.355671e+01
1.440000e-06	-1.829730e-06	-8.772929e-10	-1.271798e+01	-6.308341e+01
1.450000e-06	-1.785378e-06	-8.690827e-10	-1.240970e+01	-6.259756e+01
1.460000e-06	-1.740844e-06	-8.623110e-10	-1.210016e+01	-6.209912e+01
1.470000e-06	-1.696175e-06	-8.538455e-10	-1.178967e+01	-6.158811e+01
1.480000e-06	-1.651437e-06	-8.447101e-10	-1.147871e+01	-6.106459e+01
1.490000e-06	-1.606560e-06	-8.358653e-10	-1.116679e+01	-6.052865e+01
1.500000e-06	-1.561515e-06	-8.227596e-10	-1.085369e+01	-5.998041e+01
1.510000e-06	-1.516374e-06	-8.074010e-10	-1.053992e+01	-5.942001e+01
1.520000e-06	-1.471130e-06	-7.952163e-10	-1.022545e+01	-5.884758e+01
1.530000e-06	-1.425781e-06	-7.846331e-10	-9.910239e+00	-5.826326e+01
1.540000e-06	-1.380368e-06	-7.764229e-10	-9.594584e+00	-5.766715e+01
1.550000e-06	-1.334869e-06	-7.729481e-10	-9.278330e+00	-5.705932e+01
1.560000e-06	-1.289327e-06	-7.673991e-10	-8.961782e+00	-5.643979e+01
1.570000e-06	-1.243748e-06	-7.561916e-10	-8.644972e+00	-5.580853e+01
1.580000e-06	-1.198021e-06	-7.428271e-10	-8.327136e+00	-5.516542e+01
1.590000e-06	-1.152170e-06	-7.314799e-10	-8.008434e+00	-5.451028e+01
1.600000e-06	-1.106268e-06	-7.175016e-10	-7.689387e+00	-5.384283e+01
1.610000e-06	-1.060275e-06	-7.045600e-10	-7.369699e+00	-5.316269e+01
1.620000e-06	-1.014185e-06	-6.948932e-10	-7.049341e+00	-5.246937e+01
1.630000e-06	-9.680401e-07	-6.868448e-10	-6.728598e+00	-5.176228e+01
1.640000e-06	-9.218382e-07	-6.782716e-10	-6.407460e+00	-5.104070e+01
1.650000e-06	-8.755954e-07	-6.684105e-10	-6.086038e+00	-5.030382e+01
1.660000e-06	-8.292992e-07	-6.587677e-10	-5.764246e+00	-4.955070e+01
1.670000e-06	-7.829766e-07	-6.468662e-10	-5.442269e+00	-4.878029e+01
1.680000e-06	-7.365813e-07	-6.352874e-10	-5.119787e+00	-4.799145e+01
1.690000e-06	-6.901034e-07	-6.217734e-10	-4.796731e+00	-4.718293e+01
1.700000e-06	-6.436601e-07	-6.057353e-10	-4.473916e+00	-4.635339e+01
1.710000e-06	-5.972066e-07	-5.871074e-10	-4.151030e+00	-4.550143e+01
1.720000e-06	-5.507015e-07	-5.690891e-10	-3.827785e+00	-4.462557e+01
1.730000e-06	-5.041761e-07	-5.526503e-10	-3.504398e+00	-4.372429e+01
1.740000e-06	-4.575919e-07	-5.389961e-10	-3.180603e+00	-4.279603e+01
1.750000e-06	-4.108797e-07	-5.288744e-10	-2.855919e+00	-4.183922e+01
1.760000e-06	-3.641019e-07	-5.169242e-10	-2.530779e+00	-4.085227e+01
1.770000e-06	-3.172517e-07	-5.004219e-10	-2.205135e+00	-3.983365e+01
1.780000e-06	-2.704041e-07	-4.837010e-10	-1.879509e+00	-3.878183e+01
1.790000e-06	-2.236104e-07	-4.669446e-10	-1.554258e+00	-3.769536e+01
1.800000e-06	-1.767455e-07	-4.479867e-10	-1.228512e+00	-3.657285e+01
1.810000e-06	-1.298227e-07	-4.275890e-10	-9.023640e-01	-3.541304e+01
1.820000e-06	-8.292467e-08	-4.090704e-10	-5.763881e-01	-3.421475e+01
1.830000e-06	-3.609865e-08	-3.924237e-10	-2.509124e-01	-3.297695e+01
1.840000e-06	1.071624e-08	-3.778748e-10	7.448580e-02	-3.169875e+01
1.850000e-06	5.747172e-08	-3.641635e-10	3.994711e-01	-3.037943e+01
1.860000e-06	1.042021e-07	-3.478317e-10	7.242817e-01	-2.901846e+01
1.870000e-06	1.510595e-07	-3.290664e-10	1.049976e+00	-2.761548e+01
1.880000e-06	1.979600e-07	-3.084490e-10	1.375969e+00	-2.617035e+01
1.890000e-06	2.448347e-07	-2.847293e-10	1.701783e+00	-2.468313e+01
1.900000e-06	2.917150e-07	-2.586930e-10	2.027636e+00	-2.315410e+01
1.910000e-06	3.384700e-07	-2.350733e-10	2.352618e+00	-2.158377e+01
1.920000e-06	3.851306e-07	-2.129865e-10	2.676944e+00	-1.997286e+01
1.930000e-06	4.318075e-07	-1.903635e-10	3.001383e+00	-1.832233e+01
1.940000e-06	4.784730e-07	-1.685179e-10	3.325743e+00	-1.663335e+01
1.950000e-06	5.251265e-07	-1.466941e-10	3.650019e+00	-1.490731e+01
1.960000e-06	5.717169e-07	-1.238960e-10	3.973857e+00	-1.314584e+01
1.970000e-06	6.181677e-07	-1.002377e-10	4.296724e+00	-1.135072e+01
1.980000e-06	6.645368e-07	-7.488514e-11	4.619024e+00	-9.523978e+00
1.990000e-06	7.109228e-07	-4.698146e-11	4.941441e+00	-7.667795e+00
2.000000e-06	7.573157e-07	-1.952086e-11	5.263906e+00	-5.784529e+00
2.010000e-06	8.036757e-07	6.303561e-12	5.586143e+00	-3.876691e+00
2.020000e-06	8.499798e-07	3.369237e-11	5.907991e+00	-1.946926e+00
2.030000e-06	8.962074e-07	6.085798e-11	6.229307e+00	1.998464e-03
2.040000e-06	9.423294e-07	8.702109e-11	6.549889e+00	1.967216e+00
2.050000e-06	9.883453e-07	1.128571e-10	6.869734e+00	3.945780e+00
2.060000e-06	1.034284e-06	1.384913e-10	7.189040e+00	5.934684e+00
2.070000e-06	1.080180e-06	1.643437e-10	7.508054e+00	7.930879e+00
2.080000e-06	1.126009e-06	1.906314e-10	7.826601e+00	9.931298e+00
2.090000e-06	1.171770e-06	2.192525e-10	8.144669e+00	1.193288e+01
2.100000e-06	1.217450e-06	2.494574e-10	8.462183e+00	1.393257e+01
2.110000e-06	1.262993e-06	2.776258e-10	8.778739e+00	1.592738e+01
2.120000e-06	1.308440e-06	3.039388e-10	9.094630e+00	1.791435e+01
2.130000e-06	1.353876e-06	3.296571e-10	9.410441e+00	1.989063e+01
2.140000e-06	1.399309e-06	3.542146e-10	9.726239e+00	2.185345e+01
2.150000e-06	1.444615e-06	3.768258e-10	1.004115e+01	2.380015e+01
2.160000e-06	1.489811e-06	3.987785e-10	1.035529e+01	2.572820e+01
2.170000e-06	1.534906e-06	4.218840e-10	1.066874e+01	2.763521e+01
2.180000e-06	1.579840e-06	4.483868e-10	1.098106e+01	2.951894e+01
2.190000e-06	1.624701e-06	4.781475e-10	1.129288e+01	3.137730e+01
2.200000e-06	1.669413e-06	5.082487e-10	1.160366e+01	3.320838e+01
2.210000e-06	1.713927e-06	5.357504e-10	1.191307e+01	3.501045e+01
2.220000e-06	1.758371e-06	5.605032e-10	1.222199e+01	3.678195e+01
2.230000e-06	1.802748e-06	5.828078e-10	1.253044e+01	3.852149e+01
2.240000e-06	1.846951e-06	6.006930e-10	1.283768e+01	4.022787e+01
2.250000e-06	1.891006e-06	6.165560e-10	1.314389e+01	4.190008e+01
2.260000e-06	1.935017e-06	6.349847e-10	1.344980e+01	4.353727e+01
2.270000e-06	1.978942e-06	6.571435e-10	1.375512e+01	4.513877e+01
2.280000e-06	2.022778e-06	6.818427e-10	1.405981e+01	4.670408e+01
2.290000e-06	2.066582e-06	7.077303e-10	1.436428e+01	4.823285e+01
2.300000e-06	2.110314e-06	7.327793e-10	1.466825e+01	4.972488e+01
2.310000e-06	2.153970e-06	7.544137e-10	1.497169e+01	5.118011e+01
2.320000e-06	2.197480e-06	7.722543e-10	1.527412e+01	5.259862e+01
2.330000e-06	2.240768e-06	7.879965e-10	1.557500e+01	5.398058e+01
2.340000e-06	2.283932e-06	8.027173e-10	1.587502e+01	5.532629e+01
2.350000e-06	2.326954e-06	8.190293e-10	1.617406e+01	5.663613e+01
2.360000e-06	2.369793e-06	8.374679e-10	1.647182e+01	5.791055e+01
2.370000e-06	2.412407e-06	8.570453e-10	1.676802e+01	5.915010e+01
2.380000e-06	2.454623e-06	8.762796e-10	1.706145e+01	6.035533e+01
2.390000e-06	2.496325e-06	8.932612e-10	1.735131e+01	6.152689e+01
2.400000e-06	2.537647e-06	9.081177e-10	1.763853e+01	6.266541e+01
2.410000e-06	2.578742e-06	9.225207e-10	1.792417e+01	6.377156e+01
2.420000e-06	2.619589e-06	9.368286e-10	1.820809e+01	6.484604e+01
2.430000e-06	2.660237e-06	9.517072e-10	1.849063e+01	6.588951e+01
2.440000e-06	2.700703e-06	9.669935e-10	1.877189e+01	6.690266e+01
2.450000e-06	2.740934e-06	9.816090e-10	1.905153e+01	6.788614e+01
2.460000e-06	2.781012e-06	9.957914e-10	1.933010e+01	6.884059e+01
2.470000e-06	2.820956e-06	1.007994e-09	1.960774e+01	6.976663e+01
2.480000e-06	2.860783e-06	1.018726e-09	1.988457e+01	7.066485e+01
2.490000e-06	2.900523e-06	1.029531e-09	2.016079e+01	7.153582e+01
2.500000e-06	2.940166e-06	1.041074e-09	2.043634e+01	7.238007e+01
2.510000e-06	2.979701e-06	1.054407e-09	2.071113e+01	7.319811e+01
2.520000e-06	3.019022e-06	1.067224e-09	2.098445e+01	7.399043e+01
2.530000e-06	3.058101e-06	1.080798e-09	2.125607e+01	7.475749e+01
2.540000e-06	3.096949e-06	1.094570e-09	2.152609e+01	7.549974e+01
2.550000e-06	3.135508e-06	1.104122e-09	2.179411e+01	7.621760e+01
2.560000e-06	3.173767e-06	1.110252e-09	2.206004e+01	7.691149e+01
2.570000e-06	3.211829e-06	1.116266e-09	2.232460e+01	7.758183e+01
2.580000e-06	3.249756e-06	1.124882e-09	2.258822e+01	7.822904e+01
2.590000e-06	3.287457e-06	1.136052e-09	2.285026e+01	7.885354e+01
2.600000e-06	3.324932e-06	1.148672e-09	2.311075e+01	7.945576e+01
2.610000e-06	3.362166e-06	1.161769e-09	2.336955e+01	8.003614e+01
2.620000e-06	3.399126e-06	1.172302e-09	2.362645e+01	8.059517e+01
2.630000e-06	3.435954e-06	1.177450e-09	2.388243e+01	8.113333e+01
2.640000e-06	3.472529e-06	1.180286e-09	2.413666e+01	8.165113e+01
2.650000e-06	3.508740e-06	1.183330e-09	2.438835e+01	8.214912e+01
2.660000e-06	3.544742e-06	1.187050e-09	2.463859e+01	8.262787e+01
2.670000e-06	3.580615e-06	1.190776e-09	2.488793e+01	8.308799e+01
2.680000e-06	3.616341e-06	1.196806e-09	2.513626e+01	8.353010e+01
2.690000e-06	3.651956e-06	1.205494e-09	2.538381e+01	8.395485e+01
2.700000e-06	3.687489e-06	1.213021e-09	2.563079e+01	8.436292e+01
2.710000e-06	3.722802e-06	1.217653e-09	2.587624e+01	8.475501e+01
2.720000e-06	3.757804e-06	1.221312e-09	2.611953e+01	8.513181e+01
2.730000e-06	3.792488e-06	1.223781e-09	2.636061e+01	8.549405e+01
2.740000e-06	3.826703e-06	1.224921e-09	2.659843e+01	8.584244e+01
2.750000e-06	3.860342e-06	1.227154e-09	2.683225e+01	8.617768e+01
2.760000e-06	3.893562e-06	1.232788e-09	2.706315e+01	8.650048e+01
2.770000e-06	3.926405e-06	1.240976e-09	2.729143e+01	8.681152e+01
2.780000e-06	3.958836e-06	1.248802e-09	2.751685e+01	8.711144e+01
2.790000e-06	3.990954e-06	1.255610e-09	2.774009e+01	8.740087e+01
2.800000e-06	4.022836e-06	1.260704e-09	2.796170e+01	8.768038e+01
2.810000e-06	4.054572e-06	1.263629e-09	2.818229e+01	8.795051e+01
2.820000e-06	4.086227e-06	1.266084e-09	2.840231e+01	8.821174e+01
2.830000e-06	4.117728e-06	1.269215e-09	2.862127e+01	8.846450e+01
2.840000e-06	4.148903e-06	1.272110e-09	2.883796e+01	8.870915e+01
2.850000e-06	4.179719e-06	1.275123e-09	2.905215e+01	8.894601e+01
2.860000e-06	4.210243e-06	1.279154e-09	2.926432e+01	8.917533e+01
2.870000e-06	4.240446e-06	1.281921e-09	2.947425e+01	8.939730e+01
2.880000e-06	4.270350e-06	1.282445e-09	2.968210e+01	8.961204e+01
2.890000e-06	4.299995e-06	1.284289e-09	2.988816e+01	8.981965e+01
2.900000e-06	4.329368e-06	1.288035e-09	3.009232e+01	9.002013e+01
2.910000e-06	4.358415e-06	1.292387e-09	3.029422e+01	9.021347e+01
2.920000e-06	4.387174e-06	1.297348e-09	3.049412e+01	9.039961e+01
2.930000e-06	4.415662e-06	1.301978e-09	3.069213e+01	9.057846e+01
2.940000e-06	4.443861e-06	1.305024e-09	3.088814e+01	9.074991e+01
2.950000e-06	4.471842e-06	1.307197e-09	3.108262e+01	9.091382e+01
2.960000e-06	4.499645e-06	1.307279e-09	3.127588e+01	9.107008e+01
2.970000e-06	4.527252e-06	1.306425e-09	3.146776e+01	9.121854e+01
2.980000e-06	4.554625e-06	1.306611e-09	3.165803e+01	9.135910e+01
2.990000e-06	4.581637e-06	1.309110e-09	3.184578e+01	9.149166e+01
3.000000e-06	4.608144e-06	1.313747e-09	3.203003e+01	9.161617e+01
3.010000e-06	4.634105e-06	1.319840e-09	3.221047e+01	9.173262e+01
3.020000e-06	4.659455e-06	1.324887e-09	3.238667e+01	9.184103e+01
3.030000e-06	4.684311e-06	1.327099e-09	3.255944e+01	9.194148e+01
3.040000e-06	4.708836e-06	1.328228e-09	3.272991e+01	9.203412e+01
3.050000e-06	4.733038e-06	1.329136e-09	3.289813e+01	9.211915e+01
3.060000e-06	4.756957e-06	1.329955e-09	3.306438e+01	9.219684e+01
3.070000e-06	4.780621e-06	1.331877e-09	3.322886e+01	9.226752e+01
3.080000e-06	4.803965e-06	1.333976e-09	3.339112e+01	9.233158e+01
3.090000e-06	4.826895e-06	1.335259e-09	3.355050e+01	9.238948e+01
3.100000e-06	4.849451e-06	1.337244e-09	3.370728e+01	9.244172e+01
3.110000e-06	4.871684e-06	1.339612e-09	3.386182e+01	9.248885e+01
3.120000e-06	4.893651e-06	1.342124e-09	3.401451e+01	9.253148e+01
3.130000e-06	4.915381e-06	1.343345e-09	3.416555e+01	9.257022e+01
3.140000e-06	4.936829e-06	1.343199e-09	3.431463e+01	9.260573e+01
3.150000e-06	4.957911e-06	1.343887e-09	3.446116e+01	9.263865e+01
3.160000e-06	4.978591e-06	1.344826e-09	3.460490e+01	9.266966e+01
3.170000e-06	4.998964e-06	1.343983e-09	3.474651e+01	9.269939e+01
3.180000e-06	5.019067e-06	1.341714e-09	3.488625e+01	9.272846e+01
3.190000e-06	5.038931e-06	1.340646e-09	3.502431e+01	9.275744e+01
3.200000e-06	5.058589e-06	1.341432e-09	3.516095e+01	9.278687e+01
3.210000e-06	5.077952e-06	1.343715e-09	3.529554e+01	9.281721e+01
3.220000e-06	5.096940e-06	1.347975e-09	3.542752e+01	9.284886e+01
3.230000e-06	5.115470e-06	1.353915e-09	3.555632e+01	9.288213e+01
3.240000e-06	5.133533e-06	1.358613e-09	3.568186e+01	9.291726e+01
3.250000e-06	5.151174e-06	1.359715e-09	3.580449e+01	9.295437e+01
3.260000e-06	5.168403e-06	1.359906e-09	3.592424e+01	9.299352e+01
3.270000e-06	5.185380e-06	1.360721e-09	3.604225e+01	9.303464e+01
3.280000e-06	5.202127e-06	1.362250e-09	3.615865e+01	9.307757e+01
3.290000e-06	5.218433e-06	1.364460e-09	3.627198e+01	9.312206e+01
3.300000e-06	5.234303e-06	1.366568e-09	3.638229e+01	9.316776e+01
3.310000e-06	5.249772e-06	1.369080e-09	3.648981e+01	9.321423e+01
3.320000e-06	5.264761e-06	1.372700e-09	3.659400e+01	9.326097e+01
3.330000e-06	5.279277e-06	1.376311e-09	3.669489e+01	9.330740e+01
3.340000e-06	5.293377e-06	1.378881e-09	3.679290e+01	9.335287e+01
3.350000e-06	5.307137e-06	1.380233e-09	3.688854e+01	9.339672e+01
3.360000e-06	5.320544e-06	1.380098e-09	3.698174e+01	9.343823e+01
3.370000e-06	5.333530e-06	1.378601e-09	3.707200e+01	9.347668e+01
3.380000e-06	5.346094e-06	1.378555e-09	3.715932e+01	9.351134e+01
3.390000e-06	5.358344e-06	1.380575e-09	3.724447e+01	9.354153e+01
3.400000e-06	5.370277e-06	1.383221e-09	3.732741e+01	9.356656e+01
3.410000e-06	5.381810e-06	1.386724e-09	3.740758e+01	9.358581e+01
3.420000e-06	5.392889e-06	1.390614e-09	3.748459e+01	9.359873e+01
3.430000e-06	5.403389e-06	1.392868e-09	3.755757e+01	9.360483e+01
3.440000e-06	5.413217e-06	1.393861e-09	3.762588e+01	9.360371e+01
3.450000e-06	5.422402e-06	1.395751e-09	3.768972e+01	9.359509e+01
3.460000e-06	5.431081e-06	1.395596e-09	3.775005e+01	9.357876e+01
3.470000e-06	5.439293e-06	1.392921e-09	3.780713e+01	9.355465e+01
3.480000e-06	5.447183e-06	1.392057e-09	3.786196e+01	9.352280e+01
3.490000e-06	5.454917e-06	1.392676e-09	3.791572e+01	9.348337e+01
3.500000e-06	5.462400e-06	1.394465e-09	3.796774e+01	9.343663e+01
3.510000e-06	5.469546e-06	1.399313e-09	3.801741e+01	9.338298e+01
3.520000e-06	5.476382e-06	1.404988e-09	3.806492e+01	9.332290e+01
3.530000e-06	5.482825e-06	1.407168e-09	3.810971e+01	9.325700e+01
3.540000e-06	5.488807e-06	1.406586e-09	3.815128e+01	9.318596e+01
3.550000e-06	5.494457e-06	1.406362e-09	3.819056e+01	9.311055e+01
3.560000e-06	5.499734e-06	1.405549e-09	3.822723e+01	9.303160e+01
3.570000e-06	5.504580e-06	1.404273e-09	3.826092e+01	9.294998e+01
3.580000e-06	5.509048e-06	1.403553e-09	3.829198e+01	9.286660e+01
3.590000e-06	5.513190e-06	1.403136e-09	3.832077e+01	9.278237e+01
3.600000e-06	5.517097e-06	1.402462e-09	3.834792e+01	9.269823e+01
3.610000e-06	5.520713e-06	1.403031e-09	3.837306e+01	9.261506e+01
3.620000e-06	5.523993e-06	1.403700e-09	3.839586e+01	9.253371e+01
3.630000e-06	5.526869e-06	1.403571e-09	3.841584e+01	9.245499e+01
3.640000e-06	5.529296e-06	1.404891e-09	3.843271e+01	9.237962e+01
3.650000e-06	5.531161e-06	1.407420e-09	3.844568e+01	9.230824e+01
3.660000e-06	5.532314e-06	1.409422e-09	3.845369e+01	9.224138e+01
3.670000e-06	5.532948e-06	1.408933e-09	3.845810e+01	9.217947e+01
3.680000e-06	5.533222e-06	1.406973e-09	3.846000e+01	9.212281e+01
3.690000e-06	5.533207e-06	1.405743e-09	3.845990e+01	9.207159e+01
3.700000e-06	5.532976e-06	1.405087e-09	3.845829e+01	9.202584e+01
3.710000e-06	5.532436e-06	1.406013e-09	3.845454e+01	9.198548e+01
3.720000e-06	5.531502e-06	1.407723e-09	3.844805e+01	9.195030e+01
3.730000e-06	5.530165e-06	1.408688e-09	3.843875e+01	9.191994e+01
3.740000e-06	5.528451e-06	1.414018e-09	3.842684e+01	9.189394e+01
3.750000e-06	5.526426e-06	1.420107e-09	3.841277e+01	9.187172e+01
3.760000e-06	5.524030e-06	1.404640e-09	3.839611e+01	9.185260e+01
3.770000e-06	5.521213e-06	1.367058e-09	3.837653e+01	9.183581e+01
3.780000e-06	5.517928e-06	1.366989e-09	3.835370e+01	9.182051e+01
3.790000e-06	5.514153e-06	1.424213e-09	3.832746e+01	9.180579e+01
3.800000e-06	5.510032e-06	1.410068e-09	3.829882e+01	9.179071e+01
3.810000e-06	5.505804e-06	1.344226e-09	3.826943e+01	9.177431e+01
3.820000e-06	5.501378e-06	1.398710e-09	3.823866e+01	9.175562e+01
3.830000e-06	5.496465e-06	1.459846e-09	3.820452e+01	9.173368e+01
3.840000e-06	5.490967e-06	1.468466e-09	3.816630e+01	9.170756e+01
3.850000e-06	5.485069e-06	1.362231e-09	3.812530e+01	9.167640e+01
3.860000e-06	5.478870e-06	1.346873e-09	3.808222e+01	9.163937e+01
3.870000e-06	5.472102e-06	1.470513e-09	3.803517e+01	9.159575e+01
3.880000e-06	5.464757e-06	1.466067e-09	3.798412e+01	9.154489e+01
3.890000e-06	5.457048e-06	1.375743e-09	3.793054e+01	9.148626e+01
3.900000e-06	5.448990e-06	1.361031e-09	3.787453e+01	9.141943e+01
3.910000e-06	5.440545e-06	1.491984e-09	3.781583e+01	9.134408e+01
3.920000e-06	5.431780e-06	1.452660e-09	3.775491e+01	9.126003e+01
3.930000e-06	5.422766e-06	1.338206e-09	3.769225e+01	9.116722e+01
3.940000e-06	5.413283e-06	1.344152e-09	3.762634e+01	9.106570e+01
3.950000e-06	5.403225e-06	1.462692e-09	3.755643e+01	9.095565e+01
3.960000e-06	5.392862e-06	1.438162e-09	3.748439e+01	9.083736e+01
3.970000e-06	5.382272e-06	1.366781e-09	3.741079e+01	9.071122e+01
3.980000e-06	5.371299e-06	1.398322e-09	3.733452e+01	9.057772e+01
3.990000e-06	5.359872e-06	1.430643e-09	3.725509e+01	9.043745e+01
4.000000e-06	5.348120e-06	1.366730e-09	3.717340e+01	9.029104e+01
4.010000e-06	5.335988e-06	1.305946e-09	3.708908e+01	9.013919e+01
4.020000e-06	5.323202e-06	1.341840e-09	3.700021e+01	8.998266e+01
4.030000e-06	5.309889e-06	1.378634e-09	3.690767e+01	8.982222e+01
4.040000e-06	5.296301e-06	1.368026e-09	3.681322e+01	8.965865e+01
4.050000e-06	5.282183e-06	1.317831e-09	3.671509e+01	8.949272e+01
4.060000e-06	5.267433e-06	1.339034e-09	3.661257e+01	8.932520e+01
4.070000e-06	5.252233e-06	1.369656e-09	3.650692e+01	8.915681e+01
4.080000e-06	5.236618e-06	1.345500e-09	3.639838e+01	8.898824e+01
4.090000e-06	5.220595e-06	1.284139e-09	3.628701e+01	8.882010e+01
4.100000e-06	5.204222e-06	1.354777e-09	3.617321e+01	8.865296e+01
4.110000e-06	5.187592e-06	1.397965e-09	3.605762e+01	8.848727e+01
4.120000e-06	5.170699e-06	1.305970e-09	3.594020e+01	8.832345e+01
4.130000e-06	5.153390e-06	1.278253e-09	3.581989e+01	8.816180e+01
4.140000e-06	5.135720e-06	1.404681e-09	3.569707e+01	8.800252e+01
4.150000e-06	5.117716e-06	1.358879e-09	3.557193e+01	8.784576e+01
4.160000e-06	5.099276e-06	1.238612e-09	3.544376e+01	8.769153e+01
4.170000e-06	5.080465e-06	1.337849e-09	3.531301e+01	8.753981e+01
4.180000e-06	5.061407e-06	1.415309e-09	3.518054e+01	8.739045e+01
4.190000e-06	5.042043e-06	1.264796e-09	3.504594e+01	8.724326e+01
4.200000e-06	5.022338e-06	1.272499e-09	3.490898e+01	8.709796e+01
4.210000e-06	5.002394e-06	1.414037e-09	3.477035e+01	8.695424e+01
4.220000e-06	4.982165e-06	1.309443e-09	3.462975e+01	8.681172e+01
4.230000e-06	4.961667e-06	1.219880e-09	3.448727e+01	8.666999e+01
4.240000e-06	4.940855e-06	1.368874e-09	3.434261e+01	8.652864e+01
4.250000e-06	4.919604e-06	1.364478e-09	3.419490e+01	8.638721e+01
4.260000e-06	4.897772e-06	1.226562e-09	3.404315e+01	8.624527e+01
4.270000e-06	4.875339e-06	1.320891e-09	3.388723e+01	8.610239e+01
4.280000e-06	4.852424e-06	1.383283e-09	3.372795e+01	8.595814e+01
4.290000e-06	4.829029e-06	1.252349e-09	3.356534e+01	8.581215e+01
4.300000e-06	4.805248e-06	1.261555e-09	3.340004e+01	8.566406e+01
4.310000e-06	4.781237e-06	1.362887e-09	3.323315e+01	8.551357e+01
4.320000e-06	4.756973e-06	1.285889e-09	3.306450e+01	8.536042e+01
4.330000e-06	4.732455e-06	1.257151e-09	3.289408e+01	8.520441e+01
4.340000e-06	4.707727e-06	1.343335e-09	3.272220e+01	8.504538e+01
4.350000e-06	4.682697e-06	1.324330e-09	3.254822e+01	8.488323e+01
4.360000e-06	4.657250e-06	1.267404e-09	3.237135e+01	8.471791e+01
4.370000e-06	4.631474e-06	1.319590e-09	3.219218e+01	8.454945e+01
4.380000e-06	4.605430e-06	1.324235e-09	3.201116e+01	8.437788e+01
4.390000e-06	4.579011e-06	1.274846e-09	3.182752e+01	8.420331e+01
4.400000e-06	4.552262e-06	1.282780e-09	3.164160e+01	8.402587e+01
4.410000e-06	4.525203e-06	1.300537e-09	3.145352e+01	8.384573e+01
4.420000e-06	4.497810e-06	1.271795e-09	3.126312e+01	8.366307e+01
4.430000e-06	4.470120e-06	1.272858e-09	3.107065e+01	8.347809e+01
4.440000e-06	4.442203e-06	1.291631e-09	3.087661e+01	8.329099e+01
4.450000e-06	4.414111e-06	1.288839e-09	3.068135e+01	8.310199e+01
4.460000e-06	4.385810e-06	1.280042e-09	3.048464e+01	8.291127e+01
4.470000e-06	4.357289e-06	1.285041e-09	3.028640e+01	8.271902e+01
4.480000e-06	4.328585e-06	1.279295e-09	3.008688e+01	8.252538e+01
4.490000e-06	4.299473e-06	1.269536e-09	2.988453e+01	8.233049e+01
4.500000e-06	4.269770e-06	1.269638e-09	2.967808e+01	8.213443e+01
4.510000e-06	4.239547e-06	1.269664e-09	2.946800e+01	8.193725e+01
4.520000e-06	4.208799e-06	1.266481e-09	2.925428e+01	8.173896e+01
4.530000e-06	4.177663e-06	1.276232e-09	2.903786e+01	8.153952e+01
4.540000e-06	4.146131e-06	1.285449e-09	2.881869e+01	8.133888e+01
4.550000e-06	4.114268e-06	1.273557e-09	2.859722e+01	8.113689e+01
4.560000e-06	4.082257e-06	1.269673e-09	2.837472e+01	8.093342e+01
4.570000e-06	4.050105e-06	1.270732e-09	2.815124e+01	8.072827e+01
4.580000e-06	4.017761e-06	1.254608e-09	2.792642e+01	8.052122e+01
4.590000e-06	3.985168e-06	1.243798e-09	2.769988e+01	8.031203e+01
4.600000e-06	3.952348e-06	1.256702e-09	2.747176e+01	8.010044e+01
4.610000e-06	3.919286e-06	1.252684e-09	2.724195e+01	7.988617e+01
4.620000e-06	3.885899e-06	1.244230e-09	2.700988e+01	7.966895e+01
4.630000e-06	3.852128e-06	1.252554e-09	2.677515e+01	7.944851e+01
4.640000e-06	3.818077e-06	1.253997e-09	2.653847e+01	7.922458e+01
4.650000e-06	3.783832e-06	1.233724e-09	2.630044e+01	7.899692e+01
4.660000e-06	3.749358e-06	1.232238e-09	2.606083e+01	7.876532e+01
4.670000e-06	3.714576e-06	1.238889e-09	2.581906e+01	7.852960e+01
4.680000e-06	3.679468e-06	1.231973e-09	2.557504e+01	7.828960e+01
4.690000e-06	3.644131e-06	1.226209e-09	2.532942e+01	7.804523e+01
4.700000e-06	3.608630e-06	1.234933e-09	2.508266e+01	7.779642e+01
4.710000e-06	3.572977e-06	1.228764e-09	2.483484e+01	7.754316e+01
4.720000e-06	3.537149e-06	1.215524e-09	2.458581e+01	7.728548e+01
4.730000e-06	3.501134e-06	1.216662e-09	2.433548e+01	7.702346e+01
4.740000e-06	3.464986e-06	1.219668e-09	2.408422e+01	7.675723e+01
4.750000e-06	3.428686e-06	1.211000e-09	2.383191e+01	7.648696e+01
4.760000e-06	3.392226e-06	1.210201e-09	2.357849e+01	7.621286e+01
4.770000e-06	3.355564e-06	1.213452e-09	2.332366e+01	7.593515e+01
4.780000e-06	3.318561e-06	1.205475e-09	2.306646e+01	7.565410e+01
4.790000e-06	3.281033e-06	1.197834e-09	2.280562e+01	7.536999e+01
4.800000e-06	3.243113e-06	1.198681e-09	2.254205e+01	7.508311e+01
4.810000e-06	3.204970e-06	1.194105e-09	2.227692e+01	7.479374e+01
4.820000e-06	3.166380e-06	1.186495e-09	2.200869e+01	7.450217e+01
4.830000e-06	3.127250e-06	1.189906e-09	2.173671e+01	7.420866e+01
4.840000e-06	3.087825e-06	1.191381e-09	2.146268e+01	7.391345e+01
4.850000e-06	3.048167e-06	1.183720e-09	2.118702e+01	7.361673e+01
4.860000e-06	3.008338e-06	1.178124e-09	2.091019e+01	7.331866e+01
4.870000e-06	2.968436e-06	1.177341e-09	2.063283e+01	7.301935e+01
4.880000e-06	2.928370e-06	1.169567e-09	2.035434e+01	7.271885e+01
4.890000e-06	2.888178e-06	1.161991e-09	2.007498e+01	7.241714e+01
4.900000e-06	2.847896e-06	1.158723e-09	1.979500e+01	7.211416e+01
4.910000e-06	2.807514e-06	1.155962e-09	1.951431e+01	7.180975e+01
4.920000e-06	2.766964e-06	1.152105e-09	1.923246e+01	7.150370e+01
4.930000e-06	2.726192e-06	1.153255e-09	1.894906e+01	7.119572e+01
4.940000e-06	2.685195e-06	1.155234e-09	1.866410e+01	7.088547e+01
4.950000e-06	2.643996e-06	1.154131e-09	1.837774e+01	7.057251e+01
4.960000e-06	2.602606e-06	1.150636e-09	1.809005e+01	7.025638e+01
4.970000e-06	2.561021e-06	1.145685e-09	1.780100e+01	6.993655e+01
4.980000e-06	2.519288e-06	1.136364e-09	1.751092e+01	6.961244e+01
4.990000e-06	2.477442e-06	1.129455e-09	1.722006e+01	6.928343e+01
5.000000e-06	2.435459e-06	1.125775e-09	1.692825e+01	6.894888e+01
5.010000e-06	2.393286e-06	1.125655e-09	1.663511e+01	6.860813e+01
5.020000e-06	2.350944e-06	1.125903e-09	1.634081e+01	6.826050e+01
5.030000e-06	2.308470e-06	1.128760e-09	1.604558e+01	6.790532e+01
5.040000e-06	2.265866e-06	1.130414e-09	1.574945e+01	6.754193e+01
5.050000e-06	2.223079e-06	1.125627e-09	1.545205e+01	6.716968e+01
5.060000e-06	2.180092e-06	1.116410e-09	1.515326e+01	6.678798e+01
5.070000e-06	2.136892e-06	1.106767e-09	1.485299e+01	6.639624e+01
5.080000e-06	2.093486e-06	1.096826e-09	1.455128e+01	6.599393e+01
5.090000e-06	2.049998e-06	1.088474e-09	1.424901e+01	6.558060e+01
5.100000e-06	2.006379e-06	1.084063e-09	1.394583e+01	6.515582e+01
5.110000e-06	1.962637e-06	1.080620e-09	1.364178e+01	6.471925e+01
5.120000e-06	1.918819e-06	1.077649e-09	1.333722e+01	6.427059e+01
5.130000e-06	1.874879e-06	1.074350e-09	1.303180e+01	6.380963e+01
5.140000e-06	1.830865e-06	1.069007e-09	1.272587e+01	6.333621e+01
5.150000e-06	1.786810e-06	1.059746e-09	1.241965e+01	6.285025e+01
5.160000e-06	1.742684e-06	1.048878e-09	1.211295e+01	6.235169e+01
5.170000e-06	1.698522e-06	1.038890e-09	1.180599e+01	6.184057e+01
5.180000e-06	1.654291e-06	1.033619e-09	1.149855e+01	6.131693e+01
5.190000e-06	1.610002e-06	1.028675e-09	1.119071e+01	6.078087e+01
5.200000e-06	1.565690e-06	1.023827e-09	1.088271e+01	6.023252e+01
5.210000e-06	1.521212e-06	1.015943e-09	1.057355e+01	5.967200e+01
5.220000e-06	1.476624e-06	1.004600e-09	1.026363e+01	5.909946e+01
5.230000e-06	1.432026e-06	9.933695e-10	9.953645e+00	5.851502e+01
5.240000e-06	1.387265e-06	9.845493e-10	9.642521e+00	5.791879e+01
5.250000e-06	1.342301e-06	9.804778e-10	9.329987e+00	5.731085e+01
5.260000e-06	1.297262e-06	9.773830e-10	9.016938e+00	5.669120e+01
5.270000e-06	1.252153e-06	9.718771e-10	8.703394e+00	5.605982e+01
5.280000e-06	1.206892e-06	9.637576e-10	8.388797e+00	5.541660e+01
5.290000e-06	1.161543e-06	9.534093e-10	8.073584e+00	5.476135e+01
5.300000e-06	1.116100e-06	9.392754e-10	7.757724e+00	5.409378e+01
5.310000e-06	1.070556e-06	9.233353e-10	7.441160e+00	5.341352e+01
5.320000e-06	1.024923e-06	9.111083e-10	7.123979e+00	5.272009e+01
5.330000e-06	9.792262e-07	9.025738e-10	6.806350e+00	5.201288e+01
5.340000e-06	9.334176e-07	8.955936e-10	6.487945e+00	5.129118e+01
5.350000e-06	8.874612e-07	8.889225e-10	6.168515e+00	5.055418e+01
5.360000e-06	8.414237e-07	8.809943e-10	5.848520e+00	4.980095e+01
5.370000e-06	7.953294e-07	8.672369e-10	5.528130e+00	4.903042e+01
5.380000e-06	7.492510e-07	8.468663e-10	5.207851e+00	4.824147e+01
5.390000e-06	7.031718e-07	8.266963e-10	4.887566e+00	4.743283e+01
5.400000e-06	6.569389e-07	8.102002e-10	4.566213e+00	4.660318e+01
5.410000e-06	6.105618e-07	7.981323e-10	4.243858e+00	4.575110e+01
5.420000e-06	5.641544e-07	7.911824e-10	3.921292e+00	4.487513e+01
5.430000e-06	5.177804e-07	7.843902e-10	3.598959e+00	4.397373e+01
5.440000e-06	4.714085e-07	7.713161e-10	3.276639e+00	4.304535e+01
5.450000e-06	4.249948e-07	7.529244e-10	2.954030e+00	4.208842e+01
5.460000e-06	3.785639e-07	7.342797e-10	2.631300e+00	4.110136e+01
5.470000e-06	3.320714e-07	7.144283e-10	2.308143e+00	4.008262e+01
5.480000e-06	2.855277e-07	6.949458e-10	1.984630e+00	3.903069e+01
5.490000e-06	2.389710e-07	6.768446e-10	1.661026e+00	3.794410e+01
5.500000e-06	1.924407e-07	6.592449e-10	1.337606e+00	3.682148e+01
5.510000e-06	1.459338e-07	6.404830e-10	1.014349e+00	3.566155e+01
5.520000e-06	9.945809e-08	6.212156e-10	6.913076e-01	3.446315e+01
5.530000e-06	5.291907e-08	6.024157e-10	3.678269e-01	3.322523e+01
5.540000e-06	6.386567e-09	5.811095e-10	4.439138e-02	3.194691e+01
5.550000e-06	-4.010769e-08	5.590447e-10	-2.787782e-01	3.062748e+01
5.560000e-06	-8.664514e-08	5.364916e-10	-6.022481e-01	2.926639e+01
5.570000e-06	-1.331351e-07	5.123340e-10	-9.253876e-01	2.786329e+01
5.580000e-06	-1.796570e-07	4.867697e-10	-1.248750e+00	2.641805e+01
5.590000e-06	-2.262264e-07	4.627305e-10	-1.572442e+00	2.493071e+01
5.600000e-06	-2.726419e-07	4.384903e-10	-1.895064e+00	2.340157e+01
5.610000e-06	-3.189917e-07	4.130213e-10	-2.217229e+00	2.183112e+01
5.620000e-06	-3.654566e-07	3.868745e-10	-2.540195e+00	2.022010e+01
5.630000e-06	-4.119679e-07	3.600004e-10	-2.863483e+00	1.856945e+01
5.640000e-06	-4.584231e-07	3.330458e-10	-3.186381e+00	1.688035e+01
5.650000e-06	-5.047439e-07	3.028878e-10	-3.508345e+00	1.515420e+01
5.660000e-06	-5.509673e-07	2.706346e-10	-3.829632e+00	1.339261e+01
5.670000e-06	-5.971512e-07	2.376890e-10	-4.150644e+00	1.159738e+01
5.680000e-06	-6.433467e-07	2.048766e-10	-4.471737e+00	9.770519e+00
5.690000e-06	-6.895598e-07	1.716278e-10	-4.792953e+00	7.914220e+00
5.700000e-06	-7.357140e-07	1.385262e-10	-5.113759e+00	6.030838e+00
5.710000e-06	-7.818982e-07	1.064062e-10	-5.434773e+00	4.122884e+00
5.720000e-06	-8.281142e-07	7.455728e-11	-5.756009e+00	2.193003e+00
5.730000e-06	-8.742603e-07	4.204386e-11	-6.076758e+00	2.439627e-01
5.740000e-06	-9.202395e-07	1.023998e-11	-6.396348e+00	-1.721371e+00
5.750000e-06	-9.661022e-07	-2.204199e-11	-6.715128e+00	-3.700051e+00
5.760000e-06	-1.011866e-06	-5.644899e-11	-7.033219e+00	-5.689070e+00
5.770000e-06	-1.057482e-06	-9.103658e-11	-7.350286e+00	-7.685381e+00
5.780000e-06	-1.103001e-06	-1.244096e-10	-7.666678e+00	-9.685917e+00
5.790000e-06	-1.148377e-06	-1.573237e-10	-7.982072e+00	-1.168761e+01
5.800000e-06	-1.193612e-06	-1.895073e-10	-8.296489e+00	-1.368742e+01
5.810000e-06	-1.238760e-06	-2.216032e-10	-8.610303e+00	-1.568234e+01
5.820000e-06	-1.283796e-06	-2.546745e-10	-8.923338e+00	-1.766944e+01
5.830000e-06	-1.328705e-06	-2.890205e-10	-9.235485e+00	-1.964583e+01
5.840000e-06	-1.373565e-06	-3.239720e-10	-9.547296e+00	-2.160877e+01
5.850000e-06	-1.418327e-06	-3.563738e-10	-9.858428e+00	-2.355558e+01
5.860000e-06	-1.462906e-06	-3.862864e-10	-1.016828e+01	-2.548375e+01
5.870000e-06	-1.507355e-06	-4.152425e-10	-1.047724e+01	-2.739087e+01
5.880000e-06	-1.551715e-06	-4.453617e-10	-1.078557e+01	-2.927471e+01
5.890000e-06	-1.596008e-06	-4.779220e-10	-1.109344e+01	-3.113319e+01
5.900000e-06	-1.640243e-06	-5.116368e-10	-1.140091e+01	-3.296439e+01
5.910000e-06	-1.684397e-06	-5.444807e-10	-1.170781e+01	-3.476658e+01
5.920000e-06	-1.728517e-06	-5.767011e-10	-1.201448e+01	-3.653819e+01
5.930000e-06	-1.772612e-06	-6.082517e-10	-1.232097e+01	-3.827784e+01
5.940000e-06	-1.816664e-06	-6.366185e-10	-1.262716e+01	-3.998434e+01
5.950000e-06	-1.860661e-06	-6.614996e-10	-1.293298e+01	-4.165667e+01
5.960000e-06	-1.904613e-06	-6.875976e-10	-1.323847e+01	-4.329397e+01
5.970000e-06	-1.948478e-06	-7.135529e-10	-1.354337e+01	-4.489559e+01
5.980000e-06	-1.992161e-06	-7.425054e-10	-1.384700e+01	-4.646102e+01
5.990000e-06	-2.035731e-06	-7.717727e-10	-1.414984e+01	-4.798990e+01
6.000000e-06	-2.079155e-06	-7.992353e-10	-1.445167e+01	-4.948205e+01
6.010000e-06	-2.122335e-06	-8.256066e-10	-1.475180e+01	-5.093740e+01
6.020000e-06	-2.165375e-06	-8.502109e-10	-1.505096e+01	-5.235602e+01
6.030000e-06	-2.208296e-06	-8.729628e-10	-1.534929e+01	-5.373810e+01
6.040000e-06	-2.251047e-06	-8.936440e-10	-1.564645e+01	-5.508392e+01
6.050000e-06	-2.293624e-06	-9.139606e-10	-1.594239e+01	-5.639388e+01
6.060000e-06	-2.336056e-06	-9.322046e-10	-1.623733e+01	-5.766842e+01
6.070000e-06	-2.378341e-06	-9.527476e-10	-1.653124e+01	-5.890808e+01
6.080000e-06	-2.420474e-06	-9.739790e-10	-1.682410e+01	-6.011343e+01
6.090000e-06	-2.462524e-06	-9.958416e-10	-1.711637e+01	-6.128510e+01
6.100000e-06	-2.504476e-06	-1.017638e-09	-1.740797e+01	-6.242373e+01
6.110000e-06	-2.546208e-06	-1.038413e-09	-1.769803e+01	-6.353001e+01
6.120000e-06	-2.587736e-06	-1.058912e-09	-1.798669e+01	-6.460460e+01
6.130000e-06	-2.629103e-06	-1.077651e-09	-1.827422e+01	-6.564819e+01
6.140000e-06	-2.670209e-06	-1.092821e-09	-1.855994e+01	-6.666145e+01
6.150000e-06	-2.711024e-06	-1.105545e-09	-1.884363e+01	-6.764505e+01
6.160000e-06	-2.751639e-06	-1.119066e-09	-1.912593e+01	-6.859961e+01
6.170000e-06	-2.792155e-06	-1.134655e-09	-1.940755e+01	-6.952577e+01
6.180000e-06	-2.832500e-06	-1.150877e-09	-1.968798e+01	-7.042411e+01
6.190000e-06	-2.872652e-06	-1.167033e-09	-1.996707e+01	-7.129519e+01
6.200000e-06	-2.912711e-06	-1.183275e-09	-2.024550e+01	-7.213956e+01
6.210000e-06	-2.952703e-06	-1.200913e-09	-2.052348e+01	-7.295772e+01
6.220000e-06	-2.992617e-06	-1.215916e-09	-2.080091e+01	-7.375015e+01
6.230000e-06	-3.032368e-06	-1.227895e-09	-2.107721e+01	-7.451733e+01
6.240000e-06	-3.071919e-06	-1.238713e-09	-2.135212e+01	-7.525969e+01
6.250000e-06	-3.111237e-06	-1.247463e-09	-2.162541e+01	-7.597766e+01
6.260000e-06	-3.150177e-06	-1.256916e-09	-2.189607e+01	-7.667167e+01
6.270000e-06	-3.188729e-06	-1.269143e-09	-2.216403e+01	-7.734213e+01
6.280000e-06	-3.226888e-06	-1.282799e-09	-2.242927e+01	-7.798946e+01
6.290000e-06	-3.264646e-06	-1.294273e-09	-2.269171e+01	-7.861407e+01
6.300000e-06	-3.302019e-06	-1.304706e-09	-2.295148e+01	-7.921640e+01
6.310000e-06	-3.338974e-06	-1.314972e-09	-2.320835e+01	-7.979691e+01
6.320000e-06	-3.375642e-06	-1.323975e-09	-2.346322e+01	-8.035605e+01
6.330000e-06	-3.412079e-06	-1.330979e-09	-2.371648e+01	-8.089432e+01
6.340000e-06	-3.448314e-06	-1.336630e-09	-2.396834e+01	-8.141224e+01
6.350000e-06	-3.484440e-06	-1.339867e-09	-2.421945e+01	-8.191035e+01
6.360000e-06	-3.520417e-06	-1.343662e-09	-2.446951e+01	-8.238922e+01
6.370000e-06	-3.556223e-06	-1.348901e-09	-2.471839e+01	-8.284945e+01
6.380000e-06	-3.591861e-06	-1.353813e-09	-2.496611e+01	-8.329167e+01
6.390000e-06	-3.627232e-06	-1.359933e-09	-2.521196e+01	-8.371654e+01
6.400000e-06	-3.662321e-06	-1.369845e-09	-2.545585e+01	-8.412473e+01
6.410000e-06	-3.697145e-06	-1.380897e-09	-2.569791e+01	-8.451693e+01
6.420000e-06	-3.731698e-06	-1.391698e-09	-2.593807e+01	-8.489385e+01
6.430000e-06	-3.766026e-06	-1.401176e-09	-2.617668e+01	-8.525620e+01
6.440000e-06	-3.800184e-06	-1.406113e-09	-2.641410e+01	-8.560471e+01
6.450000e-06	-3.834152e-06	-1.405645e-09	-2.665021e+01	-8.594007e+01
6.460000e-06	-3.867775e-06	-1.406477e-09	-2.688391e+01	-8.626299e+01
6.470000e-06	-3.901038e-06	-1.411510e-09	-2.711511e+01	-8.657414e+01
6.480000e-06	-3.934003e-06	-1.416112e-09	-2.734424e+01	-8.687418e+01
6.490000e-06	-3.966653e-06	-1.424408e-09	-2.757118e+01	-8.716372e+01
6.500000e-06	-3.999061e-06	-1.433966e-09	-2.779645e+01	-8.744335e+01
6.510000e-06	-4.031267e-06	-1.441050e-09	-2.802030e+01	-8.771359e+01
6.520000e-06	-4.063295e-06	-1.444158e-09	-2.824292e+01	-8.797494e+01
6.530000e-06	-4.095203e-06	-1.445704e-09	-2.846470e+01	-8.822781e+01
6.540000e-06	-4.126945e-06	-1.445647e-09	-2.868534e+01	-8.847258e+01
6.550000e-06	-4.158405e-06	-1.444072e-09	-2.890400e+01	-8.870956e+01
6.560000e-06	-4.189408e-06	-1.444702e-09	-2.911950e+01	-8.893899e+01
6.570000e-06	-4.219907e-06	-1.448536e-09	-2.933149e+01	-8.916108e+01
6.580000e-06	-4.249838e-06	-1.455594e-09	-2.953953e+01	-8.937594e+01
6.590000e-06	-4.279201e-06	-1.459873e-09	-2.974363e+01	-8.958366e+01
6.600000e-06	-4.308167e-06	-1.462858e-09	-2.994496e+01	-8.978425e+01
6.610000e-06	-4.336806e-06	-1.467158e-09	-3.014402e+01	-8.997771e+01
6.620000e-06	-4.365174e-06	-1.470767e-09	-3.034120e+01	-9.016397e+01
6.630000e-06	-4.393317e-06	-1.473121e-09	-3.053682e+01	-9.034293e+01
6.640000e-06	-4.421302e-06	-1.473588e-09	-3.073133e+01	-9.051450e+01
6.650000e-06	-4.449174e-06	-1.474597e-09	-3.092506e+01	-9.067853e+01
6.660000e-06	-4.476824e-06	-1.476063e-09	-3.111725e+01	-9.083490e+01
6.670000e-06	-4.504079e-06	-1.476134e-09	-3.130670e+01	-9.098348e+01
6.680000e-06	-4.531004e-06	-1.477186e-09	-3.149384e+01	-9.112415e+01
6.690000e-06	-4.557613e-06	-1.477892e-09	-3.167879e+01	-9.125683e+01
6.700000e-06	-4.583870e-06	-1.479905e-09	-3.186130e+01	-9.138146e+01
6.710000e-06	-4.609831e-06	-1.483202e-09	-3.204175e+01	-9.149802e+01
6.720000e-06	-4.635453e-06	-1.489312e-09	-3.221984e+01	-9.160654e+01
6.730000e-06	-4.660712e-06	-1.494727e-09	-3.239541e+01	-9.170711e+01
6.740000e-06	-4.685633e-06	-1.495646e-09	-3.256863e+01	-9.179987e+01
6.750000e-06	-4.710235e-06	-1.493414e-09	-3.273963e+01	-9.188502e+01
6.760000e-06	-4.734611e-06	-1.489134e-09	-3.290907e+01	-9.196282e+01
6.770000e-06	-4.758805e-06	-1.486647e-09	-3.307723e+01	-9.203362e+01
6.780000e-06	-4.782784e-06	-1.488149e-09	-3.324390e+01	-9.209780e+01
6.790000e-06	-4.806545e-06	-1.490921e-09	-3.340906e+01	-9.215581e+01
6.800000e-06	-4.829875e-06	-1.491780e-09	-3.357122e+01	-9.220816e+01
6.810000e-06	-4.852658e-06	-1.491402e-09	-3.372958e+01	-9.225541e+01
6.820000e-06	-4.874939e-06	-1.491900e-09	-3.388445e+01	-9.229815e+01
6.830000e-06	-4.896705e-06	-1.493318e-09	-3.403573e+01	-9.233701e+01
6.840000e-06	-4.917939e-06	-1.494164e-09	-3.418333e+01	-9.237263e+01
6.850000e-06	-4.938719e-06	-1.494569e-09	-3.432777e+01	-9.240568e+01
6.860000e-06	-4.959181e-06	-1.494189e-09	-3.446999e+01	-9.243680e+01
6.870000e-06	-4.979392e-06	-1.493241e-09	-3.461048e+01	-9.246665e+01
6.880000e-06	-4.999360e-06	-1.493367e-09	-3.474927e+01	-9.249583e+01
6.890000e-06	-5.019070e-06	-1.495333e-09	-3.488626e+01	-9.252493e+01
6.900000e-06	-5.038509e-06	-1.498308e-09	-3.502138e+01	-9.255447e+01
6.910000e-06	-5.057577e-06	-1.502306e-09	-3.515392e+01	-9.258493e+01
6.920000e-06	-5.076269e-06	-1.505063e-09	-3.528384e+01	-9.261669e+01
6.930000e-06	-5.094620e-06	-1.505666e-09	-3.541139e+01	-9.265008e+01
6.940000e-06	-5.112600e-06	-1.502381e-09	-3.553637e+01	-9.268532e+01
6.950000e-06	-5.130379e-06	-1.495656e-09	-3.565995e+01	-9.272256e+01
6.960000e-06	-5.147863e-06	-1.488461e-09	-3.578147e+01	-9.276182e+01
6.970000e-06	-5.164849e-06	-1.485235e-09	-3.589954e+01	-9.280305e+01
6.980000e-06	-5.181426e-06	-1.488056e-09	-3.601476e+01	-9.284610e+01
6.990000e-06	-5.197712e-06	-1.493920e-09	-3.612796e+01	-9.289071e+01
7.000000e-06	-5.213802e-06	-1.498409e-09	-3.623980e+01	-9.293652e+01
7.010000e-06	-5.229646e-06	-1.499153e-09	-3.634992e+01	-9.298311e+01
7.020000e-06	-5.245060e-06	-1.495760e-09	-3.645706e+01	-9.302997e+01
7.030000e-06	-5.259902e-06	-1.491365e-09	-3.656023e+01	-9.307651e+01
7.040000e-06	-5.274181e-06	-1.490267e-09	-3.665947e+01	-9.312210e+01
7.050000e-06	-5.287877e-06	-1.491531e-09	-3.675468e+01	-9.316606e+01
7.060000e-06	-5.301123e-06	-1.492223e-09	-3.684674e+01	-9.320769e+01
7.070000e-06	-5.313968e-06	-1.491937e-09	-3.693602e+01	-9.324625e+01
7.080000e-06	-5.326376e-06	-1.490682e-09	-3.702227e+01	-9.328103e+01
7.090000e-06	-5.338394e-06	-1.487398e-09	-3.710580e+01	-9.331133e+01
7.100000e-06	-5.349924e-06	-1.483875e-09	-3.718595e+01	-9.333648e+01
7.110000e-06	-5.361033e-06	-1.481638e-09	-3.726316e+01	-9.335585e+01
7.120000e-06	-5.371788e-06	-1.479972e-09	-3.733792e+01	-9.336888e+01
7.130000e-06	-5.382192e-06	-1.479403e-09	-3.741023e+01	-9.337510e+01
7.140000e-06	-5.392237e-06	-1.480200e-09	-3.748005e+01	-9.337410e+01
7.150000e-06	-5.401848e-06	-1.481874e-09	-3.754686e+01	-9.336559e+01
7.160000e-06	-5.411098e-06	-1.480036e-09	-3.761115e+01	-9.334938e+01
7.170000e-06	-5.420050e-06	-1.474046e-09	-3.767337e+01	-9.332538e+01
7.180000e-06	-5.428662e-06	-1.467792e-09	-3.773323e+01	-9.329365e+01
7.190000e-06	-5.436949e-06	-1.465302e-09	-3.779084e+01	-9.325434e+01
7.200000e-06	-5.444987e-06	-1.466733e-09	-3.784670e+01	-9.320772e+01
7.210000e-06	-5.452797e-06	-1.469374e-09	-3.790099e+01	-9.315418e+01
7.220000e-06	-5.460259e-06	-1.471824e-09	-3.795285e+01	-9.309421e+01
7.230000e-06	-5.467237e-06	-1.472751e-09	-3.800136e+01	-9.302843e+01
7.240000e-06	-5.473690e-06	-1.471416e-09	-3.804621e+01	-9.295751e+01
7.250000e-06	-5.479466e-06	-1.466567e-09	-3.808636e+01	-9.288221e+01
7.260000e-06	-5.484650e-06	-1.460970e-09	-3.812239e+01	-9.280338e+01
7.270000e-06	-5.489445e-06	-1.458083e-09	-3.815572e+01	-9.272187e+01
7.280000e-06	-5.493850e-06	-1.456336e-09	-3.818634e+01	-9.263860e+01
7.290000e-06	-5.497952e-06	-1.453795e-09	-3.821485e+01	-9.255450e+01
7.300000e-06	-5.501818e-06	-1.451508e-09	-3.824172e+01	-9.247047e+01
7.310000e-06	-5.505311e-06	-1.448403e-09	-3.826600e+01	-9.238741e+01
7.320000e-06	-5.508411e-06	-1.445951e-09	-3.828755e+01	-9.230618e+01
7.330000e-06	-5.511235e-06	-1.446521e-09	-3.830718e+01	-9.222758e+01
7.340000e-06	-5.513660e-06	-1.447696e-09	-3.832403e+01	-9.215233e+01
7.350000e-06	-5.515705e-06	-1.446824e-09	-3.833825e+01	-9.208106e+01
7.360000e-06	-5.517461e-06	-1.444601e-09	-3.835045e+01	-9.201432e+01
7.370000e-06	-5.518715e-06	-1.442475e-09	-3.835917e+01	-9.195252e+01
7.380000e-06	-5.519569e-06	-1.439692e-09	-3.836510e+01	-9.189598e+01
7.390000e-06	-5.520210e-06	-1.434663e-09	-3.836956e+01	-9.184488e+01
7.400000e-06	-5.520613e-06	-1.430511e-09	-3.837236e+01	-9.179924e+01
