# Temperatura_=_-3.77
# Concentracion g/m^3_=_1620.0
# C_Vs_to_Am_M_A/Vsm_=_65563218390.804596
# pendiente_HvsI_1/m_=_3716.3
# ordenada_HvsI_A/m_=_1297.0
# frecuencia_Hz_=_135108.08466996616

Tiempo_(s)	Campo_(V.s)	Magnetizacion_(V.s)	Campo_(kA/m)	Magnetizacion_(A/m)
0.000000e+00	-5.532715e-06	-1.129717e-09	-3.836701e+01	-7.666801e+01
1.000000e-08	-5.532957e-06	-1.126776e-09	-3.836869e+01	-7.663724e+01
2.000000e-08	-5.532914e-06	-1.123697e-09	-3.836840e+01	-7.660590e+01
3.000000e-08	-5.532513e-06	-1.120659e-09	-3.836561e+01	-7.657449e+01
4.000000e-08	-5.531666e-06	-1.117801e-09	-3.835974e+01	-7.654356e+01
5.000000e-08	-5.530307e-06	-1.114363e-09	-3.835031e+01	-7.651365e+01
6.000000e-08	-5.528443e-06	-1.114234e-09	-3.833739e+01	-7.648534e+01
7.000000e-08	-5.525927e-06	-1.126494e-09	-3.831994e+01	-7.645921e+01
8.000000e-08	-5.522842e-06	-1.132683e-09	-3.829855e+01	-7.643581e+01
9.000000e-08	-5.519309e-06	-1.108916e-09	-3.827405e+01	-7.641565e+01
1.000000e-07	-5.515322e-06	-1.061289e-09	-3.824640e+01	-7.639921e+01
1.100000e-07	-5.510997e-06	-1.053933e-09	-3.821641e+01	-7.638690e+01
1.200000e-07	-5.506475e-06	-1.118521e-09	-3.818505e+01	-7.637904e+01
1.300000e-07	-5.501722e-06	-1.150141e-09	-3.815209e+01	-7.637588e+01
1.400000e-07	-5.496552e-06	-1.087434e-09	-3.811624e+01	-7.637756e+01
1.500000e-07	-5.491034e-06	-1.058223e-09	-3.807797e+01	-7.638410e+01
1.600000e-07	-5.485221e-06	-1.106319e-09	-3.803767e+01	-7.639543e+01
1.700000e-07	-5.479003e-06	-1.166884e-09	-3.799454e+01	-7.641134e+01
1.800000e-07	-5.472247e-06	-1.104565e-09	-3.794769e+01	-7.643152e+01
1.900000e-07	-5.465094e-06	-1.076363e-09	-3.789809e+01	-7.645552e+01
2.000000e-07	-5.457725e-06	-1.118739e-09	-3.784699e+01	-7.648280e+01
2.100000e-07	-5.450085e-06	-1.168975e-09	-3.779401e+01	-7.651269e+01
2.200000e-07	-5.442143e-06	-1.135607e-09	-3.773894e+01	-7.654444e+01
2.300000e-07	-5.433971e-06	-1.105933e-09	-3.768227e+01	-7.657721e+01
2.400000e-07	-5.425395e-06	-1.127893e-09	-3.762279e+01	-7.661007e+01
2.500000e-07	-5.416142e-06	-1.165551e-09	-3.755863e+01	-7.664205e+01
2.600000e-07	-5.406132e-06	-1.164406e-09	-3.748921e+01	-7.667214e+01
2.700000e-07	-5.395441e-06	-1.136089e-09	-3.741507e+01	-7.669930e+01
2.800000e-07	-5.384303e-06	-1.139234e-09	-3.733784e+01	-7.672249e+01
2.900000e-07	-5.372799e-06	-1.157089e-09	-3.725806e+01	-7.674068e+01
3.000000e-07	-5.360967e-06	-1.160701e-09	-3.717602e+01	-7.675288e+01
3.100000e-07	-5.348775e-06	-1.130277e-09	-3.709147e+01	-7.675816e+01
3.200000e-07	-5.336109e-06	-1.151900e-09	-3.700364e+01	-7.675565e+01
3.300000e-07	-5.323121e-06	-1.178330e-09	-3.691357e+01	-7.674458e+01
3.400000e-07	-5.309800e-06	-1.179350e-09	-3.682119e+01	-7.672428e+01
3.500000e-07	-5.295991e-06	-1.133998e-09	-3.672543e+01	-7.669419e+01
3.600000e-07	-5.281717e-06	-1.148208e-09	-3.662645e+01	-7.665389e+01
3.700000e-07	-5.266990e-06	-1.163406e-09	-3.652432e+01	-7.660308e+01
3.800000e-07	-5.251810e-06	-1.149325e-09	-3.641906e+01	-7.654163e+01
3.900000e-07	-5.236078e-06	-1.132601e-09	-3.630997e+01	-7.646953e+01
4.000000e-07	-5.219859e-06	-1.166540e-09	-3.619749e+01	-7.638692e+01
4.100000e-07	-5.203293e-06	-1.153506e-09	-3.608261e+01	-7.629410e+01
4.200000e-07	-5.186355e-06	-1.121661e-09	-3.596516e+01	-7.619150e+01
4.300000e-07	-5.169142e-06	-1.143118e-09	-3.584579e+01	-7.607966e+01
4.400000e-07	-5.151633e-06	-1.168022e-09	-3.572437e+01	-7.595928e+01
4.500000e-07	-5.133660e-06	-1.110011e-09	-3.559974e+01	-7.583113e+01
4.600000e-07	-5.115182e-06	-1.095809e-09	-3.547160e+01	-7.569610e+01
4.700000e-07	-5.096300e-06	-1.148833e-09	-3.534066e+01	-7.555512e+01
4.800000e-07	-5.077113e-06	-1.138767e-09	-3.520761e+01	-7.540922e+01
4.900000e-07	-5.057576e-06	-1.094809e-09	-3.507213e+01	-7.525945e+01
5.000000e-07	-5.037829e-06	-1.132106e-09	-3.493519e+01	-7.510686e+01
5.100000e-07	-5.017934e-06	-1.153179e-09	-3.479723e+01	-7.495253e+01
5.200000e-07	-4.997772e-06	-1.101549e-09	-3.465741e+01	-7.479751e+01
5.300000e-07	-4.977312e-06	-1.109208e-09	-3.451553e+01	-7.464280e+01
5.400000e-07	-4.956542e-06	-1.144224e-09	-3.437150e+01	-7.448936e+01
5.500000e-07	-4.935383e-06	-1.098677e-09	-3.422477e+01	-7.433807e+01
5.600000e-07	-4.913852e-06	-1.069920e-09	-3.407546e+01	-7.418973e+01
5.700000e-07	-4.892015e-06	-1.122994e-09	-3.392403e+01	-7.404501e+01
5.800000e-07	-4.869873e-06	-1.116329e-09	-3.377048e+01	-7.390451e+01
5.900000e-07	-4.847316e-06	-1.074834e-09	-3.361407e+01	-7.376868e+01
6.000000e-07	-4.824310e-06	-1.099452e-09	-3.345453e+01	-7.363785e+01
6.100000e-07	-4.800973e-06	-1.119438e-09	-3.329269e+01	-7.351224e+01
6.200000e-07	-4.777402e-06	-1.074365e-09	-3.312924e+01	-7.339192e+01
6.300000e-07	-4.753657e-06	-1.076907e-09	-3.296458e+01	-7.327684e+01
6.400000e-07	-4.729678e-06	-1.103403e-09	-3.279829e+01	-7.316681e+01
6.500000e-07	-4.705381e-06	-1.085914e-09	-3.262981e+01	-7.306154e+01
6.600000e-07	-4.680614e-06	-1.070714e-09	-3.245806e+01	-7.296063e+01
6.700000e-07	-4.655287e-06	-1.097749e-09	-3.228243e+01	-7.286358e+01
6.800000e-07	-4.629436e-06	-1.090619e-09	-3.210316e+01	-7.276979e+01
6.900000e-07	-4.603065e-06	-1.073221e-09	-3.192029e+01	-7.267860e+01
7.000000e-07	-4.576305e-06	-1.082722e-09	-3.173472e+01	-7.258930e+01
7.100000e-07	-4.549141e-06	-1.085409e-09	-3.154634e+01	-7.250111e+01
7.200000e-07	-4.521576e-06	-1.061353e-09	-3.135520e+01	-7.241324e+01
7.300000e-07	-4.493844e-06	-1.061473e-09	-3.116289e+01	-7.232489e+01
7.400000e-07	-4.465969e-06	-1.068079e-09	-3.096959e+01	-7.223525e+01
7.500000e-07	-4.437882e-06	-1.057768e-09	-3.077481e+01	-7.214353e+01
7.600000e-07	-4.409565e-06	-1.051659e-09	-3.057845e+01	-7.204898e+01
7.700000e-07	-4.380962e-06	-1.059508e-09	-3.038010e+01	-7.195089e+01
7.800000e-07	-4.352039e-06	-1.054187e-09	-3.017953e+01	-7.184860e+01
7.900000e-07	-4.322755e-06	-1.044909e-09	-2.997646e+01	-7.174152e+01
8.000000e-07	-4.293120e-06	-1.045710e-09	-2.977095e+01	-7.162912e+01
8.100000e-07	-4.263207e-06	-1.039514e-09	-2.956352e+01	-7.151097e+01
8.200000e-07	-4.233015e-06	-1.031541e-09	-2.935415e+01	-7.138670e+01
8.300000e-07	-4.202617e-06	-1.036439e-09	-2.914336e+01	-7.125605e+01
8.400000e-07	-4.171927e-06	-1.038519e-09	-2.893053e+01	-7.111882e+01
8.500000e-07	-4.140822e-06	-1.029750e-09	-2.871483e+01	-7.097491e+01
8.600000e-07	-4.109411e-06	-1.032931e-09	-2.849701e+01	-7.082429e+01
8.700000e-07	-4.077859e-06	-1.034646e-09	-2.827821e+01	-7.066704e+01
8.800000e-07	-4.046180e-06	-1.025234e-09	-2.805853e+01	-7.050326e+01
8.900000e-07	-4.014357e-06	-1.018910e-09	-2.783785e+01	-7.033315e+01
9.000000e-07	-3.982373e-06	-1.022249e-09	-2.761605e+01	-7.015697e+01
9.100000e-07	-3.950034e-06	-1.014781e-09	-2.739180e+01	-6.997499e+01
9.200000e-07	-3.917262e-06	-1.012103e-09	-2.716453e+01	-6.978756e+01
9.300000e-07	-3.884079e-06	-1.017511e-09	-2.693443e+01	-6.959504e+01
9.400000e-07	-3.850475e-06	-1.017249e-09	-2.670140e+01	-6.939781e+01
9.500000e-07	-3.816498e-06	-1.007982e-09	-2.646578e+01	-6.919626e+01
9.600000e-07	-3.782120e-06	-1.008742e-09	-2.622738e+01	-6.899078e+01
9.700000e-07	-3.747328e-06	-1.004488e-09	-2.598612e+01	-6.878175e+01
9.800000e-07	-3.712163e-06	-9.923324e-10	-2.574226e+01	-6.856953e+01
9.900000e-07	-3.676677e-06	-9.870681e-10	-2.549619e+01	-6.835448e+01
1.000000e-06	-3.641013e-06	-9.904157e-10	-2.524887e+01	-6.813690e+01
1.010000e-06	-3.605277e-06	-9.843866e-10	-2.500105e+01	-6.791708e+01
1.020000e-06	-3.569398e-06	-9.803218e-10	-2.475225e+01	-6.769526e+01
1.030000e-06	-3.533332e-06	-9.823750e-10	-2.450214e+01	-6.747163e+01
1.040000e-06	-3.497074e-06	-9.798278e-10	-2.425071e+01	-6.724635e+01
1.050000e-06	-3.460529e-06	-9.709665e-10	-2.399729e+01	-6.701955e+01
1.060000e-06	-3.423714e-06	-9.667678e-10	-2.374199e+01	-6.679129e+01
1.070000e-06	-3.386633e-06	-9.633406e-10	-2.348485e+01	-6.656160e+01
1.080000e-06	-3.349249e-06	-9.571463e-10	-2.322561e+01	-6.633048e+01
1.090000e-06	-3.311601e-06	-9.582478e-10	-2.296454e+01	-6.609787e+01
1.100000e-06	-3.273740e-06	-9.599674e-10	-2.270199e+01	-6.586370e+01
1.110000e-06	-3.235742e-06	-9.539608e-10	-2.243849e+01	-6.562785e+01
1.120000e-06	-3.197570e-06	-9.500821e-10	-2.217378e+01	-6.539019e+01
1.130000e-06	-3.159098e-06	-9.516863e-10	-2.190699e+01	-6.515056e+01
1.140000e-06	-3.120289e-06	-9.458227e-10	-2.163787e+01	-6.490879e+01
1.150000e-06	-3.081255e-06	-9.381301e-10	-2.136719e+01	-6.466468e+01
1.160000e-06	-3.042058e-06	-9.348219e-10	-2.109537e+01	-6.441804e+01
1.170000e-06	-3.002694e-06	-9.317595e-10	-2.082240e+01	-6.416866e+01
1.180000e-06	-2.963173e-06	-9.266348e-10	-2.054833e+01	-6.391633e+01
1.190000e-06	-2.923476e-06	-9.252468e-10	-2.027306e+01	-6.366086e+01
1.200000e-06	-2.883705e-06	-9.256131e-10	-1.999726e+01	-6.340203e+01
1.210000e-06	-2.843873e-06	-9.220167e-10	-1.972104e+01	-6.313965e+01
1.220000e-06	-2.803909e-06	-9.150685e-10	-1.944391e+01	-6.287352e+01
1.230000e-06	-2.763812e-06	-9.097429e-10	-1.916586e+01	-6.260346e+01
1.240000e-06	-2.723557e-06	-9.013224e-10	-1.888671e+01	-6.232929e+01
1.250000e-06	-2.683078e-06	-8.946931e-10	-1.860600e+01	-6.205084e+01
1.260000e-06	-2.642346e-06	-8.906375e-10	-1.832354e+01	-6.176795e+01
1.270000e-06	-2.601368e-06	-8.885221e-10	-1.803938e+01	-6.148047e+01
1.280000e-06	-2.560078e-06	-8.843401e-10	-1.775305e+01	-6.118823e+01
1.290000e-06	-2.518459e-06	-8.826828e-10	-1.746444e+01	-6.089110e+01
1.300000e-06	-2.476596e-06	-8.800170e-10	-1.717413e+01	-6.058894e+01
1.310000e-06	-2.434365e-06	-8.728103e-10	-1.688128e+01	-6.028160e+01
1.320000e-06	-2.391745e-06	-8.651762e-10	-1.658573e+01	-5.996895e+01
1.330000e-06	-2.348817e-06	-8.585728e-10	-1.628804e+01	-5.965084e+01
1.340000e-06	-2.305665e-06	-8.521543e-10	-1.598880e+01	-5.932715e+01
1.350000e-06	-2.262344e-06	-8.478834e-10	-1.568839e+01	-5.899772e+01
1.360000e-06	-2.218846e-06	-8.466259e-10	-1.538675e+01	-5.866242e+01
1.370000e-06	-2.175271e-06	-8.447674e-10	-1.508458e+01	-5.832109e+01
1.380000e-06	-2.131631e-06	-8.385755e-10	-1.478195e+01	-5.797359e+01
1.390000e-06	-2.087918e-06	-8.315289e-10	-1.447882e+01	-5.761976e+01
1.400000e-06	-2.044135e-06	-8.252659e-10	-1.417520e+01	-5.725943e+01
1.410000e-06	-2.000252e-06	-8.183554e-10	-1.387089e+01	-5.689245e+01
1.420000e-06	-1.956268e-06	-8.121970e-10	-1.356588e+01	-5.651863e+01
1.430000e-06	-1.912167e-06	-8.074835e-10	-1.326006e+01	-5.613781e+01
1.440000e-06	-1.867928e-06	-8.021662e-10	-1.295328e+01	-5.574979e+01
1.450000e-06	-1.823609e-06	-7.956309e-10	-1.264595e+01	-5.535440e+01
1.460000e-06	-1.779227e-06	-7.895269e-10	-1.233818e+01	-5.495142e+01
1.470000e-06	-1.734747e-06	-7.807803e-10	-1.202973e+01	-5.454065e+01
1.480000e-06	-1.690050e-06	-7.714116e-10	-1.171977e+01	-5.412187e+01
1.490000e-06	-1.645187e-06	-7.631264e-10	-1.140867e+01	-5.369484e+01
1.500000e-06	-1.600243e-06	-7.551683e-10	-1.109700e+01	-5.325931e+01
1.510000e-06	-1.555260e-06	-7.465518e-10	-1.078506e+01	-5.281502e+01
1.520000e-06	-1.510143e-06	-7.408303e-10	-1.047220e+01	-5.236168e+01
1.530000e-06	-1.464800e-06	-7.354942e-10	-1.015776e+01	-5.189896e+01
1.540000e-06	-1.419381e-06	-7.262456e-10	-9.842800e+00	-5.142652e+01
1.550000e-06	-1.373898e-06	-7.135561e-10	-9.527397e+00	-5.094399e+01
1.560000e-06	-1.328309e-06	-7.022714e-10	-9.211254e+00	-5.045094e+01
1.570000e-06	-1.282576e-06	-6.933278e-10	-8.894113e+00	-4.994692e+01
1.580000e-06	-1.236770e-06	-6.855986e-10	-8.576474e+00	-4.943142e+01
1.590000e-06	-1.190913e-06	-6.817255e-10	-8.258476e+00	-4.890389e+01
1.600000e-06	-1.144952e-06	-6.818144e-10	-7.939755e+00	-4.836371e+01
1.610000e-06	-1.098878e-06	-6.781066e-10	-7.620251e+00	-4.781023e+01
1.620000e-06	-1.052802e-06	-6.695844e-10	-7.300734e+00	-4.724272e+01
1.630000e-06	-1.006710e-06	-6.590808e-10	-6.981104e+00	-4.666039e+01
1.640000e-06	-9.604424e-07	-6.479358e-10	-6.660257e+00	-4.606240e+01
1.650000e-06	-9.140771e-07	-6.371455e-10	-6.338734e+00	-4.544785e+01
1.660000e-06	-8.677243e-07	-6.279307e-10	-6.017297e+00	-4.481578e+01
1.670000e-06	-8.213493e-07	-6.187165e-10	-5.695706e+00	-4.416516e+01
1.680000e-06	-7.749344e-07	-6.080504e-10	-5.373838e+00	-4.349494e+01
1.690000e-06	-7.285143e-07	-5.966783e-10	-5.051935e+00	-4.280399e+01
1.700000e-06	-6.820176e-07	-5.844315e-10	-4.729501e+00	-4.209117e+01
1.710000e-06	-6.353743e-07	-5.713534e-10	-4.406049e+00	-4.135530e+01
1.720000e-06	-5.886353e-07	-5.606554e-10	-4.081934e+00	-4.059518e+01
1.730000e-06	-5.418428e-07	-5.507705e-10	-3.757448e+00	-3.980962e+01
1.740000e-06	-4.950519e-07	-5.388213e-10	-3.432973e+00	-3.899740e+01
1.750000e-06	-4.483101e-07	-5.261002e-10	-3.108839e+00	-3.815735e+01
1.760000e-06	-4.015249e-07	-5.111166e-10	-2.784404e+00	-3.728833e+01
1.770000e-06	-3.546749e-07	-4.958405e-10	-2.459519e+00	-3.638923e+01
1.780000e-06	-3.077581e-07	-4.820888e-10	-2.134171e+00	-3.545902e+01
1.790000e-06	-2.608029e-07	-4.701700e-10	-1.808557e+00	-3.449674e+01
1.800000e-06	-2.138845e-07	-4.575865e-10	-1.483198e+00	-3.350154e+01
1.810000e-06	-1.669676e-07	-4.424326e-10	-1.157849e+00	-3.247265e+01
1.820000e-06	-1.200588e-07	-4.253497e-10	-8.325563e-01	-3.140944e+01
1.830000e-06	-7.314544e-08	-4.081081e-10	-5.072323e-01	-3.031143e+01
1.840000e-06	-2.617364e-08	-3.912197e-10	-1.815030e-01	-2.917828e+01
1.850000e-06	2.077248e-08	-3.742598e-10	1.440483e-01	-2.800979e+01
1.860000e-06	6.767664e-08	-3.563080e-10	4.693086e-01	-2.680596e+01
1.870000e-06	1.146044e-07	-3.362824e-10	7.947324e-01	-2.556696e+01
1.880000e-06	1.616266e-07	-3.163085e-10	1.120811e+00	-2.429313e+01
1.890000e-06	2.086445e-07	-2.992775e-10	1.446861e+00	-2.298500e+01
1.900000e-06	2.555563e-07	-2.829392e-10	1.772173e+00	-2.164329e+01
1.910000e-06	3.024063e-07	-2.661888e-10	2.097058e+00	-2.026892e+01
1.920000e-06	3.492461e-07	-2.489384e-10	2.421873e+00	-1.886298e+01
1.930000e-06	3.961089e-07	-2.306734e-10	2.746846e+00	-1.742672e+01
1.940000e-06	4.429399e-07	-2.082986e-10	3.071599e+00	-1.596159e+01
1.950000e-06	4.897176e-07	-1.833278e-10	3.395982e+00	-1.446917e+01
1.960000e-06	5.364154e-07	-1.622982e-10	3.719812e+00	-1.295122e+01
1.970000e-06	5.830775e-07	-1.441727e-10	4.043393e+00	-1.140961e+01
1.980000e-06	6.297322e-07	-1.247274e-10	4.366923e+00	-9.846320e+00
1.990000e-06	6.763577e-07	-1.043738e-10	4.690251e+00	-8.263459e+00
2.000000e-06	7.229330e-07	-8.220071e-11	5.013231e+00	-6.663204e+00
2.010000e-06	7.693550e-07	-5.550206e-11	5.335148e+00	-5.047802e+00
2.020000e-06	8.156385e-07	-2.727539e-11	5.656104e+00	-3.419546e+00
2.030000e-06	8.618790e-07	-1.117248e-12	5.976762e+00	-1.780762e+00
2.040000e-06	9.081292e-07	2.166574e-11	6.297488e+00	-1.337853e-01
2.050000e-06	9.543270e-07	4.386611e-11	6.617850e+00	1.519054e+00
2.060000e-06	1.000362e-06	6.574395e-11	6.937085e+00	3.175448e+00
2.070000e-06	1.046372e-06	8.587781e-11	7.256140e+00	4.833130e+00
2.080000e-06	1.092406e-06	1.065323e-10	7.575370e+00	6.489885e+00
2.090000e-06	1.138397e-06	1.314012e-10	7.894296e+00	8.143566e+00
2.100000e-06	1.184313e-06	1.567381e-10	8.212701e+00	9.792101e+00
2.110000e-06	1.230035e-06	1.798618e-10	8.529768e+00	1.143351e+01
2.120000e-06	1.275694e-06	2.047193e-10	8.846394e+00	1.306590e+01
2.130000e-06	1.321413e-06	2.283650e-10	9.163433e+00	1.468748e+01
2.140000e-06	1.366995e-06	2.499420e-10	9.479523e+00	1.629658e+01
2.150000e-06	1.412360e-06	2.698758e-10	9.794113e+00	1.789162e+01
2.160000e-06	1.457648e-06	2.907731e-10	1.010817e+01	1.947112e+01
2.170000e-06	1.502849e-06	3.135516e-10	1.042161e+01	2.103373e+01
2.180000e-06	1.547927e-06	3.348954e-10	1.073421e+01	2.257819e+01
2.190000e-06	1.592895e-06	3.538917e-10	1.104604e+01	2.410332e+01
2.200000e-06	1.637743e-06	3.749890e-10	1.135705e+01	2.560807e+01
2.210000e-06	1.682525e-06	3.954616e-10	1.166759e+01	2.709146e+01
2.220000e-06	1.727137e-06	4.138553e-10	1.197696e+01	2.855258e+01
2.230000e-06	1.771578e-06	4.309356e-10	1.228514e+01	2.999060e+01
2.240000e-06	1.815940e-06	4.469213e-10	1.259276e+01	3.140478e+01
2.250000e-06	1.860128e-06	4.620080e-10	1.289919e+01	3.279441e+01
2.260000e-06	1.904205e-06	4.771364e-10	1.320485e+01	3.415884e+01
2.270000e-06	1.948282e-06	4.979291e-10	1.351050e+01	3.549748e+01
2.280000e-06	1.992240e-06	5.203830e-10	1.381533e+01	3.680978e+01
2.290000e-06	2.036075e-06	5.410757e-10	1.411931e+01	3.809521e+01
2.300000e-06	2.079861e-06	5.603724e-10	1.442295e+01	3.935330e+01
2.310000e-06	2.123627e-06	5.761072e-10	1.472644e+01	4.058360e+01
2.320000e-06	2.167307e-06	5.897756e-10	1.502935e+01	4.178570e+01
2.330000e-06	2.210825e-06	6.037535e-10	1.533112e+01	4.295920e+01
2.340000e-06	2.254197e-06	6.178675e-10	1.563189e+01	4.410376e+01
2.350000e-06	2.297457e-06	6.331397e-10	1.593188e+01	4.521906e+01
2.360000e-06	2.340589e-06	6.486187e-10	1.623098e+01	4.630483e+01
2.370000e-06	2.383411e-06	6.637471e-10	1.652794e+01	4.736084e+01
2.380000e-06	2.425985e-06	6.777230e-10	1.682317e+01	4.838691e+01
2.390000e-06	2.468321e-06	6.914798e-10	1.711675e+01	4.938290e+01
2.400000e-06	2.510271e-06	7.047748e-10	1.740766e+01	5.034875e+01
2.410000e-06	2.551889e-06	7.177014e-10	1.769626e+01	5.128446e+01
2.420000e-06	2.593290e-06	7.307735e-10	1.798335e+01	5.219008e+01
2.430000e-06	2.634365e-06	7.445087e-10	1.826820e+01	5.306576e+01
2.440000e-06	2.675086e-06	7.569878e-10	1.855058e+01	5.391172e+01
2.450000e-06	2.715675e-06	7.682741e-10	1.883205e+01	5.472826e+01
2.460000e-06	2.756068e-06	7.796667e-10	1.911215e+01	5.551576e+01
2.470000e-06	2.796250e-06	7.913334e-10	1.939080e+01	5.627472e+01
2.480000e-06	2.836309e-06	8.033134e-10	1.966859e+01	5.700567e+01
2.490000e-06	2.876214e-06	8.153254e-10	1.994532e+01	5.770928e+01
2.500000e-06	2.915943e-06	8.264348e-10	2.022082e+01	5.838627e+01
2.510000e-06	2.955514e-06	8.343037e-10	2.049523e+01	5.903744e+01
2.520000e-06	2.994955e-06	8.391252e-10	2.076873e+01	5.966367e+01
2.530000e-06	3.034156e-06	8.446683e-10	2.104058e+01	6.026590e+01
2.540000e-06	3.073110e-06	8.514626e-10	2.131070e+01	6.084513e+01
2.550000e-06	3.111868e-06	8.591600e-10	2.157947e+01	6.140240e+01
2.560000e-06	3.150448e-06	8.684462e-10	2.184701e+01	6.193878e+01
2.570000e-06	3.188883e-06	8.777845e-10	2.211354e+01	6.245538e+01
2.580000e-06	3.227130e-06	8.856596e-10	2.237876e+01	6.295330e+01
2.590000e-06	3.265201e-06	8.928986e-10	2.264278e+01	6.343366e+01
2.600000e-06	3.303085e-06	9.000436e-10	2.290548e+01	6.389754e+01
2.610000e-06	3.340709e-06	9.063126e-10	2.316639e+01	6.434603e+01
2.620000e-06	3.377991e-06	9.128155e-10	2.342492e+01	6.478013e+01
2.630000e-06	3.414957e-06	9.207851e-10	2.368127e+01	6.520085e+01
2.640000e-06	3.451667e-06	9.289757e-10	2.393583e+01	6.560909e+01
2.650000e-06	3.488122e-06	9.350852e-10	2.418863e+01	6.600570e+01
2.660000e-06	3.524371e-06	9.416501e-10	2.444001e+01	6.639147e+01
2.670000e-06	3.560473e-06	9.481959e-10	2.469036e+01	6.676709e+01
2.680000e-06	3.596463e-06	9.525168e-10	2.493993e+01	6.713316e+01
2.690000e-06	3.632285e-06	9.573556e-10	2.518835e+01	6.749021e+01
2.700000e-06	3.667890e-06	9.626360e-10	2.543525e+01	6.783866e+01
2.710000e-06	3.703337e-06	9.657763e-10	2.568106e+01	6.817885e+01
2.720000e-06	3.738639e-06	9.703954e-10	2.592587e+01	6.851104e+01
2.730000e-06	3.773584e-06	9.774230e-10	2.616819e+01	6.883541e+01
2.740000e-06	3.808026e-06	9.830800e-10	2.640703e+01	6.915206e+01
2.750000e-06	3.842002e-06	9.883825e-10	2.664264e+01	6.946103e+01
2.760000e-06	3.875562e-06	9.947464e-10	2.687537e+01	6.976230e+01
2.770000e-06	3.908798e-06	9.999278e-10	2.710584e+01	7.005582e+01
2.780000e-06	3.941721e-06	1.004579e-09	2.733415e+01	7.034149e+01
2.790000e-06	3.974273e-06	1.009596e-09	2.755988e+01	7.061918e+01
2.800000e-06	4.006505e-06	1.013383e-09	2.778340e+01	7.088878e+01
2.810000e-06	4.038505e-06	1.016158e-09	2.800531e+01	7.115014e+01
2.820000e-06	4.070239e-06	1.020014e-09	2.822537e+01	7.140316e+01
2.830000e-06	4.101754e-06	1.024923e-09	2.844391e+01	7.164774e+01
2.840000e-06	4.133050e-06	1.028185e-09	2.866094e+01	7.188382e+01
2.850000e-06	4.164058e-06	1.031289e-09	2.887596e+01	7.211138e+01
2.860000e-06	4.194810e-06	1.036433e-09	2.908921e+01	7.233045e+01
2.870000e-06	4.225323e-06	1.042242e-09	2.930081e+01	7.254112e+01
2.880000e-06	4.255565e-06	1.048273e-09	2.951052e+01	7.274351e+01
2.890000e-06	4.285414e-06	1.054177e-09	2.971752e+01	7.293785e+01
2.900000e-06	4.314999e-06	1.058845e-09	2.992267e+01	7.312437e+01
2.910000e-06	4.344383e-06	1.061674e-09	3.012644e+01	7.330341e+01
2.920000e-06	4.373379e-06	1.062612e-09	3.032751e+01	7.347533e+01
2.930000e-06	4.401995e-06	1.062863e-09	3.052595e+01	7.364056e+01
2.940000e-06	4.430361e-06	1.062349e-09	3.072266e+01	7.379956e+01
2.950000e-06	4.458529e-06	1.061846e-09	3.091799e+01	7.395284e+01
2.960000e-06	4.486532e-06	1.062986e-09	3.111218e+01	7.410091e+01
2.970000e-06	4.514369e-06	1.065809e-09	3.130522e+01	7.424432e+01
2.980000e-06	4.541966e-06	1.069594e-09	3.149659e+01	7.438360e+01
2.990000e-06	4.569309e-06	1.073656e-09	3.168621e+01	7.451929e+01
3.000000e-06	4.596332e-06	1.076128e-09	3.187360e+01	7.465191e+01
3.010000e-06	4.622794e-06	1.076440e-09	3.205710e+01	7.478193e+01
3.020000e-06	4.648593e-06	1.076649e-09	3.223600e+01	7.490980e+01
3.030000e-06	4.673903e-06	1.077748e-09	3.241152e+01	7.503591e+01
3.040000e-06	4.698845e-06	1.080210e-09	3.258448e+01	7.516059e+01
3.050000e-06	4.723386e-06	1.081989e-09	3.275466e+01	7.528409e+01
3.060000e-06	4.747603e-06	1.085159e-09	3.292260e+01	7.540660e+01
3.070000e-06	4.771621e-06	1.088030e-09	3.308915e+01	7.552824e+01
3.080000e-06	4.795388e-06	1.092082e-09	3.325397e+01	7.564902e+01
3.090000e-06	4.818786e-06	1.096949e-09	3.341622e+01	7.576889e+01
3.100000e-06	4.841773e-06	1.100512e-09	3.357563e+01	7.588771e+01
3.110000e-06	4.864394e-06	1.103929e-09	3.373249e+01	7.600528e+01
3.120000e-06	4.886664e-06	1.103291e-09	3.388692e+01	7.612130e+01
3.130000e-06	4.908572e-06	1.101002e-09	3.403884e+01	7.623544e+01
3.140000e-06	4.930183e-06	1.099867e-09	3.418871e+01	7.634729e+01
3.150000e-06	4.951495e-06	1.101379e-09	3.433650e+01	7.645639e+01
3.160000e-06	4.972511e-06	1.102974e-09	3.448224e+01	7.656228e+01
3.170000e-06	4.993179e-06	1.107084e-09	3.462556e+01	7.666443e+01
3.180000e-06	5.013458e-06	1.113396e-09	3.476619e+01	7.676235e+01
3.190000e-06	5.033508e-06	1.117493e-09	3.490523e+01	7.685552e+01
3.200000e-06	5.053362e-06	1.118699e-09	3.504290e+01	7.694344e+01
3.210000e-06	5.072961e-06	1.119896e-09	3.517882e+01	7.702567e+01
3.220000e-06	5.092233e-06	1.122514e-09	3.531246e+01	7.710179e+01
3.230000e-06	5.111165e-06	1.124909e-09	3.544374e+01	7.717142e+01
3.240000e-06	5.129764e-06	1.125341e-09	3.557272e+01	7.723427e+01
3.250000e-06	5.147876e-06	1.128330e-09	3.569832e+01	7.729011e+01
3.260000e-06	5.165470e-06	1.131969e-09	3.582032e+01	7.733880e+01
3.270000e-06	5.182721e-06	1.133766e-09	3.593996e+01	7.738028e+01
3.280000e-06	5.199668e-06	1.135832e-09	3.605747e+01	7.741456e+01
3.290000e-06	5.216238e-06	1.137481e-09	3.617238e+01	7.744176e+01
3.300000e-06	5.232503e-06	1.139697e-09	3.628517e+01	7.746209e+01
3.310000e-06	5.248408e-06	1.139838e-09	3.639546e+01	7.747582e+01
3.320000e-06	5.263817e-06	1.140976e-09	3.650232e+01	7.748333e+01
3.330000e-06	5.278736e-06	1.141781e-09	3.660578e+01	7.748504e+01
3.340000e-06	5.293188e-06	1.141977e-09	3.670600e+01	7.748146e+01
3.350000e-06	5.307299e-06	1.144203e-09	3.680385e+01	7.747314e+01
3.360000e-06	5.321064e-06	1.147222e-09	3.689930e+01	7.746066e+01
3.370000e-06	5.334410e-06	1.150711e-09	3.699185e+01	7.744466e+01
3.380000e-06	5.347367e-06	1.154635e-09	3.708170e+01	7.742576e+01
3.390000e-06	5.359958e-06	1.156382e-09	3.716902e+01	7.740460e+01
3.400000e-06	5.372211e-06	1.155662e-09	3.725399e+01	7.738182e+01
3.410000e-06	5.384110e-06	1.153817e-09	3.733650e+01	7.735801e+01
3.420000e-06	5.395596e-06	1.153260e-09	3.741615e+01	7.733374e+01
3.430000e-06	5.406646e-06	1.154378e-09	3.749278e+01	7.730953e+01
3.440000e-06	5.417185e-06	1.157834e-09	3.756586e+01	7.728583e+01
3.450000e-06	5.427087e-06	1.162383e-09	3.763453e+01	7.726305e+01
3.460000e-06	5.436408e-06	1.164984e-09	3.769916e+01	7.724149e+01
3.470000e-06	5.445209e-06	1.164924e-09	3.776019e+01	7.722140e+01
3.480000e-06	5.453523e-06	1.163705e-09	3.781785e+01	7.720294e+01
3.490000e-06	5.461499e-06	1.162927e-09	3.787316e+01	7.718619e+01
3.500000e-06	5.469249e-06	1.163095e-09	3.792691e+01	7.717115e+01
3.510000e-06	5.476757e-06	1.165693e-09	3.797897e+01	7.715773e+01
3.520000e-06	5.483855e-06	1.169214e-09	3.802819e+01	7.714578e+01
3.530000e-06	5.490462e-06	1.172035e-09	3.807401e+01	7.713510e+01
3.540000e-06	5.496679e-06	1.173172e-09	3.811712e+01	7.712540e+01
3.550000e-06	5.502607e-06	1.171105e-09	3.815823e+01	7.711639e+01
3.560000e-06	5.508225e-06	1.167269e-09	3.819719e+01	7.710770e+01
3.570000e-06	5.513398e-06	1.165610e-09	3.823306e+01	7.709898e+01
3.580000e-06	5.518183e-06	1.166418e-09	3.826624e+01	7.708985e+01
3.590000e-06	5.522675e-06	1.168275e-09	3.829739e+01	7.707995e+01
3.600000e-06	5.526859e-06	1.170079e-09	3.832641e+01	7.706893e+01
3.610000e-06	5.530762e-06	1.171268e-09	3.835347e+01	7.705646e+01
3.620000e-06	5.534343e-06	1.171946e-09	3.837831e+01	7.704229e+01
3.630000e-06	5.537583e-06	1.171281e-09	3.840077e+01	7.702618e+01
3.640000e-06	5.540431e-06	1.170933e-09	3.842052e+01	7.700800e+01
3.650000e-06	5.542695e-06	1.170817e-09	3.843622e+01	7.698764e+01
3.660000e-06	5.544330e-06	1.170103e-09	3.844755e+01	7.696511e+01
3.670000e-06	5.545354e-06	1.172882e-09	3.845466e+01	7.694047e+01
3.680000e-06	5.545892e-06	1.176781e-09	3.845839e+01	7.691388e+01
3.690000e-06	5.546124e-06	1.179721e-09	3.846000e+01	7.688556e+01
3.700000e-06	5.546044e-06	1.180996e-09	3.845944e+01	7.685583e+01
3.710000e-06	5.545656e-06	1.180367e-09	3.845676e+01	7.682505e+01
3.720000e-06	5.544972e-06	1.177690e-09	3.845201e+01	7.679368e+01
3.730000e-06	5.543954e-06	1.174887e-09	3.844495e+01	7.676219e+01
3.740000e-06	5.542579e-06	1.172895e-09	3.843542e+01	7.673112e+01
3.750000e-06	5.540820e-06	1.172062e-09	3.842322e+01	7.670104e+01
3.760000e-06	5.538709e-06	1.162507e-09	3.840858e+01	7.667251e+01
3.770000e-06	5.536271e-06	1.146359e-09	3.839167e+01	7.664611e+01
3.780000e-06	5.533368e-06	1.156144e-09	3.837154e+01	7.662239e+01
3.790000e-06	5.529958e-06	1.209224e-09	3.834789e+01	7.660187e+01
3.800000e-06	5.526183e-06	1.259019e-09	3.832172e+01	7.658504e+01
3.810000e-06	5.522139e-06	1.219268e-09	3.829367e+01	7.657230e+01
3.820000e-06	5.517835e-06	1.142990e-09	3.826383e+01	7.656400e+01
3.830000e-06	5.513233e-06	1.180983e-09	3.823191e+01	7.656037e+01
3.840000e-06	5.508106e-06	1.221258e-09	3.819636e+01	7.656157e+01
3.850000e-06	5.502370e-06	1.187554e-09	3.815658e+01	7.656764e+01
3.860000e-06	5.496356e-06	1.098037e-09	3.811488e+01	7.657850e+01
3.870000e-06	5.490001e-06	1.123014e-09	3.807081e+01	7.659398e+01
3.880000e-06	5.483027e-06	1.223882e-09	3.802245e+01	7.661375e+01
3.890000e-06	5.475603e-06	1.183952e-09	3.797097e+01	7.663738e+01
3.900000e-06	5.467922e-06	1.079430e-09	3.791770e+01	7.666434e+01
3.910000e-06	5.459881e-06	1.080717e-09	3.786194e+01	7.669398e+01
3.920000e-06	5.451290e-06	1.208892e-09	3.780236e+01	7.672554e+01
3.930000e-06	5.442338e-06	1.188132e-09	3.774029e+01	7.675819e+01
3.940000e-06	5.433230e-06	1.086118e-09	3.767712e+01	7.679101e+01
3.950000e-06	5.423729e-06	1.079346e-09	3.761124e+01	7.682303e+01
3.960000e-06	5.413676e-06	1.189792e-09	3.754153e+01	7.685325e+01
3.970000e-06	5.403310e-06	1.185628e-09	3.746965e+01	7.688063e+01
3.980000e-06	5.392728e-06	1.120716e-09	3.739626e+01	7.690412e+01
3.990000e-06	5.381623e-06	1.136131e-09	3.731925e+01	7.692269e+01
4.000000e-06	5.369993e-06	1.194585e-09	3.723861e+01	7.693536e+01
4.010000e-06	5.358089e-06	1.174305e-09	3.715606e+01	7.694119e+01
4.020000e-06	5.345807e-06	1.126578e-09	3.707088e+01	7.693929e+01
4.030000e-06	5.332969e-06	1.160330e-09	3.698186e+01	7.692889e+01
4.040000e-06	5.319637e-06	1.210371e-09	3.688941e+01	7.690931e+01
4.050000e-06	5.305931e-06	1.189309e-09	3.679436e+01	7.687999e+01
4.060000e-06	5.291711e-06	1.131965e-09	3.669575e+01	7.684048e+01
4.070000e-06	5.276799e-06	1.156725e-09	3.659234e+01	7.679049e+01
4.080000e-06	5.261474e-06	1.199641e-09	3.648607e+01	7.672986e+01
4.090000e-06	5.245816e-06	1.166626e-09	3.637749e+01	7.665857e+01
4.100000e-06	5.229635e-06	1.110792e-09	3.626529e+01	7.657676e+01
4.110000e-06	5.213148e-06	1.166444e-09	3.615095e+01	7.648471e+01
4.120000e-06	5.196486e-06	1.204815e-09	3.603541e+01	7.638284e+01
4.130000e-06	5.179443e-06	1.138877e-09	3.591722e+01	7.627168e+01
4.140000e-06	5.161912e-06	1.102453e-09	3.579565e+01	7.615191e+01
4.150000e-06	5.144101e-06	1.178868e-09	3.567214e+01	7.602431e+01
4.160000e-06	5.126033e-06	1.161675e-09	3.554685e+01	7.588974e+01
4.170000e-06	5.107549e-06	1.094488e-09	3.541867e+01	7.574916e+01
4.180000e-06	5.088732e-06	1.146713e-09	3.528818e+01	7.560356e+01
4.190000e-06	5.069587e-06	1.200536e-09	3.515542e+01	7.545400e+01
4.200000e-06	5.050069e-06	1.114833e-09	3.502007e+01	7.530154e+01
4.210000e-06	5.030267e-06	1.106119e-09	3.488275e+01	7.514725e+01
4.220000e-06	5.010229e-06	1.181558e-09	3.474379e+01	7.499217e+01
4.230000e-06	4.989973e-06	1.134956e-09	3.460333e+01	7.483734e+01
4.240000e-06	4.969472e-06	1.077286e-09	3.446117e+01	7.468369e+01
4.250000e-06	4.948638e-06	1.155783e-09	3.431669e+01	7.453212e+01
4.260000e-06	4.927356e-06	1.158757e-09	3.416911e+01	7.438343e+01
4.270000e-06	4.905433e-06	1.078299e-09	3.401708e+01	7.423832e+01
4.280000e-06	4.882856e-06	1.128166e-09	3.386052e+01	7.409738e+01
4.290000e-06	4.859780e-06	1.183456e-09	3.370050e+01	7.396108e+01
4.300000e-06	4.836306e-06	1.108640e-09	3.353772e+01	7.382976e+01
4.310000e-06	4.812466e-06	1.099578e-09	3.337240e+01	7.370364e+01
4.320000e-06	4.788362e-06	1.171093e-09	3.320524e+01	7.358281e+01
4.330000e-06	4.764022e-06	1.133492e-09	3.303645e+01	7.346723e+01
4.340000e-06	4.739367e-06	1.084315e-09	3.286548e+01	7.335672e+01
4.350000e-06	4.714385e-06	1.125874e-09	3.269224e+01	7.325100e+01
4.360000e-06	4.689065e-06	1.130945e-09	3.251666e+01	7.314968e+01
4.370000e-06	4.663445e-06	1.089738e-09	3.233900e+01	7.305226e+01
4.380000e-06	4.637567e-06	1.113080e-09	3.215954e+01	7.295815e+01
4.390000e-06	4.611376e-06	1.132721e-09	3.197792e+01	7.286671e+01
4.400000e-06	4.584827e-06	1.104051e-09	3.179381e+01	7.277721e+01
4.410000e-06	4.557963e-06	1.097493e-09	3.160752e+01	7.268888e+01
4.420000e-06	4.530752e-06	1.119629e-09	3.141883e+01	7.260095e+01
4.430000e-06	4.503184e-06	1.108753e-09	3.122765e+01	7.251260e+01
4.440000e-06	4.475395e-06	1.098410e-09	3.103495e+01	7.242303e+01
4.450000e-06	4.447455e-06	1.108688e-09	3.084120e+01	7.233145e+01
4.460000e-06	4.419371e-06	1.109807e-09	3.064645e+01	7.223709e+01
4.470000e-06	4.391084e-06	1.095569e-09	3.045029e+01	7.213926e+01
4.480000e-06	4.362467e-06	1.101609e-09	3.025184e+01	7.203727e+01
4.490000e-06	4.333477e-06	1.106752e-09	3.005081e+01	7.193054e+01
4.500000e-06	4.304056e-06	1.096685e-09	2.984679e+01	7.181854e+01
4.510000e-06	4.274157e-06	1.092947e-09	2.963945e+01	7.170081e+01
4.520000e-06	4.243757e-06	1.100423e-09	2.942864e+01	7.157700e+01
4.530000e-06	4.212883e-06	1.093785e-09	2.921454e+01	7.144682e+01
4.540000e-06	4.181592e-06	1.089021e-09	2.899755e+01	7.131007e+01
4.550000e-06	4.149907e-06	1.089748e-09	2.877783e+01	7.116665e+01
4.560000e-06	4.117920e-06	1.080537e-09	2.855602e+01	7.101653e+01
4.570000e-06	4.085734e-06	1.079241e-09	2.833281e+01	7.085975e+01
4.580000e-06	4.053426e-06	1.092597e-09	2.810878e+01	7.069644e+01
4.590000e-06	4.020990e-06	1.093161e-09	2.788385e+01	7.052679e+01
4.600000e-06	3.988329e-06	1.088037e-09	2.765736e+01	7.035103e+01
4.610000e-06	3.955377e-06	1.094645e-09	2.742885e+01	7.016945e+01
4.620000e-06	3.922042e-06	1.091945e-09	2.719768e+01	6.998240e+01
4.630000e-06	3.888369e-06	1.080377e-09	2.696418e+01	6.979022e+01
4.640000e-06	3.854464e-06	1.079883e-09	2.672906e+01	6.959330e+01
4.650000e-06	3.820350e-06	1.081456e-09	2.649250e+01	6.939203e+01
4.660000e-06	3.786004e-06	1.071606e-09	2.625432e+01	6.918679e+01
4.670000e-06	3.751376e-06	1.070691e-09	2.601419e+01	6.897797e+01
4.680000e-06	3.716512e-06	1.076855e-09	2.577242e+01	6.876594e+01
4.690000e-06	3.681353e-06	1.073801e-09	2.552861e+01	6.855104e+01
4.700000e-06	3.645901e-06	1.066547e-09	2.528277e+01	6.833360e+01
4.710000e-06	3.610223e-06	1.070954e-09	2.503535e+01	6.811388e+01
4.720000e-06	3.574357e-06	1.068732e-09	2.478664e+01	6.789215e+01
4.730000e-06	3.538374e-06	1.059898e-09	2.453711e+01	6.766859e+01
4.740000e-06	3.502284e-06	1.059089e-09	2.428684e+01	6.744338e+01
4.750000e-06	3.466059e-06	1.058579e-09	2.403564e+01	6.721664e+01
4.760000e-06	3.429664e-06	1.044766e-09	2.378325e+01	6.698843e+01
4.770000e-06	3.393001e-06	1.040551e-09	2.352901e+01	6.675879e+01
4.780000e-06	3.355992e-06	1.046713e-09	2.327237e+01	6.652772e+01
4.790000e-06	3.318633e-06	1.044508e-09	2.301330e+01	6.629517e+01
4.800000e-06	3.280919e-06	1.037098e-09	2.275177e+01	6.606107e+01
4.810000e-06	3.242759e-06	1.037029e-09	2.248715e+01	6.582529e+01
4.820000e-06	3.204085e-06	1.035100e-09	2.221896e+01	6.558772e+01
4.830000e-06	3.165072e-06	1.027286e-09	2.194842e+01	6.534820e+01
4.840000e-06	3.125862e-06	1.026571e-09	2.167651e+01	6.510654e+01
4.850000e-06	3.086434e-06	1.026548e-09	2.140310e+01	6.486257e+01
4.860000e-06	3.046746e-06	1.017977e-09	2.112788e+01	6.461607e+01
4.870000e-06	3.006861e-06	1.011240e-09	2.085130e+01	6.436686e+01
4.880000e-06	2.966856e-06	1.011352e-09	2.057388e+01	6.411472e+01
4.890000e-06	2.926745e-06	1.010620e-09	2.029572e+01	6.385945e+01
4.900000e-06	2.886530e-06	1.009885e-09	2.001685e+01	6.360084e+01
4.910000e-06	2.846178e-06	1.013105e-09	1.973703e+01	6.333869e+01
4.920000e-06	2.805631e-06	1.011257e-09	1.945585e+01	6.307281e+01
4.930000e-06	2.764911e-06	1.004332e-09	1.917348e+01	6.280302e+01
4.940000e-06	2.724045e-06	1.000005e-09	1.889009e+01	6.252913e+01
4.950000e-06	2.682917e-06	9.942384e-10	1.860489e+01	6.225098e+01
4.960000e-06	2.641524e-06	9.848706e-10	1.831784e+01	6.196840e+01
4.970000e-06	2.599963e-06	9.785244e-10	1.802963e+01	6.168123e+01
4.980000e-06	2.558244e-06	9.787550e-10	1.774033e+01	6.138933e+01
4.990000e-06	2.516402e-06	9.763539e-10	1.745018e+01	6.109255e+01
5.000000e-06	2.474454e-06	9.737754e-10	1.715928e+01	6.079074e+01
5.010000e-06	2.432340e-06	9.723657e-10	1.686724e+01	6.048377e+01
5.020000e-06	2.390031e-06	9.675898e-10	1.657385e+01	6.017150e+01
5.030000e-06	2.347575e-06	9.592989e-10	1.627943e+01	5.985378e+01
5.040000e-06	2.305017e-06	9.523555e-10	1.598431e+01	5.953049e+01
5.050000e-06	2.262271e-06	9.482718e-10	1.568788e+01	5.920148e+01
5.060000e-06	2.219280e-06	9.428108e-10	1.538976e+01	5.886661e+01
5.070000e-06	2.176082e-06	9.378882e-10	1.509020e+01	5.852572e+01
5.080000e-06	2.132706e-06	9.363986e-10	1.478940e+01	5.817867e+01
5.090000e-06	2.089211e-06	9.328430e-10	1.448778e+01	5.782530e+01
5.100000e-06	2.045622e-06	9.275408e-10	1.418551e+01	5.746545e+01
5.110000e-06	2.001905e-06	9.220291e-10	1.388235e+01	5.709896e+01
5.120000e-06	1.958035e-06	9.148717e-10	1.357814e+01	5.672565e+01
5.130000e-06	1.914028e-06	9.054773e-10	1.327296e+01	5.634535e+01
5.140000e-06	1.869945e-06	8.982045e-10	1.296727e+01	5.595788e+01
5.150000e-06	1.825843e-06	8.916953e-10	1.266144e+01	5.556304e+01
5.160000e-06	1.781731e-06	8.840975e-10	1.235554e+01	5.516063e+01
5.170000e-06	1.737575e-06	8.788223e-10	1.204934e+01	5.475045e+01
5.180000e-06	1.693331e-06	8.748239e-10	1.174253e+01	5.433227e+01
5.190000e-06	1.648960e-06	8.705355e-10	1.143483e+01	5.390587e+01
5.200000e-06	1.604498e-06	8.640820e-10	1.112651e+01	5.347100e+01
5.210000e-06	1.559965e-06	8.589447e-10	1.081769e+01	5.302738e+01
5.220000e-06	1.515382e-06	8.547323e-10	1.050853e+01	5.257473e+01
5.230000e-06	1.470729e-06	8.487846e-10	1.019887e+01	5.211274e+01
5.240000e-06	1.425941e-06	8.443372e-10	9.888293e+00	5.164106e+01
5.250000e-06	1.381071e-06	8.385559e-10	9.577138e+00	5.115932e+01
5.260000e-06	1.336061e-06	8.312765e-10	9.265009e+00	5.066709e+01
5.270000e-06	1.290854e-06	8.233315e-10	8.951517e+00	5.016394e+01
5.280000e-06	1.245555e-06	8.158350e-10	8.637393e+00	4.964935e+01
5.290000e-06	1.200196e-06	8.064386e-10	8.322849e+00	4.912277e+01
5.300000e-06	1.154707e-06	7.990652e-10	8.007396e+00	4.858360e+01
5.310000e-06	1.108993e-06	7.952397e-10	7.690392e+00	4.803119e+01
5.320000e-06	1.063099e-06	7.905909e-10	7.372136e+00	4.746481e+01
5.330000e-06	1.017148e-06	7.830120e-10	7.053485e+00	4.688368e+01
5.340000e-06	9.712734e-07	7.726531e-10	6.735366e+00	4.628696e+01
5.350000e-06	9.253712e-07	7.612997e-10	6.417053e+00	4.567376e+01
5.360000e-06	8.792825e-07	7.502809e-10	6.097448e+00	4.504311e+01
5.370000e-06	8.330920e-07	7.413378e-10	5.777137e+00	4.439402e+01
5.380000e-06	7.868604e-07	7.327741e-10	5.456541e+00	4.372540e+01
5.390000e-06	7.405980e-07	7.239022e-10	5.135731e+00	4.303615e+01
5.400000e-06	6.943266e-07	7.156609e-10	4.814858e+00	4.232513e+01
5.410000e-06	6.479414e-07	7.070709e-10	4.493196e+00	4.159116e+01
5.420000e-06	6.014052e-07	6.939997e-10	4.170488e+00	4.083304e+01
5.430000e-06	5.549419e-07	6.787643e-10	3.848285e+00	4.004957e+01
5.440000e-06	5.085095e-07	6.642433e-10	3.526296e+00	3.923956e+01
5.450000e-06	4.619626e-07	6.479626e-10	3.203513e+00	3.840180e+01
5.460000e-06	4.153969e-07	6.316940e-10	2.880600e+00	3.753517e+01
5.470000e-06	3.688602e-07	6.192226e-10	2.557888e+00	3.663855e+01
5.480000e-06	3.222550e-07	6.076292e-10	2.234700e+00	3.571090e+01
5.490000e-06	2.755629e-07	5.954476e-10	1.910911e+00	3.475126e+01
5.500000e-06	2.289131e-07	5.831142e-10	1.587414e+00	3.375876e+01
5.510000e-06	1.822955e-07	5.693159e-10	1.264141e+00	3.273264e+01
5.520000e-06	1.357008e-07	5.523600e-10	9.410268e-01	3.167224e+01
5.530000e-06	8.908822e-08	5.335750e-10	6.177887e-01	3.057708e+01
5.540000e-06	4.243028e-08	5.126280e-10	2.942358e-01	2.944680e+01
5.550000e-06	-4.126140e-09	4.892794e-10	-2.861302e-02	2.828119e+01
5.560000e-06	-5.072104e-08	4.673494e-10	-3.517287e-01	2.708024e+01
5.570000e-06	-9.740040e-08	4.499007e-10	-6.754302e-01	2.584408e+01
5.580000e-06	-1.440364e-07	4.328984e-10	-9.988306e-01	2.457307e+01
5.590000e-06	-1.906723e-07	4.144321e-10	-1.322231e+00	2.326770e+01
5.600000e-06	-2.373205e-07	3.966266e-10	-1.645716e+00	2.192870e+01
5.610000e-06	-2.839175e-07	3.766632e-10	-1.968846e+00	2.055694e+01
5.620000e-06	-3.304670e-07	3.503946e-10	-2.291647e+00	1.915351e+01
5.630000e-06	-3.770170e-07	3.209685e-10	-2.614452e+00	1.771966e+01
5.640000e-06	-4.236317e-07	2.914941e-10	-2.937704e+00	1.625681e+01
5.650000e-06	-4.702810e-07	2.620775e-10	-3.261198e+00	1.476653e+01
5.660000e-06	-5.168177e-07	2.343535e-10	-3.583910e+00	1.325057e+01
5.670000e-06	-5.632224e-07	2.117678e-10	-3.905707e+00	1.171078e+01
5.680000e-06	-6.096086e-07	1.906373e-10	-4.227375e+00	1.014916e+01
5.690000e-06	-6.560523e-07	1.657034e-10	-4.549442e+00	8.567778e+00
5.700000e-06	-7.024186e-07	1.379477e-10	-4.870972e+00	6.968820e+00
5.710000e-06	-7.486137e-07	1.092240e-10	-5.191316e+00	5.354524e+00
5.720000e-06	-7.947700e-07	8.067402e-11	-5.511390e+00	3.727182e+00
5.730000e-06	-8.408994e-07	5.144432e-11	-5.831278e+00	2.089118e+00
5.740000e-06	-8.869532e-07	2.159525e-11	-6.150641e+00	4.426671e-01
5.750000e-06	-9.329938e-07	-7.329101e-12	-6.469913e+00	-1.209840e+00
5.760000e-06	-9.789745e-07	-3.320988e-11	-6.788769e+00	-2.866094e+00
5.770000e-06	-1.024801e-06	-5.604895e-11	-7.106558e+00	-4.523822e+00
5.780000e-06	-1.070427e-06	-7.824643e-11	-7.422952e+00	-6.180806e+00
5.790000e-06	-1.115983e-06	-1.043946e-10	-7.738867e+00	-7.834891e+00
5.800000e-06	-1.161616e-06	-1.346989e-10	-8.055311e+00	-9.484000e+00
5.810000e-06	-1.207067e-06	-1.666836e-10	-8.370495e+00	-1.112614e+01
5.820000e-06	-1.252196e-06	-1.967425e-10	-8.683447e+00	-1.275942e+01
5.830000e-06	-1.297268e-06	-2.239467e-10	-8.995999e+00	-1.438204e+01
5.840000e-06	-1.342367e-06	-2.506783e-10	-9.308740e+00	-1.599231e+01
5.850000e-06	-1.387349e-06	-2.767620e-10	-9.620673e+00	-1.758864e+01
5.860000e-06	-1.432110e-06	-3.018769e-10	-9.931071e+00	-1.916957e+01
5.870000e-06	-1.476763e-06	-3.275715e-10	-1.024072e+01	-2.073370e+01
5.880000e-06	-1.521417e-06	-3.526413e-10	-1.055038e+01	-2.227978e+01
5.890000e-06	-1.566000e-06	-3.775945e-10	-1.085954e+01	-2.380664e+01
5.900000e-06	-1.610399e-06	-4.032721e-10	-1.116743e+01	-2.531319e+01
5.910000e-06	-1.654714e-06	-4.287622e-10	-1.147474e+01	-2.679846e+01
5.920000e-06	-1.699039e-06	-4.541914e-10	-1.178211e+01	-2.826154e+01
5.930000e-06	-1.743289e-06	-4.791136e-10	-1.208896e+01	-2.970159e+01
5.940000e-06	-1.787456e-06	-5.037002e-10	-1.239524e+01	-3.111784e+01
5.950000e-06	-1.831542e-06	-5.280313e-10	-1.270096e+01	-3.250961e+01
5.960000e-06	-1.875528e-06	-5.519714e-10	-1.300598e+01	-3.387624e+01
5.970000e-06	-1.919438e-06	-5.743559e-10	-1.331048e+01	-3.521712e+01
5.980000e-06	-1.963284e-06	-5.951921e-10	-1.361453e+01	-3.653170e+01
5.990000e-06	-2.007032e-06	-6.149131e-10	-1.391791e+01	-3.781946e+01
6.000000e-06	-2.050659e-06	-6.340573e-10	-1.422044e+01	-3.907991e+01
6.010000e-06	-2.094162e-06	-6.525445e-10	-1.452212e+01	-4.031261e+01
6.020000e-06	-2.137549e-06	-6.706979e-10	-1.482298e+01	-4.151714e+01
6.030000e-06	-2.180697e-06	-6.900023e-10	-1.512220e+01	-4.269311e+01
6.040000e-06	-2.223626e-06	-7.114252e-10	-1.541990e+01	-4.384016e+01
6.050000e-06	-2.266428e-06	-7.347865e-10	-1.571671e+01	-4.495798e+01
6.060000e-06	-2.309036e-06	-7.560554e-10	-1.601217e+01	-4.604629e+01
6.070000e-06	-2.351502e-06	-7.738813e-10	-1.630666e+01	-4.710486e+01
6.080000e-06	-2.393843e-06	-7.895380e-10	-1.660027e+01	-4.813349e+01
6.090000e-06	-2.436007e-06	-8.025934e-10	-1.689267e+01	-4.913206e+01
6.100000e-06	-2.478059e-06	-8.138557e-10	-1.718428e+01	-5.010050e+01
6.110000e-06	-2.519954e-06	-8.250404e-10	-1.747481e+01	-5.103878e+01
6.120000e-06	-2.561645e-06	-8.391558e-10	-1.776391e+01	-5.194697e+01
6.130000e-06	-2.603094e-06	-8.573278e-10	-1.805134e+01	-5.282521e+01
6.140000e-06	-2.644278e-06	-8.755858e-10	-1.833693e+01	-5.367370e+01
6.150000e-06	-2.685295e-06	-8.904730e-10	-1.862137e+01	-5.449274e+01
6.160000e-06	-2.726180e-06	-9.025973e-10	-1.890489e+01	-5.528272e+01
6.170000e-06	-2.766893e-06	-9.121570e-10	-1.918722e+01	-5.604410e+01
6.180000e-06	-2.807411e-06	-9.217047e-10	-1.946820e+01	-5.677744e+01
6.190000e-06	-2.847739e-06	-9.318756e-10	-1.974786e+01	-5.748337e+01
6.200000e-06	-2.887968e-06	-9.425891e-10	-2.002683e+01	-5.816261e+01
6.210000e-06	-2.928174e-06	-9.558677e-10	-2.030564e+01	-5.881597e+01
6.220000e-06	-2.968270e-06	-9.686322e-10	-2.058368e+01	-5.944431e+01
6.230000e-06	-3.008164e-06	-9.785740e-10	-2.086033e+01	-6.004857e+01
6.240000e-06	-3.047913e-06	-9.880677e-10	-2.113598e+01	-6.062975e+01
6.250000e-06	-3.087422e-06	-9.988251e-10	-2.140995e+01	-6.118888e+01
6.260000e-06	-3.126643e-06	-1.009868e-09	-2.168193e+01	-6.172702e+01
6.270000e-06	-3.165603e-06	-1.019419e-09	-2.195210e+01	-6.224530e+01
6.280000e-06	-3.204268e-06	-1.026866e-09	-2.222023e+01	-6.274480e+01
6.290000e-06	-3.242578e-06	-1.032785e-09	-2.248589e+01	-6.322665e+01
6.300000e-06	-3.280430e-06	-1.037937e-09	-2.274838e+01	-6.369193e+01
6.310000e-06	-3.317878e-06	-1.045284e-09	-2.300807e+01	-6.414173e+01
6.320000e-06	-3.355034e-06	-1.055948e-09	-2.326572e+01	-6.457706e+01
6.330000e-06	-3.391911e-06	-1.064940e-09	-2.352145e+01	-6.499892e+01
6.340000e-06	-3.428479e-06	-1.071488e-09	-2.377503e+01	-6.540824e+01
6.350000e-06	-3.464820e-06	-1.078439e-09	-2.402704e+01	-6.580586e+01
6.360000e-06	-3.500973e-06	-1.084444e-09	-2.427775e+01	-6.619257e+01
6.370000e-06	-3.536917e-06	-1.089823e-09	-2.452701e+01	-6.656908e+01
6.380000e-06	-3.572714e-06	-1.095162e-09	-2.477524e+01	-6.693600e+01
6.390000e-06	-3.608360e-06	-1.099230e-09	-2.502244e+01	-6.729385e+01
6.400000e-06	-3.643754e-06	-1.105105e-09	-2.526787e+01	-6.764306e+01
6.410000e-06	-3.678893e-06	-1.113400e-09	-2.551155e+01	-6.798400e+01
6.420000e-06	-3.713806e-06	-1.119927e-09	-2.575366e+01	-6.831692e+01
6.430000e-06	-3.748461e-06	-1.125014e-09	-2.599398e+01	-6.864200e+01
6.440000e-06	-3.782794e-06	-1.130866e-09	-2.623206e+01	-6.895936e+01
6.450000e-06	-3.816895e-06	-1.137387e-09	-2.646853e+01	-6.926904e+01
6.460000e-06	-3.850827e-06	-1.144071e-09	-2.670384e+01	-6.957103e+01
6.470000e-06	-3.884495e-06	-1.150020e-09	-2.693731e+01	-6.986526e+01
6.480000e-06	-3.917847e-06	-1.154365e-09	-2.716859e+01	-7.015166e+01
6.490000e-06	-3.950843e-06	-1.156471e-09	-2.739741e+01	-7.043009e+01
6.500000e-06	-3.983509e-06	-1.157941e-09	-2.762393e+01	-7.070043e+01
6.510000e-06	-4.015987e-06	-1.160927e-09	-2.784915e+01	-7.096255e+01
6.520000e-06	-4.048323e-06	-1.165240e-09	-2.807339e+01	-7.121634e+01
6.530000e-06	-4.080473e-06	-1.170139e-09	-2.829633e+01	-7.146169e+01
6.540000e-06	-4.112408e-06	-1.175080e-09	-2.851779e+01	-7.169855e+01
6.550000e-06	-4.144091e-06	-1.179128e-09	-2.873750e+01	-7.192689e+01
6.560000e-06	-4.175495e-06	-1.182823e-09	-2.895527e+01	-7.214673e+01
6.570000e-06	-4.206484e-06	-1.186040e-09	-2.917017e+01	-7.235816e+01
6.580000e-06	-4.236989e-06	-1.187316e-09	-2.938171e+01	-7.256131e+01
6.590000e-06	-4.266958e-06	-1.186950e-09	-2.958953e+01	-7.275637e+01
6.600000e-06	-4.296441e-06	-1.186623e-09	-2.979398e+01	-7.294361e+01
6.610000e-06	-4.325491e-06	-1.186598e-09	-2.999543e+01	-7.312332e+01
6.620000e-06	-4.354115e-06	-1.187297e-09	-3.019392e+01	-7.329589e+01
6.630000e-06	-4.382509e-06	-1.189948e-09	-3.039083e+01	-7.346173e+01
6.640000e-06	-4.410733e-06	-1.193223e-09	-3.058655e+01	-7.362130e+01
6.650000e-06	-4.438777e-06	-1.195496e-09	-3.078102e+01	-7.377510e+01
6.660000e-06	-4.466606e-06	-1.197268e-09	-3.097400e+01	-7.392365e+01
6.670000e-06	-4.494164e-06	-1.199095e-09	-3.116510e+01	-7.406750e+01
6.680000e-06	-4.521436e-06	-1.199060e-09	-3.135423e+01	-7.420717e+01
6.690000e-06	-4.548386e-06	-1.197790e-09	-3.154111e+01	-7.434321e+01
6.700000e-06	-4.575037e-06	-1.196424e-09	-3.172592e+01	-7.447613e+01
6.710000e-06	-4.601384e-06	-1.196672e-09	-3.190863e+01	-7.460642e+01
6.720000e-06	-4.627392e-06	-1.197613e-09	-3.208898e+01	-7.473453e+01
6.730000e-06	-4.652958e-06	-1.197853e-09	-3.226628e+01	-7.486084e+01
6.740000e-06	-4.678095e-06	-1.200451e-09	-3.244059e+01	-7.498569e+01
6.750000e-06	-4.703005e-06	-1.206447e-09	-3.261333e+01	-7.510935e+01
6.760000e-06	-4.727662e-06	-1.211039e-09	-3.278431e+01	-7.523201e+01
6.770000e-06	-4.752052e-06	-1.211012e-09	-3.295345e+01	-7.535378e+01
6.780000e-06	-4.776239e-06	-1.209825e-09	-3.312118e+01	-7.547470e+01
6.790000e-06	-4.800206e-06	-1.210099e-09	-3.328737e+01	-7.559472e+01
6.800000e-06	-4.823891e-06	-1.211289e-09	-3.345162e+01	-7.571371e+01
6.810000e-06	-4.847177e-06	-1.210091e-09	-3.361310e+01	-7.583146e+01
6.820000e-06	-4.869934e-06	-1.208107e-09	-3.377091e+01	-7.594769e+01
6.830000e-06	-4.892100e-06	-1.209651e-09	-3.392462e+01	-7.606207e+01
6.840000e-06	-4.913776e-06	-1.212864e-09	-3.407494e+01	-7.617419e+01
6.850000e-06	-4.934939e-06	-1.215508e-09	-3.422169e+01	-7.628361e+01
6.860000e-06	-4.955637e-06	-1.217457e-09	-3.436522e+01	-7.638985e+01
6.870000e-06	-4.976040e-06	-1.218787e-09	-3.450671e+01	-7.649240e+01
6.880000e-06	-4.996245e-06	-1.218861e-09	-3.464682e+01	-7.659076e+01
6.890000e-06	-5.016230e-06	-1.217668e-09	-3.478541e+01	-7.668441e+01
6.900000e-06	-5.035870e-06	-1.217168e-09	-3.492160e+01	-7.677286e+01
6.910000e-06	-5.055133e-06	-1.215784e-09	-3.505519e+01	-7.685565e+01
6.920000e-06	-5.074033e-06	-1.212911e-09	-3.518625e+01	-7.693236e+01
6.930000e-06	-5.092656e-06	-1.211211e-09	-3.531539e+01	-7.700261e+01
6.940000e-06	-5.111036e-06	-1.212848e-09	-3.544285e+01	-7.706610e+01
6.950000e-06	-5.129107e-06	-1.215219e-09	-3.556816e+01	-7.712261e+01
6.960000e-06	-5.146805e-06	-1.215879e-09	-3.569089e+01	-7.717196e+01
6.970000e-06	-5.164087e-06	-1.215530e-09	-3.581073e+01	-7.721411e+01
6.980000e-06	-5.181033e-06	-1.215539e-09	-3.592825e+01	-7.724905e+01
6.990000e-06	-5.197709e-06	-1.215373e-09	-3.604389e+01	-7.727691e+01
7.000000e-06	-5.214069e-06	-1.214434e-09	-3.615734e+01	-7.729787e+01
7.010000e-06	-5.230132e-06	-1.212545e-09	-3.626873e+01	-7.731221e+01
7.020000e-06	-5.245854e-06	-1.209492e-09	-3.637775e+01	-7.732028e+01
7.030000e-06	-5.261132e-06	-1.208840e-09	-3.648370e+01	-7.732253e+01
7.040000e-06	-5.275856e-06	-1.210119e-09	-3.658581e+01	-7.731944e+01
7.050000e-06	-5.289897e-06	-1.209612e-09	-3.668318e+01	-7.731155e+01
7.060000e-06	-5.303308e-06	-1.207934e-09	-3.677618e+01	-7.729947e+01
7.070000e-06	-5.316243e-06	-1.205917e-09	-3.686587e+01	-7.728380e+01
7.080000e-06	-5.328794e-06	-1.202724e-09	-3.695291e+01	-7.726519e+01
7.090000e-06	-5.341080e-06	-1.199826e-09	-3.703811e+01	-7.724427e+01
7.100000e-06	-5.353030e-06	-1.197551e-09	-3.712097e+01	-7.722166e+01
7.110000e-06	-5.364437e-06	-1.194232e-09	-3.720008e+01	-7.719799e+01
7.120000e-06	-5.375398e-06	-1.190403e-09	-3.727609e+01	-7.717380e+01
7.130000e-06	-5.386018e-06	-1.189428e-09	-3.734973e+01	-7.714964e+01
7.140000e-06	-5.396314e-06	-1.190562e-09	-3.742113e+01	-7.712595e+01
7.150000e-06	-5.406214e-06	-1.190456e-09	-3.748978e+01	-7.710314e+01
7.160000e-06	-5.415671e-06	-1.189255e-09	-3.755536e+01	-7.708154e+01
7.170000e-06	-5.424741e-06	-1.187846e-09	-3.761826e+01	-7.706139e+01
7.180000e-06	-5.433510e-06	-1.185882e-09	-3.767907e+01	-7.704286e+01
7.190000e-06	-5.442018e-06	-1.182975e-09	-3.773807e+01	-7.702604e+01
7.200000e-06	-5.450275e-06	-1.176841e-09	-3.779533e+01	-7.701092e+01
7.210000e-06	-5.458320e-06	-1.168957e-09	-3.785112e+01	-7.699744e+01
7.220000e-06	-5.466023e-06	-1.163798e-09	-3.790454e+01	-7.698544e+01
7.230000e-06	-5.473302e-06	-1.161313e-09	-3.795501e+01	-7.697473e+01
7.240000e-06	-5.480150e-06	-1.160760e-09	-3.800250e+01	-7.696503e+01
7.250000e-06	-5.486419e-06	-1.161563e-09	-3.804597e+01	-7.695604e+01
7.260000e-06	-5.492037e-06	-1.163418e-09	-3.808493e+01	-7.694741e+01
7.270000e-06	-5.497108e-06	-1.163382e-09	-3.812010e+01	-7.693878e+01
7.280000e-06	-5.501773e-06	-1.159309e-09	-3.815245e+01	-7.692977e+01
7.290000e-06	-5.506164e-06	-1.154525e-09	-3.818290e+01	-7.692001e+01
7.300000e-06	-5.510353e-06	-1.150808e-09	-3.821194e+01	-7.690916e+01
7.310000e-06	-5.514237e-06	-1.147801e-09	-3.823887e+01	-7.689690e+01
7.320000e-06	-5.517698e-06	-1.147384e-09	-3.826288e+01	-7.688294e+01
7.330000e-06	-5.520723e-06	-1.150736e-09	-3.828385e+01	-7.686707e+01
7.340000e-06	-5.523382e-06	-1.153083e-09	-3.830229e+01	-7.684913e+01
7.350000e-06	-5.525741e-06	-1.151155e-09	-3.831865e+01	-7.682903e+01
7.360000e-06	-5.527885e-06	-1.148112e-09	-3.833352e+01	-7.680674e+01
7.370000e-06	-5.529722e-06	-1.145859e-09	-3.834626e+01	-7.678234e+01
7.380000e-06	-5.531011e-06	-1.141887e-09	-3.835519e+01	-7.675597e+01
7.390000e-06	-5.531865e-06	-1.136367e-09	-3.836112e+01	-7.672786e+01
7.400000e-06	-5.532384e-06	-1.132405e-09	-3.836472e+01	-7.669830e+01
