# Temperatura_=_5.78
# Concentracion g/m^3_=_1620.0
# C_Vs_to_Am_M_A/Vsm_=_65563218390.804596
# pendiente_HvsI_1/m_=_3716.3
# ordenada_HvsI_A/m_=_1297.0
# frecuencia_Hz_=_135104.95650968712

Tiempo_(s)	Campo_(V.s)	Magnetizacion_(V.s)	Campo_(kA/m)	Magnetizacion_(A/m)
0.000000e+00	-5.536506e-06	-1.233397e-09	-3.837475e+01	-8.288320e+01
1.000000e-08	-5.536632e-06	-1.230120e-09	-3.837562e+01	-8.285909e+01
2.000000e-08	-5.536512e-06	-1.226507e-09	-3.837479e+01	-8.283737e+01
3.000000e-08	-5.535911e-06	-1.223793e-09	-3.837063e+01	-8.281824e+01
4.000000e-08	-5.534813e-06	-1.222868e-09	-3.836302e+01	-8.280188e+01
5.000000e-08	-5.533238e-06	-1.221584e-09	-3.835210e+01	-8.278841e+01
6.000000e-08	-5.531006e-06	-1.231197e-09	-3.833663e+01	-8.277789e+01
7.000000e-08	-5.528128e-06	-1.254514e-09	-3.831668e+01	-8.277033e+01
8.000000e-08	-5.524681e-06	-1.217911e-09	-3.829279e+01	-8.276566e+01
9.000000e-08	-5.520748e-06	-1.147887e-09	-3.826553e+01	-8.276375e+01
1.000000e-07	-5.516582e-06	-1.216709e-09	-3.823666e+01	-8.276440e+01
1.100000e-07	-5.512177e-06	-1.298653e-09	-3.820613e+01	-8.276733e+01
1.200000e-07	-5.507412e-06	-1.231634e-09	-3.817310e+01	-8.277218e+01
1.300000e-07	-5.502322e-06	-1.145586e-09	-3.813781e+01	-8.277854e+01
1.400000e-07	-5.496878e-06	-1.178699e-09	-3.810008e+01	-8.278592e+01
1.500000e-07	-5.490977e-06	-1.315574e-09	-3.805918e+01	-8.279377e+01
1.600000e-07	-5.484659e-06	-1.237278e-09	-3.801539e+01	-8.280149e+01
1.700000e-07	-5.478003e-06	-1.149277e-09	-3.796926e+01	-8.280843e+01
1.800000e-07	-5.470896e-06	-1.191643e-09	-3.792000e+01	-8.281390e+01
1.900000e-07	-5.463433e-06	-1.308273e-09	-3.786827e+01	-8.281717e+01
2.000000e-07	-5.455772e-06	-1.275686e-09	-3.781517e+01	-8.281752e+01
2.100000e-07	-5.447874e-06	-1.196651e-09	-3.776043e+01	-8.281421e+01
2.200000e-07	-5.439684e-06	-1.206945e-09	-3.770365e+01	-8.280650e+01
2.300000e-07	-5.431105e-06	-1.270110e-09	-3.764420e+01	-8.279368e+01
2.400000e-07	-5.421983e-06	-1.265791e-09	-3.758097e+01	-8.277507e+01
2.500000e-07	-5.412223e-06	-1.221675e-09	-3.751332e+01	-8.275002e+01
2.600000e-07	-5.401808e-06	-1.236417e-09	-3.744113e+01	-8.271796e+01
2.700000e-07	-5.390753e-06	-1.260178e-09	-3.736450e+01	-8.267836e+01
2.800000e-07	-5.379287e-06	-1.269465e-09	-3.728503e+01	-8.263078e+01
2.900000e-07	-5.367527e-06	-1.229610e-09	-3.720352e+01	-8.257486e+01
3.000000e-07	-5.355381e-06	-1.235334e-09	-3.711933e+01	-8.251032e+01
3.100000e-07	-5.342802e-06	-1.251259e-09	-3.703215e+01	-8.243699e+01
3.200000e-07	-5.329802e-06	-1.281187e-09	-3.694204e+01	-8.235479e+01
3.300000e-07	-5.316387e-06	-1.228449e-09	-3.684906e+01	-8.226373e+01
3.400000e-07	-5.302599e-06	-1.230297e-09	-3.675349e+01	-8.216393e+01
3.500000e-07	-5.288520e-06	-1.269433e-09	-3.665591e+01	-8.205561e+01
3.600000e-07	-5.274005e-06	-1.265191e-09	-3.655530e+01	-8.193907e+01
3.700000e-07	-5.258905e-06	-1.199530e-09	-3.645064e+01	-8.181471e+01
3.800000e-07	-5.243245e-06	-1.253802e-09	-3.634209e+01	-8.168301e+01
3.900000e-07	-5.226989e-06	-1.276178e-09	-3.622942e+01	-8.154450e+01
4.000000e-07	-5.210282e-06	-1.188235e-09	-3.611362e+01	-8.139979e+01
4.100000e-07	-5.193252e-06	-1.186865e-09	-3.599558e+01	-8.124953e+01
4.200000e-07	-5.175991e-06	-1.298243e-09	-3.587594e+01	-8.109441e+01
4.300000e-07	-5.158409e-06	-1.232671e-09	-3.575407e+01	-8.093515e+01
4.400000e-07	-5.140327e-06	-1.143480e-09	-3.562875e+01	-8.077246e+01
4.500000e-07	-5.121904e-06	-1.253936e-09	-3.550105e+01	-8.060706e+01
4.600000e-07	-5.103221e-06	-1.283051e-09	-3.537156e+01	-8.043966e+01
4.700000e-07	-5.084157e-06	-1.144695e-09	-3.523942e+01	-8.027093e+01
4.800000e-07	-5.064710e-06	-1.179416e-09	-3.510463e+01	-8.010152e+01
4.900000e-07	-5.045022e-06	-1.279213e-09	-3.496816e+01	-7.993199e+01
5.000000e-07	-5.025134e-06	-1.171886e-09	-3.483032e+01	-7.976288e+01
5.100000e-07	-5.005035e-06	-1.141660e-09	-3.469101e+01	-7.959465e+01
5.200000e-07	-4.984598e-06	-1.264676e-09	-3.454936e+01	-7.942767e+01
5.300000e-07	-4.963733e-06	-1.216619e-09	-3.440473e+01	-7.926226e+01
5.400000e-07	-4.942477e-06	-1.113259e-09	-3.425740e+01	-7.909864e+01
5.500000e-07	-4.920927e-06	-1.216186e-09	-3.410804e+01	-7.893694e+01
5.600000e-07	-4.899109e-06	-1.235659e-09	-3.395681e+01	-7.877723e+01
5.700000e-07	-4.876895e-06	-1.121170e-09	-3.380284e+01	-7.861949e+01
5.800000e-07	-4.854304e-06	-1.156052e-09	-3.364626e+01	-7.846361e+01
5.900000e-07	-4.831389e-06	-1.232587e-09	-3.348743e+01	-7.830944e+01
6.000000e-07	-4.808203e-06	-1.142394e-09	-3.332672e+01	-7.815674e+01
6.100000e-07	-4.784790e-06	-1.128187e-09	-3.316444e+01	-7.800524e+01
6.200000e-07	-4.761112e-06	-1.202157e-09	-3.300032e+01	-7.785460e+01
6.300000e-07	-4.737111e-06	-1.164935e-09	-3.283397e+01	-7.770446e+01
6.400000e-07	-4.712785e-06	-1.111955e-09	-3.266536e+01	-7.755443e+01
6.500000e-07	-4.688100e-06	-1.167921e-09	-3.249426e+01	-7.740411e+01
6.600000e-07	-4.663005e-06	-1.160761e-09	-3.232032e+01	-7.725309e+01
6.700000e-07	-4.637376e-06	-1.114056e-09	-3.214268e+01	-7.710096e+01
6.800000e-07	-4.611138e-06	-1.143074e-09	-3.196082e+01	-7.694733e+01
6.900000e-07	-4.584381e-06	-1.168162e-09	-3.177536e+01	-7.679185e+01
7.000000e-07	-4.557197e-06	-1.126416e-09	-3.158694e+01	-7.663416e+01
7.100000e-07	-4.529759e-06	-1.125943e-09	-3.139676e+01	-7.647399e+01
7.200000e-07	-4.502124e-06	-1.142316e-09	-3.120522e+01	-7.631107e+01
7.300000e-07	-4.474291e-06	-1.117029e-09	-3.101230e+01	-7.614519e+01
7.400000e-07	-4.446294e-06	-1.102478e-09	-3.081825e+01	-7.597619e+01
7.500000e-07	-4.418026e-06	-1.120846e-09	-3.062232e+01	-7.580397e+01
7.600000e-07	-4.389386e-06	-1.115377e-09	-3.042381e+01	-7.562846e+01
7.700000e-07	-4.360448e-06	-1.102103e-09	-3.022323e+01	-7.544964e+01
7.800000e-07	-4.331252e-06	-1.110214e-09	-3.002087e+01	-7.526754e+01
7.900000e-07	-4.301735e-06	-1.103456e-09	-2.981628e+01	-7.508222e+01
8.000000e-07	-4.271878e-06	-1.084144e-09	-2.960933e+01	-7.489377e+01
8.100000e-07	-4.241688e-06	-1.084014e-09	-2.940008e+01	-7.470233e+01
8.200000e-07	-4.211185e-06	-1.088621e-09	-2.918865e+01	-7.450801e+01
8.300000e-07	-4.180415e-06	-1.074974e-09	-2.897538e+01	-7.431099e+01
8.400000e-07	-4.149392e-06	-1.079052e-09	-2.876036e+01	-7.411139e+01
8.500000e-07	-4.118081e-06	-1.089291e-09	-2.854333e+01	-7.390937e+01
8.600000e-07	-4.086498e-06	-1.080459e-09	-2.832443e+01	-7.370505e+01
8.700000e-07	-4.054744e-06	-1.069985e-09	-2.810433e+01	-7.349854e+01
8.800000e-07	-4.022896e-06	-1.079134e-09	-2.788358e+01	-7.328994e+01
8.900000e-07	-3.990893e-06	-1.070296e-09	-2.766176e+01	-7.307927e+01
9.000000e-07	-3.958617e-06	-1.058012e-09	-2.743806e+01	-7.286656e+01
9.100000e-07	-3.926023e-06	-1.060829e-09	-2.721214e+01	-7.265177e+01
9.200000e-07	-3.892996e-06	-1.062511e-09	-2.698322e+01	-7.243483e+01
9.300000e-07	-3.859427e-06	-1.047952e-09	-2.675054e+01	-7.221563e+01
9.400000e-07	-3.825368e-06	-1.050783e-09	-2.651448e+01	-7.199399e+01
9.500000e-07	-3.790925e-06	-1.054467e-09	-2.627574e+01	-7.176974e+01
9.600000e-07	-3.756202e-06	-1.040173e-09	-2.603507e+01	-7.154262e+01
9.700000e-07	-3.721175e-06	-1.028893e-09	-2.579229e+01	-7.131238e+01
9.800000e-07	-3.685776e-06	-1.034952e-09	-2.554693e+01	-7.107871e+01
9.900000e-07	-3.650144e-06	-1.028737e-09	-2.529996e+01	-7.084130e+01
1.000000e-06	-3.614404e-06	-1.019490e-09	-2.505224e+01	-7.059983e+01
1.010000e-06	-3.578551e-06	-1.024366e-09	-2.480373e+01	-7.035397e+01
1.020000e-06	-3.542546e-06	-1.026854e-09	-2.455418e+01	-7.010339e+01
1.030000e-06	-3.506315e-06	-1.016348e-09	-2.430304e+01	-6.984778e+01
1.040000e-06	-3.469812e-06	-1.013996e-09	-2.405004e+01	-6.958685e+01
1.050000e-06	-3.433044e-06	-1.014425e-09	-2.379519e+01	-6.932034e+01
1.060000e-06	-3.396021e-06	-1.003888e-09	-2.353858e+01	-6.904804e+01
1.070000e-06	-3.358757e-06	-9.969319e-10	-2.328029e+01	-6.876977e+01
1.080000e-06	-3.321241e-06	-9.995270e-10	-2.302026e+01	-6.848539e+01
1.090000e-06	-3.283431e-06	-9.975377e-10	-2.275819e+01	-6.819483e+01
1.100000e-06	-3.245356e-06	-9.872167e-10	-2.249428e+01	-6.789808e+01
1.110000e-06	-3.207104e-06	-9.841673e-10	-2.222915e+01	-6.759519e+01
1.120000e-06	-3.168771e-06	-9.796494e-10	-2.196345e+01	-6.728624e+01
1.130000e-06	-3.130242e-06	-9.693280e-10	-2.169640e+01	-6.697141e+01
1.140000e-06	-3.091379e-06	-9.631572e-10	-2.142703e+01	-6.665089e+01
1.150000e-06	-3.052328e-06	-9.632998e-10	-2.115636e+01	-6.632496e+01
1.160000e-06	-3.013174e-06	-9.558775e-10	-2.088498e+01	-6.599391e+01
1.170000e-06	-2.973796e-06	-9.494246e-10	-2.061204e+01	-6.565810e+01
1.180000e-06	-2.934192e-06	-9.475816e-10	-2.033754e+01	-6.531788e+01
1.190000e-06	-2.894458e-06	-9.430109e-10	-2.006213e+01	-6.497364e+01
1.200000e-06	-2.854640e-06	-9.329221e-10	-1.978614e+01	-6.462578e+01
1.210000e-06	-2.814705e-06	-9.281157e-10	-1.950935e+01	-6.427470e+01
1.220000e-06	-2.774537e-06	-9.225852e-10	-1.923093e+01	-6.392076e+01
1.230000e-06	-2.734163e-06	-9.166692e-10	-1.895109e+01	-6.356432e+01
1.240000e-06	-2.693602e-06	-9.134870e-10	-1.866995e+01	-6.320571e+01
1.250000e-06	-2.652786e-06	-9.133504e-10	-1.838705e+01	-6.284520e+01
1.260000e-06	-2.611792e-06	-9.088675e-10	-1.810291e+01	-6.248302e+01
1.270000e-06	-2.570585e-06	-9.013629e-10	-1.781730e+01	-6.211933e+01
1.280000e-06	-2.529034e-06	-8.954746e-10	-1.752929e+01	-6.175422e+01
1.290000e-06	-2.487167e-06	-8.894006e-10	-1.723910e+01	-6.138771e+01
1.300000e-06	-2.445036e-06	-8.793532e-10	-1.694708e+01	-6.101975e+01
1.310000e-06	-2.402606e-06	-8.712834e-10	-1.665300e+01	-6.065020e+01
1.320000e-06	-2.359838e-06	-8.645067e-10	-1.635656e+01	-6.027886e+01
1.330000e-06	-2.316792e-06	-8.567530e-10	-1.605820e+01	-5.990542e+01
1.340000e-06	-2.273564e-06	-8.527555e-10	-1.575857e+01	-5.952953e+01
1.350000e-06	-2.230176e-06	-8.516816e-10	-1.545784e+01	-5.915073e+01
1.360000e-06	-2.186647e-06	-8.465054e-10	-1.515614e+01	-5.876854e+01
1.370000e-06	-2.142980e-06	-8.405180e-10	-1.485347e+01	-5.838238e+01
1.380000e-06	-2.099228e-06	-8.348936e-10	-1.455021e+01	-5.799165e+01
1.390000e-06	-2.055430e-06	-8.270084e-10	-1.424664e+01	-5.759570e+01
1.400000e-06	-2.011481e-06	-8.186505e-10	-1.394202e+01	-5.719385e+01
1.410000e-06	-1.967450e-06	-8.119321e-10	-1.363683e+01	-5.678539e+01
1.420000e-06	-1.923400e-06	-8.071354e-10	-1.333151e+01	-5.636962e+01
1.430000e-06	-1.879197e-06	-8.010093e-10	-1.302513e+01	-5.594584e+01
1.440000e-06	-1.834835e-06	-7.948235e-10	-1.271765e+01	-5.551333e+01
1.450000e-06	-1.790375e-06	-7.877671e-10	-1.240949e+01	-5.507142e+01
1.460000e-06	-1.745773e-06	-7.786104e-10	-1.210034e+01	-5.461947e+01
1.470000e-06	-1.701015e-06	-7.675575e-10	-1.179011e+01	-5.415685e+01
1.480000e-06	-1.656165e-06	-7.594442e-10	-1.147925e+01	-5.368298e+01
1.490000e-06	-1.611187e-06	-7.515507e-10	-1.116750e+01	-5.319733e+01
1.500000e-06	-1.566052e-06	-7.427328e-10	-1.085465e+01	-5.269942e+01
1.510000e-06	-1.520793e-06	-7.350157e-10	-1.054095e+01	-5.218879e+01
1.520000e-06	-1.475477e-06	-7.306473e-10	-1.022686e+01	-5.166505e+01
1.530000e-06	-1.430147e-06	-7.242029e-10	-9.912665e+00	-5.112783e+01
1.540000e-06	-1.384683e-06	-7.162387e-10	-9.597547e+00	-5.057683e+01
1.550000e-06	-1.339084e-06	-7.084937e-10	-9.281490e+00	-5.001174e+01
1.560000e-06	-1.293377e-06	-7.007901e-10	-8.964682e+00	-4.943229e+01
1.570000e-06	-1.247555e-06	-6.902268e-10	-8.647082e+00	-4.883823e+01
1.580000e-06	-1.201718e-06	-6.805328e-10	-8.329377e+00	-4.822930e+01
1.590000e-06	-1.155848e-06	-6.746151e-10	-8.011440e+00	-4.760525e+01
1.600000e-06	-1.109918e-06	-6.696486e-10	-7.693087e+00	-4.696579e+01
1.610000e-06	-1.063959e-06	-6.602738e-10	-7.374539e+00	-4.631062e+01
1.620000e-06	-1.017981e-06	-6.483066e-10	-7.055850e+00	-4.563939e+01
1.630000e-06	-9.718834e-07	-6.365775e-10	-6.736340e+00	-4.495169e+01
1.640000e-06	-9.256155e-07	-6.276344e-10	-6.415646e+00	-4.424708e+01
1.650000e-06	-8.792233e-07	-6.187393e-10	-6.094092e+00	-4.352503e+01
1.660000e-06	-8.327295e-07	-6.072262e-10	-5.771833e+00	-4.278494e+01
1.670000e-06	-7.861695e-07	-5.953315e-10	-5.449116e+00	-4.202616e+01
1.680000e-06	-7.395955e-07	-5.823310e-10	-5.126301e+00	-4.124791e+01
1.690000e-06	-6.929922e-07	-5.694657e-10	-4.803283e+00	-4.044938e+01
1.700000e-06	-6.463098e-07	-5.568266e-10	-4.479717e+00	-3.962966e+01
1.710000e-06	-5.995865e-07	-5.432464e-10	-4.155867e+00	-3.878777e+01
1.720000e-06	-5.528499e-07	-5.280988e-10	-3.831926e+00	-3.792266e+01
1.730000e-06	-5.061143e-07	-5.125921e-10	-3.507990e+00	-3.703324e+01
1.740000e-06	-4.593297e-07	-4.955326e-10	-3.183716e+00	-3.611838e+01
1.750000e-06	-4.125435e-07	-4.784259e-10	-2.859431e+00	-3.517689e+01
1.760000e-06	-3.657456e-07	-4.628466e-10	-2.535064e+00	-3.420759e+01
1.770000e-06	-3.188362e-07	-4.509813e-10	-2.209924e+00	-3.320932e+01
1.780000e-06	-2.717913e-07	-4.394109e-10	-1.883846e+00	-3.218091e+01
1.790000e-06	-2.247445e-07	-4.267944e-10	-1.557754e+00	-3.112126e+01
1.800000e-06	-1.778803e-07	-4.114226e-10	-1.232928e+00	-3.002932e+01
1.810000e-06	-1.311249e-07	-3.927949e-10	-9.088558e-01	-2.890415e+01
1.820000e-06	-8.425347e-08	-3.734710e-10	-5.839795e-01	-2.774490e+01
1.830000e-06	-3.726354e-08	-3.556256e-10	-2.582818e-01	-2.655084e+01
1.840000e-06	9.639923e-09	-3.391406e-10	6.681645e-02	-2.532142e+01
1.850000e-06	5.654976e-08	-3.228748e-10	3.919589e-01	-2.405622e+01
1.860000e-06	1.035012e-07	-3.056242e-10	7.173897e-01	-2.275505e+01
1.870000e-06	1.504360e-07	-2.878851e-10	1.042706e+00	-2.141787e+01
1.880000e-06	1.973675e-07	-2.689486e-10	1.367998e+00	-2.004489e+01
1.890000e-06	2.442121e-07	-2.497550e-10	1.692688e+00	-1.863652e+01
1.900000e-06	2.909810e-07	-2.290132e-10	2.016854e+00	-1.719340e+01
1.910000e-06	3.377588e-07	-2.069486e-10	2.341081e+00	-1.571641e+01
1.920000e-06	3.845598e-07	-1.868328e-10	2.665469e+00	-1.420666e+01
1.930000e-06	4.313616e-07	-1.658218e-10	2.989863e+00	-1.266547e+01
1.940000e-06	4.781403e-07	-1.412873e-10	3.314096e+00	-1.109441e+01
1.950000e-06	5.249089e-07	-1.164322e-10	3.638260e+00	-9.495236e+00
1.960000e-06	5.716727e-07	-9.630137e-11	3.962390e+00	-7.869932e+00
1.970000e-06	6.183930e-07	-7.787925e-11	4.286219e+00	-6.220647e+00
1.980000e-06	6.650338e-07	-5.803079e-11	4.609497e+00	-4.549705e+00
1.990000e-06	7.116026e-07	-3.523805e-11	4.932275e+00	-2.859578e+00
2.000000e-06	7.580945e-07	-8.527314e-12	5.254521e+00	-1.152862e+00
2.010000e-06	8.044789e-07	2.236648e-11	5.576021e+00	5.677439e-01
2.020000e-06	8.508169e-07	5.216565e-11	5.897200e+00	2.299464e+00
2.030000e-06	8.970996e-07	7.660109e-11	6.217996e+00	4.039469e+00
2.040000e-06	9.433119e-07	9.804705e-11	6.538304e+00	5.784906e+00
2.050000e-06	9.895189e-07	1.193466e-10	6.858575e+00	7.532921e+00
2.060000e-06	1.035672e-06	1.405482e-10	7.178474e+00	9.280684e+00
2.070000e-06	1.081680e-06	1.636667e-10	7.497361e+00	1.102542e+01
2.080000e-06	1.127634e-06	1.911316e-10	7.815883e+00	1.276441e+01
2.090000e-06	1.173481e-06	2.195909e-10	8.133660e+00	1.449504e+01
2.100000e-06	1.219150e-06	2.450188e-10	8.450200e+00	1.621482e+01
2.110000e-06	1.264782e-06	2.680514e-10	8.766483e+00	1.792138e+01
2.120000e-06	1.310340e-06	2.895869e-10	9.082256e+00	1.961247e+01
2.130000e-06	1.355842e-06	3.099497e-10	9.397639e+00	2.128604e+01
2.140000e-06	1.401322e-06	3.307143e-10	9.712876e+00	2.294017e+01
2.150000e-06	1.446700e-06	3.541638e-10	1.002740e+01	2.457313e+01
2.160000e-06	1.492016e-06	3.793161e-10	1.034149e+01	2.618336e+01
2.170000e-06	1.537319e-06	4.020890e-10	1.065550e+01	2.776948e+01
2.180000e-06	1.582460e-06	4.233350e-10	1.096838e+01	2.933029e+01
2.190000e-06	1.627345e-06	4.447219e-10	1.127949e+01	3.086474e+01
2.200000e-06	1.672048e-06	4.653416e-10	1.158933e+01	3.237196e+01
2.210000e-06	1.716603e-06	4.844997e-10	1.189815e+01	3.385125e+01
2.220000e-06	1.761063e-06	5.024471e-10	1.220632e+01	3.530203e+01
2.230000e-06	1.805475e-06	5.194954e-10	1.251414e+01	3.672388e+01
2.240000e-06	1.849757e-06	5.365243e-10	1.282107e+01	3.811648e+01
2.250000e-06	1.893906e-06	5.547656e-10	1.312708e+01	3.947964e+01
2.260000e-06	1.937958e-06	5.746670e-10	1.343242e+01	4.081326e+01
2.270000e-06	1.981906e-06	5.938530e-10	1.373703e+01	4.211733e+01
2.280000e-06	2.025799e-06	6.115324e-10	1.404126e+01	4.339189e+01
2.290000e-06	2.069628e-06	6.283614e-10	1.434505e+01	4.463707e+01
2.300000e-06	2.113363e-06	6.441326e-10	1.464819e+01	4.585303e+01
2.310000e-06	2.157034e-06	6.587804e-10	1.495088e+01	4.703995e+01
2.320000e-06	2.200658e-06	6.738723e-10	1.525325e+01	4.819806e+01
2.330000e-06	2.244223e-06	6.900238e-10	1.555521e+01	4.932760e+01
2.340000e-06	2.287656e-06	7.074292e-10	1.585625e+01	5.042881e+01
2.350000e-06	2.330847e-06	7.250778e-10	1.615562e+01	5.150194e+01
2.360000e-06	2.373754e-06	7.397707e-10	1.645301e+01	5.254724e+01
2.370000e-06	2.416398e-06	7.506837e-10	1.674859e+01	5.356496e+01
2.380000e-06	2.458798e-06	7.620118e-10	1.704248e+01	5.455535e+01
2.390000e-06	2.500890e-06	7.737622e-10	1.733422e+01	5.551865e+01
2.400000e-06	2.542564e-06	7.862354e-10	1.762307e+01	5.645511e+01
2.410000e-06	2.583863e-06	8.020533e-10	1.790933e+01	5.736495e+01
2.420000e-06	2.624965e-06	8.172616e-10	1.819422e+01	5.824844e+01
2.430000e-06	2.665891e-06	8.313491e-10	1.847788e+01	5.910583e+01
2.440000e-06	2.706541e-06	8.429002e-10	1.875964e+01	5.993738e+01
2.450000e-06	2.746874e-06	8.541312e-10	1.903919e+01	6.074339e+01
2.460000e-06	2.786976e-06	8.643596e-10	1.931715e+01	6.152416e+01
2.470000e-06	2.826957e-06	8.751142e-10	1.959427e+01	6.228004e+01
2.480000e-06	2.866831e-06	8.839016e-10	1.987064e+01	6.301140e+01
2.490000e-06	2.906608e-06	8.931998e-10	2.014634e+01	6.371864e+01
2.500000e-06	2.946253e-06	9.044996e-10	2.042113e+01	6.440221e+01
2.510000e-06	2.985701e-06	9.153716e-10	2.069456e+01	6.506259e+01
2.520000e-06	3.025031e-06	9.273442e-10	2.096716e+01	6.570033e+01
2.530000e-06	3.064140e-06	9.394855e-10	2.123824e+01	6.631598e+01
2.540000e-06	3.103059e-06	9.490279e-10	2.150799e+01	6.691016e+01
2.550000e-06	3.141780e-06	9.529321e-10	2.177638e+01	6.748353e+01
2.560000e-06	3.180186e-06	9.546343e-10	2.204258e+01	6.803677e+01
2.570000e-06	3.218431e-06	9.568122e-10	2.230766e+01	6.857060e+01
2.580000e-06	3.256470e-06	9.599891e-10	2.257132e+01	6.908578e+01
2.590000e-06	3.294328e-06	9.681706e-10	2.283372e+01	6.958307e+01
2.600000e-06	3.332001e-06	9.795378e-10	2.309484e+01	7.006326e+01
2.610000e-06	3.369380e-06	9.914850e-10	2.335392e+01	7.052715e+01
2.620000e-06	3.406455e-06	1.003617e-09	2.361090e+01	7.097552e+01
2.630000e-06	3.443273e-06	1.009796e-09	2.386609e+01	7.140917e+01
2.640000e-06	3.479929e-06	1.012051e-09	2.412016e+01	7.182886e+01
2.650000e-06	3.516309e-06	1.013673e-09	2.437232e+01	7.223536e+01
2.660000e-06	3.552400e-06	1.019519e-09	2.462247e+01	7.262938e+01
2.670000e-06	3.588327e-06	1.026631e-09	2.487149e+01	7.301162e+01
2.680000e-06	3.624113e-06	1.034929e-09	2.511953e+01	7.338272e+01
2.690000e-06	3.659789e-06	1.044973e-09	2.536681e+01	7.374330e+01
2.700000e-06	3.695365e-06	1.052963e-09	2.561340e+01	7.409389e+01
2.710000e-06	3.730736e-06	1.057502e-09	2.585856e+01	7.443502e+01
2.720000e-06	3.765817e-06	1.062275e-09	2.610171e+01	7.476712e+01
2.730000e-06	3.800590e-06	1.066729e-09	2.634274e+01	7.509060e+01
2.740000e-06	3.834957e-06	1.071547e-09	2.658094e+01	7.540580e+01
2.750000e-06	3.868804e-06	1.076593e-09	2.681554e+01	7.571301e+01
2.760000e-06	3.902174e-06	1.081822e-09	2.704683e+01	7.601246e+01
2.770000e-06	3.935077e-06	1.087669e-09	2.727489e+01	7.630435e+01
2.780000e-06	3.967538e-06	1.093306e-09	2.749989e+01	7.658884e+01
2.790000e-06	3.999729e-06	1.100832e-09	2.772301e+01	7.686603e+01
2.800000e-06	4.031722e-06	1.106728e-09	2.794476e+01	7.713601e+01
2.810000e-06	4.063494e-06	1.111048e-09	2.816498e+01	7.739884e+01
2.820000e-06	4.095130e-06	1.112410e-09	2.838426e+01	7.765454e+01
2.830000e-06	4.126624e-06	1.114261e-09	2.860255e+01	7.790315e+01
2.840000e-06	4.157878e-06	1.119562e-09	2.881917e+01	7.814467e+01
2.850000e-06	4.188847e-06	1.129166e-09	2.903383e+01	7.837912e+01
2.860000e-06	4.219499e-06	1.138334e-09	2.924628e+01	7.860653e+01
2.870000e-06	4.249799e-06	1.144966e-09	2.945630e+01	7.882690e+01
2.880000e-06	4.279704e-06	1.147739e-09	2.966357e+01	7.904029e+01
2.890000e-06	4.309310e-06	1.148321e-09	2.986879e+01	7.924675e+01
2.900000e-06	4.338712e-06	1.150970e-09	3.007257e+01	7.944635e+01
2.910000e-06	4.367902e-06	1.150805e-09	3.027490e+01	7.963920e+01
2.920000e-06	4.396767e-06	1.151962e-09	3.047497e+01	7.982541e+01
2.930000e-06	4.425337e-06	1.158970e-09	3.067299e+01	8.000513e+01
2.940000e-06	4.453574e-06	1.168154e-09	3.086871e+01	8.017853e+01
2.950000e-06	4.481507e-06	1.173304e-09	3.106232e+01	8.034578e+01
2.960000e-06	4.509297e-06	1.172388e-09	3.125494e+01	8.050711e+01
2.970000e-06	4.536925e-06	1.171083e-09	3.144644e+01	8.066272e+01
2.980000e-06	4.564384e-06	1.170199e-09	3.163676e+01	8.081286e+01
2.990000e-06	4.591575e-06	1.171085e-09	3.182523e+01	8.095776e+01
3.000000e-06	4.618360e-06	1.174996e-09	3.201087e+01	8.109768e+01
3.010000e-06	4.644608e-06	1.179587e-09	3.219281e+01	8.123285e+01
3.020000e-06	4.670284e-06	1.183552e-09	3.237077e+01	8.136353e+01
3.030000e-06	4.695405e-06	1.183549e-09	3.254489e+01	8.148994e+01
3.040000e-06	4.720057e-06	1.183603e-09	3.271576e+01	8.161231e+01
3.050000e-06	4.744284e-06	1.185354e-09	3.288368e+01	8.173085e+01
3.060000e-06	4.768172e-06	1.187272e-09	3.304926e+01	8.184573e+01
3.070000e-06	4.791850e-06	1.189508e-09	3.321338e+01	8.195712e+01
3.080000e-06	4.815195e-06	1.191775e-09	3.337519e+01	8.206516e+01
3.090000e-06	4.838182e-06	1.194021e-09	3.353451e+01	8.216996e+01
3.100000e-06	4.860859e-06	1.197029e-09	3.369169e+01	8.227161e+01
3.110000e-06	4.883212e-06	1.198496e-09	3.384663e+01	8.237017e+01
3.120000e-06	4.905240e-06	1.198848e-09	3.399931e+01	8.246567e+01
3.130000e-06	4.926891e-06	1.200315e-09	3.414937e+01	8.255812e+01
3.140000e-06	4.948229e-06	1.203870e-09	3.429727e+01	8.264751e+01
3.150000e-06	4.969287e-06	1.208734e-09	3.444323e+01	8.273380e+01
3.160000e-06	4.989970e-06	1.211400e-09	3.458659e+01	8.281696e+01
3.170000e-06	5.010316e-06	1.211193e-09	3.472761e+01	8.289692e+01
3.180000e-06	5.030368e-06	1.208534e-09	3.486660e+01	8.297360e+01
3.190000e-06	5.050192e-06	1.206541e-09	3.500400e+01	8.304693e+01
3.200000e-06	5.069807e-06	1.208560e-09	3.513996e+01	8.311683e+01
3.210000e-06	5.089183e-06	1.213659e-09	3.527425e+01	8.318323e+01
3.220000e-06	5.108354e-06	1.218383e-09	3.540713e+01	8.324606e+01
3.230000e-06	5.127113e-06	1.221530e-09	3.553716e+01	8.330526e+01
3.240000e-06	5.145376e-06	1.223600e-09	3.566374e+01	8.336078e+01
3.250000e-06	5.163157e-06	1.226180e-09	3.578699e+01	8.341258e+01
3.260000e-06	5.180469e-06	1.228423e-09	3.590698e+01	8.346066e+01
3.270000e-06	5.197452e-06	1.229221e-09	3.602469e+01	8.350500e+01
3.280000e-06	5.214157e-06	1.228813e-09	3.614048e+01	8.354564e+01
3.290000e-06	5.230597e-06	1.229477e-09	3.625443e+01	8.358261e+01
3.300000e-06	5.246688e-06	1.231704e-09	3.636596e+01	8.361597e+01
3.310000e-06	5.262332e-06	1.234686e-09	3.647439e+01	8.364580e+01
3.320000e-06	5.277496e-06	1.236447e-09	3.657949e+01	8.367217e+01
3.330000e-06	5.292144e-06	1.236398e-09	3.668102e+01	8.369521e+01
3.340000e-06	5.306284e-06	1.237028e-09	3.677903e+01	8.371501e+01
3.350000e-06	5.320081e-06	1.238295e-09	3.687466e+01	8.373171e+01
3.360000e-06	5.333522e-06	1.238436e-09	3.696782e+01	8.374544e+01
3.370000e-06	5.346492e-06	1.238333e-09	3.705772e+01	8.375632e+01
3.380000e-06	5.359123e-06	1.238642e-09	3.714527e+01	8.376448e+01
3.390000e-06	5.371497e-06	1.240169e-09	3.723104e+01	8.377006e+01
3.400000e-06	5.383473e-06	1.242836e-09	3.731405e+01	8.377317e+01
3.410000e-06	5.395028e-06	1.246047e-09	3.739413e+01	8.377393e+01
3.420000e-06	5.406217e-06	1.250201e-09	3.747169e+01	8.377243e+01
3.430000e-06	5.416916e-06	1.253775e-09	3.754584e+01	8.376878e+01
3.440000e-06	5.426964e-06	1.255950e-09	3.761549e+01	8.376306e+01
3.450000e-06	5.436477e-06	1.256029e-09	3.768143e+01	8.375533e+01
3.460000e-06	5.445437e-06	1.255247e-09	3.774353e+01	8.374565e+01
3.470000e-06	5.453869e-06	1.253654e-09	3.780198e+01	8.373406e+01
3.480000e-06	5.461980e-06	1.252858e-09	3.785820e+01	8.372062e+01
3.490000e-06	5.469804e-06	1.252810e-09	3.791243e+01	8.370536e+01
3.500000e-06	5.477351e-06	1.253622e-09	3.796474e+01	8.368829e+01
3.510000e-06	5.484499e-06	1.254153e-09	3.801428e+01	8.366947e+01
3.520000e-06	5.491199e-06	1.253880e-09	3.806072e+01	8.364892e+01
3.530000e-06	5.497558e-06	1.254422e-09	3.810479e+01	8.362668e+01
3.540000e-06	5.503623e-06	1.254016e-09	3.814683e+01	8.360282e+01
3.550000e-06	5.509311e-06	1.254666e-09	3.818626e+01	8.357739e+01
3.560000e-06	5.514632e-06	1.257534e-09	3.822314e+01	8.355048e+01
3.570000e-06	5.519631e-06	1.260512e-09	3.825778e+01	8.352219e+01
3.580000e-06	5.524226e-06	1.263490e-09	3.828964e+01	8.349266e+01
3.590000e-06	5.528416e-06	1.264809e-09	3.831868e+01	8.346204e+01
3.600000e-06	5.532320e-06	1.264666e-09	3.834573e+01	8.343050e+01
3.610000e-06	5.535963e-06	1.262603e-09	3.837099e+01	8.339825e+01
3.620000e-06	5.539331e-06	1.260525e-09	3.839434e+01	8.336552e+01
3.630000e-06	5.542313e-06	1.260466e-09	3.841500e+01	8.333256e+01
3.640000e-06	5.544717e-06	1.260642e-09	3.843166e+01	8.329964e+01
3.650000e-06	5.546521e-06	1.261502e-09	3.844417e+01	8.326705e+01
3.660000e-06	5.547772e-06	1.263066e-09	3.845284e+01	8.323510e+01
3.670000e-06	5.548532e-06	1.266954e-09	3.845811e+01	8.320410e+01
3.680000e-06	5.548805e-06	1.270133e-09	3.846000e+01	8.317436e+01
3.690000e-06	5.548707e-06	1.270055e-09	3.845932e+01	8.314618e+01
3.700000e-06	5.548364e-06	1.269452e-09	3.845694e+01	8.311987e+01
3.710000e-06	5.547737e-06	1.268280e-09	3.845260e+01	8.309569e+01
3.720000e-06	5.546747e-06	1.267137e-09	3.844573e+01	8.307390e+01
3.730000e-06	5.545416e-06	1.268614e-09	3.843651e+01	8.305470e+01
3.740000e-06	5.543746e-06	1.271278e-09	3.842494e+01	8.303827e+01
3.750000e-06	5.541695e-06	1.268251e-09	3.841072e+01	8.302473e+01
3.760000e-06	5.539274e-06	1.237562e-09	3.839394e+01	8.301415e+01
3.770000e-06	5.536447e-06	1.239586e-09	3.837434e+01	8.300652e+01
3.780000e-06	5.533206e-06	1.342326e-09	3.835188e+01	8.300178e+01
3.790000e-06	5.529511e-06	1.332539e-09	3.832627e+01	8.299980e+01
3.800000e-06	5.525428e-06	1.212686e-09	3.829797e+01	8.300038e+01
3.810000e-06	5.521106e-06	1.246233e-09	3.826801e+01	8.300324e+01
3.820000e-06	5.516585e-06	1.331625e-09	3.823668e+01	8.300802e+01
3.830000e-06	5.511705e-06	1.366078e-09	3.820285e+01	8.301432e+01
3.840000e-06	5.506247e-06	1.214102e-09	3.816502e+01	8.302163e+01
3.850000e-06	5.500148e-06	1.168638e-09	3.812275e+01	8.302941e+01
3.860000e-06	5.493579e-06	1.341467e-09	3.807722e+01	8.303707e+01
3.870000e-06	5.486846e-06	1.370842e-09	3.803054e+01	8.304394e+01
3.880000e-06	5.479830e-06	1.184545e-09	3.798192e+01	8.304933e+01
3.890000e-06	5.472213e-06	1.100800e-09	3.792912e+01	8.305254e+01
3.900000e-06	5.464045e-06	1.321752e-09	3.787251e+01	8.305282e+01
3.910000e-06	5.455500e-06	1.357835e-09	3.781328e+01	8.304944e+01
3.920000e-06	5.446665e-06	1.173478e-09	3.775204e+01	8.304166e+01
3.930000e-06	5.437496e-06	1.115070e-09	3.768849e+01	8.302877e+01
3.940000e-06	5.427972e-06	1.309531e-09	3.762248e+01	8.301009e+01
3.950000e-06	5.418103e-06	1.316765e-09	3.755407e+01	8.298498e+01
3.960000e-06	5.407861e-06	1.177614e-09	3.748308e+01	8.295285e+01
3.970000e-06	5.397186e-06	1.194488e-09	3.740909e+01	8.291318e+01
3.980000e-06	5.386175e-06	1.315929e-09	3.733278e+01	8.286554e+01
3.990000e-06	5.374868e-06	1.276674e-09	3.725441e+01	8.280955e+01
4.000000e-06	5.363111e-06	1.187740e-09	3.717291e+01	8.274494e+01
4.010000e-06	5.350885e-06	1.230529e-09	3.708817e+01	8.267154e+01
4.020000e-06	5.338207e-06	1.298356e-09	3.700030e+01	8.258927e+01
4.030000e-06	5.325089e-06	1.282611e-09	3.690937e+01	8.249814e+01
4.040000e-06	5.311498e-06	1.214804e-09	3.681517e+01	8.239827e+01
4.050000e-06	5.297368e-06	1.231491e-09	3.671723e+01	8.228988e+01
4.060000e-06	5.282732e-06	1.293088e-09	3.661579e+01	8.217328e+01
4.070000e-06	5.267533e-06	1.280116e-09	3.651044e+01	8.204885e+01
4.080000e-06	5.251765e-06	1.156287e-09	3.640115e+01	8.191708e+01
4.090000e-06	5.235620e-06	1.197635e-09	3.628924e+01	8.177850e+01
4.100000e-06	5.219229e-06	1.322626e-09	3.617563e+01	8.163372e+01
4.110000e-06	5.202573e-06	1.244257e-09	3.606019e+01	8.148340e+01
4.120000e-06	5.185545e-06	1.112441e-09	3.594216e+01	8.132821e+01
4.130000e-06	5.168177e-06	1.266309e-09	3.582178e+01	8.116888e+01
4.140000e-06	5.150491e-06	1.312022e-09	3.569920e+01	8.100612e+01
4.150000e-06	5.132417e-06	1.111767e-09	3.557392e+01	8.084066e+01
4.160000e-06	5.113957e-06	1.147286e-09	3.544597e+01	8.067319e+01
4.170000e-06	5.095168e-06	1.345782e-09	3.531574e+01	8.050439e+01
4.180000e-06	5.076044e-06	1.190427e-09	3.518318e+01	8.033491e+01
4.190000e-06	5.056596e-06	1.087135e-09	3.504839e+01	8.016531e+01
4.200000e-06	5.036836e-06	1.307983e-09	3.491143e+01	7.999613e+01
4.210000e-06	5.016802e-06	1.283816e-09	3.477257e+01	7.982783e+01
4.220000e-06	4.996586e-06	1.072660e-09	3.463244e+01	7.966079e+01
4.230000e-06	4.976136e-06	1.216890e-09	3.449070e+01	7.949531e+01
4.240000e-06	4.955381e-06	1.317302e-09	3.434684e+01	7.933162e+01
4.250000e-06	4.934150e-06	1.110682e-09	3.419969e+01	7.916985e+01
4.260000e-06	4.912332e-06	1.152490e-09	3.404846e+01	7.901008e+01
4.270000e-06	4.889955e-06	1.330985e-09	3.389336e+01	7.885226e+01
4.280000e-06	4.866942e-06	1.192983e-09	3.373385e+01	7.869632e+01
4.290000e-06	4.843500e-06	1.121673e-09	3.357137e+01	7.854208e+01
4.300000e-06	4.819807e-06	1.289631e-09	3.340715e+01	7.838932e+01
4.310000e-06	4.795835e-06	1.241753e-09	3.324100e+01	7.823774e+01
4.320000e-06	4.771580e-06	1.119734e-09	3.307288e+01	7.808704e+01
4.330000e-06	4.747005e-06	1.214293e-09	3.290255e+01	7.793683e+01
4.340000e-06	4.722112e-06	1.246758e-09	3.273001e+01	7.778673e+01
4.350000e-06	4.696924e-06	1.148577e-09	3.255542e+01	7.763634e+01
4.360000e-06	4.671426e-06	1.191063e-09	3.237869e+01	7.748525e+01
4.370000e-06	4.645544e-06	1.242589e-09	3.219930e+01	7.733305e+01
4.380000e-06	4.619284e-06	1.180296e-09	3.201728e+01	7.717936e+01
4.390000e-06	4.592828e-06	1.164534e-09	3.183391e+01	7.702380e+01
4.400000e-06	4.566127e-06	1.209514e-09	3.164884e+01	7.686605e+01
4.410000e-06	4.539060e-06	1.185592e-09	3.146123e+01	7.670581e+01
4.420000e-06	4.511636e-06	1.161604e-09	3.127115e+01	7.654282e+01
4.430000e-06	4.483938e-06	1.182444e-09	3.107917e+01	7.637687e+01
4.440000e-06	4.456045e-06	1.192512e-09	3.088583e+01	7.620781e+01
4.450000e-06	4.427974e-06	1.174757e-09	3.069127e+01	7.603552e+01
4.460000e-06	4.399793e-06	1.178003e-09	3.049594e+01	7.585994e+01
4.470000e-06	4.371306e-06	1.182605e-09	3.029849e+01	7.568105e+01
4.480000e-06	4.342346e-06	1.170819e-09	3.009776e+01	7.549888e+01
4.490000e-06	4.312947e-06	1.164328e-09	2.989399e+01	7.531349e+01
4.500000e-06	4.283049e-06	1.174644e-09	2.968676e+01	7.512498e+01
4.510000e-06	4.252616e-06	1.168729e-09	2.947582e+01	7.493346e+01
4.520000e-06	4.221763e-06	1.162827e-09	2.926198e+01	7.473908e+01
4.530000e-06	4.190546e-06	1.170667e-09	2.904560e+01	7.454199e+01
4.540000e-06	4.158987e-06	1.161835e-09	2.882686e+01	7.434232e+01
4.550000e-06	4.127124e-06	1.150033e-09	2.860601e+01	7.414023e+01
4.560000e-06	4.095042e-06	1.162749e-09	2.838365e+01	7.393585e+01
4.570000e-06	4.062779e-06	1.162089e-09	2.816003e+01	7.372927e+01
4.580000e-06	4.030328e-06	1.147644e-09	2.793510e+01	7.352060e+01
4.590000e-06	3.997645e-06	1.159652e-09	2.770856e+01	7.330986e+01
4.600000e-06	3.964704e-06	1.165883e-09	2.748024e+01	7.309708e+01
4.610000e-06	3.931542e-06	1.151051e-09	2.725039e+01	7.288222e+01
4.620000e-06	3.898073e-06	1.149667e-09	2.701841e+01	7.266522e+01
4.630000e-06	3.864288e-06	1.157401e-09	2.678424e+01	7.244594e+01
4.640000e-06	3.830239e-06	1.141738e-09	2.654823e+01	7.222425e+01
4.650000e-06	3.795873e-06	1.135614e-09	2.631004e+01	7.199992e+01
4.660000e-06	3.761224e-06	1.147483e-09	2.606988e+01	7.177274e+01
4.670000e-06	3.726338e-06	1.146391e-09	2.582807e+01	7.154243e+01
4.680000e-06	3.691228e-06	1.133175e-09	2.558472e+01	7.130869e+01
4.690000e-06	3.655852e-06	1.140784e-09	2.533952e+01	7.107121e+01
4.700000e-06	3.620173e-06	1.146155e-09	2.509223e+01	7.082967e+01
4.710000e-06	3.584305e-06	1.132311e-09	2.484361e+01	7.058374e+01
4.720000e-06	3.548332e-06	1.124344e-09	2.459428e+01	7.033309e+01
4.730000e-06	3.512261e-06	1.130984e-09	2.434426e+01	7.007741e+01
4.740000e-06	3.476009e-06	1.122216e-09	2.409299e+01	6.981642e+01
4.750000e-06	3.439560e-06	1.111734e-09	2.384035e+01	6.954985e+01
4.760000e-06	3.402925e-06	1.114761e-09	2.358643e+01	6.927748e+01
4.770000e-06	3.366054e-06	1.114290e-09	2.333087e+01	6.899913e+01
4.780000e-06	3.328911e-06	1.103919e-09	2.307342e+01	6.871468e+01
4.790000e-06	3.291331e-06	1.102567e-09	2.281295e+01	6.842406e+01
4.800000e-06	3.253238e-06	1.102397e-09	2.254891e+01	6.812724e+01
4.810000e-06	3.214801e-06	1.092213e-09	2.228250e+01	6.782428e+01
4.820000e-06	3.175983e-06	1.086441e-09	2.201344e+01	6.751527e+01
4.830000e-06	3.136782e-06	1.087301e-09	2.174173e+01	6.720036e+01
4.840000e-06	3.097303e-06	1.079323e-09	2.146810e+01	6.687978e+01
4.850000e-06	3.057644e-06	1.070207e-09	2.119321e+01	6.655378e+01
4.860000e-06	3.017851e-06	1.069908e-09	2.091740e+01	6.622266e+01
4.870000e-06	2.977884e-06	1.065882e-09	2.064037e+01	6.588678e+01
4.880000e-06	2.937735e-06	1.057538e-09	2.036209e+01	6.554649e+01
4.890000e-06	2.897423e-06	1.055105e-09	2.008268e+01	6.520219e+01
4.900000e-06	2.857076e-06	1.054277e-09	1.980303e+01	6.485426e+01
4.910000e-06	2.816635e-06	1.047091e-09	1.952272e+01	6.450311e+01
4.920000e-06	2.775955e-06	1.042243e-09	1.924076e+01	6.414910e+01
4.930000e-06	2.735010e-06	1.038269e-09	1.895696e+01	6.379260e+01
4.940000e-06	2.693877e-06	1.030043e-09	1.867186e+01	6.343392e+01
4.950000e-06	2.652559e-06	1.019354e-09	1.838548e+01	6.307334e+01
4.960000e-06	2.611014e-06	1.015229e-09	1.809752e+01	6.271109e+01
4.970000e-06	2.569269e-06	1.013199e-09	1.780818e+01	6.234733e+01
4.980000e-06	2.527359e-06	1.010100e-09	1.751769e+01	6.198215e+01
4.990000e-06	2.485349e-06	1.008944e-09	1.722650e+01	6.161557e+01
5.000000e-06	2.443245e-06	1.007632e-09	1.693467e+01	6.124754e+01
5.010000e-06	2.400997e-06	9.985438e-10	1.664184e+01	6.087793e+01
5.020000e-06	2.358605e-06	9.869887e-10	1.634802e+01	6.050652e+01
5.030000e-06	2.316019e-06	9.773814e-10	1.605284e+01	6.013301e+01
5.040000e-06	2.273212e-06	9.697388e-10	1.575614e+01	5.975705e+01
5.050000e-06	2.230233e-06	9.627322e-10	1.545824e+01	5.937819e+01
5.060000e-06	2.187073e-06	9.594194e-10	1.515909e+01	5.899592e+01
5.070000e-06	2.143773e-06	9.554143e-10	1.485897e+01	5.860970e+01
5.080000e-06	2.100300e-06	9.500024e-10	1.455764e+01	5.821890e+01
5.090000e-06	2.056647e-06	9.444335e-10	1.425508e+01	5.782288e+01
5.100000e-06	2.012931e-06	9.382590e-10	1.395207e+01	5.742096e+01
5.110000e-06	1.969124e-06	9.316767e-10	1.364843e+01	5.701244e+01
5.120000e-06	1.925188e-06	9.244506e-10	1.334390e+01	5.659660e+01
5.130000e-06	1.881161e-06	9.173130e-10	1.303875e+01	5.617274e+01
5.140000e-06	1.837078e-06	9.100211e-10	1.273320e+01	5.574017e+01
5.150000e-06	1.792918e-06	9.031617e-10	1.242711e+01	5.529820e+01
5.160000e-06	1.748657e-06	8.959441e-10	1.212033e+01	5.484617e+01
5.170000e-06	1.704330e-06	8.890846e-10	1.181309e+01	5.438348e+01
5.180000e-06	1.659983e-06	8.801197e-10	1.150571e+01	5.390955e+01
5.190000e-06	1.615563e-06	8.699526e-10	1.119782e+01	5.342383e+01
5.200000e-06	1.571010e-06	8.604733e-10	1.088902e+01	5.292585e+01
5.210000e-06	1.526349e-06	8.503448e-10	1.057947e+01	5.241515e+01
5.220000e-06	1.481621e-06	8.418582e-10	1.026944e+01	5.189134e+01
5.230000e-06	1.436833e-06	8.369441e-10	9.959007e+00	5.135406e+01
5.240000e-06	1.391964e-06	8.309161e-10	9.648013e+00	5.080299e+01
5.250000e-06	1.346974e-06	8.252753e-10	9.336179e+00	5.023783e+01
5.260000e-06	1.301916e-06	8.184377e-10	9.023872e+00	4.965831e+01
5.270000e-06	1.256757e-06	8.084933e-10	8.710862e+00	4.906418e+01
5.280000e-06	1.211409e-06	7.974340e-10	8.396545e+00	4.845519e+01
5.290000e-06	1.165937e-06	7.869650e-10	8.081368e+00	4.783107e+01
5.300000e-06	1.120340e-06	7.783666e-10	7.765327e+00	4.719154e+01
5.310000e-06	1.074582e-06	7.716111e-10	7.448165e+00	4.653630e+01
5.320000e-06	1.028713e-06	7.639939e-10	7.130237e+00	4.586500e+01
5.330000e-06	9.828175e-07	7.521782e-10	6.812126e+00	4.517723e+01
5.340000e-06	9.367906e-07	7.396255e-10	6.493104e+00	4.447255e+01
5.350000e-06	8.906710e-07	7.262662e-10	6.173439e+00	4.375044e+01
5.360000e-06	8.445618e-07	7.121797e-10	5.853845e+00	4.301028e+01
5.370000e-06	7.984708e-07	7.019610e-10	5.534378e+00	4.225143e+01
5.380000e-06	7.523734e-07	6.957622e-10	5.214867e+00	4.147311e+01
5.390000e-06	7.061605e-07	6.901117e-10	4.894555e+00	4.067452e+01
5.400000e-06	6.597802e-07	6.805314e-10	4.573083e+00	3.985472e+01
5.410000e-06	6.132806e-07	6.657885e-10	4.250784e+00	3.901276e+01
5.420000e-06	5.668131e-07	6.466553e-10	3.928707e+00	3.814759e+01
5.430000e-06	5.203988e-07	6.260481e-10	3.607000e+00	3.725811e+01
5.440000e-06	4.738907e-07	6.080089e-10	3.284642e+00	3.634317e+01
5.450000e-06	4.272528e-07	5.939705e-10	2.961384e+00	3.540161e+01
5.460000e-06	3.805718e-07	5.836381e-10	2.637828e+00	3.443225e+01
5.470000e-06	3.339410e-07	5.744444e-10	2.314619e+00	3.343391e+01
5.480000e-06	2.873133e-07	5.620518e-10	1.991432e+00	3.240543e+01
5.490000e-06	2.406430e-07	5.440341e-10	1.667950e+00	3.134571e+01
5.500000e-06	1.939642e-07	5.216666e-10	1.344409e+00	3.025371e+01
5.510000e-06	1.473127e-07	4.977057e-10	1.021057e+00	2.912847e+01
5.520000e-06	1.006988e-07	4.761146e-10	6.979656e-01	2.796914e+01
5.530000e-06	5.404777e-08	4.581307e-10	3.746171e-01	2.677502e+01
5.540000e-06	7.303249e-09	4.403242e-10	5.062044e-02	2.554553e+01
5.550000e-06	-3.940188e-08	4.238278e-10	-2.731031e-01	2.428026e+01
5.560000e-06	-8.603233e-08	4.082591e-10	-5.963092e-01	2.297902e+01
5.570000e-06	-1.327469e-07	3.899151e-10	-9.200979e-01	2.164178e+01
5.580000e-06	-1.794950e-07	3.665961e-10	-1.244120e+00	2.026873e+01
5.590000e-06	-2.261806e-07	3.412876e-10	-1.567708e+00	1.886029e+01
5.600000e-06	-2.727515e-07	3.173222e-10	-1.890501e+00	1.741710e+01
5.610000e-06	-3.192147e-07	2.918751e-10	-2.212548e+00	1.594004e+01
5.620000e-06	-3.656619e-07	2.655850e-10	-2.534484e+00	1.443022e+01
5.630000e-06	-4.121414e-07	2.398400e-10	-2.856643e+00	1.288896e+01
5.640000e-06	-4.586499e-07	2.141145e-10	-3.179004e+00	1.131783e+01
5.650000e-06	-5.051773e-07	1.861210e-10	-3.501496e+00	9.718597e+00
5.660000e-06	-5.516223e-07	1.579224e-10	-3.823417e+00	8.093224e+00
5.670000e-06	-5.979791e-07	1.311029e-10	-4.144726e+00	6.443871e+00
5.680000e-06	-6.443346e-07	1.024783e-10	-4.466026e+00	4.772861e+00
5.690000e-06	-6.906614e-07	7.234129e-11	-4.787128e+00	3.082666e+00
5.700000e-06	-7.369127e-07	4.313164e-11	-5.107705e+00	1.375881e+00
5.710000e-06	-7.831358e-07	1.659535e-11	-5.428088e+00	-3.447927e-01
5.720000e-06	-8.293428e-07	-7.814409e-12	-5.748359e+00	-2.076581e+00
5.730000e-06	-8.754304e-07	-3.302804e-11	-6.067802e+00	-3.816654e+00
5.740000e-06	-9.214476e-07	-6.191196e-11	-6.386758e+00	-5.562160e+00
5.750000e-06	-9.673373e-07	-9.332310e-11	-6.704829e+00	-7.310243e+00
5.760000e-06	-1.013090e-06	-1.255418e-10	-7.021954e+00	-9.058074e+00
5.770000e-06	-1.058897e-06	-1.569777e-10	-7.339454e+00	-1.080287e+01
5.780000e-06	-1.104614e-06	-1.860535e-10	-7.656321e+00	-1.254193e+01
5.790000e-06	-1.150161e-06	-2.135760e-10	-7.972022e+00	-1.427264e+01
5.800000e-06	-1.195626e-06	-2.411302e-10	-8.287152e+00	-1.599249e+01
5.810000e-06	-1.240898e-06	-2.681109e-10	-8.600941e+00	-1.769911e+01
5.820000e-06	-1.285916e-06	-2.956651e-10	-8.912968e+00	-1.939027e+01
5.830000e-06	-1.330884e-06	-3.267271e-10	-9.224649e+00	-2.106391e+01
5.840000e-06	-1.375851e-06	-3.596957e-10	-9.536329e+00	-2.271810e+01
5.850000e-06	-1.420675e-06	-3.905943e-10	-9.847016e+00	-2.435113e+01
5.860000e-06	-1.465402e-06	-4.175076e-10	-1.015702e+01	-2.596143e+01
5.870000e-06	-1.510044e-06	-4.407178e-10	-1.046645e+01	-2.754762e+01
5.880000e-06	-1.554558e-06	-4.630167e-10	-1.077499e+01	-2.910850e+01
5.890000e-06	-1.598968e-06	-4.858139e-10	-1.108280e+01	-3.064302e+01
5.900000e-06	-1.643267e-06	-5.098139e-10	-1.138985e+01	-3.215031e+01
5.910000e-06	-1.687499e-06	-5.365787e-10	-1.169643e+01	-3.362967e+01
5.920000e-06	-1.731736e-06	-5.645352e-10	-1.200305e+01	-3.508051e+01
5.930000e-06	-1.775930e-06	-5.913874e-10	-1.230937e+01	-3.650243e+01
5.940000e-06	-1.820061e-06	-6.173206e-10	-1.261525e+01	-3.789510e+01
5.950000e-06	-1.864145e-06	-6.399459e-10	-1.292080e+01	-3.925833e+01
5.960000e-06	-1.908165e-06	-6.604100e-10	-1.322592e+01	-4.059202e+01
5.970000e-06	-1.952071e-06	-6.803199e-10	-1.353023e+01	-4.189615e+01
5.980000e-06	-1.995851e-06	-6.999004e-10	-1.383369e+01	-4.317078e+01
5.990000e-06	-2.039557e-06	-7.207305e-10	-1.413662e+01	-4.441603e+01
6.000000e-06	-2.083177e-06	-7.409336e-10	-1.443896e+01	-4.563206e+01
6.010000e-06	-2.126664e-06	-7.593519e-10	-1.474038e+01	-4.681905e+01
6.020000e-06	-2.169947e-06	-7.771563e-10	-1.504038e+01	-4.797723e+01
6.030000e-06	-2.213083e-06	-7.955164e-10	-1.533937e+01	-4.910683e+01
6.040000e-06	-2.256059e-06	-8.140979e-10	-1.563725e+01	-5.020811e+01
6.050000e-06	-2.298797e-06	-8.325326e-10	-1.593347e+01	-5.128130e+01
6.060000e-06	-2.341361e-06	-8.491990e-10	-1.622850e+01	-5.232667e+01
6.070000e-06	-2.383760e-06	-8.644938e-10	-1.652237e+01	-5.334447e+01
6.080000e-06	-2.425988e-06	-8.789064e-10	-1.681506e+01	-5.433493e+01
6.090000e-06	-2.468068e-06	-8.923812e-10	-1.710673e+01	-5.529829e+01
6.100000e-06	-2.510023e-06	-9.075002e-10	-1.739753e+01	-5.623481e+01
6.110000e-06	-2.551836e-06	-9.239769e-10	-1.768734e+01	-5.714473e+01
6.120000e-06	-2.593448e-06	-9.407816e-10	-1.797576e+01	-5.802829e+01
6.130000e-06	-2.634818e-06	-9.570461e-10	-1.826251e+01	-5.888574e+01
6.140000e-06	-2.675941e-06	-9.709989e-10	-1.854754e+01	-5.971736e+01
6.150000e-06	-2.716844e-06	-9.819252e-10	-1.883105e+01	-6.052344e+01
6.160000e-06	-2.757617e-06	-9.912864e-10	-1.911365e+01	-6.130428e+01
6.170000e-06	-2.798294e-06	-1.000811e-09	-1.939559e+01	-6.206023e+01
6.180000e-06	-2.838799e-06	-1.010695e-09	-1.967634e+01	-6.279165e+01
6.190000e-06	-2.879098e-06	-1.022343e-09	-1.995567e+01	-6.349896e+01
6.200000e-06	-2.919281e-06	-1.034289e-09	-2.023418e+01	-6.418260e+01
6.210000e-06	-2.959390e-06	-1.043043e-09	-2.051219e+01	-6.484305e+01
6.220000e-06	-2.999360e-06	-1.050462e-09	-2.078923e+01	-6.548086e+01
6.230000e-06	-3.039132e-06	-1.059562e-09	-2.106490e+01	-6.609658e+01
6.240000e-06	-3.078671e-06	-1.071115e-09	-2.133895e+01	-6.669083e+01
6.250000e-06	-3.117998e-06	-1.085167e-09	-2.161153e+01	-6.726426e+01
6.260000e-06	-3.157123e-06	-1.099247e-09	-2.188272e+01	-6.781757e+01
6.270000e-06	-3.195892e-06	-1.108669e-09	-2.215143e+01	-6.835147e+01
6.280000e-06	-3.234200e-06	-1.114252e-09	-2.241696e+01	-6.886672e+01
6.290000e-06	-3.272164e-06	-1.120166e-09	-2.268010e+01	-6.936408e+01
6.300000e-06	-3.309761e-06	-1.126474e-09	-2.294068e+01	-6.984434e+01
6.310000e-06	-3.346896e-06	-1.133387e-09	-2.319808e+01	-7.030829e+01
6.320000e-06	-3.383678e-06	-1.142893e-09	-2.345302e+01	-7.075673e+01
6.330000e-06	-3.420251e-06	-1.152893e-09	-2.370652e+01	-7.119045e+01
6.340000e-06	-3.456618e-06	-1.160582e-09	-2.395859e+01	-7.161021e+01
6.350000e-06	-3.492803e-06	-1.167263e-09	-2.420940e+01	-7.201678e+01
6.360000e-06	-3.528854e-06	-1.171760e-09	-2.445927e+01	-7.241087e+01
6.370000e-06	-3.564766e-06	-1.173248e-09	-2.470819e+01	-7.279317e+01
6.380000e-06	-3.600530e-06	-1.174098e-09	-2.495608e+01	-7.316434e+01
6.390000e-06	-3.636093e-06	-1.179610e-09	-2.520257e+01	-7.352498e+01
6.400000e-06	-3.671401e-06	-1.188386e-09	-2.544729e+01	-7.387565e+01
6.410000e-06	-3.706452e-06	-1.198891e-09	-2.569024e+01	-7.421684e+01
6.420000e-06	-3.741193e-06	-1.209189e-09	-2.593104e+01	-7.454902e+01
6.430000e-06	-3.775633e-06	-1.218386e-09	-2.616975e+01	-7.487256e+01
6.440000e-06	-3.809833e-06	-1.222523e-09	-2.640680e+01	-7.518783e+01
6.450000e-06	-3.843734e-06	-1.223770e-09	-2.664177e+01	-7.549510e+01
6.460000e-06	-3.877424e-06	-1.223896e-09	-2.687529e+01	-7.579463e+01
6.470000e-06	-3.910881e-06	-1.222426e-09	-2.710718e+01	-7.608659e+01
6.480000e-06	-3.943970e-06	-1.227079e-09	-2.733653e+01	-7.637114e+01
6.490000e-06	-3.976714e-06	-1.237278e-09	-2.756349e+01	-7.664840e+01
6.500000e-06	-4.009231e-06	-1.245965e-09	-2.778887e+01	-7.691845e+01
6.510000e-06	-4.041561e-06	-1.251060e-09	-2.801296e+01	-7.718134e+01
6.520000e-06	-4.073661e-06	-1.253624e-09	-2.823545e+01	-7.743712e+01
6.530000e-06	-4.105586e-06	-1.252835e-09	-2.845673e+01	-7.768579e+01
6.540000e-06	-4.137359e-06	-1.251255e-09	-2.867695e+01	-7.792738e+01
6.550000e-06	-4.168829e-06	-1.252360e-09	-2.889508e+01	-7.816190e+01
6.560000e-06	-4.199883e-06	-1.256638e-09	-2.911032e+01	-7.838937e+01
6.570000e-06	-4.230548e-06	-1.263320e-09	-2.932287e+01	-7.860982e+01
6.580000e-06	-4.260735e-06	-1.271834e-09	-2.953210e+01	-7.882327e+01
6.590000e-06	-4.290365e-06	-1.278112e-09	-2.973747e+01	-7.902980e+01
6.600000e-06	-4.319504e-06	-1.282051e-09	-2.993944e+01	-7.922947e+01
6.610000e-06	-4.348199e-06	-1.281673e-09	-3.013833e+01	-7.942239e+01
6.620000e-06	-4.376562e-06	-1.278773e-09	-3.033492e+01	-7.960867e+01
6.630000e-06	-4.404757e-06	-1.275883e-09	-3.053035e+01	-7.978846e+01
6.640000e-06	-4.432842e-06	-1.276625e-09	-3.072501e+01	-7.996192e+01
6.650000e-06	-4.460773e-06	-1.279925e-09	-3.091861e+01	-8.012925e+01
6.660000e-06	-4.488507e-06	-1.285126e-09	-3.111084e+01	-8.029064e+01
6.670000e-06	-4.515896e-06	-1.291257e-09	-3.130068e+01	-8.044632e+01
6.680000e-06	-4.542840e-06	-1.294796e-09	-3.148743e+01	-8.059653e+01
6.690000e-06	-4.569431e-06	-1.293754e-09	-3.167174e+01	-8.074150e+01
6.700000e-06	-4.595718e-06	-1.288820e-09	-3.185394e+01	-8.088148e+01
6.710000e-06	-4.621633e-06	-1.283434e-09	-3.203356e+01	-8.101672e+01
6.720000e-06	-4.647229e-06	-1.280154e-09	-3.221098e+01	-8.114747e+01
6.730000e-06	-4.672592e-06	-1.281964e-09	-3.238677e+01	-8.127395e+01
6.740000e-06	-4.697582e-06	-1.288219e-09	-3.255998e+01	-8.139639e+01
6.750000e-06	-4.722196e-06	-1.296018e-09	-3.273059e+01	-8.151499e+01
6.760000e-06	-4.746579e-06	-1.301751e-09	-3.289959e+01	-8.162994e+01
6.770000e-06	-4.770780e-06	-1.303168e-09	-3.306734e+01	-8.174140e+01
6.780000e-06	-4.794777e-06	-1.299988e-09	-3.323366e+01	-8.184951e+01
6.790000e-06	-4.818475e-06	-1.295675e-09	-3.339792e+01	-8.195438e+01
6.800000e-06	-4.841774e-06	-1.291503e-09	-3.355941e+01	-8.205609e+01
6.810000e-06	-4.864711e-06	-1.288016e-09	-3.371839e+01	-8.215472e+01
6.820000e-06	-4.887230e-06	-1.287729e-09	-3.387448e+01	-8.225029e+01
6.830000e-06	-4.909206e-06	-1.292196e-09	-3.402680e+01	-8.234281e+01
6.840000e-06	-4.930628e-06	-1.299554e-09	-3.417527e+01	-8.243226e+01
6.850000e-06	-4.951540e-06	-1.305131e-09	-3.432022e+01	-8.251863e+01
6.860000e-06	-4.972060e-06	-1.306172e-09	-3.446245e+01	-8.260186e+01
6.870000e-06	-4.992309e-06	-1.304795e-09	-3.460280e+01	-8.268188e+01
6.880000e-06	-5.012374e-06	-1.302239e-09	-3.474187e+01	-8.275863e+01
6.890000e-06	-5.032222e-06	-1.300762e-09	-3.487944e+01	-8.283203e+01
6.900000e-06	-5.051727e-06	-1.300569e-09	-3.501464e+01	-8.290200e+01
6.910000e-06	-5.070873e-06	-1.301571e-09	-3.514734e+01	-8.296847e+01
6.920000e-06	-5.089643e-06	-1.305080e-09	-3.527745e+01	-8.303137e+01
6.930000e-06	-5.108058e-06	-1.308069e-09	-3.540508e+01	-8.309063e+01
6.940000e-06	-5.126183e-06	-1.307148e-09	-3.553071e+01	-8.314622e+01
6.950000e-06	-5.144046e-06	-1.305223e-09	-3.565452e+01	-8.319809e+01
6.960000e-06	-5.161574e-06	-1.304773e-09	-3.577601e+01	-8.324623e+01
6.970000e-06	-5.178663e-06	-1.304236e-09	-3.589446e+01	-8.329065e+01
6.980000e-06	-5.195343e-06	-1.304337e-09	-3.601007e+01	-8.333136e+01
6.990000e-06	-5.211753e-06	-1.305671e-09	-3.612382e+01	-8.336840e+01
7.000000e-06	-5.227970e-06	-1.305114e-09	-3.623622e+01	-8.340182e+01
7.010000e-06	-5.243866e-06	-1.301419e-09	-3.634640e+01	-8.343171e+01
7.020000e-06	-5.259434e-06	-1.300573e-09	-3.645431e+01	-8.345816e+01
7.030000e-06	-5.274535e-06	-1.303247e-09	-3.655897e+01	-8.348126e+01
7.040000e-06	-5.288966e-06	-1.304187e-09	-3.665900e+01	-8.350113e+01
7.050000e-06	-5.302745e-06	-1.303907e-09	-3.675450e+01	-8.351790e+01
7.060000e-06	-5.315912e-06	-1.304475e-09	-3.684577e+01	-8.353170e+01
7.070000e-06	-5.328597e-06	-1.303050e-09	-3.693369e+01	-8.354264e+01
7.080000e-06	-5.340864e-06	-1.298430e-09	-3.701871e+01	-8.355088e+01
7.090000e-06	-5.352762e-06	-1.294444e-09	-3.710118e+01	-8.355652e+01
7.100000e-06	-5.364400e-06	-1.292253e-09	-3.718184e+01	-8.355970e+01
7.110000e-06	-5.375710e-06	-1.292136e-09	-3.726024e+01	-8.356053e+01
7.120000e-06	-5.386573e-06	-1.292739e-09	-3.733553e+01	-8.355910e+01
7.130000e-06	-5.397034e-06	-1.293677e-09	-3.740804e+01	-8.355552e+01
7.140000e-06	-5.407157e-06	-1.291741e-09	-3.747820e+01	-8.354986e+01
7.150000e-06	-5.416890e-06	-1.287919e-09	-3.754567e+01	-8.354220e+01
7.160000e-06	-5.426237e-06	-1.286271e-09	-3.761045e+01	-8.353259e+01
7.170000e-06	-5.435177e-06	-1.284306e-09	-3.767242e+01	-8.352107e+01
7.180000e-06	-5.443727e-06	-1.280753e-09	-3.773168e+01	-8.350770e+01
7.190000e-06	-5.452027e-06	-1.279131e-09	-3.778921e+01	-8.349250e+01
7.200000e-06	-5.460145e-06	-1.280965e-09	-3.784548e+01	-8.347551e+01
7.210000e-06	-5.467998e-06	-1.282013e-09	-3.789991e+01	-8.345675e+01
7.220000e-06	-5.475501e-06	-1.279837e-09	-3.795192e+01	-8.343627e+01
7.230000e-06	-5.482543e-06	-1.275138e-09	-3.800072e+01	-8.341410e+01
7.240000e-06	-5.488994e-06	-1.269266e-09	-3.804543e+01	-8.339030e+01
7.250000e-06	-5.494764e-06	-1.265436e-09	-3.808543e+01	-8.336494e+01
7.260000e-06	-5.499939e-06	-1.264308e-09	-3.812129e+01	-8.333810e+01
7.270000e-06	-5.504750e-06	-1.263560e-09	-3.815464e+01	-8.330988e+01
7.280000e-06	-5.509200e-06	-1.264301e-09	-3.818549e+01	-8.328042e+01
7.290000e-06	-5.513390e-06	-1.265208e-09	-3.821453e+01	-8.324987e+01
7.300000e-06	-5.517321e-06	-1.265649e-09	-3.824177e+01	-8.321840e+01
7.310000e-06	-5.520858e-06	-1.263072e-09	-3.826629e+01	-8.318621e+01
7.320000e-06	-5.524077e-06	-1.258393e-09	-3.828861e+01	-8.315355e+01
7.330000e-06	-5.526866e-06	-1.254955e-09	-3.830793e+01	-8.312066e+01
7.340000e-06	-5.529229e-06	-1.251856e-09	-3.832431e+01	-8.308781e+01
7.350000e-06	-5.531368e-06	-1.248570e-09	-3.833914e+01	-8.305529e+01
7.360000e-06	-5.533143e-06	-1.247446e-09	-3.835144e+01	-8.302341e+01
7.370000e-06	-5.534388e-06	-1.248093e-09	-3.836007e+01	-8.299247e+01
7.380000e-06	-5.535314e-06	-1.246056e-09	-3.836649e+01	-8.296280e+01
7.390000e-06	-5.535974e-06	-1.241802e-09	-3.837107e+01	-8.293469e+01
7.400000e-06	-5.536310e-06	-1.237239e-09	-3.837339e+01	-8.290844e+01
