# Temperatura_=_9.6
# Concentracion g/m^3_=_1620.0
# C_Vs_to_Am_M_A/Vsm_=_65563218390.804596
# pendiente_HvsI_1/m_=_3716.3
# ordenada_HvsI_A/m_=_1297.0
# frecuencia_Hz_=_135105.07803977616

Tiempo_(s)	Campo_(V.s)	Magnetizacion_(V.s)	Campo_(kA/m)	Magnetizacion_(A/m)
0.000000e+00	-5.530324e-06	-1.330098e-09	-3.837710e+01	-8.912629e+01
1.000000e-08	-5.530430e-06	-1.327825e-09	-3.837783e+01	-8.909845e+01
2.000000e-08	-5.530312e-06	-1.326447e-09	-3.837701e+01	-8.906950e+01
3.000000e-08	-5.529908e-06	-1.324561e-09	-3.837421e+01	-8.903951e+01
4.000000e-08	-5.529159e-06	-1.322618e-09	-3.836901e+01	-8.900857e+01
5.000000e-08	-5.527925e-06	-1.319596e-09	-3.836045e+01	-8.897680e+01
6.000000e-08	-5.526016e-06	-1.309274e-09	-3.834720e+01	-8.894434e+01
7.000000e-08	-5.523537e-06	-1.295671e-09	-3.833000e+01	-8.891134e+01
8.000000e-08	-5.520545e-06	-1.298740e-09	-3.830923e+01	-8.887793e+01
9.000000e-08	-5.517081e-06	-1.355571e-09	-3.828520e+01	-8.884426e+01
1.000000e-07	-5.513098e-06	-1.407074e-09	-3.825756e+01	-8.881048e+01
1.100000e-07	-5.508703e-06	-1.342102e-09	-3.822706e+01	-8.877669e+01
1.200000e-07	-5.504184e-06	-1.221977e-09	-3.819570e+01	-8.874298e+01
1.300000e-07	-5.499577e-06	-1.275494e-09	-3.816373e+01	-8.870943e+01
1.400000e-07	-5.494561e-06	-1.377498e-09	-3.812892e+01	-8.867604e+01
1.500000e-07	-5.488956e-06	-1.366055e-09	-3.809002e+01	-8.864280e+01
1.600000e-07	-5.482990e-06	-1.251880e-09	-3.804863e+01	-8.860965e+01
1.700000e-07	-5.476722e-06	-1.269832e-09	-3.800513e+01	-8.857646e+01
1.800000e-07	-5.469967e-06	-1.381570e-09	-3.795825e+01	-8.854309e+01
1.900000e-07	-5.462763e-06	-1.377953e-09	-3.790826e+01	-8.850931e+01
2.000000e-07	-5.455336e-06	-1.291345e-09	-3.785672e+01	-8.847486e+01
2.100000e-07	-5.447724e-06	-1.276733e-09	-3.780390e+01	-8.843943e+01
2.200000e-07	-5.439829e-06	-1.356995e-09	-3.774911e+01	-8.840267e+01
2.300000e-07	-5.431564e-06	-1.369355e-09	-3.769176e+01	-8.836420e+01
2.400000e-07	-5.423011e-06	-1.323562e-09	-3.763240e+01	-8.832358e+01
2.500000e-07	-5.413978e-06	-1.299425e-09	-3.756973e+01	-8.828038e+01
2.600000e-07	-5.404092e-06	-1.351107e-09	-3.750112e+01	-8.823413e+01
2.700000e-07	-5.393532e-06	-1.352470e-09	-3.742784e+01	-8.818435e+01
2.800000e-07	-5.382548e-06	-1.324475e-09	-3.735162e+01	-8.813058e+01
2.900000e-07	-5.371058e-06	-1.312907e-09	-3.727189e+01	-8.807234e+01
3.000000e-07	-5.359178e-06	-1.348882e-09	-3.718945e+01	-8.800921e+01
3.100000e-07	-5.346973e-06	-1.339421e-09	-3.710475e+01	-8.794074e+01
3.200000e-07	-5.334220e-06	-1.312335e-09	-3.701625e+01	-8.786657e+01
3.300000e-07	-5.320955e-06	-1.305664e-09	-3.692420e+01	-8.778636e+01
3.400000e-07	-5.307415e-06	-1.335198e-09	-3.683024e+01	-8.769980e+01
3.500000e-07	-5.293549e-06	-1.332020e-09	-3.673402e+01	-8.760669e+01
3.600000e-07	-5.279111e-06	-1.304973e-09	-3.663383e+01	-8.750683e+01
3.700000e-07	-5.264189e-06	-1.316349e-09	-3.653028e+01	-8.740014e+01
3.800000e-07	-5.249042e-06	-1.334567e-09	-3.642517e+01	-8.728658e+01
3.900000e-07	-5.233332e-06	-1.287425e-09	-3.631615e+01	-8.716618e+01
4.000000e-07	-5.216928e-06	-1.267954e-09	-3.620231e+01	-8.703904e+01
4.100000e-07	-5.200219e-06	-1.330899e-09	-3.608636e+01	-8.690535e+01
4.200000e-07	-5.183169e-06	-1.321904e-09	-3.596805e+01	-8.676535e+01
4.300000e-07	-5.165727e-06	-1.250613e-09	-3.584701e+01	-8.661933e+01
4.400000e-07	-5.148049e-06	-1.288753e-09	-3.572434e+01	-8.646764e+01
4.500000e-07	-5.130191e-06	-1.354619e-09	-3.560041e+01	-8.631071e+01
4.600000e-07	-5.111883e-06	-1.269121e-09	-3.547336e+01	-8.614897e+01
4.700000e-07	-5.092975e-06	-1.230209e-09	-3.534215e+01	-8.598291e+01
4.800000e-07	-5.073731e-06	-1.315294e-09	-3.520861e+01	-8.581303e+01
4.900000e-07	-5.054235e-06	-1.307223e-09	-3.507332e+01	-8.563985e+01
5.000000e-07	-5.034452e-06	-1.225331e-09	-3.493604e+01	-8.546390e+01
5.100000e-07	-5.014491e-06	-1.286023e-09	-3.479752e+01	-8.528570e+01
5.200000e-07	-4.994324e-06	-1.319046e-09	-3.465758e+01	-8.510576e+01
5.300000e-07	-4.973841e-06	-1.237319e-09	-3.451544e+01	-8.492456e+01
5.400000e-07	-4.952996e-06	-1.245988e-09	-3.437079e+01	-8.474256e+01
5.500000e-07	-4.931722e-06	-1.318941e-09	-3.422316e+01	-8.456017e+01
5.600000e-07	-4.910043e-06	-1.252007e-09	-3.407272e+01	-8.437776e+01
5.700000e-07	-4.888119e-06	-1.212700e-09	-3.392058e+01	-8.419565e+01
5.800000e-07	-4.865947e-06	-1.287460e-09	-3.376672e+01	-8.401409e+01
5.900000e-07	-4.843336e-06	-1.282354e-09	-3.360981e+01	-8.383327e+01
6.000000e-07	-4.820225e-06	-1.218930e-09	-3.344944e+01	-8.365334e+01
6.100000e-07	-4.796797e-06	-1.262354e-09	-3.328686e+01	-8.347437e+01
6.200000e-07	-4.773169e-06	-1.283467e-09	-3.312290e+01	-8.329635e+01
6.300000e-07	-4.749377e-06	-1.226985e-09	-3.295780e+01	-8.311924e+01
6.400000e-07	-4.725376e-06	-1.232427e-09	-3.279124e+01	-8.294291e+01
6.500000e-07	-4.700992e-06	-1.267187e-09	-3.262203e+01	-8.276719e+01
6.600000e-07	-4.676197e-06	-1.232282e-09	-3.244997e+01	-8.259185e+01
6.700000e-07	-4.650947e-06	-1.222831e-09	-3.227475e+01	-8.241663e+01
6.800000e-07	-4.625146e-06	-1.255692e-09	-3.209571e+01	-8.224122e+01
6.900000e-07	-4.598704e-06	-1.239803e-09	-3.191222e+01	-8.206525e+01
7.000000e-07	-4.571787e-06	-1.217575e-09	-3.172543e+01	-8.188838e+01
7.100000e-07	-4.544569e-06	-1.232453e-09	-3.153655e+01	-8.171020e+01
7.200000e-07	-4.517025e-06	-1.227799e-09	-3.134541e+01	-8.153032e+01
7.300000e-07	-4.489259e-06	-1.204875e-09	-3.115273e+01	-8.134834e+01
7.400000e-07	-4.461332e-06	-1.212661e-09	-3.095894e+01	-8.116387e+01
7.500000e-07	-4.433213e-06	-1.216513e-09	-3.076381e+01	-8.097651e+01
7.600000e-07	-4.404897e-06	-1.205450e-09	-3.056731e+01	-8.078589e+01
7.700000e-07	-4.376246e-06	-1.205327e-09	-3.036849e+01	-8.059169e+01
7.800000e-07	-4.347229e-06	-1.208346e-09	-3.016714e+01	-8.039358e+01
7.900000e-07	-4.317922e-06	-1.194714e-09	-2.996376e+01	-8.019127e+01
8.000000e-07	-4.288340e-06	-1.194082e-09	-2.975848e+01	-7.998454e+01
8.100000e-07	-4.258536e-06	-1.193928e-09	-2.955165e+01	-7.977317e+01
8.200000e-07	-4.228450e-06	-1.183953e-09	-2.934288e+01	-7.955699e+01
8.300000e-07	-4.197984e-06	-1.179103e-09	-2.913146e+01	-7.933588e+01
8.400000e-07	-4.167148e-06	-1.189184e-09	-2.891748e+01	-7.910976e+01
8.500000e-07	-4.136021e-06	-1.182566e-09	-2.870148e+01	-7.887859e+01
8.600000e-07	-4.104666e-06	-1.170444e-09	-2.848389e+01	-7.864235e+01
8.700000e-07	-4.073125e-06	-1.169368e-09	-2.826502e+01	-7.840108e+01
8.800000e-07	-4.041395e-06	-1.167743e-09	-2.804483e+01	-7.815483e+01
8.900000e-07	-4.009519e-06	-1.155969e-09	-2.782363e+01	-7.790369e+01
9.000000e-07	-3.977462e-06	-1.155414e-09	-2.760117e+01	-7.764777e+01
9.100000e-07	-3.945096e-06	-1.155565e-09	-2.737657e+01	-7.738720e+01
9.200000e-07	-3.912391e-06	-1.145565e-09	-2.714962e+01	-7.712212e+01
9.300000e-07	-3.879373e-06	-1.140609e-09	-2.692049e+01	-7.685268e+01
9.400000e-07	-3.845904e-06	-1.145057e-09	-2.668824e+01	-7.657904e+01
9.500000e-07	-3.811923e-06	-1.137300e-09	-2.645243e+01	-7.630135e+01
9.600000e-07	-3.777458e-06	-1.123732e-09	-2.621326e+01	-7.601975e+01
9.700000e-07	-3.742496e-06	-1.119400e-09	-2.597065e+01	-7.573440e+01
9.800000e-07	-3.707111e-06	-1.111739e-09	-2.572510e+01	-7.544542e+01
9.900000e-07	-3.671499e-06	-1.098049e-09	-2.547798e+01	-7.515291e+01
1.000000e-06	-3.635844e-06	-1.093760e-09	-2.523055e+01	-7.485698e+01
1.010000e-06	-3.600104e-06	-1.096329e-09	-2.498254e+01	-7.455770e+01
1.020000e-06	-3.564218e-06	-1.091039e-09	-2.473351e+01	-7.425511e+01
1.030000e-06	-3.528198e-06	-1.087232e-09	-2.448355e+01	-7.394926e+01
1.040000e-06	-3.491963e-06	-1.086599e-09	-2.423210e+01	-7.364014e+01
1.050000e-06	-3.455388e-06	-1.078357e-09	-2.397830e+01	-7.332773e+01
1.060000e-06	-3.418531e-06	-1.063488e-09	-2.372253e+01	-7.301200e+01
1.070000e-06	-3.381510e-06	-1.057525e-09	-2.346562e+01	-7.269288e+01
1.080000e-06	-3.344216e-06	-1.053249e-09	-2.320683e+01	-7.237029e+01
1.090000e-06	-3.306615e-06	-1.049037e-09	-2.294590e+01	-7.204414e+01
1.100000e-06	-3.268830e-06	-1.047979e-09	-2.268369e+01	-7.171429e+01
1.110000e-06	-3.230848e-06	-1.046039e-09	-2.242012e+01	-7.138063e+01
1.120000e-06	-3.192647e-06	-1.035669e-09	-2.215503e+01	-7.104301e+01
1.130000e-06	-3.154277e-06	-1.027831e-09	-2.188877e+01	-7.070128e+01
1.140000e-06	-3.115663e-06	-1.022340e-09	-2.162081e+01	-7.035529e+01
1.150000e-06	-3.076719e-06	-1.015310e-09	-2.135056e+01	-7.000486e+01
1.160000e-06	-3.037558e-06	-1.005059e-09	-2.107881e+01	-6.964985e+01
1.170000e-06	-2.998279e-06	-9.987371e-10	-2.080624e+01	-6.929008e+01
1.180000e-06	-2.958816e-06	-9.936634e-10	-2.053239e+01	-6.892540e+01
1.190000e-06	-2.919129e-06	-9.870315e-10	-2.025698e+01	-6.855565e+01
1.200000e-06	-2.879336e-06	-9.805555e-10	-1.998084e+01	-6.818069e+01
1.210000e-06	-2.839438e-06	-9.744147e-10	-1.970398e+01	-6.780038e+01
1.220000e-06	-2.799444e-06	-9.655516e-10	-1.942644e+01	-6.741459e+01
1.230000e-06	-2.759365e-06	-9.596585e-10	-1.914832e+01	-6.702320e+01
1.240000e-06	-2.719154e-06	-9.571684e-10	-1.886928e+01	-6.662610e+01
1.250000e-06	-2.678693e-06	-9.541810e-10	-1.858850e+01	-6.622320e+01
1.260000e-06	-2.637857e-06	-9.506180e-10	-1.830512e+01	-6.581441e+01
1.270000e-06	-2.596834e-06	-9.454514e-10	-1.802045e+01	-6.539966e+01
1.280000e-06	-2.555631e-06	-9.390826e-10	-1.773453e+01	-6.497890e+01
1.290000e-06	-2.514106e-06	-9.317107e-10	-1.744637e+01	-6.455207e+01
1.300000e-06	-2.472142e-06	-9.237816e-10	-1.715516e+01	-6.411915e+01
1.310000e-06	-2.429793e-06	-9.169340e-10	-1.686129e+01	-6.368010e+01
1.320000e-06	-2.387225e-06	-9.118393e-10	-1.656590e+01	-6.323492e+01
1.330000e-06	-2.344357e-06	-9.057738e-10	-1.626842e+01	-6.278359e+01
1.340000e-06	-2.301202e-06	-9.005165e-10	-1.596894e+01	-6.232612e+01
1.350000e-06	-2.257883e-06	-8.942726e-10	-1.566834e+01	-6.186252e+01
1.360000e-06	-2.214411e-06	-8.850904e-10	-1.536667e+01	-6.139280e+01
1.370000e-06	-2.170765e-06	-8.741130e-10	-1.506379e+01	-6.091698e+01
1.380000e-06	-2.127000e-06	-8.648369e-10	-1.476009e+01	-6.043507e+01
1.390000e-06	-2.083179e-06	-8.553629e-10	-1.445600e+01	-5.994709e+01
1.400000e-06	-2.039343e-06	-8.482377e-10	-1.415181e+01	-5.945304e+01
1.410000e-06	-1.995473e-06	-8.418159e-10	-1.384737e+01	-5.895294e+01
1.420000e-06	-1.951515e-06	-8.350036e-10	-1.354233e+01	-5.844677e+01
1.430000e-06	-1.907461e-06	-8.264071e-10	-1.323662e+01	-5.793452e+01
1.440000e-06	-1.863350e-06	-8.173957e-10	-1.293052e+01	-5.741613e+01
1.450000e-06	-1.819149e-06	-8.084501e-10	-1.262379e+01	-5.689156e+01
1.460000e-06	-1.774838e-06	-7.985555e-10	-1.231630e+01	-5.636071e+01
1.470000e-06	-1.730424e-06	-7.865802e-10	-1.200809e+01	-5.582347e+01
1.480000e-06	-1.685810e-06	-7.769473e-10	-1.169850e+01	-5.527968e+01
1.490000e-06	-1.641003e-06	-7.668747e-10	-1.138756e+01	-5.472915e+01
1.500000e-06	-1.596049e-06	-7.554059e-10	-1.107562e+01	-5.417164e+01
1.510000e-06	-1.551010e-06	-7.464457e-10	-1.076307e+01	-5.360685e+01
1.520000e-06	-1.505853e-06	-7.399426e-10	-1.044971e+01	-5.303445e+01
1.530000e-06	-1.460495e-06	-7.328925e-10	-1.013495e+01	-5.245403e+01
1.540000e-06	-1.415036e-06	-7.250263e-10	-9.819490e+00	-5.186512e+01
1.550000e-06	-1.369533e-06	-7.161864e-10	-9.503730e+00	-5.126717e+01
1.560000e-06	-1.323960e-06	-7.040868e-10	-9.187482e+00	-5.065959e+01
1.570000e-06	-1.278300e-06	-6.897282e-10	-8.870623e+00	-5.004167e+01
1.580000e-06	-1.232578e-06	-6.775568e-10	-8.553346e+00	-4.941267e+01
1.590000e-06	-1.186784e-06	-6.701322e-10	-8.235560e+00	-4.877173e+01
1.600000e-06	-1.140907e-06	-6.642258e-10	-7.917204e+00	-4.811795e+01
1.610000e-06	-1.094941e-06	-6.566753e-10	-7.598227e+00	-4.745031e+01
1.620000e-06	-1.048915e-06	-6.466146e-10	-7.278835e+00	-4.676776e+01
1.630000e-06	-1.002828e-06	-6.360183e-10	-6.959017e+00	-4.606914e+01
1.640000e-06	-9.565792e-07	-6.238678e-10	-6.638079e+00	-4.535323e+01
1.650000e-06	-9.102341e-07	-6.104961e-10	-6.316473e+00	-4.461878e+01
1.660000e-06	-8.639376e-07	-5.959023e-10	-5.995203e+00	-4.386443e+01
1.670000e-06	-8.175787e-07	-5.798774e-10	-5.673500e+00	-4.308883e+01
1.680000e-06	-7.711244e-07	-5.635822e-10	-5.351136e+00	-4.229056e+01
1.690000e-06	-7.246560e-07	-5.488403e-10	-5.028673e+00	-4.146818e+01
1.700000e-06	-6.781534e-07	-5.347786e-10	-4.705973e+00	-4.062025e+01
1.710000e-06	-6.316249e-07	-5.206257e-10	-4.383094e+00	-3.974533e+01
1.720000e-06	-5.850575e-07	-5.070962e-10	-4.059944e+00	-3.884199e+01
1.730000e-06	-5.384354e-07	-4.943360e-10	-3.736415e+00	-3.790884e+01
1.740000e-06	-4.917631e-07	-4.788236e-10	-3.412537e+00	-3.694453e+01
1.750000e-06	-4.450022e-07	-4.613265e-10	-3.088046e+00	-3.594778e+01
1.760000e-06	-3.982534e-07	-4.422665e-10	-2.763637e+00	-3.491738e+01
1.770000e-06	-3.514543e-07	-4.230316e-10	-2.438880e+00	-3.385225e+01
1.780000e-06	-3.044416e-07	-4.066001e-10	-2.112640e+00	-3.275139e+01
1.790000e-06	-2.574605e-07	-3.932843e-10	-1.786619e+00	-3.161395e+01
1.800000e-06	-2.105651e-07	-3.798446e-10	-1.461194e+00	-3.043921e+01
1.810000e-06	-1.636731e-07	-3.633244e-10	-1.135792e+00	-2.922662e+01
1.820000e-06	-1.167804e-07	-3.468958e-10	-8.103851e-01	-2.797580e+01
1.830000e-06	-6.987885e-08	-3.307695e-10	-4.849169e-01	-2.668656e+01
1.840000e-06	-2.295463e-08	-3.131434e-10	-1.592912e-01	-2.535887e+01
1.850000e-06	2.394381e-08	-2.939789e-10	1.661555e-01	-2.399294e+01
1.860000e-06	7.078612e-08	-2.729195e-10	4.912127e-01	-2.258916e+01
1.870000e-06	1.176792e-07	-2.505986e-10	8.166222e-01	-2.114814e+01
1.880000e-06	1.646214e-07	-2.280801e-10	1.142373e+00	-1.967068e+01
1.890000e-06	2.115603e-07	-2.080383e-10	1.468100e+00	-1.815780e+01
1.900000e-06	2.584623e-07	-1.891718e-10	1.793571e+00	-1.661074e+01
1.910000e-06	3.052703e-07	-1.686626e-10	2.118391e+00	-1.503091e+01
1.920000e-06	3.520408e-07	-1.465992e-10	2.442949e+00	-1.341993e+01
1.930000e-06	3.988177e-07	-1.229640e-10	2.767553e+00	-1.177958e+01
1.940000e-06	4.455478e-07	-9.822888e-11	3.091831e+00	-1.011183e+01
1.950000e-06	4.922701e-07	-7.336582e-11	3.416056e+00	-8.418783e+00
1.960000e-06	5.389384e-07	-5.145552e-11	3.739906e+00	-6.702693e+00
1.970000e-06	5.855646e-07	-3.213844e-11	4.063463e+00	-4.965929e+00
1.980000e-06	6.321176e-07	-1.232762e-11	4.386512e+00	-3.210964e+00
1.990000e-06	6.785514e-07	9.645441e-12	4.708735e+00	-1.440351e+00
2.000000e-06	7.250020e-07	3.571220e-11	5.031074e+00	3.432924e-01
2.010000e-06	7.714596e-07	6.596281e-11	5.353462e+00	2.137305e+00
2.020000e-06	8.177953e-07	9.582934e-11	5.675003e+00	3.939005e+00
2.030000e-06	8.640462e-07	1.225451e-10	5.995956e+00	5.745706e+00
2.040000e-06	9.103016e-07	1.449675e-10	6.316941e+00	7.554739e+00
2.050000e-06	9.565068e-07	1.645987e-10	6.637577e+00	9.363473e+00
2.060000e-06	1.002600e-06	1.852358e-10	6.957435e+00	1.116933e+01
2.070000e-06	1.048549e-06	2.080248e-10	7.276296e+00	1.296979e+01
2.080000e-06	1.094423e-06	2.329443e-10	7.594633e+00	1.476244e+01
2.090000e-06	1.140296e-06	2.607989e-10	7.912960e+00	1.654494e+01
2.100000e-06	1.186119e-06	2.901772e-10	8.230948e+00	1.831509e+01
2.110000e-06	1.231840e-06	3.173593e-10	8.548225e+00	2.007078e+01
2.120000e-06	1.277509e-06	3.401474e-10	8.865135e+00	2.181004e+01
2.130000e-06	1.323165e-06	3.584961e-10	9.181964e+00	2.353104e+01
2.140000e-06	1.368701e-06	3.748320e-10	9.497956e+00	2.523207e+01
2.150000e-06	1.414049e-06	3.940609e-10	9.812645e+00	2.691159e+01
2.160000e-06	1.459310e-06	4.184078e-10	1.012673e+01	2.856817e+01
2.170000e-06	1.504554e-06	4.459418e-10	1.044069e+01	3.020054e+01
2.180000e-06	1.549690e-06	4.737790e-10	1.075391e+01	3.180756e+01
2.190000e-06	1.594601e-06	4.999247e-10	1.106557e+01	3.338823e+01
2.200000e-06	1.639382e-06	5.224021e-10	1.137632e+01	3.494167e+01
2.210000e-06	1.684104e-06	5.400381e-10	1.168666e+01	3.646713e+01
2.220000e-06	1.728691e-06	5.540293e-10	1.199607e+01	3.796398e+01
2.230000e-06	1.773146e-06	5.675250e-10	1.230456e+01	3.943168e+01
2.240000e-06	1.817448e-06	5.833224e-10	1.261199e+01	4.086982e+01
2.250000e-06	1.861600e-06	6.017438e-10	1.291838e+01	4.227806e+01
2.260000e-06	1.905655e-06	6.241816e-10	1.322409e+01	4.365616e+01
2.270000e-06	1.949626e-06	6.488759e-10	1.352922e+01	4.500396e+01
2.280000e-06	1.993526e-06	6.710395e-10	1.383386e+01	4.632135e+01
2.290000e-06	2.037406e-06	6.893260e-10	1.413836e+01	4.760831e+01
2.300000e-06	2.081267e-06	7.045607e-10	1.444273e+01	4.886487e+01
2.310000e-06	2.125062e-06	7.175218e-10	1.474664e+01	5.009110e+01
2.320000e-06	2.168798e-06	7.294241e-10	1.505014e+01	5.128714e+01
2.330000e-06	2.212479e-06	7.413879e-10	1.535326e+01	5.245315e+01
2.340000e-06	2.256023e-06	7.568055e-10	1.565543e+01	5.358936e+01
2.350000e-06	2.299300e-06	7.773145e-10	1.595575e+01	5.469601e+01
2.360000e-06	2.342345e-06	8.008577e-10	1.625446e+01	5.577339e+01
2.370000e-06	2.385207e-06	8.197908e-10	1.655189e+01	5.682181e+01
2.380000e-06	2.427778e-06	8.328835e-10	1.684731e+01	5.784164e+01
2.390000e-06	2.469948e-06	8.425788e-10	1.713994e+01	5.883327e+01
2.400000e-06	2.511747e-06	8.491204e-10	1.743000e+01	5.979710e+01
2.410000e-06	2.553193e-06	8.574155e-10	1.771761e+01	6.073360e+01
2.420000e-06	2.594335e-06	8.701500e-10	1.800311e+01	6.164325e+01
2.430000e-06	2.635254e-06	8.859088e-10	1.828706e+01	6.252656e+01
2.440000e-06	2.675896e-06	9.010532e-10	1.856909e+01	6.338409e+01
2.450000e-06	2.716280e-06	9.142534e-10	1.884933e+01	6.421642e+01
2.460000e-06	2.756511e-06	9.267391e-10	1.912851e+01	6.502414e+01
2.470000e-06	2.796612e-06	9.375453e-10	1.940679e+01	6.580791e+01
2.480000e-06	2.836564e-06	9.465949e-10	1.968403e+01	6.656839e+01
2.490000e-06	2.876438e-06	9.565887e-10	1.996074e+01	6.730626e+01
2.500000e-06	2.916230e-06	9.673791e-10	2.023687e+01	6.802222e+01
2.510000e-06	2.955848e-06	9.777573e-10	2.051179e+01	6.871700e+01
2.520000e-06	2.995327e-06	9.876196e-10	2.078575e+01	6.939133e+01
2.530000e-06	3.034658e-06	9.978466e-10	2.105869e+01	7.004595e+01
2.540000e-06	3.073796e-06	1.006469e-09	2.133028e+01	7.068159e+01
2.550000e-06	3.112664e-06	1.013985e-09	2.160000e+01	7.129898e+01
2.560000e-06	3.151263e-06	1.021841e-09	2.186785e+01	7.189885e+01
2.570000e-06	3.189639e-06	1.029862e-09	2.213416e+01	7.248190e+01
2.580000e-06	3.227817e-06	1.037107e-09	2.239909e+01	7.304879e+01
2.590000e-06	3.265802e-06	1.043478e-09	2.266268e+01	7.360017e+01
2.600000e-06	3.303520e-06	1.050026e-09	2.292442e+01	7.413666e+01
2.610000e-06	3.340999e-06	1.057869e-09	2.318451e+01	7.465882e+01
2.620000e-06	3.378254e-06	1.066415e-09	2.344303e+01	7.516716e+01
2.630000e-06	3.415247e-06	1.074343e-09	2.369974e+01	7.566217e+01
2.640000e-06	3.451950e-06	1.080028e-09	2.395444e+01	7.614426e+01
2.650000e-06	3.488367e-06	1.083124e-09	2.420715e+01	7.661380e+01
2.660000e-06	3.524581e-06	1.086597e-09	2.445846e+01	7.707109e+01
2.670000e-06	3.560655e-06	1.091171e-09	2.470879e+01	7.751640e+01
2.680000e-06	3.596599e-06	1.096529e-09	2.495822e+01	7.794992e+01
2.690000e-06	3.632454e-06	1.104295e-09	2.520703e+01	7.837181e+01
2.700000e-06	3.668186e-06	1.113336e-09	2.545498e+01	7.878218e+01
2.710000e-06	3.703768e-06	1.120690e-09	2.570190e+01	7.918110e+01
2.720000e-06	3.739146e-06	1.126524e-09	2.594741e+01	7.956859e+01
2.730000e-06	3.774177e-06	1.131929e-09	2.619050e+01	7.994466e+01
2.740000e-06	3.808767e-06	1.137236e-09	2.643054e+01	8.030930e+01
2.750000e-06	3.842766e-06	1.143457e-09	2.666647e+01	8.066248e+01
2.760000e-06	3.876192e-06	1.150901e-09	2.689842e+01	8.100417e+01
2.770000e-06	3.909166e-06	1.157686e-09	2.712724e+01	8.133434e+01
2.780000e-06	3.941765e-06	1.164041e-09	2.735346e+01	8.165298e+01
2.790000e-06	3.974084e-06	1.170374e-09	2.757773e+01	8.196011e+01
2.800000e-06	4.006152e-06	1.175135e-09	2.780026e+01	8.225577e+01
2.810000e-06	4.038082e-06	1.176843e-09	2.802184e+01	8.254004e+01
2.820000e-06	4.069922e-06	1.179289e-09	2.824279e+01	8.281304e+01
2.830000e-06	4.101562e-06	1.184060e-09	2.846235e+01	8.307495e+01
2.840000e-06	4.132964e-06	1.189528e-09	2.868026e+01	8.332602e+01
2.850000e-06	4.164056e-06	1.195477e-09	2.889602e+01	8.356652e+01
2.860000e-06	4.194794e-06	1.202011e-09	2.910933e+01	8.379680e+01
2.870000e-06	4.225223e-06	1.207321e-09	2.932048e+01	8.401729e+01
2.880000e-06	4.255379e-06	1.210873e-09	2.952975e+01	8.422845e+01
2.890000e-06	4.285289e-06	1.215366e-09	2.973731e+01	8.443081e+01
2.900000e-06	4.314888e-06	1.220409e-09	2.994270e+01	8.462493e+01
2.910000e-06	4.344184e-06	1.224057e-09	3.014600e+01	8.481146e+01
2.920000e-06	4.373195e-06	1.226322e-09	3.034732e+01	8.499104e+01
2.930000e-06	4.401819e-06	1.227791e-09	3.054596e+01	8.516437e+01
2.940000e-06	4.430134e-06	1.230360e-09	3.074244e+01	8.533217e+01
2.950000e-06	4.458264e-06	1.233651e-09	3.093765e+01	8.549514e+01
2.960000e-06	4.486232e-06	1.235003e-09	3.113173e+01	8.565402e+01
2.970000e-06	4.514096e-06	1.236219e-09	3.132509e+01	8.580952e+01
2.980000e-06	4.541786e-06	1.240053e-09	3.151724e+01	8.596231e+01
2.990000e-06	4.569269e-06	1.246792e-09	3.170795e+01	8.611304e+01
3.000000e-06	4.596395e-06	1.252884e-09	3.189619e+01	8.626233e+01
3.010000e-06	4.622856e-06	1.256997e-09	3.207981e+01	8.641071e+01
3.020000e-06	4.648604e-06	1.258889e-09	3.225849e+01	8.655867e+01
3.030000e-06	4.673793e-06	1.258404e-09	3.243329e+01	8.670660e+01
3.040000e-06	4.698594e-06	1.259192e-09	3.260539e+01	8.685483e+01
3.050000e-06	4.723034e-06	1.261212e-09	3.277499e+01	8.700360e+01
3.060000e-06	4.747150e-06	1.266793e-09	3.294234e+01	8.715303e+01
3.070000e-06	4.771033e-06	1.273794e-09	3.310808e+01	8.730318e+01
3.080000e-06	4.794675e-06	1.278519e-09	3.327213e+01	8.745399e+01
3.090000e-06	4.817997e-06	1.280897e-09	3.343398e+01	8.760533e+01
3.100000e-06	4.840972e-06	1.280609e-09	3.359341e+01	8.775694e+01
3.110000e-06	4.863583e-06	1.281457e-09	3.375031e+01	8.790852e+01
3.120000e-06	4.885826e-06	1.283714e-09	3.390467e+01	8.805965e+01
3.130000e-06	4.907778e-06	1.287859e-09	3.405700e+01	8.820986e+01
3.140000e-06	4.929435e-06	1.292959e-09	3.420729e+01	8.835861e+01
3.150000e-06	4.950791e-06	1.297643e-09	3.435548e+01	8.850531e+01
3.160000e-06	4.971765e-06	1.300746e-09	3.450103e+01	8.864933e+01
3.170000e-06	4.992296e-06	1.301958e-09	3.464351e+01	8.879002e+01
3.180000e-06	5.012473e-06	1.302193e-09	3.478352e+01	8.892671e+01
3.190000e-06	5.032463e-06	1.303207e-09	3.492224e+01	8.905872e+01
3.200000e-06	5.052352e-06	1.304733e-09	3.506026e+01	8.918540e+01
3.210000e-06	5.072019e-06	1.308247e-09	3.519674e+01	8.930612e+01
3.220000e-06	5.091360e-06	1.311510e-09	3.533095e+01	8.942028e+01
3.230000e-06	5.110189e-06	1.312044e-09	3.546161e+01	8.952736e+01
3.240000e-06	5.128448e-06	1.311575e-09	3.558832e+01	8.962685e+01
3.250000e-06	5.146303e-06	1.311821e-09	3.571222e+01	8.971837e+01
3.260000e-06	5.163879e-06	1.314856e-09	3.583418e+01	8.980158e+01
3.270000e-06	5.181150e-06	1.318000e-09	3.595404e+01	8.987623e+01
3.280000e-06	5.198103e-06	1.319457e-09	3.607168e+01	8.994217e+01
3.290000e-06	5.214727e-06	1.320664e-09	3.618704e+01	8.999934e+01
3.300000e-06	5.230940e-06	1.323095e-09	3.629955e+01	9.004776e+01
3.310000e-06	5.246751e-06	1.326479e-09	3.640927e+01	9.008757e+01
3.320000e-06	5.262097e-06	1.328727e-09	3.651576e+01	9.011898e+01
3.330000e-06	5.276869e-06	1.329942e-09	3.661827e+01	9.014227e+01
3.340000e-06	5.291191e-06	1.331809e-09	3.671766e+01	9.015783e+01
3.350000e-06	5.305245e-06	1.334090e-09	3.681518e+01	9.016611e+01
3.360000e-06	5.318996e-06	1.335718e-09	3.691060e+01	9.016761e+01
3.370000e-06	5.332348e-06	1.335644e-09	3.700326e+01	9.016289e+01
3.380000e-06	5.345274e-06	1.335046e-09	3.709296e+01	9.015256e+01
3.390000e-06	5.357810e-06	1.335662e-09	3.717995e+01	9.013725e+01
3.400000e-06	5.369972e-06	1.338151e-09	3.726435e+01	9.011760e+01
3.410000e-06	5.381803e-06	1.340070e-09	3.734645e+01	9.009428e+01
3.420000e-06	5.393252e-06	1.340235e-09	3.742590e+01	9.006793e+01
3.430000e-06	5.404204e-06	1.340012e-09	3.750190e+01	9.003918e+01
3.440000e-06	5.414620e-06	1.342756e-09	3.757418e+01	9.000865e+01
3.450000e-06	5.424354e-06	1.346615e-09	3.764172e+01	8.997690e+01
3.460000e-06	5.433345e-06	1.349171e-09	3.770412e+01	8.994445e+01
3.470000e-06	5.441839e-06	1.349930e-09	3.776306e+01	8.991177e+01
3.480000e-06	5.450061e-06	1.349635e-09	3.782012e+01	8.987928e+01
3.490000e-06	5.458049e-06	1.349941e-09	3.787555e+01	8.984733e+01
3.500000e-06	5.465815e-06	1.351684e-09	3.792944e+01	8.981620e+01
3.510000e-06	5.473250e-06	1.353952e-09	3.798104e+01	8.978610e+01
3.520000e-06	5.480274e-06	1.356361e-09	3.802978e+01	8.975719e+01
3.530000e-06	5.486952e-06	1.359032e-09	3.807612e+01	8.972956e+01
3.540000e-06	5.493244e-06	1.359628e-09	3.811978e+01	8.970323e+01
3.550000e-06	5.499147e-06	1.357398e-09	3.816074e+01	8.967816e+01
3.560000e-06	5.504689e-06	1.355924e-09	3.819920e+01	8.965427e+01
3.570000e-06	5.509805e-06	1.358501e-09	3.823470e+01	8.963144e+01
3.580000e-06	5.514529e-06	1.363185e-09	3.826749e+01	8.960950e+01
3.590000e-06	5.518918e-06	1.368769e-09	3.829794e+01	8.958826e+01
3.600000e-06	5.523025e-06	1.374582e-09	3.832644e+01	8.956750e+01
3.610000e-06	5.526922e-06	1.377389e-09	3.835348e+01	8.954699e+01
3.620000e-06	5.530547e-06	1.376409e-09	3.837864e+01	8.952652e+01
3.630000e-06	5.533848e-06	1.375093e-09	3.840155e+01	8.950585e+01
3.640000e-06	5.536642e-06	1.373368e-09	3.842094e+01	8.948476e+01
3.650000e-06	5.538843e-06	1.370635e-09	3.843621e+01	8.946307e+01
3.660000e-06	5.540497e-06	1.370482e-09	3.844769e+01	8.944060e+01
3.670000e-06	5.541547e-06	1.376435e-09	3.845498e+01	8.941721e+01
3.680000e-06	5.542077e-06	1.384105e-09	3.845865e+01	8.939279e+01
3.690000e-06	5.542271e-06	1.389419e-09	3.846000e+01	8.936727e+01
3.700000e-06	5.542241e-06	1.392882e-09	3.845979e+01	8.934060e+01
3.710000e-06	5.541955e-06	1.392442e-09	3.845781e+01	8.931279e+01
3.720000e-06	5.541326e-06	1.388662e-09	3.845344e+01	8.928387e+01
3.730000e-06	5.540273e-06	1.386133e-09	3.844613e+01	8.925390e+01
3.740000e-06	5.538810e-06	1.383346e-09	3.843598e+01	8.922298e+01
3.750000e-06	5.537044e-06	1.383871e-09	3.842372e+01	8.919122e+01
3.760000e-06	5.535053e-06	1.399193e-09	3.840991e+01	8.915875e+01
3.770000e-06	5.532753e-06	1.417252e-09	3.839395e+01	8.912572e+01
3.780000e-06	5.529962e-06	1.386818e-09	3.837458e+01	8.909228e+01
3.790000e-06	5.526540e-06	1.303368e-09	3.835083e+01	8.905857e+01
3.800000e-06	5.522526e-06	1.314694e-09	3.832298e+01	8.902473e+01
3.810000e-06	5.518191e-06	1.468890e-09	3.829290e+01	8.899087e+01
3.820000e-06	5.513840e-06	1.487187e-09	3.826271e+01	8.895710e+01
3.830000e-06	5.509478e-06	1.369522e-09	3.823243e+01	8.892347e+01
3.840000e-06	5.504650e-06	1.311711e-09	3.819893e+01	8.889000e+01
3.850000e-06	5.498847e-06	1.395268e-09	3.815866e+01	8.885669e+01
3.860000e-06	5.492473e-06	1.452837e-09	3.811443e+01	8.882348e+01
3.870000e-06	5.486116e-06	1.312014e-09	3.807032e+01	8.879024e+01
3.880000e-06	5.479392e-06	1.268831e-09	3.802365e+01	8.875683e+01
3.890000e-06	5.471957e-06	1.413601e-09	3.797207e+01	8.872303e+01
3.900000e-06	5.464091e-06	1.490667e-09	3.791747e+01	8.868858e+01
3.910000e-06	5.456056e-06	1.303366e-09	3.786172e+01	8.865319e+01
3.920000e-06	5.447669e-06	1.211624e-09	3.780352e+01	8.861650e+01
3.930000e-06	5.438791e-06	1.378649e-09	3.774191e+01	8.857812e+01
3.940000e-06	5.429637e-06	1.466956e-09	3.767839e+01	8.853764e+01
3.950000e-06	5.420214e-06	1.323163e-09	3.761299e+01	8.849461e+01
3.960000e-06	5.410149e-06	1.259081e-09	3.754315e+01	8.844856e+01
3.970000e-06	5.399501e-06	1.384791e-09	3.746926e+01	8.839904e+01
3.980000e-06	5.388761e-06	1.406477e-09	3.739473e+01	8.834555e+01
3.990000e-06	5.377855e-06	1.303825e-09	3.731905e+01	8.828765e+01
4.000000e-06	5.366314e-06	1.299501e-09	3.723897e+01	8.822487e+01
4.010000e-06	5.354261e-06	1.396147e-09	3.715532e+01	8.815681e+01
4.020000e-06	5.341977e-06	1.376060e-09	3.707008e+01	8.808307e+01
4.030000e-06	5.329176e-06	1.302368e-09	3.698125e+01	8.800330e+01
4.040000e-06	5.315625e-06	1.310868e-09	3.688721e+01	8.791723e+01
4.050000e-06	5.301740e-06	1.380021e-09	3.679086e+01	8.782461e+01
4.060000e-06	5.287774e-06	1.349137e-09	3.669395e+01	8.772526e+01
4.070000e-06	5.273066e-06	1.283726e-09	3.659188e+01	8.761908e+01
4.080000e-06	5.257537e-06	1.316469e-09	3.648411e+01	8.750602e+01
4.090000e-06	5.241796e-06	1.405681e-09	3.637488e+01	8.738613e+01
4.100000e-06	5.225726e-06	1.352732e-09	3.626337e+01	8.725949e+01
4.110000e-06	5.209153e-06	1.251193e-09	3.614836e+01	8.712628e+01
4.120000e-06	5.192342e-06	1.316446e-09	3.603170e+01	8.698672e+01
4.130000e-06	5.175394e-06	1.398570e-09	3.591409e+01	8.684113e+01
4.140000e-06	5.157989e-06	1.286289e-09	3.579332e+01	8.668984e+01
4.150000e-06	5.140126e-06	1.241918e-09	3.566936e+01	8.653327e+01
4.160000e-06	5.122020e-06	1.379315e-09	3.554371e+01	8.637185e+01
4.170000e-06	5.103505e-06	1.354619e-09	3.541523e+01	8.620607e+01
4.180000e-06	5.084472e-06	1.216428e-09	3.528315e+01	8.603642e+01
4.190000e-06	5.065167e-06	1.313197e-09	3.514919e+01	8.586344e+01
4.200000e-06	5.045723e-06	1.406579e-09	3.501426e+01	8.568764e+01
4.210000e-06	5.025959e-06	1.248021e-09	3.487710e+01	8.550955e+01
4.220000e-06	5.005933e-06	1.234509e-09	3.473813e+01	8.532967e+01
4.230000e-06	4.985720e-06	1.385041e-09	3.459788e+01	8.514850e+01
4.240000e-06	4.965168e-06	1.307021e-09	3.445525e+01	8.496649e+01
4.250000e-06	4.944219e-06	1.205193e-09	3.430988e+01	8.478406e+01
4.260000e-06	4.922801e-06	1.341321e-09	3.416125e+01	8.460158e+01
4.270000e-06	4.900731e-06	1.345205e-09	3.400810e+01	8.441936e+01
4.280000e-06	4.877948e-06	1.215673e-09	3.385000e+01	8.423769e+01
4.290000e-06	4.854705e-06	1.294652e-09	3.368871e+01	8.405674e+01
4.300000e-06	4.831165e-06	1.372611e-09	3.352535e+01	8.387667e+01
4.310000e-06	4.807294e-06	1.248875e-09	3.335971e+01	8.369756e+01
4.320000e-06	4.783221e-06	1.248122e-09	3.319265e+01	8.351940e+01
4.330000e-06	4.758967e-06	1.343488e-09	3.302434e+01	8.334215e+01
4.340000e-06	4.734428e-06	1.285905e-09	3.285406e+01	8.316570e+01
4.350000e-06	4.709527e-06	1.239661e-09	3.268126e+01	8.298988e+01
4.360000e-06	4.684332e-06	1.308085e-09	3.250642e+01	8.281446e+01
4.370000e-06	4.658818e-06	1.286941e-09	3.232937e+01	8.263918e+01
4.380000e-06	4.632932e-06	1.237055e-09	3.214974e+01	8.246373e+01
4.390000e-06	4.606762e-06	1.279086e-09	3.196813e+01	8.228777e+01
4.400000e-06	4.580248e-06	1.291858e-09	3.178414e+01	8.211092e+01
4.410000e-06	4.553385e-06	1.249069e-09	3.159773e+01	8.193281e+01
4.420000e-06	4.526162e-06	1.257513e-09	3.140882e+01	8.175303e+01
4.430000e-06	4.498608e-06	1.275333e-09	3.121761e+01	8.157118e+01
4.440000e-06	4.470819e-06	1.257769e-09	3.102477e+01	8.138686e+01
4.450000e-06	4.442852e-06	1.255128e-09	3.083070e+01	8.119969e+01
4.460000e-06	4.414722e-06	1.261158e-09	3.063549e+01	8.100931e+01
4.470000e-06	4.386392e-06	1.248849e-09	3.043890e+01	8.081535e+01
4.480000e-06	4.357801e-06	1.244277e-09	3.024050e+01	8.061751e+01
4.490000e-06	4.328821e-06	1.248244e-09	3.003939e+01	8.041551e+01
4.500000e-06	4.299265e-06	1.239205e-09	2.983429e+01	8.020909e+01
4.510000e-06	4.269090e-06	1.234248e-09	2.962489e+01	7.999805e+01
4.520000e-06	4.238464e-06	1.239812e-09	2.941237e+01	7.978222e+01
4.530000e-06	4.207477e-06	1.236023e-09	2.919734e+01	7.956146e+01
4.540000e-06	4.176058e-06	1.226549e-09	2.897931e+01	7.933570e+01
4.550000e-06	4.144271e-06	1.234079e-09	2.875873e+01	7.910489e+01
4.560000e-06	4.112314e-06	1.227628e-09	2.853697e+01	7.886901e+01
4.570000e-06	4.080247e-06	1.209339e-09	2.831444e+01	7.862809e+01
4.580000e-06	4.048060e-06	1.211057e-09	2.809108e+01	7.838220e+01
4.590000e-06	4.015681e-06	1.225692e-09	2.786639e+01	7.813140e+01
4.600000e-06	3.982976e-06	1.215684e-09	2.763944e+01	7.787582e+01
4.610000e-06	3.949933e-06	1.209453e-09	2.741014e+01	7.761557e+01
4.620000e-06	3.916610e-06	1.216835e-09	2.717889e+01	7.735080e+01
4.630000e-06	3.883034e-06	1.207692e-09	2.694590e+01	7.708165e+01
4.640000e-06	3.849274e-06	1.188709e-09	2.671162e+01	7.680829e+01
4.650000e-06	3.815309e-06	1.191078e-09	2.647593e+01	7.653087e+01
4.660000e-06	3.781046e-06	1.189242e-09	2.623816e+01	7.624954e+01
4.670000e-06	3.746428e-06	1.174575e-09	2.599794e+01	7.596443e+01
4.680000e-06	3.711460e-06	1.174937e-09	2.575528e+01	7.567568e+01
4.690000e-06	3.676215e-06	1.186914e-09	2.551070e+01	7.538340e+01
4.700000e-06	3.640787e-06	1.178806e-09	2.526485e+01	7.508770e+01
4.710000e-06	3.605168e-06	1.166788e-09	2.501768e+01	7.478863e+01
4.720000e-06	3.569340e-06	1.169695e-09	2.476905e+01	7.448626e+01
4.730000e-06	3.533383e-06	1.164894e-09	2.451953e+01	7.418061e+01
4.740000e-06	3.497348e-06	1.151902e-09	2.426948e+01	7.387170e+01
4.750000e-06	3.461231e-06	1.148492e-09	2.401884e+01	7.355951e+01
4.760000e-06	3.424963e-06	1.144902e-09	2.376717e+01	7.324400e+01
4.770000e-06	3.388413e-06	1.133314e-09	2.351353e+01	7.292510e+01
4.780000e-06	3.351463e-06	1.132517e-09	2.325712e+01	7.260275e+01
4.790000e-06	3.314187e-06	1.137309e-09	2.299844e+01	7.227683e+01
4.800000e-06	3.276491e-06	1.131690e-09	2.273686e+01	7.194724e+01
4.810000e-06	3.238322e-06	1.122351e-09	2.247199e+01	7.161384e+01
4.820000e-06	3.199722e-06	1.120634e-09	2.220413e+01	7.127649e+01
4.830000e-06	3.160779e-06	1.115140e-09	2.193389e+01	7.093505e+01
4.840000e-06	3.121566e-06	1.107851e-09	2.166177e+01	7.058936e+01
4.850000e-06	3.082042e-06	1.106444e-09	2.138750e+01	7.023925e+01
4.860000e-06	3.042337e-06	1.106387e-09	2.111197e+01	6.988456e+01
4.870000e-06	3.002473e-06	1.098334e-09	2.083534e+01	6.952513e+01
4.880000e-06	2.962468e-06	1.093614e-09	2.055773e+01	6.916080e+01
4.890000e-06	2.922360e-06	1.094200e-09	2.027941e+01	6.879143e+01
4.900000e-06	2.882171e-06	1.093557e-09	2.000052e+01	6.841685e+01
4.910000e-06	2.841890e-06	1.090056e-09	1.972099e+01	6.803692e+01
4.920000e-06	2.801414e-06	1.088727e-09	1.944011e+01	6.765153e+01
4.930000e-06	2.760698e-06	1.085010e-09	1.915757e+01	6.726055e+01
4.940000e-06	2.719777e-06	1.078178e-09	1.887360e+01	6.686387e+01
4.950000e-06	2.678653e-06	1.071531e-09	1.858823e+01	6.646139e+01
4.960000e-06	2.637302e-06	1.063680e-09	1.830128e+01	6.605304e+01
4.970000e-06	2.595756e-06	1.054747e-09	1.801298e+01	6.563873e+01
4.980000e-06	2.554080e-06	1.052426e-09	1.772377e+01	6.521841e+01
4.990000e-06	2.512259e-06	1.053491e-09	1.743355e+01	6.479203e+01
5.000000e-06	2.470248e-06	1.050531e-09	1.714202e+01	6.435955e+01
5.010000e-06	2.428042e-06	1.043627e-09	1.684914e+01	6.392095e+01
5.020000e-06	2.385694e-06	1.035267e-09	1.655527e+01	6.347622e+01
5.030000e-06	2.343191e-06	1.025377e-09	1.626032e+01	6.302534e+01
5.040000e-06	2.300568e-06	1.015776e-09	1.596455e+01	6.256832e+01
5.050000e-06	2.257821e-06	1.009492e-09	1.566791e+01	6.210517e+01
5.060000e-06	2.214863e-06	1.003854e-09	1.536981e+01	6.163590e+01
5.070000e-06	2.171698e-06	9.987690e-10	1.507027e+01	6.116052e+01
5.080000e-06	2.128388e-06	9.930084e-10	1.476972e+01	6.067906e+01
5.090000e-06	2.084929e-06	9.868602e-10	1.446814e+01	6.019152e+01
5.100000e-06	2.041300e-06	9.792059e-10	1.416538e+01	5.969792e+01
5.110000e-06	1.997590e-06	9.723072e-10	1.386206e+01	5.919826e+01
5.120000e-06	1.953825e-06	9.665937e-10	1.355836e+01	5.869254e+01
5.130000e-06	1.909943e-06	9.596133e-10	1.325385e+01	5.818073e+01
5.140000e-06	1.865965e-06	9.496012e-10	1.294867e+01	5.766280e+01
5.150000e-06	1.821917e-06	9.396691e-10	1.264300e+01	5.713868e+01
5.160000e-06	1.777808e-06	9.289225e-10	1.233691e+01	5.660830e+01
5.170000e-06	1.733648e-06	9.188626e-10	1.203047e+01	5.607153e+01
5.180000e-06	1.689439e-06	9.105542e-10	1.172368e+01	5.552824e+01
5.190000e-06	1.645222e-06	9.057039e-10	1.141684e+01	5.497821e+01
5.200000e-06	1.600934e-06	8.999826e-10	1.110951e+01	5.442123e+01
5.210000e-06	1.556510e-06	8.911618e-10	1.080124e+01	5.385701e+01
5.220000e-06	1.511998e-06	8.828656e-10	1.049235e+01	5.328520e+01
5.230000e-06	1.467458e-06	8.733613e-10	1.018327e+01	5.270540e+01
5.240000e-06	1.422826e-06	8.626637e-10	9.873552e+00	5.211715e+01
5.250000e-06	1.377972e-06	8.516280e-10	9.562293e+00	5.151992e+01
5.260000e-06	1.332891e-06	8.433193e-10	9.249454e+00	5.091310e+01
5.270000e-06	1.287668e-06	8.370741e-10	8.935638e+00	5.029601e+01
5.280000e-06	1.242323e-06	8.299185e-10	8.620968e+00	4.966791e+01
5.290000e-06	1.196832e-06	8.208829e-10	8.305291e+00	4.902794e+01
5.300000e-06	1.151265e-06	8.092893e-10	7.989083e+00	4.837520e+01
5.310000e-06	1.105667e-06	8.017321e-10	7.672659e+00	4.770870e+01
5.320000e-06	1.059955e-06	7.938328e-10	7.355441e+00	4.702737e+01
5.330000e-06	1.014101e-06	7.816047e-10	7.037248e+00	4.633007e+01
5.340000e-06	9.681026e-07	7.695072e-10	6.718045e+00	4.561559e+01
5.350000e-06	9.220890e-07	7.565251e-10	6.398738e+00	4.488267e+01
5.360000e-06	8.761209e-07	7.413563e-10	6.079747e+00	4.412997e+01
5.370000e-06	8.300275e-07	7.277644e-10	5.759887e+00	4.335613e+01
5.380000e-06	7.838096e-07	7.181203e-10	5.439163e+00	4.255974e+01
5.390000e-06	7.375163e-07	7.073973e-10	5.117916e+00	4.173937e+01
5.400000e-06	6.912178e-07	6.939029e-10	4.796632e+00	4.089357e+01
5.410000e-06	6.449168e-07	6.818705e-10	4.475331e+00	4.002089e+01
5.420000e-06	5.985713e-07	6.678518e-10	4.153722e+00	3.911991e+01
5.430000e-06	5.521474e-07	6.490639e-10	3.831568e+00	3.818923e+01
5.440000e-06	5.056152e-07	6.317983e-10	3.508663e+00	3.722751e+01
5.450000e-06	4.590520e-07	6.160521e-10	3.185543e+00	3.623344e+01
5.460000e-06	4.125273e-07	5.995254e-10	2.862689e+00	3.520584e+01
5.470000e-06	3.659560e-07	5.830137e-10	2.539513e+00	3.414358e+01
5.480000e-06	3.193825e-07	5.687192e-10	2.216321e+00	3.304567e+01
5.490000e-06	2.728521e-07	5.535140e-10	1.893428e+00	3.191124e+01
5.500000e-06	2.262994e-07	5.362993e-10	1.570381e+00	3.073957e+01
5.510000e-06	1.797602e-07	5.165795e-10	1.247427e+00	2.953009e+01
5.520000e-06	1.332134e-07	4.966807e-10	9.244200e-01	2.828241e+01
5.530000e-06	8.659469e-08	4.775954e-10	6.009146e-01	2.699631e+01
5.540000e-06	3.995581e-08	4.578486e-10	2.772691e-01	2.567176e+01
5.550000e-06	-6.618073e-09	4.388180e-10	-4.592541e-02	2.430894e+01
5.560000e-06	-5.319589e-08	4.177179e-10	-3.691472e-01	2.290824e+01
5.570000e-06	-9.983774e-08	3.933276e-10	-6.928133e-01	2.147023e+01
5.580000e-06	-1.464722e-07	3.681647e-10	-1.016428e+00	1.999571e+01
5.590000e-06	-1.931548e-07	3.429242e-10	-1.340377e+00	1.848568e+01
5.600000e-06	-2.398630e-07	3.201267e-10	-1.664504e+00	1.694135e+01
5.610000e-06	-2.864325e-07	3.003017e-10	-1.987667e+00	1.536414e+01
5.620000e-06	-3.329670e-07	2.780987e-10	-2.310589e+00	1.375562e+01
5.630000e-06	-3.794783e-07	2.494165e-10	-2.633349e+00	1.211759e+01
5.640000e-06	-4.259554e-07	2.179460e-10	-2.955872e+00	1.045198e+01
5.650000e-06	-4.723631e-07	1.853068e-10	-3.277913e+00	8.760893e+00
5.660000e-06	-5.187066e-07	1.517096e-10	-3.599509e+00	7.046573e+00
5.670000e-06	-5.650269e-07	1.214176e-10	-3.920944e+00	5.311378e+00
5.680000e-06	-6.113136e-07	9.504012e-11	-4.242145e+00	3.557771e+00
5.690000e-06	-6.576516e-07	7.046727e-11	-4.563703e+00	1.788302e+00
5.700000e-06	-7.039542e-07	4.341992e-11	-4.885015e+00	5.582327e-03
5.710000e-06	-7.501782e-07	1.326470e-11	-5.205782e+00	-1.787730e+00
5.720000e-06	-7.963339e-07	-1.779138e-11	-5.526074e+00	-3.588953e+00
5.730000e-06	-8.424363e-07	-4.933147e-11	-5.845997e+00	-5.395400e+00
5.740000e-06	-8.885256e-07	-8.076628e-11	-6.165829e+00	-7.204402e+00
5.750000e-06	-9.345746e-07	-1.106369e-10	-6.485381e+00	-9.013321e+00
5.760000e-06	-9.805122e-07	-1.400650e-10	-6.804160e+00	-1.081957e+01
5.770000e-06	-1.026335e-06	-1.689657e-10	-7.122141e+00	-1.262064e+01
5.780000e-06	-1.072148e-06	-1.974696e-10	-7.440057e+00	-1.441409e+01
5.790000e-06	-1.117878e-06	-2.293901e-10	-7.757393e+00	-1.619759e+01
5.800000e-06	-1.163383e-06	-2.637858e-10	-8.073174e+00	-1.796891e+01
5.810000e-06	-1.208688e-06	-2.964906e-10	-8.387563e+00	-1.972594e+01
5.820000e-06	-1.253919e-06	-3.279539e-10	-8.701435e+00	-2.146670e+01
5.830000e-06	-1.299095e-06	-3.591698e-10	-9.014928e+00	-2.318935e+01
5.840000e-06	-1.344113e-06	-3.894564e-10	-9.327332e+00	-2.489217e+01
5.850000e-06	-1.388948e-06	-4.188586e-10	-9.638456e+00	-2.657360e+01
5.860000e-06	-1.433698e-06	-4.492503e-10	-9.948995e+00	-2.823220e+01
5.870000e-06	-1.478384e-06	-4.783609e-10	-1.025909e+01	-2.986670e+01
5.880000e-06	-1.522942e-06	-5.039942e-10	-1.056829e+01	-3.147593e+01
5.890000e-06	-1.567396e-06	-5.296363e-10	-1.087678e+01	-3.305889e+01
5.900000e-06	-1.611713e-06	-5.563756e-10	-1.118431e+01	-3.461470e+01
5.910000e-06	-1.655932e-06	-5.824896e-10	-1.149116e+01	-3.614258e+01
5.920000e-06	-1.700139e-06	-6.089574e-10	-1.179794e+01	-3.764189e+01
5.930000e-06	-1.744293e-06	-6.362734e-10	-1.210434e+01	-3.911210e+01
5.940000e-06	-1.788376e-06	-6.609998e-10	-1.241024e+01	-4.055278e+01
5.950000e-06	-1.832420e-06	-6.843612e-10	-1.271588e+01	-4.196358e+01
5.960000e-06	-1.876452e-06	-7.080292e-10	-1.302144e+01	-4.334426e+01
5.970000e-06	-1.920425e-06	-7.315641e-10	-1.332659e+01	-4.469465e+01
5.980000e-06	-1.964304e-06	-7.548945e-10	-1.363108e+01	-4.601464e+01
5.990000e-06	-2.008069e-06	-7.780373e-10	-1.393478e+01	-4.730420e+01
6.000000e-06	-2.051697e-06	-8.005997e-10	-1.423753e+01	-4.856334e+01
6.010000e-06	-2.095177e-06	-8.188000e-10	-1.453925e+01	-4.979216e+01
6.020000e-06	-2.138499e-06	-8.340379e-10	-1.483988e+01	-5.099077e+01
6.030000e-06	-2.181671e-06	-8.533559e-10	-1.513947e+01	-5.215934e+01
6.040000e-06	-2.224645e-06	-8.758465e-10	-1.543769e+01	-5.329808e+01
6.050000e-06	-2.267445e-06	-8.980195e-10	-1.573469e+01	-5.440725e+01
6.060000e-06	-2.310081e-06	-9.180647e-10	-1.603056e+01	-5.548711e+01
6.070000e-06	-2.352506e-06	-9.358512e-10	-1.632496e+01	-5.653800e+01
6.080000e-06	-2.394777e-06	-9.528799e-10	-1.661830e+01	-5.756026e+01
6.090000e-06	-2.436928e-06	-9.692711e-10	-1.691080e+01	-5.855428e+01
6.100000e-06	-2.478901e-06	-9.836729e-10	-1.720207e+01	-5.952048e+01
6.110000e-06	-2.520745e-06	-9.965309e-10	-1.749244e+01	-6.045930e+01
6.120000e-06	-2.562415e-06	-1.011904e-09	-1.778160e+01	-6.137122e+01
6.130000e-06	-2.603897e-06	-1.029191e-09	-1.806947e+01	-6.225677e+01
6.140000e-06	-2.645235e-06	-1.046556e-09	-1.835633e+01	-6.311649e+01
6.150000e-06	-2.686319e-06	-1.064214e-09	-1.864143e+01	-6.395095e+01
6.160000e-06	-2.727160e-06	-1.079285e-09	-1.892484e+01	-6.476077e+01
6.170000e-06	-2.767807e-06	-1.089166e-09	-1.920690e+01	-6.554657e+01
6.180000e-06	-2.808196e-06	-1.097721e-09	-1.948718e+01	-6.630902e+01
6.190000e-06	-2.848352e-06	-1.106588e-09	-1.976583e+01	-6.704881e+01
6.200000e-06	-2.888444e-06	-1.114934e-09	-2.004405e+01	-6.776663e+01
6.210000e-06	-2.928513e-06	-1.124202e-09	-2.032211e+01	-6.846321e+01
6.220000e-06	-2.968485e-06	-1.134207e-09	-2.059948e+01	-6.913928e+01
6.230000e-06	-3.008292e-06	-1.143204e-09	-2.087572e+01	-6.979557e+01
6.240000e-06	-3.047900e-06	-1.152404e-09	-2.115058e+01	-7.043283e+01
6.250000e-06	-3.087368e-06	-1.164056e-09	-2.142446e+01	-7.105177e+01
6.260000e-06	-3.126641e-06	-1.174397e-09	-2.169700e+01	-7.165314e+01
6.270000e-06	-3.165581e-06	-1.180953e-09	-2.196721e+01	-7.223762e+01
6.280000e-06	-3.204140e-06	-1.187590e-09	-2.223478e+01	-7.280589e+01
6.290000e-06	-3.242369e-06	-1.195126e-09	-2.250007e+01	-7.335861e+01
6.300000e-06	-3.280292e-06	-1.201858e-09	-2.276324e+01	-7.389637e+01
6.310000e-06	-3.317772e-06	-1.209078e-09	-2.302332e+01	-7.441977e+01
6.320000e-06	-3.354797e-06	-1.216523e-09	-2.328025e+01	-7.492931e+01
6.330000e-06	-3.391472e-06	-1.224881e-09	-2.353476e+01	-7.542547e+01
6.340000e-06	-3.427904e-06	-1.232863e-09	-2.378758e+01	-7.590869e+01
6.350000e-06	-3.464133e-06	-1.241878e-09	-2.403898e+01	-7.637932e+01
6.360000e-06	-3.500199e-06	-1.252303e-09	-2.428926e+01	-7.683768e+01
6.370000e-06	-3.536161e-06	-1.259593e-09	-2.453881e+01	-7.728404e+01
6.380000e-06	-3.571990e-06	-1.265550e-09	-2.478745e+01	-7.771860e+01
6.390000e-06	-3.607662e-06	-1.269444e-09	-2.503499e+01	-7.814151e+01
6.400000e-06	-3.643173e-06	-1.274552e-09	-2.528141e+01	-7.855290e+01
6.410000e-06	-3.678418e-06	-1.281564e-09	-2.552599e+01	-7.895283e+01
6.420000e-06	-3.713255e-06	-1.289472e-09	-2.576774e+01	-7.934134e+01
6.430000e-06	-3.747814e-06	-1.296299e-09	-2.600756e+01	-7.971842e+01
6.440000e-06	-3.782173e-06	-1.303270e-09	-2.624599e+01	-8.008408e+01
6.450000e-06	-3.816286e-06	-1.310913e-09	-2.648271e+01	-8.043827e+01
6.460000e-06	-3.850183e-06	-1.317307e-09	-2.671793e+01	-8.078098e+01
6.470000e-06	-3.883749e-06	-1.321123e-09	-2.695086e+01	-8.111217e+01
6.480000e-06	-3.916938e-06	-1.323587e-09	-2.718117e+01	-8.143184e+01
6.490000e-06	-3.949817e-06	-1.327431e-09	-2.740933e+01	-8.173999e+01
6.500000e-06	-3.982428e-06	-1.332282e-09	-2.763563e+01	-8.203666e+01
6.510000e-06	-4.014822e-06	-1.338199e-09	-2.786043e+01	-8.232193e+01
6.520000e-06	-4.047021e-06	-1.343082e-09	-2.808387e+01	-8.259593e+01
6.530000e-06	-4.079094e-06	-1.347690e-09	-2.830643e+01	-8.285882e+01
6.540000e-06	-4.111000e-06	-1.352208e-09	-2.852784e+01	-8.311084e+01
6.550000e-06	-4.142634e-06	-1.356358e-09	-2.874736e+01	-8.335227e+01
6.560000e-06	-4.173978e-06	-1.360945e-09	-2.896488e+01	-8.358345e+01
6.570000e-06	-4.204938e-06	-1.367778e-09	-2.917972e+01	-8.380480e+01
6.580000e-06	-4.235451e-06	-1.373291e-09	-2.939146e+01	-8.401678e+01
6.590000e-06	-4.265398e-06	-1.375193e-09	-2.959928e+01	-8.421991e+01
6.600000e-06	-4.294803e-06	-1.377338e-09	-2.980333e+01	-8.441476e+01
6.610000e-06	-4.323837e-06	-1.381037e-09	-3.000481e+01	-8.460195e+01
6.620000e-06	-4.352555e-06	-1.383763e-09	-3.020409e+01	-8.478215e+01
6.630000e-06	-4.380976e-06	-1.385477e-09	-3.040132e+01	-8.495604e+01
6.640000e-06	-4.409128e-06	-1.388603e-09	-3.059667e+01	-8.512432e+01
6.650000e-06	-4.437114e-06	-1.391418e-09	-3.079088e+01	-8.528774e+01
6.660000e-06	-4.464960e-06	-1.392776e-09	-3.098411e+01	-8.544699e+01
6.670000e-06	-4.492567e-06	-1.395176e-09	-3.117569e+01	-8.560280e+01
6.680000e-06	-4.519829e-06	-1.396700e-09	-3.136487e+01	-8.575585e+01
6.690000e-06	-4.546681e-06	-1.398013e-09	-3.155121e+01	-8.590680e+01
6.700000e-06	-4.573185e-06	-1.400167e-09	-3.173513e+01	-8.605625e+01
6.710000e-06	-4.599416e-06	-1.400804e-09	-3.191715e+01	-8.620475e+01
6.720000e-06	-4.625358e-06	-1.398341e-09	-3.209718e+01	-8.635278e+01
6.730000e-06	-4.650978e-06	-1.396591e-09	-3.227496e+01	-8.650077e+01
6.740000e-06	-4.676233e-06	-1.397270e-09	-3.245022e+01	-8.664902e+01
6.750000e-06	-4.701123e-06	-1.400933e-09	-3.262294e+01	-8.679780e+01
6.760000e-06	-4.725654e-06	-1.407647e-09	-3.279317e+01	-8.694723e+01
6.770000e-06	-4.749932e-06	-1.412719e-09	-3.296164e+01	-8.709738e+01
6.780000e-06	-4.774015e-06	-1.414041e-09	-3.312877e+01	-8.724821e+01
6.790000e-06	-4.797920e-06	-1.412761e-09	-3.329465e+01	-8.739957e+01
6.800000e-06	-4.821653e-06	-1.410668e-09	-3.345935e+01	-8.755123e+01
6.810000e-06	-4.845046e-06	-1.407627e-09	-3.362168e+01	-8.770289e+01
6.820000e-06	-4.867867e-06	-1.404972e-09	-3.378005e+01	-8.785413e+01
6.830000e-06	-4.890063e-06	-1.406183e-09	-3.393407e+01	-8.800450e+01
6.840000e-06	-4.911765e-06	-1.410553e-09	-3.408467e+01	-8.815346e+01
6.850000e-06	-4.932980e-06	-1.414563e-09	-3.423189e+01	-8.830041e+01
6.860000e-06	-4.953716e-06	-1.416867e-09	-3.437579e+01	-8.844475e+01
6.870000e-06	-4.974118e-06	-1.417833e-09	-3.451736e+01	-8.858580e+01
6.880000e-06	-4.994299e-06	-1.417639e-09	-3.465740e+01	-8.872291e+01
6.890000e-06	-5.014254e-06	-1.417131e-09	-3.479588e+01	-8.885539e+01
6.900000e-06	-5.033933e-06	-1.417716e-09	-3.493244e+01	-8.898260e+01
6.910000e-06	-5.053259e-06	-1.416862e-09	-3.506655e+01	-8.910390e+01
6.920000e-06	-5.072236e-06	-1.413830e-09	-3.519824e+01	-8.921870e+01
6.930000e-06	-5.090883e-06	-1.414295e-09	-3.532764e+01	-8.932644e+01
6.940000e-06	-5.109168e-06	-1.416789e-09	-3.545453e+01	-8.942665e+01
6.950000e-06	-5.127142e-06	-1.416435e-09	-3.557925e+01	-8.951890e+01
6.960000e-06	-5.144855e-06	-1.416121e-09	-3.570218e+01	-8.960287e+01
6.970000e-06	-5.162220e-06	-1.416190e-09	-3.582268e+01	-8.967831e+01
6.980000e-06	-5.179157e-06	-1.415016e-09	-3.594021e+01	-8.974504e+01
6.990000e-06	-5.195710e-06	-1.415293e-09	-3.605507e+01	-8.980300e+01
7.000000e-06	-5.212000e-06	-1.416423e-09	-3.616812e+01	-8.985221e+01
7.010000e-06	-5.228136e-06	-1.413047e-09	-3.628009e+01	-8.989279e+01
7.020000e-06	-5.244010e-06	-1.407647e-09	-3.639025e+01	-8.992495e+01
7.030000e-06	-5.259367e-06	-1.405007e-09	-3.649682e+01	-8.994897e+01
7.040000e-06	-5.274129e-06	-1.402861e-09	-3.659926e+01	-8.996522e+01
7.050000e-06	-5.288259e-06	-1.400393e-09	-3.669731e+01	-8.997414e+01
7.060000e-06	-5.301751e-06	-1.400727e-09	-3.679094e+01	-8.997625e+01
7.070000e-06	-5.314693e-06	-1.401470e-09	-3.688075e+01	-8.997209e+01
7.080000e-06	-5.327231e-06	-1.399363e-09	-3.696775e+01	-8.996226e+01
7.090000e-06	-5.339467e-06	-1.395526e-09	-3.705266e+01	-8.994740e+01
7.100000e-06	-5.351336e-06	-1.391516e-09	-3.713502e+01	-8.992815e+01
7.110000e-06	-5.362829e-06	-1.387091e-09	-3.721478e+01	-8.990517e+01
7.120000e-06	-5.373886e-06	-1.382940e-09	-3.729151e+01	-8.987911e+01
7.130000e-06	-5.384555e-06	-1.381117e-09	-3.736555e+01	-8.985060e+01
7.140000e-06	-5.394879e-06	-1.381443e-09	-3.743719e+01	-8.982026e+01
7.150000e-06	-5.404835e-06	-1.381933e-09	-3.750627e+01	-8.978865e+01
7.160000e-06	-5.414439e-06	-1.381216e-09	-3.757292e+01	-8.975630e+01
7.170000e-06	-5.423653e-06	-1.379875e-09	-3.763686e+01	-8.972368e+01
7.180000e-06	-5.432450e-06	-1.379016e-09	-3.769791e+01	-8.969123e+01
7.190000e-06	-5.440883e-06	-1.379556e-09	-3.775643e+01	-8.965928e+01
7.200000e-06	-5.449082e-06	-1.378753e-09	-3.781332e+01	-8.962813e+01
7.210000e-06	-5.457089e-06	-1.374816e-09	-3.786889e+01	-8.959800e+01
7.220000e-06	-5.464854e-06	-1.370691e-09	-3.792277e+01	-8.956905e+01
7.230000e-06	-5.472190e-06	-1.368029e-09	-3.797368e+01	-8.954137e+01
7.240000e-06	-5.479029e-06	-1.366601e-09	-3.802114e+01	-8.951499e+01
7.250000e-06	-5.485333e-06	-1.367162e-09	-3.806488e+01	-8.948988e+01
7.260000e-06	-5.491035e-06	-1.369546e-09	-3.810445e+01	-8.946596e+01
7.270000e-06	-5.496141e-06	-1.370087e-09	-3.813988e+01	-8.944311e+01
7.280000e-06	-5.500722e-06	-1.367551e-09	-3.817167e+01	-8.942116e+01
7.290000e-06	-5.504983e-06	-1.363910e-09	-3.820124e+01	-8.939993e+01
7.300000e-06	-5.508991e-06	-1.359614e-09	-3.822906e+01	-8.937920e+01
7.310000e-06	-5.512722e-06	-1.355238e-09	-3.825495e+01	-8.935875e+01
7.320000e-06	-5.516142e-06	-1.352259e-09	-3.827868e+01	-8.933834e+01
7.330000e-06	-5.519156e-06	-1.352495e-09	-3.829959e+01	-8.931775e+01
7.340000e-06	-5.521742e-06	-1.352066e-09	-3.831754e+01	-8.929677e+01
7.350000e-06	-5.524029e-06	-1.350111e-09	-3.833341e+01	-8.927520e+01
7.360000e-06	-5.526056e-06	-1.347517e-09	-3.834748e+01	-8.925286e+01
7.370000e-06	-5.527698e-06	-1.343811e-09	-3.835887e+01	-8.922962e+01
7.380000e-06	-5.528822e-06	-1.340532e-09	-3.836667e+01	-8.920535e+01
7.390000e-06	-5.529573e-06	-1.335691e-09	-3.837188e+01	-8.917998e+01
7.400000e-06	-5.530045e-06	-1.331412e-09	-3.837516e+01	-8.915347e+01
