# Temperatura_=_-5.58
# Concentracion g/m^3_=_1620.0
# C_Vs_to_Am_M_A/Vsm_=_65563218390.804596
# pendiente_HvsI_1/m_=_3716.3
# ordenada_HvsI_A/m_=_1297.0
# frecuencia_Hz_=_135106.98504015568

Tiempo_(s)	Campo_(V.s)	Magnetizacion_(V.s)	Campo_(kA/m)	Magnetizacion_(A/m)
0.000000e+00	-5.526783e-06	-1.072993e-09	-3.837056e+01	-7.310383e+01
1.000000e-08	-5.526917e-06	-1.071652e-09	-3.837149e+01	-7.308498e+01
2.000000e-08	-5.526924e-06	-1.070607e-09	-3.837154e+01	-7.306573e+01
3.000000e-08	-5.526598e-06	-1.069980e-09	-3.836928e+01	-7.304676e+01
4.000000e-08	-5.525816e-06	-1.069777e-09	-3.836384e+01	-7.302873e+01
5.000000e-08	-5.524535e-06	-1.065617e-09	-3.835495e+01	-7.301230e+01
6.000000e-08	-5.522675e-06	-1.057467e-09	-3.834204e+01	-7.299809e+01
7.000000e-08	-5.520124e-06	-1.044045e-09	-3.832433e+01	-7.298665e+01
8.000000e-08	-5.516868e-06	-1.029482e-09	-3.830172e+01	-7.297851e+01
9.000000e-08	-5.513134e-06	-1.076079e-09	-3.827580e+01	-7.297407e+01
1.000000e-07	-5.509074e-06	-1.135824e-09	-3.824761e+01	-7.297368e+01
1.100000e-07	-5.504708e-06	-1.056949e-09	-3.821730e+01	-7.297758e+01
1.200000e-07	-5.500189e-06	-9.708038e-10	-3.818592e+01	-7.298588e+01
1.300000e-07	-5.495487e-06	-1.023587e-09	-3.815328e+01	-7.299859e+01
1.400000e-07	-5.490253e-06	-1.112580e-09	-3.811695e+01	-7.301561e+01
1.500000e-07	-5.484486e-06	-1.097263e-09	-3.807690e+01	-7.303669e+01
1.600000e-07	-5.478421e-06	-9.806562e-10	-3.803480e+01	-7.306147e+01
1.700000e-07	-5.472066e-06	-1.052517e-09	-3.799068e+01	-7.308950e+01
1.800000e-07	-5.465200e-06	-1.122626e-09	-3.794301e+01	-7.312020e+01
1.900000e-07	-5.457953e-06	-1.125681e-09	-3.789269e+01	-7.315288e+01
2.000000e-07	-5.450470e-06	-1.017912e-09	-3.784075e+01	-7.318679e+01
2.100000e-07	-5.442755e-06	-1.049561e-09	-3.778718e+01	-7.322108e+01
2.200000e-07	-5.434766e-06	-1.112937e-09	-3.773172e+01	-7.325486e+01
2.300000e-07	-5.426430e-06	-1.137334e-09	-3.767385e+01	-7.328721e+01
2.400000e-07	-5.417725e-06	-1.083064e-09	-3.761341e+01	-7.331717e+01
2.500000e-07	-5.408437e-06	-1.087993e-09	-3.754892e+01	-7.334378e+01
2.600000e-07	-5.398389e-06	-1.130647e-09	-3.747916e+01	-7.336610e+01
2.700000e-07	-5.387676e-06	-1.116969e-09	-3.740478e+01	-7.338323e+01
2.800000e-07	-5.376455e-06	-1.079884e-09	-3.732688e+01	-7.339434e+01
2.900000e-07	-5.364807e-06	-1.081451e-09	-3.724602e+01	-7.339865e+01
3.000000e-07	-5.352842e-06	-1.144688e-09	-3.716295e+01	-7.339548e+01
3.100000e-07	-5.340564e-06	-1.131017e-09	-3.707771e+01	-7.338426e+01
3.200000e-07	-5.327801e-06	-1.124632e-09	-3.698909e+01	-7.336454e+01
3.300000e-07	-5.314539e-06	-1.118450e-09	-3.689702e+01	-7.333598e+01
3.400000e-07	-5.301010e-06	-1.174808e-09	-3.680309e+01	-7.329840e+01
3.500000e-07	-5.287201e-06	-1.128410e-09	-3.670723e+01	-7.325176e+01
3.600000e-07	-5.272922e-06	-1.101567e-09	-3.660809e+01	-7.319614e+01
3.700000e-07	-5.258224e-06	-1.110838e-09	-3.650605e+01	-7.313178e+01
3.800000e-07	-5.243105e-06	-1.156134e-09	-3.640108e+01	-7.305906e+01
3.900000e-07	-5.227261e-06	-1.087487e-09	-3.629108e+01	-7.297847e+01
4.000000e-07	-5.210916e-06	-1.089991e-09	-3.617761e+01	-7.289066e+01
4.100000e-07	-5.194351e-06	-1.145369e-09	-3.606260e+01	-7.279635e+01
4.200000e-07	-5.177402e-06	-1.127508e-09	-3.594493e+01	-7.269636e+01
4.300000e-07	-5.160029e-06	-1.048963e-09	-3.582431e+01	-7.259162e+01
4.400000e-07	-5.142420e-06	-1.117907e-09	-3.570206e+01	-7.248307e+01
4.500000e-07	-5.124555e-06	-1.152777e-09	-3.557803e+01	-7.237173e+01
4.600000e-07	-5.106128e-06	-1.062369e-09	-3.545009e+01	-7.225862e+01
4.700000e-07	-5.087178e-06	-1.050624e-09	-3.531853e+01	-7.214476e+01
4.800000e-07	-5.067940e-06	-1.138127e-09	-3.518497e+01	-7.203115e+01
4.900000e-07	-5.048387e-06	-1.093704e-09	-3.504922e+01	-7.191875e+01
5.000000e-07	-5.028562e-06	-1.050351e-09	-3.491158e+01	-7.180845e+01
5.100000e-07	-5.008588e-06	-1.128737e-09	-3.477291e+01	-7.170106e+01
5.200000e-07	-4.988348e-06	-1.116432e-09	-3.463239e+01	-7.159731e+01
5.300000e-07	-4.967660e-06	-1.037559e-09	-3.448876e+01	-7.149782e+01
5.400000e-07	-4.946620e-06	-1.095424e-09	-3.434268e+01	-7.140305e+01
5.500000e-07	-4.925256e-06	-1.137462e-09	-3.419436e+01	-7.131339e+01
5.600000e-07	-4.903538e-06	-1.040460e-09	-3.404359e+01	-7.122904e+01
5.700000e-07	-4.881602e-06	-1.046793e-09	-3.389129e+01	-7.115010e+01
5.800000e-07	-4.859400e-06	-1.118117e-09	-3.373715e+01	-7.107650e+01
5.900000e-07	-4.836831e-06	-1.075071e-09	-3.358046e+01	-7.100804e+01
6.000000e-07	-4.813860e-06	-1.035177e-09	-3.342098e+01	-7.094441e+01
6.100000e-07	-4.790590e-06	-1.101978e-09	-3.325943e+01	-7.088514e+01
6.200000e-07	-4.767088e-06	-1.083302e-09	-3.309626e+01	-7.082968e+01
6.300000e-07	-4.743328e-06	-1.040503e-09	-3.293130e+01	-7.077734e+01
6.400000e-07	-4.719372e-06	-1.075073e-09	-3.276498e+01	-7.072738e+01
6.500000e-07	-4.695114e-06	-1.096099e-09	-3.259657e+01	-7.067896e+01
6.600000e-07	-4.670396e-06	-1.048531e-09	-3.242496e+01	-7.063122e+01
6.700000e-07	-4.645149e-06	-1.066198e-09	-3.224968e+01	-7.058323e+01
6.800000e-07	-4.619263e-06	-1.081056e-09	-3.206996e+01	-7.053407e+01
6.900000e-07	-4.592846e-06	-1.055265e-09	-3.188655e+01	-7.048280e+01
7.000000e-07	-4.566140e-06	-1.047372e-09	-3.170115e+01	-7.042852e+01
7.100000e-07	-4.539045e-06	-1.071558e-09	-3.151303e+01	-7.037035e+01
7.200000e-07	-4.511491e-06	-1.048066e-09	-3.132173e+01	-7.030747e+01
7.300000e-07	-4.483745e-06	-1.039678e-09	-3.112910e+01	-7.023915e+01
7.400000e-07	-4.455896e-06	-1.054970e-09	-3.093576e+01	-7.016471e+01
7.500000e-07	-4.427836e-06	-1.053740e-09	-3.074095e+01	-7.008357e+01
7.600000e-07	-4.399483e-06	-1.037682e-09	-3.054410e+01	-6.999526e+01
7.700000e-07	-4.370773e-06	-1.043266e-09	-3.034478e+01	-6.989942e+01
7.800000e-07	-4.341731e-06	-1.034642e-09	-3.014315e+01	-6.979578e+01
7.900000e-07	-4.312367e-06	-1.018732e-09	-2.993929e+01	-6.968420e+01
8.000000e-07	-4.282719e-06	-1.024337e-09	-2.973345e+01	-6.956465e+01
8.100000e-07	-4.252848e-06	-1.027319e-09	-2.952607e+01	-6.943719e+01
8.200000e-07	-4.222714e-06	-1.014240e-09	-2.931685e+01	-6.930201e+01
8.300000e-07	-4.192343e-06	-1.016066e-09	-2.910600e+01	-6.915937e+01
8.400000e-07	-4.161610e-06	-1.026658e-09	-2.889263e+01	-6.900963e+01
8.500000e-07	-4.130486e-06	-1.014210e-09	-2.867655e+01	-6.885320e+01
8.600000e-07	-4.099080e-06	-1.007780e-09	-2.845851e+01	-6.869058e+01
8.700000e-07	-4.067478e-06	-1.011258e-09	-2.823911e+01	-6.852231e+01
8.800000e-07	-4.035773e-06	-1.006473e-09	-2.801899e+01	-6.834894e+01
8.900000e-07	-4.003872e-06	-9.937038e-10	-2.779751e+01	-6.817109e+01
9.000000e-07	-3.971725e-06	-1.002471e-09	-2.757432e+01	-6.798933e+01
9.100000e-07	-3.939407e-06	-1.001238e-09	-2.734995e+01	-6.780427e+01
9.200000e-07	-3.906837e-06	-9.930178e-10	-2.712383e+01	-6.761647e+01
9.300000e-07	-3.873856e-06	-9.941866e-10	-2.689485e+01	-6.742649e+01
9.400000e-07	-3.840407e-06	-1.002877e-09	-2.666263e+01	-6.723482e+01
9.500000e-07	-3.806429e-06	-9.894170e-10	-2.642673e+01	-6.704192e+01
9.600000e-07	-3.771904e-06	-9.824401e-10	-2.618704e+01	-6.684818e+01
9.700000e-07	-3.736982e-06	-9.809901e-10	-2.594459e+01	-6.665395e+01
9.800000e-07	-3.701727e-06	-9.742686e-10	-2.569982e+01	-6.645950e+01
9.900000e-07	-3.666156e-06	-9.622198e-10	-2.545286e+01	-6.626503e+01
1.000000e-06	-3.630438e-06	-9.695594e-10	-2.520489e+01	-6.607068e+01
1.010000e-06	-3.594617e-06	-9.699759e-10	-2.495619e+01	-6.587653e+01
1.020000e-06	-3.558702e-06	-9.652344e-10	-2.470685e+01	-6.568260e+01
1.030000e-06	-3.522676e-06	-9.672138e-10	-2.445673e+01	-6.548883e+01
1.040000e-06	-3.486432e-06	-9.729355e-10	-2.420510e+01	-6.529514e+01
1.050000e-06	-3.449910e-06	-9.623851e-10	-2.395154e+01	-6.510140e+01
1.060000e-06	-3.413122e-06	-9.543649e-10	-2.369614e+01	-6.490742e+01
1.070000e-06	-3.376084e-06	-9.527523e-10	-2.343899e+01	-6.471301e+01
1.080000e-06	-3.338783e-06	-9.498908e-10	-2.318003e+01	-6.451795e+01
1.090000e-06	-3.301236e-06	-9.536449e-10	-2.291935e+01	-6.432201e+01
1.100000e-06	-3.263459e-06	-9.607262e-10	-2.265708e+01	-6.412494e+01
1.110000e-06	-3.225420e-06	-9.622718e-10	-2.239298e+01	-6.392653e+01
1.120000e-06	-3.187137e-06	-9.533341e-10	-2.212720e+01	-6.372654e+01
1.130000e-06	-3.148669e-06	-9.512700e-10	-2.186013e+01	-6.352478e+01
1.140000e-06	-3.110016e-06	-9.491896e-10	-2.159177e+01	-6.332107e+01
1.150000e-06	-3.071107e-06	-9.436398e-10	-2.132164e+01	-6.311524e+01
1.160000e-06	-3.031938e-06	-9.383689e-10	-2.104971e+01	-6.290717e+01
1.170000e-06	-2.992596e-06	-9.367549e-10	-2.077657e+01	-6.269675e+01
1.180000e-06	-2.953146e-06	-9.306908e-10	-2.050268e+01	-6.248390e+01
1.190000e-06	-2.913605e-06	-9.270513e-10	-2.022816e+01	-6.226858e+01
1.200000e-06	-2.873895e-06	-9.230471e-10	-1.995246e+01	-6.205074e+01
1.210000e-06	-2.833980e-06	-9.192286e-10	-1.967535e+01	-6.183038e+01
1.220000e-06	-2.793945e-06	-9.135896e-10	-1.939741e+01	-6.160749e+01
1.230000e-06	-2.753814e-06	-9.123767e-10	-1.911879e+01	-6.138208e+01
1.240000e-06	-2.713516e-06	-9.104464e-10	-1.883901e+01	-6.115415e+01
1.250000e-06	-2.672977e-06	-9.102119e-10	-1.855756e+01	-6.092370e+01
1.260000e-06	-2.632184e-06	-9.067590e-10	-1.827435e+01	-6.069070e+01
1.270000e-06	-2.591144e-06	-9.037173e-10	-1.798943e+01	-6.045511e+01
1.280000e-06	-2.549815e-06	-8.986460e-10	-1.770249e+01	-6.021687e+01
1.290000e-06	-2.508170e-06	-8.954348e-10	-1.741336e+01	-5.997586e+01
1.300000e-06	-2.466284e-06	-8.920819e-10	-1.712256e+01	-5.973195e+01
1.310000e-06	-2.424150e-06	-8.855573e-10	-1.683004e+01	-5.948494e+01
1.320000e-06	-2.381629e-06	-8.775757e-10	-1.653483e+01	-5.923460e+01
1.330000e-06	-2.338777e-06	-8.710443e-10	-1.623732e+01	-5.898063e+01
1.340000e-06	-2.295707e-06	-8.682750e-10	-1.593831e+01	-5.872271e+01
1.350000e-06	-2.252470e-06	-8.667178e-10	-1.563813e+01	-5.846045e+01
1.360000e-06	-2.209082e-06	-8.630990e-10	-1.533690e+01	-5.819340e+01
1.370000e-06	-2.165544e-06	-8.569704e-10	-1.503463e+01	-5.792108e+01
1.380000e-06	-2.121917e-06	-8.496377e-10	-1.473174e+01	-5.764298e+01
1.390000e-06	-2.078183e-06	-8.406542e-10	-1.442811e+01	-5.735853e+01
1.400000e-06	-2.034311e-06	-8.324908e-10	-1.412353e+01	-5.706714e+01
1.410000e-06	-1.990368e-06	-8.250013e-10	-1.381845e+01	-5.676821e+01
1.420000e-06	-1.946395e-06	-8.204647e-10	-1.351315e+01	-5.646111e+01
1.430000e-06	-1.902393e-06	-8.190042e-10	-1.320766e+01	-5.614522e+01
1.440000e-06	-1.858340e-06	-8.200224e-10	-1.290182e+01	-5.581991e+01
1.450000e-06	-1.814148e-06	-8.163526e-10	-1.259501e+01	-5.548455e+01
1.460000e-06	-1.769762e-06	-8.077364e-10	-1.228685e+01	-5.513857e+01
1.470000e-06	-1.725191e-06	-7.945383e-10	-1.197741e+01	-5.478137e+01
1.480000e-06	-1.680493e-06	-7.823210e-10	-1.166709e+01	-5.441243e+01
1.490000e-06	-1.635688e-06	-7.731851e-10	-1.135602e+01	-5.403125e+01
1.500000e-06	-1.590687e-06	-7.679849e-10	-1.104359e+01	-5.363736e+01
1.510000e-06	-1.545565e-06	-7.642610e-10	-1.073033e+01	-5.323034e+01
1.520000e-06	-1.500419e-06	-7.612719e-10	-1.041690e+01	-5.280984e+01
1.530000e-06	-1.455174e-06	-7.560260e-10	-1.010278e+01	-5.237551e+01
1.540000e-06	-1.409870e-06	-7.448307e-10	-9.788242e+00	-5.192709e+01
1.550000e-06	-1.364472e-06	-7.293837e-10	-9.473060e+00	-5.146432e+01
1.560000e-06	-1.318975e-06	-7.165738e-10	-9.157194e+00	-5.098701e+01
1.570000e-06	-1.273438e-06	-7.069997e-10	-8.841045e+00	-5.049496e+01
1.580000e-06	-1.227776e-06	-7.001400e-10	-8.524027e+00	-4.998803e+01
1.590000e-06	-1.181935e-06	-6.967868e-10	-8.205772e+00	-4.946606e+01
1.600000e-06	-1.135995e-06	-6.953718e-10	-7.886825e+00	-4.892890e+01
1.610000e-06	-1.089989e-06	-6.899619e-10	-7.567421e+00	-4.837642e+01
1.620000e-06	-1.043859e-06	-6.813165e-10	-7.247154e+00	-4.780842e+01
1.630000e-06	-9.977044e-07	-6.723525e-10	-6.926719e+00	-4.722472e+01
1.640000e-06	-9.514951e-07	-6.628097e-10	-6.605904e+00	-4.662506e+01
1.650000e-06	-9.052171e-07	-6.531945e-10	-6.284612e+00	-4.600916e+01
1.660000e-06	-8.589227e-07	-6.434008e-10	-5.963206e+00	-4.537667e+01
1.670000e-06	-8.125382e-07	-6.326497e-10	-5.641174e+00	-4.472717e+01
1.680000e-06	-7.661251e-07	-6.208663e-10	-5.318944e+00	-4.406018e+01
1.690000e-06	-7.196487e-07	-6.095670e-10	-4.996274e+00	-4.337514e+01
1.700000e-06	-6.730722e-07	-5.983615e-10	-4.672910e+00	-4.267140e+01
1.710000e-06	-6.264793e-07	-5.881865e-10	-4.349431e+00	-4.194825e+01
1.720000e-06	-5.799270e-07	-5.798852e-10	-4.026234e+00	-4.120488e+01
1.730000e-06	-5.333525e-07	-5.718395e-10	-3.702883e+00	-4.044043e+01
1.740000e-06	-4.866751e-07	-5.611245e-10	-3.378818e+00	-3.965397e+01
1.750000e-06	-4.399324e-07	-5.485573e-10	-3.054300e+00	-3.884449e+01
1.760000e-06	-3.931580e-07	-5.338994e-10	-2.729561e+00	-3.801095e+01
1.770000e-06	-3.463467e-07	-5.183229e-10	-2.404567e+00	-3.715229e+01
1.780000e-06	-2.994590e-07	-5.034754e-10	-2.079041e+00	-3.626739e+01
1.790000e-06	-2.525631e-07	-4.902080e-10	-1.753459e+00	-3.535517e+01
1.800000e-06	-2.056709e-07	-4.775821e-10	-1.427903e+00	-3.441454e+01
1.810000e-06	-1.587395e-07	-4.639824e-10	-1.102074e+00	-3.344446e+01
1.820000e-06	-1.118426e-07	-4.496958e-10	-7.764851e-01	-3.244391e+01
1.830000e-06	-6.498139e-08	-4.369119e-10	-4.511435e-01	-3.141199e+01
1.840000e-06	-1.812624e-08	-4.231834e-10	-1.258442e-01	-3.034786e+01
1.850000e-06	2.869380e-08	-4.072862e-10	1.992112e-01	-2.925080e+01
1.860000e-06	7.546055e-08	-3.885260e-10	5.238967e-01	-2.812023e+01
1.870000e-06	1.222651e-07	-3.691049e-10	8.488446e-01	-2.695570e+01
1.880000e-06	1.692391e-07	-3.497478e-10	1.174969e+00	-2.575695e+01
1.890000e-06	2.162327e-07	-3.328316e-10	1.501230e+00	-2.452388e+01
1.900000e-06	2.630250e-07	-3.150704e-10	1.826092e+00	-2.325657e+01
1.910000e-06	3.097195e-07	-2.960661e-10	2.150276e+00	-2.195534e+01
1.920000e-06	3.565048e-07	-2.783527e-10	2.475091e+00	-2.062067e+01
1.930000e-06	4.033307e-07	-2.602522e-10	2.800187e+00	-1.925328e+01
1.940000e-06	4.500619e-07	-2.398404e-10	3.124626e+00	-1.785410e+01
1.950000e-06	4.966745e-07	-2.165511e-10	3.448241e+00	-1.642426e+01
1.960000e-06	5.432713e-07	-1.949585e-10	3.771746e+00	-1.496511e+01
1.970000e-06	5.898569e-07	-1.750023e-10	4.095174e+00	-1.347817e+01
1.980000e-06	6.363645e-07	-1.542662e-10	4.418060e+00	-1.196519e+01
1.990000e-06	6.828254e-07	-1.319560e-10	4.740623e+00	-1.042807e+01
2.000000e-06	7.292059e-07	-1.051929e-10	5.062626e+00	-8.868859e+00
2.010000e-06	7.754881e-07	-7.659065e-11	5.383948e+00	-7.289783e+00
2.020000e-06	8.217628e-07	-5.079676e-11	5.705218e+00	-5.693171e+00
2.030000e-06	8.679975e-07	-2.836050e-11	6.026209e+00	-4.081463e+00
2.040000e-06	9.141677e-07	-9.658669e-12	6.346753e+00	-2.457179e+00
2.050000e-06	9.603019e-07	1.116710e-11	6.667047e+00	-8.229055e-01
2.060000e-06	1.006387e-06	3.422750e-11	6.987003e+00	8.187357e-01
2.070000e-06	1.052450e-06	5.915297e-11	7.306798e+00	2.465105e+00
2.080000e-06	1.098419e-06	8.626409e-11	7.625946e+00	4.113567e+00
2.090000e-06	1.144264e-06	1.147946e-10	7.944233e+00	5.761514e+00
2.100000e-06	1.190154e-06	1.411078e-10	8.262834e+00	7.406385e+00
2.110000e-06	1.236064e-06	1.644150e-10	8.581571e+00	9.045683e+00
2.120000e-06	1.281786e-06	1.832207e-10	8.899001e+00	1.067700e+01
2.130000e-06	1.327304e-06	1.992798e-10	9.215017e+00	1.229801e+01
2.140000e-06	1.372702e-06	2.168628e-10	9.530200e+00	1.390651e+01
2.150000e-06	1.418012e-06	2.391355e-10	9.844773e+00	1.550043e+01
2.160000e-06	1.463264e-06	2.655092e-10	1.015894e+01	1.707782e+01
2.170000e-06	1.508404e-06	2.917957e-10	1.047233e+01	1.863685e+01
2.180000e-06	1.553449e-06	3.144815e-10	1.078506e+01	2.017588e+01
2.190000e-06	1.598382e-06	3.345324e-10	1.109702e+01	2.169337e+01
2.200000e-06	1.643161e-06	3.530026e-10	1.140790e+01	2.318795e+01
2.210000e-06	1.687848e-06	3.695623e-10	1.171815e+01	2.465839e+01
2.220000e-06	1.732375e-06	3.856643e-10	1.202729e+01	2.610360e+01
2.230000e-06	1.776754e-06	4.034957e-10	1.233540e+01	2.752263e+01
2.240000e-06	1.821011e-06	4.227764e-10	1.264266e+01	2.891466e+01
2.250000e-06	1.865142e-06	4.410684e-10	1.294904e+01	3.027899e+01
2.260000e-06	1.909183e-06	4.594499e-10	1.325480e+01	3.161505e+01
2.270000e-06	1.953160e-06	4.777631e-10	1.356012e+01	3.292236e+01
2.280000e-06	1.997070e-06	4.945118e-10	1.386497e+01	3.420055e+01
2.290000e-06	2.040919e-06	5.106489e-10	1.416940e+01	3.544933e+01
2.300000e-06	2.084713e-06	5.275436e-10	1.447344e+01	3.666850e+01
2.310000e-06	2.128469e-06	5.438843e-10	1.477723e+01	3.785794e+01
2.320000e-06	2.172156e-06	5.598399e-10	1.508054e+01	3.901758e+01
2.330000e-06	2.215723e-06	5.735516e-10	1.538300e+01	4.014741e+01
2.340000e-06	2.259104e-06	5.859161e-10	1.568418e+01	4.124748e+01
2.350000e-06	2.302243e-06	5.975871e-10	1.598368e+01	4.231788e+01
2.360000e-06	2.345255e-06	6.096944e-10	1.628230e+01	4.335873e+01
2.370000e-06	2.388081e-06	6.216940e-10	1.657963e+01	4.437022e+01
2.380000e-06	2.430524e-06	6.345431e-10	1.687430e+01	4.535254e+01
2.390000e-06	2.472533e-06	6.482154e-10	1.716595e+01	4.630593e+01
2.400000e-06	2.514261e-06	6.618550e-10	1.745565e+01	4.723065e+01
2.410000e-06	2.555844e-06	6.741696e-10	1.774435e+01	4.812701e+01
2.420000e-06	2.597143e-06	6.853451e-10	1.803107e+01	4.899533e+01
2.430000e-06	2.638025e-06	6.972030e-10	1.831490e+01	4.983596e+01
2.440000e-06	2.678554e-06	7.084065e-10	1.859628e+01	5.064930e+01
2.450000e-06	2.718848e-06	7.174857e-10	1.887603e+01	5.143577e+01
2.460000e-06	2.759018e-06	7.260195e-10	1.915491e+01	5.219582e+01
2.470000e-06	2.799160e-06	7.352866e-10	1.943360e+01	5.292994e+01
2.480000e-06	2.839164e-06	7.459734e-10	1.971134e+01	5.363867e+01
2.490000e-06	2.878982e-06	7.597323e-10	1.998779e+01	5.432255e+01
2.500000e-06	2.918689e-06	7.749988e-10	2.026345e+01	5.498218e+01
2.510000e-06	2.958263e-06	7.883129e-10	2.053821e+01	5.561819e+01
2.520000e-06	2.997651e-06	7.972252e-10	2.081166e+01	5.623124e+01
2.530000e-06	3.036784e-06	8.035138e-10	2.108335e+01	5.682201e+01
2.540000e-06	3.075694e-06	8.078297e-10	2.135349e+01	5.739121e+01
2.550000e-06	3.114368e-06	8.111125e-10	2.162199e+01	5.793959e+01
2.560000e-06	3.152815e-06	8.174539e-10	2.188891e+01	5.846791e+01
2.570000e-06	3.191130e-06	8.271782e-10	2.215492e+01	5.897693e+01
2.580000e-06	3.229251e-06	8.374131e-10	2.241958e+01	5.946744e+01
2.590000e-06	3.267128e-06	8.476251e-10	2.268255e+01	5.994021e+01
2.600000e-06	3.304802e-06	8.561806e-10	2.294411e+01	6.039603e+01
2.610000e-06	3.342267e-06	8.633079e-10	2.320421e+01	6.083567e+01
2.620000e-06	3.379484e-06	8.685674e-10	2.346260e+01	6.125990e+01
2.630000e-06	3.416436e-06	8.729784e-10	2.371914e+01	6.166945e+01
2.640000e-06	3.453107e-06	8.778129e-10	2.397374e+01	6.206503e+01
2.650000e-06	3.489497e-06	8.827310e-10	2.422638e+01	6.244734e+01
2.660000e-06	3.525635e-06	8.882211e-10	2.447727e+01	6.281701e+01
2.670000e-06	3.561573e-06	8.940777e-10	2.472678e+01	6.317467e+01
2.680000e-06	3.597432e-06	9.005946e-10	2.497574e+01	6.352089e+01
2.690000e-06	3.633250e-06	9.073428e-10	2.522441e+01	6.385619e+01
2.700000e-06	3.668863e-06	9.134434e-10	2.547165e+01	6.418106e+01
2.710000e-06	3.704231e-06	9.187184e-10	2.571721e+01	6.449593e+01
2.720000e-06	3.739333e-06	9.243268e-10	2.596091e+01	6.480121e+01
2.730000e-06	3.774126e-06	9.300140e-10	2.620246e+01	6.509726e+01
2.740000e-06	3.808542e-06	9.340095e-10	2.644140e+01	6.538438e+01
2.750000e-06	3.842510e-06	9.372908e-10	2.667723e+01	6.566285e+01
2.760000e-06	3.876027e-06	9.414077e-10	2.690992e+01	6.593292e+01
2.770000e-06	3.909109e-06	9.466360e-10	2.713960e+01	6.619481e+01
2.780000e-06	3.941789e-06	9.526423e-10	2.736649e+01	6.644871e+01
2.790000e-06	3.974080e-06	9.584987e-10	2.759067e+01	6.669479e+01
2.800000e-06	4.006110e-06	9.643903e-10	2.781305e+01	6.693322e+01
2.810000e-06	4.037996e-06	9.687152e-10	2.803442e+01	6.716415e+01
2.820000e-06	4.069783e-06	9.720895e-10	2.825510e+01	6.738773e+01
2.830000e-06	4.101434e-06	9.755067e-10	2.847485e+01	6.760410e+01
2.840000e-06	4.132822e-06	9.769965e-10	2.869276e+01	6.781343e+01
2.850000e-06	4.163877e-06	9.784914e-10	2.890837e+01	6.801587e+01
2.860000e-06	4.194608e-06	9.820739e-10	2.912172e+01	6.821160e+01
2.870000e-06	4.225018e-06	9.871142e-10	2.933285e+01	6.840081e+01
2.880000e-06	4.255071e-06	9.920695e-10	2.954150e+01	6.858370e+01
2.890000e-06	4.284870e-06	9.963011e-10	2.974838e+01	6.876049e+01
2.900000e-06	4.314480e-06	9.991531e-10	2.995395e+01	6.893140e+01
2.910000e-06	4.343766e-06	9.998914e-10	3.015728e+01	6.909669e+01
2.920000e-06	4.372618e-06	9.994952e-10	3.035759e+01	6.925660e+01
2.930000e-06	4.401131e-06	9.992641e-10	3.055555e+01	6.941140e+01
2.940000e-06	4.429490e-06	1.000873e-09	3.075243e+01	6.956135e+01
2.950000e-06	4.457680e-06	1.003847e-09	3.094815e+01	6.970672e+01
2.960000e-06	4.485666e-06	1.006737e-09	3.114244e+01	6.984777e+01
2.970000e-06	4.513485e-06	1.008536e-09	3.133558e+01	6.998475e+01
2.980000e-06	4.541097e-06	1.009579e-09	3.152728e+01	7.011789e+01
2.990000e-06	4.568411e-06	1.011716e-09	3.171691e+01	7.024742e+01
3.000000e-06	4.595380e-06	1.014086e-09	3.190415e+01	7.037353e+01
3.010000e-06	4.621805e-06	1.016556e-09	3.208761e+01	7.049638e+01
3.020000e-06	4.647591e-06	1.018798e-09	3.226663e+01	7.061611e+01
3.030000e-06	4.672808e-06	1.020867e-09	3.244170e+01	7.073282e+01
3.040000e-06	4.697469e-06	1.024017e-09	3.261292e+01	7.084659e+01
3.050000e-06	4.721702e-06	1.026101e-09	3.278116e+01	7.095744e+01
3.060000e-06	4.745721e-06	1.027179e-09	3.294791e+01	7.106537e+01
3.070000e-06	4.769599e-06	1.028879e-09	3.311369e+01	7.117034e+01
3.080000e-06	4.793219e-06	1.029990e-09	3.327768e+01	7.127228e+01
3.090000e-06	4.816475e-06	1.030750e-09	3.343914e+01	7.137109e+01
3.100000e-06	4.839350e-06	1.034034e-09	3.359795e+01	7.146663e+01
3.110000e-06	4.861843e-06	1.038556e-09	3.375411e+01	7.155876e+01
3.120000e-06	4.884017e-06	1.042982e-09	3.390805e+01	7.164733e+01
3.130000e-06	4.905869e-06	1.047801e-09	3.405977e+01	7.173215e+01
3.140000e-06	4.927425e-06	1.050943e-09	3.420942e+01	7.181306e+01
3.150000e-06	4.948672e-06	1.052104e-09	3.435693e+01	7.188990e+01
3.160000e-06	4.969540e-06	1.051910e-09	3.450181e+01	7.196251e+01
3.170000e-06	4.990072e-06	1.051653e-09	3.464436e+01	7.203077e+01
3.180000e-06	5.010288e-06	1.052854e-09	3.478471e+01	7.209457e+01
3.190000e-06	5.030248e-06	1.057026e-09	3.492329e+01	7.215384e+01
3.200000e-06	5.050054e-06	1.064312e-09	3.506079e+01	7.220856e+01
3.210000e-06	5.069727e-06	1.071978e-09	3.519737e+01	7.225875e+01
3.220000e-06	5.089075e-06	1.076265e-09	3.533171e+01	7.230447e+01
3.230000e-06	5.108006e-06	1.077585e-09	3.546313e+01	7.234584e+01
3.240000e-06	5.126465e-06	1.077090e-09	3.559129e+01	7.238302e+01
3.250000e-06	5.144386e-06	1.074862e-09	3.571571e+01	7.241626e+01
3.260000e-06	5.161874e-06	1.073358e-09	3.583712e+01	7.244581e+01
3.270000e-06	5.179016e-06	1.073804e-09	3.595613e+01	7.247200e+01
3.280000e-06	5.195824e-06	1.076666e-09	3.607282e+01	7.249520e+01
3.290000e-06	5.212370e-06	1.081035e-09	3.618770e+01	7.251581e+01
3.300000e-06	5.228648e-06	1.085474e-09	3.630071e+01	7.253428e+01
3.310000e-06	5.244528e-06	1.089971e-09	3.641096e+01	7.255106e+01
3.320000e-06	5.259924e-06	1.093326e-09	3.651785e+01	7.256662e+01
3.330000e-06	5.274763e-06	1.094141e-09	3.662087e+01	7.258145e+01
3.340000e-06	5.289132e-06	1.092753e-09	3.672063e+01	7.259603e+01
3.350000e-06	5.303159e-06	1.092009e-09	3.681802e+01	7.261081e+01
3.360000e-06	5.316802e-06	1.093881e-09	3.691274e+01	7.262622e+01
3.370000e-06	5.330054e-06	1.096694e-09	3.700474e+01	7.264268e+01
3.380000e-06	5.342896e-06	1.100019e-09	3.709389e+01	7.266053e+01
3.390000e-06	5.355353e-06	1.104938e-09	3.718038e+01	7.268007e+01
3.400000e-06	5.367483e-06	1.109993e-09	3.726460e+01	7.270154e+01
3.410000e-06	5.379270e-06	1.112079e-09	3.734643e+01	7.272512e+01
3.420000e-06	5.390747e-06	1.111872e-09	3.742611e+01	7.275092e+01
3.430000e-06	5.401893e-06	1.111969e-09	3.750349e+01	7.277895e+01
3.440000e-06	5.412443e-06	1.114437e-09	3.757673e+01	7.280916e+01
3.450000e-06	5.422183e-06	1.117391e-09	3.764436e+01	7.284144e+01
3.460000e-06	5.431226e-06	1.120163e-09	3.770714e+01	7.287557e+01
3.470000e-06	5.439686e-06	1.122201e-09	3.776587e+01	7.291130e+01
3.480000e-06	5.447811e-06	1.124088e-09	3.782228e+01	7.294828e+01
3.490000e-06	5.455751e-06	1.124876e-09	3.787741e+01	7.298612e+01
3.500000e-06	5.463445e-06	1.124169e-09	3.793082e+01	7.302439e+01
3.510000e-06	5.470871e-06	1.124743e-09	3.798238e+01	7.306262e+01
3.520000e-06	5.477909e-06	1.125635e-09	3.803124e+01	7.310029e+01
3.530000e-06	5.484533e-06	1.127140e-09	3.807723e+01	7.313690e+01
3.540000e-06	5.490800e-06	1.128096e-09	3.812074e+01	7.317194e+01
3.550000e-06	5.496663e-06	1.126751e-09	3.816145e+01	7.320490e+01
3.560000e-06	5.502062e-06	1.125442e-09	3.819893e+01	7.323531e+01
3.570000e-06	5.507111e-06	1.125086e-09	3.823398e+01	7.326274e+01
3.580000e-06	5.511861e-06	1.124805e-09	3.826696e+01	7.328680e+01
3.590000e-06	5.516238e-06	1.124586e-09	3.829735e+01	7.330717e+01
3.600000e-06	5.520322e-06	1.124640e-09	3.832571e+01	7.332359e+01
3.610000e-06	5.524167e-06	1.124776e-09	3.835240e+01	7.333591e+01
3.620000e-06	5.527817e-06	1.124544e-09	3.837774e+01	7.334403e+01
3.630000e-06	5.531191e-06	1.126652e-09	3.840116e+01	7.334796e+01
3.640000e-06	5.534117e-06	1.129272e-09	3.842147e+01	7.334780e+01
3.650000e-06	5.536405e-06	1.128221e-09	3.843736e+01	7.334375e+01
3.660000e-06	5.538024e-06	1.125525e-09	3.844860e+01	7.333607e+01
3.670000e-06	5.539006e-06	1.125994e-09	3.845542e+01	7.332515e+01
3.680000e-06	5.539498e-06	1.126221e-09	3.845884e+01	7.331142e+01
3.690000e-06	5.539666e-06	1.126244e-09	3.846000e+01	7.329540e+01
3.700000e-06	5.539527e-06	1.130130e-09	3.845904e+01	7.327767e+01
3.710000e-06	5.539155e-06	1.132482e-09	3.845646e+01	7.325883e+01
3.720000e-06	5.538440e-06	1.131267e-09	3.845149e+01	7.323955e+01
3.730000e-06	5.537307e-06	1.128472e-09	3.844363e+01	7.322049e+01
3.740000e-06	5.535840e-06	1.125506e-09	3.843344e+01	7.320232e+01
3.750000e-06	5.534076e-06	1.125616e-09	3.842120e+01	7.318569e+01
3.760000e-06	5.531961e-06	1.132217e-09	3.840651e+01	7.317123e+01
3.770000e-06	5.529473e-06	1.158985e-09	3.838923e+01	7.315950e+01
3.780000e-06	5.526638e-06	1.140390e-09	3.836955e+01	7.315102e+01
3.790000e-06	5.523316e-06	1.038152e-09	3.834649e+01	7.314622e+01
3.800000e-06	5.519402e-06	1.073711e-09	3.831931e+01	7.314544e+01
3.810000e-06	5.515086e-06	1.211296e-09	3.828935e+01	7.314894e+01
3.820000e-06	5.510734e-06	1.206358e-09	3.825914e+01	7.315683e+01
3.830000e-06	5.506360e-06	1.133644e-09	3.822877e+01	7.316913e+01
3.840000e-06	5.501396e-06	1.061156e-09	3.819431e+01	7.318575e+01
3.850000e-06	5.495487e-06	1.172694e-09	3.815328e+01	7.320646e+01
3.860000e-06	5.489177e-06	1.160305e-09	3.810947e+01	7.323092e+01
3.870000e-06	5.482875e-06	9.976442e-10	3.806572e+01	7.325866e+01
3.880000e-06	5.476022e-06	9.822068e-10	3.801814e+01	7.328911e+01
3.890000e-06	5.468425e-06	1.163356e-09	3.796540e+01	7.332162e+01
3.900000e-06	5.460570e-06	1.242887e-09	3.791087e+01	7.335541e+01
3.910000e-06	5.452543e-06	1.015413e-09	3.785514e+01	7.338966e+01
3.920000e-06	5.444064e-06	9.720431e-10	3.779627e+01	7.342348e+01
3.930000e-06	5.435025e-06	1.116740e-09	3.773351e+01	7.345595e+01
3.940000e-06	5.425883e-06	1.190548e-09	3.767005e+01	7.348609e+01
3.950000e-06	5.416582e-06	1.017234e-09	3.760547e+01	7.351298e+01
3.960000e-06	5.406539e-06	1.035450e-09	3.753575e+01	7.353565e+01
3.970000e-06	5.395971e-06	1.157548e-09	3.746238e+01	7.355321e+01
3.980000e-06	5.385328e-06	1.159272e-09	3.738849e+01	7.356481e+01
3.990000e-06	5.374345e-06	1.040584e-09	3.731223e+01	7.356967e+01
4.000000e-06	5.362691e-06	1.079303e-09	3.723133e+01	7.356710e+01
4.010000e-06	5.350717e-06	1.170826e-09	3.714820e+01	7.355653e+01
4.020000e-06	5.338532e-06	1.133221e-09	3.706359e+01	7.353749e+01
4.030000e-06	5.325703e-06	1.064003e-09	3.697453e+01	7.350964e+01
4.040000e-06	5.312205e-06	1.107557e-09	3.688082e+01	7.347278e+01
4.050000e-06	5.298401e-06	1.193721e-09	3.678498e+01	7.342684e+01
4.060000e-06	5.284145e-06	1.129573e-09	3.668601e+01	7.337192e+01
4.070000e-06	5.269106e-06	1.042133e-09	3.658159e+01	7.330824e+01
4.080000e-06	5.253445e-06	1.085569e-09	3.647287e+01	7.323615e+01
4.090000e-06	5.237531e-06	1.202002e-09	3.636238e+01	7.315616e+01
4.100000e-06	5.221342e-06	1.117311e-09	3.624999e+01	7.306888e+01
4.110000e-06	5.204760e-06	1.019722e-09	3.613486e+01	7.297504e+01
4.120000e-06	5.188031e-06	1.108700e-09	3.601872e+01	7.287545e+01
4.130000e-06	5.171139e-06	1.193427e-09	3.590144e+01	7.277103e+01
4.140000e-06	5.153741e-06	1.041556e-09	3.578066e+01	7.266272e+01
4.150000e-06	5.135881e-06	1.041395e-09	3.565666e+01	7.255153e+01
4.160000e-06	5.117722e-06	1.177812e-09	3.553059e+01	7.243849e+01
4.170000e-06	5.099231e-06	1.116201e-09	3.540221e+01	7.232461e+01
4.180000e-06	5.080380e-06	9.871016e-10	3.527134e+01	7.221090e+01
4.190000e-06	5.061181e-06	1.134075e-09	3.513805e+01	7.209832e+01
4.200000e-06	5.041609e-06	1.169569e-09	3.500216e+01	7.198777e+01
4.210000e-06	5.021717e-06	1.013069e-09	3.486406e+01	7.188007e+01
4.220000e-06	5.001602e-06	1.060232e-09	3.472441e+01	7.177595e+01
4.230000e-06	4.981298e-06	1.178954e-09	3.458344e+01	7.167604e+01
4.240000e-06	4.960686e-06	1.052772e-09	3.444034e+01	7.158082e+01
4.250000e-06	4.939705e-06	1.040810e-09	3.429468e+01	7.149068e+01
4.260000e-06	4.918353e-06	1.179138e-09	3.414644e+01	7.140585e+01
4.270000e-06	4.896386e-06	1.099418e-09	3.399393e+01	7.132641e+01
4.280000e-06	4.873742e-06	1.014802e-09	3.383672e+01	7.125233e+01
4.290000e-06	4.850679e-06	1.152561e-09	3.367660e+01	7.118341e+01
4.300000e-06	4.827220e-06	1.151795e-09	3.351373e+01	7.111935e+01
4.310000e-06	4.803382e-06	1.023076e-09	3.334824e+01	7.105970e+01
4.320000e-06	4.779328e-06	1.089888e-09	3.318123e+01	7.100390e+01
4.330000e-06	4.755032e-06	1.147282e-09	3.301256e+01	7.095129e+01
4.340000e-06	4.730419e-06	1.058995e-09	3.284167e+01	7.090112e+01
4.350000e-06	4.705493e-06	1.064901e-09	3.266862e+01	7.085257e+01
4.360000e-06	4.680260e-06	1.126814e-09	3.249344e+01	7.080476e+01
4.370000e-06	4.654665e-06	1.066396e-09	3.231574e+01	7.075679e+01
4.380000e-06	4.628758e-06	1.048295e-09	3.213588e+01	7.070772e+01
4.390000e-06	4.602619e-06	1.098736e-09	3.195440e+01	7.065662e+01
4.400000e-06	4.576184e-06	1.089189e-09	3.177088e+01	7.060258e+01
4.410000e-06	4.549372e-06	1.056438e-09	3.158473e+01	7.054472e+01
4.420000e-06	4.522199e-06	1.081437e-09	3.139608e+01	7.048223e+01
4.430000e-06	4.494710e-06	1.078274e-09	3.120523e+01	7.041435e+01
4.440000e-06	4.466919e-06	1.066323e-09	3.101229e+01	7.034040e+01
4.450000e-06	4.438919e-06	1.077809e-09	3.081789e+01	7.025979e+01
4.460000e-06	4.410782e-06	1.081447e-09	3.062255e+01	7.017206e+01
4.470000e-06	4.382495e-06	1.056970e-09	3.042616e+01	7.007681e+01
4.480000e-06	4.353938e-06	1.064051e-09	3.022790e+01	6.997379e+01
4.490000e-06	4.324974e-06	1.071308e-09	3.002681e+01	6.986283e+01
4.500000e-06	4.295578e-06	1.062571e-09	2.982273e+01	6.974390e+01
4.510000e-06	4.265671e-06	1.059895e-09	2.961509e+01	6.961706e+01
4.520000e-06	4.235198e-06	1.071726e-09	2.940353e+01	6.948247e+01
4.530000e-06	4.204195e-06	1.059345e-09	2.918828e+01	6.934040e+01
4.540000e-06	4.172762e-06	1.057125e-09	2.897005e+01	6.919119e+01
4.550000e-06	4.141045e-06	1.075413e-09	2.874985e+01	6.903526e+01
4.560000e-06	4.109162e-06	1.070931e-09	2.852850e+01	6.887310e+01
4.570000e-06	4.077064e-06	1.051437e-09	2.830566e+01	6.870523e+01
4.580000e-06	4.044781e-06	1.063675e-09	2.808153e+01	6.853223e+01
4.590000e-06	4.012341e-06	1.073722e-09	2.785630e+01	6.835468e+01
4.600000e-06	3.979648e-06	1.060352e-09	2.762933e+01	6.817318e+01
4.610000e-06	3.946625e-06	1.065059e-09	2.740007e+01	6.798833e+01
4.620000e-06	3.913227e-06	1.076196e-09	2.716819e+01	6.780070e+01
4.630000e-06	3.879558e-06	1.061089e-09	2.693444e+01	6.761084e+01
4.640000e-06	3.845738e-06	1.050597e-09	2.669964e+01	6.741925e+01
4.650000e-06	3.811729e-06	1.064830e-09	2.646352e+01	6.722639e+01
4.660000e-06	3.777448e-06	1.057315e-09	2.622553e+01	6.703267e+01
4.670000e-06	3.742848e-06	1.042127e-09	2.598531e+01	6.683843e+01
4.680000e-06	3.707940e-06	1.048043e-09	2.574295e+01	6.664394e+01
4.690000e-06	3.672777e-06	1.056603e-09	2.549883e+01	6.644943e+01
4.700000e-06	3.637408e-06	1.044104e-09	2.525327e+01	6.625502e+01
4.710000e-06	3.601827e-06	1.045456e-09	2.500625e+01	6.606082e+01
4.720000e-06	3.566026e-06	1.051343e-09	2.475769e+01	6.586682e+01
4.730000e-06	3.530088e-06	1.043768e-09	2.450819e+01	6.567301e+01
4.740000e-06	3.494029e-06	1.036100e-09	2.425784e+01	6.547928e+01
4.750000e-06	3.457801e-06	1.044550e-09	2.400633e+01	6.528550e+01
4.760000e-06	3.421416e-06	1.037379e-09	2.375372e+01	6.509151e+01
4.770000e-06	3.384802e-06	1.025001e-09	2.349952e+01	6.489710e+01
4.780000e-06	3.347897e-06	1.026439e-09	2.324330e+01	6.470206e+01
4.790000e-06	3.310616e-06	1.029818e-09	2.298447e+01	6.450616e+01
4.800000e-06	3.272925e-06	1.020297e-09	2.272280e+01	6.430915e+01
4.810000e-06	3.234801e-06	1.016084e-09	2.245812e+01	6.411082e+01
4.820000e-06	3.196257e-06	1.013524e-09	2.219052e+01	6.391093e+01
4.830000e-06	3.157432e-06	1.007375e-09	2.192097e+01	6.370929e+01
4.840000e-06	3.118235e-06	1.007055e-09	2.164884e+01	6.350570e+01
4.850000e-06	3.078734e-06	1.012809e-09	2.137460e+01	6.330002e+01
4.860000e-06	3.039069e-06	1.007796e-09	2.109921e+01	6.309209e+01
4.870000e-06	2.999240e-06	9.980231e-10	2.082270e+01	6.288183e+01
4.880000e-06	2.959259e-06	9.938882e-10	2.054512e+01	6.266915e+01
4.890000e-06	2.919158e-06	9.912990e-10	2.026671e+01	6.245399e+01
4.900000e-06	2.878907e-06	9.888186e-10	1.998726e+01	6.223632e+01
4.910000e-06	2.838472e-06	9.883944e-10	1.970654e+01	6.201613e+01
4.920000e-06	2.797894e-06	9.884782e-10	1.942482e+01	6.179341e+01
4.930000e-06	2.757114e-06	9.846051e-10	1.914170e+01	6.156817e+01
4.940000e-06	2.716088e-06	9.829205e-10	1.885687e+01	6.134041e+01
4.950000e-06	2.674940e-06	9.801564e-10	1.857119e+01	6.111012e+01
4.960000e-06	2.633658e-06	9.716212e-10	1.828458e+01	6.087729e+01
4.970000e-06	2.592218e-06	9.599107e-10	1.799688e+01	6.064188e+01
4.980000e-06	2.550596e-06	9.564503e-10	1.770792e+01	6.040382e+01
4.990000e-06	2.508775e-06	9.552067e-10	1.741757e+01	6.016301e+01
5.000000e-06	2.466811e-06	9.530235e-10	1.712622e+01	5.991930e+01
5.010000e-06	2.424745e-06	9.487291e-10	1.683417e+01	5.967252e+01
5.020000e-06	2.382504e-06	9.435355e-10	1.654091e+01	5.942242e+01
5.030000e-06	2.340010e-06	9.344938e-10	1.624589e+01	5.916873e+01
5.040000e-06	2.297395e-06	9.294054e-10	1.595002e+01	5.891112e+01
5.050000e-06	2.254587e-06	9.249372e-10	1.565283e+01	5.864919e+01
5.060000e-06	2.211545e-06	9.204393e-10	1.535400e+01	5.838251e+01
5.070000e-06	2.168324e-06	9.151068e-10	1.505393e+01	5.811061e+01
5.080000e-06	2.124999e-06	9.110223e-10	1.475314e+01	5.783297e+01
5.090000e-06	2.081545e-06	9.057420e-10	1.445145e+01	5.754903e+01
5.100000e-06	2.037940e-06	9.014107e-10	1.414872e+01	5.725820e+01
5.110000e-06	1.994282e-06	8.989684e-10	1.384561e+01	5.695988e+01
5.120000e-06	1.950557e-06	8.972528e-10	1.354205e+01	5.665345e+01
5.130000e-06	1.906678e-06	8.945813e-10	1.323741e+01	5.633827e+01
5.140000e-06	1.862683e-06	8.921031e-10	1.293197e+01	5.601372e+01
5.150000e-06	1.818657e-06	8.884001e-10	1.262631e+01	5.567919e+01
5.160000e-06	1.774567e-06	8.814087e-10	1.232021e+01	5.533407e+01
5.170000e-06	1.730342e-06	8.730970e-10	1.201317e+01	5.497779e+01
5.180000e-06	1.686015e-06	8.655396e-10	1.170542e+01	5.460981e+01
5.190000e-06	1.641624e-06	8.630282e-10	1.139723e+01	5.422962e+01
5.200000e-06	1.597067e-06	8.618566e-10	1.108789e+01	5.383676e+01
5.210000e-06	1.552408e-06	8.599692e-10	1.077784e+01	5.343081e+01
5.220000e-06	1.507773e-06	8.569103e-10	1.046795e+01	5.301140e+01
5.230000e-06	1.463071e-06	8.516185e-10	1.015760e+01	5.257820e+01
5.240000e-06	1.418223e-06	8.421091e-10	9.846237e+00	5.213092e+01
5.250000e-06	1.373267e-06	8.309120e-10	9.534119e+00	5.166932e+01
5.260000e-06	1.328301e-06	8.231668e-10	9.221938e+00	5.119318e+01
5.270000e-06	1.283267e-06	8.192893e-10	8.909281e+00	5.070233e+01
5.280000e-06	1.238043e-06	8.174563e-10	8.595305e+00	5.019660e+01
5.290000e-06	1.192654e-06	8.129113e-10	8.280187e+00	4.967584e+01
5.300000e-06	1.147127e-06	8.060497e-10	7.964108e+00	4.913992e+01
5.310000e-06	1.101415e-06	7.999093e-10	7.646750e+00	4.858868e+01
5.320000e-06	1.055566e-06	7.914422e-10	7.328431e+00	4.802194e+01
5.330000e-06	1.009659e-06	7.830185e-10	7.009713e+00	4.743951e+01
5.340000e-06	9.637168e-07	7.782582e-10	6.690755e+00	4.684115e+01
5.350000e-06	9.177396e-07	7.740259e-10	6.371551e+00	4.622657e+01
5.360000e-06	8.717142e-07	7.660273e-10	6.052013e+00	4.559544e+01
5.370000e-06	8.255399e-07	7.582288e-10	5.731441e+00	4.494734e+01
5.380000e-06	7.791986e-07	7.484869e-10	5.409708e+00	4.428178e+01
5.390000e-06	7.327687e-07	7.371949e-10	5.087362e+00	4.359823e+01
5.400000e-06	6.863319e-07	7.259722e-10	4.764967e+00	4.289603e+01
5.410000e-06	6.399032e-07	7.165044e-10	4.442628e+00	4.217448e+01
5.420000e-06	5.934340e-07	7.055619e-10	4.120009e+00	4.143279e+01
5.430000e-06	5.470287e-07	6.942178e-10	3.797833e+00	4.067010e+01
5.440000e-06	5.006280e-07	6.828064e-10	3.475689e+00	3.988546e+01
5.450000e-06	4.540971e-07	6.673034e-10	3.152641e+00	3.907790e+01
5.460000e-06	4.074968e-07	6.481906e-10	2.829111e+00	3.824637e+01
5.470000e-06	3.608279e-07	6.327750e-10	2.505104e+00	3.738979e+01
5.480000e-06	3.141273e-07	6.213693e-10	2.180878e+00	3.650709e+01
5.490000e-06	2.674586e-07	6.087165e-10	1.856873e+00	3.559714e+01
5.500000e-06	2.208023e-07	5.948406e-10	1.532955e+00	3.465888e+01
5.510000e-06	1.741951e-07	5.793694e-10	1.209377e+00	3.369125e+01
5.520000e-06	1.275437e-07	5.630148e-10	8.854923e-01	3.269324e+01
5.530000e-06	8.083681e-08	5.462995e-10	5.612222e-01	3.166392e+01
5.540000e-06	3.418308e-08	5.298435e-10	2.373214e-01	3.060246e+01
5.550000e-06	-1.251819e-08	5.135554e-10	-8.690950e-02	2.950813e+01
5.560000e-06	-5.922964e-08	4.975797e-10	-4.112111e-01	2.838033e+01
5.570000e-06	-1.058560e-07	4.801434e-10	-7.349217e-01	2.721860e+01
5.580000e-06	-1.525196e-07	4.588801e-10	-1.058891e+00	2.602267e+01
5.590000e-06	-1.991609e-07	4.360094e-10	-1.382706e+00	2.479241e+01
5.600000e-06	-2.457612e-07	4.157301e-10	-1.706236e+00	2.352791e+01
5.610000e-06	-2.924147e-07	3.949228e-10	-2.030135e+00	2.222944e+01
5.620000e-06	-3.390525e-07	3.708276e-10	-2.353926e+00	2.089750e+01
5.630000e-06	-3.855844e-07	3.466980e-10	-2.676980e+00	1.953276e+01
5.640000e-06	-4.320566e-07	3.240648e-10	-2.999621e+00	1.813615e+01
5.650000e-06	-4.785419e-07	2.983345e-10	-3.322352e+00	1.670878e+01
5.660000e-06	-5.249911e-07	2.723296e-10	-3.644833e+00	1.525196e+01
5.670000e-06	-5.713565e-07	2.489431e-10	-3.966732e+00	1.376724e+01
5.680000e-06	-6.176879e-07	2.250831e-10	-4.288395e+00	1.225632e+01
5.690000e-06	-6.639983e-07	1.998519e-10	-4.609912e+00	1.072109e+01
5.700000e-06	-7.103418e-07	1.747448e-10	-4.931660e+00	9.163595e+00
5.710000e-06	-7.566450e-07	1.486136e-10	-5.253127e+00	7.586046e+00
5.720000e-06	-8.028286e-07	1.221030e-10	-5.573764e+00	5.990762e+00
5.730000e-06	-8.489570e-07	9.619951e-11	-5.894018e+00	4.380175e+00
5.740000e-06	-8.949962e-07	6.937349e-11	-6.213652e+00	2.756800e+00
5.750000e-06	-9.410104e-07	4.111080e-11	-6.533113e+00	1.123217e+00
5.760000e-06	-9.870042e-07	1.445365e-11	-6.852432e+00	-5.179522e-01
5.770000e-06	-1.032821e-06	-1.018860e-11	-7.170520e+00	-2.164069e+00
5.780000e-06	-1.078532e-06	-3.711863e-11	-7.487881e+00	-3.812499e+00
5.790000e-06	-1.124094e-06	-6.640693e-11	-7.804200e+00	-5.460629e+00
5.800000e-06	-1.169448e-06	-9.745077e-11	-8.119077e+00	-7.105894e+00
5.810000e-06	-1.214665e-06	-1.279625e-10	-8.433005e+00	-8.745791e+00
5.820000e-06	-1.259815e-06	-1.554302e-10	-8.746466e+00	-1.037790e+01
5.830000e-06	-1.304977e-06	-1.816139e-10	-9.060010e+00	-1.199990e+01
5.840000e-06	-1.349967e-06	-2.075627e-10	-9.372361e+00	-1.360957e+01
5.850000e-06	-1.394773e-06	-2.327645e-10	-9.683432e+00	-1.520482e+01
5.860000e-06	-1.439472e-06	-2.597637e-10	-9.993759e+00	-1.678370e+01
5.870000e-06	-1.484013e-06	-2.879758e-10	-1.030299e+01	-1.834437e+01
5.880000e-06	-1.528492e-06	-3.143452e-10	-1.061180e+01	-1.988516e+01
5.890000e-06	-1.572970e-06	-3.392544e-10	-1.092059e+01	-2.140454e+01
5.900000e-06	-1.617341e-06	-3.657057e-10	-1.122865e+01	-2.290112e+01
5.910000e-06	-1.661622e-06	-3.915361e-10	-1.153608e+01	-2.437366e+01
5.920000e-06	-1.705871e-06	-4.160132e-10	-1.184328e+01	-2.582105e+01
5.930000e-06	-1.750028e-06	-4.396607e-10	-1.214984e+01	-2.724234e+01
5.940000e-06	-1.794116e-06	-4.618380e-10	-1.245593e+01	-2.863669e+01
5.950000e-06	-1.838162e-06	-4.837075e-10	-1.276173e+01	-3.000340e+01
5.960000e-06	-1.882139e-06	-5.071450e-10	-1.306704e+01	-3.134187e+01
5.970000e-06	-1.926082e-06	-5.305014e-10	-1.337212e+01	-3.265163e+01
5.980000e-06	-1.969974e-06	-5.517570e-10	-1.367685e+01	-3.393230e+01
5.990000e-06	-2.013733e-06	-5.735839e-10	-1.398066e+01	-3.518358e+01
6.000000e-06	-2.057382e-06	-5.959977e-10	-1.428370e+01	-3.640527e+01
6.010000e-06	-2.100879e-06	-6.164506e-10	-1.458568e+01	-3.759723e+01
6.020000e-06	-2.144166e-06	-6.331390e-10	-1.488621e+01	-3.875940e+01
6.030000e-06	-2.187285e-06	-6.477983e-10	-1.518557e+01	-3.989175e+01
6.040000e-06	-2.230212e-06	-6.638433e-10	-1.548360e+01	-4.099434e+01
6.050000e-06	-2.272918e-06	-6.804319e-10	-1.578009e+01	-4.206724e+01
6.060000e-06	-2.315476e-06	-6.966047e-10	-1.607556e+01	-4.311060e+01
6.070000e-06	-2.357903e-06	-7.143108e-10	-1.637011e+01	-4.412457e+01
6.080000e-06	-2.400165e-06	-7.340857e-10	-1.666352e+01	-4.510935e+01
6.090000e-06	-2.442292e-06	-7.518671e-10	-1.695600e+01	-4.606518e+01
6.100000e-06	-2.484260e-06	-7.658303e-10	-1.724736e+01	-4.699233e+01
6.110000e-06	-2.526001e-06	-7.772402e-10	-1.753716e+01	-4.789108e+01
6.120000e-06	-2.567553e-06	-7.879158e-10	-1.782564e+01	-4.876176e+01
6.130000e-06	-2.608946e-06	-8.011518e-10	-1.811302e+01	-4.960472e+01
6.140000e-06	-2.650192e-06	-8.155667e-10	-1.839937e+01	-5.042036e+01
6.150000e-06	-2.691255e-06	-8.298250e-10	-1.868446e+01	-5.120910e+01
6.160000e-06	-2.732076e-06	-8.443203e-10	-1.896787e+01	-5.197137e+01
6.170000e-06	-2.772681e-06	-8.577133e-10	-1.924978e+01	-5.270768e+01
6.180000e-06	-2.813093e-06	-8.702225e-10	-1.953034e+01	-5.341854e+01
6.190000e-06	-2.853412e-06	-8.820106e-10	-1.981026e+01	-5.410451e+01
6.200000e-06	-2.893648e-06	-8.930597e-10	-2.008961e+01	-5.476619e+01
6.210000e-06	-2.933759e-06	-9.041968e-10	-2.036809e+01	-5.540418e+01
6.220000e-06	-2.973663e-06	-9.156545e-10	-2.064513e+01	-5.601915e+01
6.230000e-06	-3.013359e-06	-9.258020e-10	-2.092072e+01	-5.661179e+01
6.240000e-06	-3.052953e-06	-9.352008e-10	-2.119560e+01	-5.718281e+01
6.250000e-06	-3.092411e-06	-9.452927e-10	-2.146955e+01	-5.773294e+01
6.260000e-06	-3.131600e-06	-9.536322e-10	-2.174163e+01	-5.826294e+01
6.270000e-06	-3.170441e-06	-9.601409e-10	-2.201128e+01	-5.877358e+01
6.280000e-06	-3.208863e-06	-9.659462e-10	-2.227803e+01	-5.926564e+01
6.290000e-06	-3.246899e-06	-9.744613e-10	-2.254211e+01	-5.973990e+01
6.300000e-06	-3.284543e-06	-9.880307e-10	-2.280346e+01	-6.019715e+01
6.310000e-06	-3.321728e-06	-1.001480e-09	-2.306162e+01	-6.063815e+01
6.320000e-06	-3.358520e-06	-1.012422e-09	-2.331705e+01	-6.106368e+01
6.330000e-06	-3.394992e-06	-1.019974e-09	-2.357026e+01	-6.147446e+01
6.340000e-06	-3.431302e-06	-1.024512e-09	-2.382236e+01	-6.187123e+01
6.350000e-06	-3.467535e-06	-1.027663e-09	-2.407391e+01	-6.225465e+01
6.360000e-06	-3.503638e-06	-1.029884e-09	-2.432456e+01	-6.262540e+01
6.370000e-06	-3.539588e-06	-1.034114e-09	-2.457415e+01	-6.298408e+01
6.380000e-06	-3.575362e-06	-1.042471e-09	-2.482251e+01	-6.333127e+01
6.390000e-06	-3.610994e-06	-1.053440e-09	-2.506989e+01	-6.366750e+01
6.400000e-06	-3.646383e-06	-1.063722e-09	-2.531559e+01	-6.399326e+01
6.410000e-06	-3.681445e-06	-1.071288e-09	-2.555901e+01	-6.430900e+01
6.420000e-06	-3.716238e-06	-1.076519e-09	-2.580056e+01	-6.461511e+01
6.430000e-06	-3.750791e-06	-1.078566e-09	-2.604045e+01	-6.491195e+01
6.440000e-06	-3.785113e-06	-1.078363e-09	-2.627874e+01	-6.519984e+01
6.450000e-06	-3.819138e-06	-1.080603e-09	-2.651497e+01	-6.547906e+01
6.460000e-06	-3.852887e-06	-1.083629e-09	-2.674927e+01	-6.574987e+01
6.470000e-06	-3.886364e-06	-1.085923e-09	-2.698170e+01	-6.601247e+01
6.480000e-06	-3.919522e-06	-1.089502e-09	-2.721190e+01	-6.626707e+01
6.490000e-06	-3.952399e-06	-1.094573e-09	-2.744015e+01	-6.651384e+01
6.500000e-06	-3.985041e-06	-1.100896e-09	-2.766677e+01	-6.675295e+01
6.510000e-06	-4.017440e-06	-1.106535e-09	-2.789171e+01	-6.698454e+01
6.520000e-06	-4.049671e-06	-1.109428e-09	-2.811548e+01	-6.720876e+01
6.530000e-06	-4.081744e-06	-1.109737e-09	-2.833815e+01	-6.742577e+01
6.540000e-06	-4.113672e-06	-1.109224e-09	-2.855981e+01	-6.763572e+01
6.550000e-06	-4.145378e-06	-1.109923e-09	-2.877994e+01	-6.783877e+01
6.560000e-06	-4.176580e-06	-1.111715e-09	-2.899656e+01	-6.803510e+01
6.570000e-06	-4.207287e-06	-1.114559e-09	-2.920975e+01	-6.822489e+01
6.580000e-06	-4.237528e-06	-1.117096e-09	-2.941970e+01	-6.840834e+01
6.590000e-06	-4.267346e-06	-1.119001e-09	-2.962672e+01	-6.858566e+01
6.600000e-06	-4.296747e-06	-1.122186e-09	-2.983084e+01	-6.875710e+01
6.610000e-06	-4.325658e-06	-1.124430e-09	-3.003156e+01	-6.892289e+01
6.620000e-06	-4.354256e-06	-1.126267e-09	-3.023011e+01	-6.908328e+01
6.630000e-06	-4.382635e-06	-1.127048e-09	-3.042713e+01	-6.923853e+01
6.640000e-06	-4.410818e-06	-1.125455e-09	-3.062280e+01	-6.938892e+01
6.650000e-06	-4.438781e-06	-1.122020e-09	-3.081694e+01	-6.953471e+01
6.660000e-06	-4.466496e-06	-1.120801e-09	-3.100935e+01	-6.967615e+01
6.670000e-06	-4.493972e-06	-1.121780e-09	-3.120011e+01	-6.981349e+01
6.680000e-06	-4.521127e-06	-1.123695e-09	-3.138863e+01	-6.994699e+01
6.690000e-06	-4.547856e-06	-1.126921e-09	-3.157420e+01	-7.007685e+01
6.700000e-06	-4.574263e-06	-1.128465e-09	-3.175754e+01	-7.020328e+01
6.710000e-06	-4.600404e-06	-1.127933e-09	-3.193903e+01	-7.032643e+01
6.720000e-06	-4.626177e-06	-1.126332e-09	-3.211796e+01	-7.044646e+01
6.730000e-06	-4.651565e-06	-1.123505e-09	-3.229422e+01	-7.056347e+01
6.740000e-06	-4.676596e-06	-1.121340e-09	-3.246800e+01	-7.067752e+01
6.750000e-06	-4.701312e-06	-1.123046e-09	-3.263960e+01	-7.078866e+01
6.760000e-06	-4.725783e-06	-1.126162e-09	-3.280949e+01	-7.089687e+01
6.770000e-06	-4.750092e-06	-1.127498e-09	-3.297826e+01	-7.100214e+01
6.780000e-06	-4.774224e-06	-1.126621e-09	-3.314580e+01	-7.110437e+01
6.790000e-06	-4.798141e-06	-1.127122e-09	-3.331185e+01	-7.120348e+01
6.800000e-06	-4.821782e-06	-1.127318e-09	-3.347598e+01	-7.129934e+01
6.810000e-06	-4.844998e-06	-1.125785e-09	-3.363716e+01	-7.139181e+01
6.820000e-06	-4.867714e-06	-1.123827e-09	-3.379487e+01	-7.148072e+01
6.830000e-06	-4.889850e-06	-1.123356e-09	-3.394855e+01	-7.156590e+01
6.840000e-06	-4.911361e-06	-1.124419e-09	-3.409790e+01	-7.164719e+01
6.850000e-06	-4.932330e-06	-1.126292e-09	-3.424347e+01	-7.172441e+01
6.860000e-06	-4.952914e-06	-1.127293e-09	-3.438638e+01	-7.179742e+01
6.870000e-06	-4.973257e-06	-1.126886e-09	-3.452762e+01	-7.186609e+01
6.880000e-06	-4.993384e-06	-1.126301e-09	-3.466735e+01	-7.193030e+01
6.890000e-06	-5.013306e-06	-1.125832e-09	-3.480566e+01	-7.199000e+01
6.900000e-06	-5.032951e-06	-1.125682e-09	-3.494205e+01	-7.204514e+01
6.910000e-06	-5.052280e-06	-1.126390e-09	-3.507625e+01	-7.209574e+01
6.920000e-06	-5.071266e-06	-1.127724e-09	-3.520806e+01	-7.214187e+01
6.930000e-06	-5.089804e-06	-1.130543e-09	-3.533677e+01	-7.218364e+01
6.940000e-06	-5.107965e-06	-1.133951e-09	-3.546285e+01	-7.222121e+01
6.950000e-06	-5.125848e-06	-1.134616e-09	-3.558701e+01	-7.225480e+01
6.960000e-06	-5.143457e-06	-1.133716e-09	-3.570926e+01	-7.228469e+01
6.970000e-06	-5.160770e-06	-1.133651e-09	-3.582946e+01	-7.231119e+01
6.980000e-06	-5.177632e-06	-1.134365e-09	-3.594653e+01	-7.233466e+01
6.990000e-06	-5.194073e-06	-1.135619e-09	-3.606067e+01	-7.235552e+01
7.000000e-06	-5.210307e-06	-1.137456e-09	-3.617338e+01	-7.237419e+01
7.010000e-06	-5.226324e-06	-1.138417e-09	-3.628457e+01	-7.239113e+01
7.020000e-06	-5.242024e-06	-1.138970e-09	-3.639358e+01	-7.240682e+01
7.030000e-06	-5.257276e-06	-1.140017e-09	-3.649946e+01	-7.242174e+01
7.040000e-06	-5.271914e-06	-1.139634e-09	-3.660109e+01	-7.243636e+01
7.050000e-06	-5.285882e-06	-1.136819e-09	-3.669807e+01	-7.245114e+01
7.060000e-06	-5.299211e-06	-1.132941e-09	-3.679061e+01	-7.246653e+01
7.070000e-06	-5.312011e-06	-1.127743e-09	-3.687947e+01	-7.248293e+01
7.080000e-06	-5.324490e-06	-1.122288e-09	-3.696611e+01	-7.250069e+01
7.090000e-06	-5.336721e-06	-1.119836e-09	-3.705102e+01	-7.252012e+01
7.100000e-06	-5.348615e-06	-1.121391e-09	-3.713360e+01	-7.254147e+01
7.110000e-06	-5.360093e-06	-1.122494e-09	-3.721329e+01	-7.256491e+01
7.120000e-06	-5.371154e-06	-1.121839e-09	-3.729008e+01	-7.259056e+01
7.130000e-06	-5.381838e-06	-1.119907e-09	-3.736426e+01	-7.261844e+01
7.140000e-06	-5.392126e-06	-1.117013e-09	-3.743568e+01	-7.264852e+01
7.150000e-06	-5.402029e-06	-1.114357e-09	-3.750444e+01	-7.268067e+01
7.160000e-06	-5.411565e-06	-1.111861e-09	-3.757064e+01	-7.271470e+01
7.170000e-06	-5.420682e-06	-1.111143e-09	-3.763394e+01	-7.275035e+01
7.180000e-06	-5.429408e-06	-1.110210e-09	-3.769452e+01	-7.278728e+01
7.190000e-06	-5.437827e-06	-1.110550e-09	-3.775297e+01	-7.282511e+01
7.200000e-06	-5.446013e-06	-1.112142e-09	-3.780980e+01	-7.286341e+01
7.210000e-06	-5.454060e-06	-1.112926e-09	-3.786567e+01	-7.290169e+01
7.220000e-06	-5.461852e-06	-1.112052e-09	-3.791977e+01	-7.293947e+01
7.230000e-06	-5.469162e-06	-1.107474e-09	-3.797052e+01	-7.297624e+01
7.240000e-06	-5.475963e-06	-1.102665e-09	-3.801773e+01	-7.301147e+01
7.250000e-06	-5.482227e-06	-1.101262e-09	-3.806122e+01	-7.304466e+01
7.260000e-06	-5.487779e-06	-1.103495e-09	-3.809977e+01	-7.307534e+01
7.270000e-06	-5.492752e-06	-1.105785e-09	-3.813430e+01	-7.310308e+01
7.280000e-06	-5.497337e-06	-1.105619e-09	-3.816612e+01	-7.312747e+01
7.290000e-06	-5.501565e-06	-1.103350e-09	-3.819548e+01	-7.314820e+01
7.300000e-06	-5.505571e-06	-1.100626e-09	-3.822329e+01	-7.316500e+01
7.310000e-06	-5.509333e-06	-1.097655e-09	-3.824941e+01	-7.317770e+01
7.320000e-06	-5.512767e-06	-1.094682e-09	-3.827325e+01	-7.318622e+01
7.330000e-06	-5.515763e-06	-1.092959e-09	-3.829405e+01	-7.319054e+01
7.340000e-06	-5.518339e-06	-1.091648e-09	-3.831194e+01	-7.319076e+01
7.350000e-06	-5.520613e-06	-1.090125e-09	-3.832772e+01	-7.318706e+01
7.360000e-06	-5.522612e-06	-1.089973e-09	-3.834160e+01	-7.317971e+01
7.370000e-06	-5.524261e-06	-1.089324e-09	-3.835305e+01	-7.316909e+01
7.380000e-06	-5.525397e-06	-1.086679e-09	-3.836094e+01	-7.315561e+01
7.390000e-06	-5.526160e-06	-1.081012e-09	-3.836623e+01	-7.313981e+01
7.400000e-06	-5.526594e-06	-1.075470e-09	-3.836925e+01	-7.312223e+01
