# Temperatura_=_6.77
# Concentracion g/m^3_=_1620.0
# C_Vs_to_Am_M_A/Vsm_=_65563218390.804596
# pendiente_HvsI_1/m_=_3716.3
# ordenada_HvsI_A/m_=_1297.0
# frecuencia_Hz_=_135105.15997242788

Tiempo_(s)	Campo_(V.s)	Magnetizacion_(V.s)	Campo_(kA/m)	Magnetizacion_(A/m)
0.000000e+00	-5.551166e-06	-1.284075e-09	-3.836325e+01	-8.655635e+01
1.000000e-08	-5.551351e-06	-1.281630e-09	-3.836453e+01	-8.650233e+01
2.000000e-08	-5.551241e-06	-1.280711e-09	-3.836377e+01	-8.644361e+01
3.000000e-08	-5.550739e-06	-1.282042e-09	-3.836029e+01	-8.638055e+01
4.000000e-08	-5.549732e-06	-1.282255e-09	-3.835333e+01	-8.631358e+01
5.000000e-08	-5.548114e-06	-1.277840e-09	-3.834216e+01	-8.624315e+01
6.000000e-08	-5.545869e-06	-1.272670e-09	-3.832664e+01	-8.616974e+01
7.000000e-08	-5.543013e-06	-1.266250e-09	-3.830691e+01	-8.609381e+01
8.000000e-08	-5.539660e-06	-1.254795e-09	-3.828373e+01	-8.601586e+01
9.000000e-08	-5.535906e-06	-1.286183e-09	-3.825779e+01	-8.593635e+01
1.000000e-07	-5.531731e-06	-1.358443e-09	-3.822894e+01	-8.585572e+01
1.100000e-07	-5.527093e-06	-1.338123e-09	-3.819688e+01	-8.577438e+01
1.200000e-07	-5.522207e-06	-1.191880e-09	-3.816312e+01	-8.569266e+01
1.300000e-07	-5.517208e-06	-1.199225e-09	-3.812857e+01	-8.561089e+01
1.400000e-07	-5.511886e-06	-1.298581e-09	-3.809179e+01	-8.552927e+01
1.500000e-07	-5.506134e-06	-1.344120e-09	-3.805204e+01	-8.544798e+01
1.600000e-07	-5.499973e-06	-1.226313e-09	-3.800946e+01	-8.536711e+01
1.700000e-07	-5.493447e-06	-1.206642e-09	-3.796436e+01	-8.528667e+01
1.800000e-07	-5.486557e-06	-1.326679e-09	-3.791674e+01	-8.520658e+01
1.900000e-07	-5.479210e-06	-1.351235e-09	-3.786597e+01	-8.512672e+01
2.000000e-07	-5.471575e-06	-1.249825e-09	-3.781320e+01	-8.504686e+01
2.100000e-07	-5.463771e-06	-1.193041e-09	-3.775928e+01	-8.496673e+01
2.200000e-07	-5.455643e-06	-1.270290e-09	-3.770310e+01	-8.488600e+01
2.300000e-07	-5.447212e-06	-1.298796e-09	-3.764484e+01	-8.480428e+01
2.400000e-07	-5.438317e-06	-1.260905e-09	-3.758336e+01	-8.472115e+01
2.500000e-07	-5.428634e-06	-1.226167e-09	-3.751644e+01	-8.463617e+01
2.600000e-07	-5.418150e-06	-1.261817e-09	-3.744399e+01	-8.454888e+01
2.700000e-07	-5.407059e-06	-1.260449e-09	-3.736734e+01	-8.445881e+01
2.800000e-07	-5.395613e-06	-1.253261e-09	-3.728824e+01	-8.436553e+01
2.900000e-07	-5.383876e-06	-1.236047e-09	-3.720713e+01	-8.426862e+01
3.000000e-07	-5.371734e-06	-1.257301e-09	-3.712322e+01	-8.416770e+01
3.100000e-07	-5.359165e-06	-1.271226e-09	-3.703636e+01	-8.406244e+01
3.200000e-07	-5.346170e-06	-1.284990e-09	-3.694655e+01	-8.395259e+01
3.300000e-07	-5.332755e-06	-1.251470e-09	-3.685384e+01	-8.383795e+01
3.400000e-07	-5.319052e-06	-1.257558e-09	-3.675915e+01	-8.371843e+01
3.500000e-07	-5.305062e-06	-1.286133e-09	-3.666246e+01	-8.359400e+01
3.600000e-07	-5.290574e-06	-1.269710e-09	-3.656234e+01	-8.346473e+01
3.700000e-07	-5.275425e-06	-1.226803e-09	-3.645765e+01	-8.333079e+01
3.800000e-07	-5.259774e-06	-1.268956e-09	-3.634948e+01	-8.319243e+01
3.900000e-07	-5.243611e-06	-1.278867e-09	-3.623778e+01	-8.305000e+01
4.000000e-07	-5.226963e-06	-1.219187e-09	-3.612273e+01	-8.290393e+01
4.100000e-07	-5.210103e-06	-1.243957e-09	-3.600621e+01	-8.275473e+01
4.200000e-07	-5.192984e-06	-1.298257e-09	-3.588791e+01	-8.260297e+01
4.300000e-07	-5.175472e-06	-1.224967e-09	-3.576689e+01	-8.244927e+01
4.400000e-07	-5.157531e-06	-1.183608e-09	-3.564289e+01	-8.229431e+01
4.500000e-07	-5.139236e-06	-1.285330e-09	-3.551646e+01	-8.213878e+01
4.600000e-07	-5.120468e-06	-1.259471e-09	-3.538676e+01	-8.198339e+01
4.700000e-07	-5.101277e-06	-1.155191e-09	-3.525413e+01	-8.182885e+01
4.800000e-07	-5.081933e-06	-1.217269e-09	-3.512045e+01	-8.167584e+01
4.900000e-07	-5.062431e-06	-1.289954e-09	-3.498568e+01	-8.152499e+01
5.000000e-07	-5.042725e-06	-1.187520e-09	-3.484949e+01	-8.137692e+01
5.100000e-07	-5.022723e-06	-1.189432e-09	-3.471126e+01	-8.123214e+01
5.200000e-07	-5.002319e-06	-1.273997e-09	-3.457025e+01	-8.109108e+01
5.300000e-07	-4.981497e-06	-1.211163e-09	-3.442635e+01	-8.095410e+01
5.400000e-07	-4.960267e-06	-1.150924e-09	-3.427964e+01	-8.082144e+01
5.500000e-07	-4.938723e-06	-1.248176e-09	-3.413075e+01	-8.069322e+01
5.600000e-07	-4.916934e-06	-1.226860e-09	-3.398017e+01	-8.056944e+01
5.700000e-07	-4.894852e-06	-1.135218e-09	-3.382757e+01	-8.044999e+01
5.800000e-07	-4.872371e-06	-1.193641e-09	-3.367220e+01	-8.033463e+01
5.900000e-07	-4.849439e-06	-1.243432e-09	-3.351372e+01	-8.022298e+01
6.000000e-07	-4.826132e-06	-1.154553e-09	-3.335265e+01	-8.011457e+01
6.100000e-07	-4.802682e-06	-1.163551e-09	-3.319059e+01	-8.000880e+01
6.200000e-07	-4.779095e-06	-1.223458e-09	-3.302759e+01	-7.990497e+01
6.300000e-07	-4.755207e-06	-1.171229e-09	-3.286250e+01	-7.980229e+01
6.400000e-07	-4.731026e-06	-1.140415e-09	-3.269538e+01	-7.969991e+01
6.500000e-07	-4.706411e-06	-1.199092e-09	-3.252527e+01	-7.959691e+01
6.600000e-07	-4.681146e-06	-1.185071e-09	-3.235067e+01	-7.949231e+01
6.700000e-07	-4.655289e-06	-1.145795e-09	-3.217198e+01	-7.938513e+01
6.800000e-07	-4.628944e-06	-1.182170e-09	-3.198991e+01	-7.927438e+01
6.900000e-07	-4.602139e-06	-1.191110e-09	-3.180467e+01	-7.915908e+01
7.000000e-07	-4.574900e-06	-1.147973e-09	-3.161642e+01	-7.903828e+01
7.100000e-07	-4.547412e-06	-1.151989e-09	-3.142646e+01	-7.891109e+01
7.200000e-07	-4.519820e-06	-1.166725e-09	-3.123578e+01	-7.877668e+01
7.300000e-07	-4.492042e-06	-1.137845e-09	-3.104381e+01	-7.863431e+01
7.400000e-07	-4.464015e-06	-1.133988e-09	-3.085012e+01	-7.848334e+01
7.500000e-07	-4.435713e-06	-1.154829e-09	-3.065452e+01	-7.832325e+01
7.600000e-07	-4.407158e-06	-1.148011e-09	-3.045719e+01	-7.815362e+01
7.700000e-07	-4.378325e-06	-1.131947e-09	-3.025793e+01	-7.797418e+01
7.800000e-07	-4.349185e-06	-1.142530e-09	-3.005654e+01	-7.778478e+01
7.900000e-07	-4.319727e-06	-1.135409e-09	-2.985297e+01	-7.758543e+01
8.000000e-07	-4.289924e-06	-1.123552e-09	-2.964700e+01	-7.737624e+01
8.100000e-07	-4.259821e-06	-1.126146e-09	-2.943896e+01	-7.715748e+01
8.200000e-07	-4.229416e-06	-1.130124e-09	-2.922884e+01	-7.692954e+01
8.300000e-07	-4.198665e-06	-1.116436e-09	-2.901633e+01	-7.669292e+01
8.400000e-07	-4.167684e-06	-1.120887e-09	-2.880222e+01	-7.644823e+01
8.500000e-07	-4.136523e-06	-1.124777e-09	-2.858687e+01	-7.619616e+01
8.600000e-07	-4.105138e-06	-1.112324e-09	-2.836997e+01	-7.593750e+01
8.700000e-07	-4.073603e-06	-1.102217e-09	-2.815204e+01	-7.567307e+01
8.800000e-07	-4.041866e-06	-1.107795e-09	-2.793271e+01	-7.540376e+01
8.900000e-07	-4.009794e-06	-1.097741e-09	-2.771106e+01	-7.513046e+01
9.000000e-07	-3.977429e-06	-1.088292e-09	-2.748740e+01	-7.485407e+01
9.100000e-07	-3.944789e-06	-1.093641e-09	-2.726182e+01	-7.457549e+01
9.200000e-07	-3.911661e-06	-1.093016e-09	-2.703288e+01	-7.429556e+01
9.300000e-07	-3.878039e-06	-1.079470e-09	-2.680053e+01	-7.401509e+01
9.400000e-07	-3.844046e-06	-1.078711e-09	-2.656561e+01	-7.373481e+01
9.500000e-07	-3.809581e-06	-1.077411e-09	-2.632742e+01	-7.345537e+01
9.600000e-07	-3.774603e-06	-1.062707e-09	-2.608570e+01	-7.317734e+01
9.700000e-07	-3.739335e-06	-1.054817e-09	-2.584196e+01	-7.290116e+01
9.800000e-07	-3.703941e-06	-1.058807e-09	-2.559736e+01	-7.262717e+01
9.900000e-07	-3.668378e-06	-1.052543e-09	-2.535159e+01	-7.235560e+01
1.000000e-06	-3.632658e-06	-1.043549e-09	-2.510474e+01	-7.208654e+01
1.010000e-06	-3.596823e-06	-1.047034e-09	-2.485709e+01	-7.181998e+01
1.020000e-06	-3.560837e-06	-1.044574e-09	-2.460839e+01	-7.155575e+01
1.030000e-06	-3.524614e-06	-1.037345e-09	-2.435806e+01	-7.129361e+01
1.040000e-06	-3.488080e-06	-1.036417e-09	-2.410558e+01	-7.103319e+01
1.050000e-06	-3.451253e-06	-1.034108e-09	-2.385107e+01	-7.077401e+01
1.060000e-06	-3.414140e-06	-1.017936e-09	-2.359459e+01	-7.051553e+01
1.070000e-06	-3.376770e-06	-1.011332e-09	-2.333634e+01	-7.025711e+01
1.080000e-06	-3.339191e-06	-1.013524e-09	-2.307663e+01	-6.999805e+01
1.090000e-06	-3.301390e-06	-1.010877e-09	-2.281539e+01	-6.973763e+01
1.100000e-06	-3.263397e-06	-1.002851e-09	-2.255283e+01	-6.947507e+01
1.110000e-06	-3.225206e-06	-1.004264e-09	-2.228890e+01	-6.920958e+01
1.120000e-06	-3.186757e-06	-9.989603e-10	-2.202318e+01	-6.894039e+01
1.130000e-06	-3.148102e-06	-9.871108e-10	-2.175604e+01	-6.866673e+01
1.140000e-06	-3.109188e-06	-9.819470e-10	-2.148711e+01	-6.838786e+01
1.150000e-06	-3.070027e-06	-9.824627e-10	-2.121648e+01	-6.810310e+01
1.160000e-06	-3.030750e-06	-9.727354e-10	-2.094504e+01	-6.781180e+01
1.170000e-06	-2.991361e-06	-9.629979e-10	-2.067283e+01	-6.751341e+01
1.180000e-06	-2.951819e-06	-9.601359e-10	-2.039956e+01	-6.720742e+01
1.190000e-06	-2.912113e-06	-9.531791e-10	-2.012516e+01	-6.689344e+01
1.200000e-06	-2.872315e-06	-9.430141e-10	-1.985012e+01	-6.657114e+01
1.210000e-06	-2.832350e-06	-9.384529e-10	-1.957393e+01	-6.624029e+01
1.220000e-06	-2.792193e-06	-9.319289e-10	-1.929641e+01	-6.590073e+01
1.230000e-06	-2.751772e-06	-9.233665e-10	-1.901707e+01	-6.555242e+01
1.240000e-06	-2.711076e-06	-9.189952e-10	-1.873583e+01	-6.519537e+01
1.250000e-06	-2.670035e-06	-9.187029e-10	-1.845220e+01	-6.482969e+01
1.260000e-06	-2.628635e-06	-9.144755e-10	-1.816609e+01	-6.445555e+01
1.270000e-06	-2.587082e-06	-9.083326e-10	-1.787892e+01	-6.407319e+01
1.280000e-06	-2.545214e-06	-9.053103e-10	-1.758958e+01	-6.368287e+01
1.290000e-06	-2.502985e-06	-8.978886e-10	-1.729774e+01	-6.328494e+01
1.300000e-06	-2.460489e-06	-8.852558e-10	-1.700406e+01	-6.287973e+01
1.310000e-06	-2.417634e-06	-8.753332e-10	-1.670790e+01	-6.246761e+01
1.320000e-06	-2.374495e-06	-8.680577e-10	-1.640977e+01	-6.204894e+01
1.330000e-06	-2.331246e-06	-8.573782e-10	-1.611088e+01	-6.162409e+01
1.340000e-06	-2.287947e-06	-8.506282e-10	-1.581164e+01	-6.119340e+01
1.350000e-06	-2.244567e-06	-8.460594e-10	-1.551186e+01	-6.075717e+01
1.360000e-06	-2.201058e-06	-8.367802e-10	-1.521117e+01	-6.031566e+01
1.370000e-06	-2.157392e-06	-8.246745e-10	-1.490940e+01	-5.986909e+01
1.380000e-06	-2.113602e-06	-8.166059e-10	-1.460678e+01	-5.941762e+01
1.390000e-06	-2.069782e-06	-8.080239e-10	-1.430394e+01	-5.896135e+01
1.400000e-06	-2.025960e-06	-8.009454e-10	-1.400110e+01	-5.850030e+01
1.410000e-06	-1.982021e-06	-7.971503e-10	-1.369744e+01	-5.803443e+01
1.420000e-06	-1.937972e-06	-7.927649e-10	-1.339303e+01	-5.756361e+01
1.430000e-06	-1.893811e-06	-7.841304e-10	-1.308783e+01	-5.708767e+01
1.440000e-06	-1.849539e-06	-7.771850e-10	-1.278188e+01	-5.660633e+01
1.450000e-06	-1.805146e-06	-7.711474e-10	-1.247509e+01	-5.611927e+01
1.460000e-06	-1.760489e-06	-7.615333e-10	-1.216647e+01	-5.562610e+01
1.470000e-06	-1.715658e-06	-7.490408e-10	-1.185665e+01	-5.512636e+01
1.480000e-06	-1.670734e-06	-7.413334e-10	-1.154618e+01	-5.461953e+01
1.490000e-06	-1.625649e-06	-7.346889e-10	-1.123461e+01	-5.410506e+01
1.500000e-06	-1.580403e-06	-7.261894e-10	-1.092192e+01	-5.358234e+01
1.510000e-06	-1.535010e-06	-7.188333e-10	-1.060821e+01	-5.305073e+01
1.520000e-06	-1.489488e-06	-7.115969e-10	-1.029362e+01	-5.250956e+01
1.530000e-06	-1.443831e-06	-7.024305e-10	-9.978095e+00	-5.195813e+01
1.540000e-06	-1.398087e-06	-6.912581e-10	-9.661963e+00	-5.139573e+01
1.550000e-06	-1.352364e-06	-6.802074e-10	-9.345977e+00	-5.082163e+01
1.560000e-06	-1.306586e-06	-6.711639e-10	-9.029616e+00	-5.023508e+01
1.570000e-06	-1.260710e-06	-6.638500e-10	-8.712568e+00	-4.963533e+01
1.580000e-06	-1.214787e-06	-6.583672e-10	-8.395204e+00	-4.902165e+01
1.590000e-06	-1.168764e-06	-6.550424e-10	-8.077146e+00	-4.839326e+01
1.600000e-06	-1.122606e-06	-6.464001e-10	-7.758154e+00	-4.774942e+01
1.610000e-06	-1.076384e-06	-6.337668e-10	-7.438722e+00	-4.708936e+01
1.620000e-06	-1.030122e-06	-6.227678e-10	-7.119016e+00	-4.641233e+01
1.630000e-06	-9.838256e-07	-6.128141e-10	-6.799066e+00	-4.571756e+01
1.640000e-06	-9.374391e-07	-6.027415e-10	-6.478496e+00	-4.500428e+01
1.650000e-06	-8.909072e-07	-5.920730e-10	-6.156922e+00	-4.427172e+01
1.660000e-06	-8.443631e-07	-5.816601e-10	-5.835262e+00	-4.351907e+01
1.670000e-06	-7.977674e-07	-5.701831e-10	-5.513247e+00	-4.274555e+01
1.680000e-06	-7.510812e-07	-5.567042e-10	-5.190606e+00	-4.195034e+01
1.690000e-06	-7.044086e-07	-5.418457e-10	-4.868059e+00	-4.113260e+01
1.700000e-06	-6.577014e-07	-5.272307e-10	-4.545273e+00	-4.029149e+01
1.710000e-06	-6.108824e-07	-5.146902e-10	-4.221714e+00	-3.942615e+01
1.720000e-06	-5.640621e-07	-5.031636e-10	-3.898146e+00	-3.853569e+01
1.730000e-06	-5.172578e-07	-4.928322e-10	-3.574688e+00	-3.761924e+01
1.740000e-06	-4.703213e-07	-4.778303e-10	-3.250318e+00	-3.667588e+01
1.750000e-06	-4.232961e-07	-4.595552e-10	-2.925334e+00	-3.570473e+01
1.760000e-06	-3.762492e-07	-4.419263e-10	-2.600200e+00	-3.470487e+01
1.770000e-06	-3.291274e-07	-4.247815e-10	-2.274548e+00	-3.367542e+01
1.780000e-06	-2.819639e-07	-4.108287e-10	-1.948609e+00	-3.261552e+01
1.790000e-06	-2.348274e-07	-3.993051e-10	-1.622856e+00	-3.152432e+01
1.800000e-06	-1.877231e-07	-3.846355e-10	-1.297325e+00	-3.040104e+01
1.810000e-06	-1.405790e-07	-3.672832e-10	-9.715194e-01	-2.924494e+01
1.820000e-06	-9.333971e-08	-3.492822e-10	-6.450563e-01	-2.805536e+01
1.830000e-06	-4.613845e-08	-3.311198e-10	-3.188557e-01	-2.683170e+01
1.840000e-06	9.540278e-10	-3.113642e-10	6.593138e-03	-2.557349e+01
1.850000e-06	4.803250e-08	-2.909691e-10	3.319452e-01	-2.428037e+01
1.860000e-06	9.509929e-08	-2.728200e-10	6.572164e-01	-2.295208e+01
1.870000e-06	1.421846e-07	-2.563564e-10	9.826159e-01	-2.158855e+01
1.880000e-06	1.893559e-07	-2.397786e-10	1.308609e+00	-2.018982e+01
1.890000e-06	2.365198e-07	-2.214990e-10	1.634551e+00	-1.875613e+01
1.900000e-06	2.835948e-07	-2.005482e-10	1.959880e+00	-1.728790e+01
1.910000e-06	3.306439e-07	-1.792911e-10	2.285028e+00	-1.578571e+01
1.920000e-06	3.777426e-07	-1.596664e-10	2.610520e+00	-1.425037e+01
1.930000e-06	4.248258e-07	-1.393230e-10	2.935905e+00	-1.268288e+01
1.940000e-06	4.718423e-07	-1.169072e-10	3.260829e+00	-1.108443e+01
1.950000e-06	5.188050e-07	-9.240274e-11	3.585381e+00	-9.456430e+00
1.960000e-06	5.657086e-07	-7.073715e-11	3.909524e+00	-7.800493e+00
1.970000e-06	6.125195e-07	-5.005764e-11	4.233027e+00	-6.118421e+00
1.980000e-06	6.593020e-07	-2.756490e-11	4.556334e+00	-4.412208e+00
1.990000e-06	7.060437e-07	-2.827812e-12	4.879359e+00	-2.684027e+00
2.000000e-06	7.526519e-07	2.497748e-11	5.201460e+00	-9.362183e-01
2.010000e-06	7.992012e-07	5.459885e-11	5.523156e+00	8.287293e-01
2.020000e-06	8.457607e-07	8.175449e-11	5.844921e+00	2.608191e+00
2.030000e-06	8.922319e-07	1.039170e-10	6.166076e+00	4.399429e+00
2.040000e-06	9.386395e-07	1.219676e-10	6.486792e+00	6.199611e+00
2.050000e-06	9.849931e-07	1.417955e-10	6.807134e+00	8.005833e+00
2.060000e-06	1.031263e-06	1.640054e-10	7.126896e+00	9.815144e+00
2.070000e-06	1.077479e-06	1.875983e-10	7.446288e+00	1.162457e+01
2.080000e-06	1.123609e-06	2.162447e-10	7.765089e+00	1.343113e+01
2.090000e-06	1.169617e-06	2.464501e-10	8.083039e+00	1.523187e+01
2.100000e-06	1.215504e-06	2.732241e-10	8.400157e+00	1.702389e+01
2.110000e-06	1.261284e-06	2.948977e-10	8.716541e+00	1.880436e+01
2.120000e-06	1.306945e-06	3.148124e-10	9.032093e+00	2.057053e+01
2.130000e-06	1.352551e-06	3.341074e-10	9.347268e+00	2.231978e+01
2.140000e-06	1.398122e-06	3.531497e-10	9.662204e+00	2.404961e+01
2.150000e-06	1.443643e-06	3.751762e-10	9.976790e+00	2.575768e+01
2.160000e-06	1.489067e-06	4.017331e-10	1.029071e+01	2.744179e+01
2.170000e-06	1.534331e-06	4.287727e-10	1.060352e+01	2.909993e+01
2.180000e-06	1.579512e-06	4.521034e-10	1.091576e+01	3.073029e+01
2.190000e-06	1.624619e-06	4.718770e-10	1.122749e+01	3.233124e+01
2.200000e-06	1.669611e-06	4.882477e-10	1.153842e+01	3.390133e+01
2.210000e-06	1.714454e-06	5.005519e-10	1.184833e+01	3.543933e+01
2.220000e-06	1.759145e-06	5.139855e-10	1.215718e+01	3.694422e+01
2.230000e-06	1.803780e-06	5.316469e-10	1.246564e+01	3.841514e+01
2.240000e-06	1.848269e-06	5.522846e-10	1.277310e+01	3.985146e+01
2.250000e-06	1.892517e-06	5.739795e-10	1.307889e+01	4.125272e+01
2.260000e-06	1.936635e-06	5.960907e-10	1.338378e+01	4.261863e+01
2.270000e-06	1.980611e-06	6.161198e-10	1.368769e+01	4.394907e+01
2.280000e-06	2.024443e-06	6.324390e-10	1.399061e+01	4.524409e+01
2.290000e-06	2.068244e-06	6.468220e-10	1.429331e+01	4.650387e+01
2.300000e-06	2.111974e-06	6.606251e-10	1.459552e+01	4.772871e+01
2.310000e-06	2.155626e-06	6.748535e-10	1.489720e+01	4.891904e+01
2.320000e-06	2.199247e-06	6.904084e-10	1.519866e+01	5.007539e+01
2.330000e-06	2.242841e-06	7.062840e-10	1.549993e+01	5.119838e+01
2.340000e-06	2.286356e-06	7.210484e-10	1.580065e+01	5.228868e+01
2.350000e-06	2.329762e-06	7.348953e-10	1.610062e+01	5.334705e+01
2.360000e-06	2.373073e-06	7.474274e-10	1.639994e+01	5.437427e+01
2.370000e-06	2.416206e-06	7.576524e-10	1.669803e+01	5.537118e+01
2.380000e-06	2.459016e-06	7.683127e-10	1.699388e+01	5.633863e+01
2.390000e-06	2.501492e-06	7.808595e-10	1.728742e+01	5.727747e+01
2.400000e-06	2.543678e-06	7.953972e-10	1.757896e+01	5.818858e+01
2.410000e-06	2.585443e-06	8.115635e-10	1.786760e+01	5.907281e+01
2.420000e-06	2.626871e-06	8.256571e-10	1.815390e+01	5.993103e+01
2.430000e-06	2.668146e-06	8.371078e-10	1.843915e+01	6.076406e+01
2.440000e-06	2.709077e-06	8.471795e-10	1.872201e+01	6.157273e+01
2.450000e-06	2.749648e-06	8.576306e-10	1.900239e+01	6.235783e+01
2.460000e-06	2.789976e-06	8.689907e-10	1.928109e+01	6.312013e+01
2.470000e-06	2.830085e-06	8.811764e-10	1.955828e+01	6.386035e+01
2.480000e-06	2.869983e-06	8.932596e-10	1.983401e+01	6.457923e+01
2.490000e-06	2.909699e-06	9.044993e-10	2.010848e+01	6.527743e+01
2.500000e-06	2.949322e-06	9.136931e-10	2.038231e+01	6.595562e+01
2.510000e-06	2.988829e-06	9.214095e-10	2.065533e+01	6.661442e+01
2.520000e-06	3.028197e-06	9.287215e-10	2.092740e+01	6.725443e+01
2.530000e-06	3.067435e-06	9.358608e-10	2.119857e+01	6.787623e+01
2.540000e-06	3.106520e-06	9.432801e-10	2.146868e+01	6.848038e+01
2.550000e-06	3.145340e-06	9.519472e-10	2.173696e+01	6.906739e+01
2.560000e-06	3.183920e-06	9.623517e-10	2.200358e+01	6.963778e+01
2.570000e-06	3.222303e-06	9.732775e-10	2.226884e+01	7.019205e+01
2.580000e-06	3.260403e-06	9.823235e-10	2.253214e+01	7.073065e+01
2.590000e-06	3.298256e-06	9.881133e-10	2.279373e+01	7.125403e+01
2.600000e-06	3.335921e-06	9.925829e-10	2.305403e+01	7.176264e+01
2.610000e-06	3.373395e-06	9.974106e-10	2.331301e+01	7.225688e+01
2.620000e-06	3.410648e-06	1.004677e-09	2.357046e+01	7.273714e+01
2.630000e-06	3.447676e-06	1.012788e-09	2.382635e+01	7.320382e+01
2.640000e-06	3.484406e-06	1.020077e-09	2.408019e+01	7.365725e+01
2.650000e-06	3.520812e-06	1.029010e-09	2.433179e+01	7.409779e+01
2.660000e-06	3.556985e-06	1.035892e-09	2.458177e+01	7.452575e+01
2.670000e-06	3.592992e-06	1.040141e-09	2.483061e+01	7.494144e+01
2.680000e-06	3.628823e-06	1.041991e-09	2.507824e+01	7.534515e+01
2.690000e-06	3.664540e-06	1.046506e-09	2.532507e+01	7.573714e+01
2.700000e-06	3.700176e-06	1.051195e-09	2.557134e+01	7.611765e+01
2.710000e-06	3.735639e-06	1.058258e-09	2.581643e+01	7.648693e+01
2.720000e-06	3.770868e-06	1.068030e-09	2.605988e+01	7.684519e+01
2.730000e-06	3.805859e-06	1.076092e-09	2.630170e+01	7.719264e+01
2.740000e-06	3.840503e-06	1.082386e-09	2.654112e+01	7.752947e+01
2.750000e-06	3.874611e-06	1.086416e-09	2.677684e+01	7.785586e+01
2.760000e-06	3.908216e-06	1.088130e-09	2.700907e+01	7.817200e+01
2.770000e-06	3.941317e-06	1.088346e-09	2.723783e+01	7.847805e+01
2.780000e-06	3.974030e-06	1.092962e-09	2.746390e+01	7.877421e+01
2.790000e-06	4.006350e-06	1.101734e-09	2.768726e+01	7.906063e+01
2.800000e-06	4.038326e-06	1.110818e-09	2.790825e+01	7.933751e+01
2.810000e-06	4.070150e-06	1.116947e-09	2.812818e+01	7.960504e+01
2.820000e-06	4.101800e-06	1.120359e-09	2.834690e+01	7.986343e+01
2.830000e-06	4.133294e-06	1.120317e-09	2.856455e+01	8.011289e+01
2.840000e-06	4.164630e-06	1.119815e-09	2.878111e+01	8.035366e+01
2.850000e-06	4.195773e-06	1.122719e-09	2.899634e+01	8.058599e+01
2.860000e-06	4.226599e-06	1.129312e-09	2.920937e+01	8.081016e+01
2.870000e-06	4.257068e-06	1.136049e-09	2.941994e+01	8.102647e+01
2.880000e-06	4.287189e-06	1.143657e-09	2.962810e+01	8.123523e+01
2.890000e-06	4.316964e-06	1.149238e-09	2.983387e+01	8.143678e+01
2.900000e-06	4.346487e-06	1.152026e-09	3.003790e+01	8.163148e+01
2.910000e-06	4.375752e-06	1.152636e-09	3.024015e+01	8.181968e+01
2.920000e-06	4.404680e-06	1.151788e-09	3.044006e+01	8.200179e+01
2.930000e-06	4.433287e-06	1.151365e-09	3.063776e+01	8.217819e+01
2.940000e-06	4.461539e-06	1.154788e-09	3.083301e+01	8.234928e+01
2.950000e-06	4.489445e-06	1.160071e-09	3.102586e+01	8.251547e+01
2.960000e-06	4.517183e-06	1.163931e-09	3.121755e+01	8.267714e+01
2.970000e-06	4.544848e-06	1.167202e-09	3.140874e+01	8.283470e+01
2.980000e-06	4.572413e-06	1.170560e-09	3.159924e+01	8.298851e+01
2.990000e-06	4.599788e-06	1.172197e-09	3.178842e+01	8.313892e+01
3.000000e-06	4.626804e-06	1.171892e-09	3.197512e+01	8.328626e+01
3.010000e-06	4.653406e-06	1.172471e-09	3.215897e+01	8.343083e+01
3.020000e-06	4.679512e-06	1.175608e-09	3.233938e+01	8.357288e+01
3.030000e-06	4.704990e-06	1.180818e-09	3.251546e+01	8.371263e+01
3.040000e-06	4.729804e-06	1.186942e-09	3.268694e+01	8.385025e+01
3.050000e-06	4.754059e-06	1.191900e-09	3.285457e+01	8.398587e+01
3.060000e-06	4.777961e-06	1.195048e-09	3.301975e+01	8.411957e+01
3.070000e-06	4.801610e-06	1.197973e-09	3.318318e+01	8.425138e+01
3.080000e-06	4.825050e-06	1.198916e-09	3.334517e+01	8.438127e+01
3.090000e-06	4.848240e-06	1.199728e-09	3.350543e+01	8.450919e+01
3.100000e-06	4.871165e-06	1.202712e-09	3.366386e+01	8.463501e+01
3.110000e-06	4.893777e-06	1.206393e-09	3.382013e+01	8.475858e+01
3.120000e-06	4.915995e-06	1.210177e-09	3.397368e+01	8.487970e+01
3.130000e-06	4.937831e-06	1.214791e-09	3.412458e+01	8.499816e+01
3.140000e-06	4.959331e-06	1.218614e-09	3.427317e+01	8.511370e+01
3.150000e-06	4.980603e-06	1.221975e-09	3.442018e+01	8.522605e+01
3.160000e-06	5.001533e-06	1.225201e-09	3.456482e+01	8.533494e+01
3.170000e-06	5.021969e-06	1.228590e-09	3.470605e+01	8.544008e+01
3.180000e-06	5.042010e-06	1.231926e-09	3.484455e+01	8.554119e+01
3.190000e-06	5.061781e-06	1.236131e-09	3.498118e+01	8.563803e+01
3.200000e-06	5.081425e-06	1.239770e-09	3.511694e+01	8.573033e+01
3.210000e-06	5.100935e-06	1.242545e-09	3.525177e+01	8.581790e+01
3.220000e-06	5.120170e-06	1.245694e-09	3.538470e+01	8.590055e+01
3.230000e-06	5.139067e-06	1.248704e-09	3.551530e+01	8.597816e+01
3.240000e-06	5.157437e-06	1.250945e-09	3.564225e+01	8.605064e+01
3.250000e-06	5.175254e-06	1.253989e-09	3.576538e+01	8.611795e+01
3.260000e-06	5.192588e-06	1.257656e-09	3.588517e+01	8.618013e+01
3.270000e-06	5.209622e-06	1.261227e-09	3.600289e+01	8.623724e+01
3.280000e-06	5.226407e-06	1.264192e-09	3.611889e+01	8.628943e+01
3.290000e-06	5.242847e-06	1.265729e-09	3.623250e+01	8.633689e+01
3.300000e-06	5.258949e-06	1.265850e-09	3.634378e+01	8.637987e+01
3.310000e-06	5.274680e-06	1.266028e-09	3.645249e+01	8.641865e+01
3.320000e-06	5.290079e-06	1.267398e-09	3.655892e+01	8.645357e+01
3.330000e-06	5.304927e-06	1.269495e-09	3.666153e+01	8.648501e+01
3.340000e-06	5.319222e-06	1.271786e-09	3.676032e+01	8.651338e+01
3.350000e-06	5.333117e-06	1.273757e-09	3.685634e+01	8.653910e+01
3.360000e-06	5.346601e-06	1.275543e-09	3.694953e+01	8.656261e+01
3.370000e-06	5.359722e-06	1.277049e-09	3.704021e+01	8.658434e+01
3.380000e-06	5.372462e-06	1.279325e-09	3.712825e+01	8.660473e+01
3.390000e-06	5.384826e-06	1.282268e-09	3.721370e+01	8.662419e+01
3.400000e-06	5.396858e-06	1.284173e-09	3.729685e+01	8.664312e+01
3.410000e-06	5.408564e-06	1.284317e-09	3.737774e+01	8.666185e+01
3.420000e-06	5.419883e-06	1.284333e-09	3.745597e+01	8.668069e+01
3.430000e-06	5.430736e-06	1.284510e-09	3.753097e+01	8.669990e+01
3.440000e-06	5.441128e-06	1.286322e-09	3.760279e+01	8.671966e+01
3.450000e-06	5.450880e-06	1.288042e-09	3.767019e+01	8.674011e+01
3.460000e-06	5.459914e-06	1.289454e-09	3.773262e+01	8.676130e+01
3.470000e-06	5.468372e-06	1.290492e-09	3.779107e+01	8.678322e+01
3.480000e-06	5.476432e-06	1.294148e-09	3.784678e+01	8.680578e+01
3.490000e-06	5.484238e-06	1.297555e-09	3.790072e+01	8.682884e+01
3.500000e-06	5.491825e-06	1.298188e-09	3.795315e+01	8.685217e+01
3.510000e-06	5.499193e-06	1.299335e-09	3.800407e+01	8.687550e+01
3.520000e-06	5.506124e-06	1.299415e-09	3.805197e+01	8.689848e+01
3.530000e-06	5.512499e-06	1.300413e-09	3.809603e+01	8.692072e+01
3.540000e-06	5.518538e-06	1.299236e-09	3.813776e+01	8.694181e+01
3.550000e-06	5.524269e-06	1.296875e-09	3.817737e+01	8.696127e+01
3.560000e-06	5.529580e-06	1.299063e-09	3.821407e+01	8.697863e+01
3.570000e-06	5.534560e-06	1.304062e-09	3.824848e+01	8.699340e+01
3.580000e-06	5.539163e-06	1.307421e-09	3.828030e+01	8.700509e+01
3.590000e-06	5.543323e-06	1.308148e-09	3.830905e+01	8.701324e+01
3.600000e-06	5.547204e-06	1.308030e-09	3.833587e+01	8.701740e+01
3.610000e-06	5.550880e-06	1.307573e-09	3.836127e+01	8.701714e+01
3.620000e-06	5.554354e-06	1.307289e-09	3.838528e+01	8.701212e+01
3.630000e-06	5.557540e-06	1.309171e-09	3.840730e+01	8.700201e+01
3.640000e-06	5.560259e-06	1.312508e-09	3.842609e+01	8.698657e+01
3.650000e-06	5.562409e-06	1.315640e-09	3.844095e+01	8.696561e+01
3.660000e-06	5.563908e-06	1.317294e-09	3.845131e+01	8.693903e+01
3.670000e-06	5.564804e-06	1.320125e-09	3.845750e+01	8.690679e+01
3.680000e-06	5.565166e-06	1.322686e-09	3.846000e+01	8.686893e+01
3.690000e-06	5.565098e-06	1.323615e-09	3.845953e+01	8.682557e+01
3.700000e-06	5.564798e-06	1.324765e-09	3.845745e+01	8.677690e+01
3.710000e-06	5.564317e-06	1.324866e-09	3.845413e+01	8.672318e+01
3.720000e-06	5.563583e-06	1.323209e-09	3.844906e+01	8.666472e+01
3.730000e-06	5.562448e-06	1.319823e-09	3.844121e+01	8.660189e+01
3.740000e-06	5.560852e-06	1.316088e-09	3.843018e+01	8.653512e+01
3.750000e-06	5.558825e-06	1.313681e-09	3.841618e+01	8.646484e+01
3.760000e-06	5.556437e-06	1.317853e-09	3.839968e+01	8.639154e+01
3.770000e-06	5.553764e-06	1.336649e-09	3.838120e+01	8.631569e+01
3.780000e-06	5.550667e-06	1.340812e-09	3.835980e+01	8.623778e+01
3.790000e-06	5.546993e-06	1.260105e-09	3.833441e+01	8.615827e+01
3.800000e-06	5.542822e-06	1.217831e-09	3.830558e+01	8.607760e+01
3.810000e-06	5.538361e-06	1.368359e-09	3.827475e+01	8.599618e+01
3.820000e-06	5.533808e-06	1.434653e-09	3.824329e+01	8.591437e+01
3.830000e-06	5.529084e-06	1.350039e-09	3.821065e+01	8.583248e+01
3.840000e-06	5.523864e-06	1.251870e-09	3.817457e+01	8.575073e+01
3.850000e-06	5.517884e-06	1.293498e-09	3.813324e+01	8.566929e+01
3.860000e-06	5.511491e-06	1.388722e-09	3.808906e+01	8.558827e+01
3.870000e-06	5.505081e-06	1.269945e-09	3.804476e+01	8.550767e+01
3.880000e-06	5.498169e-06	1.183392e-09	3.799700e+01	8.542745e+01
3.890000e-06	5.490444e-06	1.308531e-09	3.794360e+01	8.534746e+01
3.900000e-06	5.482235e-06	1.469395e-09	3.788688e+01	8.526749e+01
3.910000e-06	5.473798e-06	1.324388e-09	3.782857e+01	8.518728e+01
3.920000e-06	5.465009e-06	1.153363e-09	3.776783e+01	8.510650e+01
3.930000e-06	5.455755e-06	1.247690e-09	3.770387e+01	8.502476e+01
3.940000e-06	5.446246e-06	1.385005e-09	3.763816e+01	8.494165e+01
3.950000e-06	5.436474e-06	1.297056e-09	3.757063e+01	8.485673e+01
3.960000e-06	5.426213e-06	1.212642e-09	3.749972e+01	8.476953e+01
3.970000e-06	5.415405e-06	1.312993e-09	3.742502e+01	8.467960e+01
3.980000e-06	5.404281e-06	1.362585e-09	3.734815e+01	8.458649e+01
3.990000e-06	5.392938e-06	1.275870e-09	3.726976e+01	8.448978e+01
4.000000e-06	5.381121e-06	1.249842e-09	3.718810e+01	8.438909e+01
4.010000e-06	5.368828e-06	1.316440e-09	3.710314e+01	8.428409e+01
4.020000e-06	5.356211e-06	1.308216e-09	3.701595e+01	8.417451e+01
4.030000e-06	5.343143e-06	1.280167e-09	3.692563e+01	8.406017e+01
4.040000e-06	5.329511e-06	1.278277e-09	3.683142e+01	8.394094e+01
4.050000e-06	5.315528e-06	1.310831e-09	3.673479e+01	8.381680e+01
4.060000e-06	5.301134e-06	1.311988e-09	3.663532e+01	8.368781e+01
4.070000e-06	5.285928e-06	1.289279e-09	3.653023e+01	8.355413e+01
4.080000e-06	5.270060e-06	1.237091e-09	3.642057e+01	8.341602e+01
4.090000e-06	5.253957e-06	1.289991e-09	3.630928e+01	8.327380e+01
4.100000e-06	5.237590e-06	1.342715e-09	3.619617e+01	8.312790e+01
4.110000e-06	5.220892e-06	1.248006e-09	3.608078e+01	8.297883e+01
4.120000e-06	5.203971e-06	1.191539e-09	3.596384e+01	8.282714e+01
4.130000e-06	5.186772e-06	1.324969e-09	3.584498e+01	8.267346e+01
4.140000e-06	5.169096e-06	1.317708e-09	3.572282e+01	8.251846e+01
4.150000e-06	5.150953e-06	1.168738e-09	3.559744e+01	8.236284e+01
4.160000e-06	5.132457e-06	1.245198e-09	3.546961e+01	8.220730e+01
4.170000e-06	5.113620e-06	1.357101e-09	3.533943e+01	8.205254e+01
4.180000e-06	5.094454e-06	1.198523e-09	3.520698e+01	8.189926e+01
4.190000e-06	5.075005e-06	1.166094e-09	3.507257e+01	8.174810e+01
4.200000e-06	5.055214e-06	1.352196e-09	3.493580e+01	8.159966e+01
4.210000e-06	5.035091e-06	1.268550e-09	3.479673e+01	8.145447e+01
4.220000e-06	5.014759e-06	1.120431e-09	3.465622e+01	8.131297e+01
4.230000e-06	4.994263e-06	1.277273e-09	3.451458e+01	8.117553e+01
4.240000e-06	4.973504e-06	1.325428e-09	3.437111e+01	8.104238e+01
4.250000e-06	4.952299e-06	1.151439e-09	3.422457e+01	8.091367e+01
4.260000e-06	4.930566e-06	1.228838e-09	3.407438e+01	8.078941e+01
4.270000e-06	4.908175e-06	1.341917e-09	3.391964e+01	8.066950e+01
4.280000e-06	4.885094e-06	1.194354e-09	3.376013e+01	8.055369e+01
4.290000e-06	4.861527e-06	1.179681e-09	3.359726e+01	8.044163e+01
4.300000e-06	4.837688e-06	1.333254e-09	3.343251e+01	8.033286e+01
4.310000e-06	4.813552e-06	1.247260e-09	3.326571e+01	8.022678e+01
4.320000e-06	4.789142e-06	1.164374e-09	3.309702e+01	8.012270e+01
4.330000e-06	4.764622e-06	1.281213e-09	3.292757e+01	8.001984e+01
4.340000e-06	4.739846e-06	1.282601e-09	3.275634e+01	7.991736e+01
4.350000e-06	4.714614e-06	1.180249e-09	3.258197e+01	7.981433e+01
4.360000e-06	4.689001e-06	1.236524e-09	3.240496e+01	7.970978e+01
4.370000e-06	4.663071e-06	1.270206e-09	3.222576e+01	7.960274e+01
4.380000e-06	4.636879e-06	1.198052e-09	3.204475e+01	7.949221e+01
4.390000e-06	4.610348e-06	1.213787e-09	3.186140e+01	7.937721e+01
4.400000e-06	4.583472e-06	1.274250e-09	3.167566e+01	7.925679e+01
4.410000e-06	4.556339e-06	1.235635e-09	3.148815e+01	7.913005e+01
4.420000e-06	4.528840e-06	1.206564e-09	3.129811e+01	7.899616e+01
4.430000e-06	4.501043e-06	1.236993e-09	3.110601e+01	7.885436e+01
4.440000e-06	4.473040e-06	1.234752e-09	3.091249e+01	7.870402e+01
4.450000e-06	4.444830e-06	1.210608e-09	3.071753e+01	7.854459e+01
4.460000e-06	4.416436e-06	1.224797e-09	3.052130e+01	7.837565e+01
4.470000e-06	4.387846e-06	1.234126e-09	3.032373e+01	7.819692e+01
4.480000e-06	4.359021e-06	1.211626e-09	3.012452e+01	7.800824e+01
4.490000e-06	4.329879e-06	1.210130e-09	2.992312e+01	7.780959e+01
4.500000e-06	4.300274e-06	1.223916e-09	2.971852e+01	7.760110e+01
4.510000e-06	4.269988e-06	1.210667e-09	2.950923e+01	7.738301e+01
4.520000e-06	4.239121e-06	1.196292e-09	2.929591e+01	7.715571e+01
4.530000e-06	4.207765e-06	1.206923e-09	2.907921e+01	7.691967e+01
4.540000e-06	4.175982e-06	1.200854e-09	2.885957e+01	7.667551e+01
4.550000e-06	4.143973e-06	1.191547e-09	2.863835e+01	7.642392e+01
4.560000e-06	4.111814e-06	1.201629e-09	2.841611e+01	7.616566e+01
4.570000e-06	4.079523e-06	1.199952e-09	2.819295e+01	7.590156e+01
4.580000e-06	4.047035e-06	1.186443e-09	2.796843e+01	7.563251e+01
4.590000e-06	4.014287e-06	1.198733e-09	2.774211e+01	7.535939e+01
4.600000e-06	3.981253e-06	1.202348e-09	2.751382e+01	7.508311e+01
4.610000e-06	3.947937e-06	1.185119e-09	2.728358e+01	7.480456e+01
4.620000e-06	3.914287e-06	1.179152e-09	2.705103e+01	7.452460e+01
4.630000e-06	3.880392e-06	1.184290e-09	2.681679e+01	7.424403e+01
4.640000e-06	3.846328e-06	1.171652e-09	2.658137e+01	7.396359e+01
4.650000e-06	3.812023e-06	1.166703e-09	2.634430e+01	7.368395e+01
4.660000e-06	3.777465e-06	1.176284e-09	2.610547e+01	7.340566e+01
4.670000e-06	3.742613e-06	1.172209e-09	2.586462e+01	7.312920e+01
4.680000e-06	3.707444e-06	1.160349e-09	2.562157e+01	7.285490e+01
4.690000e-06	3.671980e-06	1.170338e-09	2.537648e+01	7.258301e+01
4.700000e-06	3.636267e-06	1.174960e-09	2.512968e+01	7.231363e+01
4.710000e-06	3.600364e-06	1.159776e-09	2.488156e+01	7.204674e+01
4.720000e-06	3.564289e-06	1.155596e-09	2.463225e+01	7.178221e+01
4.730000e-06	3.528092e-06	1.161938e-09	2.438210e+01	7.151980e+01
4.740000e-06	3.491774e-06	1.152772e-09	2.413111e+01	7.125913e+01
4.750000e-06	3.455303e-06	1.144316e-09	2.387906e+01	7.099975e+01
4.760000e-06	3.418683e-06	1.147861e-09	2.362599e+01	7.074112e+01
4.770000e-06	3.381788e-06	1.142110e-09	2.337101e+01	7.048261e+01
4.780000e-06	3.344547e-06	1.133001e-09	2.311364e+01	7.022352e+01
4.790000e-06	3.307032e-06	1.135774e-09	2.285439e+01	6.996312e+01
4.800000e-06	3.269126e-06	1.135587e-09	2.259242e+01	6.970065e+01
4.810000e-06	3.230721e-06	1.120735e-09	2.232701e+01	6.943533e+01
4.820000e-06	3.191922e-06	1.112569e-09	2.205888e+01	6.916636e+01
4.830000e-06	3.152788e-06	1.111517e-09	2.178843e+01	6.889298e+01
4.840000e-06	3.113307e-06	1.103976e-09	2.151558e+01	6.861446e+01
4.850000e-06	3.073559e-06	1.097192e-09	2.124089e+01	6.833010e+01
4.860000e-06	3.033650e-06	1.099968e-09	2.096508e+01	6.803925e+01
4.870000e-06	2.993643e-06	1.096919e-09	2.068860e+01	6.774136e+01
4.880000e-06	2.953525e-06	1.090585e-09	2.041135e+01	6.743591e+01
4.890000e-06	2.913185e-06	1.092819e-09	2.013257e+01	6.712249e+01
4.900000e-06	2.872655e-06	1.093699e-09	1.985247e+01	6.680078e+01
4.910000e-06	2.832041e-06	1.083371e-09	1.957179e+01	6.647053e+01
4.920000e-06	2.791321e-06	1.077933e-09	1.929038e+01	6.613158e+01
4.930000e-06	2.750346e-06	1.078018e-09	1.900721e+01	6.578388e+01
4.940000e-06	2.709154e-06	1.072096e-09	1.872254e+01	6.542745e+01
4.950000e-06	2.667823e-06	1.063175e-09	1.843691e+01	6.506237e+01
4.960000e-06	2.626287e-06	1.059049e-09	1.814987e+01	6.468881e+01
4.970000e-06	2.584507e-06	1.054366e-09	1.786112e+01	6.430700e+01
4.980000e-06	2.542527e-06	1.050583e-09	1.757101e+01	6.391723e+01
4.990000e-06	2.500412e-06	1.050241e-09	1.727996e+01	6.351980e+01
5.000000e-06	2.458128e-06	1.046967e-09	1.698774e+01	6.311507e+01
5.010000e-06	2.415672e-06	1.035595e-09	1.669434e+01	6.270339e+01
5.020000e-06	2.373118e-06	1.025980e-09	1.640025e+01	6.228514e+01
5.030000e-06	2.330456e-06	1.021261e-09	1.610542e+01	6.186068e+01
5.040000e-06	2.287631e-06	1.015931e-09	1.580947e+01	6.143035e+01
5.050000e-06	2.244581e-06	1.010063e-09	1.551195e+01	6.099445e+01
5.060000e-06	2.201327e-06	1.006585e-09	1.521303e+01	6.055326e+01
5.070000e-06	2.157865e-06	1.002236e-09	1.491267e+01	6.010699e+01
5.080000e-06	2.114174e-06	9.951921e-10	1.461073e+01	5.965581e+01
5.090000e-06	2.070381e-06	9.901357e-10	1.430808e+01	5.919982e+01
5.100000e-06	2.026519e-06	9.842368e-10	1.400496e+01	5.873905e+01
5.110000e-06	1.982582e-06	9.762982e-10	1.370132e+01	5.827347e+01
5.120000e-06	1.938550e-06	9.678036e-10	1.339702e+01	5.780296e+01
5.130000e-06	1.894451e-06	9.603031e-10	1.309226e+01	5.732733e+01
5.140000e-06	1.850278e-06	9.518783e-10	1.278698e+01	5.684634e+01
5.150000e-06	1.806000e-06	9.440430e-10	1.248098e+01	5.635966e+01
5.160000e-06	1.761670e-06	9.378635e-10	1.217463e+01	5.586690e+01
5.170000e-06	1.717303e-06	9.307428e-10	1.186802e+01	5.536761e+01
5.180000e-06	1.672859e-06	9.218417e-10	1.156087e+01	5.486128e+01
5.190000e-06	1.628339e-06	9.167109e-10	1.125320e+01	5.434735e+01
5.200000e-06	1.583746e-06	9.141048e-10	1.094502e+01	5.382523e+01
5.210000e-06	1.539062e-06	9.088864e-10	1.063622e+01	5.329427e+01
5.220000e-06	1.494279e-06	9.031651e-10	1.032673e+01	5.275381e+01
5.230000e-06	1.449372e-06	8.976344e-10	1.001639e+01	5.220315e+01
5.240000e-06	1.404356e-06	8.881900e-10	9.705289e+00	5.164157e+01
5.250000e-06	1.359195e-06	8.763679e-10	9.393186e+00	5.106836e+01
5.260000e-06	1.313893e-06	8.672079e-10	9.080109e+00	5.048276e+01
5.270000e-06	1.268536e-06	8.598471e-10	8.766658e+00	4.988402e+01
5.280000e-06	1.223095e-06	8.531199e-10	8.452623e+00	4.927141e+01
5.290000e-06	1.177462e-06	8.454979e-10	8.137259e+00	4.864416e+01
5.300000e-06	1.131608e-06	8.354822e-10	7.820371e+00	4.800152e+01
5.310000e-06	1.085593e-06	8.255588e-10	7.502368e+00	4.734273e+01
5.320000e-06	1.039489e-06	8.137130e-10	7.183751e+00	4.666703e+01
5.330000e-06	9.933630e-07	8.014054e-10	6.864978e+00	4.597366e+01
5.340000e-06	9.471304e-07	7.916104e-10	6.545471e+00	4.526183e+01
5.350000e-06	9.008347e-07	7.797347e-10	6.225529e+00	4.453079e+01
5.360000e-06	8.545635e-07	7.660392e-10	5.905756e+00	4.377973e+01
5.370000e-06	8.082519e-07	7.522017e-10	5.585704e+00	4.300787e+01
5.380000e-06	7.618963e-07	7.386865e-10	5.265347e+00	4.221438e+01
5.390000e-06	7.154915e-07	7.261017e-10	4.944651e+00	4.139843e+01
5.400000e-06	6.690278e-07	7.111868e-10	4.623547e+00	4.055919e+01
5.410000e-06	6.225255e-07	6.955087e-10	4.302177e+00	3.969578e+01
5.420000e-06	5.759365e-07	6.800043e-10	3.980208e+00	3.880734e+01
5.430000e-06	5.293203e-07	6.631444e-10	3.658051e+00	3.789297e+01
5.440000e-06	4.827282e-07	6.448005e-10	3.336060e+00	3.695178e+01
5.450000e-06	4.361037e-07	6.268623e-10	3.013845e+00	3.598286e+01
5.460000e-06	3.894759e-07	6.088271e-10	2.691608e+00	3.498531e+01
5.470000e-06	3.428509e-07	5.910156e-10	2.369389e+00	3.395825e+01
5.480000e-06	2.961497e-07	5.746527e-10	2.046645e+00	3.290080e+01
5.490000e-06	2.492826e-07	5.603944e-10	1.722754e+00	3.181213e+01
5.500000e-06	2.023702e-07	5.455410e-10	1.398549e+00	3.069144e+01
5.510000e-06	1.555717e-07	5.281613e-10	1.075132e+00	2.953798e+01
5.520000e-06	1.088194e-07	5.112109e-10	7.520341e-01	2.835109e+01
5.530000e-06	6.206246e-08	4.919008e-10	4.289040e-01	2.713018e+01
5.540000e-06	1.526699e-08	4.690220e-10	1.055078e-01	2.587475e+01
5.550000e-06	-3.154312e-08	4.457664e-10	-2.179896e-01	2.458443e+01
5.560000e-06	-7.837753e-08	4.234592e-10	-5.416550e-01	2.325897e+01
5.570000e-06	-1.252158e-07	3.996056e-10	-8.653471e-01	2.189826e+01
5.580000e-06	-1.719895e-07	3.737071e-10	-1.188593e+00	2.050234e+01
5.590000e-06	-2.187666e-07	3.495511e-10	-1.511862e+00	1.907144e+01
5.600000e-06	-2.656039e-07	3.283282e-10	-1.835547e+00	1.760595e+01
5.610000e-06	-3.124190e-07	3.042935e-10	-2.159079e+00	1.610645e+01
5.620000e-06	-3.591636e-07	2.769460e-10	-2.482124e+00	1.457372e+01
5.630000e-06	-4.058741e-07	2.463265e-10	-2.804933e+00	1.300874e+01
5.640000e-06	-4.524925e-07	2.152651e-10	-3.127106e+00	1.141271e+01
5.650000e-06	-4.990929e-07	1.843314e-10	-3.449154e+00	9.787000e+00
5.660000e-06	-5.457548e-07	1.554564e-10	-3.771627e+00	8.133210e+00
5.670000e-06	-5.923685e-07	1.302685e-10	-4.093767e+00	6.453127e+00
5.680000e-06	-6.388768e-07	1.038534e-10	-4.415178e+00	4.748731e+00
5.690000e-06	-6.852600e-07	7.587088e-11	-4.735726e+00	3.022178e+00
5.700000e-06	-7.315666e-07	4.721081e-11	-5.055743e+00	1.275796e+00
5.710000e-06	-7.779212e-07	1.613853e-11	-5.376093e+00	-4.879367e-01
5.720000e-06	-8.242537e-07	-1.804546e-11	-5.696289e+00	-2.266407e+00
5.730000e-06	-8.705339e-07	-5.330365e-11	-6.016125e+00	-4.056886e+00
5.740000e-06	-9.167293e-07	-8.672717e-11	-6.335374e+00	-5.856548e+00
5.750000e-06	-9.627991e-07	-1.159676e-10	-6.653755e+00	-7.662494e+00
5.760000e-06	-1.008821e-06	-1.417921e-10	-6.971807e+00	-9.471776e+00
5.770000e-06	-1.054709e-06	-1.665552e-10	-7.288930e+00	-1.128142e+01
5.780000e-06	-1.100422e-06	-1.944834e-10	-7.604844e+00	-1.308844e+01
5.790000e-06	-1.146016e-06	-2.252532e-10	-7.919937e+00	-1.488990e+01
5.800000e-06	-1.191450e-06	-2.577623e-10	-8.233924e+00	-1.668287e+01
5.810000e-06	-1.236771e-06	-2.910112e-10	-8.547129e+00	-1.846453e+01
5.820000e-06	-1.282058e-06	-3.221055e-10	-8.860106e+00	-2.023211e+01
5.830000e-06	-1.327322e-06	-3.523500e-10	-9.172918e+00	-2.198298e+01
5.840000e-06	-1.372484e-06	-3.834704e-10	-9.485021e+00	-2.371464e+01
5.850000e-06	-1.417515e-06	-4.130999e-10	-9.796228e+00	-2.542471e+01
5.860000e-06	-1.462463e-06	-4.411189e-10	-1.010686e+01	-2.711101e+01
5.870000e-06	-1.507329e-06	-4.672432e-10	-1.041692e+01	-2.877151e+01
5.880000e-06	-1.552076e-06	-4.937361e-10	-1.072615e+01	-3.040437e+01
5.890000e-06	-1.596690e-06	-5.218554e-10	-1.103448e+01	-3.200794e+01
5.900000e-06	-1.641180e-06	-5.507659e-10	-1.134194e+01	-3.358076e+01
5.910000e-06	-1.685561e-06	-5.798279e-10	-1.164865e+01	-3.512160e+01
5.920000e-06	-1.729900e-06	-6.062888e-10	-1.195507e+01	-3.662939e+01
5.930000e-06	-1.774213e-06	-6.299011e-10	-1.226131e+01	-3.810329e+01
5.940000e-06	-1.818475e-06	-6.547465e-10	-1.256720e+01	-3.954263e+01
5.950000e-06	-1.862681e-06	-6.774779e-10	-1.287270e+01	-4.094694e+01
5.960000e-06	-1.906826e-06	-6.985700e-10	-1.317778e+01	-4.231591e+01
5.970000e-06	-1.950896e-06	-7.215769e-10	-1.348234e+01	-4.364943e+01
5.980000e-06	-1.994862e-06	-7.434478e-10	-1.378618e+01	-4.494751e+01
5.990000e-06	-2.038735e-06	-7.659283e-10	-1.408938e+01	-4.621033e+01
6.000000e-06	-2.082498e-06	-7.887693e-10	-1.439182e+01	-4.743818e+01
6.010000e-06	-2.126177e-06	-8.101808e-10	-1.469368e+01	-4.863148e+01
6.020000e-06	-2.169735e-06	-8.317090e-10	-1.499470e+01	-4.979076e+01
6.030000e-06	-2.213000e-06	-8.525551e-10	-1.529370e+01	-5.091662e+01
6.040000e-06	-2.256031e-06	-8.733130e-10	-1.559108e+01	-5.200973e+01
6.050000e-06	-2.298910e-06	-8.944824e-10	-1.588741e+01	-5.307084e+01
6.060000e-06	-2.341570e-06	-9.123327e-10	-1.618223e+01	-5.410075e+01
6.070000e-06	-2.384064e-06	-9.291738e-10	-1.647589e+01	-5.510027e+01
6.080000e-06	-2.426443e-06	-9.455764e-10	-1.676877e+01	-5.607025e+01
6.090000e-06	-2.468690e-06	-9.586681e-10	-1.706073e+01	-5.701156e+01
6.100000e-06	-2.510830e-06	-9.712084e-10	-1.735195e+01	-5.792506e+01
6.110000e-06	-2.552774e-06	-9.846148e-10	-1.764182e+01	-5.881162e+01
6.120000e-06	-2.594510e-06	-9.987718e-10	-1.793026e+01	-5.967208e+01
6.130000e-06	-2.636043e-06	-1.015119e-09	-1.821729e+01	-6.050730e+01
6.140000e-06	-2.677277e-06	-1.031353e-09	-1.850224e+01	-6.131809e+01
6.150000e-06	-2.718270e-06	-1.045616e-09	-1.878554e+01	-6.210523e+01
6.160000e-06	-2.759098e-06	-1.058296e-09	-1.906770e+01	-6.286952e+01
6.170000e-06	-2.799733e-06	-1.070790e-09	-1.934852e+01	-6.361167e+01
6.180000e-06	-2.840210e-06	-1.082736e-09	-1.962825e+01	-6.433241e+01
6.190000e-06	-2.880598e-06	-1.093787e-09	-1.990737e+01	-6.503243e+01
6.200000e-06	-2.920884e-06	-1.103992e-09	-2.018578e+01	-6.571238e+01
6.210000e-06	-2.961098e-06	-1.114004e-09	-2.046369e+01	-6.637288e+01
6.220000e-06	-3.001171e-06	-1.124620e-09	-2.074063e+01	-6.701456e+01
6.230000e-06	-3.041100e-06	-1.134596e-09	-2.101657e+01	-6.763797e+01
6.240000e-06	-3.080879e-06	-1.145452e-09	-2.129148e+01	-6.824368e+01
6.250000e-06	-3.120341e-06	-1.155371e-09	-2.156419e+01	-6.883221e+01
6.260000e-06	-3.159467e-06	-1.163047e-09	-2.183459e+01	-6.940409e+01
6.270000e-06	-3.198363e-06	-1.170410e-09	-2.210339e+01	-6.995979e+01
6.280000e-06	-3.236971e-06	-1.178446e-09	-2.237021e+01	-7.049979e+01
6.290000e-06	-3.275135e-06	-1.187780e-09	-2.263395e+01	-7.102455e+01
6.300000e-06	-3.312847e-06	-1.196788e-09	-2.289458e+01	-7.153448e+01
6.310000e-06	-3.350110e-06	-1.204896e-09	-2.315209e+01	-7.203002e+01
6.320000e-06	-3.386998e-06	-1.214771e-09	-2.340702e+01	-7.251155e+01
6.330000e-06	-3.423608e-06	-1.224792e-09	-2.366002e+01	-7.297946e+01
6.340000e-06	-3.460019e-06	-1.232192e-09	-2.391166e+01	-7.343410e+01
6.350000e-06	-3.496313e-06	-1.239469e-09	-2.416248e+01	-7.387581e+01
6.360000e-06	-3.532525e-06	-1.245835e-09	-2.441274e+01	-7.430493e+01
6.370000e-06	-3.568598e-06	-1.250547e-09	-2.466203e+01	-7.472175e+01
6.380000e-06	-3.604477e-06	-1.254741e-09	-2.490998e+01	-7.512656e+01
6.390000e-06	-3.640185e-06	-1.259086e-09	-2.515676e+01	-7.551962e+01
6.400000e-06	-3.675678e-06	-1.265233e-09	-2.540204e+01	-7.590120e+01
6.410000e-06	-3.710868e-06	-1.273960e-09	-2.564524e+01	-7.627152e+01
6.420000e-06	-3.745753e-06	-1.282081e-09	-2.588632e+01	-7.663081e+01
6.430000e-06	-3.780334e-06	-1.287097e-09	-2.612530e+01	-7.697926e+01
6.440000e-06	-3.814634e-06	-1.289604e-09	-2.636234e+01	-7.731708e+01
6.450000e-06	-3.848714e-06	-1.291734e-09	-2.659787e+01	-7.764445e+01
6.460000e-06	-3.882541e-06	-1.293606e-09	-2.683164e+01	-7.796156e+01
6.470000e-06	-3.916004e-06	-1.295533e-09	-2.706289e+01	-7.826856e+01
6.480000e-06	-3.949133e-06	-1.299597e-09	-2.729185e+01	-7.856565e+01
6.490000e-06	-3.982081e-06	-1.304405e-09	-2.751955e+01	-7.885299e+01
6.500000e-06	-4.014819e-06	-1.308315e-09	-2.774579e+01	-7.913078e+01
6.510000e-06	-4.047286e-06	-1.311350e-09	-2.797017e+01	-7.939919e+01
6.520000e-06	-4.079566e-06	-1.313571e-09	-2.819325e+01	-7.965845e+01
6.530000e-06	-4.111735e-06	-1.313433e-09	-2.841556e+01	-7.990876e+01
6.540000e-06	-4.143657e-06	-1.314519e-09	-2.863617e+01	-8.015036e+01
6.550000e-06	-4.175265e-06	-1.318954e-09	-2.885461e+01	-8.038350e+01
6.560000e-06	-4.206523e-06	-1.323501e-09	-2.907063e+01	-8.060846e+01
6.570000e-06	-4.237362e-06	-1.325917e-09	-2.928375e+01	-8.082552e+01
6.580000e-06	-4.267712e-06	-1.327861e-09	-2.949349e+01	-8.103502e+01
6.590000e-06	-4.297451e-06	-1.329090e-09	-2.969902e+01	-8.123727e+01
6.600000e-06	-4.326655e-06	-1.329214e-09	-2.990084e+01	-8.143264e+01
6.610000e-06	-4.355471e-06	-1.328785e-09	-3.009998e+01	-8.162148e+01
6.620000e-06	-4.384054e-06	-1.328289e-09	-3.029752e+01	-8.180420e+01
6.630000e-06	-4.412439e-06	-1.327550e-09	-3.049368e+01	-8.198117e+01
6.640000e-06	-4.440651e-06	-1.327822e-09	-3.068865e+01	-8.215281e+01
6.650000e-06	-4.468730e-06	-1.329650e-09	-3.088270e+01	-8.231950e+01
6.660000e-06	-4.496566e-06	-1.332567e-09	-3.107507e+01	-8.248165e+01
6.670000e-06	-4.524105e-06	-1.335462e-09	-3.126538e+01	-8.263965e+01
6.680000e-06	-4.551243e-06	-1.338564e-09	-3.145294e+01	-8.279388e+01
6.690000e-06	-4.577992e-06	-1.339605e-09	-3.163779e+01	-8.294468e+01
6.700000e-06	-4.604456e-06	-1.338137e-09	-3.182068e+01	-8.309238e+01
6.710000e-06	-4.630559e-06	-1.337055e-09	-3.200107e+01	-8.323728e+01
6.720000e-06	-4.656314e-06	-1.336165e-09	-3.217906e+01	-8.337964e+01
6.730000e-06	-4.681649e-06	-1.337411e-09	-3.235415e+01	-8.351969e+01
6.740000e-06	-4.706610e-06	-1.340512e-09	-3.252665e+01	-8.365760e+01
6.750000e-06	-4.731355e-06	-1.346272e-09	-3.269766e+01	-8.379350e+01
6.760000e-06	-4.755879e-06	-1.351341e-09	-3.286715e+01	-8.392747e+01
6.770000e-06	-4.780232e-06	-1.353832e-09	-3.303544e+01	-8.405956e+01
6.780000e-06	-4.804434e-06	-1.354283e-09	-3.320270e+01	-8.418973e+01
6.790000e-06	-4.828383e-06	-1.354324e-09	-3.336821e+01	-8.431793e+01
6.800000e-06	-4.851924e-06	-1.353439e-09	-3.353090e+01	-8.444404e+01
6.810000e-06	-4.874955e-06	-1.349904e-09	-3.369006e+01	-8.456792e+01
6.820000e-06	-4.897446e-06	-1.348146e-09	-3.384549e+01	-8.468937e+01
6.830000e-06	-4.919455e-06	-1.350845e-09	-3.399759e+01	-8.480817e+01
6.840000e-06	-4.940978e-06	-1.356034e-09	-3.414633e+01	-8.492408e+01
6.850000e-06	-4.962003e-06	-1.361096e-09	-3.429163e+01	-8.503682e+01
6.860000e-06	-4.982617e-06	-1.362821e-09	-3.443410e+01	-8.514613e+01
6.870000e-06	-5.002996e-06	-1.363467e-09	-3.457493e+01	-8.525171e+01
6.880000e-06	-5.023188e-06	-1.363547e-09	-3.471447e+01	-8.535328e+01
6.890000e-06	-5.043159e-06	-1.361665e-09	-3.485249e+01	-8.545060e+01
6.900000e-06	-5.062809e-06	-1.361619e-09	-3.498829e+01	-8.554340e+01
6.910000e-06	-5.081969e-06	-1.361241e-09	-3.512070e+01	-8.563149e+01
6.920000e-06	-5.100729e-06	-1.361280e-09	-3.525035e+01	-8.571467e+01
6.930000e-06	-5.119220e-06	-1.366211e-09	-3.537813e+01	-8.579282e+01
6.940000e-06	-5.137440e-06	-1.370122e-09	-3.550405e+01	-8.586584e+01
6.950000e-06	-5.155417e-06	-1.369560e-09	-3.562829e+01	-8.593370e+01
6.960000e-06	-5.173070e-06	-1.365147e-09	-3.575028e+01	-8.599642e+01
6.970000e-06	-5.190315e-06	-1.360168e-09	-3.586946e+01	-8.605407e+01
6.980000e-06	-5.207110e-06	-1.357248e-09	-3.598553e+01	-8.610678e+01
6.990000e-06	-5.223578e-06	-1.357599e-09	-3.609934e+01	-8.615474e+01
7.000000e-06	-5.239894e-06	-1.359405e-09	-3.621209e+01	-8.619819e+01
7.010000e-06	-5.255986e-06	-1.358068e-09	-3.632330e+01	-8.623742e+01
7.020000e-06	-5.271801e-06	-1.354835e-09	-3.643260e+01	-8.627277e+01
7.030000e-06	-5.287097e-06	-1.352668e-09	-3.653831e+01	-8.630460e+01
7.040000e-06	-5.301605e-06	-1.348170e-09	-3.663857e+01	-8.633332e+01
7.050000e-06	-5.315277e-06	-1.344187e-09	-3.673306e+01	-8.635936e+01
7.060000e-06	-5.328327e-06	-1.343798e-09	-3.682324e+01	-8.638315e+01
7.070000e-06	-5.341008e-06	-1.343330e-09	-3.691088e+01	-8.640513e+01
7.080000e-06	-5.353357e-06	-1.343516e-09	-3.699622e+01	-8.642573e+01
7.090000e-06	-5.365400e-06	-1.343985e-09	-3.707945e+01	-8.644537e+01
7.100000e-06	-5.377141e-06	-1.344096e-09	-3.716058e+01	-8.646444e+01
7.110000e-06	-5.388487e-06	-1.342438e-09	-3.723900e+01	-8.648329e+01
7.120000e-06	-5.399364e-06	-1.339947e-09	-3.731417e+01	-8.650223e+01
7.130000e-06	-5.409910e-06	-1.338342e-09	-3.738705e+01	-8.652151e+01
7.140000e-06	-5.420222e-06	-1.336248e-09	-3.745832e+01	-8.654134e+01
7.150000e-06	-5.430093e-06	-1.333853e-09	-3.752653e+01	-8.656184e+01
7.160000e-06	-5.439434e-06	-1.335008e-09	-3.759109e+01	-8.658308e+01
7.170000e-06	-5.448396e-06	-1.338061e-09	-3.765302e+01	-8.660506e+01
7.180000e-06	-5.457083e-06	-1.337862e-09	-3.771306e+01	-8.662769e+01
7.190000e-06	-5.465505e-06	-1.334947e-09	-3.777126e+01	-8.665083e+01
7.200000e-06	-5.473712e-06	-1.331329e-09	-3.782798e+01	-8.667427e+01
7.210000e-06	-5.481653e-06	-1.326081e-09	-3.788286e+01	-8.669772e+01
7.220000e-06	-5.489199e-06	-1.321857e-09	-3.793501e+01	-8.672086e+01
7.230000e-06	-5.496246e-06	-1.318568e-09	-3.798371e+01	-8.674330e+01
7.240000e-06	-5.502717e-06	-1.316764e-09	-3.802842e+01	-8.676461e+01
7.250000e-06	-5.508538e-06	-1.318117e-09	-3.806866e+01	-8.678434e+01
7.260000e-06	-5.513704e-06	-1.321455e-09	-3.810435e+01	-8.680201e+01
7.270000e-06	-5.518408e-06	-1.322835e-09	-3.813686e+01	-8.681713e+01
7.280000e-06	-5.522844e-06	-1.320604e-09	-3.816752e+01	-8.682921e+01
7.290000e-06	-5.527112e-06	-1.317754e-09	-3.819701e+01	-8.683779e+01
7.300000e-06	-5.531124e-06	-1.314189e-09	-3.822474e+01	-8.684241e+01
7.310000e-06	-5.534771e-06	-1.309352e-09	-3.824995e+01	-8.684265e+01
7.320000e-06	-5.538075e-06	-1.307384e-09	-3.827278e+01	-8.683815e+01
7.330000e-06	-5.540997e-06	-1.308859e-09	-3.829297e+01	-8.682859e+01
7.340000e-06	-5.543501e-06	-1.311744e-09	-3.831028e+01	-8.681372e+01
7.350000e-06	-5.545680e-06	-1.311732e-09	-3.832534e+01	-8.679334e+01
7.360000e-06	-5.547538e-06	-1.309699e-09	-3.833817e+01	-8.676735e+01
7.370000e-06	-5.548891e-06	-1.304662e-09	-3.834753e+01	-8.673569e+01
7.380000e-06	-5.549809e-06	-1.296535e-09	-3.835387e+01	-8.669841e+01
7.390000e-06	-5.550445e-06	-1.288694e-09	-3.835827e+01	-8.665562e+01
7.400000e-06	-5.550852e-06	-1.284371e-09	-3.836107e+01	-8.660750e+01
