# Temperatura_=_-10.74
# Concentracion g/m^3_=_1620.0
# C_Vs_to_Am_M_A/Vsm_=_65563218390.804596
# pendiente_HvsI_1/m_=_3716.3
# ordenada_HvsI_A/m_=_1297.0
# frecuencia_Hz_=_135110.3845231867

Tiempo_(s)	Campo_(V.s)	Magnetizacion_(V.s)	Campo_(kA/m)	Magnetizacion_(A/m)
0.000000e+00	-5.514045e-06	-9.380076e-10	-3.836148e+01	-6.304671e+01
1.000000e-08	-5.514227e-06	-9.332203e-10	-3.836275e+01	-6.302337e+01
2.000000e-08	-5.514281e-06	-9.295107e-10	-3.836312e+01	-6.300145e+01
3.000000e-08	-5.513986e-06	-9.276693e-10	-3.836107e+01	-6.298123e+01
4.000000e-08	-5.513165e-06	-9.270071e-10	-3.835536e+01	-6.296299e+01
5.000000e-08	-5.511819e-06	-9.260949e-10	-3.834599e+01	-6.294692e+01
6.000000e-08	-5.509882e-06	-9.236777e-10	-3.833252e+01	-6.293319e+01
7.000000e-08	-5.507314e-06	-9.225662e-10	-3.831465e+01	-6.292190e+01
8.000000e-08	-5.504187e-06	-9.123130e-10	-3.829290e+01	-6.291308e+01
9.000000e-08	-5.500597e-06	-9.120033e-10	-3.826792e+01	-6.290669e+01
1.000000e-07	-5.496607e-06	-9.655259e-10	-3.824016e+01	-6.290264e+01
1.100000e-07	-5.492260e-06	-1.005515e-09	-3.820992e+01	-6.290076e+01
1.200000e-07	-5.487656e-06	-9.118272e-10	-3.817789e+01	-6.290079e+01
1.300000e-07	-5.482833e-06	-8.454291e-10	-3.814433e+01	-6.290245e+01
1.400000e-07	-5.477719e-06	-9.043418e-10	-3.810876e+01	-6.290536e+01
1.500000e-07	-5.472191e-06	-9.768346e-10	-3.807030e+01	-6.290910e+01
1.600000e-07	-5.466247e-06	-9.211094e-10	-3.802895e+01	-6.291321e+01
1.700000e-07	-5.459988e-06	-8.480528e-10	-3.798540e+01	-6.291718e+01
1.800000e-07	-5.453349e-06	-9.494522e-10	-3.793921e+01	-6.292047e+01
1.900000e-07	-5.446183e-06	-1.044041e-09	-3.788936e+01	-6.292252e+01
2.000000e-07	-5.438715e-06	-9.748521e-10	-3.783741e+01	-6.292279e+01
2.100000e-07	-5.431066e-06	-8.676884e-10	-3.778419e+01	-6.292070e+01
2.200000e-07	-5.423136e-06	-8.990161e-10	-3.772902e+01	-6.291572e+01
2.300000e-07	-5.414898e-06	-9.758079e-10	-3.767171e+01	-6.290732e+01
2.400000e-07	-5.406257e-06	-9.712026e-10	-3.761160e+01	-6.289503e+01
2.500000e-07	-5.397099e-06	-9.337054e-10	-3.754788e+01	-6.287841e+01
2.600000e-07	-5.387115e-06	-9.511380e-10	-3.747842e+01	-6.285708e+01
2.700000e-07	-5.376342e-06	-9.590056e-10	-3.740348e+01	-6.283073e+01
2.800000e-07	-5.365135e-06	-9.213889e-10	-3.732550e+01	-6.279911e+01
2.900000e-07	-5.353565e-06	-8.928797e-10	-3.724501e+01	-6.276206e+01
3.000000e-07	-5.341673e-06	-9.145446e-10	-3.716228e+01	-6.271947e+01
3.100000e-07	-5.329395e-06	-9.331784e-10	-3.707686e+01	-6.267135e+01
3.200000e-07	-5.316655e-06	-9.316397e-10	-3.698823e+01	-6.261776e+01
3.300000e-07	-5.303534e-06	-9.261610e-10	-3.689694e+01	-6.255885e+01
3.400000e-07	-5.290072e-06	-9.304617e-10	-3.680329e+01	-6.249484e+01
3.500000e-07	-5.276239e-06	-9.412155e-10	-3.670705e+01	-6.242605e+01
3.600000e-07	-5.261932e-06	-9.177928e-10	-3.660751e+01	-6.235282e+01
3.700000e-07	-5.247123e-06	-8.853415e-10	-3.650449e+01	-6.227559e+01
3.800000e-07	-5.231852e-06	-9.095757e-10	-3.639825e+01	-6.219481e+01
3.900000e-07	-5.216076e-06	-9.446159e-10	-3.628849e+01	-6.211101e+01
4.000000e-07	-5.199768e-06	-9.015830e-10	-3.617504e+01	-6.202472e+01
4.100000e-07	-5.183108e-06	-8.948320e-10	-3.605913e+01	-6.193650e+01
4.200000e-07	-5.166193e-06	-9.507583e-10	-3.594146e+01	-6.184691e+01
4.300000e-07	-5.148914e-06	-9.235337e-10	-3.582125e+01	-6.175652e+01
4.400000e-07	-5.131281e-06	-8.540529e-10	-3.569857e+01	-6.166589e+01
4.500000e-07	-5.113302e-06	-9.160877e-10	-3.557349e+01	-6.157553e+01
4.600000e-07	-5.094851e-06	-9.596091e-10	-3.544513e+01	-6.148594e+01
4.700000e-07	-5.075900e-06	-8.735177e-10	-3.531328e+01	-6.139757e+01
4.800000e-07	-5.056658e-06	-8.735848e-10	-3.517942e+01	-6.131083e+01
4.900000e-07	-5.037176e-06	-9.648783e-10	-3.504388e+01	-6.122605e+01
5.000000e-07	-5.017433e-06	-9.200368e-10	-3.490653e+01	-6.114354e+01
5.100000e-07	-4.997495e-06	-8.608111e-10	-3.476782e+01	-6.106352e+01
5.200000e-07	-4.977265e-06	-9.263734e-10	-3.462708e+01	-6.098615e+01
5.300000e-07	-4.956670e-06	-9.245428e-10	-3.448379e+01	-6.091153e+01
5.400000e-07	-4.935667e-06	-8.544330e-10	-3.433767e+01	-6.083968e+01
5.500000e-07	-4.914329e-06	-9.056835e-10	-3.418923e+01	-6.077060e+01
5.600000e-07	-4.892707e-06	-9.461138e-10	-3.403880e+01	-6.070418e+01
5.700000e-07	-4.870734e-06	-8.655167e-10	-3.388594e+01	-6.064031e+01
5.800000e-07	-4.848436e-06	-8.678734e-10	-3.373080e+01	-6.057879e+01
5.900000e-07	-4.825805e-06	-9.400889e-10	-3.357336e+01	-6.051942e+01
6.000000e-07	-4.802826e-06	-9.012050e-10	-3.341350e+01	-6.046193e+01
6.100000e-07	-4.779510e-06	-8.602506e-10	-3.325128e+01	-6.040608e+01
6.200000e-07	-4.755914e-06	-9.096966e-10	-3.308713e+01	-6.035156e+01
6.300000e-07	-4.732158e-06	-9.051447e-10	-3.292185e+01	-6.029809e+01
6.400000e-07	-4.708199e-06	-8.628596e-10	-3.275517e+01	-6.024538e+01
6.500000e-07	-4.683837e-06	-8.889838e-10	-3.258568e+01	-6.019315e+01
6.600000e-07	-4.658973e-06	-9.101549e-10	-3.241270e+01	-6.014115e+01
6.700000e-07	-4.633653e-06	-8.826207e-10	-3.223655e+01	-6.008913e+01
6.800000e-07	-4.607888e-06	-8.885314e-10	-3.205730e+01	-6.003688e+01
6.900000e-07	-4.581560e-06	-9.060038e-10	-3.187414e+01	-5.998424e+01
7.000000e-07	-4.554693e-06	-8.885817e-10	-3.168722e+01	-5.993106e+01
7.100000e-07	-4.527496e-06	-8.775748e-10	-3.149801e+01	-5.987723e+01
7.200000e-07	-4.500030e-06	-8.850275e-10	-3.130693e+01	-5.982271e+01
7.300000e-07	-4.472332e-06	-8.780639e-10	-3.111423e+01	-5.976745e+01
7.400000e-07	-4.444471e-06	-8.742499e-10	-3.092040e+01	-5.971148e+01
7.500000e-07	-4.416461e-06	-8.830808e-10	-3.072553e+01	-5.965484e+01
7.600000e-07	-4.388227e-06	-8.859646e-10	-3.052911e+01	-5.959760e+01
7.700000e-07	-4.359633e-06	-8.817812e-10	-3.033018e+01	-5.953987e+01
7.800000e-07	-4.330670e-06	-8.807132e-10	-3.012868e+01	-5.948176e+01
7.900000e-07	-4.301376e-06	-8.773528e-10	-2.992488e+01	-5.942342e+01
8.000000e-07	-4.271765e-06	-8.748163e-10	-2.971888e+01	-5.936498e+01
8.100000e-07	-4.241877e-06	-8.756715e-10	-2.951095e+01	-5.930659e+01
8.200000e-07	-4.211770e-06	-8.750931e-10	-2.930149e+01	-5.924839e+01
8.300000e-07	-4.181476e-06	-8.743626e-10	-2.909073e+01	-5.919049e+01
8.400000e-07	-4.150847e-06	-8.780024e-10	-2.887764e+01	-5.913301e+01
8.500000e-07	-4.119804e-06	-8.807283e-10	-2.866168e+01	-5.907603e+01
8.600000e-07	-4.088487e-06	-8.773190e-10	-2.844380e+01	-5.901961e+01
8.700000e-07	-4.056988e-06	-8.752328e-10	-2.822466e+01	-5.896376e+01
8.800000e-07	-4.025343e-06	-8.767953e-10	-2.800451e+01	-5.890846e+01
8.900000e-07	-3.993544e-06	-8.739245e-10	-2.778328e+01	-5.885367e+01
9.000000e-07	-3.961531e-06	-8.688176e-10	-2.756057e+01	-5.879930e+01
9.100000e-07	-3.929297e-06	-8.706153e-10	-2.733631e+01	-5.874521e+01
9.200000e-07	-3.896762e-06	-8.690051e-10	-2.710996e+01	-5.869123e+01
9.300000e-07	-3.863816e-06	-8.633048e-10	-2.688075e+01	-5.863716e+01
9.400000e-07	-3.830375e-06	-8.641654e-10	-2.664811e+01	-5.858276e+01
9.500000e-07	-3.796419e-06	-8.658056e-10	-2.641187e+01	-5.852776e+01
9.600000e-07	-3.761967e-06	-8.559461e-10	-2.617219e+01	-5.847187e+01
9.700000e-07	-3.727160e-06	-8.481349e-10	-2.593003e+01	-5.841478e+01
9.800000e-07	-3.692006e-06	-8.496812e-10	-2.568547e+01	-5.835617e+01
9.900000e-07	-3.656528e-06	-8.489972e-10	-2.543865e+01	-5.829571e+01
1.000000e-06	-3.620926e-06	-8.441339e-10	-2.519096e+01	-5.823307e+01
1.010000e-06	-3.585217e-06	-8.451269e-10	-2.494253e+01	-5.816793e+01
1.020000e-06	-3.549420e-06	-8.464572e-10	-2.469349e+01	-5.809998e+01
1.030000e-06	-3.513474e-06	-8.443575e-10	-2.444341e+01	-5.802892e+01
1.040000e-06	-3.477215e-06	-8.432620e-10	-2.419115e+01	-5.795450e+01
1.050000e-06	-3.440629e-06	-8.453300e-10	-2.393662e+01	-5.787647e+01
1.060000e-06	-3.403865e-06	-8.427260e-10	-2.368086e+01	-5.779463e+01
1.070000e-06	-3.366922e-06	-8.391824e-10	-2.342384e+01	-5.770880e+01
1.080000e-06	-3.329684e-06	-8.414260e-10	-2.316477e+01	-5.761886e+01
1.090000e-06	-3.292208e-06	-8.439089e-10	-2.290405e+01	-5.752471e+01
1.100000e-06	-3.254508e-06	-8.423943e-10	-2.264177e+01	-5.742629e+01
1.110000e-06	-3.216557e-06	-8.410969e-10	-2.237775e+01	-5.732358e+01
1.120000e-06	-3.178350e-06	-8.406319e-10	-2.211194e+01	-5.721659e+01
1.130000e-06	-3.139876e-06	-8.365489e-10	-2.184427e+01	-5.710539e+01
1.140000e-06	-3.101227e-06	-8.319165e-10	-2.157539e+01	-5.699003e+01
1.150000e-06	-3.062417e-06	-8.291194e-10	-2.130538e+01	-5.687061e+01
1.160000e-06	-3.023430e-06	-8.270874e-10	-2.103415e+01	-5.674726e+01
1.170000e-06	-2.984212e-06	-8.244493e-10	-2.076131e+01	-5.662010e+01
1.180000e-06	-2.944803e-06	-8.246967e-10	-2.048714e+01	-5.648925e+01
1.190000e-06	-2.905269e-06	-8.267589e-10	-2.021210e+01	-5.635486e+01
1.200000e-06	-2.865583e-06	-8.248837e-10	-1.993600e+01	-5.621705e+01
1.210000e-06	-2.825768e-06	-8.192717e-10	-1.965901e+01	-5.607592e+01
1.220000e-06	-2.785791e-06	-8.141430e-10	-1.938088e+01	-5.593158e+01
1.230000e-06	-2.745691e-06	-8.107430e-10	-1.910191e+01	-5.578408e+01
1.240000e-06	-2.705502e-06	-8.100110e-10	-1.882231e+01	-5.563347e+01
1.250000e-06	-2.665123e-06	-8.106420e-10	-1.854139e+01	-5.547975e+01
1.260000e-06	-2.624435e-06	-8.134119e-10	-1.825832e+01	-5.532290e+01
1.270000e-06	-2.583540e-06	-8.144526e-10	-1.797381e+01	-5.516285e+01
1.280000e-06	-2.542491e-06	-8.128393e-10	-1.768823e+01	-5.499950e+01
1.290000e-06	-2.501076e-06	-8.088102e-10	-1.740011e+01	-5.483269e+01
1.300000e-06	-2.459295e-06	-8.026571e-10	-1.710944e+01	-5.466225e+01
1.310000e-06	-2.417278e-06	-7.967080e-10	-1.681712e+01	-5.448796e+01
1.320000e-06	-2.375081e-06	-7.953210e-10	-1.652355e+01	-5.430957e+01
1.330000e-06	-2.332545e-06	-7.956578e-10	-1.622763e+01	-5.412680e+01
1.340000e-06	-2.289643e-06	-7.937731e-10	-1.592916e+01	-5.393934e+01
1.350000e-06	-2.246564e-06	-7.923117e-10	-1.562946e+01	-5.374686e+01
1.360000e-06	-2.203277e-06	-7.907628e-10	-1.532830e+01	-5.354903e+01
1.370000e-06	-2.159793e-06	-7.869734e-10	-1.502578e+01	-5.334549e+01
1.380000e-06	-2.116214e-06	-7.823016e-10	-1.472261e+01	-5.313588e+01
1.390000e-06	-2.072574e-06	-7.788913e-10	-1.441900e+01	-5.291985e+01
1.400000e-06	-2.028871e-06	-7.760793e-10	-1.411495e+01	-5.269705e+01
1.410000e-06	-1.985091e-06	-7.718870e-10	-1.381038e+01	-5.246713e+01
1.420000e-06	-1.941251e-06	-7.663787e-10	-1.350538e+01	-5.222977e+01
1.430000e-06	-1.897299e-06	-7.608595e-10	-1.319960e+01	-5.198466e+01
1.440000e-06	-1.853209e-06	-7.563676e-10	-1.289286e+01	-5.173152e+01
1.450000e-06	-1.808987e-06	-7.528162e-10	-1.258521e+01	-5.147006e+01
1.460000e-06	-1.764622e-06	-7.478468e-10	-1.227656e+01	-5.120005e+01
1.470000e-06	-1.720204e-06	-7.410112e-10	-1.196754e+01	-5.092126e+01
1.480000e-06	-1.675717e-06	-7.351138e-10	-1.165804e+01	-5.063347e+01
1.490000e-06	-1.631028e-06	-7.313029e-10	-1.134714e+01	-5.033648e+01
1.500000e-06	-1.586145e-06	-7.258594e-10	-1.103489e+01	-5.003012e+01
1.510000e-06	-1.541159e-06	-7.194854e-10	-1.072192e+01	-4.971421e+01
1.520000e-06	-1.496099e-06	-7.139836e-10	-1.040843e+01	-4.938856e+01
1.530000e-06	-1.450896e-06	-7.076038e-10	-1.009395e+01	-4.905298e+01
1.540000e-06	-1.405547e-06	-6.993865e-10	-9.778461e+00	-4.870728e+01
1.550000e-06	-1.360120e-06	-6.924286e-10	-9.462422e+00	-4.835123e+01
1.560000e-06	-1.314599e-06	-6.883284e-10	-9.145731e+00	-4.798457e+01
1.570000e-06	-1.268985e-06	-6.850106e-10	-8.828391e+00	-4.760702e+01
1.580000e-06	-1.223342e-06	-6.798396e-10	-8.510849e+00	-4.721824e+01
1.590000e-06	-1.177634e-06	-6.737118e-10	-8.192860e+00	-4.681784e+01
1.600000e-06	-1.131792e-06	-6.677554e-10	-7.873930e+00	-4.640538e+01
1.610000e-06	-1.085815e-06	-6.611826e-10	-7.554065e+00	-4.598034e+01
1.620000e-06	-1.039759e-06	-6.539549e-10	-7.233654e+00	-4.554215e+01
1.630000e-06	-9.936343e-07	-6.472084e-10	-6.912762e+00	-4.509016e+01
1.640000e-06	-9.474044e-07	-6.395962e-10	-6.591139e+00	-4.462365e+01
1.650000e-06	-9.011802e-07	-6.309844e-10	-6.269555e+00	-4.414182e+01
1.660000e-06	-8.549319e-07	-6.215429e-10	-5.947803e+00	-4.364380e+01
1.670000e-06	-8.086134e-07	-6.116475e-10	-5.625563e+00	-4.312867e+01
1.680000e-06	-7.622265e-07	-6.007728e-10	-5.302847e+00	-4.259543e+01
1.690000e-06	-7.157895e-07	-5.898333e-10	-4.979783e+00	-4.204301e+01
1.700000e-06	-6.694209e-07	-5.798036e-10	-4.657194e+00	-4.147031e+01
1.710000e-06	-6.229984e-07	-5.698802e-10	-4.334230e+00	-4.087620e+01
1.720000e-06	-5.764374e-07	-5.605214e-10	-4.010303e+00	-4.025948e+01
1.730000e-06	-5.298098e-07	-5.501482e-10	-3.685913e+00	-3.961898e+01
1.740000e-06	-4.831582e-07	-5.382066e-10	-3.361355e+00	-3.895350e+01
1.750000e-06	-4.365198e-07	-5.252383e-10	-3.036890e+00	-3.826185e+01
1.760000e-06	-3.899040e-07	-5.123937e-10	-2.712581e+00	-3.754287e+01
1.770000e-06	-3.432421e-07	-5.022199e-10	-2.387952e+00	-3.679544e+01
1.780000e-06	-2.964794e-07	-4.942943e-10	-2.062621e+00	-3.601849e+01
1.790000e-06	-2.496343e-07	-4.855188e-10	-1.736718e+00	-3.521102e+01
1.800000e-06	-2.028612e-07	-4.741373e-10	-1.411315e+00	-3.437213e+01
1.810000e-06	-1.562379e-07	-4.596720e-10	-1.086955e+00	-3.350100e+01
1.820000e-06	-1.095947e-07	-4.442470e-10	-7.624554e-01	-3.259692e+01
1.830000e-06	-6.292242e-08	-4.297406e-10	-4.377544e-01	-3.165933e+01
1.840000e-06	-1.621663e-08	-4.159645e-10	-1.128199e-01	-3.068777e+01
1.850000e-06	3.056838e-08	-4.025500e-10	2.126657e-01	-2.968195e+01
1.860000e-06	7.733508e-08	-3.888221e-10	5.380239e-01	-2.864173e+01
1.870000e-06	1.240737e-07	-3.729496e-10	8.631866e-01	-2.756711e+01
1.880000e-06	1.708045e-07	-3.583144e-10	1.188295e+00	-2.645827e+01
1.890000e-06	2.175665e-07	-3.438345e-10	1.513621e+00	-2.531556e+01
1.900000e-06	2.643622e-07	-3.284928e-10	1.839181e+00	-2.413949e+01
1.910000e-06	3.111798e-07	-3.114275e-10	2.164893e+00	-2.293073e+01
1.920000e-06	3.579467e-07	-2.944176e-10	2.490253e+00	-2.169012e+01
1.930000e-06	4.046688e-07	-2.773658e-10	2.815300e+00	-2.041867e+01
1.940000e-06	4.513952e-07	-2.578692e-10	3.140379e+00	-1.911751e+01
1.950000e-06	4.979992e-07	-2.360403e-10	3.464605e+00	-1.778797e+01
1.960000e-06	5.444713e-07	-2.150010e-10	3.787913e+00	-1.643145e+01
1.970000e-06	5.908642e-07	-1.976283e-10	4.110671e+00	-1.504954e+01
1.980000e-06	6.372679e-07	-1.820817e-10	4.433504e+00	-1.364392e+01
1.990000e-06	6.837328e-07	-1.648444e-10	4.756762e+00	-1.221635e+01
2.000000e-06	7.301084e-07	-1.426025e-10	5.079399e+00	-1.076873e+01
2.010000e-06	7.763442e-07	-1.173028e-10	5.401064e+00	-9.303009e+00
2.020000e-06	8.224965e-07	-9.223211e-11	5.722148e+00	-7.821213e+00
2.030000e-06	8.686356e-07	-6.865479e-11	6.043140e+00	-6.325422e+00
2.040000e-06	9.147603e-07	-4.892371e-11	6.364032e+00	-4.817756e+00
2.050000e-06	9.607728e-07	-3.149542e-11	6.684143e+00	-3.300368e+00
2.060000e-06	1.006703e-06	-1.309070e-11	7.003679e+00	-1.775424e+00
2.070000e-06	1.052602e-06	6.119616e-12	7.323004e+00	-2.451000e-01
2.080000e-06	1.098446e-06	2.965432e-11	7.641943e+00	1.288437e+00
2.090000e-06	1.144204e-06	5.538928e-11	7.960286e+00	2.823032e+00
2.100000e-06	1.189830e-06	7.973248e-11	8.277706e+00	4.356559e+00
2.110000e-06	1.235395e-06	1.003929e-10	8.594702e+00	5.886921e+00
2.120000e-06	1.280980e-06	1.192864e-10	8.911840e+00	7.412066e+00
2.130000e-06	1.326510e-06	1.363331e-10	9.228594e+00	8.929992e+00
2.140000e-06	1.371945e-06	1.536451e-10	9.544686e+00	1.043875e+01
2.150000e-06	1.417297e-06	1.754452e-10	9.860205e+00	1.193646e+01
2.160000e-06	1.462479e-06	2.005865e-10	1.017454e+01	1.342129e+01
2.170000e-06	1.507498e-06	2.241117e-10	1.048774e+01	1.489151e+01
2.180000e-06	1.552452e-06	2.445352e-10	1.080049e+01	1.634543e+01
2.190000e-06	1.597278e-06	2.631859e-10	1.111234e+01	1.778149e+01
2.200000e-06	1.641936e-06	2.811197e-10	1.142303e+01	1.919815e+01
2.210000e-06	1.686407e-06	2.978235e-10	1.173242e+01	2.059402e+01
2.220000e-06	1.730694e-06	3.129193e-10	1.204052e+01	2.196775e+01
2.230000e-06	1.774906e-06	3.294950e-10	1.234810e+01	2.331811e+01
2.240000e-06	1.819115e-06	3.475805e-10	1.265567e+01	2.464396e+01
2.250000e-06	1.863209e-06	3.648680e-10	1.296244e+01	2.594425e+01
2.260000e-06	1.907132e-06	3.844222e-10	1.326801e+01	2.721803e+01
2.270000e-06	1.950975e-06	4.058081e-10	1.357303e+01	2.846447e+01
2.280000e-06	1.994786e-06	4.237421e-10	1.387782e+01	2.968282e+01
2.290000e-06	2.038588e-06	4.384833e-10	1.418256e+01	3.087244e+01
2.300000e-06	2.082334e-06	4.520875e-10	1.448690e+01	3.203279e+01
2.310000e-06	2.125993e-06	4.647534e-10	1.479064e+01	3.316346e+01
2.320000e-06	2.169618e-06	4.781408e-10	1.509414e+01	3.426412e+01
2.330000e-06	2.213160e-06	4.942144e-10	1.539706e+01	3.533456e+01
2.340000e-06	2.256526e-06	5.102772e-10	1.569876e+01	3.637466e+01
2.350000e-06	2.299658e-06	5.251721e-10	1.599883e+01	3.738443e+01
2.360000e-06	2.342573e-06	5.384788e-10	1.629740e+01	3.836395e+01
2.370000e-06	2.385245e-06	5.491291e-10	1.659426e+01	3.931343e+01
2.380000e-06	2.427605e-06	5.577340e-10	1.688897e+01	4.023315e+01
2.390000e-06	2.469586e-06	5.667478e-10	1.718103e+01	4.112349e+01
2.400000e-06	2.511196e-06	5.771151e-10	1.747052e+01	4.198491e+01
2.410000e-06	2.552547e-06	5.893699e-10	1.775819e+01	4.281796e+01
2.420000e-06	2.593682e-06	6.037657e-10	1.804437e+01	4.362325e+01
2.430000e-06	2.634511e-06	6.195232e-10	1.832842e+01	4.440145e+01
2.440000e-06	2.674981e-06	6.322278e-10	1.860997e+01	4.515330e+01
2.450000e-06	2.715277e-06	6.408917e-10	1.889032e+01	4.587958e+01
2.460000e-06	2.755450e-06	6.487899e-10	1.916980e+01	4.658108e+01
2.470000e-06	2.795441e-06	6.571298e-10	1.944802e+01	4.725866e+01
2.480000e-06	2.835267e-06	6.668518e-10	1.972509e+01	4.791316e+01
2.490000e-06	2.874987e-06	6.785635e-10	2.000142e+01	4.854544e+01
2.500000e-06	2.914600e-06	6.900475e-10	2.027701e+01	4.915634e+01
2.510000e-06	2.954059e-06	6.989798e-10	2.055154e+01	4.974670e+01
2.520000e-06	2.993289e-06	7.052841e-10	2.082446e+01	5.031733e+01
2.530000e-06	3.032292e-06	7.118000e-10	2.109580e+01	5.086899e+01
2.540000e-06	3.071077e-06	7.188702e-10	2.136563e+01	5.140243e+01
2.550000e-06	3.109644e-06	7.254285e-10	2.163394e+01	5.191830e+01
2.560000e-06	3.147979e-06	7.322779e-10	2.190064e+01	5.241724e+01
2.570000e-06	3.186085e-06	7.392045e-10	2.216575e+01	5.289981e+01
2.580000e-06	3.224020e-06	7.444200e-10	2.242967e+01	5.336649e+01
2.590000e-06	3.261773e-06	7.485285e-10	2.269232e+01	5.381771e+01
2.600000e-06	3.299335e-06	7.538878e-10	2.295364e+01	5.425384e+01
2.610000e-06	3.336694e-06	7.595666e-10	2.321354e+01	5.467516e+01
2.620000e-06	3.373814e-06	7.649657e-10	2.347179e+01	5.508191e+01
2.630000e-06	3.410645e-06	7.700430e-10	2.372802e+01	5.547425e+01
2.640000e-06	3.447236e-06	7.748634e-10	2.398259e+01	5.585228e+01
2.650000e-06	3.483596e-06	7.788009e-10	2.423555e+01	5.621609e+01
2.660000e-06	3.519729e-06	7.823753e-10	2.448692e+01	5.656568e+01
2.670000e-06	3.555687e-06	7.852425e-10	2.473709e+01	5.690105e+01
2.680000e-06	3.591490e-06	7.862471e-10	2.498617e+01	5.722218e+01
2.690000e-06	3.627140e-06	7.876841e-10	2.523419e+01	5.752902e+01
2.700000e-06	3.662639e-06	7.911376e-10	2.548116e+01	5.782154e+01
2.710000e-06	3.698008e-06	7.950059e-10	2.572722e+01	5.809969e+01
2.720000e-06	3.733209e-06	7.998485e-10	2.597212e+01	5.836348e+01
2.730000e-06	3.768093e-06	8.055501e-10	2.621481e+01	5.861292e+01
2.740000e-06	3.802497e-06	8.112457e-10	2.645416e+01	5.884807e+01
2.750000e-06	3.836359e-06	8.167572e-10	2.668973e+01	5.906906e+01
2.760000e-06	3.869681e-06	8.216617e-10	2.692156e+01	5.927605e+01
2.770000e-06	3.902503e-06	8.246752e-10	2.714990e+01	5.946928e+01
2.780000e-06	3.934922e-06	8.265606e-10	2.737545e+01	5.964904e+01
2.790000e-06	3.967128e-06	8.290551e-10	2.759950e+01	5.981573e+01
2.800000e-06	3.999145e-06	8.318586e-10	2.782224e+01	5.996980e+01
2.810000e-06	4.030959e-06	8.338556e-10	2.804357e+01	6.011177e+01
2.820000e-06	4.062668e-06	8.368630e-10	2.826418e+01	6.024225e+01
2.830000e-06	4.094241e-06	8.410950e-10	2.848383e+01	6.036191e+01
2.840000e-06	4.125585e-06	8.444561e-10	2.870190e+01	6.047149e+01
2.850000e-06	4.156573e-06	8.470809e-10	2.891748e+01	6.057179e+01
2.860000e-06	4.187197e-06	8.505725e-10	2.913053e+01	6.066365e+01
2.870000e-06	4.217492e-06	8.538014e-10	2.934130e+01	6.074797e+01
2.880000e-06	4.247466e-06	8.557025e-10	2.954983e+01	6.082565e+01
2.890000e-06	4.277206e-06	8.583571e-10	2.975673e+01	6.089764e+01
2.900000e-06	4.306750e-06	8.618488e-10	2.996227e+01	6.096487e+01
2.910000e-06	4.336029e-06	8.644156e-10	3.016596e+01	6.102828e+01
2.920000e-06	4.364939e-06	8.647383e-10	3.036709e+01	6.108878e+01
2.930000e-06	4.393491e-06	8.653051e-10	3.056573e+01	6.114725e+01
2.940000e-06	4.421736e-06	8.673785e-10	3.076223e+01	6.120452e+01
2.950000e-06	4.449754e-06	8.686647e-10	3.095716e+01	6.126137e+01
2.960000e-06	4.477585e-06	8.680977e-10	3.115078e+01	6.131851e+01
2.970000e-06	4.505257e-06	8.680586e-10	3.134329e+01	6.137657e+01
2.980000e-06	4.532784e-06	8.686129e-10	3.153480e+01	6.143609e+01
2.990000e-06	4.560132e-06	8.699428e-10	3.172506e+01	6.149752e+01
3.000000e-06	4.587204e-06	8.724313e-10	3.191340e+01	6.156122e+01
3.010000e-06	4.613683e-06	8.729987e-10	3.209761e+01	6.162744e+01
3.020000e-06	4.639411e-06	8.718197e-10	3.227661e+01	6.169634e+01
3.030000e-06	4.664492e-06	8.718528e-10	3.245110e+01	6.176796e+01
3.040000e-06	4.689047e-06	8.725212e-10	3.262193e+01	6.184226e+01
3.050000e-06	4.713262e-06	8.743290e-10	3.279039e+01	6.191908e+01
3.060000e-06	4.737247e-06	8.798625e-10	3.295726e+01	6.199822e+01
3.070000e-06	4.761024e-06	8.873541e-10	3.312267e+01	6.207934e+01
3.080000e-06	4.784555e-06	8.919829e-10	3.328638e+01	6.216208e+01
3.090000e-06	4.807721e-06	8.926094e-10	3.344755e+01	6.224600e+01
3.100000e-06	4.830542e-06	8.911555e-10	3.360632e+01	6.233059e+01
3.110000e-06	4.853052e-06	8.899943e-10	3.376292e+01	6.241535e+01
3.120000e-06	4.875193e-06	8.901683e-10	3.391695e+01	6.249972e+01
3.130000e-06	4.897041e-06	8.914267e-10	3.406895e+01	6.258314e+01
3.140000e-06	4.918553e-06	8.934537e-10	3.421861e+01	6.266505e+01
3.150000e-06	4.939712e-06	8.963043e-10	3.436582e+01	6.274491e+01
3.160000e-06	4.960560e-06	8.983746e-10	3.451086e+01	6.282219e+01
3.170000e-06	4.981023e-06	8.980686e-10	3.465322e+01	6.289643e+01
3.180000e-06	5.001185e-06	8.972008e-10	3.479348e+01	6.296718e+01
3.190000e-06	5.021116e-06	8.966992e-10	3.493215e+01	6.303407e+01
3.200000e-06	5.040824e-06	8.977654e-10	3.506925e+01	6.309677e+01
3.210000e-06	5.060310e-06	9.013275e-10	3.520482e+01	6.315503e+01
3.220000e-06	5.079561e-06	9.048204e-10	3.533875e+01	6.320868e+01
3.230000e-06	5.098481e-06	9.065375e-10	3.547038e+01	6.325760e+01
3.240000e-06	5.116938e-06	9.071775e-10	3.559879e+01	6.330176e+01
3.250000e-06	5.134928e-06	9.079451e-10	3.572394e+01	6.334118e+01
3.260000e-06	5.152350e-06	9.091499e-10	3.584515e+01	6.337598e+01
3.270000e-06	5.169372e-06	9.103888e-10	3.596358e+01	6.340631e+01
3.280000e-06	5.186225e-06	9.130115e-10	3.608082e+01	6.343239e+01
3.290000e-06	5.202790e-06	9.124902e-10	3.619606e+01	6.345450e+01
3.300000e-06	5.218936e-06	9.096858e-10	3.630839e+01	6.347293e+01
3.310000e-06	5.234639e-06	9.091261e-10	3.641764e+01	6.348804e+01
3.320000e-06	5.249928e-06	9.104495e-10	3.652401e+01	6.350018e+01
3.330000e-06	5.264699e-06	9.125449e-10	3.662677e+01	6.350973e+01
3.340000e-06	5.278999e-06	9.159651e-10	3.672625e+01	6.351706e+01
3.350000e-06	5.292943e-06	9.190797e-10	3.682326e+01	6.352255e+01
3.360000e-06	5.306528e-06	9.173549e-10	3.691777e+01	6.352654e+01
3.370000e-06	5.319779e-06	9.142703e-10	3.700996e+01	6.352936e+01
3.380000e-06	5.332681e-06	9.122177e-10	3.709972e+01	6.353131e+01
3.390000e-06	5.345156e-06	9.120371e-10	3.718651e+01	6.353264e+01
3.400000e-06	5.357244e-06	9.132782e-10	3.727061e+01	6.353357e+01
3.410000e-06	5.369001e-06	9.158415e-10	3.735240e+01	6.353426e+01
3.420000e-06	5.380405e-06	9.205228e-10	3.743174e+01	6.353484e+01
3.430000e-06	5.391418e-06	9.245171e-10	3.750836e+01	6.353536e+01
3.440000e-06	5.401889e-06	9.275963e-10	3.758121e+01	6.353585e+01
3.450000e-06	5.411666e-06	9.273998e-10	3.764923e+01	6.353627e+01
3.460000e-06	5.420789e-06	9.256026e-10	3.771269e+01	6.353656e+01
3.470000e-06	5.429403e-06	9.246481e-10	3.777262e+01	6.353660e+01
3.480000e-06	5.437608e-06	9.246762e-10	3.782970e+01	6.353625e+01
3.490000e-06	5.445500e-06	9.273921e-10	3.788461e+01	6.353534e+01
3.500000e-06	5.453154e-06	9.308192e-10	3.793786e+01	6.353369e+01
3.510000e-06	5.460535e-06	9.348932e-10	3.798920e+01	6.353110e+01
3.520000e-06	5.467567e-06	9.370661e-10	3.803813e+01	6.352737e+01
3.530000e-06	5.474249e-06	9.387454e-10	3.808462e+01	6.352231e+01
3.540000e-06	5.480544e-06	9.405188e-10	3.812841e+01	6.351575e+01
3.550000e-06	5.486428e-06	9.397587e-10	3.816935e+01	6.350752e+01
3.560000e-06	5.491903e-06	9.391706e-10	3.820744e+01	6.349752e+01
3.570000e-06	5.496942e-06	9.405475e-10	3.824250e+01	6.348564e+01
3.580000e-06	5.501543e-06	9.422331e-10	3.827450e+01	6.347184e+01
3.590000e-06	5.505790e-06	9.440573e-10	3.830405e+01	6.345612e+01
3.600000e-06	5.509781e-06	9.467305e-10	3.833181e+01	6.343852e+01
3.610000e-06	5.513527e-06	9.476238e-10	3.835788e+01	6.341914e+01
3.620000e-06	5.517062e-06	9.463979e-10	3.838247e+01	6.339811e+01
3.630000e-06	5.520287e-06	9.467094e-10	3.840491e+01	6.337562e+01
3.640000e-06	5.522993e-06	9.476497e-10	3.842373e+01	6.335190e+01
3.650000e-06	5.525103e-06	9.480854e-10	3.843841e+01	6.332723e+01
3.660000e-06	5.526582e-06	9.496661e-10	3.844870e+01	6.330190e+01
3.670000e-06	5.527543e-06	9.527676e-10	3.845539e+01	6.327623e+01
3.680000e-06	5.528077e-06	9.561048e-10	3.845910e+01	6.325058e+01
3.690000e-06	5.528206e-06	9.591795e-10	3.846000e+01	6.322530e+01
3.700000e-06	5.528030e-06	9.627692e-10	3.845878e+01	6.320073e+01
3.710000e-06	5.527578e-06	9.634313e-10	3.845563e+01	6.317723e+01
3.720000e-06	5.526776e-06	9.600102e-10	3.845005e+01	6.315512e+01
3.730000e-06	5.525605e-06	9.578077e-10	3.844190e+01	6.313470e+01
3.740000e-06	5.524094e-06	9.569467e-10	3.843139e+01	6.311623e+01
3.750000e-06	5.522244e-06	9.576546e-10	3.841852e+01	6.309992e+01
3.760000e-06	5.520078e-06	9.630108e-10	3.840345e+01	6.308594e+01
3.770000e-06	5.517562e-06	9.757277e-10	3.838595e+01	6.307439e+01
3.780000e-06	5.514636e-06	9.978985e-10	3.836559e+01	6.306531e+01
3.790000e-06	5.511145e-06	9.621283e-10	3.834131e+01	6.305867e+01
3.800000e-06	5.507167e-06	8.774752e-10	3.831363e+01	6.305437e+01
3.810000e-06	5.502920e-06	9.386174e-10	3.828408e+01	6.305226e+01
3.820000e-06	5.498521e-06	1.047228e-09	3.825348e+01	6.305209e+01
3.830000e-06	5.493997e-06	1.025732e-09	3.822201e+01	6.305357e+01
3.840000e-06	5.489074e-06	9.388704e-10	3.818775e+01	6.305634e+01
3.850000e-06	5.483483e-06	9.264365e-10	3.814886e+01	6.305998e+01
3.860000e-06	5.477350e-06	1.025267e-09	3.810619e+01	6.306402e+01
3.870000e-06	5.470879e-06	9.758807e-10	3.806117e+01	6.306796e+01
3.880000e-06	5.463983e-06	8.279143e-10	3.801319e+01	6.307128e+01
3.890000e-06	5.456462e-06	8.773791e-10	3.796087e+01	6.307340e+01
3.900000e-06	5.448467e-06	1.090192e-09	3.790525e+01	6.307378e+01
3.910000e-06	5.440261e-06	1.075023e-09	3.784816e+01	6.307186e+01
3.920000e-06	5.431743e-06	8.485214e-10	3.778890e+01	6.306708e+01
3.930000e-06	5.422780e-06	8.352769e-10	3.772655e+01	6.305893e+01
3.940000e-06	5.413515e-06	1.009765e-09	3.766209e+01	6.304693e+01
3.950000e-06	5.403998e-06	1.003089e-09	3.759588e+01	6.303063e+01
3.960000e-06	5.393979e-06	8.625333e-10	3.752617e+01	6.300966e+01
3.970000e-06	5.383464e-06	9.220921e-10	3.745302e+01	6.298368e+01
3.980000e-06	5.372652e-06	1.053726e-09	3.737780e+01	6.295246e+01
3.990000e-06	5.361561e-06	9.945078e-10	3.730064e+01	6.291580e+01
4.000000e-06	5.350029e-06	8.887934e-10	3.722041e+01	6.287363e+01
4.010000e-06	5.338014e-06	9.455487e-10	3.713682e+01	6.282591e+01
4.020000e-06	5.325682e-06	9.918165e-10	3.705103e+01	6.277271e+01
4.030000e-06	5.312990e-06	9.267419e-10	3.696273e+01	6.271419e+01
4.040000e-06	5.299855e-06	8.979874e-10	3.687135e+01	6.265054e+01
4.050000e-06	5.286263e-06	9.750177e-10	3.677679e+01	6.258208e+01
4.060000e-06	5.272143e-06	1.004899e-09	3.667856e+01	6.250915e+01
4.070000e-06	5.257322e-06	9.341824e-10	3.657544e+01	6.243218e+01
4.080000e-06	5.241784e-06	8.814988e-10	3.646735e+01	6.235163e+01
4.090000e-06	5.225801e-06	9.413144e-10	3.635615e+01	6.226800e+01
4.100000e-06	5.209585e-06	1.011215e-09	3.624334e+01	6.218184e+01
4.110000e-06	5.193171e-06	9.423123e-10	3.612914e+01	6.209370e+01
4.120000e-06	5.176479e-06	8.712862e-10	3.601302e+01	6.200416e+01
4.130000e-06	5.159520e-06	9.650744e-10	3.589503e+01	6.191376e+01
4.140000e-06	5.142121e-06	1.011470e-09	3.577399e+01	6.182307e+01
4.150000e-06	5.124217e-06	8.813740e-10	3.564943e+01	6.173262e+01
4.160000e-06	5.106022e-06	8.814673e-10	3.552284e+01	6.164289e+01
4.170000e-06	5.087521e-06	1.012185e-09	3.539413e+01	6.155435e+01
4.180000e-06	5.068648e-06	9.443079e-10	3.526283e+01	6.146740e+01
4.190000e-06	5.049420e-06	8.468823e-10	3.512906e+01	6.138240e+01
4.200000e-06	5.029914e-06	9.833814e-10	3.499335e+01	6.129964e+01
4.210000e-06	5.010088e-06	1.010312e-09	3.485542e+01	6.121935e+01
4.220000e-06	4.989931e-06	8.527292e-10	3.471519e+01	6.114170e+01
4.230000e-06	4.969593e-06	8.989169e-10	3.457370e+01	6.106679e+01
4.240000e-06	4.949048e-06	1.006955e-09	3.443077e+01	6.099466e+01
4.250000e-06	4.928172e-06	8.974114e-10	3.428554e+01	6.092529e+01
4.260000e-06	4.906857e-06	8.810757e-10	3.413724e+01	6.085860e+01
4.270000e-06	4.884883e-06	1.004530e-09	3.398437e+01	6.079447e+01
4.280000e-06	4.862229e-06	9.420871e-10	3.382676e+01	6.073271e+01
4.290000e-06	4.839160e-06	8.688335e-10	3.366627e+01	6.067311e+01
4.300000e-06	4.815747e-06	9.803130e-10	3.350339e+01	6.061543e+01
4.310000e-06	4.791939e-06	9.789222e-10	3.333775e+01	6.055939e+01
4.320000e-06	4.767832e-06	8.754824e-10	3.317004e+01	6.050472e+01
4.330000e-06	4.743537e-06	9.306026e-10	3.300102e+01	6.045112e+01
4.340000e-06	4.718969e-06	9.819329e-10	3.283010e+01	6.039830e+01
4.350000e-06	4.694141e-06	9.134173e-10	3.265737e+01	6.034599e+01
4.360000e-06	4.668941e-06	9.126304e-10	3.248205e+01	6.029392e+01
4.370000e-06	4.643306e-06	9.517493e-10	3.230370e+01	6.024186e+01
4.380000e-06	4.617349e-06	9.185165e-10	3.212312e+01	6.018959e+01
4.390000e-06	4.591060e-06	9.103227e-10	3.194023e+01	6.013693e+01
4.400000e-06	4.564458e-06	9.441617e-10	3.175516e+01	6.008374e+01
4.410000e-06	4.537588e-06	9.385932e-10	3.156822e+01	6.002992e+01
4.420000e-06	4.510430e-06	9.198720e-10	3.137928e+01	5.997540e+01
4.430000e-06	4.482935e-06	9.197955e-10	3.118800e+01	5.992015e+01
4.440000e-06	4.455176e-06	9.211461e-10	3.099487e+01	5.986418e+01
4.450000e-06	4.427200e-06	9.269725e-10	3.080024e+01	5.980753e+01
4.460000e-06	4.399014e-06	9.261192e-10	3.060415e+01	5.975029e+01
4.470000e-06	4.370662e-06	9.181952e-10	3.040691e+01	5.969254e+01
4.480000e-06	4.342104e-06	9.220618e-10	3.020823e+01	5.963441e+01
4.490000e-06	4.313237e-06	9.276937e-10	3.000740e+01	5.957603e+01
4.500000e-06	4.283903e-06	9.242450e-10	2.980332e+01	5.951754e+01
4.510000e-06	4.254055e-06	9.241380e-10	2.959566e+01	5.945909e+01
4.520000e-06	4.223657e-06	9.209255e-10	2.938419e+01	5.940081e+01
4.530000e-06	4.192623e-06	9.135957e-10	2.916829e+01	5.934283e+01
4.540000e-06	4.161211e-06	9.128936e-10	2.894975e+01	5.928525e+01
4.550000e-06	4.129581e-06	9.200566e-10	2.872969e+01	5.922818e+01
4.560000e-06	4.097700e-06	9.250339e-10	2.850790e+01	5.917165e+01
4.570000e-06	4.065624e-06	9.190989e-10	2.828474e+01	5.911569e+01
4.580000e-06	4.033402e-06	9.138840e-10	2.806058e+01	5.906030e+01
4.590000e-06	4.000999e-06	9.235018e-10	2.783515e+01	5.900542e+01
4.600000e-06	3.968267e-06	9.284834e-10	2.760743e+01	5.895096e+01
4.610000e-06	3.935190e-06	9.232022e-10	2.737731e+01	5.889680e+01
4.620000e-06	3.901890e-06	9.264442e-10	2.714564e+01	5.884277e+01
4.630000e-06	3.868398e-06	9.295164e-10	2.691264e+01	5.878866e+01
4.640000e-06	3.834587e-06	9.208432e-10	2.667741e+01	5.873424e+01
4.650000e-06	3.800464e-06	9.180864e-10	2.644001e+01	5.867925e+01
4.660000e-06	3.766192e-06	9.212245e-10	2.620158e+01	5.862339e+01
4.670000e-06	3.731740e-06	9.130714e-10	2.596189e+01	5.856636e+01
4.680000e-06	3.697040e-06	9.061362e-10	2.572049e+01	5.850783e+01
4.690000e-06	3.662031e-06	9.149659e-10	2.547693e+01	5.844749e+01
4.700000e-06	3.626696e-06	9.239390e-10	2.523110e+01	5.838498e+01
4.710000e-06	3.591109e-06	9.202535e-10	2.498352e+01	5.832001e+01
4.720000e-06	3.555305e-06	9.155720e-10	2.473443e+01	5.825225e+01
4.730000e-06	3.519374e-06	9.150216e-10	2.448446e+01	5.818141e+01
4.740000e-06	3.483297e-06	9.109516e-10	2.423347e+01	5.810722e+01
4.750000e-06	3.447030e-06	9.079090e-10	2.398115e+01	5.802945e+01
4.760000e-06	3.410636e-06	9.109029e-10	2.372796e+01	5.794787e+01
4.770000e-06	3.374105e-06	9.125837e-10	2.347381e+01	5.786233e+01
4.780000e-06	3.337311e-06	9.124500e-10	2.321784e+01	5.777268e+01
4.790000e-06	3.300134e-06	9.155483e-10	2.295919e+01	5.767883e+01
4.800000e-06	3.262567e-06	9.187317e-10	2.269784e+01	5.758071e+01
4.810000e-06	3.224573e-06	9.141054e-10	2.243351e+01	5.747830e+01
4.820000e-06	3.186134e-06	9.069814e-10	2.216609e+01	5.737162e+01
4.830000e-06	3.147273e-06	9.041630e-10	2.189573e+01	5.726071e+01
4.840000e-06	3.108070e-06	9.033984e-10	2.162299e+01	5.714564e+01
4.850000e-06	3.068562e-06	9.044794e-10	2.134813e+01	5.702650e+01
4.860000e-06	3.028809e-06	9.072226e-10	2.107157e+01	5.690342e+01
4.870000e-06	2.988927e-06	9.077817e-10	2.079411e+01	5.677652e+01
4.880000e-06	2.948918e-06	9.051564e-10	2.051577e+01	5.664592e+01
4.890000e-06	2.908792e-06	9.052435e-10	2.023661e+01	5.651177e+01
4.900000e-06	2.868595e-06	9.096003e-10	1.995696e+01	5.637418e+01
4.910000e-06	2.828285e-06	9.101174e-10	1.967651e+01	5.623327e+01
4.920000e-06	2.787757e-06	9.052644e-10	1.939456e+01	5.608913e+01
4.930000e-06	2.747042e-06	9.011063e-10	1.911130e+01	5.594184e+01
4.940000e-06	2.706169e-06	8.996926e-10	1.882695e+01	5.579144e+01
4.950000e-06	2.665112e-06	8.963406e-10	1.854131e+01	5.563793e+01
4.960000e-06	2.623861e-06	8.897052e-10	1.825433e+01	5.548129e+01
4.970000e-06	2.582450e-06	8.834104e-10	1.796623e+01	5.532145e+01
4.980000e-06	2.540899e-06	8.807456e-10	1.767716e+01	5.515832e+01
4.990000e-06	2.499192e-06	8.816949e-10	1.738700e+01	5.499176e+01
5.000000e-06	2.457343e-06	8.842217e-10	1.709585e+01	5.482157e+01
5.010000e-06	2.415282e-06	8.836663e-10	1.680323e+01	5.464756e+01
5.020000e-06	2.373012e-06	8.797664e-10	1.650916e+01	5.446947e+01
5.030000e-06	2.330641e-06	8.755650e-10	1.621438e+01	5.428702e+01
5.040000e-06	2.288143e-06	8.725487e-10	1.591872e+01	5.409990e+01
5.050000e-06	2.245395e-06	8.699340e-10	1.562133e+01	5.390781e+01
5.060000e-06	2.202406e-06	8.661761e-10	1.532225e+01	5.371038e+01
5.070000e-06	2.159241e-06	8.634016e-10	1.502195e+01	5.350727e+01
5.080000e-06	2.115900e-06	8.622863e-10	1.472042e+01	5.329813e+01
5.090000e-06	2.072435e-06	8.620105e-10	1.441803e+01	5.308259e+01
5.100000e-06	2.028803e-06	8.620420e-10	1.411448e+01	5.286031e+01
5.110000e-06	1.985011e-06	8.605864e-10	1.380981e+01	5.263095e+01
5.120000e-06	1.941166e-06	8.562878e-10	1.350479e+01	5.239417e+01
5.130000e-06	1.897300e-06	8.483937e-10	1.319961e+01	5.214966e+01
5.140000e-06	1.853379e-06	8.414087e-10	1.289405e+01	5.189714e+01
5.150000e-06	1.809369e-06	8.349437e-10	1.258787e+01	5.163634e+01
5.160000e-06	1.765255e-06	8.286802e-10	1.228096e+01	5.136700e+01
5.170000e-06	1.721063e-06	8.244323e-10	1.197352e+01	5.108889e+01
5.180000e-06	1.676824e-06	8.204392e-10	1.166574e+01	5.080180e+01
5.190000e-06	1.632517e-06	8.184810e-10	1.135750e+01	5.050553e+01
5.200000e-06	1.588114e-06	8.187501e-10	1.104859e+01	5.019991e+01
5.210000e-06	1.543662e-06	8.198380e-10	1.073933e+01	4.988474e+01
5.220000e-06	1.499162e-06	8.194551e-10	1.042974e+01	4.955985e+01
5.230000e-06	1.454549e-06	8.165904e-10	1.011937e+01	4.922506e+01
5.240000e-06	1.409868e-06	8.092498e-10	9.808519e+00	4.888015e+01
5.250000e-06	1.365119e-06	7.986526e-10	9.497201e+00	4.852492e+01
5.260000e-06	1.320315e-06	7.900997e-10	9.185498e+00	4.815910e+01
5.270000e-06	1.275452e-06	7.856528e-10	8.873380e+00	4.778242e+01
5.280000e-06	1.230486e-06	7.838954e-10	8.560553e+00	4.739453e+01
5.290000e-06	1.185395e-06	7.811216e-10	8.246854e+00	4.699507e+01
5.300000e-06	1.140131e-06	7.760633e-10	7.931945e+00	4.658357e+01
5.310000e-06	1.094660e-06	7.690023e-10	7.615604e+00	4.615955e+01
5.320000e-06	1.049067e-06	7.609931e-10	7.298412e+00	4.572243e+01
5.330000e-06	1.003501e-06	7.535243e-10	6.981408e+00	4.527156e+01
5.340000e-06	9.578521e-07	7.460261e-10	6.663824e+00	4.480623e+01
5.350000e-06	9.120032e-07	7.373473e-10	6.344851e+00	4.432565e+01
5.360000e-06	8.661034e-07	7.292314e-10	6.025523e+00	4.382897e+01
5.370000e-06	8.201956e-07	7.235147e-10	5.706141e+00	4.331525e+01
5.380000e-06	7.742572e-07	7.194270e-10	5.386545e+00	4.278350e+01
5.390000e-06	7.282133e-07	7.157251e-10	5.066216e+00	4.223266e+01
5.400000e-06	6.820123e-07	7.106374e-10	4.744793e+00	4.166165e+01
5.410000e-06	6.357194e-07	7.022170e-10	4.422731e+00	4.106931e+01
5.420000e-06	5.892978e-07	6.901091e-10	4.099773e+00	4.045447e+01
5.430000e-06	5.428620e-07	6.770485e-10	3.776717e+00	3.981594e+01
5.440000e-06	4.965259e-07	6.643057e-10	3.454355e+00	3.915253e+01
5.450000e-06	4.501867e-07	6.505273e-10	3.131971e+00	3.846305e+01
5.460000e-06	4.037817e-07	6.353195e-10	2.809129e+00	3.774634e+01
5.470000e-06	3.573552e-07	6.228194e-10	2.486138e+00	3.700126e+01
5.480000e-06	3.108671e-07	6.159480e-10	2.162718e+00	3.622676e+01
5.490000e-06	2.643496e-07	6.102452e-10	1.839093e+00	3.542182e+01
5.500000e-06	2.178926e-07	6.019650e-10	1.515889e+00	3.458552e+01
5.510000e-06	1.714308e-07	5.916280e-10	1.192652e+00	3.371705e+01
5.520000e-06	1.249273e-07	5.788725e-10	8.691254e-01	3.281569e+01
5.530000e-06	7.837476e-08	5.615003e-10	5.452570e-01	3.188086e+01
5.540000e-06	3.178747e-08	5.425069e-10	2.211470e-01	3.091209e+01
5.550000e-06	-1.471707e-08	5.270204e-10	-1.023873e-01	2.990908e+01
5.560000e-06	-6.123085e-08	5.134612e-10	-4.259860e-01	2.887167e+01
5.570000e-06	-1.078243e-07	4.987480e-10	-7.501390e-01	2.779986e+01
5.580000e-06	-1.543327e-07	4.819376e-10	-1.073700e+00	2.669381e+01
5.590000e-06	-2.008180e-07	4.650649e-10	-1.397100e+00	2.555385e+01
5.600000e-06	-2.473027e-07	4.500979e-10	-1.720497e+00	2.438048e+01
5.610000e-06	-2.937667e-07	4.329754e-10	-2.043749e+00	2.317436e+01
5.620000e-06	-3.402147e-07	4.115662e-10	-2.366890e+00	2.193632e+01
5.630000e-06	-3.866585e-07	3.858616e-10	-2.690002e+00	2.066733e+01
5.640000e-06	-4.331470e-07	3.600338e-10	-3.013424e+00	1.936855e+01
5.650000e-06	-4.795914e-07	3.357309e-10	-3.336541e+00	1.804126e+01
5.660000e-06	-5.258741e-07	3.114948e-10	-3.658532e+00	1.668689e+01
5.670000e-06	-5.720742e-07	2.903442e-10	-3.979948e+00	1.530698e+01
5.680000e-06	-6.182626e-07	2.696331e-10	-4.301283e+00	1.390320e+01
5.690000e-06	-6.644713e-07	2.482101e-10	-4.622760e+00	1.247734e+01
5.700000e-06	-7.107022e-07	2.270199e-10	-4.944390e+00	1.103127e+01
5.710000e-06	-7.568552e-07	2.055871e-10	-5.265479e+00	9.566922e+00
5.720000e-06	-8.028340e-07	1.834302e-10	-5.585355e+00	8.086333e+00
5.730000e-06	-8.486729e-07	1.585894e-10	-5.904259e+00	6.591573e+00
5.740000e-06	-8.944260e-07	1.311648e-10	-6.222565e+00	5.084761e+00
5.750000e-06	-9.400362e-07	1.028911e-10	-6.539878e+00	3.568046e+00
5.760000e-06	-9.856671e-07	7.543142e-11	-6.857334e+00	2.043595e+00
5.770000e-06	-1.031312e-06	5.012987e-11	-7.174890e+00	5.135818e-01
5.780000e-06	-1.076755e-06	2.634376e-11	-7.491040e+00	-1.019824e+00
5.790000e-06	-1.122064e-06	1.325274e-12	-7.806251e+00	-2.554467e+00
5.800000e-06	-1.167295e-06	-2.316133e-11	-8.120932e+00	-4.088217e+00
5.810000e-06	-1.212463e-06	-4.648535e-11	-8.435161e+00	-5.618976e+00
5.820000e-06	-1.257505e-06	-7.137987e-11	-8.748521e+00	-7.144688e+00
5.830000e-06	-1.302413e-06	-9.834640e-11	-9.060949e+00	-8.663345e+00
5.840000e-06	-1.347230e-06	-1.279537e-10	-9.372745e+00	-1.017299e+01
5.850000e-06	-1.391881e-06	-1.575885e-10	-9.683384e+00	-1.167175e+01
5.860000e-06	-1.436428e-06	-1.850134e-10	-9.993303e+00	-1.315777e+01
5.870000e-06	-1.480945e-06	-2.096871e-10	-1.030300e+01	-1.462933e+01
5.880000e-06	-1.525409e-06	-2.314020e-10	-1.061234e+01	-1.608473e+01
5.890000e-06	-1.569762e-06	-2.539663e-10	-1.092091e+01	-1.752238e+01
5.900000e-06	-1.614027e-06	-2.787245e-10	-1.122886e+01	-1.894077e+01
5.910000e-06	-1.658229e-06	-3.042079e-10	-1.153638e+01	-2.033848e+01
5.920000e-06	-1.702392e-06	-3.300406e-10	-1.184362e+01	-2.171416e+01
5.930000e-06	-1.746568e-06	-3.554746e-10	-1.215096e+01	-2.306656e+01
5.940000e-06	-1.790722e-06	-3.804627e-10	-1.245814e+01	-2.439455e+01
5.950000e-06	-1.834779e-06	-4.044093e-10	-1.276465e+01	-2.569706e+01
5.960000e-06	-1.878741e-06	-4.268978e-10	-1.307049e+01	-2.697314e+01
5.970000e-06	-1.922603e-06	-4.481280e-10	-1.337564e+01	-2.822195e+01
5.980000e-06	-1.966306e-06	-4.682002e-10	-1.367968e+01	-2.944271e+01
5.990000e-06	-2.009854e-06	-4.886209e-10	-1.398266e+01	-3.063480e+01
6.000000e-06	-2.053360e-06	-5.094911e-10	-1.428533e+01	-3.179767e+01
6.010000e-06	-2.096754e-06	-5.272745e-10	-1.458722e+01	-3.293088e+01
6.020000e-06	-2.139905e-06	-5.424444e-10	-1.488742e+01	-3.403410e+01
6.030000e-06	-2.182931e-06	-5.601958e-10	-1.518675e+01	-3.510712e+01
6.040000e-06	-2.225820e-06	-5.815432e-10	-1.548514e+01	-3.614981e+01
6.050000e-06	-2.268450e-06	-6.031802e-10	-1.578172e+01	-3.716215e+01
6.060000e-06	-2.310867e-06	-6.220558e-10	-1.607681e+01	-3.814425e+01
6.070000e-06	-2.353153e-06	-6.388438e-10	-1.637100e+01	-3.909627e+01
6.080000e-06	-2.395336e-06	-6.538853e-10	-1.666447e+01	-4.001851e+01
6.090000e-06	-2.437361e-06	-6.657275e-10	-1.695684e+01	-4.091134e+01
6.100000e-06	-2.479246e-06	-6.754666e-10	-1.724823e+01	-4.177520e+01
6.110000e-06	-2.520985e-06	-6.847159e-10	-1.753861e+01	-4.261065e+01
6.120000e-06	-2.562494e-06	-6.968223e-10	-1.782740e+01	-4.341828e+01
6.130000e-06	-2.603787e-06	-7.119144e-10	-1.811467e+01	-4.419877e+01
6.140000e-06	-2.644901e-06	-7.284114e-10	-1.840070e+01	-4.495284e+01
6.150000e-06	-2.685913e-06	-7.440829e-10	-1.868603e+01	-4.568127e+01
6.160000e-06	-2.726757e-06	-7.563679e-10	-1.897018e+01	-4.638486e+01
6.170000e-06	-2.767303e-06	-7.666029e-10	-1.925226e+01	-4.706445e+01
6.180000e-06	-2.807625e-06	-7.747014e-10	-1.953279e+01	-4.772090e+01
6.190000e-06	-2.847847e-06	-7.804453e-10	-1.981261e+01	-4.835505e+01
6.200000e-06	-2.888030e-06	-7.857830e-10	-2.009217e+01	-4.896775e+01
6.210000e-06	-2.928099e-06	-7.933384e-10	-2.037093e+01	-4.955985e+01
6.220000e-06	-2.968006e-06	-8.029028e-10	-2.064856e+01	-5.013215e+01
6.230000e-06	-3.007751e-06	-8.107408e-10	-2.092507e+01	-5.068542e+01
6.240000e-06	-3.047258e-06	-8.208463e-10	-2.119992e+01	-5.122040e+01
6.250000e-06	-3.086496e-06	-8.325811e-10	-2.147290e+01	-5.173777e+01
6.260000e-06	-3.125526e-06	-8.449249e-10	-2.174443e+01	-5.223815e+01
6.270000e-06	-3.164289e-06	-8.542616e-10	-2.201411e+01	-5.272211e+01
6.280000e-06	-3.202682e-06	-8.591996e-10	-2.228121e+01	-5.319015e+01
6.290000e-06	-3.240621e-06	-8.633842e-10	-2.254516e+01	-5.364271e+01
6.300000e-06	-3.278066e-06	-8.665152e-10	-2.280566e+01	-5.408014e+01
6.310000e-06	-3.315162e-06	-8.703771e-10	-2.306374e+01	-5.450274e+01
6.320000e-06	-3.351952e-06	-8.776252e-10	-2.331969e+01	-5.491075e+01
6.330000e-06	-3.388488e-06	-8.897077e-10	-2.357388e+01	-5.530433e+01
6.340000e-06	-3.424887e-06	-9.005655e-10	-2.382711e+01	-5.568361e+01
6.350000e-06	-3.461142e-06	-9.112046e-10	-2.407933e+01	-5.604865e+01
6.360000e-06	-3.497255e-06	-9.200210e-10	-2.433058e+01	-5.639948e+01
6.370000e-06	-3.533222e-06	-9.241921e-10	-2.458080e+01	-5.673610e+01
6.380000e-06	-3.568951e-06	-9.270194e-10	-2.482936e+01	-5.705847e+01
6.390000e-06	-3.604461e-06	-9.306240e-10	-2.507641e+01	-5.736656e+01
6.400000e-06	-3.639788e-06	-9.346507e-10	-2.532218e+01	-5.766032e+01
6.410000e-06	-3.674844e-06	-9.414736e-10	-2.556607e+01	-5.793973e+01
6.420000e-06	-3.709520e-06	-9.473963e-10	-2.580731e+01	-5.820476e+01
6.430000e-06	-3.743913e-06	-9.522737e-10	-2.604659e+01	-5.845545e+01
6.440000e-06	-3.778151e-06	-9.547520e-10	-2.628478e+01	-5.869185e+01
6.450000e-06	-3.812138e-06	-9.568990e-10	-2.652123e+01	-5.891407e+01
6.460000e-06	-3.845789e-06	-9.604586e-10	-2.675534e+01	-5.912227e+01
6.470000e-06	-3.879086e-06	-9.619557e-10	-2.698699e+01	-5.931668e+01
6.480000e-06	-3.912152e-06	-9.639962e-10	-2.721703e+01	-5.949761e+01
6.490000e-06	-3.945016e-06	-9.684662e-10	-2.744567e+01	-5.966543e+01
6.500000e-06	-3.977568e-06	-9.736397e-10	-2.767213e+01	-5.982058e+01
6.510000e-06	-4.009911e-06	-9.746848e-10	-2.789714e+01	-5.996360e+01
6.520000e-06	-4.042132e-06	-9.752349e-10	-2.812131e+01	-6.009506e+01
6.530000e-06	-4.074140e-06	-9.758956e-10	-2.834399e+01	-6.021565e+01
6.540000e-06	-4.105944e-06	-9.779765e-10	-2.856525e+01	-6.032610e+01
6.550000e-06	-4.137499e-06	-9.809820e-10	-2.878478e+01	-6.042719e+01
6.560000e-06	-4.168734e-06	-9.871054e-10	-2.900209e+01	-6.051978e+01
6.570000e-06	-4.199498e-06	-9.934179e-10	-2.921611e+01	-6.060474e+01
6.580000e-06	-4.229615e-06	-9.960576e-10	-2.942564e+01	-6.068300e+01
6.590000e-06	-4.259175e-06	-9.957386e-10	-2.963129e+01	-6.075548e+01
6.600000e-06	-4.288281e-06	-9.928913e-10	-2.983378e+01	-6.082312e+01
6.610000e-06	-4.317016e-06	-9.862977e-10	-3.003369e+01	-6.088687e+01
6.620000e-06	-4.345447e-06	-9.823162e-10	-3.023149e+01	-6.094763e+01
6.630000e-06	-4.373676e-06	-9.830387e-10	-3.042787e+01	-6.100629e+01
6.640000e-06	-4.401791e-06	-9.869028e-10	-3.062347e+01	-6.106369e+01
6.650000e-06	-4.429773e-06	-9.908527e-10	-3.081814e+01	-6.112060e+01
6.660000e-06	-4.457522e-06	-9.936362e-10	-3.101120e+01	-6.117774e+01
6.670000e-06	-4.484935e-06	-9.948607e-10	-3.120191e+01	-6.123575e+01
6.680000e-06	-4.511988e-06	-9.949424e-10	-3.139012e+01	-6.129519e+01
6.690000e-06	-4.538623e-06	-9.929201e-10	-3.157542e+01	-6.135650e+01
6.700000e-06	-4.564937e-06	-9.898037e-10	-3.175849e+01	-6.142006e+01
6.710000e-06	-4.591003e-06	-9.873540e-10	-3.193983e+01	-6.148612e+01
6.720000e-06	-4.616753e-06	-9.867037e-10	-3.211898e+01	-6.155484e+01
6.730000e-06	-4.642167e-06	-9.888297e-10	-3.229578e+01	-6.162629e+01
6.740000e-06	-4.667192e-06	-9.908636e-10	-3.246989e+01	-6.170042e+01
6.750000e-06	-4.691917e-06	-9.955222e-10	-3.264189e+01	-6.177710e+01
6.760000e-06	-4.716438e-06	-9.999308e-10	-3.281249e+01	-6.185610e+01
6.770000e-06	-4.740750e-06	-1.001660e-09	-3.298163e+01	-6.193713e+01
6.780000e-06	-4.764855e-06	-1.000906e-09	-3.314933e+01	-6.201981e+01
6.790000e-06	-4.788677e-06	-9.995421e-10	-3.331506e+01	-6.210370e+01
6.800000e-06	-4.812154e-06	-9.945353e-10	-3.347839e+01	-6.218831e+01
6.810000e-06	-4.835224e-06	-9.882332e-10	-3.363889e+01	-6.227313e+01
6.820000e-06	-4.857774e-06	-9.841330e-10	-3.379577e+01	-6.235761e+01
6.830000e-06	-4.879722e-06	-9.843534e-10	-3.394846e+01	-6.244118e+01
6.840000e-06	-4.901090e-06	-9.879181e-10	-3.409712e+01	-6.252329e+01
6.850000e-06	-4.921999e-06	-9.963018e-10	-3.424258e+01	-6.260339e+01
6.860000e-06	-4.942534e-06	-1.003567e-09	-3.438545e+01	-6.268097e+01
6.870000e-06	-4.962833e-06	-1.006692e-09	-3.452667e+01	-6.275553e+01
6.880000e-06	-4.982974e-06	-1.005787e-09	-3.466679e+01	-6.282664e+01
6.890000e-06	-5.002910e-06	-1.001369e-09	-3.480549e+01	-6.289392e+01
6.900000e-06	-5.022530e-06	-9.955849e-10	-3.494199e+01	-6.295703e+01
6.910000e-06	-5.041722e-06	-9.903268e-10	-3.507550e+01	-6.301573e+01
6.920000e-06	-5.060532e-06	-9.867094e-10	-3.520637e+01	-6.306982e+01
6.930000e-06	-5.079111e-06	-9.880605e-10	-3.533562e+01	-6.311919e+01
6.940000e-06	-5.097458e-06	-9.937942e-10	-3.546326e+01	-6.316380e+01
6.950000e-06	-5.115361e-06	-9.990133e-10	-3.558782e+01	-6.320367e+01
6.960000e-06	-5.132883e-06	-1.002441e-09	-3.570972e+01	-6.323890e+01
6.970000e-06	-5.150052e-06	-1.002850e-09	-3.582916e+01	-6.326965e+01
6.980000e-06	-5.166783e-06	-1.000715e-09	-3.594556e+01	-6.329613e+01
6.990000e-06	-5.183203e-06	-9.960436e-10	-3.605979e+01	-6.331861e+01
7.000000e-06	-5.199425e-06	-9.913228e-10	-3.617265e+01	-6.333739e+01
7.010000e-06	-5.215463e-06	-9.872306e-10	-3.628423e+01	-6.335282e+01
7.020000e-06	-5.231130e-06	-9.857311e-10	-3.639323e+01	-6.336524e+01
7.030000e-06	-5.246237e-06	-9.872745e-10	-3.649833e+01	-6.337505e+01
7.040000e-06	-5.260747e-06	-9.889406e-10	-3.659928e+01	-6.338261e+01
7.050000e-06	-5.274595e-06	-9.892007e-10	-3.669561e+01	-6.338828e+01
7.060000e-06	-5.287798e-06	-9.892866e-10	-3.678747e+01	-6.339244e+01
7.070000e-06	-5.300543e-06	-9.875428e-10	-3.687613e+01	-6.339540e+01
7.080000e-06	-5.312971e-06	-9.850511e-10	-3.696260e+01	-6.339747e+01
7.090000e-06	-5.325102e-06	-9.829012e-10	-3.704699e+01	-6.339890e+01
7.100000e-06	-5.336867e-06	-9.814802e-10	-3.712884e+01	-6.339991e+01
7.110000e-06	-5.348257e-06	-9.783545e-10	-3.720808e+01	-6.340067e+01
7.120000e-06	-5.359318e-06	-9.755048e-10	-3.728504e+01	-6.340131e+01
7.130000e-06	-5.369981e-06	-9.745749e-10	-3.735922e+01	-6.340188e+01
7.140000e-06	-5.380225e-06	-9.745200e-10	-3.743048e+01	-6.340243e+01
7.150000e-06	-5.390131e-06	-9.748350e-10	-3.749941e+01	-6.340291e+01
7.160000e-06	-5.399641e-06	-9.765846e-10	-3.756556e+01	-6.340327e+01
7.170000e-06	-5.408673e-06	-9.794915e-10	-3.762840e+01	-6.340339e+01
7.180000e-06	-5.417292e-06	-9.800065e-10	-3.768836e+01	-6.340313e+01
7.190000e-06	-5.425663e-06	-9.800597e-10	-3.774660e+01	-6.340234e+01
7.200000e-06	-5.433896e-06	-9.800519e-10	-3.780388e+01	-6.340081e+01
7.210000e-06	-5.441912e-06	-9.780837e-10	-3.785965e+01	-6.339836e+01
7.220000e-06	-5.449630e-06	-9.754049e-10	-3.791334e+01	-6.339479e+01
7.230000e-06	-5.456928e-06	-9.720007e-10	-3.796411e+01	-6.338990e+01
7.240000e-06	-5.463675e-06	-9.689962e-10	-3.801105e+01	-6.338352e+01
7.250000e-06	-5.469742e-06	-9.698004e-10	-3.805326e+01	-6.337549e+01
7.260000e-06	-5.475073e-06	-9.736409e-10	-3.809035e+01	-6.336569e+01
7.270000e-06	-5.479883e-06	-9.773294e-10	-3.812381e+01	-6.335403e+01
7.280000e-06	-5.484373e-06	-9.788367e-10	-3.815505e+01	-6.334044e+01
7.290000e-06	-5.488671e-06	-9.778207e-10	-3.818495e+01	-6.332494e+01
7.300000e-06	-5.492750e-06	-9.750178e-10	-3.821333e+01	-6.330755e+01
7.310000e-06	-5.496520e-06	-9.702796e-10	-3.823956e+01	-6.328836e+01
7.320000e-06	-5.499913e-06	-9.657605e-10	-3.826316e+01	-6.326751e+01
7.330000e-06	-5.502883e-06	-9.641121e-10	-3.828383e+01	-6.324520e+01
7.340000e-06	-5.505507e-06	-9.629660e-10	-3.830208e+01	-6.322163e+01
7.350000e-06	-5.507851e-06	-9.613493e-10	-3.831838e+01	-6.319708e+01
7.360000e-06	-5.509881e-06	-9.599258e-10	-3.833251e+01	-6.317184e+01
7.370000e-06	-5.511499e-06	-9.586087e-10	-3.834377e+01	-6.314624e+01
7.380000e-06	-5.512633e-06	-9.540437e-10	-3.835165e+01	-6.312063e+01
7.390000e-06	-5.513368e-06	-9.476290e-10	-3.835677e+01	-6.309536e+01
7.400000e-06	-5.513806e-06	-9.427158e-10	-3.835982e+01	-6.307077e+01
