# Temperatura_=_-25.63
# Concentracion g/m^3_=_1620.0
# C_Vs_to_Am_M_A/Vsm_=_65563218390.804596
# pendiente_HvsI_1/m_=_3716.3
# ordenada_HvsI_A/m_=_1297.0
# frecuencia_Hz_=_135110.42952078412

Tiempo_(s)	Campo_(V.s)	Magnetizacion_(V.s)	Campo_(kA/m)	Magnetizacion_(A/m)
0.000000e+00	-5.507005e-06	-8.640996e-10	-3.836126e+01	-5.683488e+01
1.000000e-08	-5.507233e-06	-8.668606e-10	-3.836285e+01	-5.689318e+01
2.000000e-08	-5.507133e-06	-8.664863e-10	-3.836216e+01	-5.694453e+01
3.000000e-08	-5.506457e-06	-8.631695e-10	-3.835745e+01	-5.698785e+01
4.000000e-08	-5.505172e-06	-8.578679e-10	-3.834849e+01	-5.702216e+01
5.000000e-08	-5.503383e-06	-8.512428e-10	-3.833603e+01	-5.704660e+01
6.000000e-08	-5.501030e-06	-8.553611e-10	-3.831965e+01	-5.706045e+01
7.000000e-08	-5.498143e-06	-8.764815e-10	-3.829954e+01	-5.706313e+01
8.000000e-08	-5.494800e-06	-8.616610e-10	-3.827625e+01	-5.705423e+01
9.000000e-08	-5.490996e-06	-7.870011e-10	-3.824975e+01	-5.703349e+01
1.000000e-07	-5.486834e-06	-8.080405e-10	-3.822075e+01	-5.700083e+01
1.100000e-07	-5.482384e-06	-9.361609e-10	-3.818976e+01	-5.695633e+01
1.200000e-07	-5.477632e-06	-8.845723e-10	-3.815665e+01	-5.690022e+01
1.300000e-07	-5.472605e-06	-7.632524e-10	-3.812163e+01	-5.683292e+01
1.400000e-07	-5.467228e-06	-7.586837e-10	-3.808418e+01	-5.675496e+01
1.500000e-07	-5.461474e-06	-9.222359e-10	-3.804410e+01	-5.666703e+01
1.600000e-07	-5.455384e-06	-9.380133e-10	-3.800168e+01	-5.656996e+01
1.700000e-07	-5.448898e-06	-7.786582e-10	-3.795650e+01	-5.646465e+01
1.800000e-07	-5.442015e-06	-8.066509e-10	-3.790855e+01	-5.635213e+01
1.900000e-07	-5.434754e-06	-9.198170e-10	-3.785797e+01	-5.623347e+01
2.000000e-07	-5.427241e-06	-9.140946e-10	-3.780564e+01	-5.610982e+01
2.100000e-07	-5.419516e-06	-7.588955e-10	-3.775182e+01	-5.598236e+01
2.200000e-07	-5.411500e-06	-7.437041e-10	-3.769598e+01	-5.585226e+01
2.300000e-07	-5.403088e-06	-8.087657e-10	-3.763739e+01	-5.572072e+01
2.400000e-07	-5.394067e-06	-8.299877e-10	-3.757455e+01	-5.558890e+01
2.500000e-07	-5.384361e-06	-7.658168e-10	-3.750694e+01	-5.545790e+01
2.600000e-07	-5.374072e-06	-7.673418e-10	-3.743526e+01	-5.532878e+01
2.700000e-07	-5.363225e-06	-7.822438e-10	-3.735971e+01	-5.520253e+01
2.800000e-07	-5.351882e-06	-7.789382e-10	-3.728069e+01	-5.508005e+01
2.900000e-07	-5.340200e-06	-7.539282e-10	-3.719931e+01	-5.496213e+01
3.000000e-07	-5.328140e-06	-7.593517e-10	-3.711531e+01	-5.484947e+01
3.100000e-07	-5.315621e-06	-7.912779e-10	-3.702810e+01	-5.474265e+01
3.200000e-07	-5.302789e-06	-8.218623e-10	-3.693871e+01	-5.464215e+01
3.300000e-07	-5.289652e-06	-8.096440e-10	-3.684721e+01	-5.454831e+01
3.400000e-07	-5.276032e-06	-7.714873e-10	-3.675233e+01	-5.446138e+01
3.500000e-07	-5.262012e-06	-8.075922e-10	-3.665467e+01	-5.438149e+01
3.600000e-07	-5.247586e-06	-8.223593e-10	-3.655417e+01	-5.430868e+01
3.700000e-07	-5.232592e-06	-7.670061e-10	-3.644973e+01	-5.424287e+01
3.800000e-07	-5.217087e-06	-7.705514e-10	-3.634172e+01	-5.418392e+01
3.900000e-07	-5.201153e-06	-8.524673e-10	-3.623073e+01	-5.413161e+01
4.000000e-07	-5.184787e-06	-7.961674e-10	-3.611672e+01	-5.408564e+01
4.100000e-07	-5.168040e-06	-7.440340e-10	-3.600007e+01	-5.404569e+01
4.200000e-07	-5.150996e-06	-8.367780e-10	-3.588134e+01	-5.401137e+01
4.300000e-07	-5.133613e-06	-8.530846e-10	-3.576025e+01	-5.398229e+01
4.400000e-07	-5.115845e-06	-7.118573e-10	-3.563648e+01	-5.395806e+01
4.500000e-07	-5.097673e-06	-7.644881e-10	-3.550989e+01	-5.393825e+01
4.600000e-07	-5.079061e-06	-8.706762e-10	-3.538025e+01	-5.392249e+01
4.700000e-07	-5.060043e-06	-7.626559e-10	-3.524777e+01	-5.391040e+01
4.800000e-07	-5.040765e-06	-7.014063e-10	-3.511348e+01	-5.390165e+01
4.900000e-07	-5.021337e-06	-8.446412e-10	-3.497815e+01	-5.389593e+01
5.000000e-07	-5.001668e-06	-8.155624e-10	-3.484114e+01	-5.389300e+01
5.100000e-07	-4.981701e-06	-7.118630e-10	-3.470205e+01	-5.389265e+01
5.200000e-07	-4.961406e-06	-8.063385e-10	-3.456067e+01	-5.389472e+01
5.300000e-07	-4.940772e-06	-8.452775e-10	-3.441694e+01	-5.389910e+01
5.400000e-07	-4.919754e-06	-7.088143e-10	-3.427053e+01	-5.390574e+01
5.500000e-07	-4.898358e-06	-7.539839e-10	-3.412149e+01	-5.391461e+01
5.600000e-07	-4.876643e-06	-8.604482e-10	-3.397022e+01	-5.392574e+01
5.700000e-07	-4.854565e-06	-7.624393e-10	-3.381643e+01	-5.393918e+01
5.800000e-07	-4.832142e-06	-7.225663e-10	-3.366024e+01	-5.395501e+01
5.900000e-07	-4.809424e-06	-8.345130e-10	-3.350199e+01	-5.397332e+01
6.000000e-07	-4.786396e-06	-8.008858e-10	-3.334157e+01	-5.399421e+01
6.100000e-07	-4.763034e-06	-7.205993e-10	-3.317884e+01	-5.401778e+01
6.200000e-07	-4.739419e-06	-7.945605e-10	-3.301434e+01	-5.404411e+01
6.300000e-07	-4.715653e-06	-8.156856e-10	-3.284878e+01	-5.407327e+01
6.400000e-07	-4.691627e-06	-7.482907e-10	-3.268142e+01	-5.410530e+01
6.500000e-07	-4.667224e-06	-7.792589e-10	-3.251143e+01	-5.414019e+01
6.600000e-07	-4.642297e-06	-8.229824e-10	-3.233779e+01	-5.417790e+01
6.700000e-07	-4.616823e-06	-7.698857e-10	-3.216034e+01	-5.421833e+01
6.800000e-07	-4.590893e-06	-7.686171e-10	-3.197972e+01	-5.426133e+01
6.900000e-07	-4.564485e-06	-8.100716e-10	-3.179576e+01	-5.430669e+01
7.000000e-07	-4.537599e-06	-7.916768e-10	-3.160848e+01	-5.435415e+01
7.100000e-07	-4.510366e-06	-7.688625e-10	-3.141877e+01	-5.440338e+01
7.200000e-07	-4.482944e-06	-7.998142e-10	-3.122775e+01	-5.445402e+01
7.300000e-07	-4.455327e-06	-7.948126e-10	-3.103538e+01	-5.450564e+01
7.400000e-07	-4.427496e-06	-7.783058e-10	-3.084151e+01	-5.455775e+01
7.500000e-07	-4.399369e-06	-7.920356e-10	-3.064558e+01	-5.460987e+01
7.600000e-07	-4.370931e-06	-8.051901e-10	-3.044749e+01	-5.466143e+01
7.700000e-07	-4.342239e-06	-7.887074e-10	-3.024762e+01	-5.471189e+01
7.800000e-07	-4.313258e-06	-7.908878e-10	-3.004574e+01	-5.476067e+01
7.900000e-07	-4.283991e-06	-7.948411e-10	-2.984187e+01	-5.480720e+01
8.000000e-07	-4.254449e-06	-7.853360e-10	-2.963608e+01	-5.485090e+01
8.100000e-07	-4.224627e-06	-7.835128e-10	-2.942834e+01	-5.489125e+01
8.200000e-07	-4.194450e-06	-7.975446e-10	-2.921814e+01	-5.492773e+01
8.300000e-07	-4.163920e-06	-7.938001e-10	-2.900547e+01	-5.495987e+01
8.400000e-07	-4.133168e-06	-7.907506e-10	-2.879125e+01	-5.498724e+01
8.500000e-07	-4.102149e-06	-8.002701e-10	-2.857518e+01	-5.500950e+01
8.600000e-07	-4.070860e-06	-7.972300e-10	-2.835722e+01	-5.502633e+01
8.700000e-07	-4.039415e-06	-7.802453e-10	-2.813817e+01	-5.503753e+01
8.800000e-07	-4.007765e-06	-7.824745e-10	-2.791770e+01	-5.504294e+01
8.900000e-07	-3.975865e-06	-7.877442e-10	-2.769549e+01	-5.504249e+01
9.000000e-07	-3.943747e-06	-7.809566e-10	-2.747176e+01	-5.503618e+01
9.100000e-07	-3.911331e-06	-7.900420e-10	-2.724595e+01	-5.502411e+01
9.200000e-07	-3.878550e-06	-8.007262e-10	-2.701760e+01	-5.500644e+01
9.300000e-07	-3.845375e-06	-7.916072e-10	-2.678651e+01	-5.498339e+01
9.400000e-07	-3.811721e-06	-7.837614e-10	-2.655208e+01	-5.495526e+01
9.500000e-07	-3.777577e-06	-7.913689e-10	-2.631424e+01	-5.492241e+01
9.600000e-07	-3.743006e-06	-7.834749e-10	-2.607342e+01	-5.488523e+01
9.700000e-07	-3.708089e-06	-7.711602e-10	-2.583019e+01	-5.484417e+01
9.800000e-07	-3.672948e-06	-7.755507e-10	-2.558540e+01	-5.479971e+01
9.900000e-07	-3.637603e-06	-7.796789e-10	-2.533919e+01	-5.475233e+01
1.000000e-06	-3.602070e-06	-7.698080e-10	-2.509167e+01	-5.470252e+01
1.010000e-06	-3.566419e-06	-7.743165e-10	-2.484333e+01	-5.465080e+01
1.020000e-06	-3.530609e-06	-7.833606e-10	-2.459388e+01	-5.459763e+01
1.030000e-06	-3.494586e-06	-7.819846e-10	-2.434295e+01	-5.454347e+01
1.040000e-06	-3.458350e-06	-7.784152e-10	-2.409053e+01	-5.448876e+01
1.050000e-06	-3.421910e-06	-7.853443e-10	-2.383669e+01	-5.443386e+01
1.060000e-06	-3.385250e-06	-7.811939e-10	-2.358132e+01	-5.437911e+01
1.070000e-06	-3.348287e-06	-7.728301e-10	-2.332385e+01	-5.432479e+01
1.080000e-06	-3.310979e-06	-7.754959e-10	-2.306396e+01	-5.427112e+01
1.090000e-06	-3.273461e-06	-7.823281e-10	-2.280262e+01	-5.421824e+01
1.100000e-06	-3.235717e-06	-7.786975e-10	-2.253969e+01	-5.416624e+01
1.110000e-06	-3.197654e-06	-7.787559e-10	-2.227455e+01	-5.411516e+01
1.120000e-06	-3.159460e-06	-7.818841e-10	-2.200849e+01	-5.406494e+01
1.130000e-06	-3.121121e-06	-7.769423e-10	-2.174143e+01	-5.401549e+01
1.140000e-06	-3.082510e-06	-7.704643e-10	-2.147247e+01	-5.396665e+01
1.150000e-06	-3.043678e-06	-7.734834e-10	-2.120196e+01	-5.391822e+01
1.160000e-06	-3.004639e-06	-7.737287e-10	-2.093003e+01	-5.386995e+01
1.170000e-06	-2.965343e-06	-7.692806e-10	-2.065629e+01	-5.382155e+01
1.180000e-06	-2.925912e-06	-7.706623e-10	-2.038162e+01	-5.377271e+01
1.190000e-06	-2.886429e-06	-7.731471e-10	-2.010658e+01	-5.372310e+01
1.200000e-06	-2.846799e-06	-7.707470e-10	-1.983052e+01	-5.367238e+01
1.210000e-06	-2.806998e-06	-7.705672e-10	-1.955328e+01	-5.362021e+01
1.220000e-06	-2.767080e-06	-7.732752e-10	-1.927521e+01	-5.356623e+01
1.230000e-06	-2.727083e-06	-7.722105e-10	-1.899660e+01	-5.351014e+01
1.240000e-06	-2.686923e-06	-7.720662e-10	-1.871685e+01	-5.345163e+01
1.250000e-06	-2.646518e-06	-7.759500e-10	-1.843539e+01	-5.339042e+01
1.260000e-06	-2.605770e-06	-7.805046e-10	-1.815154e+01	-5.332628e+01
1.270000e-06	-2.564641e-06	-7.780602e-10	-1.786504e+01	-5.325897e+01
1.280000e-06	-2.523284e-06	-7.765612e-10	-1.757695e+01	-5.318835e+01
1.290000e-06	-2.481708e-06	-7.735266e-10	-1.728734e+01	-5.311427e+01
1.300000e-06	-2.439767e-06	-7.667266e-10	-1.699518e+01	-5.303664e+01
1.310000e-06	-2.397544e-06	-7.610318e-10	-1.670106e+01	-5.295540e+01
1.320000e-06	-2.355084e-06	-7.640276e-10	-1.640529e+01	-5.287053e+01
1.330000e-06	-2.312312e-06	-7.674000e-10	-1.610734e+01	-5.278201e+01
1.340000e-06	-2.269339e-06	-7.704919e-10	-1.580799e+01	-5.268988e+01
1.350000e-06	-2.226218e-06	-7.730017e-10	-1.550762e+01	-5.259417e+01
1.360000e-06	-2.182908e-06	-7.704746e-10	-1.520593e+01	-5.249492e+01
1.370000e-06	-2.139478e-06	-7.626545e-10	-1.490340e+01	-5.239219e+01
1.380000e-06	-2.095970e-06	-7.556359e-10	-1.460033e+01	-5.228600e+01
1.390000e-06	-2.052359e-06	-7.506526e-10	-1.429654e+01	-5.217637e+01
1.400000e-06	-2.008697e-06	-7.489563e-10	-1.399239e+01	-5.206329e+01
1.410000e-06	-1.964944e-06	-7.500049e-10	-1.368761e+01	-5.194671e+01
1.420000e-06	-1.921075e-06	-7.539987e-10	-1.338202e+01	-5.182654e+01
1.430000e-06	-1.877181e-06	-7.552851e-10	-1.307626e+01	-5.170264e+01
1.440000e-06	-1.833171e-06	-7.528881e-10	-1.276969e+01	-5.157481e+01
1.450000e-06	-1.789023e-06	-7.482365e-10	-1.246216e+01	-5.144278e+01
1.460000e-06	-1.744816e-06	-7.409686e-10	-1.215422e+01	-5.130622e+01
1.470000e-06	-1.700430e-06	-7.318438e-10	-1.184503e+01	-5.116474e+01
1.480000e-06	-1.655855e-06	-7.256649e-10	-1.153453e+01	-5.101785e+01
1.490000e-06	-1.611175e-06	-7.249495e-10	-1.122329e+01	-5.086501e+01
1.500000e-06	-1.566376e-06	-7.249166e-10	-1.091123e+01	-5.070560e+01
1.510000e-06	-1.521479e-06	-7.243668e-10	-1.059847e+01	-5.053893e+01
1.520000e-06	-1.476494e-06	-7.211157e-10	-1.028512e+01	-5.036424e+01
1.530000e-06	-1.431381e-06	-7.160132e-10	-9.970863e+00	-5.018072e+01
1.540000e-06	-1.386153e-06	-7.103127e-10	-9.655806e+00	-4.998751e+01
1.550000e-06	-1.340804e-06	-7.057714e-10	-9.339909e+00	-4.978369e+01
1.560000e-06	-1.295314e-06	-7.012849e-10	-9.023029e+00	-4.956829e+01
1.570000e-06	-1.249774e-06	-6.960574e-10	-8.705803e+00	-4.934034e+01
1.580000e-06	-1.204207e-06	-6.900474e-10	-8.388390e+00	-4.909883e+01
1.590000e-06	-1.158550e-06	-6.876310e-10	-8.070350e+00	-4.884273e+01
1.600000e-06	-1.112750e-06	-6.861864e-10	-7.751307e+00	-4.857103e+01
1.610000e-06	-1.066873e-06	-6.829391e-10	-7.431734e+00	-4.828268e+01
1.620000e-06	-1.021033e-06	-6.777651e-10	-7.112416e+00	-4.797670e+01
1.630000e-06	-9.751209e-07	-6.707069e-10	-6.792598e+00	-4.765210e+01
1.640000e-06	-9.290924e-07	-6.625241e-10	-6.471968e+00	-4.730790e+01
1.650000e-06	-8.829991e-07	-6.546090e-10	-6.150886e+00	-4.694320e+01
1.660000e-06	-8.368982e-07	-6.470756e-10	-5.829752e+00	-4.655711e+01
1.670000e-06	-7.907724e-07	-6.428791e-10	-5.508444e+00	-4.614880e+01
1.680000e-06	-7.444839e-07	-6.401001e-10	-5.186003e+00	-4.571746e+01
1.690000e-06	-6.981278e-07	-6.360765e-10	-4.863091e+00	-4.526237e+01
1.700000e-06	-6.517734e-07	-6.289855e-10	-4.540190e+00	-4.478283e+01
1.710000e-06	-6.054511e-07	-6.208081e-10	-4.217514e+00	-4.427822e+01
1.720000e-06	-5.591507e-07	-6.132578e-10	-3.894989e+00	-4.374795e+01
1.730000e-06	-5.127788e-07	-6.035411e-10	-3.571968e+00	-4.319149e+01
1.740000e-06	-4.663058e-07	-5.919023e-10	-3.248241e+00	-4.260836e+01
1.750000e-06	-4.198175e-07	-5.811792e-10	-2.924408e+00	-4.199813e+01
1.760000e-06	-3.733412e-07	-5.719115e-10	-2.600659e+00	-4.136041e+01
1.770000e-06	-3.267065e-07	-5.627571e-10	-2.275806e+00	-4.069485e+01
1.780000e-06	-2.799683e-07	-5.511920e-10	-1.950232e+00	-4.000114e+01
1.790000e-06	-2.331670e-07	-5.396173e-10	-1.624219e+00	-3.927902e+01
1.800000e-06	-1.863822e-07	-5.293155e-10	-1.298320e+00	-3.852824e+01
1.810000e-06	-1.396637e-07	-5.169981e-10	-9.728840e-01	-3.774861e+01
1.820000e-06	-9.293447e-08	-5.057492e-10	-6.473725e-01	-3.693994e+01
1.830000e-06	-4.619707e-08	-4.964652e-10	-3.218043e-01	-3.610211e+01
1.840000e-06	5.460672e-10	-4.867997e-10	3.803851e-03	-3.523499e+01
1.850000e-06	4.726183e-08	-4.758032e-10	3.292213e-01	-3.433852e+01
1.860000e-06	9.396910e-08	-4.629752e-10	6.545797e-01	-3.341265e+01
1.870000e-06	1.407104e-07	-4.459242e-10	9.801754e-01	-3.245739e+01
1.880000e-06	1.874462e-07	-4.279700e-10	1.305732e+00	-3.147277e+01
1.890000e-06	2.341428e-07	-4.132643e-10	1.631016e+00	-3.045890e+01
1.900000e-06	2.808017e-07	-4.011135e-10	1.956037e+00	-2.941591e+01
1.910000e-06	3.273825e-07	-3.891924e-10	2.280515e+00	-2.834403e+01
1.920000e-06	3.739674e-07	-3.781923e-10	2.605020e+00	-2.724351e+01
1.930000e-06	4.206122e-07	-3.647311e-10	2.929944e+00	-2.611471e+01
1.940000e-06	4.672443e-07	-3.462212e-10	3.254779e+00	-2.495807e+01
1.950000e-06	5.138141e-07	-3.262944e-10	3.579180e+00	-2.377411e+01
1.960000e-06	5.603404e-07	-3.098486e-10	3.903277e+00	-2.256344e+01
1.970000e-06	6.067980e-07	-2.946717e-10	4.226896e+00	-2.132680e+01
1.980000e-06	6.532024e-07	-2.789461e-10	4.550145e+00	-2.006500e+01
1.990000e-06	6.995118e-07	-2.622415e-10	4.872732e+00	-1.877900e+01
2.000000e-06	7.456806e-07	-2.419153e-10	5.194339e+00	-1.746985e+01
2.010000e-06	7.918260e-07	-2.183130e-10	5.515783e+00	-1.613874e+01
2.020000e-06	8.379080e-07	-1.960846e-10	5.836786e+00	-1.478695e+01
2.030000e-06	8.839821e-07	-1.782914e-10	6.157734e+00	-1.341591e+01
2.040000e-06	9.300301e-07	-1.629053e-10	6.478500e+00	-1.202715e+01
2.050000e-06	9.759474e-07	-1.448434e-10	6.798355e+00	-1.062232e+01
2.060000e-06	1.021761e-06	-1.237746e-10	7.117491e+00	-9.203157e+00
2.070000e-06	1.067484e-06	-1.032442e-10	7.435992e+00	-7.771519e+00
2.080000e-06	1.113181e-06	-8.008001e-11	7.754309e+00	-6.329340e+00
2.090000e-06	1.158824e-06	-5.494841e-11	8.072259e+00	-4.878636e+00
2.100000e-06	1.204332e-06	-3.171746e-11	8.389259e+00	-3.421487e+00
2.110000e-06	1.249760e-06	-1.155173e-11	8.705704e+00	-1.960025e+00
2.120000e-06	1.295158e-06	6.168261e-12	9.021947e+00	-4.964202e-01
2.130000e-06	1.340450e-06	2.218757e-11	9.337443e+00	9.671357e-01
2.140000e-06	1.385627e-06	3.828478e-11	9.652142e+00	2.428445e+00
2.150000e-06	1.430772e-06	5.799184e-11	9.966618e+00	3.885319e+00
2.160000e-06	1.475842e-06	8.093672e-11	1.028057e+01	5.335599e+00
2.170000e-06	1.520728e-06	1.038337e-10	1.059325e+01	6.777166e+00
2.180000e-06	1.565461e-06	1.258491e-10	1.090485e+01	8.207962e+00
2.190000e-06	1.610113e-06	1.484419e-10	1.121589e+01	9.626001e+00
2.200000e-06	1.654711e-06	1.698796e-10	1.152656e+01	1.102939e+01
2.210000e-06	1.699123e-06	1.871476e-10	1.183593e+01	1.241632e+01
2.220000e-06	1.743372e-06	2.024109e-10	1.214416e+01	1.378511e+01
2.230000e-06	1.787563e-06	2.176844e-10	1.245199e+01	1.513421e+01
2.240000e-06	1.831681e-06	2.334391e-10	1.275931e+01	1.646218e+01
2.250000e-06	1.875653e-06	2.511441e-10	1.306562e+01	1.776771e+01
2.260000e-06	1.919475e-06	2.715826e-10	1.337088e+01	1.904965e+01
2.270000e-06	1.963249e-06	2.926682e-10	1.367580e+01	2.030700e+01
2.280000e-06	2.006944e-06	3.129631e-10	1.398018e+01	2.153887e+01
2.290000e-06	2.050554e-06	3.323511e-10	1.428396e+01	2.274454e+01
2.300000e-06	2.094117e-06	3.475862e-10	1.458742e+01	2.392343e+01
2.310000e-06	2.137635e-06	3.583742e-10	1.489056e+01	2.507506e+01
2.320000e-06	2.181103e-06	3.693210e-10	1.519335e+01	2.619913e+01
2.330000e-06	2.224490e-06	3.805398e-10	1.549558e+01	2.729541e+01
2.340000e-06	2.267720e-06	3.935315e-10	1.579672e+01	2.836382e+01
2.350000e-06	2.310745e-06	4.099995e-10	1.609642e+01	2.940435e+01
2.360000e-06	2.353559e-06	4.260166e-10	1.639467e+01	3.041711e+01
2.370000e-06	2.396082e-06	4.393367e-10	1.669088e+01	3.140227e+01
2.380000e-06	2.438303e-06	4.511099e-10	1.698498e+01	3.236007e+01
2.390000e-06	2.480268e-06	4.615702e-10	1.727731e+01	3.329082e+01
2.400000e-06	2.521912e-06	4.705059e-10	1.756739e+01	3.419488e+01
2.410000e-06	2.563215e-06	4.815196e-10	1.785511e+01	3.507261e+01
2.420000e-06	2.604167e-06	4.965772e-10	1.814038e+01	3.592445e+01
2.430000e-06	2.644835e-06	5.127338e-10	1.842367e+01	3.675081e+01
2.440000e-06	2.685300e-06	5.258158e-10	1.870554e+01	3.755214e+01
2.450000e-06	2.725485e-06	5.353753e-10	1.898547e+01	3.832888e+01
2.460000e-06	2.765481e-06	5.436674e-10	1.926408e+01	3.908147e+01
2.470000e-06	2.805343e-06	5.517462e-10	1.954175e+01	3.981033e+01
2.480000e-06	2.845014e-06	5.610124e-10	1.981809e+01	4.051589e+01
2.490000e-06	2.884603e-06	5.726768e-10	2.009387e+01	4.119855e+01
2.500000e-06	2.924134e-06	5.850988e-10	2.036924e+01	4.185870e+01
2.510000e-06	2.963552e-06	5.948272e-10	2.064381e+01	4.249671e+01
2.520000e-06	3.002781e-06	6.027187e-10	2.091708e+01	4.311293e+01
2.530000e-06	3.041736e-06	6.091433e-10	2.118844e+01	4.370771e+01
2.540000e-06	3.080511e-06	6.126956e-10	2.145855e+01	4.428139e+01
2.550000e-06	3.119062e-06	6.159990e-10	2.172708e+01	4.483429e+01
2.560000e-06	3.157288e-06	6.217265e-10	2.199336e+01	4.536673e+01
2.570000e-06	3.195281e-06	6.299114e-10	2.225802e+01	4.587903e+01
2.580000e-06	3.233077e-06	6.382038e-10	2.252130e+01	4.637151e+01
2.590000e-06	3.270754e-06	6.463557e-10	2.278375e+01	4.684452e+01
2.600000e-06	3.308303e-06	6.528159e-10	2.304532e+01	4.729837e+01
2.610000e-06	3.345579e-06	6.557557e-10	2.330498e+01	4.773345e+01
2.620000e-06	3.382587e-06	6.572421e-10	2.356278e+01	4.815011e+01
2.630000e-06	3.419324e-06	6.586696e-10	2.381868e+01	4.854875e+01
2.640000e-06	3.455817e-06	6.610460e-10	2.407289e+01	4.892978e+01
2.650000e-06	3.492050e-06	6.652857e-10	2.432529e+01	4.929364e+01
2.660000e-06	3.527996e-06	6.711844e-10	2.457568e+01	4.964078e+01
2.670000e-06	3.563792e-06	6.757915e-10	2.482503e+01	4.997169e+01
2.680000e-06	3.599483e-06	6.791696e-10	2.507365e+01	5.028687e+01
2.690000e-06	3.635007e-06	6.857876e-10	2.532110e+01	5.058683e+01
2.700000e-06	3.670379e-06	6.935184e-10	2.556751e+01	5.087213e+01
2.710000e-06	3.705642e-06	6.982409e-10	2.581314e+01	5.114331e+01
2.720000e-06	3.740651e-06	7.030984e-10	2.605702e+01	5.140093e+01
2.730000e-06	3.775273e-06	7.086904e-10	2.629819e+01	5.164559e+01
2.740000e-06	3.809492e-06	7.126238e-10	2.653656e+01	5.187785e+01
2.750000e-06	3.843325e-06	7.169525e-10	2.677223e+01	5.209829e+01
2.760000e-06	3.876667e-06	7.216307e-10	2.700449e+01	5.230751e+01
2.770000e-06	3.909491e-06	7.248433e-10	2.723314e+01	5.250606e+01
2.780000e-06	3.941925e-06	7.284000e-10	2.745907e+01	5.269452e+01
2.790000e-06	3.974044e-06	7.339647e-10	2.768280e+01	5.287344e+01
2.800000e-06	4.005898e-06	7.392673e-10	2.790470e+01	5.304336e+01
2.810000e-06	4.037572e-06	7.422809e-10	2.812534e+01	5.320479e+01
2.820000e-06	4.069106e-06	7.446326e-10	2.834500e+01	5.335824e+01
2.830000e-06	4.100441e-06	7.464410e-10	2.856328e+01	5.350420e+01
2.840000e-06	4.131489e-06	7.468157e-10	2.877956e+01	5.364313e+01
2.850000e-06	4.162242e-06	7.483508e-10	2.899378e+01	5.377547e+01
2.860000e-06	4.192730e-06	7.527820e-10	2.920615e+01	5.390165e+01
2.870000e-06	4.222914e-06	7.577206e-10	2.941641e+01	5.402206e+01
2.880000e-06	4.252760e-06	7.623915e-10	2.962431e+01	5.413710e+01
2.890000e-06	4.282304e-06	7.667689e-10	2.983012e+01	5.424713e+01
2.900000e-06	4.311613e-06	7.691757e-10	3.003428e+01	5.435251e+01
2.910000e-06	4.340697e-06	7.690019e-10	3.023687e+01	5.445358e+01
2.920000e-06	4.369483e-06	7.668790e-10	3.043740e+01	5.455067e+01
2.930000e-06	4.397929e-06	7.652036e-10	3.063555e+01	5.464409e+01
2.940000e-06	4.426075e-06	7.651800e-10	3.083161e+01	5.473417e+01
2.950000e-06	4.453991e-06	7.655996e-10	3.102607e+01	5.482119e+01
2.960000e-06	4.481728e-06	7.647989e-10	3.121929e+01	5.490545e+01
2.970000e-06	4.509288e-06	7.649987e-10	3.141127e+01	5.498724e+01
2.980000e-06	4.536639e-06	7.674785e-10	3.160179e+01	5.506684e+01
2.990000e-06	4.563658e-06	7.717503e-10	3.179000e+01	5.514451e+01
3.000000e-06	4.590353e-06	7.766171e-10	3.197596e+01	5.522051e+01
3.010000e-06	4.616582e-06	7.789234e-10	3.215867e+01	5.529508e+01
3.020000e-06	4.642164e-06	7.795288e-10	3.233686e+01	5.536846e+01
3.030000e-06	4.667128e-06	7.802216e-10	3.251076e+01	5.544085e+01
3.040000e-06	4.691604e-06	7.804000e-10	3.268126e+01	5.551245e+01
3.050000e-06	4.715770e-06	7.800776e-10	3.284960e+01	5.558340e+01
3.060000e-06	4.739610e-06	7.810338e-10	3.301567e+01	5.565385e+01
3.070000e-06	4.763186e-06	7.839206e-10	3.317989e+01	5.572389e+01
3.080000e-06	4.786546e-06	7.870901e-10	3.334262e+01	5.579359e+01
3.090000e-06	4.809591e-06	7.887120e-10	3.350315e+01	5.586296e+01
3.100000e-06	4.832260e-06	7.900120e-10	3.366106e+01	5.593198e+01
3.110000e-06	4.854584e-06	7.912933e-10	3.381656e+01	5.600058e+01
3.120000e-06	4.876636e-06	7.919667e-10	3.397017e+01	5.606864e+01
3.130000e-06	4.898398e-06	7.925030e-10	3.412177e+01	5.613601e+01
3.140000e-06	4.919792e-06	7.931307e-10	3.427079e+01	5.620246e+01
3.150000e-06	4.940797e-06	7.936490e-10	3.441711e+01	5.626773e+01
3.160000e-06	4.961453e-06	7.950331e-10	3.456100e+01	5.633151e+01
3.170000e-06	4.981850e-06	7.970850e-10	3.470308e+01	5.639347e+01
3.180000e-06	5.001970e-06	7.984612e-10	3.484324e+01	5.645322e+01
3.190000e-06	5.021761e-06	8.015509e-10	3.498110e+01	5.651034e+01
3.200000e-06	5.041315e-06	8.050445e-10	3.511731e+01	5.656441e+01
3.210000e-06	5.060644e-06	8.060406e-10	3.525195e+01	5.661497e+01
3.220000e-06	5.079648e-06	8.056388e-10	3.538434e+01	5.666156e+01
3.230000e-06	5.098299e-06	8.042938e-10	3.551426e+01	5.670373e+01
3.240000e-06	5.116568e-06	8.029104e-10	3.564152e+01	5.674105e+01
3.250000e-06	5.134347e-06	8.038846e-10	3.576537e+01	5.677311e+01
3.260000e-06	5.151688e-06	8.055729e-10	3.588616e+01	5.679953e+01
3.270000e-06	5.168707e-06	8.059300e-10	3.600472e+01	5.681998e+01
3.280000e-06	5.185370e-06	8.076505e-10	3.612078e+01	5.683420e+01
3.290000e-06	5.201719e-06	8.106510e-10	3.623467e+01	5.684198e+01
3.300000e-06	5.217759e-06	8.131465e-10	3.634640e+01	5.684320e+01
3.310000e-06	5.233377e-06	8.145886e-10	3.645520e+01	5.683783e+01
3.320000e-06	5.248586e-06	8.151418e-10	3.656114e+01	5.682590e+01
3.330000e-06	5.263335e-06	8.149588e-10	3.666388e+01	5.680757e+01
3.340000e-06	5.277602e-06	8.139165e-10	3.676326e+01	5.678309e+01
3.350000e-06	5.291434e-06	8.137904e-10	3.685962e+01	5.675281e+01
3.360000e-06	5.304908e-06	8.122453e-10	3.695348e+01	5.671718e+01
3.370000e-06	5.318053e-06	8.103161e-10	3.704504e+01	5.667674e+01
3.380000e-06	5.330728e-06	8.109248e-10	3.713333e+01	5.663214e+01
3.390000e-06	5.343001e-06	8.140651e-10	3.721883e+01	5.658409e+01
3.400000e-06	5.354936e-06	8.163589e-10	3.730196e+01	5.653342e+01
3.410000e-06	5.366487e-06	8.176731e-10	3.738243e+01	5.648098e+01
3.420000e-06	5.377663e-06	8.196028e-10	3.746028e+01	5.642769e+01
3.430000e-06	5.388416e-06	8.203963e-10	3.753518e+01	5.637451e+01
3.440000e-06	5.398582e-06	8.215690e-10	3.760600e+01	5.632243e+01
3.450000e-06	5.408080e-06	8.226508e-10	3.767217e+01	5.627244e+01
3.460000e-06	5.417020e-06	8.243894e-10	3.773444e+01	5.622551e+01
3.470000e-06	5.425461e-06	8.245290e-10	3.779324e+01	5.618259e+01
3.480000e-06	5.433451e-06	8.253108e-10	3.784890e+01	5.614457e+01
3.490000e-06	5.441094e-06	8.279825e-10	3.790213e+01	5.611230e+01
3.500000e-06	5.448489e-06	8.310699e-10	3.795365e+01	5.608651e+01
3.510000e-06	5.455604e-06	8.340572e-10	3.800321e+01	5.606788e+01
3.520000e-06	5.462389e-06	8.345026e-10	3.805047e+01	5.605693e+01
3.530000e-06	5.468829e-06	8.344475e-10	3.809534e+01	5.605408e+01
3.540000e-06	5.474872e-06	8.325562e-10	3.813743e+01	5.605961e+01
3.550000e-06	5.480536e-06	8.280491e-10	3.817688e+01	5.607365e+01
3.560000e-06	5.485869e-06	8.269135e-10	3.821403e+01	5.609619e+01
3.570000e-06	5.490869e-06	8.304826e-10	3.824887e+01	5.612705e+01
3.580000e-06	5.495515e-06	8.351669e-10	3.828123e+01	5.616590e+01
3.590000e-06	5.499764e-06	8.375122e-10	3.831083e+01	5.621227e+01
3.600000e-06	5.503646e-06	8.392967e-10	3.833787e+01	5.626553e+01
3.610000e-06	5.507253e-06	8.419011e-10	3.836299e+01	5.632491e+01
3.620000e-06	5.510574e-06	8.435358e-10	3.838613e+01	5.638952e+01
3.630000e-06	5.513626e-06	8.445745e-10	3.840738e+01	5.645836e+01
3.640000e-06	5.516250e-06	8.445517e-10	3.842567e+01	5.653031e+01
3.650000e-06	5.518304e-06	8.442394e-10	3.843997e+01	5.660419e+01
3.660000e-06	5.519797e-06	8.442742e-10	3.845037e+01	5.667874e+01
3.670000e-06	5.520713e-06	8.464293e-10	3.845675e+01	5.675267e+01
3.680000e-06	5.521161e-06	8.492127e-10	3.845987e+01	5.682468e+01
3.690000e-06	5.521179e-06	8.506260e-10	3.846000e+01	5.689344e+01
3.700000e-06	5.520842e-06	8.532372e-10	3.845765e+01	5.695767e+01
3.710000e-06	5.520208e-06	8.570431e-10	3.845324e+01	5.701613e+01
3.720000e-06	5.519265e-06	8.576560e-10	3.844667e+01	5.706764e+01
3.730000e-06	5.518025e-06	8.576122e-10	3.843803e+01	5.711113e+01
3.740000e-06	5.516440e-06	8.578931e-10	3.842699e+01	5.714560e+01
3.750000e-06	5.514446e-06	8.525958e-10	3.841310e+01	5.717021e+01
3.760000e-06	5.512054e-06	8.292648e-10	3.839644e+01	5.718423e+01
3.770000e-06	5.509342e-06	8.168257e-10	3.837754e+01	5.718707e+01
3.780000e-06	5.506223e-06	9.075516e-10	3.835582e+01	5.717834e+01
3.790000e-06	5.502595e-06	9.674375e-10	3.833055e+01	5.715777e+01
3.800000e-06	5.498555e-06	8.344920e-10	3.830241e+01	5.712528e+01
3.810000e-06	5.494260e-06	8.214526e-10	3.827248e+01	5.708094e+01
3.820000e-06	5.489735e-06	9.578786e-10	3.824097e+01	5.702500e+01
3.830000e-06	5.484849e-06	1.023019e-09	3.820693e+01	5.695786e+01
3.840000e-06	5.479597e-06	9.163112e-10	3.817035e+01	5.688007e+01
3.850000e-06	5.474030e-06	7.734438e-10	3.813156e+01	5.679231e+01
3.860000e-06	5.467937e-06	9.245718e-10	3.808912e+01	5.669540e+01
3.870000e-06	5.461293e-06	1.007309e-09	3.804284e+01	5.659026e+01
3.880000e-06	5.454242e-06	8.211532e-10	3.799373e+01	5.647790e+01
3.890000e-06	5.446655e-06	6.832509e-10	3.794087e+01	5.635941e+01
3.900000e-06	5.438539e-06	9.016049e-10	3.788434e+01	5.623593e+01
3.910000e-06	5.430065e-06	1.057281e-09	3.782530e+01	5.610863e+01
3.920000e-06	5.421338e-06	8.297312e-10	3.776452e+01	5.597870e+01
3.930000e-06	5.412360e-06	6.860604e-10	3.770198e+01	5.584733e+01
3.940000e-06	5.402960e-06	8.596884e-10	3.763650e+01	5.571567e+01
3.950000e-06	5.393124e-06	9.714800e-10	3.756798e+01	5.558484e+01
3.960000e-06	5.383041e-06	7.972375e-10	3.749774e+01	5.545589e+01
3.970000e-06	5.372620e-06	7.750425e-10	3.742515e+01	5.532981e+01
3.980000e-06	5.361715e-06	9.232749e-10	3.734919e+01	5.520749e+01
3.990000e-06	5.350438e-06	9.221587e-10	3.727064e+01	5.508973e+01
4.000000e-06	5.338837e-06	7.851045e-10	3.718982e+01	5.497724e+01
4.010000e-06	5.326752e-06	8.089624e-10	3.710564e+01	5.487059e+01
4.020000e-06	5.314191e-06	8.895819e-10	3.701814e+01	5.477025e+01
4.030000e-06	5.301348e-06	8.706405e-10	3.692868e+01	5.467658e+01
4.040000e-06	5.288133e-06	8.044800e-10	3.683663e+01	5.458981e+01
4.050000e-06	5.274313e-06	8.277299e-10	3.674035e+01	5.451009e+01
4.060000e-06	5.259877e-06	8.896209e-10	3.663980e+01	5.443745e+01
4.070000e-06	5.244878e-06	8.947076e-10	3.653531e+01	5.437181e+01
4.080000e-06	5.229244e-06	7.941101e-10	3.642641e+01	5.431302e+01
4.090000e-06	5.213109e-06	7.769502e-10	3.631401e+01	5.426087e+01
4.100000e-06	5.196719e-06	9.192444e-10	3.619984e+01	5.421507e+01
4.110000e-06	5.180072e-06	9.140108e-10	3.608388e+01	5.417528e+01
4.120000e-06	5.163065e-06	7.423801e-10	3.596541e+01	5.414113e+01
4.130000e-06	5.145814e-06	7.986127e-10	3.584525e+01	5.411222e+01
4.140000e-06	5.128276e-06	9.600715e-10	3.572308e+01	5.408815e+01
4.150000e-06	5.110285e-06	8.059518e-10	3.559775e+01	5.406851e+01
4.160000e-06	5.091971e-06	7.118173e-10	3.547018e+01	5.405292e+01
4.170000e-06	5.073376e-06	9.235152e-10	3.534065e+01	5.404099e+01
4.180000e-06	5.054315e-06	9.091018e-10	3.520787e+01	5.403241e+01
4.190000e-06	5.034884e-06	6.913228e-10	3.507252e+01	5.402686e+01
4.200000e-06	5.015281e-06	8.442789e-10	3.493596e+01	5.402409e+01
4.210000e-06	4.995407e-06	9.782400e-10	3.479753e+01	5.402391e+01
4.220000e-06	4.975194e-06	7.615591e-10	3.465672e+01	5.402614e+01
4.230000e-06	4.954750e-06	7.609911e-10	3.451431e+01	5.403069e+01
4.240000e-06	4.934109e-06	9.705477e-10	3.437053e+01	5.403750e+01
4.250000e-06	4.913123e-06	8.316956e-10	3.422434e+01	5.404654e+01
4.260000e-06	4.891639e-06	7.347868e-10	3.407468e+01	5.405783e+01
4.270000e-06	4.869559e-06	9.354773e-10	3.392087e+01	5.407144e+01
4.280000e-06	4.846906e-06	9.079665e-10	3.376308e+01	5.408743e+01
4.290000e-06	4.823786e-06	7.434574e-10	3.360203e+01	5.410591e+01
4.300000e-06	4.800367e-06	8.897480e-10	3.343889e+01	5.412696e+01
4.310000e-06	4.776581e-06	9.619642e-10	3.327320e+01	5.415070e+01
4.320000e-06	4.752370e-06	8.077845e-10	3.310455e+01	5.417720e+01
4.330000e-06	4.727857e-06	8.387316e-10	3.293380e+01	5.420653e+01
4.340000e-06	4.703134e-06	9.448717e-10	3.276158e+01	5.423872e+01
4.350000e-06	4.678197e-06	8.560451e-10	3.258787e+01	5.427378e+01
4.360000e-06	4.652892e-06	8.307530e-10	3.241159e+01	5.431165e+01
4.370000e-06	4.627223e-06	9.110555e-10	3.223279e+01	5.435225e+01
4.380000e-06	4.601182e-06	8.754700e-10	3.205139e+01	5.439541e+01
4.390000e-06	4.574785e-06	8.281180e-10	3.186751e+01	5.444094e+01
4.400000e-06	4.548101e-06	8.798969e-10	3.168163e+01	5.448856e+01
4.410000e-06	4.521135e-06	8.956520e-10	3.149379e+01	5.453796e+01
4.420000e-06	4.493915e-06	8.616835e-10	3.130417e+01	5.458877e+01
4.430000e-06	4.466419e-06	8.706538e-10	3.111264e+01	5.464055e+01
4.440000e-06	4.438638e-06	8.849502e-10	3.091913e+01	5.469283e+01
4.450000e-06	4.410560e-06	8.713674e-10	3.072353e+01	5.474511e+01
4.460000e-06	4.382239e-06	8.630762e-10	3.052626e+01	5.479685e+01
4.470000e-06	4.353726e-06	8.735642e-10	3.032763e+01	5.484747e+01
4.480000e-06	4.324969e-06	8.671222e-10	3.012731e+01	5.489641e+01
4.490000e-06	4.295925e-06	8.614924e-10	2.992500e+01	5.494311e+01
4.500000e-06	4.266512e-06	8.726560e-10	2.972011e+01	5.498698e+01
4.510000e-06	4.236611e-06	8.798997e-10	2.951183e+01	5.502749e+01
4.520000e-06	4.206230e-06	8.682934e-10	2.930019e+01	5.506414e+01
4.530000e-06	4.175357e-06	8.730333e-10	2.908513e+01	5.509644e+01
4.540000e-06	4.144032e-06	8.728411e-10	2.886692e+01	5.512398e+01
4.550000e-06	4.112324e-06	8.623377e-10	2.864605e+01	5.514640e+01
4.560000e-06	4.080327e-06	8.677585e-10	2.842316e+01	5.516341e+01
4.570000e-06	4.048171e-06	8.771320e-10	2.819916e+01	5.517477e+01
4.580000e-06	4.015753e-06	8.616343e-10	2.797335e+01	5.518034e+01
4.590000e-06	3.983125e-06	8.662513e-10	2.774606e+01	5.518006e+01
4.600000e-06	3.950330e-06	8.840425e-10	2.751762e+01	5.517392e+01
4.610000e-06	3.917233e-06	8.762442e-10	2.728706e+01	5.516202e+01
4.620000e-06	3.883899e-06	8.663992e-10	2.705486e+01	5.514451e+01
4.630000e-06	3.850345e-06	8.778036e-10	2.682113e+01	5.512162e+01
4.640000e-06	3.816451e-06	8.731992e-10	2.658503e+01	5.509366e+01
4.650000e-06	3.782222e-06	8.608302e-10	2.634659e+01	5.506097e+01
4.660000e-06	3.747803e-06	8.701000e-10	2.610683e+01	5.502397e+01
4.670000e-06	3.713231e-06	8.749370e-10	2.586601e+01	5.498308e+01
4.680000e-06	3.678379e-06	8.595466e-10	2.562323e+01	5.493878e+01
4.690000e-06	3.643245e-06	8.610567e-10	2.537849e+01	5.489156e+01
4.700000e-06	3.607883e-06	8.787104e-10	2.513216e+01	5.484192e+01
4.710000e-06	3.572230e-06	8.761092e-10	2.488381e+01	5.479036e+01
4.720000e-06	3.536368e-06	8.699424e-10	2.463400e+01	5.473736e+01
4.730000e-06	3.500343e-06	8.798450e-10	2.438305e+01	5.468337e+01
4.740000e-06	3.464098e-06	8.820745e-10	2.413057e+01	5.462882e+01
4.750000e-06	3.427698e-06	8.693898e-10	2.387701e+01	5.457409e+01
4.760000e-06	3.391149e-06	8.711674e-10	2.362242e+01	5.451951e+01
4.770000e-06	3.354466e-06	8.752715e-10	2.336688e+01	5.446536e+01
4.780000e-06	3.317548e-06	8.677808e-10	2.310972e+01	5.441185e+01
4.790000e-06	3.280267e-06	8.665864e-10	2.285002e+01	5.435913e+01
4.800000e-06	3.242611e-06	8.787426e-10	2.258771e+01	5.430731e+01
4.810000e-06	3.204671e-06	8.780964e-10	2.232343e+01	5.425638e+01
4.820000e-06	3.166381e-06	8.739647e-10	2.205670e+01	5.420633e+01
4.830000e-06	3.127603e-06	8.791516e-10	2.178658e+01	5.415705e+01
4.840000e-06	3.088524e-06	8.817556e-10	2.151436e+01	5.410838e+01
4.850000e-06	3.049256e-06	8.746353e-10	2.124082e+01	5.406011e+01
4.860000e-06	3.009723e-06	8.750227e-10	2.096544e+01	5.401201e+01
4.870000e-06	2.969925e-06	8.792654e-10	2.068821e+01	5.396377e+01
4.880000e-06	2.929920e-06	8.762538e-10	2.040954e+01	5.391510e+01
4.890000e-06	2.889720e-06	8.758776e-10	2.012951e+01	5.386566e+01
4.900000e-06	2.849391e-06	8.836991e-10	1.984858e+01	5.381511e+01
4.910000e-06	2.808950e-06	8.843297e-10	1.956687e+01	5.376310e+01
4.920000e-06	2.768372e-06	8.812862e-10	1.928421e+01	5.370929e+01
4.930000e-06	2.727630e-06	8.837666e-10	1.900041e+01	5.365337e+01
4.940000e-06	2.686719e-06	8.829546e-10	1.871543e+01	5.359502e+01
4.950000e-06	2.645652e-06	8.745630e-10	1.842936e+01	5.353398e+01
4.960000e-06	2.604376e-06	8.687338e-10	1.814183e+01	5.347000e+01
4.970000e-06	2.562892e-06	8.666599e-10	1.785286e+01	5.340286e+01
4.980000e-06	2.521244e-06	8.629464e-10	1.756274e+01	5.333240e+01
4.990000e-06	2.479423e-06	8.624657e-10	1.727142e+01	5.325849e+01
5.000000e-06	2.437435e-06	8.672575e-10	1.697894e+01	5.318103e+01
5.010000e-06	2.395367e-06	8.691178e-10	1.668590e+01	5.309996e+01
5.020000e-06	2.353182e-06	8.661304e-10	1.639204e+01	5.301524e+01
5.030000e-06	2.310744e-06	8.652178e-10	1.609642e+01	5.292689e+01
5.040000e-06	2.268044e-06	8.642945e-10	1.579897e+01	5.283493e+01
5.050000e-06	2.225196e-06	8.616506e-10	1.550050e+01	5.273938e+01
5.060000e-06	2.182270e-06	8.594745e-10	1.520148e+01	5.264030e+01
5.070000e-06	2.139233e-06	8.587297e-10	1.490169e+01	5.253774e+01
5.080000e-06	2.096062e-06	8.557325e-10	1.460096e+01	5.243171e+01
5.090000e-06	2.052713e-06	8.529732e-10	1.429900e+01	5.232225e+01
5.100000e-06	2.009206e-06	8.516116e-10	1.399593e+01	5.220933e+01
5.110000e-06	1.965561e-06	8.524124e-10	1.369191e+01	5.209292e+01
5.120000e-06	1.921746e-06	8.522685e-10	1.338669e+01	5.197292e+01
5.130000e-06	1.877823e-06	8.505551e-10	1.308073e+01	5.184918e+01
5.140000e-06	1.833819e-06	8.455959e-10	1.277421e+01	5.172152e+01
5.150000e-06	1.789766e-06	8.381651e-10	1.246733e+01	5.158966e+01
5.160000e-06	1.745616e-06	8.307291e-10	1.215979e+01	5.145327e+01
5.170000e-06	1.701373e-06	8.269633e-10	1.185160e+01	5.131195e+01
5.180000e-06	1.657119e-06	8.250285e-10	1.154333e+01	5.116523e+01
5.190000e-06	1.612724e-06	8.215123e-10	1.123408e+01	5.101255e+01
5.200000e-06	1.568174e-06	8.230391e-10	1.092375e+01	5.085331e+01
5.210000e-06	1.523588e-06	8.244891e-10	1.061317e+01	5.068680e+01
5.220000e-06	1.479018e-06	8.206501e-10	1.030269e+01	5.051228e+01
5.230000e-06	1.434402e-06	8.166423e-10	9.991909e+00	5.032893e+01
5.240000e-06	1.389657e-06	8.113710e-10	9.680213e+00	5.013589e+01
5.250000e-06	1.344820e-06	8.055362e-10	9.367884e+00	4.993223e+01
5.260000e-06	1.299872e-06	8.016404e-10	9.054784e+00	4.971700e+01
5.270000e-06	1.254794e-06	7.970805e-10	8.740773e+00	4.948922e+01
5.280000e-06	1.209703e-06	7.904618e-10	8.426672e+00	4.924787e+01
5.290000e-06	1.164569e-06	7.843725e-10	8.112278e+00	4.899194e+01
5.300000e-06	1.119248e-06	7.791939e-10	7.796572e+00	4.872040e+01
5.310000e-06	1.073924e-06	7.781263e-10	7.480852e+00	4.843222e+01
5.320000e-06	1.028522e-06	7.780130e-10	7.164582e+00	4.812641e+01
5.330000e-06	9.829466e-07	7.754905e-10	6.847111e+00	4.780196e+01
5.340000e-06	9.373489e-07	7.712024e-10	6.529482e+00	4.745794e+01
5.350000e-06	8.917090e-07	7.653871e-10	6.211559e+00	4.709341e+01
5.360000e-06	8.459895e-07	7.583438e-10	5.893081e+00	4.670748e+01
5.370000e-06	8.002046e-07	7.491878e-10	5.574148e+00	4.629933e+01
5.380000e-06	7.543802e-07	7.416409e-10	5.254939e+00	4.586816e+01
5.390000e-06	7.084984e-07	7.370507e-10	4.935331e+00	4.541323e+01
5.400000e-06	6.625806e-07	7.335983e-10	4.615473e+00	4.493386e+01
5.410000e-06	6.165527e-07	7.286387e-10	4.294846e+00	4.442942e+01
5.420000e-06	5.704142e-07	7.228794e-10	3.973450e+00	4.389931e+01
5.430000e-06	5.242515e-07	7.146418e-10	3.651885e+00	4.334302e+01
5.440000e-06	4.780611e-07	7.040450e-10	3.330128e+00	4.276006e+01
5.450000e-06	4.318312e-07	6.936459e-10	3.008094e+00	4.214999e+01
5.460000e-06	3.855440e-07	6.836984e-10	2.685662e+00	4.151244e+01
5.470000e-06	3.391879e-07	6.728534e-10	2.362750e+00	4.084705e+01
5.480000e-06	2.928003e-07	6.622221e-10	2.039619e+00	4.015351e+01
5.490000e-06	2.464779e-07	6.530975e-10	1.716941e+00	3.943155e+01
5.500000e-06	2.002144e-07	6.433465e-10	1.394674e+00	3.868094e+01
5.510000e-06	1.538729e-07	6.338544e-10	1.071864e+00	3.790147e+01
5.520000e-06	1.074781e-07	6.250319e-10	7.486819e-01	3.709297e+01
5.530000e-06	6.107863e-08	6.123029e-10	4.254679e-01	3.625530e+01
5.540000e-06	1.469192e-08	5.962817e-10	1.023425e-01	3.538835e+01
5.550000e-06	-3.158182e-08	5.811737e-10	-2.199959e-01	3.449204e+01
5.560000e-06	-7.778122e-08	5.684724e-10	-5.418165e-01	3.356634e+01
5.570000e-06	-1.240805e-07	5.541569e-10	-8.643330e-01	3.261124e+01
5.580000e-06	-1.705075e-07	5.380497e-10	-1.187738e+00	3.162680e+01
5.590000e-06	-2.169571e-07	5.234012e-10	-1.511302e+00	3.061309e+01
5.600000e-06	-2.633786e-07	5.093589e-10	-1.834670e+00	2.957027e+01
5.610000e-06	-3.097099e-07	4.928258e-10	-2.157409e+00	2.849855e+01
5.620000e-06	-3.560041e-07	4.740381e-10	-2.479890e+00	2.739820e+01
5.630000e-06	-4.023314e-07	4.532218e-10	-2.802601e+00	2.626957e+01
5.640000e-06	-4.485816e-07	4.322986e-10	-3.124776e+00	2.511309e+01
5.650000e-06	-4.948421e-07	4.112191e-10	-3.447022e+00	2.392930e+01
5.660000e-06	-5.411564e-07	3.903771e-10	-3.769643e+00	2.271880e+01
5.670000e-06	-5.873737e-07	3.711685e-10	-4.091589e+00	2.148232e+01
5.680000e-06	-6.334892e-07	3.489576e-10	-4.412824e+00	2.022069e+01
5.690000e-06	-6.794991e-07	3.245548e-10	-4.733325e+00	1.893485e+01
5.700000e-06	-7.254291e-07	3.011962e-10	-5.053269e+00	1.762587e+01
5.710000e-06	-7.713050e-07	2.792676e-10	-5.372836e+00	1.629492e+01
5.720000e-06	-8.171043e-07	2.581286e-10	-5.691869e+00	1.494330e+01
5.730000e-06	-8.628410e-07	2.359364e-10	-6.010467e+00	1.357243e+01
5.740000e-06	-9.085596e-07	2.131509e-10	-6.328939e+00	1.218383e+01
5.750000e-06	-9.541947e-07	1.902574e-10	-6.646828e+00	1.077917e+01
5.760000e-06	-9.996362e-07	1.658665e-10	-6.963369e+00	9.360171e+00
5.770000e-06	-1.044978e-06	1.409357e-10	-7.279215e+00	7.928699e+00
5.780000e-06	-1.090290e-06	1.151867e-10	-7.594852e+00	6.486687e+00
5.790000e-06	-1.135518e-06	8.936529e-11	-7.909910e+00	5.036149e+00
5.800000e-06	-1.180614e-06	6.336564e-11	-8.224046e+00	3.579166e+00
5.810000e-06	-1.225541e-06	3.929950e-11	-8.536998e+00	2.117870e+00
5.820000e-06	-1.270358e-06	1.701151e-11	-8.849190e+00	6.544314e-01
5.830000e-06	-1.315133e-06	-5.850712e-12	-9.161087e+00	-8.089583e-01
5.840000e-06	-1.359807e-06	-3.022030e-11	-9.472286e+00	-2.270101e+00
5.850000e-06	-1.404391e-06	-5.684233e-11	-9.782850e+00	-3.726810e+00
5.860000e-06	-1.448978e-06	-8.570123e-11	-1.009344e+01	-5.176923e+00
5.870000e-06	-1.493539e-06	-1.134413e-10	-1.040385e+01	-6.618324e+00
5.880000e-06	-1.538008e-06	-1.388401e-10	-1.071362e+01	-8.048954e+00
5.890000e-06	-1.582432e-06	-1.648653e-10	-1.102307e+01	-9.466826e+00
5.900000e-06	-1.626834e-06	-1.901553e-10	-1.133237e+01	-1.087004e+01
5.910000e-06	-1.671154e-06	-2.127472e-10	-1.164109e+01	-1.225681e+01
5.920000e-06	-1.715386e-06	-2.351715e-10	-1.194921e+01	-1.362544e+01
5.930000e-06	-1.759586e-06	-2.580687e-10	-1.225711e+01	-1.497437e+01
5.940000e-06	-1.803748e-06	-2.817806e-10	-1.256474e+01	-1.630217e+01
5.950000e-06	-1.847836e-06	-3.055155e-10	-1.287185e+01	-1.760754e+01
5.960000e-06	-1.891778e-06	-3.287920e-10	-1.317794e+01	-1.888932e+01
5.970000e-06	-1.935549e-06	-3.521265e-10	-1.348285e+01	-2.014650e+01
5.980000e-06	-1.979171e-06	-3.737660e-10	-1.378672e+01	-2.137820e+01
5.990000e-06	-2.022671e-06	-3.960193e-10	-1.408973e+01	-2.258371e+01
6.000000e-06	-2.066037e-06	-4.167265e-10	-1.439181e+01	-2.376242e+01
6.010000e-06	-2.109262e-06	-4.330140e-10	-1.469291e+01	-2.491389e+01
6.020000e-06	-2.152374e-06	-4.489355e-10	-1.499323e+01	-2.603779e+01
6.030000e-06	-2.195309e-06	-4.660874e-10	-1.529231e+01	-2.713391e+01
6.040000e-06	-2.238053e-06	-4.829712e-10	-1.559006e+01	-2.820215e+01
6.050000e-06	-2.280602e-06	-5.016224e-10	-1.588645e+01	-2.924252e+01
6.060000e-06	-2.322952e-06	-5.205045e-10	-1.618146e+01	-3.025511e+01
6.070000e-06	-2.365173e-06	-5.389915e-10	-1.647557e+01	-3.124010e+01
6.080000e-06	-2.407305e-06	-5.577296e-10	-1.676905e+01	-3.219774e+01
6.090000e-06	-2.449289e-06	-5.720586e-10	-1.706151e+01	-3.312833e+01
6.100000e-06	-2.491064e-06	-5.822506e-10	-1.735251e+01	-3.403221e+01
6.110000e-06	-2.532630e-06	-5.920270e-10	-1.764206e+01	-3.490978e+01
6.120000e-06	-2.573987e-06	-6.041098e-10	-1.793014e+01	-3.576145e+01
6.130000e-06	-2.615112e-06	-6.179643e-10	-1.821662e+01	-3.658765e+01
6.140000e-06	-2.656025e-06	-6.321758e-10	-1.850162e+01	-3.738881e+01
6.150000e-06	-2.696804e-06	-6.472680e-10	-1.878567e+01	-3.816538e+01
6.160000e-06	-2.737432e-06	-6.590785e-10	-1.906869e+01	-3.891780e+01
6.170000e-06	-2.777967e-06	-6.684048e-10	-1.935105e+01	-3.964650e+01
6.180000e-06	-2.818435e-06	-6.788882e-10	-1.963294e+01	-4.035190e+01
6.190000e-06	-2.858750e-06	-6.891956e-10	-1.991378e+01	-4.103439e+01
6.200000e-06	-2.898984e-06	-6.980733e-10	-2.019404e+01	-4.169437e+01
6.210000e-06	-2.939105e-06	-7.077976e-10	-2.047352e+01	-4.233222e+01
6.220000e-06	-2.978948e-06	-7.171620e-10	-2.075106e+01	-4.294827e+01
6.230000e-06	-3.018549e-06	-7.246185e-10	-2.102692e+01	-4.354289e+01
6.240000e-06	-3.057998e-06	-7.312594e-10	-2.130172e+01	-4.411640e+01
6.250000e-06	-3.097164e-06	-7.382000e-10	-2.157455e+01	-4.466913e+01
6.260000e-06	-3.135955e-06	-7.477949e-10	-2.184476e+01	-4.520141e+01
6.270000e-06	-3.174294e-06	-7.584512e-10	-2.211183e+01	-4.571354e+01
6.280000e-06	-3.212204e-06	-7.691454e-10	-2.237590e+01	-4.620586e+01
6.290000e-06	-3.249761e-06	-7.809726e-10	-2.263752e+01	-4.667869e+01
6.300000e-06	-3.286908e-06	-7.920538e-10	-2.289629e+01	-4.713239e+01
6.310000e-06	-3.323707e-06	-8.018535e-10	-2.315262e+01	-4.756729e+01
6.320000e-06	-3.360274e-06	-8.101541e-10	-2.340734e+01	-4.798379e+01
6.330000e-06	-3.396709e-06	-8.150187e-10	-2.366115e+01	-4.838226e+01
6.340000e-06	-3.433063e-06	-8.181562e-10	-2.391438e+01	-4.876313e+01
6.350000e-06	-3.469277e-06	-8.230824e-10	-2.416665e+01	-4.912682e+01
6.360000e-06	-3.505341e-06	-8.288865e-10	-2.441787e+01	-4.947380e+01
6.370000e-06	-3.541296e-06	-8.341779e-10	-2.466832e+01	-4.980454e+01
6.380000e-06	-3.577026e-06	-8.409658e-10	-2.491722e+01	-5.011955e+01
6.390000e-06	-3.612453e-06	-8.512418e-10	-2.516400e+01	-5.041935e+01
6.400000e-06	-3.647630e-06	-8.624102e-10	-2.540904e+01	-5.070448e+01
6.410000e-06	-3.682536e-06	-8.700546e-10	-2.565219e+01	-5.097549e+01
6.420000e-06	-3.717159e-06	-8.728196e-10	-2.589337e+01	-5.123295e+01
6.430000e-06	-3.751578e-06	-8.723386e-10	-2.613313e+01	-5.147744e+01
6.440000e-06	-3.785807e-06	-8.707351e-10	-2.637157e+01	-5.170953e+01
6.450000e-06	-3.819747e-06	-8.717011e-10	-2.660799e+01	-5.192981e+01
6.460000e-06	-3.853328e-06	-8.763464e-10	-2.684191e+01	-5.213886e+01
6.470000e-06	-3.886590e-06	-8.845449e-10	-2.707361e+01	-5.233725e+01
6.480000e-06	-3.919611e-06	-8.950311e-10	-2.730363e+01	-5.252554e+01
6.490000e-06	-3.952386e-06	-9.019798e-10	-2.753194e+01	-5.270430e+01
6.500000e-06	-3.984920e-06	-9.039243e-10	-2.775857e+01	-5.287404e+01
6.510000e-06	-4.017258e-06	-9.027922e-10	-2.798383e+01	-5.303531e+01
6.520000e-06	-4.049430e-06	-8.998702e-10	-2.820794e+01	-5.318860e+01
6.530000e-06	-4.081442e-06	-8.965551e-10	-2.843093e+01	-5.333440e+01
6.540000e-06	-4.113168e-06	-8.983526e-10	-2.865193e+01	-5.347316e+01
6.550000e-06	-4.144434e-06	-9.040736e-10	-2.886973e+01	-5.360533e+01
6.560000e-06	-4.175221e-06	-9.100664e-10	-2.908418e+01	-5.373134e+01
6.570000e-06	-4.205509e-06	-9.144509e-10	-2.929517e+01	-5.385159e+01
6.580000e-06	-4.235241e-06	-9.181580e-10	-2.950228e+01	-5.396646e+01
6.590000e-06	-4.264461e-06	-9.209721e-10	-2.970582e+01	-5.407632e+01
6.600000e-06	-4.293313e-06	-9.224210e-10	-2.990680e+01	-5.418154e+01
6.610000e-06	-4.321911e-06	-9.221466e-10	-3.010601e+01	-5.428244e+01
6.620000e-06	-4.350330e-06	-9.217700e-10	-3.030398e+01	-5.437936e+01
6.630000e-06	-4.378627e-06	-9.225450e-10	-3.050109e+01	-5.447262e+01
6.640000e-06	-4.406754e-06	-9.235093e-10	-3.069702e+01	-5.456253e+01
6.650000e-06	-4.434595e-06	-9.225763e-10	-3.089096e+01	-5.464939e+01
6.660000e-06	-4.462088e-06	-9.220948e-10	-3.108247e+01	-5.473348e+01
6.670000e-06	-4.489322e-06	-9.214303e-10	-3.127219e+01	-5.481511e+01
6.680000e-06	-4.516291e-06	-9.216880e-10	-3.146005e+01	-5.489454e+01
6.690000e-06	-4.542858e-06	-9.225849e-10	-3.164511e+01	-5.497204e+01
6.700000e-06	-4.569111e-06	-9.205311e-10	-3.182798e+01	-5.504788e+01
6.710000e-06	-4.595101e-06	-9.197285e-10	-3.200903e+01	-5.512228e+01
6.720000e-06	-4.620726e-06	-9.190097e-10	-3.218753e+01	-5.519550e+01
6.730000e-06	-4.645923e-06	-9.183003e-10	-3.236305e+01	-5.526772e+01
6.740000e-06	-4.670797e-06	-9.157148e-10	-3.253632e+01	-5.533915e+01
6.750000e-06	-4.695427e-06	-9.133308e-10	-3.270789e+01	-5.540994e+01
6.760000e-06	-4.719813e-06	-9.138215e-10	-3.287776e+01	-5.548022e+01
6.770000e-06	-4.744026e-06	-9.126264e-10	-3.304643e+01	-5.555010e+01
6.780000e-06	-4.768069e-06	-9.123218e-10	-3.321391e+01	-5.561963e+01
6.790000e-06	-4.791789e-06	-9.133948e-10	-3.337914e+01	-5.568883e+01
6.800000e-06	-4.815002e-06	-9.140296e-10	-3.354084e+01	-5.575768e+01
6.810000e-06	-4.837645e-06	-9.121257e-10	-3.369857e+01	-5.582612e+01
6.820000e-06	-4.859721e-06	-9.085448e-10	-3.385234e+01	-5.589402e+01
6.830000e-06	-4.881267e-06	-9.068634e-10	-3.400243e+01	-5.596121e+01
6.840000e-06	-4.902337e-06	-9.054178e-10	-3.414921e+01	-5.602749e+01
6.850000e-06	-4.923062e-06	-9.058936e-10	-3.429358e+01	-5.609260e+01
6.860000e-06	-4.943527e-06	-9.060083e-10	-3.443613e+01	-5.615622e+01
6.870000e-06	-4.963811e-06	-9.080711e-10	-3.457742e+01	-5.621801e+01
6.880000e-06	-4.983922e-06	-9.109156e-10	-3.471752e+01	-5.627760e+01
6.890000e-06	-5.003677e-06	-9.119993e-10	-3.485513e+01	-5.633455e+01
6.900000e-06	-5.023041e-06	-9.111800e-10	-3.499002e+01	-5.638845e+01
6.910000e-06	-5.042064e-06	-9.088267e-10	-3.512253e+01	-5.643884e+01
6.920000e-06	-5.060697e-06	-9.067484e-10	-3.525233e+01	-5.648527e+01
6.930000e-06	-5.079056e-06	-9.069255e-10	-3.538021e+01	-5.652728e+01
6.940000e-06	-5.097166e-06	-9.088460e-10	-3.550636e+01	-5.656443e+01
6.950000e-06	-5.114915e-06	-9.092115e-10	-3.563000e+01	-5.659632e+01
6.960000e-06	-5.132307e-06	-9.070973e-10	-3.575116e+01	-5.662258e+01
6.970000e-06	-5.149356e-06	-9.052935e-10	-3.586991e+01	-5.664286e+01
6.980000e-06	-5.166057e-06	-9.053882e-10	-3.598626e+01	-5.665691e+01
6.990000e-06	-5.182492e-06	-9.064481e-10	-3.610074e+01	-5.666453e+01
7.000000e-06	-5.198686e-06	-9.045668e-10	-3.621354e+01	-5.666559e+01
7.010000e-06	-5.214589e-06	-9.005406e-10	-3.632432e+01	-5.666004e+01
7.020000e-06	-5.230072e-06	-8.992410e-10	-3.643218e+01	-5.664795e+01
7.030000e-06	-5.244951e-06	-9.001825e-10	-3.653582e+01	-5.662945e+01
7.040000e-06	-5.259124e-06	-8.994711e-10	-3.663455e+01	-5.660481e+01
7.050000e-06	-5.272646e-06	-8.970582e-10	-3.672874e+01	-5.657436e+01
7.060000e-06	-5.285704e-06	-8.962405e-10	-3.681970e+01	-5.653856e+01
7.070000e-06	-5.298365e-06	-8.949136e-10	-3.690790e+01	-5.649796e+01
7.080000e-06	-5.310682e-06	-8.935978e-10	-3.699370e+01	-5.645319e+01
7.090000e-06	-5.322693e-06	-8.936425e-10	-3.707737e+01	-5.640498e+01
7.100000e-06	-5.334299e-06	-8.942715e-10	-3.715821e+01	-5.635414e+01
7.110000e-06	-5.345508e-06	-8.931651e-10	-3.723629e+01	-5.630153e+01
7.120000e-06	-5.356376e-06	-8.917799e-10	-3.731200e+01	-5.624807e+01
7.130000e-06	-5.366893e-06	-8.924409e-10	-3.738526e+01	-5.619473e+01
7.140000e-06	-5.377048e-06	-8.925074e-10	-3.745600e+01	-5.614249e+01
7.150000e-06	-5.386760e-06	-8.903792e-10	-3.752365e+01	-5.609233e+01
7.160000e-06	-5.396022e-06	-8.878544e-10	-3.758817e+01	-5.604523e+01
7.170000e-06	-5.404928e-06	-8.860057e-10	-3.765020e+01	-5.600214e+01
7.180000e-06	-5.413582e-06	-8.857833e-10	-3.771049e+01	-5.596396e+01
7.190000e-06	-5.422034e-06	-8.864764e-10	-3.776937e+01	-5.593152e+01
7.200000e-06	-5.430224e-06	-8.870940e-10	-3.782641e+01	-5.590557e+01
7.210000e-06	-5.438087e-06	-8.869157e-10	-3.788119e+01	-5.588677e+01
7.220000e-06	-5.445542e-06	-8.858609e-10	-3.793312e+01	-5.587566e+01
7.230000e-06	-5.452455e-06	-8.832890e-10	-3.798128e+01	-5.587264e+01
7.240000e-06	-5.458724e-06	-8.809875e-10	-3.802495e+01	-5.587800e+01
7.250000e-06	-5.464329e-06	-8.810270e-10	-3.806399e+01	-5.589188e+01
7.260000e-06	-5.469422e-06	-8.813603e-10	-3.809946e+01	-5.591425e+01
7.270000e-06	-5.474166e-06	-8.815498e-10	-3.813251e+01	-5.594494e+01
7.280000e-06	-5.478675e-06	-8.816692e-10	-3.816392e+01	-5.598363e+01
7.290000e-06	-5.482955e-06	-8.800545e-10	-3.819374e+01	-5.602983e+01
7.300000e-06	-5.486964e-06	-8.789378e-10	-3.822166e+01	-5.608292e+01
7.310000e-06	-5.490578e-06	-8.782619e-10	-3.824684e+01	-5.614214e+01
7.320000e-06	-5.493698e-06	-8.776874e-10	-3.826857e+01	-5.620659e+01
7.330000e-06	-5.496458e-06	-8.782535e-10	-3.828780e+01	-5.627526e+01
7.340000e-06	-5.498956e-06	-8.768329e-10	-3.830519e+01	-5.634704e+01
7.350000e-06	-5.501191e-06	-8.706384e-10	-3.832077e+01	-5.642075e+01
7.360000e-06	-5.503068e-06	-8.646647e-10	-3.833384e+01	-5.649514e+01
7.370000e-06	-5.504454e-06	-8.618335e-10	-3.834350e+01	-5.656891e+01
7.380000e-06	-5.505443e-06	-8.587207e-10	-3.835038e+01	-5.664074e+01
7.390000e-06	-5.506181e-06	-8.579371e-10	-3.835552e+01	-5.670934e+01
7.400000e-06	-5.506661e-06	-8.608496e-10	-3.835887e+01	-5.677340e+01
