# Temperatura_=_11.55
# Concentracion g/m^3_=_1620.0
# C_Vs_to_Am_M_A/Vsm_=_65563218390.804596
# pendiente_HvsI_1/m_=_3716.3
# ordenada_HvsI_A/m_=_1297.0
# frecuencia_Hz_=_135102.7088795056

Tiempo_(s)	Campo_(V.s)	Magnetizacion_(V.s)	Campo_(kA/m)	Magnetizacion_(A/m)
0.000000e+00	-5.530307e-06	-1.391999e-09	-3.836084e+01	-9.411103e+01
1.000000e-08	-5.530549e-06	-1.389214e-09	-3.836252e+01	-9.409397e+01
2.000000e-08	-5.530600e-06	-1.387291e-09	-3.836287e+01	-9.407607e+01
3.000000e-08	-5.530390e-06	-1.387079e-09	-3.836142e+01	-9.405747e+01
4.000000e-08	-5.529772e-06	-1.387950e-09	-3.835713e+01	-9.403824e+01
5.000000e-08	-5.528655e-06	-1.385920e-09	-3.834938e+01	-9.401847e+01
6.000000e-08	-5.526963e-06	-1.379444e-09	-3.833765e+01	-9.399821e+01
7.000000e-08	-5.524611e-06	-1.369883e-09	-3.832133e+01	-9.397746e+01
8.000000e-08	-5.521651e-06	-1.370258e-09	-3.830080e+01	-9.395620e+01
9.000000e-08	-5.518175e-06	-1.397556e-09	-3.827669e+01	-9.393437e+01
1.000000e-07	-5.514242e-06	-1.425806e-09	-3.824941e+01	-9.391188e+01
1.100000e-07	-5.509894e-06	-1.416536e-09	-3.821925e+01	-9.388855e+01
1.200000e-07	-5.505269e-06	-1.383224e-09	-3.818716e+01	-9.386421e+01
1.300000e-07	-5.500553e-06	-1.321336e-09	-3.815446e+01	-9.383859e+01
1.400000e-07	-5.495604e-06	-1.362609e-09	-3.812013e+01	-9.381140e+01
1.500000e-07	-5.490177e-06	-1.388541e-09	-3.808248e+01	-9.378231e+01
1.600000e-07	-5.484340e-06	-1.388849e-09	-3.804199e+01	-9.375094e+01
1.700000e-07	-5.478188e-06	-1.362681e-09	-3.799932e+01	-9.371686e+01
1.800000e-07	-5.471657e-06	-1.371591e-09	-3.795402e+01	-9.367963e+01
1.900000e-07	-5.464674e-06	-1.446517e-09	-3.790558e+01	-9.363876e+01
2.000000e-07	-5.457272e-06	-1.420611e-09	-3.785424e+01	-9.359376e+01
2.100000e-07	-5.449582e-06	-1.383379e-09	-3.780090e+01	-9.354411e+01
2.200000e-07	-5.441694e-06	-1.358357e-09	-3.774618e+01	-9.348931e+01
2.300000e-07	-5.433587e-06	-1.422862e-09	-3.768995e+01	-9.342884e+01
2.400000e-07	-5.425111e-06	-1.425635e-09	-3.763116e+01	-9.336222e+01
2.500000e-07	-5.416130e-06	-1.414068e-09	-3.756886e+01	-9.328897e+01
2.600000e-07	-5.406510e-06	-1.389495e-09	-3.750213e+01	-9.320866e+01
2.700000e-07	-5.396217e-06	-1.407698e-09	-3.743073e+01	-9.312091e+01
2.800000e-07	-5.385296e-06	-1.378998e-09	-3.735498e+01	-9.302536e+01
2.900000e-07	-5.373917e-06	-1.366700e-09	-3.727605e+01	-9.292175e+01
3.000000e-07	-5.362184e-06	-1.372532e-09	-3.719466e+01	-9.280985e+01
3.100000e-07	-5.350017e-06	-1.390853e-09	-3.711026e+01	-9.268954e+01
3.200000e-07	-5.337456e-06	-1.386126e-09	-3.702314e+01	-9.256073e+01
3.300000e-07	-5.324538e-06	-1.382619e-09	-3.693353e+01	-9.242345e+01
3.400000e-07	-5.311198e-06	-1.385253e-09	-3.684100e+01	-9.227779e+01
3.500000e-07	-5.297472e-06	-1.365217e-09	-3.674579e+01	-9.212395e+01
3.600000e-07	-5.283410e-06	-1.361075e-09	-3.664825e+01	-9.196217e+01
3.700000e-07	-5.268990e-06	-1.359971e-09	-3.654823e+01	-9.179281e+01
3.800000e-07	-5.254024e-06	-1.362262e-09	-3.644441e+01	-9.161629e+01
3.900000e-07	-5.238378e-06	-1.359520e-09	-3.633589e+01	-9.143309e+01
4.000000e-07	-5.222128e-06	-1.371738e-09	-3.622317e+01	-9.124377e+01
4.100000e-07	-5.205387e-06	-1.350964e-09	-3.610704e+01	-9.104893e+01
4.200000e-07	-5.188376e-06	-1.347797e-09	-3.598904e+01	-9.084923e+01
4.300000e-07	-5.171131e-06	-1.352987e-09	-3.586943e+01	-9.064536e+01
4.400000e-07	-5.153586e-06	-1.353208e-09	-3.574772e+01	-9.043803e+01
4.500000e-07	-5.135694e-06	-1.328123e-09	-3.562362e+01	-9.022798e+01
4.600000e-07	-5.117388e-06	-1.357949e-09	-3.549664e+01	-9.001592e+01
4.700000e-07	-5.098605e-06	-1.347254e-09	-3.536635e+01	-8.980258e+01
4.800000e-07	-5.079434e-06	-1.311489e-09	-3.523338e+01	-8.958867e+01
4.900000e-07	-5.059970e-06	-1.314785e-09	-3.509836e+01	-8.937483e+01
5.000000e-07	-5.040254e-06	-1.361108e-09	-3.496160e+01	-8.916171e+01
5.100000e-07	-5.020357e-06	-1.322536e-09	-3.482358e+01	-8.894985e+01
5.200000e-07	-5.000218e-06	-1.306041e-09	-3.468389e+01	-8.873977e+01
5.300000e-07	-4.979730e-06	-1.341043e-09	-3.454178e+01	-8.853190e+01
5.400000e-07	-4.958898e-06	-1.343029e-09	-3.439728e+01	-8.832659e+01
5.500000e-07	-4.937735e-06	-1.297572e-09	-3.425048e+01	-8.812413e+01
5.600000e-07	-4.916243e-06	-1.317343e-09	-3.410140e+01	-8.792470e+01
5.700000e-07	-4.894407e-06	-1.317516e-09	-3.394993e+01	-8.772839e+01
5.800000e-07	-4.872177e-06	-1.277407e-09	-3.379574e+01	-8.753523e+01
5.900000e-07	-4.849631e-06	-1.291258e-09	-3.363935e+01	-8.734514e+01
6.000000e-07	-4.826683e-06	-1.330600e-09	-3.348017e+01	-8.715796e+01
6.100000e-07	-4.803350e-06	-1.299429e-09	-3.331832e+01	-8.697345e+01
6.200000e-07	-4.779824e-06	-1.280588e-09	-3.315513e+01	-8.679131e+01
6.300000e-07	-4.756070e-06	-1.304427e-09	-3.299037e+01	-8.661115e+01
6.400000e-07	-4.732062e-06	-1.284732e-09	-3.282384e+01	-8.643255e+01
6.500000e-07	-4.707727e-06	-1.259086e-09	-3.265503e+01	-8.625500e+01
6.600000e-07	-4.683039e-06	-1.278278e-09	-3.248379e+01	-8.607799e+01
6.700000e-07	-4.658006e-06	-1.286916e-09	-3.231014e+01	-8.590096e+01
6.800000e-07	-4.632519e-06	-1.264347e-09	-3.213335e+01	-8.572332e+01
6.900000e-07	-4.606418e-06	-1.278077e-09	-3.195231e+01	-8.554450e+01
7.000000e-07	-4.579712e-06	-1.286956e-09	-3.176706e+01	-8.536391e+01
7.100000e-07	-4.552590e-06	-1.267457e-09	-3.157893e+01	-8.518097e+01
7.200000e-07	-4.525125e-06	-1.247895e-09	-3.138842e+01	-8.499513e+01
7.300000e-07	-4.497433e-06	-1.256350e-09	-3.119634e+01	-8.480586e+01
7.400000e-07	-4.469633e-06	-1.248564e-09	-3.100350e+01	-8.461269e+01
7.500000e-07	-4.441628e-06	-1.246560e-09	-3.080925e+01	-8.441517e+01
7.600000e-07	-4.413287e-06	-1.249263e-09	-3.061266e+01	-8.421291e+01
7.700000e-07	-4.384702e-06	-1.249547e-09	-3.041438e+01	-8.400556e+01
7.800000e-07	-4.355895e-06	-1.230673e-09	-3.021456e+01	-8.379286e+01
7.900000e-07	-4.326777e-06	-1.227146e-09	-3.001259e+01	-8.357459e+01
8.000000e-07	-4.297329e-06	-1.224328e-09	-2.980832e+01	-8.335057e+01
8.100000e-07	-4.267470e-06	-1.220539e-09	-2.960120e+01	-8.312073e+01
8.200000e-07	-4.237297e-06	-1.215553e-09	-2.939191e+01	-8.288500e+01
8.300000e-07	-4.206949e-06	-1.222737e-09	-2.918140e+01	-8.264341e+01
8.400000e-07	-4.176358e-06	-1.218755e-09	-2.896921e+01	-8.239602e+01
8.500000e-07	-4.145431e-06	-1.213349e-09	-2.875469e+01	-8.214295e+01
8.600000e-07	-4.114159e-06	-1.208446e-09	-2.853777e+01	-8.188433e+01
8.700000e-07	-4.082611e-06	-1.200538e-09	-2.831893e+01	-8.162035e+01
8.800000e-07	-4.050924e-06	-1.188922e-09	-2.809914e+01	-8.135122e+01
8.900000e-07	-4.019142e-06	-1.188565e-09	-2.787868e+01	-8.107718e+01
9.000000e-07	-3.987105e-06	-1.190174e-09	-2.765646e+01	-8.079846e+01
9.100000e-07	-3.954744e-06	-1.186541e-09	-2.743199e+01	-8.051531e+01
9.200000e-07	-3.922135e-06	-1.185410e-09	-2.720580e+01	-8.022798e+01
9.300000e-07	-3.889231e-06	-1.181771e-09	-2.697756e+01	-7.993670e+01
9.400000e-07	-3.855895e-06	-1.172224e-09	-2.674632e+01	-7.964171e+01
9.500000e-07	-3.822094e-06	-1.164785e-09	-2.651186e+01	-7.934320e+01
9.600000e-07	-3.787796e-06	-1.162888e-09	-2.627396e+01	-7.904137e+01
9.700000e-07	-3.753010e-06	-1.151732e-09	-2.603267e+01	-7.873637e+01
9.800000e-07	-3.717886e-06	-1.143296e-09	-2.578903e+01	-7.842832e+01
9.900000e-07	-3.682462e-06	-1.139339e-09	-2.554331e+01	-7.811733e+01
1.000000e-06	-3.646830e-06	-1.136107e-09	-2.529615e+01	-7.780347e+01
1.010000e-06	-3.611068e-06	-1.128030e-09	-2.504809e+01	-7.748675e+01
1.020000e-06	-3.575135e-06	-1.128562e-09	-2.479884e+01	-7.716719e+01
1.030000e-06	-3.539086e-06	-1.126375e-09	-2.454878e+01	-7.684475e+01
1.040000e-06	-3.502917e-06	-1.121672e-09	-2.429790e+01	-7.651939e+01
1.050000e-06	-3.466525e-06	-1.113265e-09	-2.404547e+01	-7.619101e+01
1.060000e-06	-3.429759e-06	-1.108811e-09	-2.379044e+01	-7.585953e+01
1.070000e-06	-3.392634e-06	-1.099008e-09	-2.353293e+01	-7.552481e+01
1.080000e-06	-3.355318e-06	-1.093112e-09	-2.327408e+01	-7.518673e+01
1.090000e-06	-3.317770e-06	-1.093215e-09	-2.301363e+01	-7.484515e+01
1.100000e-06	-3.279979e-06	-1.095219e-09	-2.275149e+01	-7.449992e+01
1.110000e-06	-3.241980e-06	-1.089730e-09	-2.248792e+01	-7.415089e+01
1.120000e-06	-3.203765e-06	-1.086426e-09	-2.222284e+01	-7.379792e+01
1.130000e-06	-3.165318e-06	-1.078948e-09	-2.195615e+01	-7.344087e+01
1.140000e-06	-3.126624e-06	-1.066434e-09	-2.168776e+01	-7.307962e+01
1.150000e-06	-3.087736e-06	-1.055158e-09	-2.141800e+01	-7.271404e+01
1.160000e-06	-3.048718e-06	-1.048236e-09	-2.114736e+01	-7.234403e+01
1.170000e-06	-3.009484e-06	-1.039864e-09	-2.087522e+01	-7.196951e+01
1.180000e-06	-2.970033e-06	-1.034187e-09	-2.060156e+01	-7.159039e+01
1.190000e-06	-2.930481e-06	-1.035477e-09	-2.032721e+01	-7.120663e+01
1.200000e-06	-2.890775e-06	-1.035265e-09	-2.005179e+01	-7.081817e+01
1.210000e-06	-2.850969e-06	-1.027351e-09	-1.977568e+01	-7.042499e+01
1.220000e-06	-2.811037e-06	-1.015543e-09	-1.949869e+01	-7.002706e+01
1.230000e-06	-2.770913e-06	-1.005249e-09	-1.922037e+01	-6.962437e+01
1.240000e-06	-2.730642e-06	-9.955635e-10	-1.894103e+01	-6.921692e+01
1.250000e-06	-2.690193e-06	-9.911223e-10	-1.866046e+01	-6.880471e+01
1.260000e-06	-2.649480e-06	-9.910756e-10	-1.837805e+01	-6.838773e+01
1.270000e-06	-2.608481e-06	-9.907604e-10	-1.809367e+01	-6.796597e+01
1.280000e-06	-2.567275e-06	-9.866627e-10	-1.780784e+01	-6.753942e+01
1.290000e-06	-2.525754e-06	-9.808594e-10	-1.751983e+01	-6.710804e+01
1.300000e-06	-2.483814e-06	-9.697180e-10	-1.722892e+01	-6.667181e+01
1.310000e-06	-2.441663e-06	-9.558208e-10	-1.693654e+01	-6.623065e+01
1.320000e-06	-2.399335e-06	-9.438326e-10	-1.664293e+01	-6.578449e+01
1.330000e-06	-2.356753e-06	-9.372965e-10	-1.634756e+01	-6.533323e+01
1.340000e-06	-2.313975e-06	-9.316808e-10	-1.605084e+01	-6.487672e+01
1.350000e-06	-2.270873e-06	-9.291276e-10	-1.575186e+01	-6.441482e+01
1.360000e-06	-2.227528e-06	-9.251505e-10	-1.545119e+01	-6.394735e+01
1.370000e-06	-2.184093e-06	-9.146955e-10	-1.514991e+01	-6.347408e+01
1.380000e-06	-2.140477e-06	-9.002385e-10	-1.484737e+01	-6.299478e+01
1.390000e-06	-2.096716e-06	-8.892238e-10	-1.454382e+01	-6.250919e+01
1.400000e-06	-2.052877e-06	-8.820852e-10	-1.423973e+01	-6.201699e+01
1.410000e-06	-2.008958e-06	-8.774019e-10	-1.393509e+01	-6.151788e+01
1.420000e-06	-1.964945e-06	-8.714541e-10	-1.362980e+01	-6.101150e+01
1.430000e-06	-1.920848e-06	-8.662833e-10	-1.332391e+01	-6.049749e+01
1.440000e-06	-1.876693e-06	-8.592103e-10	-1.301764e+01	-5.997545e+01
1.450000e-06	-1.832419e-06	-8.503797e-10	-1.271053e+01	-5.944498e+01
1.460000e-06	-1.788070e-06	-8.383269e-10	-1.240291e+01	-5.890565e+01
1.470000e-06	-1.743691e-06	-8.250362e-10	-1.209507e+01	-5.835701e+01
1.480000e-06	-1.699157e-06	-8.119878e-10	-1.178616e+01	-5.779862e+01
1.490000e-06	-1.654401e-06	-8.023734e-10	-1.147571e+01	-5.723000e+01
1.500000e-06	-1.609493e-06	-7.944232e-10	-1.116421e+01	-5.665068e+01
1.510000e-06	-1.564509e-06	-7.855712e-10	-1.085218e+01	-5.606016e+01
1.520000e-06	-1.519397e-06	-7.770354e-10	-1.053926e+01	-5.545795e+01
1.530000e-06	-1.474156e-06	-7.677372e-10	-1.022545e+01	-5.484352e+01
1.540000e-06	-1.428836e-06	-7.572746e-10	-9.911088e+00	-5.421637e+01
1.550000e-06	-1.383384e-06	-7.453924e-10	-9.595813e+00	-5.357594e+01
1.560000e-06	-1.337792e-06	-7.340679e-10	-9.279561e+00	-5.292170e+01
1.570000e-06	-1.292127e-06	-7.215663e-10	-8.962811e+00	-5.225307e+01
1.580000e-06	-1.246388e-06	-7.091868e-10	-8.645542e+00	-5.156948e+01
1.590000e-06	-1.200562e-06	-6.997625e-10	-8.327672e+00	-5.087031e+01
1.600000e-06	-1.154723e-06	-6.928400e-10	-8.009710e+00	-5.015495e+01
1.610000e-06	-1.108849e-06	-6.835256e-10	-7.691503e+00	-4.942274e+01
1.620000e-06	-1.062804e-06	-6.717632e-10	-7.372113e+00	-4.867301e+01
1.630000e-06	-1.016641e-06	-6.603951e-10	-7.051905e+00	-4.790505e+01
1.640000e-06	-9.704547e-07	-6.493109e-10	-6.731536e+00	-4.711814e+01
1.650000e-06	-9.242418e-07	-6.372994e-10	-6.410981e+00	-4.631150e+01
1.660000e-06	-8.779773e-07	-6.263868e-10	-6.090069e+00	-4.548435e+01
1.670000e-06	-8.316635e-07	-6.149696e-10	-5.768814e+00	-4.463586e+01
1.680000e-06	-7.852954e-07	-6.013398e-10	-5.447183e+00	-4.376520e+01
1.690000e-06	-7.388486e-07	-5.853877e-10	-5.125006e+00	-4.287148e+01
1.700000e-06	-6.923502e-07	-5.695659e-10	-4.802471e+00	-4.195382e+01
1.710000e-06	-6.457569e-07	-5.540158e-10	-4.479277e+00	-4.101131e+01
1.720000e-06	-5.990977e-07	-5.405293e-10	-4.155627e+00	-4.004303e+01
1.730000e-06	-5.524580e-07	-5.283104e-10	-3.832112e+00	-3.904807e+01
1.740000e-06	-5.057346e-07	-5.150925e-10	-3.508016e+00	-3.802549e+01
1.750000e-06	-4.589556e-07	-4.989403e-10	-3.183534e+00	-3.697441e+01
1.760000e-06	-4.122381e-07	-4.798855e-10	-2.859480e+00	-3.589395e+01
1.770000e-06	-3.654566e-07	-4.600772e-10	-2.534981e+00	-3.478326e+01
1.780000e-06	-3.185550e-07	-4.407892e-10	-2.209649e+00	-3.364156e+01
1.790000e-06	-2.716768e-07	-4.226433e-10	-1.884480e+00	-3.246810e+01
1.800000e-06	-2.248435e-07	-4.063493e-10	-1.559622e+00	-3.126222e+01
1.810000e-06	-1.779275e-07	-3.899600e-10	-1.234190e+00	-3.002333e+01
1.820000e-06	-1.309544e-07	-3.737890e-10	-9.083623e-01	-2.875096e+01
1.830000e-06	-8.400636e-08	-3.581909e-10	-5.827081e-01	-2.744472e+01
1.840000e-06	-3.705305e-08	-3.432832e-10	-2.570176e-01	-2.610435e+01
1.850000e-06	9.857352e-09	-3.256805e-10	6.837529e-02	-2.472972e+01
1.860000e-06	5.670954e-08	-3.048098e-10	3.933644e-01	-2.332086e+01
1.870000e-06	1.035893e-07	-2.797642e-10	7.185447e-01	-2.187792e+01
1.880000e-06	1.505426e-07	-2.523968e-10	1.044235e+00	-2.040123e+01
1.890000e-06	1.975169e-07	-2.297378e-10	1.370071e+00	-1.889127e+01
1.900000e-06	2.444115e-07	-2.135050e-10	1.695355e+00	-1.734871e+01
1.910000e-06	2.912970e-07	-1.994556e-10	2.020575e+00	-1.577437e+01
1.920000e-06	3.382471e-07	-1.832900e-10	2.346243e+00	-1.416925e+01
1.930000e-06	3.851475e-07	-1.624758e-10	2.671566e+00	-1.253454e+01
1.940000e-06	4.320096e-07	-1.358625e-10	2.996624e+00	-1.087158e+01
1.950000e-06	4.788322e-07	-1.058871e-10	3.321408e+00	-9.181893e+00
1.960000e-06	5.255144e-07	-7.632128e-11	3.645218e+00	-7.467147e+00
1.970000e-06	5.721486e-07	-5.254550e-11	3.968695e+00	-5.729171e+00
1.980000e-06	6.187735e-07	-3.310018e-11	4.292108e+00	-3.969937e+00
1.990000e-06	6.653514e-07	-1.682344e-11	4.615194e+00	-2.191543e+00
2.000000e-06	7.118755e-07	4.384602e-12	4.937907e+00	-3.962081e-01
2.010000e-06	7.582792e-07	3.159854e-11	5.259786e+00	1.413747e+00
2.020000e-06	8.046300e-07	6.349088e-11	5.581297e+00	3.235914e+00
2.030000e-06	8.509610e-07	9.618691e-11	5.902670e+00	5.067814e+00
2.040000e-06	8.972375e-07	1.240385e-10	6.223666e+00	6.906913e+00
2.050000e-06	9.434540e-07	1.465770e-10	6.544246e+00	8.750643e+00
2.060000e-06	9.896224e-07	1.691533e-10	6.864492e+00	1.059641e+01
2.070000e-06	1.035701e-06	1.934662e-10	7.184116e+00	1.244164e+01
2.080000e-06	1.081668e-06	2.181892e-10	7.502963e+00	1.428375e+01
2.090000e-06	1.127541e-06	2.458475e-10	7.821158e+00	1.612020e+01
2.100000e-06	1.173364e-06	2.753380e-10	8.139012e+00	1.794851e+01
2.110000e-06	1.219206e-06	3.034723e-10	8.456994e+00	1.976626e+01
2.120000e-06	1.264994e-06	3.301975e-10	8.774600e+00	2.157112e+01
2.130000e-06	1.310626e-06	3.536555e-10	9.091129e+00	2.336082e+01
2.140000e-06	1.356082e-06	3.719985e-10	9.406428e+00	2.513324e+01
2.150000e-06	1.401476e-06	3.900788e-10	9.721302e+00	2.688635e+01
2.160000e-06	1.446851e-06	4.138760e-10	1.003605e+01	2.861826e+01
2.170000e-06	1.492047e-06	4.418201e-10	1.034955e+01	3.032719e+01
2.180000e-06	1.537130e-06	4.698590e-10	1.066227e+01	3.201152e+01
2.190000e-06	1.582215e-06	4.970253e-10	1.097500e+01	3.366977e+01
2.200000e-06	1.627186e-06	5.206104e-10	1.128694e+01	3.530060e+01
2.210000e-06	1.671959e-06	5.395310e-10	1.159750e+01	3.690280e+01
2.220000e-06	1.716506e-06	5.546609e-10	1.190650e+01	3.847535e+01
2.230000e-06	1.760875e-06	5.711014e-10	1.221427e+01	4.001732e+01
2.240000e-06	1.805150e-06	5.898097e-10	1.252138e+01	4.152795e+01
2.250000e-06	1.849360e-06	6.104584e-10	1.282804e+01	4.300662e+01
2.260000e-06	1.893473e-06	6.335436e-10	1.313403e+01	4.445282e+01
2.270000e-06	1.937483e-06	6.576748e-10	1.343930e+01	4.586619e+01
2.280000e-06	1.981437e-06	6.790378e-10	1.374419e+01	4.724647e+01
2.290000e-06	2.025348e-06	6.971772e-10	1.404878e+01	4.859353e+01
2.300000e-06	2.069207e-06	7.119792e-10	1.435301e+01	4.990731e+01
2.310000e-06	2.113012e-06	7.239675e-10	1.465686e+01	5.118788e+01
2.320000e-06	2.156743e-06	7.368267e-10	1.496020e+01	5.243539e+01
2.330000e-06	2.200388e-06	7.532978e-10	1.526294e+01	5.365006e+01
2.340000e-06	2.243900e-06	7.703304e-10	1.556476e+01	5.483219e+01
2.350000e-06	2.287255e-06	7.885428e-10	1.586549e+01	5.598215e+01
2.360000e-06	2.330405e-06	8.069354e-10	1.616480e+01	5.710036e+01
2.370000e-06	2.373240e-06	8.220219e-10	1.646192e+01	5.818729e+01
2.380000e-06	2.415747e-06	8.331138e-10	1.675677e+01	5.924346e+01
2.390000e-06	2.458033e-06	8.431539e-10	1.705008e+01	6.026943e+01
2.400000e-06	2.499998e-06	8.545832e-10	1.734117e+01	6.126580e+01
2.410000e-06	2.541560e-06	8.675799e-10	1.762947e+01	6.223317e+01
2.420000e-06	2.582810e-06	8.847929e-10	1.791560e+01	6.317221e+01
2.430000e-06	2.623734e-06	9.020890e-10	1.819947e+01	6.408356e+01
2.440000e-06	2.664402e-06	9.162374e-10	1.848156e+01	6.496792e+01
2.450000e-06	2.704971e-06	9.270022e-10	1.876296e+01	6.582597e+01
2.460000e-06	2.745377e-06	9.353357e-10	1.904324e+01	6.665842e+01
2.470000e-06	2.785555e-06	9.426596e-10	1.932193e+01	6.746597e+01
2.480000e-06	2.825561e-06	9.521404e-10	1.959944e+01	6.824935e+01
2.490000e-06	2.865427e-06	9.651908e-10	1.987596e+01	6.900926e+01
2.500000e-06	2.905220e-06	9.791288e-10	2.015199e+01	6.974642e+01
2.510000e-06	2.944934e-06	9.916953e-10	2.042747e+01	7.046154e+01
2.520000e-06	2.984551e-06	1.001494e-09	2.070226e+01	7.115534e+01
2.530000e-06	3.023949e-06	1.007563e-09	2.097555e+01	7.182851e+01
2.540000e-06	3.063063e-06	1.013434e-09	2.124686e+01	7.248175e+01
2.550000e-06	3.101946e-06	1.021170e-09	2.151658e+01	7.311573e+01
2.560000e-06	3.140574e-06	1.031053e-09	2.178452e+01	7.373114e+01
2.570000e-06	3.178851e-06	1.042406e-09	2.205002e+01	7.432861e+01
2.580000e-06	3.216968e-06	1.051662e-09	2.231442e+01	7.490879e+01
2.590000e-06	3.255041e-06	1.059171e-09	2.257851e+01	7.547230e+01
2.600000e-06	3.292855e-06	1.065853e-09	2.284081e+01	7.601974e+01
2.610000e-06	3.330381e-06	1.071513e-09	2.310111e+01	7.655168e+01
2.620000e-06	3.367656e-06	1.076949e-09	2.335966e+01	7.706867e+01
2.630000e-06	3.404729e-06	1.083476e-09	2.361682e+01	7.757125e+01
2.640000e-06	3.441584e-06	1.091885e-09	2.387247e+01	7.805992e+01
2.650000e-06	3.478155e-06	1.099892e-09	2.412614e+01	7.853515e+01
2.660000e-06	3.514485e-06	1.107886e-09	2.437814e+01	7.899739e+01
2.670000e-06	3.550651e-06	1.116325e-09	2.462901e+01	7.944706e+01
2.680000e-06	3.586665e-06	1.122673e-09	2.487882e+01	7.988457e+01
2.690000e-06	3.622569e-06	1.127660e-09	2.512786e+01	8.031028e+01
2.700000e-06	3.658359e-06	1.132842e-09	2.537612e+01	8.072455e+01
2.710000e-06	3.694003e-06	1.138274e-09	2.562336e+01	8.112768e+01
2.720000e-06	3.729468e-06	1.145064e-09	2.586936e+01	8.151998e+01
2.730000e-06	3.764562e-06	1.153652e-09	2.611279e+01	8.190175e+01
2.740000e-06	3.799180e-06	1.161120e-09	2.635292e+01	8.227323e+01
2.750000e-06	3.833325e-06	1.169582e-09	2.658977e+01	8.263469e+01
2.760000e-06	3.866946e-06	1.179271e-09	2.682298e+01	8.298636e+01
2.770000e-06	3.900053e-06	1.184356e-09	2.705263e+01	8.332848e+01
2.780000e-06	3.932693e-06	1.184199e-09	2.727903e+01	8.366127e+01
2.790000e-06	3.965000e-06	1.185411e-09	2.750313e+01	8.398496e+01
2.800000e-06	3.997131e-06	1.189569e-09	2.772601e+01	8.429977e+01
2.810000e-06	4.029131e-06	1.195179e-09	2.794797e+01	8.460593e+01
2.820000e-06	4.061004e-06	1.202586e-09	2.816906e+01	8.490367e+01
2.830000e-06	4.092711e-06	1.210684e-09	2.838899e+01	8.519323e+01
2.840000e-06	4.124230e-06	1.216686e-09	2.860762e+01	8.547485e+01
2.850000e-06	4.155502e-06	1.219521e-09	2.882454e+01	8.574881e+01
2.860000e-06	4.186502e-06	1.223359e-09	2.903957e+01	8.601537e+01
2.870000e-06	4.217146e-06	1.229952e-09	2.925213e+01	8.627482e+01
2.880000e-06	4.247406e-06	1.236155e-09	2.946203e+01	8.652743e+01
2.890000e-06	4.277368e-06	1.241333e-09	2.966986e+01	8.677353e+01
2.900000e-06	4.307040e-06	1.246398e-09	2.987568e+01	8.701341e+01
2.910000e-06	4.336387e-06	1.251706e-09	3.007924e+01	8.724741e+01
2.920000e-06	4.365464e-06	1.255036e-09	3.028093e+01	8.747583e+01
2.930000e-06	4.394297e-06	1.254418e-09	3.048094e+01	8.769901e+01
2.940000e-06	4.422792e-06	1.253418e-09	3.067859e+01	8.791727e+01
2.950000e-06	4.451036e-06	1.255167e-09	3.087450e+01	8.813092e+01
2.960000e-06	4.479081e-06	1.259011e-09	3.106904e+01	8.834028e+01
2.970000e-06	4.506949e-06	1.263652e-09	3.126234e+01	8.854564e+01
2.980000e-06	4.534688e-06	1.270069e-09	3.145476e+01	8.874729e+01
2.990000e-06	4.562240e-06	1.276853e-09	3.164587e+01	8.894548e+01
3.000000e-06	4.589457e-06	1.282842e-09	3.183466e+01	8.914045e+01
3.010000e-06	4.616110e-06	1.286263e-09	3.201953e+01	8.933241e+01
3.020000e-06	4.642043e-06	1.286795e-09	3.219942e+01	8.952154e+01
3.030000e-06	4.667387e-06	1.287231e-09	3.237522e+01	8.970799e+01
3.040000e-06	4.692288e-06	1.289041e-09	3.254794e+01	8.989188e+01
3.050000e-06	4.716767e-06	1.292702e-09	3.271774e+01	9.007327e+01
3.060000e-06	4.740965e-06	1.297062e-09	3.288559e+01	9.025222e+01
3.070000e-06	4.764940e-06	1.301366e-09	3.305189e+01	9.042873e+01
3.080000e-06	4.788649e-06	1.306783e-09	3.321635e+01	9.060276e+01
3.090000e-06	4.811993e-06	1.310336e-09	3.337828e+01	9.077427e+01
3.100000e-06	4.834950e-06	1.311205e-09	3.353752e+01	9.094314e+01
3.110000e-06	4.857541e-06	1.313131e-09	3.369422e+01	9.110926e+01
3.120000e-06	4.879785e-06	1.315202e-09	3.384851e+01	9.127247e+01
3.130000e-06	4.901821e-06	1.316053e-09	3.400137e+01	9.143259e+01
3.140000e-06	4.923612e-06	1.317764e-09	3.415252e+01	9.158945e+01
3.150000e-06	4.945055e-06	1.321725e-09	3.430126e+01	9.174282e+01
3.160000e-06	4.966146e-06	1.327778e-09	3.444755e+01	9.189250e+01
3.170000e-06	4.986851e-06	1.333033e-09	3.459118e+01	9.203827e+01
3.180000e-06	5.007158e-06	1.337898e-09	3.473203e+01	9.217992e+01
3.190000e-06	5.027171e-06	1.343419e-09	3.487085e+01	9.231723e+01
3.200000e-06	5.047020e-06	1.346720e-09	3.500853e+01	9.245001e+01
3.210000e-06	5.066738e-06	1.349977e-09	3.514531e+01	9.257808e+01
3.220000e-06	5.086224e-06	1.350824e-09	3.528047e+01	9.270127e+01
3.230000e-06	5.105345e-06	1.351005e-09	3.541310e+01	9.281946e+01
3.240000e-06	5.123952e-06	1.351427e-09	3.554217e+01	9.293254e+01
3.250000e-06	5.141981e-06	1.352970e-09	3.566723e+01	9.304042e+01
3.260000e-06	5.159577e-06	1.356884e-09	3.578928e+01	9.314307e+01
3.270000e-06	5.176905e-06	1.361142e-09	3.590948e+01	9.324047e+01
3.280000e-06	5.193971e-06	1.366250e-09	3.602785e+01	9.333263e+01
3.290000e-06	5.210795e-06	1.369694e-09	3.614456e+01	9.341962e+01
3.300000e-06	5.227285e-06	1.371122e-09	3.625894e+01	9.350152e+01
3.310000e-06	5.243329e-06	1.373277e-09	3.637023e+01	9.357844e+01
3.320000e-06	5.258902e-06	1.377754e-09	3.647825e+01	9.365053e+01
3.330000e-06	5.273886e-06	1.382757e-09	3.658219e+01	9.371796e+01
3.340000e-06	5.288349e-06	1.385703e-09	3.668250e+01	9.378090e+01
3.350000e-06	5.302440e-06	1.388743e-09	3.678025e+01	9.383957e+01
3.360000e-06	5.316203e-06	1.391876e-09	3.687572e+01	9.389419e+01
3.370000e-06	5.329648e-06	1.393923e-09	3.696898e+01	9.394497e+01
3.380000e-06	5.342714e-06	1.396795e-09	3.705961e+01	9.399215e+01
3.390000e-06	5.355381e-06	1.399556e-09	3.714747e+01	9.403595e+01
3.400000e-06	5.367713e-06	1.401916e-09	3.723301e+01	9.407660e+01
3.410000e-06	5.379713e-06	1.403272e-09	3.731625e+01	9.411431e+01
3.420000e-06	5.391326e-06	1.404965e-09	3.739681e+01	9.414929e+01
3.430000e-06	5.402518e-06	1.406134e-09	3.747443e+01	9.418172e+01
3.440000e-06	5.413145e-06	1.408703e-09	3.754815e+01	9.421176e+01
3.450000e-06	5.423095e-06	1.413315e-09	3.761717e+01	9.423956e+01
3.460000e-06	5.432444e-06	1.417981e-09	3.768202e+01	9.426526e+01
3.470000e-06	5.441286e-06	1.422136e-09	3.774335e+01	9.428895e+01
3.480000e-06	5.449661e-06	1.423752e-09	3.780144e+01	9.431071e+01
3.490000e-06	5.457672e-06	1.423521e-09	3.785701e+01	9.433061e+01
3.500000e-06	5.465508e-06	1.422973e-09	3.791137e+01	9.434868e+01
3.510000e-06	5.473094e-06	1.423628e-09	3.796399e+01	9.436495e+01
3.520000e-06	5.480319e-06	1.425021e-09	3.801410e+01	9.437943e+01
3.530000e-06	5.487109e-06	1.426560e-09	3.806120e+01	9.439211e+01
3.540000e-06	5.493392e-06	1.428480e-09	3.810478e+01	9.440297e+01
3.550000e-06	5.499373e-06	1.427945e-09	3.814627e+01	9.441200e+01
3.560000e-06	5.505095e-06	1.424840e-09	3.818596e+01	9.441916e+01
3.570000e-06	5.510406e-06	1.423141e-09	3.822280e+01	9.442445e+01
3.580000e-06	5.515248e-06	1.425253e-09	3.825638e+01	9.442785e+01
3.590000e-06	5.519674e-06	1.429894e-09	3.828708e+01	9.442934e+01
3.600000e-06	5.523840e-06	1.435455e-09	3.831598e+01	9.442892e+01
3.610000e-06	5.527811e-06	1.439879e-09	3.834353e+01	9.442663e+01
3.620000e-06	5.531592e-06	1.441280e-09	3.836975e+01	9.442247e+01
3.630000e-06	5.535078e-06	1.441247e-09	3.839393e+01	9.441650e+01
3.640000e-06	5.538143e-06	1.441624e-09	3.841520e+01	9.440879e+01
3.650000e-06	5.540671e-06	1.441565e-09	3.843273e+01	9.439941e+01
3.660000e-06	5.542524e-06	1.441901e-09	3.844559e+01	9.438846e+01
3.670000e-06	5.543722e-06	1.444834e-09	3.845390e+01	9.437605e+01
3.680000e-06	5.544349e-06	1.448235e-09	3.845825e+01	9.436229e+01
3.690000e-06	5.544571e-06	1.451235e-09	3.845979e+01	9.434731e+01
3.700000e-06	5.544602e-06	1.453202e-09	3.846000e+01	9.433124e+01
3.710000e-06	5.544453e-06	1.453663e-09	3.845896e+01	9.431421e+01
3.720000e-06	5.543999e-06	1.452387e-09	3.845582e+01	9.429635e+01
3.730000e-06	5.543103e-06	1.449066e-09	3.844960e+01	9.427776e+01
3.740000e-06	5.541752e-06	1.447771e-09	3.844023e+01	9.425854e+01
3.750000e-06	5.540007e-06	1.450856e-09	3.842813e+01	9.423878e+01
3.760000e-06	5.537986e-06	1.458122e-09	3.841411e+01	9.421852e+01
3.770000e-06	5.535715e-06	1.468747e-09	3.839836e+01	9.419777e+01
3.780000e-06	5.533012e-06	1.451400e-09	3.837960e+01	9.417652e+01
3.790000e-06	5.529818e-06	1.417713e-09	3.835745e+01	9.415471e+01
3.800000e-06	5.526090e-06	1.416719e-09	3.833159e+01	9.413223e+01
3.810000e-06	5.521913e-06	1.443901e-09	3.830262e+01	9.410895e+01
3.820000e-06	5.517564e-06	1.530611e-09	3.827245e+01	9.408466e+01
3.830000e-06	5.513173e-06	1.535184e-09	3.824200e+01	9.405912e+01
3.840000e-06	5.508457e-06	1.467198e-09	3.820928e+01	9.403204e+01
3.850000e-06	5.502976e-06	1.453006e-09	3.817126e+01	9.400309e+01
3.860000e-06	5.496770e-06	1.433970e-09	3.812821e+01	9.397188e+01
3.870000e-06	5.490277e-06	1.443082e-09	3.808317e+01	9.393801e+01
3.880000e-06	5.483461e-06	1.397589e-09	3.803590e+01	9.390102e+01
3.890000e-06	5.476066e-06	1.425895e-09	3.798460e+01	9.386044e+01
3.900000e-06	5.468270e-06	1.489784e-09	3.793052e+01	9.381576e+01
3.910000e-06	5.460235e-06	1.495769e-09	3.787479e+01	9.376648e+01
3.920000e-06	5.451825e-06	1.407546e-09	3.781645e+01	9.371209e+01
3.930000e-06	5.442953e-06	1.347503e-09	3.775491e+01	9.365208e+01
3.940000e-06	5.433837e-06	1.420280e-09	3.769168e+01	9.358595e+01
3.950000e-06	5.424558e-06	1.453925e-09	3.762732e+01	9.351323e+01
3.960000e-06	5.414852e-06	1.427556e-09	3.755999e+01	9.343349e+01
3.970000e-06	5.404532e-06	1.397639e-09	3.748841e+01	9.334633e+01
3.980000e-06	5.393833e-06	1.461268e-09	3.741420e+01	9.325141e+01
3.990000e-06	5.382870e-06	1.461932e-09	3.733815e+01	9.314844e+01
4.000000e-06	5.371457e-06	1.412404e-09	3.725898e+01	9.303721e+01
4.010000e-06	5.359544e-06	1.396421e-09	3.717635e+01	9.291756e+01
4.020000e-06	5.347297e-06	1.435315e-09	3.709140e+01	9.278942e+01
4.030000e-06	5.334630e-06	1.421451e-09	3.700353e+01	9.265281e+01
4.040000e-06	5.321442e-06	1.416044e-09	3.691206e+01	9.250781e+01
4.050000e-06	5.307810e-06	1.436587e-09	3.681750e+01	9.235460e+01
4.060000e-06	5.293562e-06	1.443695e-09	3.671867e+01	9.219343e+01
4.070000e-06	5.278697e-06	1.402192e-09	3.661556e+01	9.202466e+01
4.080000e-06	5.263333e-06	1.399491e-09	3.650899e+01	9.184867e+01
4.090000e-06	5.247546e-06	1.412850e-09	3.639948e+01	9.166597e+01
4.100000e-06	5.231448e-06	1.416320e-09	3.628781e+01	9.147710e+01
4.110000e-06	5.215012e-06	1.415008e-09	3.617380e+01	9.128266e+01
4.120000e-06	5.198339e-06	1.402897e-09	3.605816e+01	9.108330e+01
4.130000e-06	5.181398e-06	1.392499e-09	3.594064e+01	9.087972e+01
4.140000e-06	5.164082e-06	1.404153e-09	3.582053e+01	9.067261e+01
4.150000e-06	5.146384e-06	1.408995e-09	3.569777e+01	9.046272e+01
4.160000e-06	5.128292e-06	1.357335e-09	3.557227e+01	9.025076e+01
4.170000e-06	5.109826e-06	1.363676e-09	3.544418e+01	9.003747e+01
4.180000e-06	5.091041e-06	1.401539e-09	3.531388e+01	8.982354e+01
4.190000e-06	5.071992e-06	1.375483e-09	3.518175e+01	8.960964e+01
4.200000e-06	5.052582e-06	1.344660e-09	3.504711e+01	8.939639e+01
4.210000e-06	5.032845e-06	1.406989e-09	3.491021e+01	8.918437e+01
4.220000e-06	5.012893e-06	1.385747e-09	3.477181e+01	8.897409e+01
4.230000e-06	4.992737e-06	1.316622e-09	3.463200e+01	8.876598e+01
4.240000e-06	4.972230e-06	1.355663e-09	3.448976e+01	8.856041e+01
4.250000e-06	4.951227e-06	1.404866e-09	3.434406e+01	8.835767e+01
4.260000e-06	4.929760e-06	1.330305e-09	3.419516e+01	8.815794e+01
4.270000e-06	4.907745e-06	1.334343e-09	3.404246e+01	8.796133e+01
4.280000e-06	4.885122e-06	1.392888e-09	3.388553e+01	8.776787e+01
4.290000e-06	4.862026e-06	1.354025e-09	3.372532e+01	8.757749e+01
4.300000e-06	4.838552e-06	1.321404e-09	3.356250e+01	8.739004e+01
4.310000e-06	4.814813e-06	1.379256e-09	3.339783e+01	8.720529e+01
4.320000e-06	4.790853e-06	1.352210e-09	3.323164e+01	8.702292e+01
4.330000e-06	4.766651e-06	1.307981e-09	3.306376e+01	8.684258e+01
4.340000e-06	4.742092e-06	1.350226e-09	3.289341e+01	8.666383e+01
4.350000e-06	4.717192e-06	1.360976e-09	3.272069e+01	8.648617e+01
4.360000e-06	4.691997e-06	1.311861e-09	3.254593e+01	8.630910e+01
4.370000e-06	4.666488e-06	1.325534e-09	3.236898e+01	8.613205e+01
4.380000e-06	4.640666e-06	1.341471e-09	3.218987e+01	8.595445e+01
4.390000e-06	4.614561e-06	1.314864e-09	3.200879e+01	8.577572e+01
4.400000e-06	4.588191e-06	1.320960e-09	3.182588e+01	8.559526e+01
4.410000e-06	4.561409e-06	1.338045e-09	3.164011e+01	8.541249e+01
4.420000e-06	4.534267e-06	1.317421e-09	3.145184e+01	8.522688e+01
4.430000e-06	4.506838e-06	1.302647e-09	3.126157e+01	8.503788e+01
4.440000e-06	4.479155e-06	1.313243e-09	3.106955e+01	8.484502e+01
4.450000e-06	4.451259e-06	1.311310e-09	3.087605e+01	8.464784e+01
4.460000e-06	4.423150e-06	1.302901e-09	3.068107e+01	8.444595e+01
4.470000e-06	4.394847e-06	1.295089e-09	3.048475e+01	8.423900e+01
4.480000e-06	4.366244e-06	1.296773e-09	3.028634e+01	8.402672e+01
4.490000e-06	4.337343e-06	1.293493e-09	3.008588e+01	8.380888e+01
4.500000e-06	4.308081e-06	1.289757e-09	2.988290e+01	8.358531e+01
4.510000e-06	4.278279e-06	1.286380e-09	2.967618e+01	8.335591e+01
4.520000e-06	4.247978e-06	1.286961e-09	2.946600e+01	8.312064e+01
4.530000e-06	4.217134e-06	1.277444e-09	2.925205e+01	8.287950e+01
4.540000e-06	4.185797e-06	1.281953e-09	2.903468e+01	8.263256e+01
4.550000e-06	4.154237e-06	1.282213e-09	2.881576e+01	8.237991e+01
4.560000e-06	4.122447e-06	1.277171e-09	2.859525e+01	8.212171e+01
4.570000e-06	4.090405e-06	1.272322e-09	2.837300e+01	8.185813e+01
4.580000e-06	4.058202e-06	1.272614e-09	2.814962e+01	8.158939e+01
4.590000e-06	4.025840e-06	1.267336e-09	2.792514e+01	8.131571e+01
4.600000e-06	3.993184e-06	1.273560e-09	2.769863e+01	8.103733e+01
4.610000e-06	3.960175e-06	1.275498e-09	2.746966e+01	8.075450e+01
4.620000e-06	3.926943e-06	1.266350e-09	2.723915e+01	8.046747e+01
4.630000e-06	3.893463e-06	1.256536e-09	2.700692e+01	8.017648e+01
4.640000e-06	3.859772e-06	1.252978e-09	2.677322e+01	7.988175e+01
4.650000e-06	3.825844e-06	1.243663e-09	2.653788e+01	7.958349e+01
4.660000e-06	3.791589e-06	1.236443e-09	2.630027e+01	7.928189e+01
4.670000e-06	3.757093e-06	1.234227e-09	2.606098e+01	7.897711e+01
4.680000e-06	3.722347e-06	1.230728e-09	2.581997e+01	7.866928e+01
4.690000e-06	3.687274e-06	1.228391e-09	2.557669e+01	7.835850e+01
4.700000e-06	3.651939e-06	1.231698e-09	2.533159e+01	7.804483e+01
4.710000e-06	3.616420e-06	1.233972e-09	2.508521e+01	7.772832e+01
4.720000e-06	3.580686e-06	1.226343e-09	2.483735e+01	7.740896e+01
4.730000e-06	3.544736e-06	1.220125e-09	2.458798e+01	7.708672e+01
4.740000e-06	3.508611e-06	1.217478e-09	2.433740e+01	7.676157e+01
4.750000e-06	3.472395e-06	1.212537e-09	2.408618e+01	7.643341e+01
4.760000e-06	3.436053e-06	1.202446e-09	2.383410e+01	7.610215e+01
4.770000e-06	3.399368e-06	1.198522e-09	2.357964e+01	7.576767e+01
4.780000e-06	3.362308e-06	1.192443e-09	2.332257e+01	7.542984e+01
4.790000e-06	3.324887e-06	1.186780e-09	2.306300e+01	7.508852e+01
4.800000e-06	3.287069e-06	1.184436e-09	2.280068e+01	7.474356e+01
4.810000e-06	3.248900e-06	1.184853e-09	2.253591e+01	7.439481e+01
4.820000e-06	3.210368e-06	1.176737e-09	2.226864e+01	7.404214e+01
4.830000e-06	3.171533e-06	1.170160e-09	2.199926e+01	7.368540e+01
4.840000e-06	3.132420e-06	1.166165e-09	2.172796e+01	7.332447e+01
4.850000e-06	3.093006e-06	1.161323e-09	2.145456e+01	7.295921e+01
4.860000e-06	3.053368e-06	1.153588e-09	2.117962e+01	7.258954e+01
4.870000e-06	3.013600e-06	1.148805e-09	2.090376e+01	7.221536e+01
4.880000e-06	2.973704e-06	1.143671e-09	2.062703e+01	7.183659e+01
4.890000e-06	2.933716e-06	1.140624e-09	2.034965e+01	7.145318e+01
4.900000e-06	2.893626e-06	1.140369e-09	2.007157e+01	7.106508e+01
4.910000e-06	2.853312e-06	1.138504e-09	1.979193e+01	7.067225e+01
4.920000e-06	2.812792e-06	1.129142e-09	1.951086e+01	7.027468e+01
4.930000e-06	2.772128e-06	1.120286e-09	1.922880e+01	6.987235e+01
4.940000e-06	2.731265e-06	1.116460e-09	1.894535e+01	6.946527e+01
4.950000e-06	2.690206e-06	1.111427e-09	1.866055e+01	6.905341e+01
4.960000e-06	2.648989e-06	1.102834e-09	1.837465e+01	6.863679e+01
4.970000e-06	2.607626e-06	1.096626e-09	1.808773e+01	6.821539e+01
4.980000e-06	2.566050e-06	1.093906e-09	1.779935e+01	6.778920e+01
4.990000e-06	2.524278e-06	1.090459e-09	1.750960e+01	6.735820e+01
5.000000e-06	2.482336e-06	1.087047e-09	1.721866e+01	6.692233e+01
5.010000e-06	2.440202e-06	1.081341e-09	1.692640e+01	6.648155e+01
5.020000e-06	2.397906e-06	1.070868e-09	1.663301e+01	6.603578e+01
5.030000e-06	2.355436e-06	1.059882e-09	1.633843e+01	6.558490e+01
5.040000e-06	2.312800e-06	1.055189e-09	1.604268e+01	6.512880e+01
5.050000e-06	2.270011e-06	1.050913e-09	1.574588e+01	6.466732e+01
5.060000e-06	2.227027e-06	1.044365e-09	1.544772e+01	6.420028e+01
5.070000e-06	2.183825e-06	1.037031e-09	1.514805e+01	6.372747e+01
5.080000e-06	2.140399e-06	1.029295e-09	1.484683e+01	6.324865e+01
5.090000e-06	2.096859e-06	1.019632e-09	1.454481e+01	6.276355e+01
5.100000e-06	2.053270e-06	1.012380e-09	1.424245e+01	6.227188e+01
5.110000e-06	2.009583e-06	1.004684e-09	1.393942e+01	6.177332e+01
5.120000e-06	1.965783e-06	9.990369e-10	1.363561e+01	6.126752e+01
5.130000e-06	1.921848e-06	9.949771e-10	1.333085e+01	6.075412e+01
5.140000e-06	1.877814e-06	9.904946e-10	1.302541e+01	6.023273e+01
5.150000e-06	1.833719e-06	9.810419e-10	1.271955e+01	5.970294e+01
5.160000e-06	1.789590e-06	9.685736e-10	1.241345e+01	5.916433e+01
5.170000e-06	1.745396e-06	9.583387e-10	1.210690e+01	5.861645e+01
5.180000e-06	1.701143e-06	9.507404e-10	1.179994e+01	5.805885e+01
5.190000e-06	1.656836e-06	9.457778e-10	1.149260e+01	5.749106e+01
5.200000e-06	1.612447e-06	9.420039e-10	1.118470e+01	5.691261e+01
5.210000e-06	1.567912e-06	9.384084e-10	1.087578e+01	5.632301e+01
5.220000e-06	1.523264e-06	9.304734e-10	1.056609e+01	5.572175e+01
5.230000e-06	1.478574e-06	9.185439e-10	1.025609e+01	5.510833e+01
5.240000e-06	1.433701e-06	9.057488e-10	9.944830e+00	5.448222e+01
5.250000e-06	1.388657e-06	8.910409e-10	9.632387e+00	5.384288e+01
5.260000e-06	1.343532e-06	8.806781e-10	9.319375e+00	5.318978e+01
5.270000e-06	1.298332e-06	8.755240e-10	9.005851e+00	5.252233e+01
5.280000e-06	1.253088e-06	8.701295e-10	8.692016e+00	5.183997e+01
5.290000e-06	1.207684e-06	8.609879e-10	8.377070e+00	5.114209e+01
5.300000e-06	1.162154e-06	8.485412e-10	8.061253e+00	5.042807e+01
5.310000e-06	1.116551e-06	8.363364e-10	7.744926e+00	4.969725e+01
5.320000e-06	1.070818e-06	8.243370e-10	7.427703e+00	4.894897e+01
5.330000e-06	1.025014e-06	8.132676e-10	7.109986e+00	4.818252e+01
5.340000e-06	9.792275e-07	8.040314e-10	6.792388e+00	4.739717e+01
5.350000e-06	9.333072e-07	7.948255e-10	6.473863e+00	4.659217e+01
5.360000e-06	8.873161e-07	7.824712e-10	6.154847e+00	4.576672e+01
5.370000e-06	8.413279e-07	7.683567e-10	5.835851e+00	4.492001e+01
5.380000e-06	7.950797e-07	7.529593e-10	5.515051e+00	4.405119e+01
5.390000e-06	7.487154e-07	7.358724e-10	5.193446e+00	4.315939e+01
5.400000e-06	7.024153e-07	7.205795e-10	4.872287e+00	4.224373e+01
5.410000e-06	6.561200e-07	7.057832e-10	4.551161e+00	4.130328e+01
5.420000e-06	6.097624e-07	6.909884e-10	4.229602e+00	4.033715e+01
5.430000e-06	5.633092e-07	6.762410e-10	3.907381e+00	3.934440e+01
5.440000e-06	5.168527e-07	6.615273e-10	3.585137e+00	3.832413e+01
5.450000e-06	4.704377e-07	6.434279e-10	3.263180e+00	3.727542e+01
5.460000e-06	4.240613e-07	6.207675e-10	2.941491e+00	3.619740e+01
5.470000e-06	3.776931e-07	6.011269e-10	2.619859e+00	3.508923e+01
5.480000e-06	3.312187e-07	5.827469e-10	2.297490e+00	3.395010e+01
5.490000e-06	2.846099e-07	5.651075e-10	1.974189e+00	3.277928e+01
5.500000e-06	2.379733e-07	5.494370e-10	1.650696e+00	3.157608e+01
5.510000e-06	1.913913e-07	5.348339e-10	1.327581e+00	3.033993e+01
5.520000e-06	1.448034e-07	5.173082e-10	1.004425e+00	2.907032e+01
5.530000e-06	9.817081e-08	4.959386e-10	6.809595e-01	2.776688e+01
5.540000e-06	5.157536e-08	4.720863e-10	3.577513e-01	2.642932e+01
5.550000e-06	4.983910e-09	4.456797e-10	3.457077e-02	2.505752e+01
5.560000e-06	-4.155708e-08	4.188555e-10	-2.882597e-01	2.365147e+01
5.570000e-06	-8.803721e-08	3.941588e-10	-6.106680e-01	2.221132e+01
5.580000e-06	-1.345583e-07	3.695473e-10	-9.333604e-01	2.073739e+01
5.590000e-06	-1.810830e-07	3.451166e-10	-1.256078e+00	1.923014e+01
5.600000e-06	-2.276123e-07	3.249432e-10	-1.578827e+00	1.769023e+01
5.610000e-06	-2.741984e-07	3.079431e-10	-1.901970e+00	1.611846e+01
5.620000e-06	-3.208115e-07	2.865498e-10	-2.225302e+00	1.451583e+01
5.630000e-06	-3.673729e-07	2.565974e-10	-2.548273e+00	1.288350e+01
5.640000e-06	-4.137936e-07	2.203820e-10	-2.870269e+00	1.122281e+01
5.650000e-06	-4.601644e-07	1.835366e-10	-3.191919e+00	9.535244e+00
5.660000e-06	-5.065881e-07	1.489569e-10	-3.513936e+00	7.822480e+00
5.670000e-06	-5.529574e-07	1.183364e-10	-3.835576e+00	6.086330e+00
5.680000e-06	-5.992226e-07	9.243177e-11	-4.156493e+00	4.328751e+00
5.690000e-06	-6.454891e-07	6.849066e-11	-4.477419e+00	2.551833e+00
5.700000e-06	-6.918249e-07	4.250386e-11	-4.798827e+00	7.577858e-01
5.710000e-06	-7.380786e-07	1.201318e-11	-5.119665e+00	-1.051079e+00
5.720000e-06	-7.842616e-07	-2.273511e-11	-5.440012e+00	-2.872360e+00
5.730000e-06	-8.304708e-07	-5.955791e-11	-5.760541e+00	-4.703582e+00
5.740000e-06	-8.766474e-07	-9.518350e-11	-6.080844e+00	-6.542216e+00
5.750000e-06	-9.226914e-07	-1.278301e-10	-6.400227e+00	-8.385696e+00
5.760000e-06	-9.685337e-07	-1.561614e-10	-6.718211e+00	-1.023143e+01
5.770000e-06	-1.014302e-06	-1.809804e-10	-7.035684e+00	-1.207684e+01
5.780000e-06	-1.060050e-06	-2.048779e-10	-7.353014e+00	-1.391934e+01
5.790000e-06	-1.105623e-06	-2.326897e-10	-7.669128e+00	-1.575640e+01
5.800000e-06	-1.151029e-06	-2.649043e-10	-7.984085e+00	-1.758552e+01
5.810000e-06	-1.196340e-06	-2.998714e-10	-8.298384e+00	-1.940428e+01
5.820000e-06	-1.241532e-06	-3.331939e-10	-8.611854e+00	-2.121033e+01
5.830000e-06	-1.286656e-06	-3.644802e-10	-8.924858e+00	-2.300142e+01
5.840000e-06	-1.331720e-06	-3.953646e-10	-9.237445e+00	-2.477540e+01
5.850000e-06	-1.376680e-06	-4.227615e-10	-9.549310e+00	-2.653023e+01
5.860000e-06	-1.421536e-06	-4.481747e-10	-9.860452e+00	-2.826400e+01
5.870000e-06	-1.466252e-06	-4.752331e-10	-1.017063e+01	-2.997495e+01
5.880000e-06	-1.510827e-06	-5.047671e-10	-1.047981e+01	-3.166143e+01
5.890000e-06	-1.555302e-06	-5.361525e-10	-1.078832e+01	-3.332195e+01
5.900000e-06	-1.599728e-06	-5.675890e-10	-1.109647e+01	-3.495514e+01
5.910000e-06	-1.644077e-06	-5.965356e-10	-1.140410e+01	-3.655981e+01
5.920000e-06	-1.688318e-06	-6.211033e-10	-1.171098e+01	-3.813490e+01
5.930000e-06	-1.732475e-06	-6.436370e-10	-1.201727e+01	-3.967949e+01
5.940000e-06	-1.776581e-06	-6.667025e-10	-1.232321e+01	-4.119279e+01
5.950000e-06	-1.820631e-06	-6.913375e-10	-1.262876e+01	-4.267418e+01
5.960000e-06	-1.864610e-06	-7.174405e-10	-1.293382e+01	-4.412315e+01
5.970000e-06	-1.908516e-06	-7.459467e-10	-1.323837e+01	-4.553930e+01
5.980000e-06	-1.952356e-06	-7.743631e-10	-1.354247e+01	-4.692239e+01
5.990000e-06	-1.996129e-06	-7.982410e-10	-1.384610e+01	-4.827225e+01
6.000000e-06	-2.039805e-06	-8.180763e-10	-1.414906e+01	-4.958884e+01
6.010000e-06	-2.083392e-06	-8.348239e-10	-1.445140e+01	-5.087221e+01
6.020000e-06	-2.126799e-06	-8.507532e-10	-1.475249e+01	-5.212251e+01
6.030000e-06	-2.170044e-06	-8.695980e-10	-1.505246e+01	-5.333994e+01
6.040000e-06	-2.213156e-06	-8.912528e-10	-1.535150e+01	-5.452481e+01
6.050000e-06	-2.256088e-06	-9.133509e-10	-1.564930e+01	-5.567747e+01
6.060000e-06	-2.298869e-06	-9.327107e-10	-1.594605e+01	-5.679834e+01
6.070000e-06	-2.341425e-06	-9.482973e-10	-1.624124e+01	-5.788789e+01
6.080000e-06	-2.383814e-06	-9.639023e-10	-1.653527e+01	-5.894665e+01
6.090000e-06	-2.426087e-06	-9.792788e-10	-1.682849e+01	-5.997515e+01
6.100000e-06	-2.468160e-06	-9.937807e-10	-1.712033e+01	-6.097400e+01
6.110000e-06	-2.510049e-06	-1.009252e-09	-1.741090e+01	-6.194380e+01
6.120000e-06	-2.551744e-06	-1.025684e-09	-1.770011e+01	-6.288521e+01
6.130000e-06	-2.593216e-06	-1.043133e-09	-1.798778e+01	-6.379888e+01
6.140000e-06	-2.634534e-06	-1.061955e-09	-1.827438e+01	-6.468550e+01
6.150000e-06	-2.675651e-06	-1.080459e-09	-1.855959e+01	-6.554576e+01
6.160000e-06	-2.716483e-06	-1.096144e-09	-1.884282e+01	-6.638035e+01
6.170000e-06	-2.757089e-06	-1.108337e-09	-1.912448e+01	-6.718998e+01
6.180000e-06	-2.797507e-06	-1.117353e-09	-1.940484e+01	-6.797538e+01
6.190000e-06	-2.837799e-06	-1.127961e-09	-1.968433e+01	-6.873726e+01
6.200000e-06	-2.877975e-06	-1.137881e-09	-1.996301e+01	-6.947633e+01
6.210000e-06	-2.918044e-06	-1.147896e-09	-2.024094e+01	-7.019330e+01
6.220000e-06	-2.958054e-06	-1.161508e-09	-2.051847e+01	-7.088888e+01
6.230000e-06	-2.997978e-06	-1.172864e-09	-2.079540e+01	-7.156378e+01
6.240000e-06	-3.037717e-06	-1.181285e-09	-2.107105e+01	-7.221869e+01
6.250000e-06	-3.077265e-06	-1.188409e-09	-2.134538e+01	-7.285429e+01
6.260000e-06	-3.116649e-06	-1.196567e-09	-2.161856e+01	-7.347126e+01
6.270000e-06	-3.155694e-06	-1.204914e-09	-2.188940e+01	-7.407024e+01
6.280000e-06	-3.194352e-06	-1.214142e-09	-2.215755e+01	-7.465187e+01
6.290000e-06	-3.232656e-06	-1.225238e-09	-2.242324e+01	-7.521679e+01
6.300000e-06	-3.270633e-06	-1.237512e-09	-2.268667e+01	-7.576558e+01
6.310000e-06	-3.308263e-06	-1.247012e-09	-2.294768e+01	-7.629883e+01
6.320000e-06	-3.345433e-06	-1.254562e-09	-2.320551e+01	-7.681708e+01
6.330000e-06	-3.382225e-06	-1.262219e-09	-2.346072e+01	-7.732088e+01
6.340000e-06	-3.418728e-06	-1.268671e-09	-2.371392e+01	-7.781072e+01
6.350000e-06	-3.454969e-06	-1.275136e-09	-2.396531e+01	-7.828709e+01
6.360000e-06	-3.491058e-06	-1.283511e-09	-2.421564e+01	-7.875044e+01
6.370000e-06	-3.527023e-06	-1.292257e-09	-2.446511e+01	-7.920118e+01
6.380000e-06	-3.562899e-06	-1.300711e-09	-2.471396e+01	-7.963973e+01
6.390000e-06	-3.598674e-06	-1.308597e-09	-2.496212e+01	-8.006645e+01
6.400000e-06	-3.634189e-06	-1.315184e-09	-2.520846e+01	-8.048169e+01
6.410000e-06	-3.669398e-06	-1.321378e-09	-2.545269e+01	-8.088577e+01
6.420000e-06	-3.704343e-06	-1.329051e-09	-2.569508e+01	-8.127901e+01
6.430000e-06	-3.738985e-06	-1.334824e-09	-2.593538e+01	-8.166167e+01
6.440000e-06	-3.773386e-06	-1.339546e-09	-2.617400e+01	-8.203404e+01
6.450000e-06	-3.807622e-06	-1.347054e-09	-2.641148e+01	-8.239636e+01
6.460000e-06	-3.841596e-06	-1.354483e-09	-2.664714e+01	-8.274888e+01
6.470000e-06	-3.875171e-06	-1.360026e-09	-2.688003e+01	-8.309182e+01
6.480000e-06	-3.908431e-06	-1.363488e-09	-2.711074e+01	-8.342542e+01
6.490000e-06	-3.941413e-06	-1.367802e-09	-2.733952e+01	-8.374990e+01
6.500000e-06	-3.974052e-06	-1.372795e-09	-2.756592e+01	-8.406547e+01
6.510000e-06	-4.006417e-06	-1.376565e-09	-2.779042e+01	-8.437238e+01
6.520000e-06	-4.038584e-06	-1.379979e-09	-2.801354e+01	-8.467085e+01
6.530000e-06	-4.070643e-06	-1.384669e-09	-2.823592e+01	-8.496112e+01
6.540000e-06	-4.102575e-06	-1.388091e-09	-2.845741e+01	-8.524344e+01
6.550000e-06	-4.134346e-06	-1.390988e-09	-2.867779e+01	-8.551806e+01
6.560000e-06	-4.165838e-06	-1.394958e-09	-2.889623e+01	-8.578527e+01
6.570000e-06	-4.196911e-06	-1.399449e-09	-2.911178e+01	-8.604533e+01
6.580000e-06	-4.227566e-06	-1.402146e-09	-2.932441e+01	-8.629854e+01
6.590000e-06	-4.257795e-06	-1.404298e-09	-2.953409e+01	-8.654520e+01
6.600000e-06	-4.287509e-06	-1.407088e-09	-2.974021e+01	-8.678563e+01
6.610000e-06	-4.316673e-06	-1.410380e-09	-2.994250e+01	-8.702014e+01
6.620000e-06	-4.345397e-06	-1.414494e-09	-3.014174e+01	-8.724905e+01
6.630000e-06	-4.373788e-06	-1.418542e-09	-3.033868e+01	-8.747269e+01
6.640000e-06	-4.401922e-06	-1.422201e-09	-3.053383e+01	-8.769139e+01
6.650000e-06	-4.429907e-06	-1.425831e-09	-3.072794e+01	-8.790545e+01
6.660000e-06	-4.457752e-06	-1.427413e-09	-3.092109e+01	-8.811519e+01
6.670000e-06	-4.485469e-06	-1.429306e-09	-3.111335e+01	-8.832092e+01
6.680000e-06	-4.512928e-06	-1.431063e-09	-3.130382e+01	-8.852290e+01
6.690000e-06	-4.539983e-06	-1.432819e-09	-3.149148e+01	-8.872140e+01
6.700000e-06	-4.566690e-06	-1.435549e-09	-3.167674e+01	-8.891667e+01
6.710000e-06	-4.593001e-06	-1.437116e-09	-3.185924e+01	-8.910891e+01
6.720000e-06	-4.618941e-06	-1.436754e-09	-3.203917e+01	-8.929831e+01
6.730000e-06	-4.644578e-06	-1.435089e-09	-3.221700e+01	-8.948502e+01
6.740000e-06	-4.669873e-06	-1.434113e-09	-3.239246e+01	-8.966915e+01
6.750000e-06	-4.694797e-06	-1.435841e-09	-3.256535e+01	-8.985078e+01
6.760000e-06	-4.719379e-06	-1.441199e-09	-3.273586e+01	-9.002997e+01
6.770000e-06	-4.743693e-06	-1.446303e-09	-3.290451e+01	-9.020672e+01
6.780000e-06	-4.767787e-06	-1.449285e-09	-3.307164e+01	-9.038100e+01
6.790000e-06	-4.791717e-06	-1.450125e-09	-3.323763e+01	-9.055276e+01
6.800000e-06	-4.815462e-06	-1.451409e-09	-3.340234e+01	-9.072189e+01
6.810000e-06	-4.838889e-06	-1.450990e-09	-3.356484e+01	-9.088828e+01
6.820000e-06	-4.861916e-06	-1.448541e-09	-3.372457e+01	-9.105178e+01
6.830000e-06	-4.884397e-06	-1.445366e-09	-3.388050e+01	-9.121221e+01
6.840000e-06	-4.906220e-06	-1.444877e-09	-3.403188e+01	-9.136938e+01
6.850000e-06	-4.927488e-06	-1.449496e-09	-3.417940e+01	-9.152309e+01
6.860000e-06	-4.948310e-06	-1.454089e-09	-3.432383e+01	-9.167312e+01
6.870000e-06	-4.968737e-06	-1.457015e-09	-3.446553e+01	-9.181926e+01
6.880000e-06	-4.988919e-06	-1.459418e-09	-3.460552e+01	-9.196130e+01
6.890000e-06	-5.008964e-06	-1.459062e-09	-3.474456e+01	-9.209902e+01
6.900000e-06	-5.028794e-06	-1.455718e-09	-3.488211e+01	-9.223222e+01
6.910000e-06	-5.048319e-06	-1.453760e-09	-3.501755e+01	-9.236072e+01
6.920000e-06	-5.067434e-06	-1.454154e-09	-3.515013e+01	-9.248437e+01
6.930000e-06	-5.086109e-06	-1.456553e-09	-3.527968e+01	-9.260302e+01
6.940000e-06	-5.104448e-06	-1.462227e-09	-3.540688e+01	-9.271656e+01
6.950000e-06	-5.122511e-06	-1.467104e-09	-3.553217e+01	-9.282491e+01
6.960000e-06	-5.140285e-06	-1.467974e-09	-3.565546e+01	-9.292803e+01
6.970000e-06	-5.157651e-06	-1.466335e-09	-3.577592e+01	-9.302591e+01
6.980000e-06	-5.174577e-06	-1.464422e-09	-3.589333e+01	-9.311854e+01
6.990000e-06	-5.191142e-06	-1.463757e-09	-3.600823e+01	-9.320600e+01
7.000000e-06	-5.207396e-06	-1.464591e-09	-3.612098e+01	-9.328836e+01
7.010000e-06	-5.223465e-06	-1.465057e-09	-3.623244e+01	-9.336573e+01
7.020000e-06	-5.239316e-06	-1.462236e-09	-3.634239e+01	-9.343825e+01
7.030000e-06	-5.254837e-06	-1.459410e-09	-3.645005e+01	-9.350609e+01
7.040000e-06	-5.269800e-06	-1.458283e-09	-3.655384e+01	-9.356944e+01
7.050000e-06	-5.284048e-06	-1.456048e-09	-3.665268e+01	-9.362850e+01
7.060000e-06	-5.297620e-06	-1.454447e-09	-3.674681e+01	-9.368348e+01
7.070000e-06	-5.310693e-06	-1.453386e-09	-3.683749e+01	-9.373461e+01
7.080000e-06	-5.323361e-06	-1.453037e-09	-3.692536e+01	-9.378211e+01
7.090000e-06	-5.335588e-06	-1.454090e-09	-3.701018e+01	-9.382623e+01
7.100000e-06	-5.347531e-06	-1.454693e-09	-3.709302e+01	-9.386717e+01
7.110000e-06	-5.359177e-06	-1.455545e-09	-3.717381e+01	-9.390516e+01
7.120000e-06	-5.370414e-06	-1.452531e-09	-3.725175e+01	-9.394039e+01
7.130000e-06	-5.381179e-06	-1.448363e-09	-3.732642e+01	-9.397306e+01
7.140000e-06	-5.391547e-06	-1.444597e-09	-3.739834e+01	-9.400333e+01
7.150000e-06	-5.401622e-06	-1.442160e-09	-3.746822e+01	-9.403135e+01
7.160000e-06	-5.411379e-06	-1.440454e-09	-3.753590e+01	-9.405726e+01
7.170000e-06	-5.420783e-06	-1.439986e-09	-3.760113e+01	-9.408115e+01
7.180000e-06	-5.429776e-06	-1.441853e-09	-3.766351e+01	-9.410311e+01
7.190000e-06	-5.438358e-06	-1.442573e-09	-3.772304e+01	-9.412319e+01
7.200000e-06	-5.446634e-06	-1.441646e-09	-3.778045e+01	-9.414146e+01
7.210000e-06	-5.454669e-06	-1.438302e-09	-3.783618e+01	-9.415791e+01
7.220000e-06	-5.462421e-06	-1.432809e-09	-3.788995e+01	-9.417258e+01
7.230000e-06	-5.469882e-06	-1.428933e-09	-3.794171e+01	-9.418544e+01
7.240000e-06	-5.476912e-06	-1.426895e-09	-3.799047e+01	-9.419650e+01
7.250000e-06	-5.483308e-06	-1.427898e-09	-3.803484e+01	-9.420571e+01
7.260000e-06	-5.489089e-06	-1.431641e-09	-3.807493e+01	-9.421308e+01
7.270000e-06	-5.494245e-06	-1.433205e-09	-3.811070e+01	-9.421856e+01
7.280000e-06	-5.498861e-06	-1.430800e-09	-3.814272e+01	-9.422215e+01
7.290000e-06	-5.503202e-06	-1.425023e-09	-3.817283e+01	-9.422383e+01
7.300000e-06	-5.507356e-06	-1.421230e-09	-3.820164e+01	-9.422362e+01
7.310000e-06	-5.511306e-06	-1.419063e-09	-3.822904e+01	-9.422151e+01
7.320000e-06	-5.514929e-06	-1.416388e-09	-3.825418e+01	-9.421755e+01
7.330000e-06	-5.518075e-06	-1.416208e-09	-3.827600e+01	-9.421177e+01
7.340000e-06	-5.520817e-06	-1.418300e-09	-3.829502e+01	-9.420424e+01
7.350000e-06	-5.523193e-06	-1.417992e-09	-3.831150e+01	-9.419503e+01
7.360000e-06	-5.525281e-06	-1.414953e-09	-3.832598e+01	-9.418424e+01
7.370000e-06	-5.527082e-06	-1.410948e-09	-3.833847e+01	-9.417198e+01
7.380000e-06	-5.528454e-06	-1.406642e-09	-3.834799e+01	-9.415837e+01
7.390000e-06	-5.529402e-06	-1.399593e-09	-3.835457e+01	-9.414352e+01
7.400000e-06	-5.529960e-06	-1.393963e-09	-3.835844e+01	-9.412757e+01
