# Temperatura_=_-18.04
# Concentracion g/m^3_=_1620.0
# C_Vs_to_Am_M_A/Vsm_=_65563218390.804596
# pendiente_HvsI_1/m_=_3716.3
# ordenada_HvsI_A/m_=_1297.0
# frecuencia_Hz_=_135110.71659555554

Tiempo_(s)	Campo_(V.s)	Magnetizacion_(V.s)	Campo_(kA/m)	Magnetizacion_(A/m)
0.000000e+00	-5.517387e-06	-8.359401e-10	-3.837390e+01	-5.501823e+01
1.000000e-08	-5.517596e-06	-8.347549e-10	-3.837535e+01	-5.505562e+01
2.000000e-08	-5.517485e-06	-8.346348e-10	-3.837458e+01	-5.509838e+01
3.000000e-08	-5.516982e-06	-8.334288e-10	-3.837108e+01	-5.514619e+01
4.000000e-08	-5.516054e-06	-8.312624e-10	-3.836463e+01	-5.519867e+01
5.000000e-08	-5.514629e-06	-8.311891e-10	-3.835472e+01	-5.525536e+01
6.000000e-08	-5.512618e-06	-8.391299e-10	-3.834073e+01	-5.531570e+01
7.000000e-08	-5.509995e-06	-8.637132e-10	-3.832249e+01	-5.537909e+01
8.000000e-08	-5.506804e-06	-8.589209e-10	-3.830030e+01	-5.544488e+01
9.000000e-08	-5.503159e-06	-7.829332e-10	-3.827494e+01	-5.551236e+01
1.000000e-07	-5.499195e-06	-7.532615e-10	-3.824737e+01	-5.558078e+01
1.100000e-07	-5.494895e-06	-8.441147e-10	-3.821746e+01	-5.564936e+01
1.200000e-07	-5.490238e-06	-8.620024e-10	-3.818507e+01	-5.571731e+01
1.300000e-07	-5.485285e-06	-8.230807e-10	-3.815062e+01	-5.578385e+01
1.400000e-07	-5.479991e-06	-7.890264e-10	-3.811381e+01	-5.584819e+01
1.500000e-07	-5.474341e-06	-8.523722e-10	-3.807451e+01	-5.590957e+01
1.600000e-07	-5.468337e-06	-8.690219e-10	-3.803275e+01	-5.596724e+01
1.700000e-07	-5.461986e-06	-7.899293e-10	-3.798858e+01	-5.602052e+01
1.800000e-07	-5.455249e-06	-7.873007e-10	-3.794172e+01	-5.606877e+01
1.900000e-07	-5.448069e-06	-8.495152e-10	-3.789179e+01	-5.611141e+01
2.000000e-07	-5.440581e-06	-8.964219e-10	-3.783971e+01	-5.614794e+01
2.100000e-07	-5.432931e-06	-8.528345e-10	-3.778650e+01	-5.617794e+01
2.200000e-07	-5.425003e-06	-8.396656e-10	-3.773136e+01	-5.620106e+01
2.300000e-07	-5.416758e-06	-8.466002e-10	-3.767402e+01	-5.621705e+01
2.400000e-07	-5.408151e-06	-8.666913e-10	-3.761415e+01	-5.622576e+01
2.500000e-07	-5.398821e-06	-8.390002e-10	-3.754926e+01	-5.622712e+01
2.600000e-07	-5.388823e-06	-8.358215e-10	-3.747972e+01	-5.622117e+01
2.700000e-07	-5.378366e-06	-8.402139e-10	-3.740700e+01	-5.620804e+01
2.800000e-07	-5.367426e-06	-8.498441e-10	-3.733091e+01	-5.618794e+01
2.900000e-07	-5.355954e-06	-8.196664e-10	-3.725112e+01	-5.616118e+01
3.000000e-07	-5.343992e-06	-8.019017e-10	-3.716792e+01	-5.612815e+01
3.100000e-07	-5.331635e-06	-8.129734e-10	-3.708198e+01	-5.608931e+01
3.200000e-07	-5.318860e-06	-8.387051e-10	-3.699312e+01	-5.604520e+01
3.300000e-07	-5.305664e-06	-8.236433e-10	-3.690135e+01	-5.599639e+01
3.400000e-07	-5.292046e-06	-8.003127e-10	-3.680663e+01	-5.594351e+01
3.500000e-07	-5.278091e-06	-8.307889e-10	-3.670957e+01	-5.588725e+01
3.600000e-07	-5.263834e-06	-8.410943e-10	-3.661041e+01	-5.582830e+01
3.700000e-07	-5.249099e-06	-7.962725e-10	-3.650793e+01	-5.576736e+01
3.800000e-07	-5.233795e-06	-8.002171e-10	-3.640149e+01	-5.570515e+01
3.900000e-07	-5.217958e-06	-8.555639e-10	-3.629135e+01	-5.564237e+01
4.000000e-07	-5.201555e-06	-8.156947e-10	-3.617726e+01	-5.557972e+01
4.100000e-07	-5.184758e-06	-7.835716e-10	-3.606043e+01	-5.551785e+01
4.200000e-07	-5.167686e-06	-8.491257e-10	-3.594170e+01	-5.545738e+01
4.300000e-07	-5.150296e-06	-8.595924e-10	-3.582075e+01	-5.539889e+01
4.400000e-07	-5.132638e-06	-7.699718e-10	-3.569794e+01	-5.534290e+01
4.500000e-07	-5.114672e-06	-8.114202e-10	-3.557298e+01	-5.528987e+01
4.600000e-07	-5.096211e-06	-8.750244e-10	-3.544458e+01	-5.524020e+01
4.700000e-07	-5.077269e-06	-8.050644e-10	-3.531284e+01	-5.519422e+01
4.800000e-07	-5.057983e-06	-7.817506e-10	-3.517871e+01	-5.515218e+01
4.900000e-07	-5.038467e-06	-8.781036e-10	-3.504297e+01	-5.511428e+01
5.000000e-07	-5.018727e-06	-8.370661e-10	-3.490567e+01	-5.508064e+01
5.100000e-07	-4.998718e-06	-7.707770e-10	-3.476651e+01	-5.505130e+01
5.200000e-07	-4.978447e-06	-8.476777e-10	-3.462553e+01	-5.502625e+01
5.300000e-07	-4.957885e-06	-8.660705e-10	-3.448251e+01	-5.500542e+01
5.400000e-07	-4.936939e-06	-7.646548e-10	-3.433684e+01	-5.498868e+01
5.500000e-07	-4.915656e-06	-8.048101e-10	-3.418881e+01	-5.497583e+01
5.600000e-07	-4.894073e-06	-8.739410e-10	-3.403870e+01	-5.496666e+01
5.700000e-07	-4.872118e-06	-8.050120e-10	-3.388600e+01	-5.496092e+01
5.800000e-07	-4.849788e-06	-7.874483e-10	-3.373069e+01	-5.495830e+01
5.900000e-07	-4.827062e-06	-8.645280e-10	-3.357263e+01	-5.495851e+01
6.000000e-07	-4.804026e-06	-8.265740e-10	-3.341241e+01	-5.496122e+01
6.100000e-07	-4.780749e-06	-7.733827e-10	-3.325052e+01	-5.496611e+01
6.200000e-07	-4.757205e-06	-8.265012e-10	-3.308677e+01	-5.497286e+01
6.300000e-07	-4.733414e-06	-8.305016e-10	-3.292130e+01	-5.498115e+01
6.400000e-07	-4.709393e-06	-7.826666e-10	-3.275423e+01	-5.499069e+01
6.500000e-07	-4.685038e-06	-8.129342e-10	-3.258484e+01	-5.500121e+01
6.600000e-07	-4.660211e-06	-8.393140e-10	-3.241216e+01	-5.501244e+01
6.700000e-07	-4.634877e-06	-8.015938e-10	-3.223596e+01	-5.502417e+01
6.800000e-07	-4.609079e-06	-8.088844e-10	-3.205654e+01	-5.503620e+01
6.900000e-07	-4.582780e-06	-8.345743e-10	-3.187363e+01	-5.504838e+01
7.000000e-07	-4.555972e-06	-8.120483e-10	-3.168718e+01	-5.506058e+01
7.100000e-07	-4.528755e-06	-7.999257e-10	-3.149788e+01	-5.507269e+01
7.200000e-07	-4.501287e-06	-8.234706e-10	-3.130683e+01	-5.508466e+01
7.300000e-07	-4.473599e-06	-8.136393e-10	-3.111426e+01	-5.509644e+01
7.400000e-07	-4.445690e-06	-8.005782e-10	-3.092016e+01	-5.510802e+01
7.500000e-07	-4.417644e-06	-8.123519e-10	-3.072509e+01	-5.511940e+01
7.600000e-07	-4.389337e-06	-8.191519e-10	-3.052821e+01	-5.513061e+01
7.700000e-07	-4.360661e-06	-8.086818e-10	-3.032877e+01	-5.514168e+01
7.800000e-07	-4.331638e-06	-8.156004e-10	-3.012691e+01	-5.515265e+01
7.900000e-07	-4.302300e-06	-8.135554e-10	-2.992287e+01	-5.516355e+01
8.000000e-07	-4.272689e-06	-8.003417e-10	-2.971691e+01	-5.517441e+01
8.100000e-07	-4.242798e-06	-7.973151e-10	-2.950903e+01	-5.518525e+01
8.200000e-07	-4.212610e-06	-8.040724e-10	-2.929906e+01	-5.519609e+01
8.300000e-07	-4.182146e-06	-7.964300e-10	-2.908718e+01	-5.520691e+01
8.400000e-07	-4.151392e-06	-7.979593e-10	-2.887328e+01	-5.521768e+01
8.500000e-07	-4.120335e-06	-8.097474e-10	-2.865728e+01	-5.522833e+01
8.600000e-07	-4.089034e-06	-8.104135e-10	-2.843958e+01	-5.523879e+01
8.700000e-07	-4.057537e-06	-8.027449e-10	-2.822052e+01	-5.524893e+01
8.800000e-07	-4.025854e-06	-8.083261e-10	-2.800016e+01	-5.525862e+01
8.900000e-07	-3.993952e-06	-8.061028e-10	-2.777828e+01	-5.526769e+01
9.000000e-07	-3.961875e-06	-7.916786e-10	-2.755518e+01	-5.527594e+01
9.100000e-07	-3.929531e-06	-7.941075e-10	-2.733022e+01	-5.528315e+01
9.200000e-07	-3.896825e-06	-8.025458e-10	-2.710275e+01	-5.528908e+01
9.300000e-07	-3.863823e-06	-7.969263e-10	-2.687322e+01	-5.529349e+01
9.400000e-07	-3.830446e-06	-7.972817e-10	-2.664108e+01	-5.529610e+01
9.500000e-07	-3.796515e-06	-8.072512e-10	-2.640508e+01	-5.529666e+01
9.600000e-07	-3.762130e-06	-8.016573e-10	-2.616594e+01	-5.529488e+01
9.700000e-07	-3.727388e-06	-7.914932e-10	-2.592430e+01	-5.529051e+01
9.800000e-07	-3.692211e-06	-7.943915e-10	-2.567965e+01	-5.528329e+01
9.900000e-07	-3.656722e-06	-7.936018e-10	-2.543281e+01	-5.527300e+01
1.000000e-06	-3.621085e-06	-7.839892e-10	-2.518496e+01	-5.525941e+01
1.010000e-06	-3.585334e-06	-7.892912e-10	-2.493630e+01	-5.524236e+01
1.020000e-06	-3.549386e-06	-7.975020e-10	-2.468628e+01	-5.522168e+01
1.030000e-06	-3.513234e-06	-7.952539e-10	-2.443484e+01	-5.519728e+01
1.040000e-06	-3.476916e-06	-7.949382e-10	-2.418225e+01	-5.516906e+01
1.050000e-06	-3.440409e-06	-8.022845e-10	-2.392834e+01	-5.513701e+01
1.060000e-06	-3.403676e-06	-7.977014e-10	-2.367286e+01	-5.510114e+01
1.070000e-06	-3.366656e-06	-7.923441e-10	-2.341538e+01	-5.506149e+01
1.080000e-06	-3.329319e-06	-7.967966e-10	-2.315570e+01	-5.501816e+01
1.090000e-06	-3.291701e-06	-8.024758e-10	-2.289407e+01	-5.497130e+01
1.100000e-06	-3.253868e-06	-7.985383e-10	-2.263093e+01	-5.492107e+01
1.110000e-06	-3.215863e-06	-7.994366e-10	-2.236660e+01	-5.486768e+01
1.120000e-06	-3.177642e-06	-8.022930e-10	-2.210077e+01	-5.481136e+01
1.130000e-06	-3.139247e-06	-7.982089e-10	-2.183373e+01	-5.475235e+01
1.140000e-06	-3.100666e-06	-7.946398e-10	-2.156539e+01	-5.469094e+01
1.150000e-06	-3.061766e-06	-7.981832e-10	-2.129484e+01	-5.462739e+01
1.160000e-06	-3.022579e-06	-7.980479e-10	-2.102229e+01	-5.456198e+01
1.170000e-06	-2.983282e-06	-7.959003e-10	-2.074898e+01	-5.449498e+01
1.180000e-06	-2.943945e-06	-7.982076e-10	-2.047539e+01	-5.442664e+01
1.190000e-06	-2.904374e-06	-7.990896e-10	-2.020017e+01	-5.435718e+01
1.200000e-06	-2.864617e-06	-7.947021e-10	-1.992366e+01	-5.428681e+01
1.210000e-06	-2.824766e-06	-7.937548e-10	-1.964649e+01	-5.421568e+01
1.220000e-06	-2.784788e-06	-7.934974e-10	-1.936844e+01	-5.414391e+01
1.230000e-06	-2.744736e-06	-7.900871e-10	-1.908987e+01	-5.407157e+01
1.240000e-06	-2.704489e-06	-7.880430e-10	-1.880995e+01	-5.399867e+01
1.250000e-06	-2.664028e-06	-7.886939e-10	-1.852855e+01	-5.392517e+01
1.260000e-06	-2.623380e-06	-7.877698e-10	-1.824583e+01	-5.385097e+01
1.270000e-06	-2.582450e-06	-7.849404e-10	-1.796116e+01	-5.377590e+01
1.280000e-06	-2.541150e-06	-7.852454e-10	-1.767391e+01	-5.369974e+01
1.290000e-06	-2.499664e-06	-7.860322e-10	-1.738537e+01	-5.362222e+01
1.300000e-06	-2.458074e-06	-7.836548e-10	-1.709611e+01	-5.354298e+01
1.310000e-06	-2.416106e-06	-7.781514e-10	-1.680422e+01	-5.346165e+01
1.320000e-06	-2.373739e-06	-7.755418e-10	-1.650956e+01	-5.337779e+01
1.330000e-06	-2.331103e-06	-7.713560e-10	-1.621302e+01	-5.329092e+01
1.340000e-06	-2.288223e-06	-7.689131e-10	-1.591479e+01	-5.320053e+01
1.350000e-06	-2.245053e-06	-7.705368e-10	-1.561454e+01	-5.310607e+01
1.360000e-06	-2.201677e-06	-7.726811e-10	-1.531285e+01	-5.300700e+01
1.370000e-06	-2.158176e-06	-7.724224e-10	-1.501030e+01	-5.290274e+01
1.380000e-06	-2.114520e-06	-7.687407e-10	-1.470667e+01	-5.279272e+01
1.390000e-06	-2.070715e-06	-7.622328e-10	-1.440200e+01	-5.267637e+01
1.400000e-06	-2.026829e-06	-7.556327e-10	-1.409677e+01	-5.255314e+01
1.410000e-06	-1.982915e-06	-7.492748e-10	-1.379134e+01	-5.242250e+01
1.420000e-06	-1.938970e-06	-7.446178e-10	-1.348570e+01	-5.228393e+01
1.430000e-06	-1.894948e-06	-7.417701e-10	-1.317953e+01	-5.213696e+01
1.440000e-06	-1.850827e-06	-7.427565e-10	-1.287266e+01	-5.198115e+01
1.450000e-06	-1.806624e-06	-7.422009e-10	-1.256522e+01	-5.181612e+01
1.460000e-06	-1.762316e-06	-7.377507e-10	-1.225706e+01	-5.164150e+01
1.470000e-06	-1.717905e-06	-7.307888e-10	-1.194818e+01	-5.145699e+01
1.480000e-06	-1.673346e-06	-7.244178e-10	-1.163827e+01	-5.126232e+01
1.490000e-06	-1.628622e-06	-7.192759e-10	-1.132721e+01	-5.105726e+01
1.500000e-06	-1.583772e-06	-7.145467e-10	-1.101527e+01	-5.084164e+01
1.510000e-06	-1.538772e-06	-7.110749e-10	-1.070229e+01	-5.061529e+01
1.520000e-06	-1.493654e-06	-7.096085e-10	-1.038849e+01	-5.037809e+01
1.530000e-06	-1.448437e-06	-7.070112e-10	-1.007400e+01	-5.012993e+01
1.540000e-06	-1.403133e-06	-7.014000e-10	-9.758910e+00	-4.987073e+01
1.550000e-06	-1.357777e-06	-6.962285e-10	-9.443456e+00	-4.960039e+01
1.560000e-06	-1.312302e-06	-6.912766e-10	-9.127173e+00	-4.931880e+01
1.570000e-06	-1.266716e-06	-6.869940e-10	-8.810118e+00	-4.902586e+01
1.580000e-06	-1.221088e-06	-6.830176e-10	-8.492773e+00	-4.872143e+01
1.590000e-06	-1.175352e-06	-6.811650e-10	-8.174673e+00	-4.840533e+01
1.600000e-06	-1.129434e-06	-6.802987e-10	-7.855309e+00	-4.807733e+01
1.610000e-06	-1.083458e-06	-6.754940e-10	-7.535546e+00	-4.773715e+01
1.620000e-06	-1.037507e-06	-6.652982e-10	-7.215952e+00	-4.738445e+01
1.630000e-06	-9.914414e-07	-6.535288e-10	-6.895559e+00	-4.701881e+01
1.640000e-06	-9.452532e-07	-6.437529e-10	-6.574317e+00	-4.663975e+01
1.650000e-06	-8.990345e-07	-6.377306e-10	-6.252862e+00	-4.624668e+01
1.660000e-06	-8.527439e-07	-6.331973e-10	-5.930907e+00	-4.583896e+01
1.670000e-06	-8.063730e-07	-6.301251e-10	-5.608393e+00	-4.541583e+01
1.680000e-06	-7.599664e-07	-6.246017e-10	-5.285632e+00	-4.497647e+01
1.690000e-06	-7.135092e-07	-6.149008e-10	-4.962517e+00	-4.451997e+01
1.700000e-06	-6.669945e-07	-6.034916e-10	-4.639004e+00	-4.404534e+01
1.710000e-06	-6.204724e-07	-5.931786e-10	-4.315439e+00	-4.355152e+01
1.720000e-06	-5.739914e-07	-5.838139e-10	-3.992159e+00	-4.303739e+01
1.730000e-06	-5.274984e-07	-5.748736e-10	-3.668797e+00	-4.250179e+01
1.740000e-06	-4.808936e-07	-5.665053e-10	-3.344656e+00	-4.194349e+01
1.750000e-06	-4.342166e-07	-5.567001e-10	-3.020013e+00	-4.136125e+01
1.760000e-06	-3.875567e-07	-5.463391e-10	-2.695490e+00	-4.075384e+01
1.770000e-06	-3.409135e-07	-5.389044e-10	-2.371082e+00	-4.011999e+01
1.780000e-06	-2.941986e-07	-5.321428e-10	-2.046177e+00	-3.945849e+01
1.790000e-06	-2.473862e-07	-5.246300e-10	-1.720592e+00	-3.876815e+01
1.800000e-06	-2.005615e-07	-5.164007e-10	-1.394922e+00	-3.804782e+01
1.810000e-06	-1.537217e-07	-5.053321e-10	-1.069148e+00	-3.729646e+01
1.820000e-06	-1.068904e-07	-4.929048e-10	-7.434322e-01	-3.651310e+01
1.830000e-06	-6.017590e-08	-4.797337e-10	-4.185285e-01	-3.569687e+01
1.840000e-06	-1.348441e-08	-4.670462e-10	-9.378520e-02	-3.484703e+01
1.850000e-06	3.326315e-08	-4.543694e-10	2.313481e-01	-3.396298e+01
1.860000e-06	8.005945e-08	-4.424730e-10	5.568203e-01	-3.304427e+01
1.870000e-06	1.268994e-07	-4.307416e-10	8.825963e-01	-3.209061e+01
1.880000e-06	1.736579e-07	-4.193289e-10	1.207806e+00	-3.110188e+01
1.890000e-06	2.203668e-07	-4.069642e-10	1.532670e+00	-3.007813e+01
1.900000e-06	2.671528e-07	-3.914571e-10	1.858070e+00	-2.901962e+01
1.910000e-06	3.139495e-07	-3.740797e-10	2.183546e+00	-2.792678e+01
1.920000e-06	3.607385e-07	-3.579639e-10	2.508967e+00	-2.680022e+01
1.930000e-06	4.074784e-07	-3.419430e-10	2.834047e+00	-2.564076e+01
1.940000e-06	4.540861e-07	-3.233475e-10	3.158208e+00	-2.444940e+01
1.950000e-06	5.006376e-07	-3.051577e-10	3.481977e+00	-2.322730e+01
1.960000e-06	5.472349e-07	-2.912924e-10	3.806066e+00	-2.197581e+01
1.970000e-06	5.937941e-07	-2.783469e-10	4.129889e+00	-2.069644e+01
1.980000e-06	6.403043e-07	-2.632592e-10	4.453371e+00	-1.939082e+01
1.990000e-06	6.867264e-07	-2.450570e-10	4.776241e+00	-1.806076e+01
2.000000e-06	7.330315e-07	-2.225371e-10	5.098297e+00	-1.670816e+01
2.010000e-06	7.793462e-07	-1.957580e-10	5.420419e+00	-1.533503e+01
2.020000e-06	8.256643e-07	-1.700518e-10	5.742566e+00	-1.394348e+01
2.030000e-06	8.719213e-07	-1.495914e-10	6.064287e+00	-1.253568e+01
2.040000e-06	9.181114e-07	-1.329185e-10	6.385543e+00	-1.111386e+01
2.050000e-06	9.642392e-07	-1.169834e-10	6.706366e+00	-9.680274e+00
2.060000e-06	1.010285e-06	-9.946179e-11	7.026616e+00	-8.237204e+00
2.070000e-06	1.056252e-06	-8.142703e-11	7.346321e+00	-6.786931e+00
2.080000e-06	1.102035e-06	-6.104056e-11	7.664750e+00	-5.331718e+00
2.090000e-06	1.147745e-06	-3.715519e-11	7.982667e+00	-3.873798e+00
2.100000e-06	1.193486e-06	-1.268455e-11	8.300800e+00	-2.415357e+00
2.110000e-06	1.239127e-06	9.588430e-12	8.618232e+00	-9.585219e-01
2.120000e-06	1.284689e-06	2.900117e-11	8.935121e+00	4.946513e-01
2.130000e-06	1.330166e-06	4.564357e-11	9.251418e+00	1.942188e+00
2.140000e-06	1.375561e-06	5.972356e-11	9.567143e+00	3.382204e+00
2.150000e-06	1.420841e-06	7.516845e-11	9.882071e+00	4.812913e+00
2.160000e-06	1.465986e-06	9.534708e-11	1.019606e+01	6.232628e+00
2.170000e-06	1.510980e-06	1.180172e-10	1.050899e+01	7.639772e+00
2.180000e-06	1.555848e-06	1.418490e-10	1.082105e+01	9.032873e+00
2.190000e-06	1.600680e-06	1.646760e-10	1.113286e+01	1.041057e+01
2.200000e-06	1.645362e-06	1.841512e-10	1.144363e+01	1.177161e+01
2.210000e-06	1.689882e-06	1.993724e-10	1.175327e+01	1.311485e+01
2.220000e-06	1.734345e-06	2.135887e-10	1.206252e+01	1.443924e+01
2.230000e-06	1.778713e-06	2.289550e-10	1.237110e+01	1.574383e+01
2.240000e-06	1.822926e-06	2.447127e-10	1.267860e+01	1.702777e+01
2.250000e-06	1.867054e-06	2.624080e-10	1.298552e+01	1.829030e+01
2.260000e-06	1.911073e-06	2.840513e-10	1.329168e+01	1.953072e+01
2.270000e-06	1.955001e-06	3.063687e-10	1.359720e+01	2.074844e+01
2.280000e-06	1.998844e-06	3.249642e-10	1.390213e+01	2.194290e+01
2.290000e-06	2.042612e-06	3.396456e-10	1.420654e+01	2.311363e+01
2.300000e-06	2.086351e-06	3.520469e-10	1.451075e+01	2.426021e+01
2.310000e-06	2.129990e-06	3.646008e-10	1.481426e+01	2.538225e+01
2.320000e-06	2.173511e-06	3.800969e-10	1.511695e+01	2.647943e+01
2.330000e-06	2.216928e-06	3.984812e-10	1.541892e+01	2.755146e+01
2.340000e-06	2.260186e-06	4.174143e-10	1.571978e+01	2.859807e+01
2.350000e-06	2.303227e-06	4.352943e-10	1.601914e+01	2.961904e+01
2.360000e-06	2.346087e-06	4.506369e-10	1.631724e+01	3.061418e+01
2.370000e-06	2.388746e-06	4.610596e-10	1.661393e+01	3.158331e+01
2.380000e-06	2.431044e-06	4.686240e-10	1.690812e+01	3.252629e+01
2.390000e-06	2.472953e-06	4.772578e-10	1.719960e+01	3.344300e+01
2.400000e-06	2.514575e-06	4.880256e-10	1.748908e+01	3.433335e+01
2.410000e-06	2.555936e-06	5.030468e-10	1.777675e+01	3.519727e+01
2.420000e-06	2.596982e-06	5.196705e-10	1.806223e+01	3.603472e+01
2.430000e-06	2.637734e-06	5.354608e-10	1.834566e+01	3.684571e+01
2.440000e-06	2.678226e-06	5.482332e-10	1.862729e+01	3.763024e+01
2.450000e-06	2.718510e-06	5.550908e-10	1.890747e+01	3.838839e+01
2.460000e-06	2.758662e-06	5.589045e-10	1.918673e+01	3.912026e+01
2.470000e-06	2.798672e-06	5.641753e-10	1.946500e+01	3.982599e+01
2.480000e-06	2.838595e-06	5.727175e-10	1.974267e+01	4.050576e+01
2.490000e-06	2.878431e-06	5.842636e-10	2.001974e+01	4.115980e+01
2.500000e-06	2.918136e-06	5.968788e-10	2.029588e+01	4.178840e+01
2.510000e-06	2.957696e-06	6.086865e-10	2.057103e+01	4.239188e+01
2.520000e-06	2.997014e-06	6.176700e-10	2.084449e+01	4.297062e+01
2.530000e-06	3.036072e-06	6.248876e-10	2.111614e+01	4.352506e+01
2.540000e-06	3.074931e-06	6.315038e-10	2.138641e+01	4.405569e+01
2.550000e-06	3.113527e-06	6.386479e-10	2.165484e+01	4.456303e+01
2.560000e-06	3.151821e-06	6.458291e-10	2.192118e+01	4.504767e+01
2.570000e-06	3.189878e-06	6.500710e-10	2.218587e+01	4.551024e+01
2.580000e-06	3.227789e-06	6.543491e-10	2.244955e+01	4.595142e+01
2.590000e-06	3.265588e-06	6.588298e-10	2.271244e+01	4.637191e+01
2.600000e-06	3.303121e-06	6.620512e-10	2.297349e+01	4.677248e+01
2.610000e-06	3.340355e-06	6.663215e-10	2.323246e+01	4.715391e+01
2.620000e-06	3.377395e-06	6.728471e-10	2.349007e+01	4.751699e+01
2.630000e-06	3.414233e-06	6.796103e-10	2.374628e+01	4.786256e+01
2.640000e-06	3.450782e-06	6.855038e-10	2.400048e+01	4.819146e+01
2.650000e-06	3.487056e-06	6.908665e-10	2.425277e+01	4.850453e+01
2.660000e-06	3.523188e-06	6.934413e-10	2.450407e+01	4.880263e+01
2.670000e-06	3.559176e-06	6.931420e-10	2.475437e+01	4.908659e+01
2.680000e-06	3.595032e-06	6.933016e-10	2.500376e+01	4.935725e+01
2.690000e-06	3.630749e-06	6.959786e-10	2.525217e+01	4.961541e+01
2.700000e-06	3.666284e-06	7.006624e-10	2.549932e+01	4.986187e+01
2.710000e-06	3.701680e-06	7.055404e-10	2.574550e+01	5.009738e+01
2.720000e-06	3.736768e-06	7.122485e-10	2.598954e+01	5.032265e+01
2.730000e-06	3.771426e-06	7.203082e-10	2.623059e+01	5.053838e+01
2.740000e-06	3.805638e-06	7.252923e-10	2.646854e+01	5.074520e+01
2.750000e-06	3.839475e-06	7.287217e-10	2.670387e+01	5.094369e+01
2.760000e-06	3.872871e-06	7.291941e-10	2.693615e+01	5.113441e+01
2.770000e-06	3.905795e-06	7.266467e-10	2.716514e+01	5.131785e+01
2.780000e-06	3.938424e-06	7.271546e-10	2.739207e+01	5.149444e+01
2.790000e-06	3.970802e-06	7.307948e-10	2.761727e+01	5.166458e+01
2.800000e-06	4.002919e-06	7.373174e-10	2.784065e+01	5.182861e+01
2.810000e-06	4.034829e-06	7.433565e-10	2.806258e+01	5.198681e+01
2.820000e-06	4.066552e-06	7.496979e-10	2.828322e+01	5.213943e+01
2.830000e-06	4.097968e-06	7.545669e-10	2.850172e+01	5.228668e+01
2.840000e-06	4.129197e-06	7.564365e-10	2.871892e+01	5.242870e+01
2.850000e-06	4.160218e-06	7.579016e-10	2.893467e+01	5.256564e+01
2.860000e-06	4.190865e-06	7.597404e-10	2.914783e+01	5.269758e+01
2.870000e-06	4.221214e-06	7.614546e-10	2.935890e+01	5.282458e+01
2.880000e-06	4.251269e-06	7.636210e-10	2.956794e+01	5.294670e+01
2.890000e-06	4.281047e-06	7.675403e-10	2.977505e+01	5.306396e+01
2.900000e-06	4.310588e-06	7.713465e-10	2.998051e+01	5.317637e+01
2.910000e-06	4.339795e-06	7.741612e-10	3.018365e+01	5.328395e+01
2.920000e-06	4.368629e-06	7.748322e-10	3.038419e+01	5.338671e+01
2.930000e-06	4.397194e-06	7.758881e-10	3.058286e+01	5.348466e+01
2.940000e-06	4.425526e-06	7.774016e-10	3.077991e+01	5.357782e+01
2.950000e-06	4.453629e-06	7.770564e-10	3.097537e+01	5.366623e+01
2.960000e-06	4.481536e-06	7.763333e-10	3.116946e+01	5.374992e+01
2.970000e-06	4.509261e-06	7.781913e-10	3.136230e+01	5.382898e+01
2.980000e-06	4.536792e-06	7.813926e-10	3.155378e+01	5.390350e+01
2.990000e-06	4.563886e-06	7.836812e-10	3.174221e+01	5.397357e+01
3.000000e-06	4.590461e-06	7.841984e-10	3.192705e+01	5.403935e+01
3.010000e-06	4.616623e-06	7.830593e-10	3.210901e+01	5.410098e+01
3.020000e-06	4.642288e-06	7.818082e-10	3.228751e+01	5.415867e+01
3.030000e-06	4.667385e-06	7.823593e-10	3.246207e+01	5.421261e+01
3.040000e-06	4.691995e-06	7.837097e-10	3.263323e+01	5.426304e+01
3.050000e-06	4.716242e-06	7.857446e-10	3.280187e+01	5.431022e+01
3.060000e-06	4.740264e-06	7.898646e-10	3.296894e+01	5.435441e+01
3.070000e-06	4.764106e-06	7.936065e-10	3.313476e+01	5.439591e+01
3.080000e-06	4.787624e-06	7.934391e-10	3.329833e+01	5.443500e+01
3.090000e-06	4.810698e-06	7.905357e-10	3.345882e+01	5.447199e+01
3.100000e-06	4.833422e-06	7.884904e-10	3.361686e+01	5.450719e+01
3.110000e-06	4.855880e-06	7.875798e-10	3.377306e+01	5.454091e+01
3.120000e-06	4.878023e-06	7.877263e-10	3.392707e+01	5.457344e+01
3.130000e-06	4.899851e-06	7.912369e-10	3.407889e+01	5.460508e+01
3.140000e-06	4.921324e-06	7.960755e-10	3.422823e+01	5.463608e+01
3.150000e-06	4.942422e-06	8.009757e-10	3.437497e+01	5.466672e+01
3.160000e-06	4.963193e-06	8.043990e-10	3.451943e+01	5.469722e+01
3.170000e-06	4.983675e-06	8.029016e-10	3.466188e+01	5.472778e+01
3.180000e-06	5.003888e-06	7.984197e-10	3.480247e+01	5.475857e+01
3.190000e-06	5.023883e-06	7.956203e-10	3.494154e+01	5.478973e+01
3.200000e-06	5.043727e-06	7.962738e-10	3.507955e+01	5.482135e+01
3.210000e-06	5.063303e-06	7.986950e-10	3.521571e+01	5.485350e+01
3.220000e-06	5.082426e-06	8.021473e-10	3.534871e+01	5.488620e+01
3.230000e-06	5.101073e-06	8.053603e-10	3.547840e+01	5.491941e+01
3.240000e-06	5.119286e-06	8.069821e-10	3.560507e+01	5.495309e+01
3.250000e-06	5.137089e-06	8.088296e-10	3.572889e+01	5.498713e+01
3.260000e-06	5.154577e-06	8.104619e-10	3.585052e+01	5.502139e+01
3.270000e-06	5.171833e-06	8.113966e-10	3.597054e+01	5.505570e+01
3.280000e-06	5.188802e-06	8.114387e-10	3.608856e+01	5.508985e+01
3.290000e-06	5.205423e-06	8.100599e-10	3.620416e+01	5.512360e+01
3.300000e-06	5.221656e-06	8.090617e-10	3.631707e+01	5.515668e+01
3.310000e-06	5.237441e-06	8.100097e-10	3.642685e+01	5.518883e+01
3.320000e-06	5.252702e-06	8.129391e-10	3.653299e+01	5.521974e+01
3.330000e-06	5.267438e-06	8.164018e-10	3.663548e+01	5.524912e+01
3.340000e-06	5.281753e-06	8.210254e-10	3.673504e+01	5.527665e+01
3.350000e-06	5.295699e-06	8.255594e-10	3.683204e+01	5.530203e+01
3.360000e-06	5.309310e-06	8.275953e-10	3.692670e+01	5.532498e+01
3.370000e-06	5.322540e-06	8.265172e-10	3.701872e+01	5.534522e+01
3.380000e-06	5.335413e-06	8.226914e-10	3.710825e+01	5.536250e+01
3.390000e-06	5.347977e-06	8.201318e-10	3.719564e+01	5.537661e+01
3.400000e-06	5.360122e-06	8.215554e-10	3.728011e+01	5.538735e+01
3.410000e-06	5.371804e-06	8.254760e-10	3.736136e+01	5.539459e+01
3.420000e-06	5.383085e-06	8.294772e-10	3.743982e+01	5.539823e+01
3.430000e-06	5.393898e-06	8.316264e-10	3.751502e+01	5.539822e+01
3.440000e-06	5.404183e-06	8.327854e-10	3.758656e+01	5.539458e+01
3.450000e-06	5.413854e-06	8.334726e-10	3.765382e+01	5.538735e+01
3.460000e-06	5.422804e-06	8.329761e-10	3.771607e+01	5.537668e+01
3.470000e-06	5.431346e-06	8.306947e-10	3.777548e+01	5.536272e+01
3.480000e-06	5.439634e-06	8.302653e-10	3.783312e+01	5.534574e+01
3.490000e-06	5.447550e-06	8.299237e-10	3.788818e+01	5.532601e+01
3.500000e-06	5.455147e-06	8.281354e-10	3.794101e+01	5.530388e+01
3.510000e-06	5.462412e-06	8.265323e-10	3.799154e+01	5.527977e+01
3.520000e-06	5.469336e-06	8.255260e-10	3.803970e+01	5.525411e+01
3.530000e-06	5.475898e-06	8.274020e-10	3.808534e+01	5.522739e+01
3.540000e-06	5.482114e-06	8.298118e-10	3.812857e+01	5.520014e+01
3.550000e-06	5.487948e-06	8.308385e-10	3.816915e+01	5.517291e+01
3.560000e-06	5.493331e-06	8.319258e-10	3.820659e+01	5.514626e+01
3.570000e-06	5.498375e-06	8.338241e-10	3.824167e+01	5.512078e+01
3.580000e-06	5.503035e-06	8.344646e-10	3.827408e+01	5.509705e+01
3.590000e-06	5.507289e-06	8.325514e-10	3.830367e+01	5.507566e+01
3.600000e-06	5.511330e-06	8.305850e-10	3.833178e+01	5.505715e+01
3.610000e-06	5.515222e-06	8.311305e-10	3.835884e+01	5.504206e+01
3.620000e-06	5.518812e-06	8.315213e-10	3.838381e+01	5.503091e+01
3.630000e-06	5.521907e-06	8.320213e-10	3.840534e+01	5.502413e+01
3.640000e-06	5.524503e-06	8.337341e-10	3.842339e+01	5.502215e+01
3.650000e-06	5.526649e-06	8.355030e-10	3.843832e+01	5.502529e+01
3.660000e-06	5.528218e-06	8.360565e-10	3.844923e+01	5.503384e+01
3.670000e-06	5.529146e-06	8.358922e-10	3.845569e+01	5.504800e+01
3.680000e-06	5.529619e-06	8.348900e-10	3.845898e+01	5.506790e+01
3.690000e-06	5.529767e-06	8.316104e-10	3.846000e+01	5.509357e+01
3.700000e-06	5.529622e-06	8.297544e-10	3.845900e+01	5.512497e+01
3.710000e-06	5.529190e-06	8.312101e-10	3.845599e+01	5.516198e+01
3.720000e-06	5.528407e-06	8.322254e-10	3.845054e+01	5.520438e+01
3.730000e-06	5.527205e-06	8.348469e-10	3.844219e+01	5.525186e+01
3.740000e-06	5.525680e-06	8.386800e-10	3.843158e+01	5.530405e+01
3.750000e-06	5.523907e-06	8.358097e-10	3.841924e+01	5.536048e+01
3.760000e-06	5.521790e-06	8.110916e-10	3.840452e+01	5.542061e+01
3.770000e-06	5.519324e-06	7.863373e-10	3.838737e+01	5.548386e+01
3.780000e-06	5.516397e-06	8.530170e-10	3.836702e+01	5.554955e+01
3.790000e-06	5.512901e-06	9.336340e-10	3.834270e+01	5.561699e+01
3.800000e-06	5.508973e-06	8.588939e-10	3.831538e+01	5.568544e+01
3.810000e-06	5.504822e-06	8.035681e-10	3.828651e+01	5.575411e+01
3.820000e-06	5.500503e-06	8.251206e-10	3.825647e+01	5.582223e+01
3.830000e-06	5.495847e-06	8.607315e-10	3.822409e+01	5.588899e+01
3.840000e-06	5.490648e-06	8.406042e-10	3.818793e+01	5.595362e+01
3.850000e-06	5.484844e-06	7.701629e-10	3.814756e+01	5.601535e+01
3.860000e-06	5.478610e-06	8.689676e-10	3.810420e+01	5.607343e+01
3.870000e-06	5.472106e-06	9.644564e-10	3.805897e+01	5.612718e+01
3.880000e-06	5.465181e-06	8.888542e-10	3.801080e+01	5.617595e+01
3.890000e-06	5.457667e-06	7.457397e-10	3.795854e+01	5.621916e+01
3.900000e-06	5.449788e-06	8.080033e-10	3.790374e+01	5.625629e+01
3.910000e-06	5.441638e-06	9.271488e-10	3.784706e+01	5.628692e+01
3.920000e-06	5.433108e-06	8.709822e-10	3.778773e+01	5.631071e+01
3.930000e-06	5.424194e-06	7.899225e-10	3.772573e+01	5.632738e+01
3.940000e-06	5.414854e-06	8.499374e-10	3.766077e+01	5.633677e+01
3.950000e-06	5.405216e-06	9.074646e-10	3.759374e+01	5.633882e+01
3.960000e-06	5.395205e-06	8.169775e-10	3.752411e+01	5.633356e+01
3.970000e-06	5.384764e-06	7.896085e-10	3.745149e+01	5.632109e+01
3.980000e-06	5.374005e-06	8.705335e-10	3.737666e+01	5.630164e+01
3.990000e-06	5.362814e-06	9.024713e-10	3.729883e+01	5.627550e+01
4.000000e-06	5.351207e-06	8.320602e-10	3.721810e+01	5.624305e+01
4.010000e-06	5.339225e-06	8.200164e-10	3.713476e+01	5.620475e+01
4.020000e-06	5.326780e-06	8.596685e-10	3.704821e+01	5.616113e+01
4.030000e-06	5.313780e-06	8.753440e-10	3.695780e+01	5.611277e+01
4.040000e-06	5.300317e-06	8.231227e-10	3.686416e+01	5.606028e+01
4.050000e-06	5.286445e-06	8.035256e-10	3.676768e+01	5.600436e+01
4.060000e-06	5.272040e-06	8.563882e-10	3.666749e+01	5.594568e+01
4.070000e-06	5.257096e-06	9.059505e-10	3.656355e+01	5.588495e+01
4.080000e-06	5.241580e-06	8.294354e-10	3.645564e+01	5.582290e+01
4.090000e-06	5.225667e-06	7.806865e-10	3.634496e+01	5.576022e+01
4.100000e-06	5.209527e-06	8.671408e-10	3.623270e+01	5.569761e+01
4.110000e-06	5.193093e-06	8.834338e-10	3.611841e+01	5.563573e+01
4.120000e-06	5.176300e-06	7.769250e-10	3.600161e+01	5.557520e+01
4.130000e-06	5.159165e-06	8.148984e-10	3.588244e+01	5.551660e+01
4.140000e-06	5.141738e-06	9.182457e-10	3.576123e+01	5.546045e+01
4.150000e-06	5.123892e-06	8.207313e-10	3.563711e+01	5.540724e+01
4.160000e-06	5.105632e-06	7.705733e-10	3.551011e+01	5.535735e+01
4.170000e-06	5.087071e-06	9.048250e-10	3.538102e+01	5.531112e+01
4.180000e-06	5.068160e-06	8.780654e-10	3.524949e+01	5.526883e+01
4.190000e-06	5.048916e-06	7.391451e-10	3.511564e+01	5.523066e+01
4.200000e-06	5.029490e-06	8.406708e-10	3.498054e+01	5.519673e+01
4.210000e-06	5.009796e-06	9.012187e-10	3.484356e+01	5.516711e+01
4.220000e-06	4.989748e-06	7.610094e-10	3.470413e+01	5.514179e+01
4.230000e-06	4.969427e-06	8.009700e-10	3.456279e+01	5.512069e+01
4.240000e-06	4.948772e-06	9.362098e-10	3.441913e+01	5.510368e+01
4.250000e-06	4.927656e-06	8.136783e-10	3.427227e+01	5.509060e+01
4.260000e-06	4.906057e-06	7.683332e-10	3.412205e+01	5.508121e+01
4.270000e-06	4.883894e-06	9.187556e-10	3.396790e+01	5.507527e+01
4.280000e-06	4.861246e-06	8.738836e-10	3.381038e+01	5.507248e+01
4.290000e-06	4.838186e-06	7.533546e-10	3.365000e+01	5.507254e+01
4.300000e-06	4.814715e-06	8.633094e-10	3.348676e+01	5.507513e+01
4.310000e-06	4.790914e-06	8.990562e-10	3.332121e+01	5.507993e+01
4.320000e-06	4.766904e-06	7.934323e-10	3.315422e+01	5.508661e+01
4.330000e-06	4.742647e-06	8.323719e-10	3.298551e+01	5.509487e+01
4.340000e-06	4.718085e-06	8.957880e-10	3.281469e+01	5.510439e+01
4.350000e-06	4.693276e-06	8.199441e-10	3.264213e+01	5.511491e+01
4.360000e-06	4.668145e-06	8.227311e-10	3.246735e+01	5.512617e+01
4.370000e-06	4.642577e-06	8.865687e-10	3.228952e+01	5.513794e+01
4.380000e-06	4.616585e-06	8.523419e-10	3.210874e+01	5.515004e+01
4.390000e-06	4.590280e-06	8.258541e-10	3.192579e+01	5.516228e+01
4.400000e-06	4.563693e-06	8.640987e-10	3.174087e+01	5.517456e+01
4.410000e-06	4.536776e-06	8.542953e-10	3.155366e+01	5.518676e+01
4.420000e-06	4.509579e-06	8.327963e-10	3.136451e+01	5.519881e+01
4.430000e-06	4.482137e-06	8.556911e-10	3.117365e+01	5.521069e+01
4.440000e-06	4.454426e-06	8.585781e-10	3.098092e+01	5.522236e+01
4.450000e-06	4.426470e-06	8.430336e-10	3.078648e+01	5.523384e+01
4.460000e-06	4.398305e-06	8.529949e-10	3.059059e+01	5.524514e+01
4.470000e-06	4.370006e-06	8.626567e-10	3.039377e+01	5.525630e+01
4.480000e-06	4.341404e-06	8.497248e-10	3.019484e+01	5.526735e+01
4.490000e-06	4.312389e-06	8.480146e-10	2.999303e+01	5.527833e+01
4.500000e-06	4.282982e-06	8.516364e-10	2.978850e+01	5.528927e+01
4.510000e-06	4.253013e-06	8.472160e-10	2.958007e+01	5.530019e+01
4.520000e-06	4.222473e-06	8.440030e-10	2.936766e+01	5.531111e+01
4.530000e-06	4.191549e-06	8.559901e-10	2.915258e+01	5.532201e+01
4.540000e-06	4.160316e-06	8.527812e-10	2.893535e+01	5.533286e+01
4.550000e-06	4.128759e-06	8.431401e-10	2.871587e+01	5.534360e+01
4.560000e-06	4.096903e-06	8.546120e-10	2.849431e+01	5.535415e+01
4.570000e-06	4.064861e-06	8.635354e-10	2.827145e+01	5.536441e+01
4.580000e-06	4.032622e-06	8.478309e-10	2.804723e+01	5.537422e+01
4.590000e-06	4.000113e-06	8.526174e-10	2.782113e+01	5.538342e+01
4.600000e-06	3.967376e-06	8.667303e-10	2.759344e+01	5.539182e+01
4.610000e-06	3.934387e-06	8.596002e-10	2.736400e+01	5.539920e+01
4.620000e-06	3.901119e-06	8.538814e-10	2.713262e+01	5.540533e+01
4.630000e-06	3.867610e-06	8.658356e-10	2.689956e+01	5.540995e+01
4.640000e-06	3.833808e-06	8.566076e-10	2.666446e+01	5.541280e+01
4.650000e-06	3.799730e-06	8.452866e-10	2.642745e+01	5.541361e+01
4.660000e-06	3.765441e-06	8.564418e-10	2.618897e+01	5.541212e+01
4.670000e-06	3.730931e-06	8.637195e-10	2.594894e+01	5.540805e+01
4.680000e-06	3.696192e-06	8.557287e-10	2.570733e+01	5.540116e+01
4.690000e-06	3.661161e-06	8.604295e-10	2.546369e+01	5.539120e+01
4.700000e-06	3.625734e-06	8.683444e-10	2.521729e+01	5.537798e+01
4.710000e-06	3.590067e-06	8.566112e-10	2.496922e+01	5.536130e+01
4.720000e-06	3.554304e-06	8.481224e-10	2.472049e+01	5.534101e+01
4.730000e-06	3.518350e-06	8.555946e-10	2.447042e+01	5.531699e+01
4.740000e-06	3.482228e-06	8.580213e-10	2.421920e+01	5.528917e+01
4.750000e-06	3.445992e-06	8.554191e-10	2.396717e+01	5.525752e+01
4.760000e-06	3.409583e-06	8.635351e-10	2.371394e+01	5.522204e+01
4.770000e-06	3.372911e-06	8.648867e-10	2.345888e+01	5.518278e+01
4.780000e-06	3.335974e-06	8.539301e-10	2.320198e+01	5.513983e+01
4.790000e-06	3.298645e-06	8.489721e-10	2.294236e+01	5.509334e+01
4.800000e-06	3.260787e-06	8.510749e-10	2.267905e+01	5.504346e+01
4.810000e-06	3.222603e-06	8.458822e-10	2.241348e+01	5.499039e+01
4.820000e-06	3.184156e-06	8.455955e-10	2.214608e+01	5.493438e+01
4.830000e-06	3.145281e-06	8.530833e-10	2.187570e+01	5.487567e+01
4.840000e-06	3.106043e-06	8.540437e-10	2.160280e+01	5.481452e+01
4.850000e-06	3.066585e-06	8.493292e-10	2.132836e+01	5.475122e+01
4.860000e-06	3.026939e-06	8.521373e-10	2.105262e+01	5.468603e+01
4.870000e-06	2.987117e-06	8.551752e-10	2.077565e+01	5.461923e+01
4.880000e-06	2.947186e-06	8.545797e-10	2.049793e+01	5.455107e+01
4.890000e-06	2.907145e-06	8.559001e-10	2.021944e+01	5.448177e+01
4.900000e-06	2.866942e-06	8.600483e-10	1.993983e+01	5.441154e+01
4.910000e-06	2.826595e-06	8.571807e-10	1.965921e+01	5.434055e+01
4.920000e-06	2.786049e-06	8.532743e-10	1.937721e+01	5.426891e+01
4.930000e-06	2.745303e-06	8.556915e-10	1.909382e+01	5.419669e+01
4.940000e-06	2.704379e-06	8.577767e-10	1.880919e+01	5.412392e+01
4.950000e-06	2.663308e-06	8.571780e-10	1.852353e+01	5.405055e+01
4.960000e-06	2.622126e-06	8.593105e-10	1.823711e+01	5.397649e+01
4.970000e-06	2.580724e-06	8.597452e-10	1.794915e+01	5.390158e+01
4.980000e-06	2.539129e-06	8.583248e-10	1.765986e+01	5.382560e+01
4.990000e-06	2.497391e-06	8.574857e-10	1.736957e+01	5.374827e+01
5.000000e-06	2.455437e-06	8.573256e-10	1.707778e+01	5.366927e+01
5.010000e-06	2.413328e-06	8.535742e-10	1.678490e+01	5.358821e+01
5.020000e-06	2.371045e-06	8.510776e-10	1.649082e+01	5.350465e+01
5.030000e-06	2.328597e-06	8.527760e-10	1.619559e+01	5.341813e+01
5.040000e-06	2.286042e-06	8.521554e-10	1.589962e+01	5.332813e+01
5.050000e-06	2.243299e-06	8.511624e-10	1.560234e+01	5.323411e+01
5.060000e-06	2.200382e-06	8.525195e-10	1.530385e+01	5.313552e+01
5.070000e-06	2.157357e-06	8.529004e-10	1.500460e+01	5.303179e+01
5.080000e-06	2.114170e-06	8.487566e-10	1.470423e+01	5.292235e+01
5.090000e-06	2.070763e-06	8.438252e-10	1.440233e+01	5.280663e+01
5.100000e-06	2.027159e-06	8.403543e-10	1.409906e+01	5.268407e+01
5.110000e-06	1.983388e-06	8.398914e-10	1.379464e+01	5.255414e+01
5.120000e-06	1.939513e-06	8.402236e-10	1.348948e+01	5.241632e+01
5.130000e-06	1.895574e-06	8.391853e-10	1.318388e+01	5.227015e+01
5.140000e-06	1.851611e-06	8.367896e-10	1.287811e+01	5.211517e+01
5.150000e-06	1.807614e-06	8.332705e-10	1.257211e+01	5.195100e+01
5.160000e-06	1.763533e-06	8.293692e-10	1.226552e+01	5.177727e+01
5.170000e-06	1.719360e-06	8.273518e-10	1.195829e+01	5.159367e+01
5.180000e-06	1.675167e-06	8.242602e-10	1.165093e+01	5.139993e+01
5.190000e-06	1.630947e-06	8.207202e-10	1.134337e+01	5.119583e+01
5.200000e-06	1.586611e-06	8.190157e-10	1.103502e+01	5.098116e+01
5.210000e-06	1.542188e-06	8.165814e-10	1.072605e+01	5.075579e+01
5.220000e-06	1.497646e-06	8.132439e-10	1.041625e+01	5.051958e+01
5.230000e-06	1.452952e-06	8.109980e-10	1.010540e+01	5.027242e+01
5.240000e-06	1.408184e-06	8.082813e-10	9.794038e+00	5.001421e+01
5.250000e-06	1.363370e-06	8.057863e-10	9.482354e+00	4.974488e+01
5.260000e-06	1.318432e-06	8.054804e-10	9.169807e+00	4.946431e+01
5.270000e-06	1.273329e-06	8.033472e-10	8.856111e+00	4.917240e+01
5.280000e-06	1.228119e-06	7.972003e-10	8.541671e+00	4.886901e+01
5.290000e-06	1.182814e-06	7.900775e-10	8.226569e+00	4.855397e+01
5.300000e-06	1.137367e-06	7.830471e-10	7.910482e+00	4.822704e+01
5.310000e-06	1.091835e-06	7.801252e-10	7.593803e+00	4.788797e+01
5.320000e-06	1.046278e-06	7.801675e-10	7.276955e+00	4.753640e+01
5.330000e-06	1.000624e-06	7.774198e-10	6.959425e+00	4.717194e+01
5.340000e-06	9.548619e-07	7.715282e-10	6.641146e+00	4.679409e+01
5.350000e-06	9.090786e-07	7.659134e-10	6.322720e+00	4.640230e+01
5.360000e-06	8.632180e-07	7.593848e-10	6.003755e+00	4.599590e+01
5.370000e-06	8.172372e-07	7.492052e-10	5.683955e+00	4.557416e+01
5.380000e-06	7.712606e-07	7.400863e-10	5.364184e+00	4.513626e+01
5.390000e-06	7.252430e-07	7.351947e-10	5.044127e+00	4.468130e+01
5.400000e-06	6.791189e-07	7.314381e-10	4.723330e+00	4.420830e+01
5.410000e-06	6.328619e-07	7.261082e-10	4.401609e+00	4.371620e+01
5.420000e-06	5.865688e-07	7.177125e-10	4.079636e+00	4.320389e+01
5.430000e-06	5.403099e-07	7.055184e-10	3.757902e+00	4.267019e+01
5.440000e-06	4.940154e-07	6.916600e-10	3.435919e+00	4.211391e+01
5.450000e-06	4.476883e-07	6.799615e-10	3.113710e+00	4.153379e+01
5.460000e-06	4.012889e-07	6.727968e-10	2.790999e+00	4.092860e+01
5.470000e-06	3.548639e-07	6.670664e-10	2.468109e+00	4.029708e+01
5.480000e-06	3.084461e-07	6.622055e-10	2.145269e+00	3.963801e+01
5.490000e-06	2.619703e-07	6.565106e-10	1.822026e+00	3.895019e+01
5.500000e-06	2.155144e-07	6.463075e-10	1.498921e+00	3.823248e+01
5.510000e-06	1.690727e-07	6.330181e-10	1.175915e+00	3.748382e+01
5.520000e-06	1.225977e-07	6.200585e-10	8.526773e-01	3.670324e+01
5.530000e-06	7.612526e-08	6.067328e-10	5.294577e-01	3.588985e+01
5.540000e-06	2.964851e-08	5.914582e-10	2.062079e-01	3.504292e+01
5.550000e-06	-1.678856e-08	5.788427e-10	-1.167659e-01	3.416182e+01
5.560000e-06	-6.328914e-08	5.681922e-10	-4.401814e-01	3.324609e+01
5.570000e-06	-1.098559e-07	5.550600e-10	-7.640575e-01	3.229542e+01
5.580000e-06	-1.564064e-07	5.393995e-10	-1.087820e+00	3.130969e+01
5.590000e-06	-2.029366e-07	5.226920e-10	-1.411442e+00	3.028893e+01
5.600000e-06	-2.494120e-07	5.074558e-10	-1.734682e+00	2.923338e+01
5.610000e-06	-2.958017e-07	4.905752e-10	-2.057326e+00	2.814345e+01
5.620000e-06	-3.421429e-07	4.717148e-10	-2.379633e+00	2.701975e+01
5.630000e-06	-3.885303e-07	4.508259e-10	-2.702262e+00	2.586308e+01
5.640000e-06	-4.348865e-07	4.291063e-10	-3.024673e+00	2.467441e+01
5.650000e-06	-4.811605e-07	4.059054e-10	-3.346513e+00	2.345490e+01
5.660000e-06	-5.274506e-07	3.831639e-10	-3.668464e+00	2.220588e+01
5.670000e-06	-5.737214e-07	3.659642e-10	-3.990281e+00	2.092885e+01
5.680000e-06	-6.198821e-07	3.488781e-10	-4.311333e+00	1.962543e+01
5.690000e-06	-6.659245e-07	3.262676e-10	-4.631562e+00	1.829741e+01
5.700000e-06	-7.119405e-07	3.005811e-10	-4.951607e+00	1.694669e+01
5.710000e-06	-7.579506e-07	2.752916e-10	-5.271611e+00	1.557527e+01
5.720000e-06	-8.038393e-07	2.495509e-10	-5.590771e+00	1.418525e+01
5.730000e-06	-8.496040e-07	2.225238e-10	-5.909068e+00	1.277880e+01
5.740000e-06	-8.953342e-07	1.962410e-10	-6.227126e+00	1.135813e+01
5.750000e-06	-9.410780e-07	1.723969e-10	-6.545278e+00	9.925517e+00
5.760000e-06	-9.867803e-07	1.507748e-10	-6.863142e+00	8.483227e+00
5.770000e-06	-1.032362e-06	1.313098e-10	-7.180169e+00	7.033545e+00
5.780000e-06	-1.077869e-06	1.084252e-10	-7.496672e+00	5.578735e+00
5.790000e-06	-1.123305e-06	8.086650e-11	-7.812680e+00	4.121033e+00
5.800000e-06	-1.168525e-06	5.099311e-11	-8.127189e+00	2.662630e+00
5.810000e-06	-1.213487e-06	2.051677e-11	-8.439905e+00	1.205659e+00
5.820000e-06	-1.258365e-06	-7.973283e-12	-8.752039e+00	-2.478192e-01
5.830000e-06	-1.303257e-06	-3.323743e-11	-9.064263e+00	-1.695822e+00
5.840000e-06	-1.348123e-06	-5.789082e-11	-9.376310e+00	-3.136458e+00
5.850000e-06	-1.392923e-06	-8.231472e-11	-9.687900e+00	-4.567930e+00
5.860000e-06	-1.437607e-06	-1.056675e-10	-9.998679e+00	-5.988547e+00
5.870000e-06	-1.482184e-06	-1.279305e-10	-1.030872e+01	-7.396719e+00
5.880000e-06	-1.526625e-06	-1.499919e-10	-1.061781e+01	-8.790967e+00
5.890000e-06	-1.570967e-06	-1.728849e-10	-1.092621e+01	-1.016992e+01
5.900000e-06	-1.615276e-06	-1.968094e-10	-1.123438e+01	-1.153232e+01
5.910000e-06	-1.659501e-06	-2.215677e-10	-1.154197e+01	-1.287700e+01
5.920000e-06	-1.703665e-06	-2.452074e-10	-1.184914e+01	-1.420292e+01
5.930000e-06	-1.747825e-06	-2.670202e-10	-1.215627e+01	-1.550912e+01
5.940000e-06	-1.791933e-06	-2.881572e-10	-1.246305e+01	-1.679474e+01
5.950000e-06	-1.835955e-06	-3.071477e-10	-1.276922e+01	-1.805900e+01
5.960000e-06	-1.879861e-06	-3.248809e-10	-1.307459e+01	-1.930121e+01
5.970000e-06	-1.923670e-06	-3.422193e-10	-1.337929e+01	-2.052076e+01
5.980000e-06	-1.967385e-06	-3.600715e-10	-1.368333e+01	-2.171711e+01
5.990000e-06	-2.010981e-06	-3.836923e-10	-1.398655e+01	-2.288976e+01
6.000000e-06	-2.054440e-06	-4.098161e-10	-1.428880e+01	-2.403828e+01
6.010000e-06	-2.097772e-06	-4.313034e-10	-1.459019e+01	-2.516231e+01
6.020000e-06	-2.140953e-06	-4.468045e-10	-1.489051e+01	-2.626149e+01
6.030000e-06	-2.183959e-06	-4.612981e-10	-1.518962e+01	-2.733555e+01
6.040000e-06	-2.226866e-06	-4.775199e-10	-1.548804e+01	-2.838421e+01
6.050000e-06	-2.269568e-06	-4.951879e-10	-1.578504e+01	-2.940725e+01
6.060000e-06	-2.312048e-06	-5.118972e-10	-1.608049e+01	-3.040447e+01
6.070000e-06	-2.354361e-06	-5.280405e-10	-1.637478e+01	-3.137570e+01
6.080000e-06	-2.396504e-06	-5.445591e-10	-1.666789e+01	-3.232078e+01
6.090000e-06	-2.438508e-06	-5.589812e-10	-1.696003e+01	-3.323961e+01
6.100000e-06	-2.480431e-06	-5.721328e-10	-1.725161e+01	-3.413208e+01
6.110000e-06	-2.522207e-06	-5.856521e-10	-1.754217e+01	-3.499813e+01
6.120000e-06	-2.563797e-06	-5.999127e-10	-1.783143e+01	-3.583771e+01
6.130000e-06	-2.605257e-06	-6.130478e-10	-1.811979e+01	-3.665083e+01
6.140000e-06	-2.646514e-06	-6.260594e-10	-1.840673e+01	-3.743749e+01
6.150000e-06	-2.687445e-06	-6.408056e-10	-1.869141e+01	-3.819776e+01
6.160000e-06	-2.728032e-06	-6.529736e-10	-1.897370e+01	-3.893174e+01
6.170000e-06	-2.768493e-06	-6.635153e-10	-1.925511e+01	-3.963956e+01
6.180000e-06	-2.808877e-06	-6.745176e-10	-1.953598e+01	-4.032140e+01
6.190000e-06	-2.849149e-06	-6.827153e-10	-1.981607e+01	-4.097750e+01
6.200000e-06	-2.889293e-06	-6.886923e-10	-2.009528e+01	-4.160813e+01
6.210000e-06	-2.929319e-06	-6.965228e-10	-2.037366e+01	-4.221361e+01
6.220000e-06	-2.969280e-06	-7.066219e-10	-2.065160e+01	-4.279433e+01
6.230000e-06	-3.009037e-06	-7.163403e-10	-2.092811e+01	-4.335070e+01
6.240000e-06	-3.048545e-06	-7.278387e-10	-2.120289e+01	-4.388321e+01
6.250000e-06	-3.087874e-06	-7.403301e-10	-2.147643e+01	-4.439239e+01
6.260000e-06	-3.126978e-06	-7.503768e-10	-2.174840e+01	-4.487882e+01
6.270000e-06	-3.165765e-06	-7.564858e-10	-2.201817e+01	-4.534313e+01
6.280000e-06	-3.204181e-06	-7.579005e-10	-2.228535e+01	-4.578599e+01
6.290000e-06	-3.242197e-06	-7.585975e-10	-2.254976e+01	-4.620810e+01
6.300000e-06	-3.279792e-06	-7.614975e-10	-2.281123e+01	-4.661023e+01
6.310000e-06	-3.316933e-06	-7.682807e-10	-2.306955e+01	-4.699314e+01
6.320000e-06	-3.353760e-06	-7.808784e-10	-2.332569e+01	-4.735764e+01
6.330000e-06	-3.390364e-06	-7.959203e-10	-2.358027e+01	-4.770456e+01
6.340000e-06	-3.426745e-06	-8.059120e-10	-2.383331e+01	-4.803474e+01
6.350000e-06	-3.462965e-06	-8.103818e-10	-2.408522e+01	-4.834902e+01
6.360000e-06	-3.499029e-06	-8.115613e-10	-2.433605e+01	-4.864826e+01
6.370000e-06	-3.534988e-06	-8.102161e-10	-2.458615e+01	-4.893329e+01
6.380000e-06	-3.570769e-06	-8.088791e-10	-2.483500e+01	-4.920495e+01
6.390000e-06	-3.606291e-06	-8.121162e-10	-2.508206e+01	-4.946405e+01
6.400000e-06	-3.641546e-06	-8.236947e-10	-2.532727e+01	-4.971138e+01
6.410000e-06	-3.676432e-06	-8.375621e-10	-2.556990e+01	-4.994769e+01
6.420000e-06	-3.711051e-06	-8.470643e-10	-2.581068e+01	-5.017371e+01
6.430000e-06	-3.745503e-06	-8.529232e-10	-2.605029e+01	-5.039013e+01
6.440000e-06	-3.779786e-06	-8.557122e-10	-2.628874e+01	-5.059759e+01
6.450000e-06	-3.813850e-06	-8.544731e-10	-2.652565e+01	-5.079669e+01
6.460000e-06	-3.847594e-06	-8.530285e-10	-2.676034e+01	-5.098796e+01
6.470000e-06	-3.881125e-06	-8.557035e-10	-2.699356e+01	-5.117191e+01
6.480000e-06	-3.914405e-06	-8.608940e-10	-2.722502e+01	-5.134897e+01
6.490000e-06	-3.947248e-06	-8.655611e-10	-2.745345e+01	-5.151956e+01
6.500000e-06	-3.979758e-06	-8.702453e-10	-2.767956e+01	-5.168401e+01
6.510000e-06	-4.012082e-06	-8.750378e-10	-2.790437e+01	-5.184261e+01
6.520000e-06	-4.044234e-06	-8.786544e-10	-2.812800e+01	-5.199561e+01
6.530000e-06	-4.076237e-06	-8.802901e-10	-2.835057e+01	-5.214322e+01
6.540000e-06	-4.108036e-06	-8.803841e-10	-2.857174e+01	-5.228560e+01
6.550000e-06	-4.139551e-06	-8.813426e-10	-2.879093e+01	-5.242288e+01
6.560000e-06	-4.170794e-06	-8.840993e-10	-2.900823e+01	-5.255515e+01
6.570000e-06	-4.201606e-06	-8.863182e-10	-2.922253e+01	-5.268249e+01
6.580000e-06	-4.231801e-06	-8.866396e-10	-2.943254e+01	-5.280494e+01
6.590000e-06	-4.261445e-06	-8.883874e-10	-2.963872e+01	-5.292252e+01
6.600000e-06	-4.290656e-06	-8.918877e-10	-2.984188e+01	-5.303526e+01
6.610000e-06	-4.319451e-06	-8.945470e-10	-3.004215e+01	-5.314317e+01
6.620000e-06	-4.347922e-06	-8.963190e-10	-3.024017e+01	-5.324625e+01
6.630000e-06	-4.376255e-06	-8.962891e-10	-3.043723e+01	-5.334452e+01
6.640000e-06	-4.404369e-06	-8.961914e-10	-3.063276e+01	-5.343801e+01
6.650000e-06	-4.432265e-06	-8.947397e-10	-3.082678e+01	-5.352673e+01
6.660000e-06	-4.459976e-06	-8.944078e-10	-3.101951e+01	-5.361074e+01
6.670000e-06	-4.487359e-06	-8.963470e-10	-3.120997e+01	-5.369011e+01
6.680000e-06	-4.514414e-06	-8.983740e-10	-3.139814e+01	-5.376492e+01
6.690000e-06	-4.541113e-06	-9.000399e-10	-3.158383e+01	-5.383528e+01
6.700000e-06	-4.567470e-06	-8.989611e-10	-3.176714e+01	-5.390133e+01
6.710000e-06	-4.593569e-06	-8.958170e-10	-3.194866e+01	-5.396323e+01
6.720000e-06	-4.619373e-06	-8.923548e-10	-3.212813e+01	-5.402116e+01
6.730000e-06	-4.644883e-06	-8.905379e-10	-3.230556e+01	-5.407533e+01
6.740000e-06	-4.670041e-06	-8.921431e-10	-3.248053e+01	-5.412597e+01
6.750000e-06	-4.694797e-06	-8.971741e-10	-3.265272e+01	-5.417333e+01
6.760000e-06	-4.719246e-06	-9.020745e-10	-3.282276e+01	-5.421768e+01
6.770000e-06	-4.743465e-06	-9.019008e-10	-3.299120e+01	-5.425931e+01
6.780000e-06	-4.767503e-06	-8.987523e-10	-3.315839e+01	-5.429851e+01
6.790000e-06	-4.791293e-06	-8.963033e-10	-3.332386e+01	-5.433559e+01
6.800000e-06	-4.814709e-06	-8.924544e-10	-3.348671e+01	-5.437086e+01
6.810000e-06	-4.837768e-06	-8.873443e-10	-3.364709e+01	-5.440461e+01
6.820000e-06	-4.860381e-06	-8.849928e-10	-3.380436e+01	-5.443715e+01
6.830000e-06	-4.882392e-06	-8.861391e-10	-3.395745e+01	-5.446877e+01
6.840000e-06	-4.903880e-06	-8.890144e-10	-3.410691e+01	-5.449975e+01
6.850000e-06	-4.924953e-06	-8.922220e-10	-3.425347e+01	-5.453033e+01
6.860000e-06	-4.945593e-06	-8.921383e-10	-3.439702e+01	-5.456076e+01
6.870000e-06	-4.965908e-06	-8.879019e-10	-3.453831e+01	-5.459123e+01
6.880000e-06	-4.986011e-06	-8.824180e-10	-3.467814e+01	-5.462191e+01
6.890000e-06	-5.005860e-06	-8.795206e-10	-3.481619e+01	-5.465296e+01
6.900000e-06	-5.025405e-06	-8.796311e-10	-3.495212e+01	-5.468446e+01
6.910000e-06	-5.044574e-06	-8.818465e-10	-3.508545e+01	-5.471649e+01
6.920000e-06	-5.063386e-06	-8.833658e-10	-3.521628e+01	-5.474906e+01
6.930000e-06	-5.081893e-06	-8.845064e-10	-3.534500e+01	-5.478216e+01
6.940000e-06	-5.100093e-06	-8.863571e-10	-3.547158e+01	-5.481573e+01
6.950000e-06	-5.117968e-06	-8.842481e-10	-3.559591e+01	-5.484967e+01
6.960000e-06	-5.135490e-06	-8.805034e-10	-3.571777e+01	-5.488384e+01
6.970000e-06	-5.152597e-06	-8.791944e-10	-3.583676e+01	-5.491807e+01
6.980000e-06	-5.169310e-06	-8.800915e-10	-3.595299e+01	-5.495216e+01
6.990000e-06	-5.185806e-06	-8.808802e-10	-3.606772e+01	-5.498588e+01
7.000000e-06	-5.202138e-06	-8.789510e-10	-3.618131e+01	-5.501895e+01
7.010000e-06	-5.218186e-06	-8.758530e-10	-3.629293e+01	-5.505112e+01
7.020000e-06	-5.233856e-06	-8.736866e-10	-3.640192e+01	-5.508207e+01
7.030000e-06	-5.249047e-06	-8.731816e-10	-3.650757e+01	-5.511150e+01
7.040000e-06	-5.263576e-06	-8.719823e-10	-3.660862e+01	-5.513912e+01
7.050000e-06	-5.277462e-06	-8.715634e-10	-3.670520e+01	-5.516462e+01
7.060000e-06	-5.290865e-06	-8.721524e-10	-3.679842e+01	-5.518770e+01
7.070000e-06	-5.303852e-06	-8.718408e-10	-3.688874e+01	-5.520810e+01
7.080000e-06	-5.316462e-06	-8.707952e-10	-3.697645e+01	-5.522556e+01
7.090000e-06	-5.328671e-06	-8.682257e-10	-3.706136e+01	-5.523986e+01
7.100000e-06	-5.340485e-06	-8.656196e-10	-3.714353e+01	-5.525082e+01
7.110000e-06	-5.351880e-06	-8.629468e-10	-3.722278e+01	-5.525827e+01
7.120000e-06	-5.362801e-06	-8.608790e-10	-3.729874e+01	-5.526214e+01
7.130000e-06	-5.373340e-06	-8.619507e-10	-3.737204e+01	-5.526236e+01
7.140000e-06	-5.383538e-06	-8.645789e-10	-3.744297e+01	-5.525894e+01
7.150000e-06	-5.393379e-06	-8.668586e-10	-3.751141e+01	-5.525193e+01
7.160000e-06	-5.402820e-06	-8.683149e-10	-3.757707e+01	-5.524146e+01
7.170000e-06	-5.411837e-06	-8.676235e-10	-3.763979e+01	-5.522769e+01
7.180000e-06	-5.420559e-06	-8.651509e-10	-3.770045e+01	-5.521087e+01
7.190000e-06	-5.428995e-06	-8.625335e-10	-3.775912e+01	-5.519128e+01
7.200000e-06	-5.437209e-06	-8.597787e-10	-3.781626e+01	-5.516927e+01
7.210000e-06	-5.445139e-06	-8.574050e-10	-3.787141e+01	-5.514522e+01
7.220000e-06	-5.452701e-06	-8.578863e-10	-3.792400e+01	-5.511960e+01
7.230000e-06	-5.459936e-06	-8.599869e-10	-3.797432e+01	-5.509287e+01
7.240000e-06	-5.466686e-06	-8.615498e-10	-3.802127e+01	-5.506557e+01
7.250000e-06	-5.472838e-06	-8.625640e-10	-3.806406e+01	-5.503824e+01
7.260000e-06	-5.478372e-06	-8.617238e-10	-3.810255e+01	-5.501144e+01
7.270000e-06	-5.483327e-06	-8.590406e-10	-3.813701e+01	-5.498576e+01
7.280000e-06	-5.487877e-06	-8.553964e-10	-3.816866e+01	-5.496179e+01
7.290000e-06	-5.492175e-06	-8.509917e-10	-3.819855e+01	-5.494010e+01
7.300000e-06	-5.496290e-06	-8.487528e-10	-3.822717e+01	-5.492125e+01
7.310000e-06	-5.500126e-06	-8.481266e-10	-3.825385e+01	-5.490579e+01
7.320000e-06	-5.503504e-06	-8.498291e-10	-3.827734e+01	-5.489421e+01
7.330000e-06	-5.506473e-06	-8.527230e-10	-3.829799e+01	-5.488698e+01
7.340000e-06	-5.509110e-06	-8.539379e-10	-3.831633e+01	-5.488450e+01
7.350000e-06	-5.511392e-06	-8.535102e-10	-3.833221e+01	-5.488713e+01
7.360000e-06	-5.513335e-06	-8.512456e-10	-3.834572e+01	-5.489514e+01
7.370000e-06	-5.514885e-06	-8.492942e-10	-3.835649e+01	-5.490875e+01
7.380000e-06	-5.515882e-06	-8.443378e-10	-3.836343e+01	-5.492809e+01
7.390000e-06	-5.516506e-06	-8.407972e-10	-3.836777e+01	-5.495320e+01
7.400000e-06	-5.517001e-06	-8.396918e-10	-3.837121e+01	-5.498406e+01
