# Temperatura_=_-8.65
# Concentracion g/m^3_=_1620.0
# C_Vs_to_Am_M_A/Vsm_=_65563218390.804596
# pendiente_HvsI_1/m_=_3716.3
# ordenada_HvsI_A/m_=_1297.0
# frecuencia_Hz_=_135111.22818241233

Tiempo_(s)	Campo_(V.s)	Magnetizacion_(V.s)	Campo_(kA/m)	Magnetizacion_(A/m)
0.000000e+00	-5.520410e-06	-9.653910e-10	-3.835741e+01	-6.697324e+01
1.000000e-08	-5.520587e-06	-9.610161e-10	-3.835864e+01	-6.696867e+01
2.000000e-08	-5.520526e-06	-9.604843e-10	-3.835821e+01	-6.696325e+01
3.000000e-08	-5.520182e-06	-9.632447e-10	-3.835582e+01	-6.695683e+01
4.000000e-08	-5.519337e-06	-9.669746e-10	-3.834995e+01	-6.694927e+01
5.000000e-08	-5.517853e-06	-9.640607e-10	-3.833964e+01	-6.694043e+01
6.000000e-08	-5.515831e-06	-9.525116e-10	-3.832559e+01	-6.693013e+01
7.000000e-08	-5.513181e-06	-9.424094e-10	-3.830718e+01	-6.691820e+01
8.000000e-08	-5.509901e-06	-9.490432e-10	-3.828439e+01	-6.690446e+01
9.000000e-08	-5.506162e-06	-9.827422e-10	-3.825841e+01	-6.688870e+01
1.000000e-07	-5.502030e-06	-1.015285e-09	-3.822970e+01	-6.687071e+01
1.100000e-07	-5.497637e-06	-9.883891e-10	-3.819917e+01	-6.685025e+01
1.200000e-07	-5.493110e-06	-8.742866e-10	-3.816772e+01	-6.682706e+01
1.300000e-07	-5.488328e-06	-9.075057e-10	-3.813449e+01	-6.680089e+01
1.400000e-07	-5.483073e-06	-9.836182e-10	-3.809798e+01	-6.677145e+01
1.500000e-07	-5.477303e-06	-1.002743e-09	-3.805788e+01	-6.673845e+01
1.600000e-07	-5.471164e-06	-9.222649e-10	-3.801523e+01	-6.670159e+01
1.700000e-07	-5.464715e-06	-9.066028e-10	-3.797042e+01	-6.666057e+01
1.800000e-07	-5.457830e-06	-1.008689e-09	-3.792258e+01	-6.661508e+01
1.900000e-07	-5.450515e-06	-1.024860e-09	-3.787176e+01	-6.656484e+01
2.000000e-07	-5.442912e-06	-9.636380e-10	-3.781892e+01	-6.650955e+01
2.100000e-07	-5.435073e-06	-9.236386e-10	-3.776446e+01	-6.644897e+01
2.200000e-07	-5.427037e-06	-9.893172e-10	-3.770862e+01	-6.638284e+01
2.300000e-07	-5.418747e-06	-1.009960e-09	-3.765102e+01	-6.631097e+01
2.400000e-07	-5.410131e-06	-9.813030e-10	-3.759116e+01	-6.623320e+01
2.500000e-07	-5.400903e-06	-9.582535e-10	-3.752704e+01	-6.614940e+01
2.600000e-07	-5.390800e-06	-9.937223e-10	-3.745684e+01	-6.605951e+01
2.700000e-07	-5.380043e-06	-9.777552e-10	-3.738210e+01	-6.596353e+01
2.800000e-07	-5.368877e-06	-9.538617e-10	-3.730451e+01	-6.586151e+01
2.900000e-07	-5.357303e-06	-9.576081e-10	-3.722409e+01	-6.575358e+01
3.000000e-07	-5.345332e-06	-9.945990e-10	-3.714091e+01	-6.563993e+01
3.100000e-07	-5.332994e-06	-9.907132e-10	-3.705519e+01	-6.552082e+01
3.200000e-07	-5.320192e-06	-9.919323e-10	-3.696624e+01	-6.539659e+01
3.300000e-07	-5.306940e-06	-9.935154e-10	-3.687415e+01	-6.526766e+01
3.400000e-07	-5.293397e-06	-9.968288e-10	-3.678005e+01	-6.513450e+01
3.500000e-07	-5.279482e-06	-9.888062e-10	-3.668337e+01	-6.499765e+01
3.600000e-07	-5.265177e-06	-9.780596e-10	-3.658398e+01	-6.485772e+01
3.700000e-07	-5.250536e-06	-9.683832e-10	-3.648225e+01	-6.471536e+01
3.800000e-07	-5.235306e-06	-9.851897e-10	-3.637642e+01	-6.457128e+01
3.900000e-07	-5.219331e-06	-9.861287e-10	-3.626542e+01	-6.442621e+01
4.000000e-07	-5.202857e-06	-9.604381e-10	-3.615095e+01	-6.428092e+01
4.100000e-07	-5.186067e-06	-9.773584e-10	-3.603430e+01	-6.413618e+01
4.200000e-07	-5.168964e-06	-9.942044e-10	-3.591546e+01	-6.399278e+01
4.300000e-07	-5.151555e-06	-9.521482e-10	-3.579450e+01	-6.385149e+01
4.400000e-07	-5.133893e-06	-9.256351e-10	-3.567178e+01	-6.371304e+01
4.500000e-07	-5.115865e-06	-9.861047e-10	-3.554651e+01	-6.357816e+01
4.600000e-07	-5.097258e-06	-9.688459e-10	-3.541723e+01	-6.344752e+01
4.700000e-07	-5.078218e-06	-9.084124e-10	-3.528493e+01	-6.332171e+01
4.800000e-07	-5.058971e-06	-9.442512e-10	-3.515120e+01	-6.320129e+01
4.900000e-07	-5.039487e-06	-9.999070e-10	-3.501582e+01	-6.308669e+01
5.000000e-07	-5.019740e-06	-9.383536e-10	-3.487861e+01	-6.297830e+01
5.100000e-07	-4.999788e-06	-9.351152e-10	-3.473997e+01	-6.287639e+01
5.200000e-07	-4.979551e-06	-9.875532e-10	-3.459936e+01	-6.278112e+01
5.300000e-07	-4.958888e-06	-9.559181e-10	-3.445579e+01	-6.269257e+01
5.400000e-07	-4.937769e-06	-9.119132e-10	-3.430905e+01	-6.261069e+01
5.500000e-07	-4.916346e-06	-9.714705e-10	-3.416020e+01	-6.253535e+01
5.600000e-07	-4.894668e-06	-9.624937e-10	-3.400957e+01	-6.246627e+01
5.700000e-07	-4.872686e-06	-9.048765e-10	-3.385683e+01	-6.240313e+01
5.800000e-07	-4.850369e-06	-9.422123e-10	-3.370176e+01	-6.234546e+01
5.900000e-07	-4.827684e-06	-9.790922e-10	-3.354415e+01	-6.229273e+01
6.000000e-07	-4.804587e-06	-9.204627e-10	-3.338366e+01	-6.224433e+01
6.100000e-07	-4.781160e-06	-9.211394e-10	-3.322088e+01	-6.219959e+01
6.200000e-07	-4.757518e-06	-9.623828e-10	-3.305661e+01	-6.215777e+01
6.300000e-07	-4.733653e-06	-9.282186e-10	-3.289079e+01	-6.211810e+01
6.400000e-07	-4.709612e-06	-9.048526e-10	-3.272375e+01	-6.207978e+01
6.500000e-07	-4.685355e-06	-9.423148e-10	-3.255520e+01	-6.204200e+01
6.600000e-07	-4.660680e-06	-9.378763e-10	-3.238375e+01	-6.200395e+01
6.700000e-07	-4.635456e-06	-9.145993e-10	-3.220849e+01	-6.196485e+01
6.800000e-07	-4.609598e-06	-9.394139e-10	-3.202882e+01	-6.192393e+01
6.900000e-07	-4.583103e-06	-9.439229e-10	-3.184473e+01	-6.188048e+01
7.000000e-07	-4.556126e-06	-9.194287e-10	-3.165728e+01	-6.183386e+01
7.100000e-07	-4.528845e-06	-9.203720e-10	-3.146773e+01	-6.178347e+01
7.200000e-07	-4.501314e-06	-9.264478e-10	-3.127644e+01	-6.172880e+01
7.300000e-07	-4.473533e-06	-9.084199e-10	-3.108340e+01	-6.166945e+01
7.400000e-07	-4.445582e-06	-9.113644e-10	-3.088919e+01	-6.160509e+01
7.500000e-07	-4.417500e-06	-9.205066e-10	-3.069407e+01	-6.153548e+01
7.600000e-07	-4.389218e-06	-9.152352e-10	-3.049756e+01	-6.146050e+01
7.700000e-07	-4.360578e-06	-9.056469e-10	-3.029856e+01	-6.138013e+01
7.800000e-07	-4.331491e-06	-9.076026e-10	-3.009645e+01	-6.129443e+01
7.900000e-07	-4.302077e-06	-8.986454e-10	-2.989208e+01	-6.120355e+01
8.000000e-07	-4.272435e-06	-8.952050e-10	-2.968611e+01	-6.110775e+01
8.100000e-07	-4.242541e-06	-8.962666e-10	-2.947840e+01	-6.100736e+01
8.200000e-07	-4.212331e-06	-8.980711e-10	-2.926849e+01	-6.090275e+01
8.300000e-07	-4.181734e-06	-8.952466e-10	-2.905590e+01	-6.079438e+01
8.400000e-07	-4.150804e-06	-9.009245e-10	-2.884099e+01	-6.068274e+01
8.500000e-07	-4.119619e-06	-8.997883e-10	-2.862431e+01	-6.056835e+01
8.600000e-07	-4.088190e-06	-8.938846e-10	-2.840593e+01	-6.045176e+01
8.700000e-07	-4.056529e-06	-8.894146e-10	-2.818594e+01	-6.033350e+01
8.800000e-07	-4.024707e-06	-8.897593e-10	-2.796483e+01	-6.021411e+01
8.900000e-07	-3.992783e-06	-8.842808e-10	-2.774301e+01	-6.009408e+01
9.000000e-07	-3.960685e-06	-8.828351e-10	-2.751998e+01	-5.997389e+01
9.100000e-07	-3.928273e-06	-8.855138e-10	-2.729478e+01	-5.985395e+01
9.200000e-07	-3.895514e-06	-8.846166e-10	-2.706716e+01	-5.973462e+01
9.300000e-07	-3.862394e-06	-8.819152e-10	-2.683703e+01	-5.961619e+01
9.400000e-07	-3.828883e-06	-8.841402e-10	-2.660419e+01	-5.949886e+01
9.500000e-07	-3.794870e-06	-8.820796e-10	-2.636785e+01	-5.938276e+01
9.600000e-07	-3.760345e-06	-8.698711e-10	-2.612796e+01	-5.926793e+01
9.700000e-07	-3.725433e-06	-8.631637e-10	-2.588538e+01	-5.915433e+01
9.800000e-07	-3.690153e-06	-8.618035e-10	-2.564025e+01	-5.904181e+01
9.900000e-07	-3.654567e-06	-8.590889e-10	-2.539299e+01	-5.893017e+01
1.000000e-06	-3.618824e-06	-8.580344e-10	-2.514463e+01	-5.881910e+01
1.010000e-06	-3.582971e-06	-8.623795e-10	-2.489552e+01	-5.870824e+01
1.020000e-06	-3.546975e-06	-8.617926e-10	-2.464541e+01	-5.859715e+01
1.030000e-06	-3.510834e-06	-8.600705e-10	-2.439429e+01	-5.848534e+01
1.040000e-06	-3.474476e-06	-8.610199e-10	-2.414167e+01	-5.837229e+01
1.050000e-06	-3.437858e-06	-8.610294e-10	-2.388724e+01	-5.825743e+01
1.060000e-06	-3.400938e-06	-8.534124e-10	-2.363070e+01	-5.814018e+01
1.070000e-06	-3.363759e-06	-8.518727e-10	-2.337237e+01	-5.801996e+01
1.080000e-06	-3.326388e-06	-8.539242e-10	-2.311271e+01	-5.789620e+01
1.090000e-06	-3.288803e-06	-8.558646e-10	-2.285155e+01	-5.776835e+01
1.100000e-06	-3.251016e-06	-8.529798e-10	-2.258900e+01	-5.763588e+01
1.110000e-06	-3.212956e-06	-8.524844e-10	-2.232455e+01	-5.749834e+01
1.120000e-06	-3.174646e-06	-8.515226e-10	-2.205836e+01	-5.735529e+01
1.130000e-06	-3.136117e-06	-8.486850e-10	-2.179065e+01	-5.720641e+01
1.140000e-06	-3.097392e-06	-8.454353e-10	-2.152157e+01	-5.705141e+01
1.150000e-06	-3.058518e-06	-8.427597e-10	-2.125147e+01	-5.689010e+01
1.160000e-06	-3.019470e-06	-8.361808e-10	-2.098015e+01	-5.672238e+01
1.170000e-06	-2.980105e-06	-8.309119e-10	-2.070663e+01	-5.654820e+01
1.180000e-06	-2.940529e-06	-8.295599e-10	-2.043165e+01	-5.636764e+01
1.190000e-06	-2.900926e-06	-8.290972e-10	-2.015647e+01	-5.618083e+01
1.200000e-06	-2.861184e-06	-8.240364e-10	-1.988033e+01	-5.598799e+01
1.210000e-06	-2.821290e-06	-8.191453e-10	-1.960314e+01	-5.578940e+01
1.220000e-06	-2.781259e-06	-8.154093e-10	-1.932499e+01	-5.558541e+01
1.230000e-06	-2.741081e-06	-8.125516e-10	-1.904582e+01	-5.537643e+01
1.240000e-06	-2.700697e-06	-8.099877e-10	-1.876522e+01	-5.516289e+01
1.250000e-06	-2.660111e-06	-8.079370e-10	-1.848322e+01	-5.494526e+01
1.260000e-06	-2.619376e-06	-8.055959e-10	-1.820018e+01	-5.472403e+01
1.270000e-06	-2.578403e-06	-8.005464e-10	-1.791549e+01	-5.449968e+01
1.280000e-06	-2.537140e-06	-7.976141e-10	-1.762878e+01	-5.427269e+01
1.290000e-06	-2.495554e-06	-7.941952e-10	-1.733983e+01	-5.404349e+01
1.300000e-06	-2.453585e-06	-7.890939e-10	-1.704822e+01	-5.381250e+01
1.310000e-06	-2.411296e-06	-7.841054e-10	-1.675438e+01	-5.358007e+01
1.320000e-06	-2.368785e-06	-7.826313e-10	-1.645900e+01	-5.334647e+01
1.330000e-06	-2.326021e-06	-7.818204e-10	-1.616187e+01	-5.311194e+01
1.340000e-06	-2.282977e-06	-7.803634e-10	-1.586278e+01	-5.287658e+01
1.350000e-06	-2.239708e-06	-7.760889e-10	-1.556214e+01	-5.264044e+01
1.360000e-06	-2.196276e-06	-7.691765e-10	-1.526036e+01	-5.240345e+01
1.370000e-06	-2.152682e-06	-7.595166e-10	-1.495746e+01	-5.216546e+01
1.380000e-06	-2.108925e-06	-7.511029e-10	-1.465342e+01	-5.192619e+01
1.390000e-06	-2.065076e-06	-7.459391e-10	-1.434875e+01	-5.168529e+01
1.400000e-06	-2.021211e-06	-7.448311e-10	-1.404396e+01	-5.144229e+01
1.410000e-06	-1.977306e-06	-7.428844e-10	-1.373890e+01	-5.119664e+01
1.420000e-06	-1.933311e-06	-7.406293e-10	-1.343320e+01	-5.094769e+01
1.430000e-06	-1.889203e-06	-7.356835e-10	-1.312673e+01	-5.069472e+01
1.440000e-06	-1.844985e-06	-7.275513e-10	-1.281949e+01	-5.043695e+01
1.450000e-06	-1.800711e-06	-7.171984e-10	-1.251186e+01	-5.017350e+01
1.460000e-06	-1.756390e-06	-7.073236e-10	-1.220391e+01	-4.990350e+01
1.470000e-06	-1.711933e-06	-6.990888e-10	-1.189500e+01	-4.962601e+01
1.480000e-06	-1.667308e-06	-6.944560e-10	-1.158494e+01	-4.934008e+01
1.490000e-06	-1.622542e-06	-6.930547e-10	-1.127389e+01	-4.904474e+01
1.500000e-06	-1.577656e-06	-6.911649e-10	-1.096201e+01	-4.873902e+01
1.510000e-06	-1.532560e-06	-6.875335e-10	-1.064867e+01	-4.842200e+01
1.520000e-06	-1.487311e-06	-6.830372e-10	-1.033427e+01	-4.809273e+01
1.530000e-06	-1.442018e-06	-6.757934e-10	-1.001956e+01	-4.775035e+01
1.540000e-06	-1.396664e-06	-6.668017e-10	-9.704426e+00	-4.739400e+01
1.550000e-06	-1.351260e-06	-6.597042e-10	-9.388947e+00	-4.702291e+01
1.560000e-06	-1.305768e-06	-6.534522e-10	-9.072857e+00	-4.663633e+01
1.570000e-06	-1.260133e-06	-6.479793e-10	-8.755766e+00	-4.623359e+01
1.580000e-06	-1.214352e-06	-6.434977e-10	-8.437670e+00	-4.581409e+01
1.590000e-06	-1.168517e-06	-6.417531e-10	-8.119191e+00	-4.537727e+01
1.600000e-06	-1.122658e-06	-6.379757e-10	-7.800551e+00	-4.492266e+01
1.610000e-06	-1.076693e-06	-6.296293e-10	-7.481175e+00	-4.444981e+01
1.620000e-06	-1.030685e-06	-6.192754e-10	-7.161495e+00	-4.395834e+01
1.630000e-06	-9.846504e-07	-6.100142e-10	-6.841636e+00	-4.344793e+01
1.640000e-06	-9.384524e-07	-6.010812e-10	-6.520639e+00	-4.291828e+01
1.650000e-06	-8.921666e-07	-5.930110e-10	-6.199032e+00	-4.236911e+01
1.660000e-06	-8.457891e-07	-5.846747e-10	-5.876787e+00	-4.180018e+01
1.670000e-06	-7.993371e-07	-5.751052e-10	-5.554026e+00	-4.121126e+01
1.680000e-06	-7.529058e-07	-5.633893e-10	-5.231407e+00	-4.060211e+01
1.690000e-06	-7.065143e-07	-5.523315e-10	-4.909066e+00	-3.997247e+01
1.700000e-06	-6.601703e-07	-5.411546e-10	-4.587054e+00	-3.932208e+01
1.710000e-06	-6.137164e-07	-5.312844e-10	-4.264279e+00	-3.865065e+01
1.720000e-06	-5.671317e-07	-5.247630e-10	-3.940595e+00	-3.795785e+01
1.730000e-06	-5.204817e-07	-5.167921e-10	-3.616457e+00	-3.724331e+01
1.740000e-06	-4.737942e-07	-5.047593e-10	-3.292059e+00	-3.650663e+01
1.750000e-06	-4.271073e-07	-4.886473e-10	-2.967665e+00	-3.574733e+01
1.760000e-06	-3.803809e-07	-4.699672e-10	-2.642997e+00	-3.496493e+01
1.770000e-06	-3.336002e-07	-4.548705e-10	-2.317951e+00	-3.415885e+01
1.780000e-06	-2.867738e-07	-4.452339e-10	-1.992588e+00	-3.332851e+01
1.790000e-06	-2.399423e-07	-4.386769e-10	-1.667188e+00	-3.247328e+01
1.800000e-06	-1.930818e-07	-4.303921e-10	-1.341589e+00	-3.159248e+01
1.810000e-06	-1.461774e-07	-4.173670e-10	-1.015683e+00	-3.068544e+01
1.820000e-06	-9.923686e-08	-4.027793e-10	-6.895264e-01	-2.975146e+01
1.830000e-06	-5.231026e-08	-3.876138e-10	-3.634668e-01	-2.878985e+01
1.840000e-06	-5.432384e-09	-3.719144e-10	-3.774578e-02	-2.779993e+01
1.850000e-06	4.139537e-08	-3.570226e-10	2.876270e-01	-2.678107e+01
1.860000e-06	8.818521e-08	-3.408893e-10	6.127364e-01	-2.573268e+01
1.870000e-06	1.349777e-07	-3.245373e-10	9.378644e-01	-2.465423e+01
1.880000e-06	1.817940e-07	-3.126459e-10	1.263157e+00	-2.354527e+01
1.890000e-06	2.285634e-07	-3.014547e-10	1.588125e+00	-2.240548e+01
1.900000e-06	2.752564e-07	-2.857813e-10	1.912561e+00	-2.123461e+01
1.910000e-06	3.219485e-07	-2.664237e-10	2.236991e+00	-2.003257e+01
1.920000e-06	3.686976e-07	-2.475066e-10	2.561818e+00	-1.879942e+01
1.930000e-06	4.155132e-07	-2.266826e-10	2.887106e+00	-1.753535e+01
1.940000e-06	4.622706e-07	-2.062976e-10	3.211990e+00	-1.624075e+01
1.950000e-06	5.088869e-07	-1.867642e-10	3.535893e+00	-1.491617e+01
1.960000e-06	5.554055e-07	-1.714665e-10	3.859118e+00	-1.356234e+01
1.970000e-06	6.018954e-07	-1.585769e-10	4.182143e+00	-1.218020e+01
1.980000e-06	6.483753e-07	-1.430787e-10	4.505099e+00	-1.077086e+01
1.990000e-06	6.947812e-07	-1.219174e-10	4.827541e+00	-9.335631e+00
2.000000e-06	7.411402e-07	-9.436825e-11	5.149656e+00	-7.875999e+00
2.010000e-06	7.874861e-07	-6.419918e-11	5.471682e+00	-6.393641e+00
2.020000e-06	8.337721e-07	-3.788980e-11	5.793290e+00	-4.890398e+00
2.030000e-06	8.800415e-07	-1.841500e-11	6.114783e+00	-3.368273e+00
2.040000e-06	9.263297e-07	-3.751099e-12	6.436407e+00	-1.829415e+00
2.050000e-06	9.724980e-07	1.200910e-11	6.757197e+00	-2.761026e-01
2.060000e-06	1.018524e-06	3.264459e-11	7.076996e+00	1.289272e+00
2.070000e-06	1.064538e-06	5.555041e-11	7.396718e+00	2.864221e+00
2.080000e-06	1.110520e-06	8.184668e-11	7.716217e+00	4.446187e+00
2.090000e-06	1.156390e-06	1.109541e-10	8.034929e+00	6.032556e+00
2.100000e-06	1.202142e-06	1.370492e-10	8.352833e+00	7.620683e+00
2.110000e-06	1.247805e-06	1.581740e-10	8.670108e+00	9.207917e+00
2.120000e-06	1.293388e-06	1.769897e-10	8.986834e+00	1.079162e+01
2.130000e-06	1.338860e-06	1.929968e-10	9.302789e+00	1.236918e+01
2.140000e-06	1.384163e-06	2.076436e-10	9.617563e+00	1.393805e+01
2.150000e-06	1.429370e-06	2.261326e-10	9.931673e+00	1.549576e+01
2.160000e-06	1.474603e-06	2.515171e-10	1.024597e+01	1.703991e+01
2.170000e-06	1.519751e-06	2.785244e-10	1.055967e+01	1.856825e+01
2.180000e-06	1.564762e-06	3.045820e-10	1.087242e+01	2.007862e+01
2.190000e-06	1.609693e-06	3.263306e-10	1.118462e+01	2.156900e+01
2.200000e-06	1.654424e-06	3.423002e-10	1.149542e+01	2.303754e+01
2.210000e-06	1.698978e-06	3.541875e-10	1.180499e+01	2.448254e+01
2.220000e-06	1.743430e-06	3.661374e-10	1.211386e+01	2.590245e+01
2.230000e-06	1.787800e-06	3.808465e-10	1.242215e+01	2.729590e+01
2.240000e-06	1.832040e-06	3.977516e-10	1.272955e+01	2.866168e+01
2.250000e-06	1.876140e-06	4.176570e-10	1.303597e+01	2.999877e+01
2.260000e-06	1.920160e-06	4.430384e-10	1.334183e+01	3.130630e+01
2.270000e-06	1.964089e-06	4.677129e-10	1.364706e+01	3.258357e+01
2.280000e-06	2.007963e-06	4.850085e-10	1.395191e+01	3.383004e+01
2.290000e-06	2.051796e-06	4.973265e-10	1.425647e+01	3.504532e+01
2.300000e-06	2.095564e-06	5.065230e-10	1.456059e+01	3.622915e+01
2.310000e-06	2.139212e-06	5.145587e-10	1.486387e+01	3.738142e+01
2.320000e-06	2.182782e-06	5.270875e-10	1.516660e+01	3.850214e+01
2.330000e-06	2.226239e-06	5.434898e-10	1.546855e+01	3.959141e+01
2.340000e-06	2.269487e-06	5.604853e-10	1.576905e+01	4.064946e+01
2.350000e-06	2.312628e-06	5.778333e-10	1.606881e+01	4.167658e+01
2.360000e-06	2.355642e-06	5.921682e-10	1.636768e+01	4.267315e+01
2.370000e-06	2.398329e-06	6.008510e-10	1.666428e+01	4.363962e+01
2.380000e-06	2.440563e-06	6.090348e-10	1.695774e+01	4.457646e+01
2.390000e-06	2.482401e-06	6.190572e-10	1.724844e+01	4.548423e+01
2.400000e-06	2.523947e-06	6.301492e-10	1.753712e+01	4.636347e+01
2.410000e-06	2.565229e-06	6.446913e-10	1.782395e+01	4.721479e+01
2.420000e-06	2.606253e-06	6.594326e-10	1.810900e+01	4.803878e+01
2.430000e-06	2.647043e-06	6.716658e-10	1.839242e+01	4.883607e+01
2.440000e-06	2.687573e-06	6.809126e-10	1.867404e+01	4.960725e+01
2.450000e-06	2.727844e-06	6.893135e-10	1.895385e+01	5.035296e+01
2.460000e-06	2.767973e-06	6.971978e-10	1.923268e+01	5.107378e+01
2.470000e-06	2.807985e-06	7.041616e-10	1.951069e+01	5.177031e+01
2.480000e-06	2.847864e-06	7.134041e-10	1.978778e+01	5.244313e+01
2.490000e-06	2.887638e-06	7.257706e-10	2.006415e+01	5.309282e+01
2.500000e-06	2.927301e-06	7.372512e-10	2.033973e+01	5.371992e+01
2.510000e-06	2.966800e-06	7.443729e-10	2.061418e+01	5.432497e+01
2.520000e-06	3.006130e-06	7.496249e-10	2.088746e+01	5.490850e+01
2.530000e-06	3.045292e-06	7.569428e-10	2.115957e+01	5.547101e+01
2.540000e-06	3.084128e-06	7.640985e-10	2.142942e+01	5.601302e+01
2.550000e-06	3.122687e-06	7.709066e-10	2.169734e+01	5.653501e+01
2.560000e-06	3.161134e-06	7.785418e-10	2.196447e+01	5.703747e+01
2.570000e-06	3.199367e-06	7.860891e-10	2.223013e+01	5.752088e+01
2.580000e-06	3.237389e-06	7.934763e-10	2.249432e+01	5.798570e+01
2.590000e-06	3.275262e-06	8.010607e-10	2.275747e+01	5.843242e+01
2.600000e-06	3.312911e-06	8.080782e-10	2.301907e+01	5.886151e+01
2.610000e-06	3.350316e-06	8.137422e-10	2.327897e+01	5.927343e+01
2.620000e-06	3.387421e-06	8.187316e-10	2.353678e+01	5.966867e+01
2.630000e-06	3.424195e-06	8.232710e-10	2.379230e+01	6.004769e+01
2.640000e-06	3.460710e-06	8.265111e-10	2.404602e+01	6.041097e+01
2.650000e-06	3.497049e-06	8.298639e-10	2.429851e+01	6.075900e+01
2.660000e-06	3.533192e-06	8.362259e-10	2.454964e+01	6.109225e+01
2.670000e-06	3.569152e-06	8.435442e-10	2.479950e+01	6.141122e+01
2.680000e-06	3.605018e-06	8.496829e-10	2.504871e+01	6.171638e+01
2.690000e-06	3.640763e-06	8.554634e-10	2.529708e+01	6.200823e+01
2.700000e-06	3.676365e-06	8.597098e-10	2.554445e+01	6.228725e+01
2.710000e-06	3.711772e-06	8.619624e-10	2.579047e+01	6.255393e+01
2.720000e-06	3.746849e-06	8.654591e-10	2.603419e+01	6.280874e+01
2.730000e-06	3.781633e-06	8.702145e-10	2.627588e+01	6.305217e+01
2.740000e-06	3.816100e-06	8.753619e-10	2.651537e+01	6.328468e+01
2.750000e-06	3.850007e-06	8.815937e-10	2.675096e+01	6.350674e+01
2.760000e-06	3.883293e-06	8.867887e-10	2.698224e+01	6.371881e+01
2.770000e-06	3.916068e-06	8.893943e-10	2.720998e+01	6.392135e+01
2.780000e-06	3.948496e-06	8.921231e-10	2.743530e+01	6.411478e+01
2.790000e-06	3.980704e-06	8.956448e-10	2.765908e+01	6.429955e+01
2.800000e-06	4.012730e-06	8.990259e-10	2.788161e+01	6.447606e+01
2.810000e-06	4.044584e-06	9.009428e-10	2.810294e+01	6.464473e+01
2.820000e-06	4.076275e-06	9.038983e-10	2.832314e+01	6.480596e+01
2.830000e-06	4.107753e-06	9.071443e-10	2.854186e+01	6.496014e+01
2.840000e-06	4.139020e-06	9.085274e-10	2.875911e+01	6.510762e+01
2.850000e-06	4.170083e-06	9.112701e-10	2.897495e+01	6.524878e+01
2.860000e-06	4.200791e-06	9.157863e-10	2.918831e+01	6.538396e+01
2.870000e-06	4.231171e-06	9.195377e-10	2.939940e+01	6.551350e+01
2.880000e-06	4.261236e-06	9.230791e-10	2.960830e+01	6.563771e+01
2.890000e-06	4.290960e-06	9.275715e-10	2.981483e+01	6.575692e+01
2.900000e-06	4.320344e-06	9.319078e-10	3.001900e+01	6.587140e+01
2.910000e-06	4.349399e-06	9.350220e-10	3.022089e+01	6.598145e+01
2.920000e-06	4.378179e-06	9.356457e-10	3.042086e+01	6.608733e+01
2.930000e-06	4.406662e-06	9.351706e-10	3.061876e+01	6.618929e+01
2.940000e-06	4.434864e-06	9.355508e-10	3.081472e+01	6.628756e+01
2.950000e-06	4.462879e-06	9.374615e-10	3.100937e+01	6.638236e+01
2.960000e-06	4.490759e-06	9.378453e-10	3.120310e+01	6.647389e+01
2.970000e-06	4.518511e-06	9.376454e-10	3.139592e+01	6.656233e+01
2.980000e-06	4.546154e-06	9.401681e-10	3.158799e+01	6.664784e+01
2.990000e-06	4.573458e-06	9.450290e-10	3.177771e+01	6.673056e+01
3.000000e-06	4.600155e-06	9.482668e-10	3.196321e+01	6.681060e+01
3.010000e-06	4.626284e-06	9.491785e-10	3.214476e+01	6.688807e+01
3.020000e-06	4.651850e-06	9.492342e-10	3.232240e+01	6.696303e+01
3.030000e-06	4.676804e-06	9.488373e-10	3.249579e+01	6.703554e+01
3.040000e-06	4.701251e-06	9.490904e-10	3.266565e+01	6.710561e+01
3.050000e-06	4.725346e-06	9.494768e-10	3.283308e+01	6.717326e+01
3.060000e-06	4.749221e-06	9.517863e-10	3.299896e+01	6.723846e+01
3.070000e-06	4.772934e-06	9.560745e-10	3.316372e+01	6.730118e+01
3.080000e-06	4.796424e-06	9.592734e-10	3.332694e+01	6.736134e+01
3.090000e-06	4.819554e-06	9.612916e-10	3.348766e+01	6.741888e+01
3.100000e-06	4.842230e-06	9.632244e-10	3.364522e+01	6.747368e+01
3.110000e-06	4.864523e-06	9.643160e-10	3.380011e+01	6.752566e+01
3.120000e-06	4.886569e-06	9.643281e-10	3.395330e+01	6.757467e+01
3.130000e-06	4.908324e-06	9.648170e-10	3.410445e+01	6.762059e+01
3.140000e-06	4.929809e-06	9.653299e-10	3.425374e+01	6.766329e+01
3.150000e-06	4.950958e-06	9.666987e-10	3.440069e+01	6.770262e+01
3.160000e-06	4.971665e-06	9.697627e-10	3.454457e+01	6.773847e+01
3.170000e-06	4.991990e-06	9.730658e-10	3.468579e+01	6.777069e+01
3.180000e-06	5.012022e-06	9.763501e-10	3.482498e+01	6.779918e+01
3.190000e-06	5.031875e-06	9.806494e-10	3.496293e+01	6.782383e+01
3.200000e-06	5.051567e-06	9.857941e-10	3.509975e+01	6.784455e+01
3.210000e-06	5.071015e-06	9.873906e-10	3.523488e+01	6.786129e+01
3.220000e-06	5.090171e-06	9.854057e-10	3.536798e+01	6.787401e+01
3.230000e-06	5.108985e-06	9.827539e-10	3.549871e+01	6.788269e+01
3.240000e-06	5.127301e-06	9.807743e-10	3.562597e+01	6.788735e+01
3.250000e-06	5.145130e-06	9.833486e-10	3.574986e+01	6.788805e+01
3.260000e-06	5.162592e-06	9.864958e-10	3.587118e+01	6.788487e+01
3.270000e-06	5.179694e-06	9.886792e-10	3.599001e+01	6.787792e+01
3.280000e-06	5.196471e-06	9.918902e-10	3.610658e+01	6.786735e+01
3.290000e-06	5.212962e-06	9.961328e-10	3.622117e+01	6.785335e+01
3.300000e-06	5.229098e-06	9.989969e-10	3.633329e+01	6.783612e+01
3.310000e-06	5.244756e-06	9.977647e-10	3.644209e+01	6.781590e+01
3.320000e-06	5.259906e-06	9.975770e-10	3.654735e+01	6.779297e+01
3.330000e-06	5.274556e-06	9.951689e-10	3.664914e+01	6.776761e+01
3.340000e-06	5.288744e-06	9.932472e-10	3.674772e+01	6.774013e+01
3.350000e-06	5.302540e-06	9.944733e-10	3.684358e+01	6.771085e+01
3.360000e-06	5.316000e-06	9.981591e-10	3.693711e+01	6.768012e+01
3.370000e-06	5.329137e-06	1.002141e-09	3.702839e+01	6.764826e+01
3.380000e-06	5.341873e-06	1.003717e-09	3.711688e+01	6.761562e+01
3.390000e-06	5.354189e-06	1.002646e-09	3.720245e+01	6.758255e+01
3.400000e-06	5.366175e-06	1.000664e-09	3.728573e+01	6.754936e+01
3.410000e-06	5.377886e-06	1.000055e-09	3.736711e+01	6.751638e+01
3.420000e-06	5.389305e-06	9.999299e-10	3.744645e+01	6.748391e+01
3.430000e-06	5.400257e-06	1.002337e-09	3.752255e+01	6.745221e+01
3.440000e-06	5.410509e-06	1.007750e-09	3.759378e+01	6.742155e+01
3.450000e-06	5.420028e-06	1.010045e-09	3.765992e+01	6.739215e+01
3.460000e-06	5.428912e-06	1.009128e-09	3.772165e+01	6.736420e+01
3.470000e-06	5.437333e-06	1.004035e-09	3.778016e+01	6.733786e+01
3.480000e-06	5.445478e-06	1.000178e-09	3.783676e+01	6.731326e+01
3.490000e-06	5.453432e-06	1.000628e-09	3.789203e+01	6.729049e+01
3.500000e-06	5.461166e-06	1.005091e-09	3.794577e+01	6.726962e+01
3.510000e-06	5.468540e-06	1.013008e-09	3.799700e+01	6.725066e+01
3.520000e-06	5.475435e-06	1.016324e-09	3.804491e+01	6.723360e+01
3.530000e-06	5.481901e-06	1.016943e-09	3.808983e+01	6.721843e+01
3.540000e-06	5.488040e-06	1.013972e-09	3.813249e+01	6.720506e+01
3.550000e-06	5.493893e-06	1.008046e-09	3.817316e+01	6.719341e+01
3.560000e-06	5.499441e-06	1.004875e-09	3.821171e+01	6.718338e+01
3.570000e-06	5.504566e-06	1.006824e-09	3.824732e+01	6.717483e+01
3.580000e-06	5.509179e-06	1.010346e-09	3.827937e+01	6.716761e+01
3.590000e-06	5.513384e-06	1.013969e-09	3.830859e+01	6.716158e+01
3.600000e-06	5.517369e-06	1.018459e-09	3.833628e+01	6.715658e+01
3.610000e-06	5.521153e-06	1.023039e-09	3.836257e+01	6.715242e+01
3.620000e-06	5.524662e-06	1.023201e-09	3.838695e+01	6.714895e+01
3.630000e-06	5.527849e-06	1.021405e-09	3.840910e+01	6.714599e+01
3.640000e-06	5.530501e-06	1.018444e-09	3.842752e+01	6.714338e+01
3.650000e-06	5.532490e-06	1.015610e-09	3.844134e+01	6.714095e+01
3.660000e-06	5.533919e-06	1.016598e-09	3.845127e+01	6.713854e+01
3.670000e-06	5.534777e-06	1.021505e-09	3.845723e+01	6.713599e+01
3.680000e-06	5.535122e-06	1.025932e-09	3.845963e+01	6.713317e+01
3.690000e-06	5.535175e-06	1.028508e-09	3.846000e+01	6.712992e+01
3.700000e-06	5.535049e-06	1.031678e-09	3.845913e+01	6.712611e+01
3.710000e-06	5.534681e-06	1.033007e-09	3.845657e+01	6.712160e+01
3.720000e-06	5.533955e-06	1.029621e-09	3.845152e+01	6.711624e+01
3.730000e-06	5.532773e-06	1.024861e-09	3.844331e+01	6.710990e+01
3.740000e-06	5.531218e-06	1.021440e-09	3.843251e+01	6.710244e+01
3.750000e-06	5.529381e-06	1.023623e-09	3.841974e+01	6.709370e+01
3.760000e-06	5.527155e-06	1.038351e-09	3.840427e+01	6.708352e+01
3.770000e-06	5.524585e-06	1.046420e-09	3.838641e+01	6.707172e+01
3.780000e-06	5.521608e-06	1.028446e-09	3.836573e+01	6.705813e+01
3.790000e-06	5.518072e-06	9.814541e-10	3.834116e+01	6.704254e+01
3.800000e-06	5.514023e-06	9.738475e-10	3.831303e+01	6.702473e+01
3.810000e-06	5.509693e-06	1.107436e-09	3.828294e+01	6.700448e+01
3.820000e-06	5.505359e-06	1.150580e-09	3.825283e+01	6.698152e+01
3.830000e-06	5.500908e-06	1.061036e-09	3.822190e+01	6.695560e+01
3.840000e-06	5.495819e-06	1.004702e-09	3.818654e+01	6.692643e+01
3.850000e-06	5.489888e-06	1.028333e-09	3.814533e+01	6.689373e+01
3.860000e-06	5.483484e-06	1.076815e-09	3.810083e+01	6.685720e+01
3.870000e-06	5.476971e-06	9.727807e-10	3.805558e+01	6.681652e+01
3.880000e-06	5.470056e-06	9.274109e-10	3.800753e+01	6.677141e+01
3.890000e-06	5.462378e-06	1.039912e-09	3.795418e+01	6.672156e+01
3.900000e-06	5.454313e-06	1.134087e-09	3.789815e+01	6.666670e+01
3.910000e-06	5.446097e-06	9.946566e-10	3.784106e+01	6.660656e+01
3.920000e-06	5.437464e-06	8.740389e-10	3.778107e+01	6.654089e+01
3.930000e-06	5.428311e-06	9.841979e-10	3.771747e+01	6.646950e+01
3.940000e-06	5.418941e-06	1.082256e-09	3.765237e+01	6.639221e+01
3.950000e-06	5.409347e-06	9.919983e-10	3.758571e+01	6.630891e+01
3.960000e-06	5.399157e-06	9.277038e-10	3.751491e+01	6.621952e+01
3.970000e-06	5.388491e-06	1.031379e-09	3.744079e+01	6.612404e+01
3.980000e-06	5.377676e-06	1.071716e-09	3.736565e+01	6.602251e+01
3.990000e-06	5.366547e-06	9.861977e-10	3.728832e+01	6.591505e+01
4.000000e-06	5.354867e-06	9.676352e-10	3.720716e+01	6.580186e+01
4.010000e-06	5.342766e-06	1.043049e-09	3.712308e+01	6.568318e+01
4.020000e-06	5.330345e-06	1.023830e-09	3.703678e+01	6.555936e+01
4.030000e-06	5.317315e-06	9.775709e-10	3.694624e+01	6.543079e+01
4.040000e-06	5.303624e-06	1.001908e-09	3.685112e+01	6.529795e+01
4.050000e-06	5.289660e-06	1.052993e-09	3.675409e+01	6.516138e+01
4.060000e-06	5.275258e-06	1.003944e-09	3.665402e+01	6.502167e+01
4.070000e-06	5.260145e-06	9.661676e-10	3.654901e+01	6.487948e+01
4.080000e-06	5.244484e-06	9.814498e-10	3.644019e+01	6.473551e+01
4.090000e-06	5.228515e-06	1.030088e-09	3.632923e+01	6.459049e+01
4.100000e-06	5.212188e-06	1.018130e-09	3.621579e+01	6.444517e+01
4.110000e-06	5.195540e-06	9.590886e-10	3.610012e+01	6.430035e+01
4.120000e-06	5.178732e-06	9.619557e-10	3.598333e+01	6.415680e+01
4.130000e-06	5.161554e-06	1.027539e-09	3.586397e+01	6.401529e+01
4.140000e-06	5.143898e-06	9.978108e-10	3.574129e+01	6.387657e+01
4.150000e-06	5.125928e-06	9.168237e-10	3.561643e+01	6.374136e+01
4.160000e-06	5.107708e-06	9.684983e-10	3.548983e+01	6.361033e+01
4.170000e-06	5.089073e-06	1.022775e-09	3.536036e+01	6.348409e+01
4.180000e-06	5.069931e-06	9.317553e-10	3.522735e+01	6.336319e+01
4.190000e-06	5.050509e-06	9.256281e-10	3.509240e+01	6.324808e+01
4.200000e-06	5.030909e-06	1.040813e-09	3.495621e+01	6.313915e+01
4.210000e-06	5.011037e-06	9.808169e-10	3.481814e+01	6.303668e+01
4.220000e-06	4.990926e-06	8.851237e-10	3.467840e+01	6.294085e+01
4.230000e-06	4.970570e-06	9.791054e-10	3.453696e+01	6.285173e+01
4.240000e-06	4.949903e-06	1.012370e-09	3.439336e+01	6.276929e+01
4.250000e-06	4.928882e-06	8.995422e-10	3.424730e+01	6.269340e+01
4.260000e-06	4.907433e-06	9.482562e-10	3.409826e+01	6.262381e+01
4.270000e-06	4.885306e-06	1.023536e-09	3.394452e+01	6.256017e+01
4.280000e-06	4.862475e-06	9.409883e-10	3.378588e+01	6.250205e+01
4.290000e-06	4.839227e-06	9.372691e-10	3.362435e+01	6.244893e+01
4.300000e-06	4.815639e-06	1.035106e-09	3.346046e+01	6.240019e+01
4.310000e-06	4.791711e-06	9.722966e-10	3.329419e+01	6.235516e+01
4.320000e-06	4.767555e-06	9.219768e-10	3.312635e+01	6.231311e+01
4.330000e-06	4.743147e-06	1.001462e-09	3.295676e+01	6.227328e+01
4.340000e-06	4.718372e-06	9.942352e-10	3.278461e+01	6.223487e+01
4.350000e-06	4.693245e-06	9.243014e-10	3.261002e+01	6.219707e+01
4.360000e-06	4.667904e-06	9.643219e-10	3.243395e+01	6.215907e+01
4.370000e-06	4.642233e-06	9.769109e-10	3.225558e+01	6.212007e+01
4.380000e-06	4.616152e-06	9.287028e-10	3.207436e+01	6.207932e+01
4.390000e-06	4.589850e-06	9.522114e-10	3.189161e+01	6.203611e+01
4.400000e-06	4.563304e-06	9.850439e-10	3.170716e+01	6.198976e+01
4.410000e-06	4.536408e-06	9.494942e-10	3.152027e+01	6.193969e+01
4.420000e-06	4.509156e-06	9.411578e-10	3.133092e+01	6.188539e+01
4.430000e-06	4.481598e-06	9.611330e-10	3.113944e+01	6.182644e+01
4.440000e-06	4.453791e-06	9.521645e-10	3.094623e+01	6.176249e+01
4.450000e-06	4.425782e-06	9.466430e-10	3.075161e+01	6.169332e+01
4.460000e-06	4.397606e-06	9.526704e-10	3.055584e+01	6.161878e+01
4.470000e-06	4.369197e-06	9.461653e-10	3.035845e+01	6.153885e+01
4.480000e-06	4.340534e-06	9.434398e-10	3.015929e+01	6.145357e+01
4.490000e-06	4.311471e-06	9.537407e-10	2.995735e+01	6.136311e+01
4.500000e-06	4.281848e-06	9.527842e-10	2.975152e+01	6.126770e+01
4.510000e-06	4.251708e-06	9.493093e-10	2.954210e+01	6.116766e+01
4.520000e-06	4.221068e-06	9.483617e-10	2.932920e+01	6.106338e+01
4.530000e-06	4.189935e-06	9.467714e-10	2.911288e+01	6.095530e+01
4.540000e-06	4.158399e-06	9.439689e-10	2.889376e+01	6.084390e+01
4.550000e-06	4.126600e-06	9.477625e-10	2.867281e+01	6.072972e+01
4.560000e-06	4.094627e-06	9.473283e-10	2.845066e+01	6.061328e+01
4.570000e-06	4.062505e-06	9.420307e-10	2.822746e+01	6.049513e+01
4.580000e-06	4.030256e-06	9.408166e-10	2.800338e+01	6.037580e+01
4.590000e-06	3.997777e-06	9.527119e-10	2.777771e+01	6.025580e+01
4.600000e-06	3.964940e-06	9.519484e-10	2.754955e+01	6.013559e+01
4.610000e-06	3.931748e-06	9.463228e-10	2.731892e+01	6.001561e+01
4.620000e-06	3.898279e-06	9.454695e-10	2.708637e+01	5.989621e+01
4.630000e-06	3.864556e-06	9.444624e-10	2.685205e+01	5.977768e+01
4.640000e-06	3.830647e-06	9.348606e-10	2.661644e+01	5.966024e+01
4.650000e-06	3.796585e-06	9.352887e-10	2.637977e+01	5.954403e+01
4.660000e-06	3.762272e-06	9.371957e-10	2.614135e+01	5.942909e+01
4.670000e-06	3.727655e-06	9.305437e-10	2.590082e+01	5.931538e+01
4.680000e-06	3.692715e-06	9.304247e-10	2.565805e+01	5.920277e+01
4.690000e-06	3.657432e-06	9.410740e-10	2.541290e+01	5.909106e+01
4.700000e-06	3.621878e-06	9.432164e-10	2.516586e+01	5.897995e+01
4.710000e-06	3.586183e-06	9.362880e-10	2.491784e+01	5.886907e+01
4.720000e-06	3.550348e-06	9.336790e-10	2.466884e+01	5.875801e+01
4.730000e-06	3.514381e-06	9.342914e-10	2.441894e+01	5.864627e+01
4.740000e-06	3.478297e-06	9.290156e-10	2.416821e+01	5.853334e+01
4.750000e-06	3.442057e-06	9.266113e-10	2.391641e+01	5.841864e+01
4.760000e-06	3.405639e-06	9.276182e-10	2.366337e+01	5.830160e+01
4.770000e-06	3.368982e-06	9.221107e-10	2.340866e+01	5.818165e+01
4.780000e-06	3.331995e-06	9.182452e-10	2.315166e+01	5.805819e+01
4.790000e-06	3.294639e-06	9.203393e-10	2.289211e+01	5.793069e+01
4.800000e-06	3.256955e-06	9.214166e-10	2.263026e+01	5.779862e+01
4.810000e-06	3.218818e-06	9.139945e-10	2.236528e+01	5.766150e+01
4.820000e-06	3.180107e-06	9.101145e-10	2.209631e+01	5.751892e+01
4.830000e-06	3.141016e-06	9.102402e-10	2.182469e+01	5.737053e+01
4.840000e-06	3.101628e-06	9.116399e-10	2.155101e+01	5.721604e+01
4.850000e-06	3.062007e-06	9.107780e-10	2.127571e+01	5.705525e+01
4.860000e-06	3.022268e-06	9.076872e-10	2.099960e+01	5.688805e+01
4.870000e-06	2.982415e-06	9.017800e-10	2.072268e+01	5.671441e+01
4.880000e-06	2.942413e-06	8.976783e-10	2.044474e+01	5.653436e+01
4.890000e-06	2.902260e-06	8.979886e-10	2.016574e+01	5.634806e+01
4.900000e-06	2.861999e-06	9.014787e-10	1.988600e+01	5.615570e+01
4.910000e-06	2.821628e-06	9.007875e-10	1.960549e+01	5.595757e+01
4.920000e-06	2.781104e-06	8.973620e-10	1.932392e+01	5.575401e+01
4.930000e-06	2.740364e-06	8.959996e-10	1.904084e+01	5.554541e+01
4.940000e-06	2.699451e-06	8.940775e-10	1.875657e+01	5.533222e+01
4.950000e-06	2.658398e-06	8.865153e-10	1.847132e+01	5.511491e+01
4.960000e-06	2.617134e-06	8.793560e-10	1.818461e+01	5.489395e+01
4.970000e-06	2.575567e-06	8.753087e-10	1.789578e+01	5.466983e+01
4.980000e-06	2.533755e-06	8.739456e-10	1.760526e+01	5.444303e+01
4.990000e-06	2.491779e-06	8.744512e-10	1.731360e+01	5.421400e+01
5.000000e-06	2.449657e-06	8.762574e-10	1.702093e+01	5.398313e+01
5.010000e-06	2.407452e-06	8.727440e-10	1.672767e+01	5.375080e+01
5.020000e-06	2.365136e-06	8.648900e-10	1.643365e+01	5.351728e+01
5.030000e-06	2.322613e-06	8.586956e-10	1.613819e+01	5.328281e+01
5.040000e-06	2.279937e-06	8.546572e-10	1.584166e+01	5.304751e+01
5.050000e-06	2.237128e-06	8.508240e-10	1.554421e+01	5.281142e+01
5.060000e-06	2.194231e-06	8.479730e-10	1.524615e+01	5.257450e+01
5.070000e-06	2.151178e-06	8.460800e-10	1.494701e+01	5.233659e+01
5.080000e-06	2.107884e-06	8.424458e-10	1.464619e+01	5.209743e+01
5.090000e-06	2.064452e-06	8.388678e-10	1.434441e+01	5.185668e+01
5.100000e-06	2.020858e-06	8.357263e-10	1.404151e+01	5.161387e+01
5.110000e-06	1.977111e-06	8.342558e-10	1.373754e+01	5.136845e+01
5.120000e-06	1.933277e-06	8.333298e-10	1.343297e+01	5.111979e+01
5.130000e-06	1.889389e-06	8.299317e-10	1.312802e+01	5.086718e+01
5.140000e-06	1.845438e-06	8.239088e-10	1.282264e+01	5.060982e+01
5.150000e-06	1.801433e-06	8.177114e-10	1.251688e+01	5.034688e+01
5.160000e-06	1.757361e-06	8.109304e-10	1.221065e+01	5.007745e+01
5.170000e-06	1.713211e-06	8.057768e-10	1.190389e+01	4.980061e+01
5.180000e-06	1.668976e-06	8.019289e-10	1.159653e+01	4.951541e+01
5.190000e-06	1.624627e-06	7.991245e-10	1.128838e+01	4.922088e+01
5.200000e-06	1.580126e-06	7.999288e-10	1.097918e+01	4.891606e+01
5.210000e-06	1.535516e-06	8.009183e-10	1.066921e+01	4.860000e+01
5.220000e-06	1.490896e-06	7.992389e-10	1.035918e+01	4.827178e+01
5.230000e-06	1.446283e-06	7.955361e-10	1.004919e+01	4.793051e+01
5.240000e-06	1.401554e-06	7.883281e-10	9.738404e+00	4.757535e+01
5.250000e-06	1.356703e-06	7.809200e-10	9.426763e+00	4.720550e+01
5.260000e-06	1.311705e-06	7.764992e-10	9.114109e+00	4.682023e+01
5.270000e-06	1.266612e-06	7.753902e-10	8.800789e+00	4.641886e+01
5.280000e-06	1.221463e-06	7.733407e-10	8.487079e+00	4.600076e+01
5.290000e-06	1.176166e-06	7.675451e-10	8.172338e+00	4.556540e+01
5.300000e-06	1.130752e-06	7.584764e-10	7.856793e+00	4.511228e+01
5.310000e-06	1.085157e-06	7.525132e-10	7.539985e+00	4.464095e+01
5.320000e-06	1.039467e-06	7.489050e-10	7.222514e+00	4.415104e+01
5.330000e-06	9.937405e-07	7.422760e-10	6.904797e+00	4.364221e+01
5.340000e-06	9.479324e-07	7.338472e-10	6.586509e+00	4.311416e+01
5.350000e-06	9.020529e-07	7.241756e-10	6.267725e+00	4.256662e+01
5.360000e-06	8.561084e-07	7.130625e-10	5.948489e+00	4.199934e+01
5.370000e-06	8.101386e-07	7.034733e-10	5.629077e+00	4.141209e+01
5.380000e-06	7.642259e-07	6.974892e-10	5.310063e+00	4.080462e+01
5.390000e-06	7.182165e-07	6.925912e-10	4.990376e+00	4.017668e+01
5.400000e-06	6.720263e-07	6.861192e-10	4.669433e+00	3.952803e+01
5.410000e-06	6.257281e-07	6.772516e-10	4.347740e+00	3.885835e+01
5.420000e-06	5.793664e-07	6.646124e-10	4.025606e+00	3.816734e+01
5.430000e-06	5.330321e-07	6.492431e-10	3.703661e+00	3.745462e+01
5.440000e-06	4.866753e-07	6.332545e-10	3.381561e+00	3.671979e+01
5.450000e-06	4.402551e-07	6.186446e-10	3.059020e+00	3.596239e+01
5.460000e-06	3.937948e-07	6.062157e-10	2.736200e+00	3.518192e+01
5.470000e-06	3.473457e-07	5.963994e-10	2.413458e+00	3.437783e+01
5.480000e-06	3.008765e-07	5.900044e-10	2.090577e+00	3.354953e+01
5.490000e-06	2.542560e-07	5.797804e-10	1.766644e+00	3.269638e+01
5.500000e-06	2.075717e-07	5.665376e-10	1.442268e+00	3.181773e+01
5.510000e-06	1.610173e-07	5.515065e-10	1.118795e+00	3.091289e+01
5.520000e-06	1.144634e-07	5.371649e-10	7.953250e-01	2.998117e+01
5.530000e-06	6.791820e-08	5.211055e-10	4.719153e-01	2.902188e+01
5.540000e-06	2.148876e-08	5.056741e-10	1.493102e-01	2.803434e+01
5.550000e-06	-2.497610e-08	4.923514e-10	-1.735412e-01	2.701791e+01
5.560000e-06	-7.156089e-08	4.764847e-10	-4.972257e-01	2.597199e+01
5.570000e-06	-1.181361e-07	4.590027e-10	-8.208442e-01	2.489605e+01
5.580000e-06	-1.646398e-07	4.388075e-10	-1.143965e+00	2.378964e+01
5.590000e-06	-2.111568e-07	4.186725e-10	-1.467178e+00	2.265242e+01
5.600000e-06	-2.577484e-07	4.020161e-10	-1.790910e+00	2.148414e+01
5.610000e-06	-3.043371e-07	3.849613e-10	-2.114623e+00	2.028469e+01
5.620000e-06	-3.508680e-07	3.662680e-10	-2.437933e+00	1.905411e+01
5.630000e-06	-3.973381e-07	3.437116e-10	-2.760820e+00	1.779260e+01
5.640000e-06	-4.437282e-07	3.191342e-10	-3.083152e+00	1.650052e+01
5.650000e-06	-4.900713e-07	2.916143e-10	-3.405157e+00	1.517840e+01
5.660000e-06	-5.363721e-07	2.636668e-10	-3.726868e+00	1.382697e+01
5.670000e-06	-5.826556e-07	2.418402e-10	-4.048460e+00	1.244714e+01
5.680000e-06	-6.289364e-07	2.209764e-10	-4.370032e+00	1.104001e+01
5.690000e-06	-6.751457e-07	1.993625e-10	-4.691108e+00	9.606869e+00
5.700000e-06	-7.213086e-07	1.755934e-10	-5.011861e+00	8.149200e+00
5.710000e-06	-7.674869e-07	1.506341e-10	-5.332721e+00	6.668658e+00
5.720000e-06	-8.136324e-07	1.237314e-10	-5.653353e+00	5.167072e+00
5.730000e-06	-8.596583e-07	9.534183e-11	-5.973155e+00	3.646431e+00
5.740000e-06	-9.055971e-07	6.723026e-11	-6.292350e+00	2.108873e+00
5.750000e-06	-9.514735e-07	4.083631e-11	-6.611113e+00	5.566659e-01
5.760000e-06	-9.972577e-07	1.564431e-11	-6.929235e+00	-1.007806e+00
5.770000e-06	-1.042933e-06	-8.697821e-12	-7.246603e+00	-2.582064e+00
5.780000e-06	-1.088459e-06	-3.519011e-11	-7.562927e+00	-4.163554e+00
5.790000e-06	-1.133855e-06	-6.239713e-11	-7.878355e+00	-5.749665e+00
5.800000e-06	-1.179118e-06	-8.867046e-11	-8.192855e+00	-7.337757e+00
5.810000e-06	-1.224245e-06	-1.158469e-10	-8.506408e+00	-8.925176e+00
5.820000e-06	-1.269273e-06	-1.445113e-10	-8.819277e+00	-1.050928e+01
5.830000e-06	-1.314228e-06	-1.717432e-10	-9.131635e+00	-1.208746e+01
5.840000e-06	-1.359182e-06	-1.983500e-10	-9.443991e+00	-1.365716e+01
5.850000e-06	-1.404045e-06	-2.251822e-10	-9.755711e+00	-1.521590e+01
5.860000e-06	-1.448730e-06	-2.532114e-10	-1.006620e+01	-1.676128e+01
5.870000e-06	-1.493294e-06	-2.811520e-10	-1.037584e+01	-1.829103e+01
5.880000e-06	-1.537741e-06	-3.070194e-10	-1.068467e+01	-1.980298e+01
5.890000e-06	-1.582135e-06	-3.327455e-10	-1.099313e+01	-2.129512e+01
5.900000e-06	-1.626443e-06	-3.588823e-10	-1.130100e+01	-2.276555e+01
5.910000e-06	-1.670651e-06	-3.844233e-10	-1.160817e+01	-2.421258e+01
5.920000e-06	-1.714828e-06	-4.098016e-10	-1.191512e+01	-2.563465e+01
5.930000e-06	-1.758943e-06	-4.340981e-10	-1.222165e+01	-2.703036e+01
5.940000e-06	-1.802979e-06	-4.576289e-10	-1.252762e+01	-2.839850e+01
5.950000e-06	-1.846946e-06	-4.799030e-10	-1.283311e+01	-2.973802e+01
5.960000e-06	-1.890888e-06	-5.002058e-10	-1.313844e+01	-3.104806e+01
5.970000e-06	-1.934791e-06	-5.214004e-10	-1.344349e+01	-3.232788e+01
5.980000e-06	-1.978559e-06	-5.429900e-10	-1.374760e+01	-3.357694e+01
5.990000e-06	-2.022186e-06	-5.639565e-10	-1.405073e+01	-3.479484e+01
6.000000e-06	-2.065673e-06	-5.827521e-10	-1.435290e+01	-3.598131e+01
6.010000e-06	-2.108956e-06	-6.006496e-10	-1.465363e+01	-3.713622e+01
6.020000e-06	-2.152142e-06	-6.172842e-10	-1.495370e+01	-3.825957e+01
6.030000e-06	-2.195280e-06	-6.354945e-10	-1.525344e+01	-3.935147e+01
6.040000e-06	-2.238188e-06	-6.558195e-10	-1.555158e+01	-4.041212e+01
6.050000e-06	-2.280844e-06	-6.751871e-10	-1.584797e+01	-4.144181e+01
6.060000e-06	-2.323349e-06	-6.906289e-10	-1.614330e+01	-4.244092e+01
6.070000e-06	-2.365731e-06	-7.070075e-10	-1.643778e+01	-4.340989e+01
6.080000e-06	-2.407972e-06	-7.260019e-10	-1.673129e+01	-4.434919e+01
6.090000e-06	-2.450015e-06	-7.406414e-10	-1.702341e+01	-4.525936e+01
6.100000e-06	-2.491787e-06	-7.507175e-10	-1.731366e+01	-4.614097e+01
6.110000e-06	-2.533436e-06	-7.606129e-10	-1.760305e+01	-4.699460e+01
6.120000e-06	-2.574970e-06	-7.724173e-10	-1.789164e+01	-4.782086e+01
6.130000e-06	-2.616232e-06	-7.877455e-10	-1.817834e+01	-4.862036e+01
6.140000e-06	-2.657289e-06	-8.063982e-10	-1.846361e+01	-4.939371e+01
6.150000e-06	-2.698152e-06	-8.249778e-10	-1.874754e+01	-5.014152e+01
6.160000e-06	-2.738798e-06	-8.393161e-10	-1.902996e+01	-5.086440e+01
6.170000e-06	-2.779302e-06	-8.501013e-10	-1.931140e+01	-5.156294e+01
6.180000e-06	-2.819655e-06	-8.611876e-10	-1.959178e+01	-5.223773e+01
6.190000e-06	-2.859880e-06	-8.707874e-10	-1.987127e+01	-5.288933e+01
6.200000e-06	-2.899986e-06	-8.805766e-10	-2.014994e+01	-5.351830e+01
6.210000e-06	-2.939944e-06	-8.909204e-10	-2.042758e+01	-5.412518e+01
6.220000e-06	-2.979824e-06	-8.991858e-10	-2.070468e+01	-5.471049e+01
6.230000e-06	-3.019556e-06	-9.070980e-10	-2.098075e+01	-5.527475e+01
6.240000e-06	-3.059127e-06	-9.174224e-10	-2.125570e+01	-5.581845e+01
6.250000e-06	-3.098484e-06	-9.284751e-10	-2.152917e+01	-5.634210e+01
6.260000e-06	-3.137538e-06	-9.377767e-10	-2.180052e+01	-5.684618e+01
6.270000e-06	-3.176264e-06	-9.438426e-10	-2.206960e+01	-5.733117e+01
6.280000e-06	-3.214616e-06	-9.492425e-10	-2.233608e+01	-5.779753e+01
6.290000e-06	-3.252559e-06	-9.573664e-10	-2.259972e+01	-5.824575e+01
6.300000e-06	-3.290047e-06	-9.636912e-10	-2.286020e+01	-5.867630e+01
6.310000e-06	-3.327168e-06	-9.690074e-10	-2.311813e+01	-5.908964e+01
6.320000e-06	-3.363974e-06	-9.755236e-10	-2.337387e+01	-5.948626e+01
6.330000e-06	-3.400437e-06	-9.830920e-10	-2.362722e+01	-5.986662e+01
6.340000e-06	-3.436678e-06	-9.920565e-10	-2.387904e+01	-6.023120e+01
6.350000e-06	-3.472812e-06	-1.001935e-09	-2.413010e+01	-6.058049e+01
6.360000e-06	-3.508823e-06	-1.010477e-09	-2.438032e+01	-6.091497e+01
6.370000e-06	-3.544696e-06	-1.015741e-09	-2.462957e+01	-6.123512e+01
6.380000e-06	-3.580395e-06	-1.019949e-09	-2.487762e+01	-6.154142e+01
6.390000e-06	-3.615927e-06	-1.023224e-09	-2.512451e+01	-6.183437e+01
6.400000e-06	-3.651138e-06	-1.029325e-09	-2.536916e+01	-6.211445e+01
6.410000e-06	-3.686047e-06	-1.037206e-09	-2.561172e+01	-6.238215e+01
6.420000e-06	-3.720782e-06	-1.040639e-09	-2.585307e+01	-6.263794e+01
6.430000e-06	-3.755284e-06	-1.042875e-09	-2.609280e+01	-6.288231e+01
6.440000e-06	-3.789499e-06	-1.045144e-09	-2.633054e+01	-6.311572e+01
6.450000e-06	-3.823432e-06	-1.047363e-09	-2.656631e+01	-6.333865e+01
6.460000e-06	-3.857162e-06	-1.050226e-09	-2.680068e+01	-6.355154e+01
6.470000e-06	-3.890564e-06	-1.051707e-09	-2.703277e+01	-6.375486e+01
6.480000e-06	-3.923576e-06	-1.053686e-09	-2.726214e+01	-6.394905e+01
6.490000e-06	-3.956336e-06	-1.057977e-09	-2.748977e+01	-6.413453e+01
6.500000e-06	-3.988881e-06	-1.062976e-09	-2.771590e+01	-6.431173e+01
6.510000e-06	-4.021183e-06	-1.065208e-09	-2.794034e+01	-6.448105e+01
6.520000e-06	-4.053314e-06	-1.064415e-09	-2.816360e+01	-6.464289e+01
6.530000e-06	-4.085318e-06	-1.064360e-09	-2.838597e+01	-6.479765e+01
6.540000e-06	-4.117187e-06	-1.065666e-09	-2.860741e+01	-6.494568e+01
6.550000e-06	-4.148831e-06	-1.067964e-09	-2.882728e+01	-6.508736e+01
6.560000e-06	-4.180080e-06	-1.072712e-09	-2.904440e+01	-6.522304e+01
6.570000e-06	-4.210793e-06	-1.077573e-09	-2.925781e+01	-6.535304e+01
6.580000e-06	-4.241000e-06	-1.081179e-09	-2.946770e+01	-6.547770e+01
6.590000e-06	-4.270765e-06	-1.083156e-09	-2.967451e+01	-6.559732e+01
6.600000e-06	-4.299917e-06	-1.081986e-09	-2.987707e+01	-6.571220e+01
6.610000e-06	-4.328496e-06	-1.077496e-09	-3.007565e+01	-6.582261e+01
6.620000e-06	-4.356814e-06	-1.074035e-09	-3.027240e+01	-6.592884e+01
6.630000e-06	-4.384980e-06	-1.073102e-09	-3.046811e+01	-6.603112e+01
6.640000e-06	-4.413003e-06	-1.073949e-09	-3.066282e+01	-6.612970e+01
6.650000e-06	-4.440880e-06	-1.074035e-09	-3.085652e+01	-6.622479e+01
6.660000e-06	-4.468564e-06	-1.075744e-09	-3.104888e+01	-6.631660e+01
6.670000e-06	-4.495997e-06	-1.078006e-09	-3.123949e+01	-6.640530e+01
6.680000e-06	-4.523082e-06	-1.080254e-09	-3.142768e+01	-6.649106e+01
6.690000e-06	-4.549746e-06	-1.081900e-09	-3.161295e+01	-6.657401e+01
6.700000e-06	-4.576112e-06	-1.078452e-09	-3.179615e+01	-6.665429e+01
6.710000e-06	-4.602168e-06	-1.073288e-09	-3.197720e+01	-6.673198e+01
6.720000e-06	-4.627870e-06	-1.068525e-09	-3.215578e+01	-6.680715e+01
6.730000e-06	-4.653271e-06	-1.065783e-09	-3.233227e+01	-6.687987e+01
6.740000e-06	-4.678266e-06	-1.066238e-09	-3.250595e+01	-6.695016e+01
6.750000e-06	-4.702859e-06	-1.070836e-09	-3.267683e+01	-6.701802e+01
6.760000e-06	-4.727200e-06	-1.074567e-09	-3.284595e+01	-6.708344e+01
6.770000e-06	-4.751397e-06	-1.075530e-09	-3.301408e+01	-6.714637e+01
6.780000e-06	-4.775426e-06	-1.074906e-09	-3.318104e+01	-6.720676e+01
6.790000e-06	-4.799172e-06	-1.073301e-09	-3.334604e+01	-6.726452e+01
6.800000e-06	-4.822609e-06	-1.070907e-09	-3.350888e+01	-6.731957e+01
6.810000e-06	-4.845626e-06	-1.066449e-09	-3.366881e+01	-6.737179e+01
6.820000e-06	-4.868186e-06	-1.061997e-09	-3.382556e+01	-6.742106e+01
6.830000e-06	-4.890223e-06	-1.062493e-09	-3.397868e+01	-6.746726e+01
6.840000e-06	-4.911588e-06	-1.066472e-09	-3.412713e+01	-6.751024e+01
6.850000e-06	-4.932406e-06	-1.071005e-09	-3.427179e+01	-6.754987e+01
6.860000e-06	-4.952839e-06	-1.073716e-09	-3.441376e+01	-6.758602e+01
6.870000e-06	-4.973011e-06	-1.074491e-09	-3.455392e+01	-6.761856e+01
6.880000e-06	-4.992993e-06	-1.073248e-09	-3.469276e+01	-6.764737e+01
6.890000e-06	-5.012782e-06	-1.070636e-09	-3.483026e+01	-6.767235e+01
6.900000e-06	-5.032335e-06	-1.070477e-09	-3.496612e+01	-6.769341e+01
6.910000e-06	-5.051520e-06	-1.069217e-09	-3.509942e+01	-6.771050e+01
6.920000e-06	-5.070303e-06	-1.067429e-09	-3.522993e+01	-6.772356e+01
6.930000e-06	-5.088724e-06	-1.068257e-09	-3.535793e+01	-6.773258e+01
6.940000e-06	-5.106805e-06	-1.069534e-09	-3.548356e+01	-6.773759e+01
6.950000e-06	-5.124616e-06	-1.069548e-09	-3.560732e+01	-6.773863e+01
6.960000e-06	-5.142067e-06	-1.068021e-09	-3.572857e+01	-6.773578e+01
6.970000e-06	-5.159107e-06	-1.067180e-09	-3.584697e+01	-6.772914e+01
6.980000e-06	-5.175798e-06	-1.066437e-09	-3.596294e+01	-6.771888e+01
6.990000e-06	-5.192193e-06	-1.065297e-09	-3.607686e+01	-6.770517e+01
7.000000e-06	-5.208349e-06	-1.065088e-09	-3.618912e+01	-6.768820e+01
7.010000e-06	-5.224324e-06	-1.060755e-09	-3.630011e+01	-6.766824e+01
7.020000e-06	-5.240007e-06	-1.054612e-09	-3.640908e+01	-6.764553e+01
7.030000e-06	-5.255153e-06	-1.051339e-09	-3.651432e+01	-6.762037e+01
7.040000e-06	-5.269606e-06	-1.048273e-09	-3.661475e+01	-6.759306e+01
7.050000e-06	-5.283440e-06	-1.047108e-09	-3.671087e+01	-6.756393e+01
7.060000e-06	-5.296753e-06	-1.046922e-09	-3.680337e+01	-6.753331e+01
7.070000e-06	-5.309502e-06	-1.046664e-09	-3.689196e+01	-6.750155e+01
7.080000e-06	-5.321783e-06	-1.044863e-09	-3.697729e+01	-6.746897e+01
7.090000e-06	-5.333756e-06	-1.041734e-09	-3.706048e+01	-6.743593e+01
7.100000e-06	-5.345497e-06	-1.038400e-09	-3.714206e+01	-6.740275e+01
7.110000e-06	-5.356852e-06	-1.035294e-09	-3.722096e+01	-6.736975e+01
7.120000e-06	-5.367698e-06	-1.032794e-09	-3.729632e+01	-6.733723e+01
7.130000e-06	-5.378148e-06	-1.031718e-09	-3.736893e+01	-6.730547e+01
7.140000e-06	-5.388365e-06	-1.029890e-09	-3.743992e+01	-6.727473e+01
7.150000e-06	-5.398326e-06	-1.027343e-09	-3.750913e+01	-6.724522e+01
7.160000e-06	-5.407812e-06	-1.027578e-09	-3.757504e+01	-6.721715e+01
7.170000e-06	-5.416782e-06	-1.028496e-09	-3.763737e+01	-6.719068e+01
7.180000e-06	-5.425366e-06	-1.028858e-09	-3.769701e+01	-6.716594e+01
7.190000e-06	-5.433678e-06	-1.029268e-09	-3.775477e+01	-6.714303e+01
7.200000e-06	-5.441849e-06	-1.026749e-09	-3.781154e+01	-6.712200e+01
7.210000e-06	-5.449825e-06	-1.021664e-09	-3.786696e+01	-6.710289e+01
7.220000e-06	-5.457448e-06	-1.017695e-09	-3.791993e+01	-6.708569e+01
7.230000e-06	-5.464641e-06	-1.014772e-09	-3.796991e+01	-6.707037e+01
7.240000e-06	-5.471241e-06	-1.012015e-09	-3.801577e+01	-6.705686e+01
7.250000e-06	-5.477149e-06	-1.010312e-09	-3.805682e+01	-6.704508e+01
7.260000e-06	-5.482539e-06	-1.010196e-09	-3.809427e+01	-6.703493e+01
7.270000e-06	-5.487439e-06	-1.008693e-09	-3.812831e+01	-6.702627e+01
7.280000e-06	-5.491885e-06	-1.006485e-09	-3.815921e+01	-6.701896e+01
7.290000e-06	-5.496108e-06	-1.004783e-09	-3.818855e+01	-6.701285e+01
7.300000e-06	-5.500103e-06	-1.003514e-09	-3.821631e+01	-6.700777e+01
7.310000e-06	-5.503750e-06	-9.997394e-10	-3.824164e+01	-6.700356e+01
7.320000e-06	-5.507073e-06	-9.948151e-10	-3.826474e+01	-6.700005e+01
7.330000e-06	-5.510003e-06	-9.912387e-10	-3.828509e+01	-6.699706e+01
7.340000e-06	-5.512484e-06	-9.880841e-10	-3.830233e+01	-6.699444e+01
7.350000e-06	-5.514645e-06	-9.839452e-10	-3.831735e+01	-6.699200e+01
7.360000e-06	-5.516562e-06	-9.806821e-10	-3.833067e+01	-6.698961e+01
7.370000e-06	-5.518139e-06	-9.799018e-10	-3.834163e+01	-6.698709e+01
7.380000e-06	-5.519173e-06	-9.786747e-10	-3.834881e+01	-6.698430e+01
7.390000e-06	-5.519772e-06	-9.746869e-10	-3.835298e+01	-6.698111e+01
7.400000e-06	-5.520140e-06	-9.700022e-10	-3.835553e+01	-6.697736e+01
