# Temperatura_=_-6.1
# Concentracion g/m^3_=_1620.0
# C_Vs_to_Am_M_A/Vsm_=_65563218390.804596
# pendiente_HvsI_1/m_=_3716.3
# ordenada_HvsI_A/m_=_1297.0
# frecuencia_Hz_=_135107.97685942182

Tiempo_(s)	Campo_(V.s)	Magnetizacion_(V.s)	Campo_(kA/m)	Magnetizacion_(A/m)
0.000000e+00	-5.526111e-06	-1.121830e-09	-3.837383e+01	-7.612885e+01
1.000000e-08	-5.526254e-06	-1.121269e-09	-3.837482e+01	-7.613875e+01
2.000000e-08	-5.526112e-06	-1.120966e-09	-3.837384e+01	-7.614987e+01
3.000000e-08	-5.525559e-06	-1.118732e-09	-3.837000e+01	-7.616193e+01
4.000000e-08	-5.524570e-06	-1.114898e-09	-3.836313e+01	-7.617454e+01
5.000000e-08	-5.523036e-06	-1.110451e-09	-3.835248e+01	-7.618728e+01
6.000000e-08	-5.520899e-06	-1.105315e-09	-3.833764e+01	-7.619967e+01
7.000000e-08	-5.518163e-06	-1.104663e-09	-3.831864e+01	-7.621117e+01
8.000000e-08	-5.514871e-06	-1.085304e-09	-3.829578e+01	-7.622121e+01
9.000000e-08	-5.511051e-06	-1.074662e-09	-3.826925e+01	-7.622916e+01
1.000000e-07	-5.506770e-06	-1.141004e-09	-3.823953e+01	-7.623435e+01
1.100000e-07	-5.502194e-06	-1.180801e-09	-3.820775e+01	-7.623612e+01
1.200000e-07	-5.497515e-06	-1.044525e-09	-3.817526e+01	-7.623376e+01
1.300000e-07	-5.492731e-06	-9.928965e-10	-3.814204e+01	-7.622656e+01
1.400000e-07	-5.487494e-06	-1.083721e-09	-3.810568e+01	-7.621382e+01
1.500000e-07	-5.481741e-06	-1.189937e-09	-3.806573e+01	-7.619486e+01
1.600000e-07	-5.475696e-06	-1.090210e-09	-3.802375e+01	-7.616902e+01
1.700000e-07	-5.469343e-06	-1.001361e-09	-3.797963e+01	-7.613569e+01
1.800000e-07	-5.462480e-06	-1.115667e-09	-3.793197e+01	-7.609429e+01
1.900000e-07	-5.455154e-06	-1.214665e-09	-3.788110e+01	-7.604432e+01
2.000000e-07	-5.447608e-06	-1.142704e-09	-3.782870e+01	-7.598536e+01
2.100000e-07	-5.439817e-06	-1.033299e-09	-3.777460e+01	-7.591705e+01
2.200000e-07	-5.431674e-06	-1.087799e-09	-3.771806e+01	-7.583913e+01
2.300000e-07	-5.423259e-06	-1.157587e-09	-3.765962e+01	-7.575143e+01
2.400000e-07	-5.414430e-06	-1.139406e-09	-3.759831e+01	-7.565391e+01
2.500000e-07	-5.404979e-06	-1.078578e-09	-3.753268e+01	-7.554660e+01
2.600000e-07	-5.394763e-06	-1.106744e-09	-3.746174e+01	-7.542966e+01
2.700000e-07	-5.383855e-06	-1.118471e-09	-3.738600e+01	-7.530337e+01
2.800000e-07	-5.372563e-06	-1.090011e-09	-3.730758e+01	-7.516810e+01
2.900000e-07	-5.360934e-06	-1.057858e-09	-3.722683e+01	-7.502432e+01
3.000000e-07	-5.348945e-06	-1.091094e-09	-3.714358e+01	-7.487262e+01
3.100000e-07	-5.336577e-06	-1.109443e-09	-3.705770e+01	-7.471369e+01
3.200000e-07	-5.323759e-06	-1.110972e-09	-3.696868e+01	-7.454827e+01
3.300000e-07	-5.310476e-06	-1.088508e-09	-3.687644e+01	-7.437720e+01
3.400000e-07	-5.296845e-06	-1.103945e-09	-3.678179e+01	-7.420138e+01
3.500000e-07	-5.282971e-06	-1.126594e-09	-3.668544e+01	-7.402177e+01
3.600000e-07	-5.268720e-06	-1.100941e-09	-3.658649e+01	-7.383934e+01
3.700000e-07	-5.253837e-06	-1.056325e-09	-3.648314e+01	-7.365510e+01
3.800000e-07	-5.238352e-06	-1.097252e-09	-3.637561e+01	-7.347008e+01
3.900000e-07	-5.222410e-06	-1.119848e-09	-3.626491e+01	-7.328528e+01
4.000000e-07	-5.205995e-06	-1.050068e-09	-3.615092e+01	-7.310168e+01
4.100000e-07	-5.189232e-06	-1.062551e-09	-3.603451e+01	-7.292024e+01
4.200000e-07	-5.172242e-06	-1.140468e-09	-3.591653e+01	-7.274184e+01
4.300000e-07	-5.154915e-06	-1.081893e-09	-3.579622e+01	-7.256732e+01
4.400000e-07	-5.137223e-06	-1.007317e-09	-3.567336e+01	-7.239743e+01
4.500000e-07	-5.119190e-06	-1.109854e-09	-3.554813e+01	-7.223283e+01
4.600000e-07	-5.100711e-06	-1.123597e-09	-3.541982e+01	-7.207409e+01
4.700000e-07	-5.081751e-06	-9.974717e-10	-3.528815e+01	-7.192168e+01
4.800000e-07	-5.062440e-06	-1.030743e-09	-3.515406e+01	-7.177594e+01
4.900000e-07	-5.042910e-06	-1.138351e-09	-3.501844e+01	-7.163712e+01
5.000000e-07	-5.023141e-06	-1.047083e-09	-3.488117e+01	-7.150532e+01
5.100000e-07	-5.003100e-06	-1.014467e-09	-3.474199e+01	-7.138056e+01
5.200000e-07	-4.982768e-06	-1.117994e-09	-3.460081e+01	-7.126273e+01
5.300000e-07	-4.962093e-06	-1.077133e-09	-3.445724e+01	-7.115160e+01
5.400000e-07	-4.941058e-06	-9.855006e-10	-3.431117e+01	-7.104685e+01
5.500000e-07	-4.919698e-06	-1.085037e-09	-3.416284e+01	-7.094806e+01
5.600000e-07	-4.898047e-06	-1.103918e-09	-3.401250e+01	-7.085472e+01
5.700000e-07	-4.876138e-06	-9.914064e-10	-3.386036e+01	-7.076625e+01
5.800000e-07	-4.853873e-06	-1.030468e-09	-3.370575e+01	-7.068200e+01
5.900000e-07	-4.831118e-06	-1.111070e-09	-3.354774e+01	-7.060126e+01
6.000000e-07	-4.807974e-06	-1.021480e-09	-3.338702e+01	-7.052330e+01
6.100000e-07	-4.784580e-06	-9.977732e-10	-3.322457e+01	-7.044733e+01
6.200000e-07	-4.760947e-06	-1.076272e-09	-3.306046e+01	-7.037258e+01
6.300000e-07	-4.737114e-06	-1.045113e-09	-3.289496e+01	-7.029827e+01
6.400000e-07	-4.713087e-06	-9.971908e-10	-3.272812e+01	-7.022363e+01
6.500000e-07	-4.688698e-06	-1.054858e-09	-3.255876e+01	-7.014790e+01
6.600000e-07	-4.663796e-06	-1.058082e-09	-3.238584e+01	-7.007039e+01
6.700000e-07	-4.638410e-06	-1.008613e-09	-3.220956e+01	-6.999042e+01
6.800000e-07	-4.612605e-06	-1.034047e-09	-3.203036e+01	-6.990740e+01
6.900000e-07	-4.586229e-06	-1.054505e-09	-3.184720e+01	-6.982077e+01
7.000000e-07	-4.559218e-06	-1.016712e-09	-3.165964e+01	-6.973007e+01
7.100000e-07	-4.531877e-06	-1.013604e-09	-3.146978e+01	-6.963488e+01
7.200000e-07	-4.504336e-06	-1.032428e-09	-3.127853e+01	-6.953489e+01
7.300000e-07	-4.476581e-06	-1.009880e-09	-3.108580e+01	-6.942983e+01
7.400000e-07	-4.448704e-06	-1.002555e-09	-3.089222e+01	-6.931954e+01
7.500000e-07	-4.420642e-06	-1.020487e-09	-3.069736e+01	-6.920392e+01
7.600000e-07	-4.392208e-06	-1.016242e-09	-3.049991e+01	-6.908293e+01
7.700000e-07	-4.363365e-06	-1.000227e-09	-3.029962e+01	-6.895661e+01
7.800000e-07	-4.334235e-06	-1.006000e-09	-3.009734e+01	-6.882507e+01
7.900000e-07	-4.304794e-06	-1.000431e-09	-2.989289e+01	-6.868845e+01
8.000000e-07	-4.275068e-06	-9.902865e-10	-2.968648e+01	-6.854696e+01
8.100000e-07	-4.245136e-06	-9.919004e-10	-2.947863e+01	-6.840082e+01
8.200000e-07	-4.214916e-06	-9.946514e-10	-2.926877e+01	-6.825031e+01
8.300000e-07	-4.184385e-06	-9.841666e-10	-2.905676e+01	-6.809571e+01
8.400000e-07	-4.153467e-06	-9.883869e-10	-2.884207e+01	-6.793732e+01
8.500000e-07	-4.122231e-06	-9.932451e-10	-2.862516e+01	-6.777546e+01
8.600000e-07	-4.090852e-06	-9.835972e-10	-2.840726e+01	-6.761042e+01
8.700000e-07	-4.059321e-06	-9.750869e-10	-2.818830e+01	-6.744249e+01
8.800000e-07	-4.027608e-06	-9.800239e-10	-2.796809e+01	-6.727195e+01
8.900000e-07	-3.995690e-06	-9.715180e-10	-2.774645e+01	-6.709905e+01
9.000000e-07	-3.963541e-06	-9.623502e-10	-2.752320e+01	-6.692403e+01
9.100000e-07	-3.931114e-06	-9.667399e-10	-2.729803e+01	-6.674708e+01
9.200000e-07	-3.898277e-06	-9.644990e-10	-2.707000e+01	-6.656836e+01
9.300000e-07	-3.864987e-06	-9.521619e-10	-2.683883e+01	-6.638800e+01
9.400000e-07	-3.831392e-06	-9.557231e-10	-2.660554e+01	-6.620611e+01
9.500000e-07	-3.797310e-06	-9.596976e-10	-2.636888e+01	-6.602275e+01
9.600000e-07	-3.762606e-06	-9.474774e-10	-2.612789e+01	-6.583794e+01
9.700000e-07	-3.727525e-06	-9.398138e-10	-2.588429e+01	-6.565169e+01
9.800000e-07	-3.692194e-06	-9.414876e-10	-2.563894e+01	-6.546398e+01
9.900000e-07	-3.656645e-06	-9.343040e-10	-2.539208e+01	-6.527477e+01
1.000000e-06	-3.620978e-06	-9.244787e-10	-2.514441e+01	-6.508398e+01
1.010000e-06	-3.585226e-06	-9.287330e-10	-2.489615e+01	-6.489156e+01
1.020000e-06	-3.549360e-06	-9.315356e-10	-2.464709e+01	-6.469741e+01
1.030000e-06	-3.513312e-06	-9.271326e-10	-2.439677e+01	-6.450144e+01
1.040000e-06	-3.476972e-06	-9.281566e-10	-2.414442e+01	-6.430358e+01
1.050000e-06	-3.440340e-06	-9.300927e-10	-2.389005e+01	-6.410373e+01
1.060000e-06	-3.403465e-06	-9.206438e-10	-2.363398e+01	-6.390183e+01
1.070000e-06	-3.366398e-06	-9.143666e-10	-2.337658e+01	-6.369781e+01
1.080000e-06	-3.329065e-06	-9.143751e-10	-2.311734e+01	-6.349162e+01
1.090000e-06	-3.291475e-06	-9.130587e-10	-2.285631e+01	-6.328323e+01
1.100000e-06	-3.253671e-06	-9.078414e-10	-2.259380e+01	-6.307263e+01
1.110000e-06	-3.215584e-06	-9.097165e-10	-2.232932e+01	-6.285981e+01
1.120000e-06	-3.177305e-06	-9.086888e-10	-2.206351e+01	-6.264479e+01
1.130000e-06	-3.138798e-06	-9.024910e-10	-2.179611e+01	-6.242760e+01
1.140000e-06	-3.100053e-06	-8.996337e-10	-2.152706e+01	-6.220827e+01
1.150000e-06	-3.061074e-06	-8.993390e-10	-2.125639e+01	-6.198685e+01
1.160000e-06	-3.021873e-06	-8.923614e-10	-2.098417e+01	-6.176339e+01
1.170000e-06	-2.982600e-06	-8.857836e-10	-2.071145e+01	-6.153795e+01
1.180000e-06	-2.943200e-06	-8.829104e-10	-2.043786e+01	-6.131056e+01
1.190000e-06	-2.903604e-06	-8.812210e-10	-2.016290e+01	-6.108126e+01
1.200000e-06	-2.863869e-06	-8.767411e-10	-1.988697e+01	-6.085007e+01
1.210000e-06	-2.824035e-06	-8.736563e-10	-1.961036e+01	-6.061699e+01
1.220000e-06	-2.784088e-06	-8.703850e-10	-1.933297e+01	-6.038200e+01
1.230000e-06	-2.743945e-06	-8.673275e-10	-1.905421e+01	-6.014504e+01
1.240000e-06	-2.703577e-06	-8.660746e-10	-1.877389e+01	-5.990602e+01
1.250000e-06	-2.662980e-06	-8.664551e-10	-1.849198e+01	-5.966483e+01
1.260000e-06	-2.622200e-06	-8.654980e-10	-1.820880e+01	-5.942129e+01
1.270000e-06	-2.581154e-06	-8.604035e-10	-1.792377e+01	-5.917521e+01
1.280000e-06	-2.539720e-06	-8.552003e-10	-1.763606e+01	-5.892634e+01
1.290000e-06	-2.497999e-06	-8.502058e-10	-1.734634e+01	-5.867440e+01
1.300000e-06	-2.456000e-06	-8.426048e-10	-1.705469e+01	-5.841907e+01
1.310000e-06	-2.413729e-06	-8.356357e-10	-1.676116e+01	-5.815997e+01
1.320000e-06	-2.371164e-06	-8.322126e-10	-1.646559e+01	-5.789672e+01
1.330000e-06	-2.328253e-06	-8.280899e-10	-1.616761e+01	-5.762887e+01
1.340000e-06	-2.285085e-06	-8.262309e-10	-1.586785e+01	-5.735597e+01
1.350000e-06	-2.241744e-06	-8.253776e-10	-1.556688e+01	-5.707755e+01
1.360000e-06	-2.198260e-06	-8.197681e-10	-1.526493e+01	-5.679309e+01
1.370000e-06	-2.154667e-06	-8.104729e-10	-1.496221e+01	-5.650209e+01
1.380000e-06	-2.110982e-06	-8.014985e-10	-1.465886e+01	-5.620404e+01
1.390000e-06	-2.067207e-06	-7.926466e-10	-1.435488e+01	-5.589843e+01
1.400000e-06	-2.023342e-06	-7.861190e-10	-1.405027e+01	-5.558474e+01
1.410000e-06	-1.979410e-06	-7.810528e-10	-1.374521e+01	-5.526248e+01
1.420000e-06	-1.935438e-06	-7.776076e-10	-1.343987e+01	-5.493119e+01
1.430000e-06	-1.891393e-06	-7.731062e-10	-1.313401e+01	-5.459039e+01
1.440000e-06	-1.847237e-06	-7.689614e-10	-1.282739e+01	-5.423968e+01
1.450000e-06	-1.802959e-06	-7.631045e-10	-1.251992e+01	-5.387866e+01
1.460000e-06	-1.758578e-06	-7.546591e-10	-1.221173e+01	-5.350696e+01
1.470000e-06	-1.714078e-06	-7.437382e-10	-1.190272e+01	-5.312425e+01
1.480000e-06	-1.669396e-06	-7.359840e-10	-1.159244e+01	-5.273024e+01
1.490000e-06	-1.624534e-06	-7.290884e-10	-1.128092e+01	-5.232467e+01
1.500000e-06	-1.579524e-06	-7.200157e-10	-1.096836e+01	-5.190730e+01
1.510000e-06	-1.534364e-06	-7.111005e-10	-1.065476e+01	-5.147792e+01
1.520000e-06	-1.489032e-06	-7.054347e-10	-1.033998e+01	-5.103634e+01
1.530000e-06	-1.443630e-06	-7.017356e-10	-1.002470e+01	-5.058241e+01
1.540000e-06	-1.398239e-06	-6.948628e-10	-9.709502e+00	-5.011595e+01
1.550000e-06	-1.352819e-06	-6.847125e-10	-9.394104e+00	-4.963682e+01
1.560000e-06	-1.307302e-06	-6.734372e-10	-9.078029e+00	-4.914484e+01
1.570000e-06	-1.261659e-06	-6.626753e-10	-8.761079e+00	-4.863986e+01
1.580000e-06	-1.215928e-06	-6.538568e-10	-8.443516e+00	-4.812166e+01
1.590000e-06	-1.170107e-06	-6.484243e-10	-8.125332e+00	-4.759004e+01
1.600000e-06	-1.124197e-06	-6.431030e-10	-7.806529e+00	-4.704473e+01
1.610000e-06	-1.078164e-06	-6.367065e-10	-7.486875e+00	-4.648541e+01
1.620000e-06	-1.032045e-06	-6.311071e-10	-7.166620e+00	-4.591175e+01
1.630000e-06	-9.859019e-07	-6.260482e-10	-6.846195e+00	-4.532331e+01
1.640000e-06	-9.397779e-07	-6.182360e-10	-6.525906e+00	-4.471963e+01
1.650000e-06	-8.936375e-07	-6.074769e-10	-6.205503e+00	-4.410016e+01
1.660000e-06	-8.473440e-07	-5.946949e-10	-5.884036e+00	-4.346428e+01
1.670000e-06	-8.009420e-07	-5.817972e-10	-5.561817e+00	-4.281133e+01
1.680000e-06	-7.544416e-07	-5.688842e-10	-5.238914e+00	-4.214053e+01
1.690000e-06	-7.079105e-07	-5.571160e-10	-4.915797e+00	-4.145108e+01
1.700000e-06	-6.613815e-07	-5.475100e-10	-4.592695e+00	-4.074209e+01
1.710000e-06	-6.147325e-07	-5.403572e-10	-4.268760e+00	-4.001263e+01
1.720000e-06	-5.680079e-07	-5.330978e-10	-3.944300e+00	-3.926169e+01
1.730000e-06	-5.212954e-07	-5.232052e-10	-3.619924e+00	-3.848826e+01
1.740000e-06	-4.745931e-07	-5.108564e-10	-3.295619e+00	-3.769127e+01
1.750000e-06	-4.278315e-07	-4.961357e-10	-2.970902e+00	-3.686963e+01
1.760000e-06	-3.810541e-07	-4.808256e-10	-2.646075e+00	-3.602226e+01
1.770000e-06	-3.342438e-07	-4.698161e-10	-2.321020e+00	-3.514807e+01
1.780000e-06	-2.873236e-07	-4.593458e-10	-1.995202e+00	-3.424601e+01
1.790000e-06	-2.404290e-07	-4.482623e-10	-1.669562e+00	-3.331504e+01
1.800000e-06	-1.935788e-07	-4.353116e-10	-1.344230e+00	-3.235420e+01
1.810000e-06	-1.467822e-07	-4.190031e-10	-1.019270e+00	-3.136258e+01
1.820000e-06	-9.996984e-08	-4.017311e-10	-6.941999e-01	-3.033936e+01
1.830000e-06	-5.301915e-08	-3.860266e-10	-3.681699e-01	-2.928382e+01
1.840000e-06	-6.088140e-09	-3.720058e-10	-4.227662e-02	-2.819535e+01
1.850000e-06	4.074197e-08	-3.565679e-10	2.829161e-01	-2.707347e+01
1.860000e-06	8.753058e-08	-3.419153e-10	6.078206e-01	-2.591783e+01
1.870000e-06	1.344142e-07	-3.266480e-10	9.333849e-01	-2.472823e+01
1.880000e-06	1.813574e-07	-3.099594e-10	1.259363e+00	-2.350465e+01
1.890000e-06	2.282488e-07	-2.933823e-10	1.584981e+00	-2.224720e+01
1.900000e-06	2.751295e-07	-2.757969e-10	1.910525e+00	-2.095621e+01
1.910000e-06	3.219588e-07	-2.573379e-10	2.235712e+00	-1.963214e+01
1.920000e-06	3.687008e-07	-2.387031e-10	2.560293e+00	-1.827566e+01
1.930000e-06	4.154253e-07	-2.194535e-10	2.884753e+00	-1.688762e+01
1.940000e-06	4.621645e-07	-1.979708e-10	3.209314e+00	-1.546902e+01
1.950000e-06	5.088341e-07	-1.757330e-10	3.533392e+00	-1.402107e+01
1.960000e-06	5.554204e-07	-1.578592e-10	3.856891e+00	-1.254513e+01
1.970000e-06	6.019891e-07	-1.405930e-10	4.180269e+00	-1.104272e+01
1.980000e-06	6.484550e-07	-1.213392e-10	4.502933e+00	-9.515526e+00
1.990000e-06	6.948532e-07	-9.902501e-11	4.825126e+00	-7.965357e+00
2.000000e-06	7.412961e-07	-7.250372e-11	5.147630e+00	-6.394166e+00
2.010000e-06	7.876859e-07	-4.260009e-11	5.469765e+00	-4.804014e+00
2.020000e-06	8.339376e-07	-1.522317e-11	5.790941e+00	-3.197070e+00
2.030000e-06	8.800837e-07	5.766763e-12	6.111384e+00	-1.575583e+00
2.040000e-06	9.262621e-07	2.235610e-11	6.432051e+00	5.812098e-02
2.050000e-06	9.724883e-07	4.093152e-11	6.753050e+00	1.701666e+00
2.060000e-06	1.018545e-06	6.307820e-11	7.072873e+00	3.352638e+00
2.070000e-06	1.064463e-06	8.662940e-11	7.391728e+00	5.008598e+00
2.080000e-06	1.110338e-06	1.137593e-10	7.710291e+00	6.667105e+00
2.090000e-06	1.156165e-06	1.439240e-10	8.028519e+00	8.325728e+00
2.100000e-06	1.201967e-06	1.720911e-10	8.346570e+00	9.982061e+00
2.110000e-06	1.247708e-06	1.942484e-10	8.664199e+00	1.163374e+01
2.120000e-06	1.293417e-06	2.133792e-10	8.981609e+00	1.327845e+01
2.130000e-06	1.339023e-06	2.315211e-10	9.298303e+00	1.491396e+01
2.140000e-06	1.384446e-06	2.491008e-10	9.613726e+00	1.653809e+01
2.150000e-06	1.429672e-06	2.707682e-10	9.927779e+00	1.814878e+01
2.160000e-06	1.474748e-06	2.986217e-10	1.024079e+01	1.974404e+01
2.170000e-06	1.519765e-06	3.270146e-10	1.055339e+01	2.132200e+01
2.180000e-06	1.564781e-06	3.509766e-10	1.086599e+01	2.288092e+01
2.190000e-06	1.609761e-06	3.700845e-10	1.117833e+01	2.441914e+01
2.200000e-06	1.654612e-06	3.860222e-10	1.148978e+01	2.593515e+01
2.210000e-06	1.699352e-06	4.006459e-10	1.180046e+01	2.742757e+01
2.220000e-06	1.743839e-06	4.172425e-10	1.210938e+01	2.889513e+01
2.230000e-06	1.788091e-06	4.374685e-10	1.241667e+01	3.033671e+01
2.240000e-06	1.832287e-06	4.583098e-10	1.272357e+01	3.175128e+01
2.250000e-06	1.876373e-06	4.784927e-10	1.302971e+01	3.313799e+01
2.260000e-06	1.920340e-06	4.995763e-10	1.333502e+01	3.449606e+01
2.270000e-06	1.964231e-06	5.179813e-10	1.363981e+01	3.582487e+01
2.280000e-06	2.008074e-06	5.348380e-10	1.394426e+01	3.712391e+01
2.290000e-06	2.051859e-06	5.533371e-10	1.424830e+01	3.839277e+01
2.300000e-06	2.095573e-06	5.700593e-10	1.455186e+01	3.963117e+01
2.310000e-06	2.139262e-06	5.853531e-10	1.485524e+01	4.083890e+01
2.320000e-06	2.182880e-06	6.031179e-10	1.515812e+01	4.201588e+01
2.330000e-06	2.226361e-06	6.205363e-10	1.546006e+01	4.316211e+01
2.340000e-06	2.269727e-06	6.344248e-10	1.576120e+01	4.427767e+01
2.350000e-06	2.312910e-06	6.463352e-10	1.606106e+01	4.536273e+01
2.360000e-06	2.355870e-06	6.580358e-10	1.635938e+01	4.641752e+01
2.370000e-06	2.398644e-06	6.670337e-10	1.665641e+01	4.744234e+01
2.380000e-06	2.441135e-06	6.779097e-10	1.695147e+01	4.843755e+01
2.390000e-06	2.483268e-06	6.925975e-10	1.724405e+01	4.940358e+01
2.400000e-06	2.524930e-06	7.089117e-10	1.753335e+01	5.034087e+01
2.410000e-06	2.566194e-06	7.264802e-10	1.781989e+01	5.124994e+01
2.420000e-06	2.607190e-06	7.429629e-10	1.810458e+01	5.213132e+01
2.430000e-06	2.647930e-06	7.553733e-10	1.838747e+01	5.298557e+01
2.440000e-06	2.688430e-06	7.642562e-10	1.866871e+01	5.381330e+01
2.450000e-06	2.728772e-06	7.687074e-10	1.894885e+01	5.461510e+01
2.460000e-06	2.768999e-06	7.718075e-10	1.922819e+01	5.539160e+01
2.470000e-06	2.809059e-06	7.793256e-10	1.950637e+01	5.614343e+01
2.480000e-06	2.848949e-06	7.944819e-10	1.978337e+01	5.687123e+01
2.490000e-06	2.888669e-06	8.128244e-10	2.005919e+01	5.757564e+01
2.500000e-06	2.928253e-06	8.273625e-10	2.033407e+01	5.825728e+01
2.510000e-06	2.967735e-06	8.369670e-10	2.060823e+01	5.891680e+01
2.520000e-06	3.007136e-06	8.402593e-10	2.088184e+01	5.955480e+01
2.530000e-06	3.046418e-06	8.424999e-10	2.115461e+01	6.017190e+01
2.540000e-06	3.085423e-06	8.467161e-10	2.142546e+01	6.076869e+01
2.550000e-06	3.124075e-06	8.556473e-10	2.169387e+01	6.134574e+01
2.560000e-06	3.162438e-06	8.684113e-10	2.196027e+01	6.190363e+01
2.570000e-06	3.200526e-06	8.812649e-10	2.222475e+01	6.244289e+01
2.580000e-06	3.238458e-06	8.918575e-10	2.248816e+01	6.296406e+01
2.590000e-06	3.276276e-06	8.975158e-10	2.275077e+01	6.346764e+01
2.600000e-06	3.313892e-06	9.015979e-10	2.301198e+01	6.395412e+01
2.610000e-06	3.351303e-06	9.027549e-10	2.327176e+01	6.442398e+01
2.620000e-06	3.388516e-06	9.052672e-10	2.353017e+01	6.487769e+01
2.630000e-06	3.425417e-06	9.143363e-10	2.378642e+01	6.531567e+01
2.640000e-06	3.462035e-06	9.252372e-10	2.404069e+01	6.573837e+01
2.650000e-06	3.498412e-06	9.335980e-10	2.429330e+01	6.614621e+01
2.660000e-06	3.534531e-06	9.383348e-10	2.454412e+01	6.653960e+01
2.670000e-06	3.570513e-06	9.420781e-10	2.479397e+01	6.691894e+01
2.680000e-06	3.606350e-06	9.452289e-10	2.504284e+01	6.728463e+01
2.690000e-06	3.642052e-06	9.498404e-10	2.529075e+01	6.763708e+01
2.700000e-06	3.677654e-06	9.569745e-10	2.553798e+01	6.797666e+01
2.710000e-06	3.713103e-06	9.637133e-10	2.578413e+01	6.830379e+01
2.720000e-06	3.748336e-06	9.728658e-10	2.602879e+01	6.861886e+01
2.730000e-06	3.783257e-06	9.823548e-10	2.627129e+01	6.892227e+01
2.740000e-06	3.817750e-06	9.894763e-10	2.651082e+01	6.921443e+01
2.750000e-06	3.851771e-06	9.944443e-10	2.674706e+01	6.949576e+01
2.760000e-06	3.885297e-06	9.974103e-10	2.697986e+01	6.976668e+01
2.770000e-06	3.918233e-06	9.984782e-10	2.720858e+01	7.002761e+01
2.780000e-06	3.950735e-06	9.989021e-10	2.743427e+01	7.027900e+01
2.790000e-06	3.982959e-06	1.003853e-09	2.765804e+01	7.052128e+01
2.800000e-06	4.014891e-06	1.009500e-09	2.787978e+01	7.075490e+01
2.810000e-06	4.046674e-06	1.014715e-09	2.810048e+01	7.098031e+01
2.820000e-06	4.078336e-06	1.021697e-09	2.832035e+01	7.119796e+01
2.830000e-06	4.109809e-06	1.027759e-09	2.853890e+01	7.140830e+01
2.840000e-06	4.141030e-06	1.030428e-09	2.875570e+01	7.161176e+01
2.850000e-06	4.171909e-06	1.030046e-09	2.897013e+01	7.180879e+01
2.860000e-06	4.202471e-06	1.028762e-09	2.918235e+01	7.199982e+01
2.870000e-06	4.232781e-06	1.028997e-09	2.939283e+01	7.218525e+01
2.880000e-06	4.262765e-06	1.032590e-09	2.960104e+01	7.236549e+01
2.890000e-06	4.292411e-06	1.042086e-09	2.980691e+01	7.254091e+01
2.900000e-06	4.321813e-06	1.051169e-09	3.001108e+01	7.271186e+01
2.910000e-06	4.350967e-06	1.056683e-09	3.021352e+01	7.287866e+01
2.920000e-06	4.379869e-06	1.057573e-09	3.041422e+01	7.304162e+01
2.930000e-06	4.408461e-06	1.055504e-09	3.061277e+01	7.320099e+01
2.940000e-06	4.436767e-06	1.053479e-09	3.080932e+01	7.335700e+01
2.950000e-06	4.464844e-06	1.053291e-09	3.100430e+01	7.350985e+01
2.960000e-06	4.492685e-06	1.054313e-09	3.119763e+01	7.365968e+01
2.970000e-06	4.520357e-06	1.056139e-09	3.138978e+01	7.380661e+01
2.980000e-06	4.547878e-06	1.059048e-09	3.158089e+01	7.395072e+01
2.990000e-06	4.575127e-06	1.063864e-09	3.177011e+01	7.409204e+01
3.000000e-06	4.602009e-06	1.068802e-09	3.195678e+01	7.423059e+01
3.010000e-06	4.628378e-06	1.069783e-09	3.213989e+01	7.436632e+01
3.020000e-06	4.654010e-06	1.068253e-09	3.231788e+01	7.449916e+01
3.030000e-06	4.679030e-06	1.068389e-09	3.249162e+01	7.462904e+01
3.040000e-06	4.703556e-06	1.068781e-09	3.266194e+01	7.475581e+01
3.050000e-06	4.727701e-06	1.068324e-09	3.282960e+01	7.487935e+01
3.060000e-06	4.751602e-06	1.069802e-09	3.299557e+01	7.499948e+01
3.070000e-06	4.775260e-06	1.072574e-09	3.315985e+01	7.511604e+01
3.080000e-06	4.798710e-06	1.075292e-09	3.332269e+01	7.522883e+01
3.090000e-06	4.821979e-06	1.075725e-09	3.348427e+01	7.533768e+01
3.100000e-06	4.844889e-06	1.075684e-09	3.364336e+01	7.544239e+01
3.110000e-06	4.867367e-06	1.076141e-09	3.379945e+01	7.554279e+01
3.120000e-06	4.889480e-06	1.077477e-09	3.395301e+01	7.563870e+01
3.130000e-06	4.911243e-06	1.080269e-09	3.410413e+01	7.572997e+01
3.140000e-06	4.932737e-06	1.083292e-09	3.425339e+01	7.581647e+01
3.150000e-06	4.953851e-06	1.085236e-09	3.440001e+01	7.589807e+01
3.160000e-06	4.974596e-06	1.085706e-09	3.454406e+01	7.597470e+01
3.170000e-06	4.995118e-06	1.085544e-09	3.468657e+01	7.604628e+01
3.180000e-06	5.015375e-06	1.086689e-09	3.482723e+01	7.611280e+01
3.190000e-06	5.035334e-06	1.089968e-09	3.496583e+01	7.617424e+01
3.200000e-06	5.055071e-06	1.094312e-09	3.510289e+01	7.623063e+01
3.210000e-06	5.074610e-06	1.098838e-09	3.523857e+01	7.628205e+01
3.220000e-06	5.093829e-06	1.103845e-09	3.537203e+01	7.632857e+01
3.230000e-06	5.112628e-06	1.106573e-09	3.550257e+01	7.637032e+01
3.240000e-06	5.131006e-06	1.106326e-09	3.563019e+01	7.640744e+01
3.250000e-06	5.148924e-06	1.105717e-09	3.575461e+01	7.644011e+01
3.260000e-06	5.166328e-06	1.106802e-09	3.587547e+01	7.646851e+01
3.270000e-06	5.183389e-06	1.108570e-09	3.599394e+01	7.649285e+01
3.280000e-06	5.200226e-06	1.110344e-09	3.611086e+01	7.651335e+01
3.290000e-06	5.216709e-06	1.112471e-09	3.622531e+01	7.653025e+01
3.300000e-06	5.232834e-06	1.114411e-09	3.633729e+01	7.654378e+01
3.310000e-06	5.248525e-06	1.115592e-09	3.644625e+01	7.655419e+01
3.320000e-06	5.263674e-06	1.117029e-09	3.655145e+01	7.656172e+01
3.330000e-06	5.278350e-06	1.119279e-09	3.665336e+01	7.656660e+01
3.340000e-06	5.292568e-06	1.123006e-09	3.675209e+01	7.656907e+01
3.350000e-06	5.306423e-06	1.126300e-09	3.684830e+01	7.656935e+01
3.360000e-06	5.319968e-06	1.126589e-09	3.694236e+01	7.656764e+01
3.370000e-06	5.333150e-06	1.125910e-09	3.703390e+01	7.656415e+01
3.380000e-06	5.345921e-06	1.125312e-09	3.712258e+01	7.655906e+01
3.390000e-06	5.358319e-06	1.125602e-09	3.720867e+01	7.655254e+01
3.400000e-06	5.370361e-06	1.126923e-09	3.729229e+01	7.654473e+01
3.410000e-06	5.382041e-06	1.129461e-09	3.737340e+01	7.653578e+01
3.420000e-06	5.393436e-06	1.132553e-09	3.745253e+01	7.652582e+01
3.430000e-06	5.404337e-06	1.135690e-09	3.752822e+01	7.651496e+01
3.440000e-06	5.414592e-06	1.139525e-09	3.759943e+01	7.650331e+01
3.450000e-06	5.424246e-06	1.140020e-09	3.766647e+01	7.649097e+01
3.460000e-06	5.433228e-06	1.137997e-09	3.772884e+01	7.647803e+01
3.470000e-06	5.441646e-06	1.134900e-09	3.778730e+01	7.646458e+01
3.480000e-06	5.449738e-06	1.133514e-09	3.784349e+01	7.645073e+01
3.490000e-06	5.457585e-06	1.135198e-09	3.789798e+01	7.643655e+01
3.500000e-06	5.465171e-06	1.140116e-09	3.795066e+01	7.642216e+01
3.510000e-06	5.472467e-06	1.145864e-09	3.800133e+01	7.640766e+01
3.520000e-06	5.479365e-06	1.149050e-09	3.804923e+01	7.639317e+01
3.530000e-06	5.485853e-06	1.149234e-09	3.809428e+01	7.637882e+01
3.540000e-06	5.491998e-06	1.147608e-09	3.813695e+01	7.636473e+01
3.550000e-06	5.497793e-06	1.143537e-09	3.817719e+01	7.635106e+01
3.560000e-06	5.503257e-06	1.140704e-09	3.821513e+01	7.633796e+01
3.570000e-06	5.508283e-06	1.141596e-09	3.825004e+01	7.632559e+01
3.580000e-06	5.512830e-06	1.144719e-09	3.828161e+01	7.631412e+01
3.590000e-06	5.517006e-06	1.148498e-09	3.831061e+01	7.630371e+01
3.600000e-06	5.520900e-06	1.149565e-09	3.833764e+01	7.629453e+01
3.610000e-06	5.524606e-06	1.150499e-09	3.836338e+01	7.628673e+01
3.620000e-06	5.528089e-06	1.149822e-09	3.838757e+01	7.628048e+01
3.630000e-06	5.531181e-06	1.149587e-09	3.840904e+01	7.627589e+01
3.640000e-06	5.533804e-06	1.151718e-09	3.842726e+01	7.627308e+01
3.650000e-06	5.535871e-06	1.154152e-09	3.844161e+01	7.627214e+01
3.660000e-06	5.537296e-06	1.155752e-09	3.845150e+01	7.627311e+01
3.670000e-06	5.538154e-06	1.157931e-09	3.845746e+01	7.627601e+01
3.680000e-06	5.538520e-06	1.158965e-09	3.846000e+01	7.628081e+01
3.690000e-06	5.538480e-06	1.157225e-09	3.845973e+01	7.628742e+01
3.700000e-06	5.538220e-06	1.156490e-09	3.845792e+01	7.629572e+01
3.710000e-06	5.537770e-06	1.159556e-09	3.845480e+01	7.630552e+01
3.720000e-06	5.537025e-06	1.160793e-09	3.844962e+01	7.631657e+01
3.730000e-06	5.535916e-06	1.162611e-09	3.844192e+01	7.632858e+01
3.740000e-06	5.534370e-06	1.163725e-09	3.843118e+01	7.634118e+01
3.750000e-06	5.532404e-06	1.161624e-09	3.841753e+01	7.635395e+01
3.760000e-06	5.530139e-06	1.154953e-09	3.840181e+01	7.636641e+01
3.770000e-06	5.527579e-06	1.162165e-09	3.838403e+01	7.637803e+01
3.780000e-06	5.524589e-06	1.202645e-09	3.836326e+01	7.638823e+01
3.790000e-06	5.521084e-06	1.162345e-09	3.833893e+01	7.639640e+01
3.800000e-06	5.517112e-06	1.071048e-09	3.831135e+01	7.640187e+01
3.810000e-06	5.512828e-06	1.193648e-09	3.828160e+01	7.640397e+01
3.820000e-06	5.508413e-06	1.316281e-09	3.825093e+01	7.640200e+01
3.830000e-06	5.503852e-06	1.272127e-09	3.821926e+01	7.639525e+01
3.840000e-06	5.498809e-06	1.138542e-09	3.818425e+01	7.638302e+01
3.850000e-06	5.493065e-06	1.122518e-09	3.814436e+01	7.636463e+01
3.860000e-06	5.486824e-06	1.270159e-09	3.810102e+01	7.633941e+01
3.870000e-06	5.480309e-06	1.199358e-09	3.805578e+01	7.630674e+01
3.880000e-06	5.473436e-06	1.026660e-09	3.800805e+01	7.626605e+01
3.890000e-06	5.465928e-06	1.072742e-09	3.795592e+01	7.621684e+01
3.900000e-06	5.457872e-06	1.314126e-09	3.789998e+01	7.615866e+01
3.910000e-06	5.449536e-06	1.256916e-09	3.784209e+01	7.609116e+01
3.920000e-06	5.440883e-06	1.009750e-09	3.778200e+01	7.601407e+01
3.930000e-06	5.431872e-06	1.041816e-09	3.771943e+01	7.592721e+01
3.940000e-06	5.422542e-06	1.256454e-09	3.765464e+01	7.583053e+01
3.950000e-06	5.412899e-06	1.206270e-09	3.758768e+01	7.572405e+01
3.960000e-06	5.402785e-06	1.033149e-09	3.751744e+01	7.560793e+01
3.970000e-06	5.392160e-06	1.123700e-09	3.744367e+01	7.548242e+01
3.980000e-06	5.381292e-06	1.258041e-09	3.736820e+01	7.534790e+01
3.990000e-06	5.370158e-06	1.161518e-09	3.729088e+01	7.520483e+01
4.000000e-06	5.358496e-06	1.050032e-09	3.720990e+01	7.505379e+01
4.010000e-06	5.346323e-06	1.137459e-09	3.712537e+01	7.489545e+01
4.020000e-06	5.333836e-06	1.184147e-09	3.703866e+01	7.473056e+01
4.030000e-06	5.320930e-06	1.114352e-09	3.694904e+01	7.455995e+01
4.040000e-06	5.307482e-06	1.080815e-09	3.685565e+01	7.438451e+01
4.050000e-06	5.293546e-06	1.162497e-09	3.675888e+01	7.420520e+01
4.060000e-06	5.279175e-06	1.186557e-09	3.665909e+01	7.402299e+01
4.070000e-06	5.264158e-06	1.116376e-09	3.655481e+01	7.383888e+01
4.080000e-06	5.248399e-06	1.045447e-09	3.644538e+01	7.365391e+01
4.090000e-06	5.232305e-06	1.119856e-09	3.633362e+01	7.346907e+01
4.100000e-06	5.216105e-06	1.196451e-09	3.622112e+01	7.328536e+01
4.110000e-06	5.199657e-06	1.093886e-09	3.610690e+01	7.310372e+01
4.120000e-06	5.182835e-06	1.018470e-09	3.599010e+01	7.292505e+01
4.130000e-06	5.165670e-06	1.168563e-09	3.587090e+01	7.275020e+01
4.140000e-06	5.148129e-06	1.192503e-09	3.574909e+01	7.257992e+01
4.150000e-06	5.130160e-06	1.008535e-09	3.562431e+01	7.241488e+01
4.160000e-06	5.111856e-06	1.053749e-09	3.549721e+01	7.225565e+01
4.170000e-06	5.093238e-06	1.212752e-09	3.536793e+01	7.210272e+01
4.180000e-06	5.074169e-06	1.063433e-09	3.523551e+01	7.195643e+01
4.190000e-06	5.054780e-06	9.751723e-10	3.510087e+01	7.181705e+01
4.200000e-06	5.035200e-06	1.187995e-09	3.496490e+01	7.168468e+01
4.210000e-06	5.015305e-06	1.159306e-09	3.482675e+01	7.155936e+01
4.220000e-06	4.995151e-06	9.636267e-10	3.468680e+01	7.144098e+01
4.230000e-06	4.974800e-06	1.097852e-09	3.454548e+01	7.132932e+01
4.240000e-06	4.954088e-06	1.196948e-09	3.440165e+01	7.122408e+01
4.250000e-06	4.932976e-06	1.000571e-09	3.425505e+01	7.112483e+01
4.260000e-06	4.911457e-06	1.037785e-09	3.410562e+01	7.103108e+01
4.270000e-06	4.889392e-06	1.199309e-09	3.395240e+01	7.094225e+01
4.280000e-06	4.866666e-06	1.060956e-09	3.379458e+01	7.085769e+01
4.290000e-06	4.843416e-06	9.995762e-10	3.363314e+01	7.077671e+01
4.300000e-06	4.819855e-06	1.180524e-09	3.346952e+01	7.069856e+01
4.310000e-06	4.795944e-06	1.126902e-09	3.330349e+01	7.062248e+01
4.320000e-06	4.771746e-06	9.971630e-10	3.313545e+01	7.054768e+01
4.330000e-06	4.747372e-06	1.109174e-09	3.296620e+01	7.047338e+01
4.340000e-06	4.722783e-06	1.148628e-09	3.279545e+01	7.039881e+01
4.350000e-06	4.697839e-06	1.032868e-09	3.262223e+01	7.032323e+01
4.360000e-06	4.672521e-06	1.070551e-09	3.244642e+01	7.024591e+01
4.370000e-06	4.646859e-06	1.126498e-09	3.226823e+01	7.016619e+01
4.380000e-06	4.620829e-06	1.051841e-09	3.208747e+01	7.008347e+01
4.390000e-06	4.594468e-06	1.044275e-09	3.190442e+01	6.999718e+01
4.400000e-06	4.567757e-06	1.104920e-09	3.171894e+01	6.990685e+01
4.410000e-06	4.540704e-06	1.075463e-09	3.153107e+01	6.981207e+01
4.420000e-06	4.513366e-06	1.042763e-09	3.134124e+01	6.971251e+01
4.430000e-06	4.485783e-06	1.071463e-09	3.114970e+01	6.960791e+01
4.440000e-06	4.457949e-06	1.079318e-09	3.095641e+01	6.949808e+01
4.450000e-06	4.429873e-06	1.062296e-09	3.076145e+01	6.938292e+01
4.460000e-06	4.401589e-06	1.067705e-09	3.056505e+01	6.926240e+01
4.470000e-06	4.373082e-06	1.069441e-09	3.036709e+01	6.913654e+01
4.480000e-06	4.344377e-06	1.053682e-09	3.016776e+01	6.900545e+01
4.490000e-06	4.315445e-06	1.052414e-09	2.996686e+01	6.886927e+01
4.500000e-06	4.286078e-06	1.062530e-09	2.976293e+01	6.872819e+01
4.510000e-06	4.256180e-06	1.059611e-09	2.955531e+01	6.858245e+01
4.520000e-06	4.225739e-06	1.053171e-09	2.934393e+01	6.843232e+01
4.530000e-06	4.194759e-06	1.058192e-09	2.912880e+01	6.827807e+01
4.540000e-06	4.163329e-06	1.053243e-09	2.891054e+01	6.812001e+01
4.550000e-06	4.131541e-06	1.050563e-09	2.868981e+01	6.795844e+01
4.560000e-06	4.099514e-06	1.057864e-09	2.846741e+01	6.779367e+01
4.570000e-06	4.067312e-06	1.051438e-09	2.824380e+01	6.762599e+01
4.580000e-06	4.034964e-06	1.039207e-09	2.801917e+01	6.745568e+01
4.590000e-06	4.002430e-06	1.052823e-09	2.779325e+01	6.728299e+01
4.600000e-06	3.969684e-06	1.056673e-09	2.756586e+01	6.710816e+01
4.610000e-06	3.936638e-06	1.041349e-09	2.733638e+01	6.693138e+01
4.620000e-06	3.903312e-06	1.042422e-09	2.710497e+01	6.675283e+01
4.630000e-06	3.869767e-06	1.048840e-09	2.687203e+01	6.657262e+01
4.640000e-06	3.835914e-06	1.033779e-09	2.663694e+01	6.639088e+01
4.650000e-06	3.801826e-06	1.030639e-09	2.640023e+01	6.620765e+01
4.660000e-06	3.767504e-06	1.038643e-09	2.616190e+01	6.602298e+01
4.670000e-06	3.732883e-06	1.027154e-09	2.592149e+01	6.583688e+01
4.680000e-06	3.697993e-06	1.011781e-09	2.567921e+01	6.564931e+01
4.690000e-06	3.662858e-06	1.021189e-09	2.543523e+01	6.546025e+01
4.700000e-06	3.627431e-06	1.026829e-09	2.518922e+01	6.526962e+01
4.710000e-06	3.591734e-06	1.015593e-09	2.494134e+01	6.507735e+01
4.720000e-06	3.555843e-06	1.015618e-09	2.469211e+01	6.488337e+01
4.730000e-06	3.519800e-06	1.023799e-09	2.444182e+01	6.468758e+01
4.740000e-06	3.483656e-06	1.015412e-09	2.419083e+01	6.448990e+01
4.750000e-06	3.447354e-06	1.007555e-09	2.393875e+01	6.429024e+01
4.760000e-06	3.410829e-06	1.009576e-09	2.368512e+01	6.408853e+01
4.770000e-06	3.374051e-06	1.001219e-09	2.342973e+01	6.388471e+01
4.780000e-06	3.336989e-06	9.904181e-10	2.317236e+01	6.367872e+01
4.790000e-06	3.299528e-06	9.945482e-10	2.291224e+01	6.347054e+01
4.800000e-06	3.261668e-06	9.992021e-10	2.264933e+01	6.326014e+01
4.810000e-06	3.223507e-06	9.917587e-10	2.238434e+01	6.304753e+01
4.820000e-06	3.184862e-06	9.891503e-10	2.211598e+01	6.283271e+01
4.830000e-06	3.145887e-06	9.910006e-10	2.184533e+01	6.261572e+01
4.840000e-06	3.106792e-06	9.868820e-10	2.157386e+01	6.239659e+01
4.850000e-06	3.067340e-06	9.822581e-10	2.129990e+01	6.217536e+01
4.860000e-06	3.027572e-06	9.820974e-10	2.102374e+01	6.195209e+01
4.870000e-06	2.987616e-06	9.766405e-10	2.074628e+01	6.172683e+01
4.880000e-06	2.947541e-06	9.688397e-10	2.046800e+01	6.149962e+01
4.890000e-06	2.907384e-06	9.687675e-10	2.018915e+01	6.127050e+01
4.900000e-06	2.867122e-06	9.720768e-10	1.990956e+01	6.103949e+01
4.910000e-06	2.826776e-06	9.685271e-10	1.962940e+01	6.080659e+01
4.920000e-06	2.786220e-06	9.661205e-10	1.934777e+01	6.057178e+01
4.930000e-06	2.745508e-06	9.659960e-10	1.906506e+01	6.033501e+01
4.940000e-06	2.704606e-06	9.625167e-10	1.878104e+01	6.009618e+01
4.950000e-06	2.663401e-06	9.561370e-10	1.849490e+01	5.985520e+01
4.960000e-06	2.622079e-06	9.508100e-10	1.820796e+01	5.961188e+01
4.970000e-06	2.580625e-06	9.445306e-10	1.792011e+01	5.936604e+01
4.980000e-06	2.538895e-06	9.390924e-10	1.763033e+01	5.911744e+01
4.990000e-06	2.496991e-06	9.373281e-10	1.733934e+01	5.886579e+01
5.000000e-06	2.455038e-06	9.373080e-10	1.704802e+01	5.861077e+01
5.010000e-06	2.412927e-06	9.322879e-10	1.675559e+01	5.835202e+01
5.020000e-06	2.370603e-06	9.254113e-10	1.646169e+01	5.808915e+01
5.030000e-06	2.328092e-06	9.223184e-10	1.616649e+01	5.782172e+01
5.040000e-06	2.285408e-06	9.205394e-10	1.587009e+01	5.754929e+01
5.050000e-06	2.242546e-06	9.170591e-10	1.557245e+01	5.727136e+01
5.060000e-06	2.199492e-06	9.126372e-10	1.527348e+01	5.698745e+01
5.070000e-06	2.156297e-06	9.068416e-10	1.497353e+01	5.669704e+01
5.080000e-06	2.112930e-06	8.988840e-10	1.467238e+01	5.639961e+01
5.090000e-06	2.069419e-06	8.923316e-10	1.437024e+01	5.609467e+01
5.100000e-06	2.025811e-06	8.873549e-10	1.406742e+01	5.578169e+01
5.110000e-06	1.982053e-06	8.852262e-10	1.376356e+01	5.546019e+01
5.120000e-06	1.938163e-06	8.827076e-10	1.345878e+01	5.512968e+01
5.130000e-06	1.894212e-06	8.778670e-10	1.315358e+01	5.478972e+01
5.140000e-06	1.850205e-06	8.720448e-10	1.284799e+01	5.443987e+01
5.150000e-06	1.806103e-06	8.644494e-10	1.254175e+01	5.407974e+01
5.160000e-06	1.761951e-06	8.561766e-10	1.223515e+01	5.370896e+01
5.170000e-06	1.717803e-06	8.493509e-10	1.192858e+01	5.332721e+01
5.180000e-06	1.673565e-06	8.416239e-10	1.162139e+01	5.293417e+01
5.190000e-06	1.629213e-06	8.358545e-10	1.131341e+01	5.252959e+01
5.200000e-06	1.584713e-06	8.355414e-10	1.100439e+01	5.211323e+01
5.210000e-06	1.540101e-06	8.344709e-10	1.069460e+01	5.168488e+01
5.220000e-06	1.495514e-06	8.311613e-10	1.038499e+01	5.124435e+01
5.230000e-06	1.450845e-06	8.269065e-10	1.007480e+01	5.079147e+01
5.240000e-06	1.406002e-06	8.191956e-10	9.763413e+00	5.032608e+01
5.250000e-06	1.361115e-06	8.088785e-10	9.451708e+00	4.984803e+01
5.260000e-06	1.316173e-06	8.011093e-10	9.139631e+00	4.935715e+01
5.270000e-06	1.271065e-06	7.936867e-10	8.826392e+00	4.885328e+01
5.280000e-06	1.225856e-06	7.856651e-10	8.512461e+00	4.833622e+01
5.290000e-06	1.180513e-06	7.789045e-10	8.197596e+00	4.780574e+01
5.300000e-06	1.135036e-06	7.712997e-10	7.881794e+00	4.726160e+01
5.310000e-06	1.089457e-06	7.652043e-10	7.565292e+00	4.670349e+01
5.320000e-06	1.043757e-06	7.588784e-10	7.247948e+00	4.613105e+01
5.330000e-06	9.979704e-07	7.506750e-10	6.930000e+00	4.554388e+01
5.340000e-06	9.520062e-07	7.430556e-10	6.610820e+00	4.494151e+01
5.350000e-06	9.058955e-07	7.333969e-10	6.290624e+00	4.432340e+01
5.360000e-06	8.598070e-07	7.218036e-10	5.970581e+00	4.368894e+01
5.370000e-06	8.136859e-07	7.113595e-10	5.650311e+00	4.303745e+01
5.380000e-06	7.675120e-07	7.025245e-10	5.329675e+00	4.236819e+01
5.390000e-06	7.212837e-07	6.947199e-10	5.008662e+00	4.168035e+01
5.400000e-06	6.749808e-07	6.848149e-10	4.687130e+00	4.097305e+01
5.410000e-06	6.286090e-07	6.741604e-10	4.365120e+00	4.024535e+01
5.420000e-06	5.821622e-07	6.620081e-10	4.042589e+00	3.949626e+01
5.430000e-06	5.356134e-07	6.470794e-10	3.719350e+00	3.872477e+01
5.440000e-06	4.890696e-07	6.315360e-10	3.396145e+00	3.792980e+01
5.450000e-06	4.425805e-07	6.182057e-10	3.073321e+00	3.711028e+01
5.460000e-06	3.960685e-07	6.051825e-10	2.750337e+00	3.626511e+01
5.470000e-06	3.494955e-07	5.898132e-10	2.426930e+00	3.539322e+01
5.480000e-06	3.028847e-07	5.753565e-10	2.103260e+00	3.449354e+01
5.490000e-06	2.563129e-07	5.629497e-10	1.779861e+00	3.356504e+01
5.500000e-06	2.096647e-07	5.501974e-10	1.455932e+00	3.260674e+01
5.510000e-06	1.629267e-07	5.366929e-10	1.131378e+00	3.161774e+01
5.520000e-06	1.162047e-07	5.247202e-10	8.069365e-01	3.059720e+01
5.530000e-06	6.948360e-08	5.113814e-10	4.825006e-01	2.954440e+01
5.540000e-06	2.278190e-08	4.934028e-10	1.581996e-01	2.845872e+01
5.550000e-06	-2.386678e-08	4.751919e-10	-1.657332e-01	2.733966e+01
5.560000e-06	-7.047295e-08	4.580110e-10	-4.893708e-01	2.618686e+01
5.570000e-06	-1.170256e-07	4.377881e-10	-8.126366e-01	2.500012e+01
5.580000e-06	-1.636185e-07	4.153367e-10	-1.136183e+00	2.377938e+01
5.590000e-06	-2.102729e-07	3.942688e-10	-1.460155e+00	2.252477e+01
5.600000e-06	-2.569375e-07	3.756246e-10	-1.784198e+00	2.123658e+01
5.610000e-06	-3.035619e-07	3.549879e-10	-2.107962e+00	1.991526e+01
5.620000e-06	-3.501698e-07	3.313088e-10	-2.431612e+00	1.856147e+01
5.630000e-06	-3.967453e-07	3.059028e-10	-2.755037e+00	1.717604e+01
5.640000e-06	-4.432410e-07	2.806418e-10	-3.077907e+00	1.575997e+01
5.650000e-06	-4.897324e-07	2.531498e-10	-3.400747e+00	1.431444e+01
5.660000e-06	-5.361353e-07	2.249716e-10	-3.722974e+00	1.284079e+01
5.670000e-06	-5.824001e-07	1.999128e-10	-4.044241e+00	1.134055e+01
5.680000e-06	-6.286614e-07	1.745648e-10	-4.365484e+00	9.815373e+00
5.690000e-06	-6.749531e-07	1.466468e-10	-4.686938e+00	8.267067e+00
5.700000e-06	-7.212095e-07	1.188448e-10	-5.008146e+00	6.697570e+00
5.710000e-06	-7.673969e-07	9.134561e-11	-5.328876e+00	5.108938e+00
5.720000e-06	-8.135170e-07	6.232327e-11	-5.649139e+00	3.503328e+00
5.730000e-06	-8.596111e-07	3.354595e-11	-5.969220e+00	1.882986e+00
5.740000e-06	-9.056997e-07	8.146041e-12	-6.289264e+00	2.502304e-01
5.750000e-06	-9.517110e-07	-1.514858e-11	-6.608771e+00	-1.392566e+00
5.760000e-06	-9.975765e-07	-3.995029e-11	-6.927265e+00	-3.042991e+00
5.770000e-06	-1.043221e-06	-6.738746e-11	-7.244224e+00	-4.698608e+00
5.780000e-06	-1.088734e-06	-9.922250e-11	-7.560274e+00	-6.356976e+00
5.790000e-06	-1.134201e-06	-1.307117e-10	-7.875998e+00	-8.015661e+00
5.800000e-06	-1.179548e-06	-1.587317e-10	-8.190889e+00	-9.672255e+00
5.810000e-06	-1.224744e-06	-1.855389e-10	-8.504739e+00	-1.132439e+01
5.820000e-06	-1.269832e-06	-2.107478e-10	-8.817835e+00	-1.296975e+01
5.830000e-06	-1.314802e-06	-2.342673e-10	-9.130110e+00	-1.460609e+01
5.840000e-06	-1.359652e-06	-2.598369e-10	-9.441549e+00	-1.623123e+01
5.850000e-06	-1.404440e-06	-2.872723e-10	-9.752564e+00	-1.784309e+01
5.860000e-06	-1.449178e-06	-3.158623e-10	-1.006323e+01	-1.943969e+01
5.870000e-06	-1.493794e-06	-3.427406e-10	-1.037305e+01	-2.101914e+01
5.880000e-06	-1.538273e-06	-3.688842e-10	-1.068191e+01	-2.257969e+01
5.890000e-06	-1.582720e-06	-3.958623e-10	-1.099055e+01	-2.411967e+01
5.900000e-06	-1.627076e-06	-4.219397e-10	-1.129857e+01	-2.563757e+01
5.910000e-06	-1.671341e-06	-4.473115e-10	-1.160595e+01	-2.713199e+01
5.920000e-06	-1.715604e-06	-4.718218e-10	-1.191331e+01	-2.860165e+01
5.930000e-06	-1.759769e-06	-4.950215e-10	-1.222000e+01	-3.004540e+01
5.940000e-06	-1.803847e-06	-5.180243e-10	-1.252609e+01	-3.146225e+01
5.950000e-06	-1.847903e-06	-5.415780e-10	-1.283201e+01	-3.285128e+01
5.960000e-06	-1.891886e-06	-5.663844e-10	-1.313743e+01	-3.421175e+01
5.970000e-06	-1.935774e-06	-5.917256e-10	-1.344220e+01	-3.554300e+01
5.980000e-06	-1.979547e-06	-6.162510e-10	-1.374616e+01	-3.684452e+01
5.990000e-06	-2.023210e-06	-6.408271e-10	-1.404936e+01	-3.811588e+01
6.000000e-06	-2.066744e-06	-6.622468e-10	-1.435166e+01	-3.935681e+01
6.010000e-06	-2.110144e-06	-6.788420e-10	-1.465304e+01	-4.056708e+01
6.020000e-06	-2.153459e-06	-6.941939e-10	-1.495382e+01	-4.174660e+01
6.030000e-06	-2.196606e-06	-7.100346e-10	-1.525344e+01	-4.289537e+01
6.040000e-06	-2.239536e-06	-7.267689e-10	-1.555155e+01	-4.401346e+01
6.050000e-06	-2.282269e-06	-7.447278e-10	-1.584829e+01	-4.510104e+01
6.060000e-06	-2.324746e-06	-7.615738e-10	-1.614326e+01	-4.615831e+01
6.070000e-06	-2.367007e-06	-7.791684e-10	-1.643672e+01	-4.718560e+01
6.080000e-06	-2.409175e-06	-7.979068e-10	-1.672953e+01	-4.818325e+01
6.090000e-06	-2.451303e-06	-8.132941e-10	-1.702208e+01	-4.915166e+01
6.100000e-06	-2.493340e-06	-8.256607e-10	-1.731398e+01	-5.009131e+01
6.110000e-06	-2.535222e-06	-8.368660e-10	-1.760482e+01	-5.100269e+01
6.120000e-06	-2.576856e-06	-8.479004e-10	-1.789393e+01	-5.188634e+01
6.130000e-06	-2.618212e-06	-8.603386e-10	-1.818111e+01	-5.274281e+01
6.140000e-06	-2.659360e-06	-8.739267e-10	-1.846684e+01	-5.357270e+01
6.150000e-06	-2.700317e-06	-8.871419e-10	-1.875125e+01	-5.437662e+01
6.160000e-06	-2.741075e-06	-8.988485e-10	-1.903428e+01	-5.515518e+01
6.170000e-06	-2.781590e-06	-9.101307e-10	-1.931562e+01	-5.590902e+01
6.180000e-06	-2.821899e-06	-9.226629e-10	-1.959553e+01	-5.663878e+01
6.190000e-06	-2.862123e-06	-9.359722e-10	-1.987485e+01	-5.734509e+01
6.200000e-06	-2.902263e-06	-9.491740e-10	-2.015358e+01	-5.802859e+01
6.210000e-06	-2.942294e-06	-9.609161e-10	-2.043157e+01	-5.868991e+01
6.220000e-06	-2.982245e-06	-9.706381e-10	-2.070899e+01	-5.932966e+01
6.230000e-06	-3.022045e-06	-9.794724e-10	-2.098537e+01	-5.994846e+01
6.240000e-06	-3.061653e-06	-9.880550e-10	-2.126041e+01	-6.054689e+01
6.250000e-06	-3.101019e-06	-9.970432e-10	-2.153377e+01	-6.112555e+01
6.260000e-06	-3.140090e-06	-1.006734e-09	-2.180508e+01	-6.168499e+01
6.270000e-06	-3.178847e-06	-1.017035e-09	-2.207421e+01	-6.222577e+01
6.280000e-06	-3.217198e-06	-1.027090e-09	-2.234052e+01	-6.274840e+01
6.290000e-06	-3.255114e-06	-1.036957e-09	-2.260381e+01	-6.325341e+01
6.300000e-06	-3.292703e-06	-1.046969e-09	-2.286484e+01	-6.374128e+01
6.310000e-06	-3.329963e-06	-1.055885e-09	-2.312357e+01	-6.421248e+01
6.320000e-06	-3.366832e-06	-1.063549e-09	-2.337960e+01	-6.466750e+01
6.330000e-06	-3.403453e-06	-1.069647e-09	-2.363390e+01	-6.510675e+01
6.340000e-06	-3.439818e-06	-1.072711e-09	-2.388642e+01	-6.553069e+01
6.350000e-06	-3.475939e-06	-1.076007e-09	-2.413725e+01	-6.593974e+01
6.360000e-06	-3.511985e-06	-1.081827e-09	-2.438756e+01	-6.633429e+01
6.370000e-06	-3.547912e-06	-1.089652e-09	-2.463703e+01	-6.671477e+01
6.380000e-06	-3.583698e-06	-1.097549e-09	-2.488553e+01	-6.708156e+01
6.390000e-06	-3.619260e-06	-1.105462e-09	-2.513248e+01	-6.743507e+01
6.400000e-06	-3.654478e-06	-1.113167e-09	-2.537704e+01	-6.777569e+01
6.410000e-06	-3.689402e-06	-1.119936e-09	-2.561955e+01	-6.810382e+01
6.420000e-06	-3.724130e-06	-1.124913e-09	-2.586071e+01	-6.841986e+01
6.430000e-06	-3.758652e-06	-1.128389e-09	-2.610044e+01	-6.872421e+01
6.440000e-06	-3.792854e-06	-1.131295e-09	-2.633793e+01	-6.901727e+01
6.450000e-06	-3.826701e-06	-1.134680e-09	-2.657297e+01	-6.929946e+01
6.460000e-06	-3.860323e-06	-1.139606e-09	-2.680644e+01	-6.957121e+01
6.470000e-06	-3.893806e-06	-1.143408e-09	-2.703895e+01	-6.983294e+01
6.480000e-06	-3.927019e-06	-1.147053e-09	-2.726959e+01	-7.008509e+01
6.490000e-06	-3.959846e-06	-1.151883e-09	-2.749754e+01	-7.032809e+01
6.500000e-06	-3.992323e-06	-1.157330e-09	-2.772307e+01	-7.056240e+01
6.510000e-06	-4.024601e-06	-1.161619e-09	-2.794721e+01	-7.078846e+01
6.520000e-06	-4.056765e-06	-1.163820e-09	-2.817056e+01	-7.100671e+01
6.530000e-06	-4.088791e-06	-1.165656e-09	-2.839295e+01	-7.121762e+01
6.540000e-06	-4.120672e-06	-1.167868e-09	-2.861433e+01	-7.142162e+01
6.550000e-06	-4.152327e-06	-1.169287e-09	-2.883415e+01	-7.161915e+01
6.560000e-06	-4.183554e-06	-1.171951e-09	-2.905100e+01	-7.181064e+01
6.570000e-06	-4.214220e-06	-1.175537e-09	-2.926394e+01	-7.199651e+01
6.580000e-06	-4.244355e-06	-1.178404e-09	-2.947320e+01	-7.217714e+01
6.590000e-06	-4.274045e-06	-1.182932e-09	-2.967937e+01	-7.235293e+01
6.600000e-06	-4.303332e-06	-1.188937e-09	-2.988274e+01	-7.252421e+01
6.610000e-06	-4.332190e-06	-1.191852e-09	-3.008314e+01	-7.269133e+01
6.620000e-06	-4.360672e-06	-1.191200e-09	-3.028091e+01	-7.285458e+01
6.630000e-06	-4.388906e-06	-1.189381e-09	-3.047698e+01	-7.301422e+01
6.640000e-06	-4.416990e-06	-1.188957e-09	-3.067199e+01	-7.317048e+01
6.650000e-06	-4.444967e-06	-1.188932e-09	-3.086627e+01	-7.332357e+01
6.660000e-06	-4.472762e-06	-1.190461e-09	-3.105928e+01	-7.347362e+01
6.670000e-06	-4.500259e-06	-1.193430e-09	-3.125022e+01	-7.362077e+01
6.680000e-06	-4.527363e-06	-1.197021e-09	-3.143844e+01	-7.376509e+01
6.690000e-06	-4.554061e-06	-1.199074e-09	-3.162383e+01	-7.390663e+01
6.700000e-06	-4.580468e-06	-1.198895e-09	-3.180720e+01	-7.404538e+01
6.710000e-06	-4.606552e-06	-1.198594e-09	-3.198833e+01	-7.418133e+01
6.720000e-06	-4.632242e-06	-1.196677e-09	-3.216672e+01	-7.431440e+01
6.730000e-06	-4.657606e-06	-1.195226e-09	-3.234285e+01	-7.444450e+01
6.740000e-06	-4.682707e-06	-1.195155e-09	-3.251716e+01	-7.457152e+01
6.750000e-06	-4.707451e-06	-1.198447e-09	-3.268898e+01	-7.469531e+01
6.760000e-06	-4.731881e-06	-1.202575e-09	-3.285862e+01	-7.481572e+01
6.770000e-06	-4.756129e-06	-1.205394e-09	-3.302701e+01	-7.493256e+01
6.780000e-06	-4.780139e-06	-1.207063e-09	-3.319373e+01	-7.504565e+01
6.790000e-06	-4.803883e-06	-1.207942e-09	-3.335861e+01	-7.515482e+01
6.800000e-06	-4.827417e-06	-1.208849e-09	-3.352204e+01	-7.525986e+01
6.810000e-06	-4.850600e-06	-1.208569e-09	-3.368302e+01	-7.536060e+01
6.820000e-06	-4.873140e-06	-1.208394e-09	-3.383954e+01	-7.545687e+01
6.830000e-06	-4.895015e-06	-1.209086e-09	-3.399144e+01	-7.554852e+01
6.840000e-06	-4.916341e-06	-1.209899e-09	-3.413954e+01	-7.563540e+01
6.850000e-06	-4.937196e-06	-1.211478e-09	-3.428435e+01	-7.571739e+01
6.860000e-06	-4.957717e-06	-1.211380e-09	-3.442685e+01	-7.579441e+01
6.870000e-06	-4.978030e-06	-1.211351e-09	-3.456791e+01	-7.586640e+01
6.880000e-06	-4.998142e-06	-1.211255e-09	-3.470757e+01	-7.593331e+01
6.890000e-06	-5.017973e-06	-1.210600e-09	-3.484528e+01	-7.599516e+01
6.900000e-06	-5.037523e-06	-1.211082e-09	-3.498103e+01	-7.605195e+01
6.910000e-06	-5.056741e-06	-1.211966e-09	-3.511448e+01	-7.610376e+01
6.920000e-06	-5.075505e-06	-1.212111e-09	-3.524478e+01	-7.615066e+01
6.930000e-06	-5.093934e-06	-1.211955e-09	-3.537276e+01	-7.619279e+01
6.940000e-06	-5.112124e-06	-1.211196e-09	-3.549907e+01	-7.623027e+01
6.950000e-06	-5.130071e-06	-1.207589e-09	-3.562370e+01	-7.626328e+01
6.960000e-06	-5.147660e-06	-1.205403e-09	-3.574583e+01	-7.629201e+01
6.970000e-06	-5.164736e-06	-1.206450e-09	-3.586441e+01	-7.631665e+01
6.980000e-06	-5.181358e-06	-1.208029e-09	-3.597984e+01	-7.633745e+01
6.990000e-06	-5.197723e-06	-1.207987e-09	-3.609348e+01	-7.635462e+01
7.000000e-06	-5.213927e-06	-1.205842e-09	-3.620600e+01	-7.636840e+01
7.010000e-06	-5.229890e-06	-1.201700e-09	-3.631684e+01	-7.637904e+01
7.020000e-06	-5.245551e-06	-1.198992e-09	-3.642560e+01	-7.638678e+01
7.030000e-06	-5.260750e-06	-1.198859e-09	-3.653114e+01	-7.639185e+01
7.040000e-06	-5.275217e-06	-1.197891e-09	-3.663160e+01	-7.639449e+01
7.050000e-06	-5.288979e-06	-1.196017e-09	-3.672717e+01	-7.639492e+01
7.060000e-06	-5.302183e-06	-1.193908e-09	-3.681885e+01	-7.639335e+01
7.070000e-06	-5.314912e-06	-1.190841e-09	-3.690724e+01	-7.638999e+01
7.080000e-06	-5.327313e-06	-1.187372e-09	-3.699337e+01	-7.638500e+01
7.090000e-06	-5.339398e-06	-1.186358e-09	-3.707728e+01	-7.637857e+01
7.100000e-06	-5.351153e-06	-1.186510e-09	-3.715891e+01	-7.637084e+01
7.110000e-06	-5.362544e-06	-1.185766e-09	-3.723801e+01	-7.636196e+01
7.120000e-06	-5.373499e-06	-1.185988e-09	-3.731408e+01	-7.635206e+01
7.130000e-06	-5.384063e-06	-1.185572e-09	-3.738744e+01	-7.634125e+01
7.140000e-06	-5.394285e-06	-1.181401e-09	-3.745842e+01	-7.632965e+01
7.150000e-06	-5.404187e-06	-1.176859e-09	-3.752718e+01	-7.631734e+01
7.160000e-06	-5.413676e-06	-1.174529e-09	-3.759307e+01	-7.630442e+01
7.170000e-06	-5.422691e-06	-1.173621e-09	-3.765567e+01	-7.629100e+01
7.180000e-06	-5.431326e-06	-1.173369e-09	-3.771564e+01	-7.627715e+01
7.190000e-06	-5.439691e-06	-1.170122e-09	-3.777372e+01	-7.626298e+01
7.200000e-06	-5.447842e-06	-1.164956e-09	-3.783033e+01	-7.624858e+01
7.210000e-06	-5.455792e-06	-1.159595e-09	-3.788553e+01	-7.623406e+01
7.220000e-06	-5.463441e-06	-1.156104e-09	-3.793865e+01	-7.621955e+01
7.230000e-06	-5.470561e-06	-1.158056e-09	-3.798809e+01	-7.620516e+01
7.240000e-06	-5.477149e-06	-1.161956e-09	-3.803384e+01	-7.619102e+01
7.250000e-06	-5.483200e-06	-1.166852e-09	-3.807586e+01	-7.617729e+01
7.260000e-06	-5.488652e-06	-1.166058e-09	-3.811371e+01	-7.616412e+01
7.270000e-06	-5.493550e-06	-1.158611e-09	-3.814773e+01	-7.615166e+01
7.280000e-06	-5.497984e-06	-1.148980e-09	-3.817852e+01	-7.614008e+01
7.290000e-06	-5.502159e-06	-1.140346e-09	-3.820751e+01	-7.612956e+01
7.300000e-06	-5.506158e-06	-1.139777e-09	-3.823528e+01	-7.612025e+01
7.310000e-06	-5.509831e-06	-1.145475e-09	-3.826078e+01	-7.611231e+01
7.320000e-06	-5.513070e-06	-1.151234e-09	-3.828327e+01	-7.610590e+01
7.330000e-06	-5.515918e-06	-1.153102e-09	-3.830305e+01	-7.610115e+01
7.340000e-06	-5.518386e-06	-1.149956e-09	-3.832019e+01	-7.609817e+01
7.350000e-06	-5.520535e-06	-1.141593e-09	-3.833511e+01	-7.609705e+01
7.360000e-06	-5.522366e-06	-1.129278e-09	-3.834783e+01	-7.609784e+01
7.370000e-06	-5.523715e-06	-1.119786e-09	-3.835719e+01	-7.610056e+01
7.380000e-06	-5.524733e-06	-1.116871e-09	-3.836426e+01	-7.610518e+01
7.390000e-06	-5.525470e-06	-1.117555e-09	-3.836938e+01	-7.611163e+01
7.400000e-06	-5.525862e-06	-1.120685e-09	-3.837210e+01	-7.611977e+01
