# Temperatura_=_7.1
# Concentracion g/m^3_=_1620.0
# C_Vs_to_Am_M_A/Vsm_=_65563218390.804596
# pendiente_HvsI_1/m_=_3716.3
# ordenada_HvsI_A/m_=_1297.0
# frecuencia_Hz_=_135105.6270320606

Tiempo_(s)	Campo_(V.s)	Magnetizacion_(V.s)	Campo_(kA/m)	Magnetizacion_(A/m)
0.000000e+00	-5.534537e-06	-1.271906e-09	-3.837428e+01	-8.625999e+01
1.000000e-08	-5.534689e-06	-1.270676e-09	-3.837534e+01	-8.624039e+01
2.000000e-08	-5.534502e-06	-1.268982e-09	-3.837404e+01	-8.622036e+01
3.000000e-08	-5.533908e-06	-1.266849e-09	-3.836992e+01	-8.620026e+01
4.000000e-08	-5.532795e-06	-1.266138e-09	-3.836220e+01	-8.618042e+01
5.000000e-08	-5.531120e-06	-1.266061e-09	-3.835059e+01	-8.616119e+01
6.000000e-08	-5.528883e-06	-1.268206e-09	-3.833508e+01	-8.614289e+01
7.000000e-08	-5.525995e-06	-1.281762e-09	-3.831505e+01	-8.612580e+01
8.000000e-08	-5.522553e-06	-1.267205e-09	-3.829119e+01	-8.611016e+01
9.000000e-08	-5.518671e-06	-1.225131e-09	-3.826427e+01	-8.609617e+01
1.000000e-07	-5.514453e-06	-1.257162e-09	-3.823503e+01	-8.608396e+01
1.100000e-07	-5.509986e-06	-1.330244e-09	-3.820405e+01	-8.607361e+01
1.200000e-07	-5.505320e-06	-1.272674e-09	-3.817170e+01	-8.606508e+01
1.300000e-07	-5.500429e-06	-1.207522e-09	-3.813779e+01	-8.605831e+01
1.400000e-07	-5.495196e-06	-1.219070e-09	-3.810150e+01	-8.605310e+01
1.500000e-07	-5.489537e-06	-1.328438e-09	-3.806226e+01	-8.604920e+01
1.600000e-07	-5.483358e-06	-1.303140e-09	-3.801943e+01	-8.604626e+01
1.700000e-07	-5.476782e-06	-1.217103e-09	-3.797383e+01	-8.604385e+01
1.800000e-07	-5.469845e-06	-1.240133e-09	-3.792573e+01	-8.604146e+01
1.900000e-07	-5.462505e-06	-1.325387e-09	-3.787484e+01	-8.603851e+01
2.000000e-07	-5.454949e-06	-1.312822e-09	-3.782245e+01	-8.603436e+01
2.100000e-07	-5.447227e-06	-1.234711e-09	-3.776890e+01	-8.602829e+01
2.200000e-07	-5.439190e-06	-1.246979e-09	-3.771318e+01	-8.601958e+01
2.300000e-07	-5.430717e-06	-1.295264e-09	-3.765443e+01	-8.600743e+01
2.400000e-07	-5.421702e-06	-1.303275e-09	-3.759193e+01	-8.599107e+01
2.500000e-07	-5.412086e-06	-1.262033e-09	-3.752525e+01	-8.596970e+01
2.600000e-07	-5.401738e-06	-1.258887e-09	-3.745351e+01	-8.594253e+01
2.700000e-07	-5.390712e-06	-1.264749e-09	-3.737705e+01	-8.590883e+01
2.800000e-07	-5.379232e-06	-1.276368e-09	-3.729746e+01	-8.586787e+01
2.900000e-07	-5.367461e-06	-1.257894e-09	-3.721584e+01	-8.581902e+01
3.000000e-07	-5.355424e-06	-1.257971e-09	-3.713238e+01	-8.576170e+01
3.100000e-07	-5.343006e-06	-1.267379e-09	-3.704628e+01	-8.569543e+01
3.200000e-07	-5.330191e-06	-1.305577e-09	-3.695743e+01	-8.561980e+01
3.300000e-07	-5.316931e-06	-1.277789e-09	-3.686548e+01	-8.553454e+01
3.400000e-07	-5.303211e-06	-1.247454e-09	-3.677036e+01	-8.543948e+01
3.500000e-07	-5.289083e-06	-1.264996e-09	-3.667240e+01	-8.533458e+01
3.600000e-07	-5.274551e-06	-1.280394e-09	-3.657164e+01	-8.521989e+01
3.700000e-07	-5.259461e-06	-1.227800e-09	-3.646701e+01	-8.509563e+01
3.800000e-07	-5.243778e-06	-1.249290e-09	-3.635828e+01	-8.496211e+01
3.900000e-07	-5.227700e-06	-1.295115e-09	-3.624679e+01	-8.481979e+01
4.000000e-07	-5.211195e-06	-1.236801e-09	-3.613235e+01	-8.466920e+01
4.100000e-07	-5.194262e-06	-1.202956e-09	-3.601495e+01	-8.451101e+01
4.200000e-07	-5.177128e-06	-1.290741e-09	-3.589615e+01	-8.434598e+01
4.300000e-07	-5.159689e-06	-1.275210e-09	-3.577523e+01	-8.417492e+01
4.400000e-07	-5.141779e-06	-1.170185e-09	-3.565105e+01	-8.399874e+01
4.500000e-07	-5.123554e-06	-1.236711e-09	-3.552469e+01	-8.381839e+01
4.600000e-07	-5.104929e-06	-1.306192e-09	-3.539555e+01	-8.363484e+01
4.700000e-07	-5.085823e-06	-1.195761e-09	-3.526307e+01	-8.344909e+01
4.800000e-07	-5.066431e-06	-1.179877e-09	-3.512862e+01	-8.326212e+01
4.900000e-07	-5.046855e-06	-1.300188e-09	-3.499289e+01	-8.307491e+01
5.000000e-07	-5.027079e-06	-1.240050e-09	-3.485577e+01	-8.288840e+01
5.100000e-07	-5.007047e-06	-1.159477e-09	-3.471687e+01	-8.270344e+01
5.200000e-07	-4.986703e-06	-1.258645e-09	-3.457582e+01	-8.252085e+01
5.300000e-07	-4.965952e-06	-1.272056e-09	-3.443194e+01	-8.234135e+01
5.400000e-07	-4.944783e-06	-1.154919e-09	-3.428516e+01	-8.216554e+01
5.500000e-07	-4.923292e-06	-1.208899e-09	-3.413615e+01	-8.199394e+01
5.600000e-07	-4.901527e-06	-1.275066e-09	-3.398524e+01	-8.182694e+01
5.700000e-07	-4.879405e-06	-1.180926e-09	-3.383185e+01	-8.166480e+01
5.800000e-07	-4.856907e-06	-1.167380e-09	-3.367587e+01	-8.150764e+01
5.900000e-07	-4.834093e-06	-1.256007e-09	-3.351768e+01	-8.135549e+01
6.000000e-07	-4.810923e-06	-1.199732e-09	-3.335703e+01	-8.120820e+01
6.100000e-07	-4.787475e-06	-1.146875e-09	-3.319445e+01	-8.106553e+01
6.200000e-07	-4.763848e-06	-1.211592e-09	-3.303063e+01	-8.092711e+01
6.300000e-07	-4.739995e-06	-1.210903e-09	-3.286524e+01	-8.079246e+01
6.400000e-07	-4.715843e-06	-1.151220e-09	-3.269778e+01	-8.066100e+01
6.500000e-07	-4.691439e-06	-1.189034e-09	-3.252857e+01	-8.053205e+01
6.600000e-07	-4.666590e-06	-1.211168e-09	-3.235628e+01	-8.040489e+01
6.700000e-07	-4.640995e-06	-1.166548e-09	-3.217881e+01	-8.027870e+01
6.800000e-07	-4.614744e-06	-1.171963e-09	-3.199680e+01	-8.015265e+01
6.900000e-07	-4.587935e-06	-1.201456e-09	-3.181092e+01	-8.002585e+01
7.000000e-07	-4.560788e-06	-1.171978e-09	-3.162269e+01	-7.989745e+01
7.100000e-07	-4.533463e-06	-1.155528e-09	-3.143323e+01	-7.976656e+01
7.200000e-07	-4.505892e-06	-1.173216e-09	-3.124206e+01	-7.963233e+01
7.300000e-07	-4.478084e-06	-1.166102e-09	-3.104926e+01	-7.949397e+01
7.400000e-07	-4.450063e-06	-1.153286e-09	-3.085497e+01	-7.935071e+01
7.500000e-07	-4.421788e-06	-1.163177e-09	-3.065892e+01	-7.920187e+01
7.600000e-07	-4.393145e-06	-1.162007e-09	-3.046032e+01	-7.904684e+01
7.700000e-07	-4.364205e-06	-1.147108e-09	-3.025966e+01	-7.888509e+01
7.800000e-07	-4.334986e-06	-1.149304e-09	-3.005707e+01	-7.871621e+01
7.900000e-07	-4.305463e-06	-1.148450e-09	-2.985237e+01	-7.853984e+01
8.000000e-07	-4.275698e-06	-1.138489e-09	-2.964599e+01	-7.835578e+01
8.100000e-07	-4.245641e-06	-1.135862e-09	-2.943759e+01	-7.816390e+01
8.200000e-07	-4.215311e-06	-1.139671e-09	-2.922729e+01	-7.796416e+01
8.300000e-07	-4.184721e-06	-1.127823e-09	-2.901519e+01	-7.775665e+01
8.400000e-07	-4.153877e-06	-1.122762e-09	-2.880134e+01	-7.754153e+01
8.500000e-07	-4.122762e-06	-1.127903e-09	-2.858560e+01	-7.731906e+01
8.600000e-07	-4.091385e-06	-1.124515e-09	-2.836804e+01	-7.708955e+01
8.700000e-07	-4.059822e-06	-1.111333e-09	-2.814920e+01	-7.685340e+01
8.800000e-07	-4.028056e-06	-1.113050e-09	-2.792894e+01	-7.661106e+01
8.900000e-07	-3.996091e-06	-1.109552e-09	-2.770730e+01	-7.636300e+01
9.000000e-07	-3.963885e-06	-1.098443e-09	-2.748400e+01	-7.610975e+01
9.100000e-07	-3.931354e-06	-1.096295e-09	-2.725845e+01	-7.585183e+01
9.200000e-07	-3.898436e-06	-1.098739e-09	-2.703020e+01	-7.558977e+01
9.300000e-07	-3.865040e-06	-1.086077e-09	-2.679865e+01	-7.532410e+01
9.400000e-07	-3.831190e-06	-1.080498e-09	-2.656395e+01	-7.505531e+01
9.500000e-07	-3.796853e-06	-1.083264e-09	-2.632587e+01	-7.478388e+01
9.600000e-07	-3.762065e-06	-1.072255e-09	-2.608466e+01	-7.451022e+01
9.700000e-07	-3.727021e-06	-1.055436e-09	-2.584168e+01	-7.423471e+01
9.800000e-07	-3.691756e-06	-1.057684e-09	-2.559717e+01	-7.395766e+01
9.900000e-07	-3.656288e-06	-1.059663e-09	-2.535125e+01	-7.367932e+01
1.000000e-06	-3.620636e-06	-1.052747e-09	-2.510405e+01	-7.339989e+01
1.010000e-06	-3.584824e-06	-1.052910e-09	-2.485574e+01	-7.311947e+01
1.020000e-06	-3.548908e-06	-1.055054e-09	-2.460672e+01	-7.283811e+01
1.030000e-06	-3.512806e-06	-1.043442e-09	-2.435640e+01	-7.255578e+01
1.040000e-06	-3.476417e-06	-1.032694e-09	-2.410409e+01	-7.227240e+01
1.050000e-06	-3.439739e-06	-1.032661e-09	-2.384979e+01	-7.198782e+01
1.060000e-06	-3.402786e-06	-1.028566e-09	-2.359356e+01	-7.170184e+01
1.070000e-06	-3.365546e-06	-1.026025e-09	-2.333536e+01	-7.141421e+01
1.080000e-06	-3.328006e-06	-1.030979e-09	-2.307507e+01	-7.112463e+01
1.090000e-06	-3.290260e-06	-1.030375e-09	-2.281336e+01	-7.083278e+01
1.100000e-06	-3.252346e-06	-1.016957e-09	-2.255047e+01	-7.053832e+01
1.110000e-06	-3.214144e-06	-1.007557e-09	-2.228560e+01	-7.024087e+01
1.120000e-06	-3.175681e-06	-1.001330e-09	-2.201891e+01	-6.994009e+01
1.130000e-06	-3.136980e-06	-9.934414e-10	-2.175057e+01	-6.963559e+01
1.140000e-06	-3.098101e-06	-9.885539e-10	-2.148100e+01	-6.932704e+01
1.150000e-06	-3.059060e-06	-9.930446e-10	-2.121030e+01	-6.901409e+01
1.160000e-06	-3.019828e-06	-9.919210e-10	-2.093829e+01	-6.869643e+01
1.170000e-06	-2.980499e-06	-9.844980e-10	-2.066560e+01	-6.837380e+01
1.180000e-06	-2.941062e-06	-9.790855e-10	-2.039215e+01	-6.804595e+01
1.190000e-06	-2.901450e-06	-9.732420e-10	-2.011750e+01	-6.771267e+01
1.200000e-06	-2.861693e-06	-9.594343e-10	-1.984184e+01	-6.737381e+01
1.210000e-06	-2.821811e-06	-9.505843e-10	-1.956532e+01	-6.702924e+01
1.220000e-06	-2.781731e-06	-9.499804e-10	-1.928742e+01	-6.667889e+01
1.230000e-06	-2.741425e-06	-9.503882e-10	-1.900795e+01	-6.632270e+01
1.240000e-06	-2.700871e-06	-9.495921e-10	-1.872677e+01	-6.596069e+01
1.250000e-06	-2.660075e-06	-9.515741e-10	-1.844390e+01	-6.559286e+01
1.260000e-06	-2.619064e-06	-9.471136e-10	-1.815955e+01	-6.521928e+01
1.270000e-06	-2.577822e-06	-9.343997e-10	-1.787359e+01	-6.484003e+01
1.280000e-06	-2.536329e-06	-9.224121e-10	-1.758589e+01	-6.445519e+01
1.290000e-06	-2.494577e-06	-9.136841e-10	-1.729641e+01	-6.406486e+01
1.300000e-06	-2.452490e-06	-9.063749e-10	-1.700459e+01	-6.366914e+01
1.310000e-06	-2.409993e-06	-9.048537e-10	-1.670994e+01	-6.326814e+01
1.320000e-06	-2.367246e-06	-9.065398e-10	-1.641354e+01	-6.286192e+01
1.330000e-06	-2.324361e-06	-9.009878e-10	-1.611619e+01	-6.245057e+01
1.340000e-06	-2.281253e-06	-8.903322e-10	-1.581730e+01	-6.203410e+01
1.350000e-06	-2.237950e-06	-8.817264e-10	-1.551705e+01	-6.161255e+01
1.360000e-06	-2.194503e-06	-8.707348e-10	-1.521581e+01	-6.118588e+01
1.370000e-06	-2.150873e-06	-8.587987e-10	-1.491330e+01	-6.075402e+01
1.380000e-06	-2.107128e-06	-8.532473e-10	-1.460999e+01	-6.031687e+01
1.390000e-06	-2.063358e-06	-8.508015e-10	-1.430651e+01	-5.987428e+01
1.400000e-06	-2.019538e-06	-8.460841e-10	-1.400267e+01	-5.942606e+01
1.410000e-06	-1.975645e-06	-8.403694e-10	-1.369833e+01	-5.897195e+01
1.420000e-06	-1.931646e-06	-8.353713e-10	-1.339327e+01	-5.851167e+01
1.430000e-06	-1.887493e-06	-8.246261e-10	-1.308713e+01	-5.804488e+01
1.440000e-06	-1.843155e-06	-8.122398e-10	-1.277971e+01	-5.757121e+01
1.450000e-06	-1.798693e-06	-8.023514e-10	-1.247142e+01	-5.709023e+01
1.460000e-06	-1.754137e-06	-7.948083e-10	-1.216249e+01	-5.660149e+01
1.470000e-06	-1.709456e-06	-7.869089e-10	-1.185269e+01	-5.610450e+01
1.480000e-06	-1.664601e-06	-7.816514e-10	-1.154168e+01	-5.559873e+01
1.490000e-06	-1.619618e-06	-7.765588e-10	-1.122979e+01	-5.508364e+01
1.500000e-06	-1.574576e-06	-7.680256e-10	-1.091748e+01	-5.455864e+01
1.510000e-06	-1.529406e-06	-7.557648e-10	-1.060429e+01	-5.402314e+01
1.520000e-06	-1.484130e-06	-7.425626e-10	-1.029037e+01	-5.347653e+01
1.530000e-06	-1.438746e-06	-7.291229e-10	-9.975695e+00	-5.291817e+01
1.540000e-06	-1.393219e-06	-7.176154e-10	-9.660024e+00	-5.234743e+01
1.550000e-06	-1.347642e-06	-7.093384e-10	-9.344013e+00	-5.176363e+01
1.560000e-06	-1.302066e-06	-7.028601e-10	-9.028009e+00	-5.116613e+01
1.570000e-06	-1.256428e-06	-6.957423e-10	-8.711574e+00	-5.055423e+01
1.580000e-06	-1.210709e-06	-6.873659e-10	-8.394572e+00	-4.992726e+01
1.590000e-06	-1.164841e-06	-6.789712e-10	-8.076547e+00	-4.928452e+01
1.600000e-06	-1.118830e-06	-6.694984e-10	-7.757526e+00	-4.862529e+01
1.610000e-06	-1.072739e-06	-6.560137e-10	-7.437944e+00	-4.794886e+01
1.620000e-06	-1.026567e-06	-6.430171e-10	-7.117806e+00	-4.725449e+01
1.630000e-06	-9.803629e-07	-6.325613e-10	-6.797447e+00	-4.654142e+01
1.640000e-06	-9.340490e-07	-6.238696e-10	-6.476325e+00	-4.580890e+01
1.650000e-06	-8.876593e-07	-6.154556e-10	-6.154677e+00	-4.505614e+01
1.660000e-06	-8.412953e-07	-6.050104e-10	-5.833208e+00	-4.428232e+01
1.670000e-06	-7.948703e-07	-5.928863e-10	-5.511315e+00	-4.348664e+01
1.680000e-06	-7.483574e-07	-5.778699e-10	-5.188813e+00	-4.266824e+01
1.690000e-06	-7.017456e-07	-5.601191e-10	-4.865625e+00	-4.182627e+01
1.700000e-06	-6.550436e-07	-5.423877e-10	-4.541812e+00	-4.095986e+01
1.710000e-06	-6.083518e-07	-5.286857e-10	-4.218069e+00	-4.006813e+01
1.720000e-06	-5.616832e-07	-5.182184e-10	-3.894488e+00	-3.915017e+01
1.730000e-06	-5.149518e-07	-5.064069e-10	-3.570471e+00	-3.820510e+01
1.740000e-06	-4.681037e-07	-4.916870e-10	-3.245645e+00	-3.723203e+01
1.750000e-06	-4.212244e-07	-4.751598e-10	-2.920603e+00	-3.623009e+01
1.760000e-06	-3.743303e-07	-4.561256e-10	-2.595458e+00	-3.519843e+01
1.770000e-06	-3.274010e-07	-4.381778e-10	-2.270069e+00	-3.413622e+01
1.780000e-06	-2.805326e-07	-4.219709e-10	-1.945102e+00	-3.304269e+01
1.790000e-06	-2.336129e-07	-4.067633e-10	-1.619779e+00	-3.191712e+01
1.800000e-06	-1.865718e-07	-3.908384e-10	-1.293615e+00	-3.075887e+01
1.810000e-06	-1.395780e-07	-3.746172e-10	-9.677782e-01	-2.956736e+01
1.820000e-06	-9.269398e-08	-3.580933e-10	-6.427032e-01	-2.834213e+01
1.830000e-06	-4.577229e-08	-3.400231e-10	-3.173669e-01	-2.708281e+01
1.840000e-06	1.226525e-09	-3.213128e-10	8.504240e-03	-2.578916e+01
1.850000e-06	4.825370e-08	-3.024053e-10	3.345720e-01	-2.446107e+01
1.860000e-06	9.529660e-08	-2.830911e-10	6.607487e-01	-2.309859e+01
1.870000e-06	1.422919e-07	-2.633208e-10	9.865955e-01	-2.170191e+01
1.880000e-06	1.892943e-07	-2.442427e-10	1.312492e+00	-2.027139e+01
1.890000e-06	2.363060e-07	-2.269901e-10	1.638452e+00	-1.880759e+01
1.900000e-06	2.833026e-07	-2.100157e-10	1.964307e+00	-1.731121e+01
1.910000e-06	3.302896e-07	-1.916398e-10	2.290097e+00	-1.578317e+01
1.920000e-06	3.772120e-07	-1.720258e-10	2.615438e+00	-1.422456e+01
1.930000e-06	4.240487e-07	-1.486483e-10	2.940185e+00	-1.263667e+01
1.940000e-06	4.707887e-07	-1.217654e-10	3.264262e+00	-1.102096e+01
1.950000e-06	5.174773e-07	-9.643949e-11	3.587982e+00	-9.379085e+00
1.960000e-06	5.641054e-07	-7.583602e-11	3.911282e+00	-7.712865e+00
1.970000e-06	6.105920e-07	-5.715814e-11	4.233602e+00	-6.024287e+00
1.980000e-06	6.569666e-07	-3.860484e-11	4.555145e+00	-4.315494e+00
1.990000e-06	7.033686e-07	-1.691319e-11	4.876878e+00	-2.588762e+00
2.000000e-06	7.498154e-07	1.137493e-11	5.198922e+00	-8.464965e-01
2.010000e-06	7.961607e-07	4.355173e-11	5.520262e+00	9.087955e-01
2.020000e-06	8.424115e-07	7.224278e-11	5.840946e+00	2.674518e+00
2.030000e-06	8.886851e-07	9.606431e-11	6.161790e+00	4.448007e+00
2.040000e-06	9.349470e-07	1.175772e-10	6.482551e+00	6.226554e+00
2.050000e-06	9.811307e-07	1.406829e-10	6.802771e+00	8.007425e+00
2.060000e-06	1.027241e-06	1.647347e-10	7.122479e+00	9.787885e+00
2.070000e-06	1.073239e-06	1.872966e-10	7.441410e+00	1.156521e+01
2.080000e-06	1.119167e-06	2.124937e-10	7.759857e+00	1.333674e+01
2.090000e-06	1.164998e-06	2.399082e-10	8.077632e+00	1.509984e+01
2.100000e-06	1.210786e-06	2.664838e-10	8.395112e+00	1.685199e+01
2.110000e-06	1.256543e-06	2.911902e-10	8.712368e+00	1.859075e+01
2.120000e-06	1.302142e-06	3.137498e-10	9.028533e+00	2.031380e+01
2.130000e-06	1.347649e-06	3.356162e-10	9.344062e+00	2.201895e+01
2.140000e-06	1.393101e-06	3.568338e-10	9.659211e+00	2.370418e+01
2.150000e-06	1.438460e-06	3.797914e-10	9.973712e+00	2.536758e+01
2.160000e-06	1.483674e-06	4.063817e-10	1.028720e+01	2.700745e+01
2.170000e-06	1.528792e-06	4.324685e-10	1.060004e+01	2.862223e+01
2.180000e-06	1.573828e-06	4.555697e-10	1.091229e+01	3.021055e+01
2.190000e-06	1.618737e-06	4.781156e-10	1.122368e+01	3.177121e+01
2.200000e-06	1.663557e-06	4.974991e-10	1.153445e+01	3.330320e+01
2.210000e-06	1.708264e-06	5.125032e-10	1.184442e+01	3.480567e+01
2.220000e-06	1.752847e-06	5.279780e-10	1.215355e+01	3.627794e+01
2.230000e-06	1.797301e-06	5.456594e-10	1.246177e+01	3.771951e+01
2.240000e-06	1.841603e-06	5.663154e-10	1.276894e+01	3.913001e+01
2.250000e-06	1.885757e-06	5.875596e-10	1.307509e+01	4.050924e+01
2.260000e-06	1.929745e-06	6.106314e-10	1.338008e+01	4.185711e+01
2.270000e-06	1.973646e-06	6.318831e-10	1.368448e+01	4.317367e+01
2.280000e-06	2.017479e-06	6.487872e-10	1.398840e+01	4.445906e+01
2.290000e-06	2.061222e-06	6.647028e-10	1.429169e+01	4.571354e+01
2.300000e-06	2.104877e-06	6.788589e-10	1.459438e+01	4.693743e+01
2.310000e-06	2.148454e-06	6.913437e-10	1.489653e+01	4.813113e+01
2.320000e-06	2.191957e-06	7.057906e-10	1.519816e+01	4.929509e+01
2.330000e-06	2.235377e-06	7.223023e-10	1.549921e+01	5.042982e+01
2.340000e-06	2.278691e-06	7.395233e-10	1.579954e+01	5.153583e+01
2.350000e-06	2.321857e-06	7.568836e-10	1.609883e+01	5.261368e+01
2.360000e-06	2.364864e-06	7.722449e-10	1.639703e+01	5.366394e+01
2.370000e-06	2.407677e-06	7.834174e-10	1.669387e+01	5.468715e+01
2.380000e-06	2.450273e-06	7.942728e-10	1.698922e+01	5.568387e+01
2.390000e-06	2.492531e-06	8.055364e-10	1.728222e+01	5.665465e+01
2.400000e-06	2.534465e-06	8.167417e-10	1.757297e+01	5.760002e+01
2.410000e-06	2.576128e-06	8.300055e-10	1.786184e+01	5.852047e+01
2.420000e-06	2.617387e-06	8.441669e-10	1.814792e+01	5.941649e+01
2.430000e-06	2.658313e-06	8.587377e-10	1.843169e+01	6.028855e+01
2.440000e-06	2.699003e-06	8.725675e-10	1.871382e+01	6.113706e+01
2.450000e-06	2.739383e-06	8.841419e-10	1.899380e+01	6.196243e+01
2.460000e-06	2.779476e-06	8.931986e-10	1.927178e+01	6.276507e+01
2.470000e-06	2.819407e-06	9.018365e-10	1.954864e+01	6.354532e+01
2.480000e-06	2.859247e-06	9.118404e-10	1.982488e+01	6.430354e+01
2.490000e-06	2.898972e-06	9.224904e-10	2.010032e+01	6.504006e+01
2.500000e-06	2.938547e-06	9.316857e-10	2.037472e+01	6.575521e+01
2.510000e-06	2.977997e-06	9.404172e-10	2.064825e+01	6.644930e+01
2.520000e-06	3.017370e-06	9.484438e-10	2.092125e+01	6.712265e+01
2.530000e-06	3.056616e-06	9.575184e-10	2.119336e+01	6.777558e+01
2.540000e-06	3.095628e-06	9.679909e-10	2.146386e+01	6.840840e+01
2.550000e-06	3.134318e-06	9.759911e-10	2.173211e+01	6.902144e+01
2.560000e-06	3.172744e-06	9.822843e-10	2.199854e+01	6.961505e+01
2.570000e-06	3.210991e-06	9.881434e-10	2.226374e+01	7.018956e+01
2.580000e-06	3.249023e-06	9.949021e-10	2.252744e+01	7.074534e+01
2.590000e-06	3.286841e-06	1.001854e-09	2.278965e+01	7.128276e+01
2.600000e-06	3.324436e-06	1.007869e-09	2.305032e+01	7.180222e+01
2.610000e-06	3.361812e-06	1.014637e-09	2.330947e+01	7.230413e+01
2.620000e-06	3.398987e-06	1.021185e-09	2.356723e+01	7.278891e+01
2.630000e-06	3.435947e-06	1.029285e-09	2.382349e+01	7.325699e+01
2.640000e-06	3.472603e-06	1.035022e-09	2.407765e+01	7.370882e+01
2.650000e-06	3.508955e-06	1.038836e-09	2.432970e+01	7.414486e+01
2.660000e-06	3.545122e-06	1.044243e-09	2.458047e+01	7.456558e+01
2.670000e-06	3.581083e-06	1.050680e-09	2.482981e+01	7.497147e+01
2.680000e-06	3.616870e-06	1.057151e-09	2.507794e+01	7.536299e+01
2.690000e-06	3.652562e-06	1.064508e-09	2.532541e+01	7.574064e+01
2.700000e-06	3.688106e-06	1.070121e-09	2.557186e+01	7.610491e+01
2.710000e-06	3.723458e-06	1.072334e-09	2.581698e+01	7.645629e+01
2.720000e-06	3.758599e-06	1.074741e-09	2.606063e+01	7.679525e+01
2.730000e-06	3.793451e-06	1.079098e-09	2.630228e+01	7.712228e+01
2.740000e-06	3.827871e-06	1.085284e-09	2.654094e+01	7.743786e+01
2.750000e-06	3.861760e-06	1.094034e-09	2.677591e+01	7.774247e+01
2.760000e-06	3.895141e-06	1.103886e-09	2.700736e+01	7.803656e+01
2.770000e-06	3.928030e-06	1.111059e-09	2.723540e+01	7.832061e+01
2.780000e-06	3.960502e-06	1.116966e-09	2.746054e+01	7.859505e+01
2.790000e-06	3.992705e-06	1.119607e-09	2.768383e+01	7.886033e+01
2.800000e-06	4.024687e-06	1.119152e-09	2.790558e+01	7.911690e+01
2.810000e-06	4.056470e-06	1.118371e-09	2.812595e+01	7.936518e+01
2.820000e-06	4.088086e-06	1.121553e-09	2.834516e+01	7.960561e+01
2.830000e-06	4.119549e-06	1.129439e-09	2.856332e+01	7.983858e+01
2.840000e-06	4.150830e-06	1.138971e-09	2.878020e+01	8.006453e+01
2.850000e-06	4.181792e-06	1.147990e-09	2.899489e+01	8.028384e+01
2.860000e-06	4.212462e-06	1.155209e-09	2.920754e+01	8.049692e+01
2.870000e-06	4.242845e-06	1.156715e-09	2.941820e+01	8.070417e+01
2.880000e-06	4.272847e-06	1.155599e-09	2.962622e+01	8.090595e+01
2.890000e-06	4.302563e-06	1.157311e-09	2.983226e+01	8.110264e+01
2.900000e-06	4.332057e-06	1.162669e-09	3.003676e+01	8.129462e+01
2.910000e-06	4.361292e-06	1.169937e-09	3.023947e+01	8.148221e+01
2.920000e-06	4.390198e-06	1.176030e-09	3.043989e+01	8.166576e+01
2.930000e-06	4.418765e-06	1.180733e-09	3.063796e+01	8.184559e+01
2.940000e-06	4.447016e-06	1.183850e-09	3.083384e+01	8.202200e+01
2.950000e-06	4.474980e-06	1.183746e-09	3.102773e+01	8.219526e+01
2.960000e-06	4.502750e-06	1.182013e-09	3.122028e+01	8.236563e+01
2.970000e-06	4.530395e-06	1.182300e-09	3.141196e+01	8.253332e+01
2.980000e-06	4.557909e-06	1.184989e-09	3.160273e+01	8.269854e+01
2.990000e-06	4.585185e-06	1.189555e-09	3.179185e+01	8.286146e+01
3.000000e-06	4.612146e-06	1.194649e-09	3.197879e+01	8.302218e+01
3.010000e-06	4.638669e-06	1.197534e-09	3.216269e+01	8.318082e+01
3.020000e-06	4.664527e-06	1.198726e-09	3.234198e+01	8.333741e+01
3.030000e-06	4.689718e-06	1.198963e-09	3.251664e+01	8.349198e+01
3.040000e-06	4.714311e-06	1.198209e-09	3.268716e+01	8.364450e+01
3.050000e-06	4.738403e-06	1.199031e-09	3.285420e+01	8.379489e+01
3.060000e-06	4.762245e-06	1.202502e-09	3.301952e+01	8.394305e+01
3.070000e-06	4.785901e-06	1.206976e-09	3.318353e+01	8.408885e+01
3.080000e-06	4.809352e-06	1.210381e-09	3.334614e+01	8.423211e+01
3.090000e-06	4.832537e-06	1.213381e-09	3.350689e+01	8.437262e+01
3.100000e-06	4.855361e-06	1.215780e-09	3.366515e+01	8.451014e+01
3.110000e-06	4.877776e-06	1.217398e-09	3.382056e+01	8.464441e+01
3.120000e-06	4.899872e-06	1.218452e-09	3.397376e+01	8.477518e+01
3.130000e-06	4.921744e-06	1.218442e-09	3.412542e+01	8.490213e+01
3.140000e-06	4.943271e-06	1.218171e-09	3.427468e+01	8.502499e+01
3.150000e-06	4.964347e-06	1.220422e-09	3.442081e+01	8.514347e+01
3.160000e-06	4.985076e-06	1.224566e-09	3.456454e+01	8.525728e+01
3.170000e-06	5.005527e-06	1.230449e-09	3.470633e+01	8.536615e+01
3.180000e-06	5.025604e-06	1.236822e-09	3.484554e+01	8.546983e+01
3.190000e-06	5.045378e-06	1.240573e-09	3.498265e+01	8.556811e+01
3.200000e-06	5.064991e-06	1.241891e-09	3.511863e+01	8.566079e+01
3.210000e-06	5.084436e-06	1.242593e-09	3.525346e+01	8.574772e+01
3.220000e-06	5.103641e-06	1.242242e-09	3.538662e+01	8.582881e+01
3.230000e-06	5.122501e-06	1.241194e-09	3.551739e+01	8.590398e+01
3.240000e-06	5.140917e-06	1.242499e-09	3.564507e+01	8.597323e+01
3.250000e-06	5.158812e-06	1.246680e-09	3.576915e+01	8.603661e+01
3.260000e-06	5.176224e-06	1.252817e-09	3.588988e+01	8.609419e+01
3.270000e-06	5.193265e-06	1.259074e-09	3.600803e+01	8.614613e+01
3.280000e-06	5.210038e-06	1.261821e-09	3.612433e+01	8.619262e+01
3.290000e-06	5.226459e-06	1.259923e-09	3.623819e+01	8.623391e+01
3.300000e-06	5.242528e-06	1.256664e-09	3.634960e+01	8.627027e+01
3.310000e-06	5.258249e-06	1.254288e-09	3.645861e+01	8.630205e+01
3.320000e-06	5.273451e-06	1.254162e-09	3.656401e+01	8.632959e+01
3.330000e-06	5.288175e-06	1.257994e-09	3.666610e+01	8.635328e+01
3.340000e-06	5.302503e-06	1.264016e-09	3.676545e+01	8.637354e+01
3.350000e-06	5.316441e-06	1.269202e-09	3.686209e+01	8.639077e+01
3.360000e-06	5.329933e-06	1.272770e-09	3.695563e+01	8.640541e+01
3.370000e-06	5.343060e-06	1.273232e-09	3.704666e+01	8.641786e+01
3.380000e-06	5.355849e-06	1.271070e-09	3.713533e+01	8.642855e+01
3.390000e-06	5.368238e-06	1.269766e-09	3.722123e+01	8.643786e+01
3.400000e-06	5.380264e-06	1.270619e-09	3.730461e+01	8.644616e+01
3.410000e-06	5.391934e-06	1.273004e-09	3.738553e+01	8.645377e+01
3.420000e-06	5.403276e-06	1.276526e-09	3.746417e+01	8.646098e+01
3.430000e-06	5.414217e-06	1.281257e-09	3.754003e+01	8.646805e+01
3.440000e-06	5.424573e-06	1.286059e-09	3.761183e+01	8.647516e+01
3.450000e-06	5.434239e-06	1.287247e-09	3.767886e+01	8.648247e+01
3.460000e-06	5.443219e-06	1.288711e-09	3.774112e+01	8.649008e+01
3.470000e-06	5.451693e-06	1.290040e-09	3.779987e+01	8.649802e+01
3.480000e-06	5.459806e-06	1.290272e-09	3.785613e+01	8.650629e+01
3.490000e-06	5.467568e-06	1.291647e-09	3.790994e+01	8.651483e+01
3.500000e-06	5.475053e-06	1.295181e-09	3.796184e+01	8.652354e+01
3.510000e-06	5.482238e-06	1.299419e-09	3.801166e+01	8.653229e+01
3.520000e-06	5.489010e-06	1.301621e-09	3.805861e+01	8.654088e+01
3.530000e-06	5.495429e-06	1.304741e-09	3.810312e+01	8.654913e+01
3.540000e-06	5.501539e-06	1.306542e-09	3.814549e+01	8.655681e+01
3.550000e-06	5.507246e-06	1.306157e-09	3.818506e+01	8.656368e+01
3.560000e-06	5.512559e-06	1.308036e-09	3.822190e+01	8.656951e+01
3.570000e-06	5.517532e-06	1.312605e-09	3.825638e+01	8.657405e+01
3.580000e-06	5.522053e-06	1.317094e-09	3.828772e+01	8.657711e+01
3.590000e-06	5.526134e-06	1.319930e-09	3.831602e+01	8.657847e+01
3.600000e-06	5.529983e-06	1.321683e-09	3.834270e+01	8.657796e+01
3.610000e-06	5.533648e-06	1.322619e-09	3.836812e+01	8.657547e+01
3.620000e-06	5.536998e-06	1.321756e-09	3.839134e+01	8.657088e+01
3.630000e-06	5.539934e-06	1.321535e-09	3.841170e+01	8.656416e+01
3.640000e-06	5.542417e-06	1.321946e-09	3.842892e+01	8.655530e+01
3.650000e-06	5.544377e-06	1.322815e-09	3.844251e+01	8.654437e+01
3.660000e-06	5.545768e-06	1.325695e-09	3.845215e+01	8.653147e+01
3.670000e-06	5.546585e-06	1.331163e-09	3.845781e+01	8.651674e+01
3.680000e-06	5.546900e-06	1.335529e-09	3.846000e+01	8.650040e+01
3.690000e-06	5.546846e-06	1.337035e-09	3.845963e+01	8.648268e+01
3.700000e-06	5.546532e-06	1.337473e-09	3.845745e+01	8.646387e+01
3.710000e-06	5.546007e-06	1.336540e-09	3.845381e+01	8.644427e+01
3.720000e-06	5.545165e-06	1.333570e-09	3.844797e+01	8.642423e+01
3.730000e-06	5.543963e-06	1.331102e-09	3.843963e+01	8.640407e+01
3.740000e-06	5.542427e-06	1.329299e-09	3.842899e+01	8.638416e+01
3.750000e-06	5.540532e-06	1.326342e-09	3.841585e+01	8.636483e+01
3.760000e-06	5.538268e-06	1.310896e-09	3.840015e+01	8.634639e+01
3.770000e-06	5.535592e-06	1.305807e-09	3.838160e+01	8.632914e+01
3.780000e-06	5.532505e-06	1.365986e-09	3.836019e+01	8.631333e+01
3.790000e-06	5.528932e-06	1.377935e-09	3.833542e+01	8.629916e+01
3.800000e-06	5.524877e-06	1.277970e-09	3.830730e+01	8.628675e+01
3.810000e-06	5.520530e-06	1.300615e-09	3.827716e+01	8.627620e+01
3.820000e-06	5.516013e-06	1.380154e-09	3.824584e+01	8.626748e+01
3.830000e-06	5.511189e-06	1.409391e-09	3.821239e+01	8.626052e+01
3.840000e-06	5.505903e-06	1.320019e-09	3.817574e+01	8.625515e+01
3.850000e-06	5.500173e-06	1.242989e-09	3.813602e+01	8.625111e+01
3.860000e-06	5.493953e-06	1.349182e-09	3.809289e+01	8.624806e+01
3.870000e-06	5.487315e-06	1.394357e-09	3.804686e+01	8.624558e+01
3.880000e-06	5.480289e-06	1.293656e-09	3.799814e+01	8.624317e+01
3.890000e-06	5.472692e-06	1.219675e-09	3.794547e+01	8.624025e+01
3.900000e-06	5.464567e-06	1.361285e-09	3.788914e+01	8.623617e+01
3.910000e-06	5.456116e-06	1.405645e-09	3.783054e+01	8.623025e+01
3.920000e-06	5.447361e-06	1.265803e-09	3.776984e+01	8.622175e+01
3.930000e-06	5.438258e-06	1.198798e-09	3.770672e+01	8.620987e+01
3.940000e-06	5.428839e-06	1.326849e-09	3.764141e+01	8.619385e+01
3.950000e-06	5.419037e-06	1.367019e-09	3.757345e+01	8.617288e+01
3.960000e-06	5.408733e-06	1.275748e-09	3.750201e+01	8.614618e+01
3.970000e-06	5.398030e-06	1.275211e-09	3.742779e+01	8.611301e+01
3.980000e-06	5.387038e-06	1.351294e-09	3.735158e+01	8.607264e+01
3.990000e-06	5.375708e-06	1.335219e-09	3.727302e+01	8.602443e+01
4.000000e-06	5.363979e-06	1.268634e-09	3.719170e+01	8.596779e+01
4.010000e-06	5.351812e-06	1.283515e-09	3.710734e+01	8.590223e+01
4.020000e-06	5.339243e-06	1.315691e-09	3.702019e+01	8.582736e+01
4.030000e-06	5.326281e-06	1.327601e-09	3.693032e+01	8.574287e+01
4.040000e-06	5.312867e-06	1.301927e-09	3.683731e+01	8.564859e+01
4.050000e-06	5.298971e-06	1.288723e-09	3.674096e+01	8.554445e+01
4.060000e-06	5.284540e-06	1.304973e-09	3.664090e+01	8.543053e+01
4.070000e-06	5.269430e-06	1.329724e-09	3.653613e+01	8.530701e+01
4.080000e-06	5.253686e-06	1.261653e-09	3.642697e+01	8.517421e+01
4.090000e-06	5.237594e-06	1.252858e-09	3.631540e+01	8.503256e+01
4.100000e-06	5.221286e-06	1.350073e-09	3.620232e+01	8.488259e+01
4.110000e-06	5.204744e-06	1.329848e-09	3.608763e+01	8.472497e+01
4.120000e-06	5.187937e-06	1.196314e-09	3.597109e+01	8.456043e+01
4.130000e-06	5.170770e-06	1.273851e-09	3.585206e+01	8.438980e+01
4.140000e-06	5.153190e-06	1.368146e-09	3.573017e+01	8.421397e+01
4.150000e-06	5.135205e-06	1.220401e-09	3.560547e+01	8.403388e+01
4.160000e-06	5.116834e-06	1.187901e-09	3.547810e+01	8.385052e+01
4.170000e-06	5.098093e-06	1.376750e-09	3.534815e+01	8.366486e+01
4.180000e-06	5.078993e-06	1.303059e-09	3.521572e+01	8.347792e+01
4.190000e-06	5.059632e-06	1.143464e-09	3.508148e+01	8.329065e+01
4.200000e-06	5.039961e-06	1.308649e-09	3.494509e+01	8.310400e+01
4.210000e-06	5.019947e-06	1.366750e-09	3.480632e+01	8.291884e+01
4.220000e-06	4.999717e-06	1.153303e-09	3.466605e+01	8.273598e+01
4.230000e-06	4.979300e-06	1.214852e-09	3.452448e+01	8.255615e+01
4.240000e-06	4.958573e-06	1.384404e-09	3.438077e+01	8.237997e+01
4.250000e-06	4.937385e-06	1.222214e-09	3.423386e+01	8.220797e+01
4.260000e-06	4.915688e-06	1.165753e-09	3.408343e+01	8.204052e+01
4.270000e-06	4.893451e-06	1.350265e-09	3.392924e+01	8.187792e+01
4.280000e-06	4.870612e-06	1.291713e-09	3.377089e+01	8.172031e+01
4.290000e-06	4.847345e-06	1.165696e-09	3.360957e+01	8.156770e+01
4.300000e-06	4.823740e-06	1.302906e-09	3.344590e+01	8.141997e+01
4.310000e-06	4.799767e-06	1.323409e-09	3.327968e+01	8.127688e+01
4.320000e-06	4.775521e-06	1.189603e-09	3.311156e+01	8.113808e+01
4.330000e-06	4.750989e-06	1.242347e-09	3.294147e+01	8.100310e+01
4.340000e-06	4.726150e-06	1.308422e-09	3.276924e+01	8.087135e+01
4.350000e-06	4.701027e-06	1.215744e-09	3.259506e+01	8.074218e+01
4.360000e-06	4.675611e-06	1.221926e-09	3.241883e+01	8.061485e+01
4.370000e-06	4.649866e-06	1.287375e-09	3.224032e+01	8.048857e+01
4.380000e-06	4.623742e-06	1.242111e-09	3.205919e+01	8.036250e+01
4.390000e-06	4.597328e-06	1.214994e-09	3.187605e+01	8.023576e+01
4.400000e-06	4.570715e-06	1.261635e-09	3.169152e+01	8.010747e+01
4.410000e-06	4.543731e-06	1.247305e-09	3.150443e+01	7.997678e+01
4.420000e-06	4.516279e-06	1.215327e-09	3.131408e+01	7.984282e+01
4.430000e-06	4.488509e-06	1.229421e-09	3.112154e+01	7.970479e+01
4.440000e-06	4.460518e-06	1.240187e-09	3.092746e+01	7.956192e+01
4.450000e-06	4.432281e-06	1.228772e-09	3.073167e+01	7.941353e+01
4.460000e-06	4.403885e-06	1.228671e-09	3.053479e+01	7.925899e+01
4.470000e-06	4.375397e-06	1.229645e-09	3.033726e+01	7.909778e+01
4.480000e-06	4.346625e-06	1.220221e-09	3.013777e+01	7.892946e+01
4.490000e-06	4.317420e-06	1.213322e-09	2.993527e+01	7.875369e+01
4.500000e-06	4.287758e-06	1.214460e-09	2.972961e+01	7.857023e+01
4.510000e-06	4.257513e-06	1.210177e-09	2.951990e+01	7.837895e+01
4.520000e-06	4.226725e-06	1.204590e-09	2.930643e+01	7.817983e+01
4.530000e-06	4.195504e-06	1.209558e-09	2.908996e+01	7.797292e+01
4.540000e-06	4.163935e-06	1.205766e-09	2.887107e+01	7.775838e+01
4.550000e-06	4.132156e-06	1.194635e-09	2.865073e+01	7.753646e+01
4.560000e-06	4.100169e-06	1.199022e-09	2.842894e+01	7.730749e+01
4.570000e-06	4.067958e-06	1.202231e-09	2.820561e+01	7.707183e+01
4.580000e-06	4.035605e-06	1.188571e-09	2.798128e+01	7.682994e+01
4.590000e-06	4.003039e-06	1.193494e-09	2.775548e+01	7.658230e+01
4.600000e-06	3.970219e-06	1.202121e-09	2.752792e+01	7.632941e+01
4.610000e-06	3.937104e-06	1.186618e-09	2.729831e+01	7.607182e+01
4.620000e-06	3.903625e-06	1.172784e-09	2.706619e+01	7.581004e+01
4.630000e-06	3.869805e-06	1.175887e-09	2.683169e+01	7.554461e+01
4.640000e-06	3.835703e-06	1.162610e-09	2.659524e+01	7.527602e+01
4.650000e-06	3.801433e-06	1.148728e-09	2.635763e+01	7.500474e+01
4.660000e-06	3.766990e-06	1.154505e-09	2.611881e+01	7.473121e+01
4.670000e-06	3.732228e-06	1.156222e-09	2.587779e+01	7.445580e+01
4.680000e-06	3.697159e-06	1.142458e-09	2.563463e+01	7.417883e+01
4.690000e-06	3.661833e-06	1.144386e-09	2.538970e+01	7.390055e+01
4.700000e-06	3.626278e-06	1.150930e-09	2.514317e+01	7.362116e+01
4.710000e-06	3.590501e-06	1.137304e-09	2.489511e+01	7.334077e+01
4.720000e-06	3.554506e-06	1.123882e-09	2.464553e+01	7.305944e+01
4.730000e-06	3.518375e-06	1.129918e-09	2.439502e+01	7.277716e+01
4.740000e-06	3.482079e-06	1.128152e-09	2.414335e+01	7.249383e+01
4.750000e-06	3.445637e-06	1.116621e-09	2.389068e+01	7.220932e+01
4.760000e-06	3.409026e-06	1.117477e-09	2.363683e+01	7.192342e+01
4.770000e-06	3.372162e-06	1.119580e-09	2.338123e+01	7.163589e+01
4.780000e-06	3.334995e-06	1.110637e-09	2.312353e+01	7.134644e+01
4.790000e-06	3.297510e-06	1.107420e-09	2.286363e+01	7.105475e+01
4.800000e-06	3.259806e-06	1.109594e-09	2.260220e+01	7.076047e+01
4.810000e-06	3.221720e-06	1.099259e-09	2.233813e+01	7.046325e+01
4.820000e-06	3.183072e-06	1.087134e-09	2.207016e+01	7.016271e+01
4.830000e-06	3.143986e-06	1.085648e-09	2.179915e+01	6.985850e+01
4.840000e-06	3.104512e-06	1.083226e-09	2.152545e+01	6.955025e+01
4.850000e-06	3.064766e-06	1.075525e-09	2.124987e+01	6.923763e+01
4.860000e-06	3.024925e-06	1.074404e-09	2.097363e+01	6.892034e+01
4.870000e-06	2.984952e-06	1.076051e-09	2.069647e+01	6.859809e+01
4.880000e-06	2.944841e-06	1.072418e-09	2.041836e+01	6.827064e+01
4.890000e-06	2.904609e-06	1.071258e-09	2.013941e+01	6.793778e+01
4.900000e-06	2.864225e-06	1.073042e-09	1.985940e+01	6.759934e+01
4.910000e-06	2.823668e-06	1.064938e-09	1.957819e+01	6.725521e+01
4.920000e-06	2.782942e-06	1.055197e-09	1.929581e+01	6.690529e+01
4.930000e-06	2.742086e-06	1.053863e-09	1.901253e+01	6.654955e+01
4.940000e-06	2.701022e-06	1.051629e-09	1.872781e+01	6.618798e+01
4.950000e-06	2.659745e-06	1.042353e-09	1.844162e+01	6.582059e+01
4.960000e-06	2.618326e-06	1.036758e-09	1.815443e+01	6.544745e+01
4.970000e-06	2.576763e-06	1.034447e-09	1.786625e+01	6.506862e+01
4.980000e-06	2.535020e-06	1.029433e-09	1.757682e+01	6.468420e+01
4.990000e-06	2.493078e-06	1.023287e-09	1.728601e+01	6.429428e+01
5.000000e-06	2.450910e-06	1.020108e-09	1.699364e+01	6.389897e+01
5.010000e-06	2.408571e-06	1.012041e-09	1.670007e+01	6.349835e+01
5.020000e-06	2.366118e-06	1.001856e-09	1.640572e+01	6.309253e+01
5.030000e-06	2.323562e-06	9.962000e-10	1.611066e+01	6.268155e+01
5.040000e-06	2.280844e-06	9.928085e-10	1.581447e+01	6.226547e+01
5.050000e-06	2.237939e-06	9.869489e-10	1.551698e+01	6.184430e+01
5.060000e-06	2.194878e-06	9.807628e-10	1.521841e+01	6.141801e+01
5.070000e-06	2.151651e-06	9.750584e-10	1.491869e+01	6.098655e+01
5.080000e-06	2.108218e-06	9.681635e-10	1.461754e+01	6.054980e+01
5.090000e-06	2.064611e-06	9.614611e-10	1.431520e+01	6.010763e+01
5.100000e-06	2.020905e-06	9.565278e-10	1.401215e+01	5.965984e+01
5.110000e-06	1.977090e-06	9.514417e-10	1.370836e+01	5.920619e+01
5.120000e-06	1.933143e-06	9.435151e-10	1.340365e+01	5.874639e+01
5.130000e-06	1.889045e-06	9.357669e-10	1.309789e+01	5.828012e+01
5.140000e-06	1.844884e-06	9.280602e-10	1.279169e+01	5.780699e+01
5.150000e-06	1.800705e-06	9.175511e-10	1.248537e+01	5.732659e+01
5.160000e-06	1.756469e-06	9.063885e-10	1.217866e+01	5.683848e+01
5.170000e-06	1.712158e-06	9.002220e-10	1.187142e+01	5.634215e+01
5.180000e-06	1.667771e-06	8.950220e-10	1.156366e+01	5.583709e+01
5.190000e-06	1.623277e-06	8.898799e-10	1.125516e+01	5.532275e+01
5.200000e-06	1.578706e-06	8.872711e-10	1.094612e+01	5.479856e+01
5.210000e-06	1.534097e-06	8.824957e-10	1.063682e+01	5.426392e+01
5.220000e-06	1.489384e-06	8.733073e-10	1.032680e+01	5.371821e+01
5.230000e-06	1.444575e-06	8.624579e-10	1.001611e+01	5.316081e+01
5.240000e-06	1.399710e-06	8.520714e-10	9.705036e+00	5.259108e+01
5.250000e-06	1.354672e-06	8.438158e-10	9.392760e+00	5.200836e+01
5.260000e-06	1.309521e-06	8.386096e-10	9.079701e+00	5.141198e+01
5.270000e-06	1.264365e-06	8.332953e-10	8.766601e+00	5.080126e+01
5.280000e-06	1.219095e-06	8.260698e-10	8.452723e+00	5.017553e+01
5.290000e-06	1.173673e-06	8.166673e-10	8.137779e+00	4.953409e+01
5.300000e-06	1.128078e-06	8.056717e-10	7.821645e+00	4.887622e+01
5.310000e-06	1.082362e-06	7.961759e-10	7.504665e+00	4.820120e+01
5.320000e-06	1.036605e-06	7.865418e-10	7.187411e+00	4.750831e+01
5.330000e-06	9.907725e-07	7.744681e-10	6.869623e+00	4.679679e+01
5.340000e-06	9.449110e-07	7.622451e-10	6.551637e+00	4.606588e+01
5.350000e-06	8.990556e-07	7.496873e-10	6.233694e+00	4.531478e+01
5.360000e-06	8.530038e-07	7.365647e-10	5.914390e+00	4.454271e+01
5.370000e-06	8.067709e-07	7.251922e-10	5.593829e+00	4.374884e+01
5.380000e-06	7.605288e-07	7.151380e-10	5.273204e+00	4.293232e+01
5.390000e-06	7.142735e-07	7.077825e-10	4.952489e+00	4.209231e+01
5.400000e-06	6.679858e-07	7.000896e-10	4.631548e+00	4.122793e+01
5.410000e-06	6.216412e-07	6.876508e-10	4.310213e+00	4.033829e+01
5.420000e-06	5.752054e-07	6.699978e-10	3.988246e+00	3.942251e+01
5.430000e-06	5.286965e-07	6.473782e-10	3.665771e+00	3.847969e+01
5.440000e-06	4.821771e-07	6.243858e-10	3.343224e+00	3.750895e+01
5.450000e-06	4.357078e-07	6.047858e-10	3.021025e+00	3.650940e+01
5.460000e-06	3.892060e-07	5.924495e-10	2.698600e+00	3.548020e+01
5.470000e-06	3.426054e-07	5.823052e-10	2.375490e+00	3.442053e+01
5.480000e-06	2.959246e-07	5.732910e-10	2.051823e+00	3.332959e+01
5.490000e-06	2.492504e-07	5.622767e-10	1.728203e+00	3.220668e+01
5.500000e-06	2.026394e-07	5.429964e-10	1.405021e+00	3.105113e+01
5.510000e-06	1.559595e-07	5.181795e-10	1.081361e+00	2.986237e+01
5.520000e-06	1.092353e-07	4.941911e-10	7.573942e-01	2.863992e+01
5.530000e-06	6.258238e-08	4.709841e-10	4.339213e-01	2.738341e+01
5.540000e-06	1.595868e-08	4.489389e-10	1.106511e-01	2.609258e+01
5.550000e-06	-3.072605e-08	4.322669e-10	-2.130422e-01	2.476732e+01
5.560000e-06	-7.738706e-08	4.192867e-10	-5.365711e-01	2.340765e+01
5.570000e-06	-1.240030e-07	4.025299e-10	-8.597876e-01	2.201377e+01
5.580000e-06	-1.706513e-07	3.774964e-10	-1.183228e+00	2.058601e+01
5.590000e-06	-2.172317e-07	3.499348e-10	-1.506199e+00	1.912491e+01
5.600000e-06	-2.637353e-07	3.236896e-10	-1.828636e+00	1.763117e+01
5.610000e-06	-3.103306e-07	2.981490e-10	-2.151709e+00	1.610569e+01
5.620000e-06	-3.569791e-07	2.706962e-10	-2.475151e+00	1.454954e+01
5.630000e-06	-4.034961e-07	2.415923e-10	-2.797681e+00	1.296399e+01
5.640000e-06	-4.499997e-07	2.132452e-10	-3.120119e+00	1.135050e+01
5.650000e-06	-4.965537e-07	1.855938e-10	-3.442906e+00	9.710690e+00
5.660000e-06	-5.430406e-07	1.593695e-10	-3.765228e+00	8.046381e+00
5.670000e-06	-5.894809e-07	1.351724e-10	-4.087226e+00	6.359544e+00
5.680000e-06	-6.359048e-07	1.076408e-10	-4.409111e+00	4.652306e+00
5.690000e-06	-6.822261e-07	7.671507e-11	-4.730284e+00	2.926936e+00
5.700000e-06	-7.284368e-07	4.553831e-11	-5.050691e+00	1.185827e+00
5.710000e-06	-7.746247e-07	1.559418e-11	-5.370940e+00	-5.685208e-01
5.720000e-06	-8.207570e-07	-1.420451e-11	-5.690803e+00	-2.333518e+00
5.730000e-06	-8.668150e-07	-4.382448e-11	-6.010151e+00	-4.106506e+00
5.740000e-06	-9.128551e-07	-7.475285e-11	-6.329374e+00	-5.884780e+00
5.750000e-06	-9.587655e-07	-1.054951e-10	-6.647699e+00	-7.665605e+00
5.760000e-06	-1.004492e-06	-1.338471e-10	-6.964748e+00	-9.446246e+00
5.770000e-06	-1.050146e-06	-1.610999e-10	-7.281298e+00	-1.122398e+01
5.780000e-06	-1.095759e-06	-1.904103e-10	-7.597560e+00	-1.299613e+01
5.790000e-06	-1.141334e-06	-2.201189e-10	-7.913553e+00	-1.476008e+01
5.800000e-06	-1.186822e-06	-2.492314e-10	-8.228950e+00	-1.651328e+01
5.810000e-06	-1.232129e-06	-2.794724e-10	-8.543091e+00	-1.825329e+01
5.820000e-06	-1.277283e-06	-3.097812e-10	-8.856171e+00	-1.997777e+01
5.830000e-06	-1.322396e-06	-3.394618e-10	-9.168965e+00	-2.168455e+01
5.840000e-06	-1.367431e-06	-3.685165e-10	-9.481226e+00	-2.337155e+01
5.850000e-06	-1.412390e-06	-3.970570e-10	-9.792952e+00	-2.503688e+01
5.860000e-06	-1.457246e-06	-4.259047e-10	-1.010397e+01	-2.667881e+01
5.870000e-06	-1.501952e-06	-4.520596e-10	-1.041394e+01	-2.829578e+01
5.880000e-06	-1.546512e-06	-4.760044e-10	-1.072290e+01	-2.988640e+01
5.890000e-06	-1.590967e-06	-5.011004e-10	-1.103113e+01	-3.144945e+01
5.900000e-06	-1.635374e-06	-5.273629e-10	-1.133903e+01	-3.298391e+01
5.910000e-06	-1.679711e-06	-5.541066e-10	-1.164645e+01	-3.448891e+01
5.920000e-06	-1.723984e-06	-5.817524e-10	-1.195342e+01	-3.596376e+01
5.930000e-06	-1.768202e-06	-6.092645e-10	-1.226001e+01	-3.740795e+01
5.940000e-06	-1.812382e-06	-6.352315e-10	-1.256633e+01	-3.882110e+01
5.950000e-06	-1.856513e-06	-6.593912e-10	-1.287233e+01	-4.020298e+01
5.960000e-06	-1.900558e-06	-6.808825e-10	-1.317772e+01	-4.155350e+01
5.970000e-06	-1.944490e-06	-6.999516e-10	-1.348232e+01	-4.287271e+01
5.980000e-06	-1.988326e-06	-7.187329e-10	-1.378627e+01	-4.416073e+01
5.990000e-06	-2.032100e-06	-7.406456e-10	-1.408977e+01	-4.541782e+01
6.000000e-06	-2.075782e-06	-7.618033e-10	-1.439265e+01	-4.664429e+01
6.010000e-06	-2.119292e-06	-7.813519e-10	-1.469433e+01	-4.784053e+01
6.020000e-06	-2.162575e-06	-8.021717e-10	-1.499443e+01	-4.900700e+01
6.030000e-06	-2.205644e-06	-8.234211e-10	-1.529306e+01	-5.014418e+01
6.040000e-06	-2.248542e-06	-8.435799e-10	-1.559050e+01	-5.125261e+01
6.050000e-06	-2.291261e-06	-8.632935e-10	-1.588670e+01	-5.233283e+01
6.060000e-06	-2.333751e-06	-8.805791e-10	-1.618131e+01	-5.338541e+01
6.070000e-06	-2.376092e-06	-8.954435e-10	-1.647488e+01	-5.441089e+01
6.080000e-06	-2.418367e-06	-9.103606e-10	-1.676800e+01	-5.540985e+01
6.090000e-06	-2.460475e-06	-9.224183e-10	-1.705995e+01	-5.638281e+01
6.100000e-06	-2.502391e-06	-9.324874e-10	-1.735059e+01	-5.733032e+01
6.110000e-06	-2.544143e-06	-9.459054e-10	-1.764008e+01	-5.825287e+01
6.120000e-06	-2.585751e-06	-9.636676e-10	-1.792857e+01	-5.915096e+01
6.130000e-06	-2.627217e-06	-9.819571e-10	-1.821608e+01	-6.002503e+01
6.140000e-06	-2.668521e-06	-9.986193e-10	-1.850247e+01	-6.087553e+01
6.150000e-06	-2.709531e-06	-1.014543e-09	-1.878681e+01	-6.170287e+01
6.160000e-06	-2.750216e-06	-1.025270e-09	-1.906890e+01	-6.250742e+01
6.170000e-06	-2.790787e-06	-1.031459e-09	-1.935021e+01	-6.328957e+01
6.180000e-06	-2.831268e-06	-1.039188e-09	-1.963089e+01	-6.404966e+01
6.190000e-06	-2.871610e-06	-1.047785e-09	-1.991060e+01	-6.478802e+01
6.200000e-06	-2.911871e-06	-1.058990e-09	-2.018976e+01	-6.550498e+01
6.210000e-06	-2.952053e-06	-1.073098e-09	-2.046836e+01	-6.620086e+01
6.220000e-06	-2.992157e-06	-1.084883e-09	-2.074643e+01	-6.687597e+01
6.230000e-06	-3.032147e-06	-1.094844e-09	-2.102370e+01	-6.753063e+01
6.240000e-06	-3.071808e-06	-1.106561e-09	-2.129870e+01	-6.816516e+01
6.250000e-06	-3.111112e-06	-1.118220e-09	-2.157122e+01	-6.877988e+01
6.260000e-06	-3.150180e-06	-1.127722e-09	-2.184210e+01	-6.937513e+01
6.270000e-06	-3.188972e-06	-1.135815e-09	-2.211107e+01	-6.995126e+01
6.280000e-06	-3.227381e-06	-1.143085e-09	-2.237738e+01	-7.050863e+01
6.290000e-06	-3.265317e-06	-1.149793e-09	-2.264041e+01	-7.104762e+01
6.300000e-06	-3.302781e-06	-1.157913e-09	-2.290017e+01	-7.156860e+01
6.310000e-06	-3.339837e-06	-1.169515e-09	-2.315710e+01	-7.207200e+01
6.320000e-06	-3.376574e-06	-1.182832e-09	-2.341182e+01	-7.255823e+01
6.330000e-06	-3.413089e-06	-1.193945e-09	-2.366501e+01	-7.302773e+01
6.340000e-06	-3.449432e-06	-1.202317e-09	-2.391699e+01	-7.348094e+01
6.350000e-06	-3.485663e-06	-1.210171e-09	-2.416820e+01	-7.391832e+01
6.360000e-06	-3.521829e-06	-1.215142e-09	-2.441896e+01	-7.434035e+01
6.370000e-06	-3.557895e-06	-1.218257e-09	-2.466903e+01	-7.474749e+01
6.380000e-06	-3.593805e-06	-1.223722e-09	-2.491802e+01	-7.514024e+01
6.390000e-06	-3.629478e-06	-1.231475e-09	-2.516536e+01	-7.551907e+01
6.400000e-06	-3.664843e-06	-1.242047e-09	-2.541057e+01	-7.588448e+01
6.410000e-06	-3.699878e-06	-1.253152e-09	-2.565349e+01	-7.623695e+01
6.420000e-06	-3.734627e-06	-1.258594e-09	-2.589442e+01	-7.657697e+01
6.430000e-06	-3.769122e-06	-1.259593e-09	-2.613359e+01	-7.690503e+01
6.440000e-06	-3.803327e-06	-1.262167e-09	-2.637076e+01	-7.722159e+01
6.450000e-06	-3.837311e-06	-1.266069e-09	-2.660639e+01	-7.752714e+01
6.460000e-06	-3.871103e-06	-1.269614e-09	-2.684069e+01	-7.782213e+01
6.470000e-06	-3.904577e-06	-1.275873e-09	-2.707278e+01	-7.810704e+01
6.480000e-06	-3.937708e-06	-1.284075e-09	-2.730250e+01	-7.838230e+01
6.490000e-06	-3.970496e-06	-1.292079e-09	-2.752984e+01	-7.864838e+01
6.500000e-06	-4.003072e-06	-1.295615e-09	-2.775571e+01	-7.890570e+01
6.510000e-06	-4.035571e-06	-1.293945e-09	-2.798104e+01	-7.915470e+01
6.520000e-06	-4.067839e-06	-1.292776e-09	-2.820478e+01	-7.939581e+01
6.530000e-06	-4.099900e-06	-1.295202e-09	-2.842707e+01	-7.962943e+01
6.540000e-06	-4.131767e-06	-1.302987e-09	-2.864803e+01	-7.985599e+01
6.550000e-06	-4.163279e-06	-1.313998e-09	-2.886652e+01	-8.007588e+01
6.560000e-06	-4.194421e-06	-1.324285e-09	-2.908245e+01	-8.028951e+01
6.570000e-06	-4.225138e-06	-1.331696e-09	-2.929542e+01	-8.049727e+01
6.580000e-06	-4.255257e-06	-1.333213e-09	-2.950426e+01	-8.069954e+01
6.590000e-06	-4.284806e-06	-1.329380e-09	-2.970914e+01	-8.089669e+01
6.600000e-06	-4.313920e-06	-1.325139e-09	-2.991101e+01	-8.108908e+01
6.610000e-06	-4.342715e-06	-1.323521e-09	-3.011066e+01	-8.127707e+01
6.620000e-06	-4.371255e-06	-1.325041e-09	-3.030855e+01	-8.146099e+01
6.630000e-06	-4.399600e-06	-1.332084e-09	-3.050508e+01	-8.164116e+01
6.640000e-06	-4.427813e-06	-1.341724e-09	-3.070069e+01	-8.181789e+01
6.650000e-06	-4.455814e-06	-1.348436e-09	-3.089484e+01	-8.199144e+01
6.660000e-06	-4.483594e-06	-1.352999e-09	-3.108746e+01	-8.216208e+01
6.670000e-06	-4.511075e-06	-1.353730e-09	-3.127800e+01	-8.233004e+01
6.680000e-06	-4.538147e-06	-1.351272e-09	-3.146571e+01	-8.249550e+01
6.690000e-06	-4.564783e-06	-1.346602e-09	-3.165039e+01	-8.265865e+01
6.700000e-06	-4.591083e-06	-1.344680e-09	-3.183274e+01	-8.281960e+01
6.710000e-06	-4.617161e-06	-1.346762e-09	-3.201356e+01	-8.297845e+01
6.720000e-06	-4.642944e-06	-1.349731e-09	-3.219233e+01	-8.313525e+01
6.730000e-06	-4.668324e-06	-1.354307e-09	-3.236830e+01	-8.329003e+01
6.740000e-06	-4.693307e-06	-1.359461e-09	-3.254153e+01	-8.344276e+01
6.750000e-06	-4.717987e-06	-1.362341e-09	-3.271265e+01	-8.359338e+01
6.760000e-06	-4.742414e-06	-1.361559e-09	-3.288202e+01	-8.374178e+01
6.770000e-06	-4.766645e-06	-1.357829e-09	-3.305002e+01	-8.388783e+01
6.780000e-06	-4.790709e-06	-1.354476e-09	-3.321688e+01	-8.403135e+01
6.790000e-06	-4.814565e-06	-1.354704e-09	-3.338228e+01	-8.417213e+01
6.800000e-06	-4.838088e-06	-1.355984e-09	-3.354538e+01	-8.430995e+01
6.810000e-06	-4.861080e-06	-1.355370e-09	-3.370480e+01	-8.444456e+01
6.820000e-06	-4.883523e-06	-1.357157e-09	-3.386041e+01	-8.457566e+01
6.830000e-06	-4.905419e-06	-1.361307e-09	-3.401223e+01	-8.470299e+01
6.840000e-06	-4.926764e-06	-1.365036e-09	-3.416023e+01	-8.482625e+01
6.850000e-06	-4.947652e-06	-1.365881e-09	-3.430506e+01	-8.494515e+01
6.860000e-06	-4.968179e-06	-1.365312e-09	-3.444738e+01	-8.505940e+01
6.870000e-06	-4.988483e-06	-1.366143e-09	-3.458816e+01	-8.516873e+01
6.880000e-06	-5.008607e-06	-1.365509e-09	-3.472769e+01	-8.527290e+01
6.890000e-06	-5.028486e-06	-1.364719e-09	-3.486552e+01	-8.537168e+01
6.900000e-06	-5.048011e-06	-1.362921e-09	-3.500090e+01	-8.546487e+01
6.910000e-06	-5.067139e-06	-1.358047e-09	-3.513353e+01	-8.555234e+01
6.920000e-06	-5.085888e-06	-1.353683e-09	-3.526353e+01	-8.563395e+01
6.930000e-06	-5.104403e-06	-1.354986e-09	-3.539190e+01	-8.570967e+01
6.940000e-06	-5.122637e-06	-1.358347e-09	-3.551833e+01	-8.577945e+01
6.950000e-06	-5.140440e-06	-1.358825e-09	-3.564177e+01	-8.584336e+01
6.960000e-06	-5.157903e-06	-1.358788e-09	-3.576285e+01	-8.590146e+01
6.970000e-06	-5.175032e-06	-1.359859e-09	-3.588161e+01	-8.595391e+01
6.980000e-06	-5.191787e-06	-1.359459e-09	-3.599779e+01	-8.600089e+01
6.990000e-06	-5.208222e-06	-1.357051e-09	-3.611174e+01	-8.604264e+01
7.000000e-06	-5.224468e-06	-1.353469e-09	-3.622438e+01	-8.607945e+01
7.010000e-06	-5.240489e-06	-1.348466e-09	-3.633547e+01	-8.611164e+01
7.020000e-06	-5.255972e-06	-1.345725e-09	-3.644282e+01	-8.613956e+01
7.030000e-06	-5.270841e-06	-1.346875e-09	-3.654592e+01	-8.616360e+01
7.040000e-06	-5.285207e-06	-1.346030e-09	-3.664553e+01	-8.618417e+01
7.050000e-06	-5.298999e-06	-1.345566e-09	-3.674115e+01	-8.620168e+01
7.060000e-06	-5.312211e-06	-1.346330e-09	-3.683276e+01	-8.621656e+01
7.070000e-06	-5.324975e-06	-1.345645e-09	-3.692126e+01	-8.622923e+01
7.080000e-06	-5.337326e-06	-1.344561e-09	-3.700690e+01	-8.624009e+01
7.090000e-06	-5.349380e-06	-1.343206e-09	-3.709048e+01	-8.624955e+01
7.100000e-06	-5.361096e-06	-1.341009e-09	-3.717171e+01	-8.625796e+01
7.110000e-06	-5.372327e-06	-1.337701e-09	-3.724958e+01	-8.626565e+01
7.120000e-06	-5.383155e-06	-1.335298e-09	-3.732466e+01	-8.627293e+01
7.130000e-06	-5.393641e-06	-1.335706e-09	-3.739736e+01	-8.628005e+01
7.140000e-06	-5.403778e-06	-1.337084e-09	-3.746765e+01	-8.628719e+01
7.150000e-06	-5.413537e-06	-1.338657e-09	-3.753531e+01	-8.629453e+01
7.160000e-06	-5.422921e-06	-1.341811e-09	-3.760038e+01	-8.630215e+01
7.170000e-06	-5.431926e-06	-1.342914e-09	-3.766282e+01	-8.631011e+01
7.180000e-06	-5.440586e-06	-1.339557e-09	-3.772286e+01	-8.631839e+01
7.190000e-06	-5.449003e-06	-1.333462e-09	-3.778122e+01	-8.632696e+01
7.200000e-06	-5.457194e-06	-1.326232e-09	-3.783801e+01	-8.633571e+01
7.210000e-06	-5.465107e-06	-1.319054e-09	-3.789288e+01	-8.634450e+01
7.220000e-06	-5.472651e-06	-1.315359e-09	-3.794519e+01	-8.635316e+01
7.230000e-06	-5.479690e-06	-1.315135e-09	-3.799399e+01	-8.636148e+01
7.240000e-06	-5.486051e-06	-1.317346e-09	-3.803810e+01	-8.636926e+01
7.250000e-06	-5.491779e-06	-1.321253e-09	-3.807782e+01	-8.637625e+01
7.260000e-06	-5.496979e-06	-1.322848e-09	-3.811386e+01	-8.638222e+01
7.270000e-06	-5.501718e-06	-1.320900e-09	-3.814672e+01	-8.638692e+01
7.280000e-06	-5.506122e-06	-1.316559e-09	-3.817726e+01	-8.639015e+01
7.290000e-06	-5.510287e-06	-1.311311e-09	-3.820614e+01	-8.639170e+01
7.300000e-06	-5.514257e-06	-1.306795e-09	-3.823367e+01	-8.639141e+01
7.310000e-06	-5.517913e-06	-1.303031e-09	-3.825901e+01	-8.638912e+01
7.320000e-06	-5.521152e-06	-1.302596e-09	-3.828147e+01	-8.638475e+01
7.330000e-06	-5.524045e-06	-1.304142e-09	-3.830154e+01	-8.637825e+01
7.340000e-06	-5.526610e-06	-1.304074e-09	-3.831931e+01	-8.636962e+01
7.350000e-06	-5.528798e-06	-1.301189e-09	-3.833449e+01	-8.635890e+01
7.360000e-06	-5.530680e-06	-1.296818e-09	-3.834754e+01	-8.634620e+01
7.370000e-06	-5.532129e-06	-1.293510e-09	-3.835758e+01	-8.633166e+01
7.380000e-06	-5.533104e-06	-1.287326e-09	-3.836435e+01	-8.631549e+01
7.390000e-06	-5.533796e-06	-1.278890e-09	-3.836914e+01	-8.629792e+01
7.400000e-06	-5.534238e-06	-1.273831e-09	-3.837221e+01	-8.627923e+01
