# Temperatura_=_14.3
# Concentracion g/m^3_=_1620.0
# C_Vs_to_Am_M_A/Vsm_=_65563218390.804596
# pendiente_HvsI_1/m_=_3716.3
# ordenada_HvsI_A/m_=_1297.0
# frecuencia_Hz_=_135103.23000013604

Tiempo_(s)	Campo_(V.s)	Magnetizacion_(V.s)	Campo_(kA/m)	Magnetizacion_(A/m)
0.000000e+00	-5.526071e-06	-1.522825e-09	-3.836925e+01	-1.008777e+02
1.000000e-08	-5.526424e-06	-1.519534e-09	-3.837171e+01	-1.008683e+02
2.000000e-08	-5.526479e-06	-1.517484e-09	-3.837209e+01	-1.008559e+02
3.000000e-08	-5.526178e-06	-1.515943e-09	-3.837000e+01	-1.008409e+02
4.000000e-08	-5.525447e-06	-1.515674e-09	-3.836493e+01	-1.008233e+02
5.000000e-08	-5.524177e-06	-1.513961e-09	-3.835611e+01	-1.008034e+02
6.000000e-08	-5.522341e-06	-1.511663e-09	-3.834336e+01	-1.007812e+02
7.000000e-08	-5.519912e-06	-1.523593e-09	-3.832649e+01	-1.007570e+02
8.000000e-08	-5.516972e-06	-1.547752e-09	-3.830608e+01	-1.007309e+02
9.000000e-08	-5.513492e-06	-1.520951e-09	-3.828192e+01	-1.007030e+02
1.000000e-07	-5.509480e-06	-1.433462e-09	-3.825406e+01	-1.006734e+02
1.100000e-07	-5.505238e-06	-1.451760e-09	-3.822461e+01	-1.006422e+02
1.200000e-07	-5.500891e-06	-1.536277e-09	-3.819442e+01	-1.006094e+02
1.300000e-07	-5.496184e-06	-1.556233e-09	-3.816175e+01	-1.005749e+02
1.400000e-07	-5.491047e-06	-1.451376e-09	-3.812608e+01	-1.005388e+02
1.500000e-07	-5.485615e-06	-1.443490e-09	-3.808836e+01	-1.005007e+02
1.600000e-07	-5.479834e-06	-1.536346e-09	-3.804822e+01	-1.004606e+02
1.700000e-07	-5.473635e-06	-1.551272e-09	-3.800518e+01	-1.004182e+02
1.800000e-07	-5.466975e-06	-1.459527e-09	-3.795894e+01	-1.003731e+02
1.900000e-07	-5.459940e-06	-1.450805e-09	-3.791009e+01	-1.003250e+02
2.000000e-07	-5.452546e-06	-1.547841e-09	-3.785875e+01	-1.002735e+02
2.100000e-07	-5.444785e-06	-1.564461e-09	-3.780486e+01	-1.002181e+02
2.200000e-07	-5.436826e-06	-1.509106e-09	-3.774960e+01	-1.001583e+02
2.300000e-07	-5.428644e-06	-1.475998e-09	-3.769279e+01	-1.000936e+02
2.400000e-07	-5.419992e-06	-1.532475e-09	-3.763272e+01	-1.000235e+02
2.500000e-07	-5.410669e-06	-1.546072e-09	-3.756798e+01	-9.994746e+01
2.600000e-07	-5.400686e-06	-1.530704e-09	-3.749867e+01	-9.986492e+01
2.700000e-07	-5.390184e-06	-1.497205e-09	-3.742575e+01	-9.977538e+01
2.800000e-07	-5.379198e-06	-1.511808e-09	-3.734947e+01	-9.967839e+01
2.900000e-07	-5.367730e-06	-1.506911e-09	-3.726985e+01	-9.957350e+01
3.000000e-07	-5.355968e-06	-1.492679e-09	-3.718818e+01	-9.946034e+01
3.100000e-07	-5.343842e-06	-1.467800e-09	-3.710399e+01	-9.933861e+01
3.200000e-07	-5.331181e-06	-1.501734e-09	-3.701608e+01	-9.920806e+01
3.300000e-07	-5.318089e-06	-1.528990e-09	-3.692518e+01	-9.906856e+01
3.400000e-07	-5.304653e-06	-1.505521e-09	-3.683188e+01	-9.892004e+01
3.500000e-07	-5.290842e-06	-1.475285e-09	-3.673599e+01	-9.876253e+01
3.600000e-07	-5.276608e-06	-1.506890e-09	-3.663716e+01	-9.859616e+01
3.700000e-07	-5.261970e-06	-1.500641e-09	-3.653552e+01	-9.842118e+01
3.800000e-07	-5.246745e-06	-1.447390e-09	-3.642981e+01	-9.823790e+01
3.900000e-07	-5.230858e-06	-1.471340e-09	-3.631950e+01	-9.804676e+01
4.000000e-07	-5.214564e-06	-1.515550e-09	-3.620637e+01	-9.784826e+01
4.100000e-07	-5.197958e-06	-1.460889e-09	-3.609106e+01	-9.764300e+01
4.200000e-07	-5.181014e-06	-1.428570e-09	-3.597342e+01	-9.743165e+01
4.300000e-07	-5.163724e-06	-1.508617e-09	-3.585337e+01	-9.721494e+01
4.400000e-07	-5.146095e-06	-1.492184e-09	-3.573096e+01	-9.699364e+01
4.500000e-07	-5.128153e-06	-1.411482e-09	-3.560639e+01	-9.676858e+01
4.600000e-07	-5.109804e-06	-1.449810e-09	-3.547898e+01	-9.654058e+01
4.700000e-07	-5.091024e-06	-1.511086e-09	-3.534859e+01	-9.631050e+01
4.800000e-07	-5.071848e-06	-1.427088e-09	-3.521545e+01	-9.607916e+01
4.900000e-07	-5.052366e-06	-1.414659e-09	-3.508017e+01	-9.584737e+01
5.000000e-07	-5.032715e-06	-1.486387e-09	-3.494373e+01	-9.561589e+01
5.100000e-07	-5.012843e-06	-1.458017e-09	-3.480576e+01	-9.538544e+01
5.200000e-07	-4.992601e-06	-1.399212e-09	-3.466521e+01	-9.515665e+01
5.300000e-07	-4.972010e-06	-1.468487e-09	-3.452223e+01	-9.493008e+01
5.400000e-07	-4.951157e-06	-1.465389e-09	-3.437745e+01	-9.470619e+01
5.500000e-07	-4.929951e-06	-1.382365e-09	-3.423021e+01	-9.448533e+01
5.600000e-07	-4.908368e-06	-1.405623e-09	-3.408035e+01	-9.426776e+01
5.700000e-07	-4.886504e-06	-1.460341e-09	-3.392854e+01	-9.405361e+01
5.800000e-07	-4.864337e-06	-1.393895e-09	-3.377463e+01	-9.384289e+01
5.900000e-07	-4.841777e-06	-1.382405e-09	-3.361799e+01	-9.363550e+01
6.000000e-07	-4.818838e-06	-1.444091e-09	-3.345872e+01	-9.343120e+01
6.100000e-07	-4.795643e-06	-1.419288e-09	-3.329766e+01	-9.322967e+01
6.200000e-07	-4.772190e-06	-1.370629e-09	-3.313482e+01	-9.303045e+01
6.300000e-07	-4.748463e-06	-1.407435e-09	-3.297008e+01	-9.283301e+01
6.400000e-07	-4.724496e-06	-1.409770e-09	-3.280367e+01	-9.263672e+01
6.500000e-07	-4.700217e-06	-1.361891e-09	-3.263509e+01	-9.244087e+01
6.600000e-07	-4.675595e-06	-1.376744e-09	-3.246413e+01	-9.224469e+01
6.700000e-07	-4.650526e-06	-1.399678e-09	-3.229007e+01	-9.204737e+01
6.800000e-07	-4.624873e-06	-1.367010e-09	-3.211195e+01	-9.184808e+01
6.900000e-07	-4.598691e-06	-1.359873e-09	-3.193017e+01	-9.164595e+01
7.000000e-07	-4.571990e-06	-1.384356e-09	-3.174478e+01	-9.144013e+01
7.100000e-07	-4.544774e-06	-1.361193e-09	-3.155580e+01	-9.122979e+01
7.200000e-07	-4.517235e-06	-1.336483e-09	-3.136459e+01	-9.101413e+01
7.300000e-07	-4.489567e-06	-1.347645e-09	-3.117248e+01	-9.079240e+01
7.400000e-07	-4.461789e-06	-1.347712e-09	-3.097961e+01	-9.056393e+01
7.500000e-07	-4.433819e-06	-1.326120e-09	-3.078541e+01	-9.032811e+01
7.600000e-07	-4.405605e-06	-1.336721e-09	-3.058951e+01	-9.008443e+01
7.700000e-07	-4.377098e-06	-1.340719e-09	-3.039157e+01	-8.983246e+01
7.800000e-07	-4.348242e-06	-1.322302e-09	-3.019122e+01	-8.957190e+01
7.900000e-07	-4.319078e-06	-1.311939e-09	-2.998872e+01	-8.930255e+01
8.000000e-07	-4.289605e-06	-1.316643e-09	-2.978409e+01	-8.902430e+01
8.100000e-07	-4.259813e-06	-1.301729e-09	-2.957723e+01	-8.873718e+01
8.200000e-07	-4.229741e-06	-1.298125e-09	-2.936843e+01	-8.844133e+01
8.300000e-07	-4.199331e-06	-1.304704e-09	-2.915728e+01	-8.813696e+01
8.400000e-07	-4.168612e-06	-1.296623e-09	-2.894399e+01	-8.782443e+01
8.500000e-07	-4.137579e-06	-1.280001e-09	-2.872852e+01	-8.750413e+01
8.600000e-07	-4.106283e-06	-1.282841e-09	-2.851122e+01	-8.717659e+01
8.700000e-07	-4.074801e-06	-1.273862e-09	-2.829263e+01	-8.684235e+01
8.800000e-07	-4.043112e-06	-1.258258e-09	-2.807260e+01	-8.650205e+01
8.900000e-07	-4.011310e-06	-1.259646e-09	-2.785179e+01	-8.615634e+01
9.000000e-07	-3.979364e-06	-1.262713e-09	-2.762998e+01	-8.580591e+01
9.100000e-07	-3.947116e-06	-1.250326e-09	-2.740607e+01	-8.545146e+01
9.200000e-07	-3.914547e-06	-1.247448e-09	-2.717994e+01	-8.509366e+01
9.300000e-07	-3.881570e-06	-1.246610e-09	-2.695097e+01	-8.473320e+01
9.400000e-07	-3.848065e-06	-1.228865e-09	-2.671833e+01	-8.437071e+01
9.500000e-07	-3.814035e-06	-1.215849e-09	-2.648205e+01	-8.400677e+01
9.600000e-07	-3.779638e-06	-1.216836e-09	-2.624322e+01	-8.364191e+01
9.700000e-07	-3.744833e-06	-1.208719e-09	-2.600156e+01	-8.327660e+01
9.800000e-07	-3.709606e-06	-1.194373e-09	-2.575697e+01	-8.291121e+01
9.900000e-07	-3.674172e-06	-1.194806e-09	-2.551094e+01	-8.254603e+01
1.000000e-06	-3.638583e-06	-1.190775e-09	-2.526383e+01	-8.218128e+01
1.010000e-06	-3.602837e-06	-1.176255e-09	-2.501564e+01	-8.181705e+01
1.020000e-06	-3.566960e-06	-1.170660e-09	-2.476653e+01	-8.145337e+01
1.030000e-06	-3.530927e-06	-1.173744e-09	-2.451634e+01	-8.109015e+01
1.040000e-06	-3.494706e-06	-1.165316e-09	-2.426485e+01	-8.072721e+01
1.050000e-06	-3.458255e-06	-1.160578e-09	-2.401176e+01	-8.036431e+01
1.060000e-06	-3.421535e-06	-1.161632e-09	-2.375680e+01	-8.000108e+01
1.070000e-06	-3.384604e-06	-1.156649e-09	-2.350038e+01	-7.963713e+01
1.080000e-06	-3.347398e-06	-1.145672e-09	-2.324204e+01	-7.927198e+01
1.090000e-06	-3.309892e-06	-1.144375e-09	-2.298163e+01	-7.890508e+01
1.100000e-06	-3.272196e-06	-1.138060e-09	-2.271989e+01	-7.853587e+01
1.110000e-06	-3.234319e-06	-1.124343e-09	-2.245690e+01	-7.816373e+01
1.120000e-06	-3.196144e-06	-1.116548e-09	-2.219184e+01	-7.778805e+01
1.130000e-06	-3.157674e-06	-1.115505e-09	-2.192473e+01	-7.740819e+01
1.140000e-06	-3.119028e-06	-1.107944e-09	-2.165640e+01	-7.702351e+01
1.150000e-06	-3.080261e-06	-1.104361e-09	-2.138723e+01	-7.663342e+01
1.160000e-06	-3.041281e-06	-1.105545e-09	-2.111657e+01	-7.623732e+01
1.170000e-06	-3.002021e-06	-1.099272e-09	-2.084398e+01	-7.583465e+01
1.180000e-06	-2.962544e-06	-1.085037e-09	-2.056988e+01	-7.542492e+01
1.190000e-06	-2.922898e-06	-1.075879e-09	-2.029460e+01	-7.500767e+01
1.200000e-06	-2.883200e-06	-1.066924e-09	-2.001897e+01	-7.458250e+01
1.210000e-06	-2.843408e-06	-1.056617e-09	-1.974268e+01	-7.414907e+01
1.220000e-06	-2.803444e-06	-1.051492e-09	-1.946520e+01	-7.370712e+01
1.230000e-06	-2.763345e-06	-1.050447e-09	-1.918677e+01	-7.325645e+01
1.240000e-06	-2.723102e-06	-1.047338e-09	-1.890736e+01	-7.279691e+01
1.250000e-06	-2.682653e-06	-1.043299e-09	-1.862651e+01	-7.232843e+01
1.260000e-06	-2.641963e-06	-1.039634e-09	-1.834399e+01	-7.185101e+01
1.270000e-06	-2.600994e-06	-1.028644e-09	-1.805952e+01	-7.136468e+01
1.280000e-06	-2.559684e-06	-1.014760e-09	-1.777269e+01	-7.086954e+01
1.290000e-06	-2.518087e-06	-1.004647e-09	-1.748388e+01	-7.036575e+01
1.300000e-06	-2.476172e-06	-9.957169e-10	-1.719284e+01	-6.985347e+01
1.310000e-06	-2.433964e-06	-9.860487e-10	-1.689978e+01	-6.933292e+01
1.320000e-06	-2.391444e-06	-9.794341e-10	-1.660456e+01	-6.880433e+01
1.330000e-06	-2.348627e-06	-9.728878e-10	-1.630726e+01	-6.826796e+01
1.340000e-06	-2.305633e-06	-9.628696e-10	-1.600874e+01	-6.772404e+01
1.350000e-06	-2.262470e-06	-9.518193e-10	-1.570904e+01	-6.717284e+01
1.360000e-06	-2.219155e-06	-9.413549e-10	-1.540830e+01	-6.661457e+01
1.370000e-06	-2.175646e-06	-9.278268e-10	-1.510620e+01	-6.604947e+01
1.380000e-06	-2.131991e-06	-9.156288e-10	-1.480309e+01	-6.547771e+01
1.390000e-06	-2.088271e-06	-9.062722e-10	-1.449953e+01	-6.489945e+01
1.400000e-06	-2.044493e-06	-8.989962e-10	-1.419556e+01	-6.431480e+01
1.410000e-06	-2.000655e-06	-8.909972e-10	-1.389118e+01	-6.372383e+01
1.420000e-06	-1.956711e-06	-8.840102e-10	-1.358606e+01	-6.312655e+01
1.430000e-06	-1.912662e-06	-8.743759e-10	-1.328022e+01	-6.252294e+01
1.440000e-06	-1.868574e-06	-8.626249e-10	-1.297410e+01	-6.191290e+01
1.450000e-06	-1.824451e-06	-8.485916e-10	-1.266774e+01	-6.129628e+01
1.460000e-06	-1.780144e-06	-8.351402e-10	-1.236010e+01	-6.067287e+01
1.470000e-06	-1.735631e-06	-8.231610e-10	-1.205103e+01	-6.004242e+01
1.480000e-06	-1.691015e-06	-8.135909e-10	-1.174125e+01	-5.940459e+01
1.490000e-06	-1.646293e-06	-8.064501e-10	-1.143073e+01	-5.875900e+01
1.500000e-06	-1.601464e-06	-7.993297e-10	-1.111947e+01	-5.810522e+01
1.510000e-06	-1.556519e-06	-7.908317e-10	-1.080741e+01	-5.744277e+01
1.520000e-06	-1.511442e-06	-7.818257e-10	-1.049442e+01	-5.677108e+01
1.530000e-06	-1.466217e-06	-7.723962e-10	-1.018041e+01	-5.608959e+01
1.540000e-06	-1.420813e-06	-7.618948e-10	-9.865152e+00	-5.539763e+01
1.550000e-06	-1.375318e-06	-7.490010e-10	-9.549265e+00	-5.469455e+01
1.560000e-06	-1.329798e-06	-7.367094e-10	-9.233205e+00	-5.397960e+01
1.570000e-06	-1.284203e-06	-7.257980e-10	-8.916630e+00	-5.325202e+01
1.580000e-06	-1.238471e-06	-7.149332e-10	-8.599095e+00	-5.251102e+01
1.590000e-06	-1.192629e-06	-7.064048e-10	-8.280797e+00	-5.175576e+01
1.600000e-06	-1.146737e-06	-6.999490e-10	-7.962158e+00	-5.098538e+01
1.610000e-06	-1.100742e-06	-6.920205e-10	-7.642802e+00	-5.019897e+01
1.620000e-06	-1.054719e-06	-6.803007e-10	-7.323247e+00	-4.939561e+01
1.630000e-06	-1.008640e-06	-6.676169e-10	-7.003305e+00	-4.857436e+01
1.640000e-06	-9.624286e-07	-6.557491e-10	-6.682446e+00	-4.773424e+01
1.650000e-06	-9.161708e-07	-6.428291e-10	-6.361264e+00	-4.687427e+01
1.660000e-06	-8.699335e-07	-6.287261e-10	-6.040223e+00	-4.599343e+01
1.670000e-06	-8.236354e-07	-6.166801e-10	-5.718761e+00	-4.509072e+01
1.680000e-06	-7.771930e-07	-6.038997e-10	-5.396297e+00	-4.416509e+01
1.690000e-06	-7.306888e-07	-5.887436e-10	-5.073403e+00	-4.321552e+01
1.700000e-06	-6.842290e-07	-5.706812e-10	-4.750818e+00	-4.224098e+01
1.710000e-06	-6.377384e-07	-5.519981e-10	-4.428020e+00	-4.124043e+01
1.720000e-06	-5.911308e-07	-5.359174e-10	-4.104408e+00	-4.021286e+01
1.730000e-06	-5.444145e-07	-5.221471e-10	-3.780042e+00	-3.915727e+01
1.740000e-06	-4.976342e-07	-5.069517e-10	-3.455232e+00	-3.807271e+01
1.750000e-06	-4.508611e-07	-4.906046e-10	-3.130471e+00	-3.695822e+01
1.760000e-06	-4.040544e-07	-4.729819e-10	-2.805477e+00	-3.581294e+01
1.770000e-06	-3.571960e-07	-4.544064e-10	-2.480125e+00	-3.463602e+01
1.780000e-06	-3.103587e-07	-4.357617e-10	-2.154919e+00	-3.342670e+01
1.790000e-06	-2.635460e-07	-4.177011e-10	-1.829883e+00	-3.218428e+01
1.800000e-06	-2.166965e-07	-4.004108e-10	-1.504592e+00	-3.090815e+01
1.810000e-06	-1.698229e-07	-3.807280e-10	-1.179134e+00	-2.959782e+01
1.820000e-06	-1.228902e-07	-3.624187e-10	-8.532656e-01	-2.825288e+01
1.830000e-06	-7.592606e-08	-3.477333e-10	-5.271786e-01	-2.687306e+01
1.840000e-06	-2.900905e-08	-3.316738e-10	-2.014190e-01	-2.545820e+01
1.850000e-06	1.789548e-08	-3.126755e-10	1.242540e-01	-2.400829e+01
1.860000e-06	6.481210e-08	-2.884885e-10	4.500109e-01	-2.252348e+01
1.870000e-06	1.117032e-07	-2.621836e-10	7.755908e-01	-2.100407e+01
1.880000e-06	1.585243e-07	-2.372138e-10	1.100685e+00	-1.945051e+01
1.890000e-06	2.053152e-07	-2.152618e-10	1.425569e+00	-1.786345e+01
1.900000e-06	2.521849e-07	-1.942021e-10	1.750999e+00	-1.624367e+01
1.910000e-06	2.990626e-07	-1.747700e-10	2.076486e+00	-1.459217e+01
1.920000e-06	3.457646e-07	-1.546223e-10	2.400753e+00	-1.291009e+01
1.930000e-06	3.924774e-07	-1.318900e-10	2.725095e+00	-1.119878e+01
1.940000e-06	4.393056e-07	-1.058738e-10	3.050237e+00	-9.459735e+00
1.950000e-06	4.859736e-07	-7.792709e-11	3.374268e+00	-7.694620e+00
1.960000e-06	5.325071e-07	-5.269658e-11	3.697365e+00	-5.905267e+00
1.970000e-06	5.790470e-07	-3.042135e-11	4.020506e+00	-4.093654e+00
1.980000e-06	6.255674e-07	-1.021242e-11	4.343512e+00	-2.261896e+00
1.990000e-06	6.719764e-07	1.307635e-11	4.665745e+00	-4.122387e-01
2.000000e-06	7.182980e-07	4.224216e-11	4.987370e+00	1.452964e+00
2.010000e-06	7.646313e-07	7.492041e-11	5.309077e+00	3.331259e+00
2.020000e-06	8.109701e-07	1.065949e-10	5.630822e+00	5.220114e+00
2.030000e-06	8.571875e-07	1.340839e-10	5.951724e+00	7.116936e+00
2.040000e-06	9.033284e-07	1.587181e-10	6.272095e+00	9.019087e+00
2.050000e-06	9.495087e-07	1.825654e-10	6.592739e+00	1.092390e+01
2.060000e-06	9.956350e-07	2.084082e-10	6.913008e+00	1.282871e+01
2.070000e-06	1.041581e-06	2.367163e-10	7.232025e+00	1.473087e+01
2.080000e-06	1.087391e-06	2.644564e-10	7.550097e+00	1.662774e+01
2.090000e-06	1.133209e-06	2.932602e-10	7.868231e+00	1.851676e+01
2.100000e-06	1.179030e-06	3.208073e-10	8.186381e+00	2.039542e+01
2.110000e-06	1.224756e-06	3.461925e-10	8.503869e+00	2.226130e+01
2.120000e-06	1.270352e-06	3.708477e-10	8.820457e+00	2.411207e+01
2.130000e-06	1.315876e-06	3.951016e-10	9.136546e+00	2.594553e+01
2.140000e-06	1.361359e-06	4.168895e-10	9.452347e+00	2.775959e+01
2.150000e-06	1.406770e-06	4.401056e-10	9.767647e+00	2.955229e+01
2.160000e-06	1.452125e-06	4.671489e-10	1.008256e+01	3.132183e+01
2.170000e-06	1.497366e-06	4.943183e-10	1.039668e+01	3.306655e+01
2.180000e-06	1.542428e-06	5.184032e-10	1.070957e+01	3.478494e+01
2.190000e-06	1.587301e-06	5.434617e-10	1.102113e+01	3.647566e+01
2.200000e-06	1.632012e-06	5.690542e-10	1.133157e+01	3.813751e+01
2.210000e-06	1.676697e-06	5.934940e-10	1.164183e+01	3.976947e+01
2.220000e-06	1.721283e-06	6.134068e-10	1.195141e+01	4.137064e+01
2.230000e-06	1.765629e-06	6.322229e-10	1.225932e+01	4.294030e+01
2.240000e-06	1.809818e-06	6.491507e-10	1.256614e+01	4.447787e+01
2.250000e-06	1.853955e-06	6.650089e-10	1.287260e+01	4.598291e+01
2.260000e-06	1.898005e-06	6.842170e-10	1.317845e+01	4.745509e+01
2.270000e-06	1.941986e-06	7.050263e-10	1.348382e+01	4.889423e+01
2.280000e-06	1.985926e-06	7.271195e-10	1.378891e+01	5.030025e+01
2.290000e-06	2.029792e-06	7.475555e-10	1.409349e+01	5.167318e+01
2.300000e-06	2.073581e-06	7.680739e-10	1.439753e+01	5.301313e+01
2.310000e-06	2.117334e-06	7.855278e-10	1.470132e+01	5.432031e+01
2.320000e-06	2.161018e-06	8.021361e-10	1.500463e+01	5.559500e+01
2.330000e-06	2.204578e-06	8.161312e-10	1.530708e+01	5.683756e+01
2.340000e-06	2.247990e-06	8.295189e-10	1.560851e+01	5.804838e+01
2.350000e-06	2.291251e-06	8.453340e-10	1.590888e+01	5.922791e+01
2.360000e-06	2.334325e-06	8.631787e-10	1.620796e+01	6.037666e+01
2.370000e-06	2.377138e-06	8.801414e-10	1.650522e+01	6.149515e+01
2.380000e-06	2.419674e-06	8.950388e-10	1.680056e+01	6.258394e+01
2.390000e-06	2.461876e-06	9.096300e-10	1.709358e+01	6.364360e+01
2.400000e-06	2.503655e-06	9.251524e-10	1.738367e+01	6.467475e+01
2.410000e-06	2.545157e-06	9.408299e-10	1.767183e+01	6.567798e+01
2.420000e-06	2.586462e-06	9.557554e-10	1.795862e+01	6.665393e+01
2.430000e-06	2.627544e-06	9.671117e-10	1.824387e+01	6.760323e+01
2.440000e-06	2.668375e-06	9.769424e-10	1.852737e+01	6.852652e+01
2.450000e-06	2.708874e-06	9.869581e-10	1.880857e+01	6.942444e+01
2.460000e-06	2.749143e-06	9.981639e-10	1.908817e+01	7.029765e+01
2.470000e-06	2.789262e-06	1.012034e-09	1.936673e+01	7.114678e+01
2.480000e-06	2.829218e-06	1.028620e-09	1.964416e+01	7.197251e+01
2.490000e-06	2.869025e-06	1.044843e-09	1.992055e+01	7.277548e+01
2.500000e-06	2.908709e-06	1.057445e-09	2.019609e+01	7.355636e+01
2.510000e-06	2.948307e-06	1.068940e-09	2.047102e+01	7.431580e+01
2.520000e-06	2.987722e-06	1.079677e-09	2.074470e+01	7.505446e+01
2.530000e-06	3.026898e-06	1.089429e-09	2.101671e+01	7.577300e+01
2.540000e-06	3.065894e-06	1.098636e-09	2.128747e+01	7.647208e+01
2.550000e-06	3.104733e-06	1.108777e-09	2.155714e+01	7.715233e+01
2.560000e-06	3.143349e-06	1.119082e-09	2.182527e+01	7.781442e+01
2.570000e-06	3.181650e-06	1.130188e-09	2.209121e+01	7.845897e+01
2.580000e-06	3.219798e-06	1.140041e-09	2.235608e+01	7.908662e+01
2.590000e-06	3.257828e-06	1.147651e-09	2.262013e+01	7.969797e+01
2.600000e-06	3.295604e-06	1.155348e-09	2.288242e+01	8.029361e+01
2.610000e-06	3.333126e-06	1.164006e-09	2.314295e+01	8.087413e+01
2.620000e-06	3.370399e-06	1.170966e-09	2.340174e+01	8.144009e+01
2.630000e-06	3.407350e-06	1.177817e-09	2.365831e+01	8.199201e+01
2.640000e-06	3.444044e-06	1.186220e-09	2.391309e+01	8.253039e+01
2.650000e-06	3.480468e-06	1.195016e-09	2.416599e+01	8.305572e+01
2.660000e-06	3.516655e-06	1.202385e-09	2.441725e+01	8.356843e+01
2.670000e-06	3.552742e-06	1.209633e-09	2.466781e+01	8.406893e+01
2.680000e-06	3.588703e-06	1.215904e-09	2.491750e+01	8.455760e+01
2.690000e-06	3.624528e-06	1.222411e-09	2.516624e+01	8.503478e+01
2.700000e-06	3.660175e-06	1.229264e-09	2.541375e+01	8.550077e+01
2.710000e-06	3.695608e-06	1.235694e-09	2.565977e+01	8.595585e+01
2.720000e-06	3.730858e-06	1.243115e-09	2.590453e+01	8.640026e+01
2.730000e-06	3.765845e-06	1.251368e-09	2.614745e+01	8.683420e+01
2.740000e-06	3.800379e-06	1.258234e-09	2.638723e+01	8.725787e+01
2.750000e-06	3.834428e-06	1.264082e-09	2.662364e+01	8.767140e+01
2.760000e-06	3.868002e-06	1.269565e-09	2.685676e+01	8.807495e+01
2.770000e-06	3.901121e-06	1.274656e-09	2.708672e+01	8.846862e+01
2.780000e-06	3.933812e-06	1.279404e-09	2.731370e+01	8.885253e+01
2.790000e-06	3.966156e-06	1.285028e-09	2.753827e+01	8.922677e+01
2.800000e-06	3.998277e-06	1.292298e-09	2.776130e+01	8.959145e+01
2.810000e-06	4.030204e-06	1.298401e-09	2.798298e+01	8.994665e+01
2.820000e-06	4.062023e-06	1.305460e-09	2.820391e+01	9.029249e+01
2.830000e-06	4.093662e-06	1.314697e-09	2.842359e+01	9.062908e+01
2.840000e-06	4.125037e-06	1.321721e-09	2.864143e+01	9.095654e+01
2.850000e-06	4.156172e-06	1.323405e-09	2.885761e+01	9.127504e+01
2.860000e-06	4.187025e-06	1.323739e-09	2.907184e+01	9.158474e+01
2.870000e-06	4.217556e-06	1.325892e-09	2.928382e+01	9.188584e+01
2.880000e-06	4.247756e-06	1.330670e-09	2.949351e+01	9.217856e+01
2.890000e-06	4.277669e-06	1.339113e-09	2.970121e+01	9.246314e+01
2.900000e-06	4.307327e-06	1.348659e-09	2.990714e+01	9.273987e+01
2.910000e-06	4.336611e-06	1.354499e-09	3.011046e+01	9.300902e+01
2.920000e-06	4.365591e-06	1.355994e-09	3.031168e+01	9.327093e+01
2.930000e-06	4.394350e-06	1.355668e-09	3.051136e+01	9.352593e+01
2.940000e-06	4.422786e-06	1.356660e-09	3.070880e+01	9.377437e+01
2.950000e-06	4.450964e-06	1.359515e-09	3.090445e+01	9.401663e+01
2.960000e-06	4.478921e-06	1.363758e-09	3.109856e+01	9.425307e+01
2.970000e-06	4.506676e-06	1.369298e-09	3.129127e+01	9.448407e+01
2.980000e-06	4.534283e-06	1.375579e-09	3.148296e+01	9.471000e+01
2.990000e-06	4.561703e-06	1.382553e-09	3.167335e+01	9.493121e+01
3.000000e-06	4.588713e-06	1.389682e-09	3.186088e+01	9.514806e+01
3.010000e-06	4.615195e-06	1.392056e-09	3.204476e+01	9.536084e+01
3.020000e-06	4.641184e-06	1.391243e-09	3.222521e+01	9.556986e+01
3.030000e-06	4.666657e-06	1.393749e-09	3.240207e+01	9.577538e+01
3.040000e-06	4.691556e-06	1.398512e-09	3.257496e+01	9.597760e+01
3.050000e-06	4.715954e-06	1.402692e-09	3.274436e+01	9.617671e+01
3.060000e-06	4.739993e-06	1.406524e-09	3.291127e+01	9.637284e+01
3.070000e-06	4.763807e-06	1.410687e-09	3.307661e+01	9.656606e+01
3.080000e-06	4.787398e-06	1.413864e-09	3.324042e+01	9.675642e+01
3.090000e-06	4.810697e-06	1.416136e-09	3.340219e+01	9.694390e+01
3.100000e-06	4.833739e-06	1.419836e-09	3.356218e+01	9.712843e+01
3.110000e-06	4.856438e-06	1.424752e-09	3.371978e+01	9.730990e+01
3.120000e-06	4.878708e-06	1.429370e-09	3.387441e+01	9.748817e+01
3.130000e-06	4.900639e-06	1.433146e-09	3.402669e+01	9.766304e+01
3.140000e-06	4.922294e-06	1.436268e-09	3.417705e+01	9.783430e+01
3.150000e-06	4.943606e-06	1.439512e-09	3.432502e+01	9.800168e+01
3.160000e-06	4.964478e-06	1.443061e-09	3.446994e+01	9.816491e+01
3.170000e-06	4.984963e-06	1.446035e-09	3.461218e+01	9.832372e+01
3.180000e-06	5.005192e-06	1.448487e-09	3.475263e+01	9.847782e+01
3.190000e-06	5.025214e-06	1.452732e-09	3.489165e+01	9.862690e+01
3.200000e-06	5.045049e-06	1.458054e-09	3.502937e+01	9.877071e+01
3.210000e-06	5.064686e-06	1.461855e-09	3.516571e+01	9.890897e+01
3.220000e-06	5.084054e-06	1.465011e-09	3.530019e+01	9.904146e+01
3.230000e-06	5.103045e-06	1.468406e-09	3.543205e+01	9.916796e+01
3.240000e-06	5.121639e-06	1.471432e-09	3.556116e+01	9.928833e+01
3.250000e-06	5.139810e-06	1.474007e-09	3.568733e+01	9.940244e+01
3.260000e-06	5.157492e-06	1.475684e-09	3.581009e+01	9.951022e+01
3.270000e-06	5.174844e-06	1.477070e-09	3.593058e+01	9.961164e+01
3.280000e-06	5.191894e-06	1.478875e-09	3.604896e+01	9.970676e+01
3.290000e-06	5.208504e-06	1.481715e-09	3.616429e+01	9.979565e+01
3.300000e-06	5.224808e-06	1.485057e-09	3.627749e+01	9.987846e+01
3.310000e-06	5.240772e-06	1.487924e-09	3.638834e+01	9.995540e+01
3.320000e-06	5.256260e-06	1.489935e-09	3.649588e+01	1.000267e+02
3.330000e-06	5.271288e-06	1.491672e-09	3.660022e+01	1.000926e+02
3.340000e-06	5.285835e-06	1.493362e-09	3.670122e+01	1.001536e+02
3.350000e-06	5.299864e-06	1.495363e-09	3.679863e+01	1.002099e+02
3.360000e-06	5.313514e-06	1.497263e-09	3.689341e+01	1.002619e+02
3.370000e-06	5.326799e-06	1.498187e-09	3.698565e+01	1.003101e+02
3.380000e-06	5.339686e-06	1.498064e-09	3.707513e+01	1.003549e+02
3.390000e-06	5.352238e-06	1.498469e-09	3.716228e+01	1.003968e+02
3.400000e-06	5.364473e-06	1.501730e-09	3.724723e+01	1.004360e+02
3.410000e-06	5.376414e-06	1.505612e-09	3.733014e+01	1.004731e+02
3.420000e-06	5.387987e-06	1.508291e-09	3.741049e+01	1.005085e+02
3.430000e-06	5.399097e-06	1.510918e-09	3.748763e+01	1.005424e+02
3.440000e-06	5.409657e-06	1.513181e-09	3.756096e+01	1.005753e+02
3.450000e-06	5.419613e-06	1.514325e-09	3.763009e+01	1.006074e+02
3.460000e-06	5.428968e-06	1.514436e-09	3.769504e+01	1.006389e+02
3.470000e-06	5.437705e-06	1.514849e-09	3.775570e+01	1.006701e+02
3.480000e-06	5.445942e-06	1.516356e-09	3.781290e+01	1.007010e+02
3.490000e-06	5.453940e-06	1.518993e-09	3.786843e+01	1.007318e+02
3.500000e-06	5.461701e-06	1.520847e-09	3.792232e+01	1.007624e+02
3.510000e-06	5.469079e-06	1.522147e-09	3.797355e+01	1.007929e+02
3.520000e-06	5.476108e-06	1.524601e-09	3.802235e+01	1.008232e+02
3.530000e-06	5.482843e-06	1.526769e-09	3.806911e+01	1.008532e+02
3.540000e-06	5.489216e-06	1.528701e-09	3.811336e+01	1.008826e+02
3.550000e-06	5.495212e-06	1.528991e-09	3.815499e+01	1.009114e+02
3.560000e-06	5.500832e-06	1.527230e-09	3.819402e+01	1.009393e+02
3.570000e-06	5.506042e-06	1.525420e-09	3.823019e+01	1.009660e+02
3.580000e-06	5.510838e-06	1.526163e-09	3.826349e+01	1.009914e+02
3.590000e-06	5.515243e-06	1.530128e-09	3.829408e+01	1.010151e+02
3.600000e-06	5.519363e-06	1.534217e-09	3.832268e+01	1.010369e+02
3.610000e-06	5.523297e-06	1.536171e-09	3.835000e+01	1.010565e+02
3.620000e-06	5.526976e-06	1.536700e-09	3.837554e+01	1.010738e+02
3.630000e-06	5.530302e-06	1.537272e-09	3.839864e+01	1.010885e+02
3.640000e-06	5.533177e-06	1.538583e-09	3.841860e+01	1.011005e+02
3.650000e-06	5.535463e-06	1.539437e-09	3.843447e+01	1.011095e+02
3.660000e-06	5.537148e-06	1.541160e-09	3.844617e+01	1.011155e+02
3.670000e-06	5.538257e-06	1.543513e-09	3.845387e+01	1.011185e+02
3.680000e-06	5.538877e-06	1.545062e-09	3.845817e+01	1.011183e+02
3.690000e-06	5.539140e-06	1.546337e-09	3.846000e+01	1.011151e+02
3.700000e-06	5.539096e-06	1.548139e-09	3.845969e+01	1.011088e+02
3.710000e-06	5.538764e-06	1.550116e-09	3.845739e+01	1.010995e+02
3.720000e-06	5.538139e-06	1.550815e-09	3.845305e+01	1.010874e+02
3.730000e-06	5.537155e-06	1.551198e-09	3.844622e+01	1.010726e+02
3.740000e-06	5.535750e-06	1.552947e-09	3.843646e+01	1.010552e+02
3.750000e-06	5.533996e-06	1.556137e-09	3.842428e+01	1.010355e+02
3.760000e-06	5.531915e-06	1.550589e-09	3.840984e+01	1.010134e+02
3.770000e-06	5.529401e-06	1.511742e-09	3.839238e+01	1.009894e+02
3.780000e-06	5.526382e-06	1.499329e-09	3.837141e+01	1.009634e+02
3.790000e-06	5.522862e-06	1.590885e-09	3.834697e+01	1.009356e+02
3.800000e-06	5.518921e-06	1.632571e-09	3.831961e+01	1.009061e+02
3.810000e-06	5.514766e-06	1.555587e-09	3.829077e+01	1.008750e+02
3.820000e-06	5.510528e-06	1.490277e-09	3.826134e+01	1.008424e+02
3.830000e-06	5.506006e-06	1.556713e-09	3.822994e+01	1.008080e+02
3.840000e-06	5.500997e-06	1.627773e-09	3.819516e+01	1.007720e+02
3.850000e-06	5.495549e-06	1.538937e-09	3.815733e+01	1.007341e+02
3.860000e-06	5.489708e-06	1.458381e-09	3.811678e+01	1.006942e+02
3.870000e-06	5.483418e-06	1.543846e-09	3.807310e+01	1.006519e+02
3.880000e-06	5.476517e-06	1.648460e-09	3.802519e+01	1.006070e+02
3.890000e-06	5.469078e-06	1.515022e-09	3.797354e+01	1.005592e+02
3.900000e-06	5.461367e-06	1.395114e-09	3.791999e+01	1.005080e+02
3.910000e-06	5.453289e-06	1.511476e-09	3.786391e+01	1.004529e+02
3.920000e-06	5.444723e-06	1.652744e-09	3.780444e+01	1.003935e+02
3.930000e-06	5.435805e-06	1.542560e-09	3.774251e+01	1.003292e+02
3.940000e-06	5.426663e-06	1.416913e-09	3.767904e+01	1.002596e+02
3.950000e-06	5.417113e-06	1.507649e-09	3.761273e+01	1.001840e+02
3.960000e-06	5.407111e-06	1.590789e-09	3.754328e+01	1.001020e+02
3.970000e-06	5.396821e-06	1.511054e-09	3.747183e+01	1.000131e+02
3.980000e-06	5.386220e-06	1.461740e-09	3.739823e+01	9.991668e+01
3.990000e-06	5.375172e-06	1.548999e-09	3.732152e+01	9.981244e+01
4.000000e-06	5.363672e-06	1.568537e-09	3.724167e+01	9.969997e+01
4.010000e-06	5.351837e-06	1.496459e-09	3.715950e+01	9.957894e+01
4.020000e-06	5.339539e-06	1.467120e-09	3.707411e+01	9.944912e+01
4.030000e-06	5.326735e-06	1.536583e-09	3.698520e+01	9.931035e+01
4.040000e-06	5.313552e-06	1.553289e-09	3.689367e+01	9.916256e+01
4.050000e-06	5.299937e-06	1.503456e-09	3.679913e+01	9.900578e+01
4.060000e-06	5.285665e-06	1.469196e-09	3.670004e+01	9.884013e+01
4.070000e-06	5.270731e-06	1.543374e-09	3.659635e+01	9.866584e+01
4.080000e-06	5.255374e-06	1.558399e-09	3.648973e+01	9.848322e+01
4.090000e-06	5.239615e-06	1.455894e-09	3.638030e+01	9.829270e+01
4.100000e-06	5.223443e-06	1.431776e-09	3.626801e+01	9.809477e+01
4.110000e-06	5.206998e-06	1.560223e-09	3.615383e+01	9.789003e+01
4.120000e-06	5.190325e-06	1.547997e-09	3.603807e+01	9.767915e+01
4.130000e-06	5.173348e-06	1.416139e-09	3.592019e+01	9.746283e+01
4.140000e-06	5.155944e-06	1.469200e-09	3.579935e+01	9.724187e+01
4.150000e-06	5.138224e-06	1.561909e-09	3.567632e+01	9.701707e+01
4.160000e-06	5.120186e-06	1.440740e-09	3.555107e+01	9.678927e+01
4.170000e-06	5.101711e-06	1.395019e-09	3.542279e+01	9.655931e+01
4.180000e-06	5.082948e-06	1.539328e-09	3.529251e+01	9.632803e+01
4.190000e-06	5.063895e-06	1.501605e-09	3.516022e+01	9.609623e+01
4.200000e-06	5.044452e-06	1.377570e-09	3.502523e+01	9.586468e+01
4.210000e-06	5.024659e-06	1.474200e-09	3.488779e+01	9.563410e+01
4.220000e-06	5.004611e-06	1.530940e-09	3.474860e+01	9.540513e+01
4.230000e-06	4.984370e-06	1.387951e-09	3.460805e+01	9.517833e+01
4.240000e-06	4.963915e-06	1.412570e-09	3.446603e+01	9.495419e+01
4.250000e-06	4.943184e-06	1.519479e-09	3.432209e+01	9.473305e+01
4.260000e-06	4.921993e-06	1.430784e-09	3.417495e+01	9.451519e+01
4.270000e-06	4.900142e-06	1.383161e-09	3.402324e+01	9.430073e+01
4.280000e-06	4.877584e-06	1.505999e-09	3.386661e+01	9.408971e+01
4.290000e-06	4.854468e-06	1.470908e-09	3.370610e+01	9.388203e+01
4.300000e-06	4.830978e-06	1.373215e-09	3.354301e+01	9.367747e+01
4.310000e-06	4.807189e-06	1.449269e-09	3.337784e+01	9.347570e+01
4.320000e-06	4.783156e-06	1.495380e-09	3.321096e+01	9.327629e+01
4.330000e-06	4.758860e-06	1.400758e-09	3.304227e+01	9.307871e+01
4.340000e-06	4.734251e-06	1.413080e-09	3.287140e+01	9.288233e+01
4.350000e-06	4.709368e-06	1.475794e-09	3.269863e+01	9.268645e+01
4.360000e-06	4.684216e-06	1.427420e-09	3.252400e+01	9.249031e+01
4.370000e-06	4.658735e-06	1.397768e-09	3.234707e+01	9.229311e+01
4.380000e-06	4.632960e-06	1.451794e-09	3.216811e+01	9.209399e+01
4.390000e-06	4.606841e-06	1.433502e-09	3.198675e+01	9.189211e+01
4.400000e-06	4.580382e-06	1.385402e-09	3.180304e+01	9.168662e+01
4.410000e-06	4.553623e-06	1.414562e-09	3.161725e+01	9.147666e+01
4.420000e-06	4.526507e-06	1.435589e-09	3.142897e+01	9.126146e+01
4.430000e-06	4.499023e-06	1.399579e-09	3.123814e+01	9.104025e+01
4.440000e-06	4.471243e-06	1.400461e-09	3.104526e+01	9.081235e+01
4.450000e-06	4.443260e-06	1.425552e-09	3.085096e+01	9.057715e+01
4.460000e-06	4.415092e-06	1.402279e-09	3.065538e+01	9.033412e+01
4.470000e-06	4.386733e-06	1.386061e-09	3.045848e+01	9.008284e+01
4.480000e-06	4.358136e-06	1.402774e-09	3.025992e+01	8.982299e+01
4.490000e-06	4.329120e-06	1.392815e-09	3.005845e+01	8.955435e+01
4.500000e-06	4.299597e-06	1.371492e-09	2.985346e+01	8.927683e+01
4.510000e-06	4.269674e-06	1.388785e-09	2.964569e+01	8.899043e+01
4.520000e-06	4.239328e-06	1.391331e-09	2.943500e+01	8.869528e+01
4.530000e-06	4.208512e-06	1.374433e-09	2.922103e+01	8.839159e+01
4.540000e-06	4.177279e-06	1.379049e-09	2.900417e+01	8.807970e+01
4.550000e-06	4.145700e-06	1.381442e-09	2.878490e+01	8.776002e+01
4.560000e-06	4.113870e-06	1.358694e-09	2.856390e+01	8.743304e+01
4.570000e-06	4.081838e-06	1.359432e-09	2.834149e+01	8.709932e+01
4.580000e-06	4.049622e-06	1.366376e-09	2.811781e+01	8.675948e+01
4.590000e-06	4.017155e-06	1.351773e-09	2.789238e+01	8.641418e+01
4.600000e-06	3.984389e-06	1.344480e-09	2.766487e+01	8.606410e+01
4.610000e-06	3.951425e-06	1.357624e-09	2.743599e+01	8.570994e+01
4.620000e-06	3.918187e-06	1.349788e-09	2.720521e+01	8.535238e+01
4.630000e-06	3.884613e-06	1.336504e-09	2.697210e+01	8.499210e+01
4.640000e-06	3.850805e-06	1.338297e-09	2.673736e+01	8.462973e+01
4.650000e-06	3.816772e-06	1.333378e-09	2.650105e+01	8.426587e+01
4.660000e-06	3.782488e-06	1.315055e-09	2.626301e+01	8.390106e+01
4.670000e-06	3.747993e-06	1.317971e-09	2.602350e+01	8.353575e+01
4.680000e-06	3.713269e-06	1.324460e-09	2.578240e+01	8.317034e+01
4.690000e-06	3.678222e-06	1.311538e-09	2.553906e+01	8.280512e+01
4.700000e-06	3.642852e-06	1.307933e-09	2.529347e+01	8.244031e+01
4.710000e-06	3.607251e-06	1.318683e-09	2.504628e+01	8.207602e+01
4.720000e-06	3.571438e-06	1.309462e-09	2.479762e+01	8.171227e+01
4.730000e-06	3.535449e-06	1.295313e-09	2.454774e+01	8.134900e+01
4.740000e-06	3.499321e-06	1.300045e-09	2.429689e+01	8.098603e+01
4.750000e-06	3.463083e-06	1.296138e-09	2.404528e+01	8.062312e+01
4.760000e-06	3.426733e-06	1.279872e-09	2.379289e+01	8.025992e+01
4.770000e-06	3.390179e-06	1.277719e-09	2.353908e+01	7.989603e+01
4.780000e-06	3.353351e-06	1.279898e-09	2.328337e+01	7.953097e+01
4.790000e-06	3.316201e-06	1.264851e-09	2.302543e+01	7.916423e+01
4.800000e-06	3.278674e-06	1.254932e-09	2.276487e+01	7.879521e+01
4.810000e-06	3.240768e-06	1.253149e-09	2.250168e+01	7.842333e+01
4.820000e-06	3.202422e-06	1.244208e-09	2.223543e+01	7.804795e+01
4.830000e-06	3.163709e-06	1.236063e-09	2.196663e+01	7.766844e+01
4.840000e-06	3.124704e-06	1.240380e-09	2.169581e+01	7.728417e+01
4.850000e-06	3.085328e-06	1.237691e-09	2.142241e+01	7.689454e+01
4.860000e-06	3.045671e-06	1.225783e-09	2.114705e+01	7.649894e+01
4.870000e-06	3.005857e-06	1.218526e-09	2.087062e+01	7.609682e+01
4.880000e-06	2.965904e-06	1.214018e-09	2.059321e+01	7.568768e+01
4.890000e-06	2.925808e-06	1.203013e-09	2.031481e+01	7.527105e+01
4.900000e-06	2.885598e-06	1.197719e-09	2.003562e+01	7.484654e+01
4.910000e-06	2.845266e-06	1.196650e-09	1.975558e+01	7.441379e+01
4.920000e-06	2.804818e-06	1.191233e-09	1.947474e+01	7.397255e+01
4.930000e-06	2.764214e-06	1.184991e-09	1.919281e+01	7.352259e+01
4.940000e-06	2.723375e-06	1.183396e-09	1.890925e+01	7.306377e+01
4.950000e-06	2.682296e-06	1.174675e-09	1.862403e+01	7.259603e+01
4.960000e-06	2.640970e-06	1.161784e-09	1.833709e+01	7.211933e+01
4.970000e-06	2.599447e-06	1.154887e-09	1.804879e+01	7.163372e+01
4.980000e-06	2.557868e-06	1.149733e-09	1.776008e+01	7.113930e+01
4.990000e-06	2.516153e-06	1.141205e-09	1.747045e+01	7.063620e+01
5.000000e-06	2.474170e-06	1.136298e-09	1.717895e+01	7.012460e+01
5.010000e-06	2.432039e-06	1.133732e-09	1.688642e+01	6.960471e+01
5.020000e-06	2.389797e-06	1.125704e-09	1.659312e+01	6.907677e+01
5.030000e-06	2.347388e-06	1.116856e-09	1.629866e+01	6.854102e+01
5.040000e-06	2.304857e-06	1.111637e-09	1.600335e+01	6.799770e+01
5.050000e-06	2.262148e-06	1.103721e-09	1.570681e+01	6.744708e+01
5.060000e-06	2.219150e-06	1.091025e-09	1.540826e+01	6.688938e+01
5.070000e-06	2.175897e-06	1.082347e-09	1.510794e+01	6.632482e+01
5.080000e-06	2.132579e-06	1.073043e-09	1.480717e+01	6.575359e+01
5.090000e-06	2.089174e-06	1.061935e-09	1.450580e+01	6.517585e+01
5.100000e-06	2.045569e-06	1.053079e-09	1.420303e+01	6.459171e+01
5.110000e-06	2.001842e-06	1.047396e-09	1.389942e+01	6.400125e+01
5.120000e-06	1.958036e-06	1.041879e-09	1.359526e+01	6.340448e+01
5.130000e-06	1.914135e-06	1.034710e-09	1.329045e+01	6.280138e+01
5.140000e-06	1.870136e-06	1.025257e-09	1.298494e+01	6.219186e+01
5.150000e-06	1.826094e-06	1.013633e-09	1.267915e+01	6.157578e+01
5.160000e-06	1.782008e-06	1.002176e-09	1.237305e+01	6.095293e+01
5.170000e-06	1.737833e-06	9.925217e-10	1.206632e+01	6.032306e+01
5.180000e-06	1.693581e-06	9.832745e-10	1.175907e+01	5.968584e+01
5.190000e-06	1.649253e-06	9.730947e-10	1.145128e+01	5.904090e+01
5.200000e-06	1.604849e-06	9.622174e-10	1.114298e+01	5.838780e+01
5.210000e-06	1.560367e-06	9.534012e-10	1.083412e+01	5.772607e+01
5.220000e-06	1.515786e-06	9.434219e-10	1.052458e+01	5.705516e+01
5.230000e-06	1.471092e-06	9.321521e-10	1.021426e+01	5.637449e+01
5.240000e-06	1.426264e-06	9.221544e-10	9.902999e+00	5.568342e+01
5.250000e-06	1.381366e-06	9.121516e-10	9.591258e+00	5.498127e+01
5.260000e-06	1.336465e-06	9.030559e-10	9.279499e+00	5.426732e+01
5.270000e-06	1.291452e-06	8.936482e-10	8.966962e+00	5.354081e+01
5.280000e-06	1.246234e-06	8.811506e-10	8.652994e+00	5.280094e+01
5.290000e-06	1.200885e-06	8.674781e-10	8.338121e+00	5.204688e+01
5.300000e-06	1.155483e-06	8.543339e-10	8.022884e+00	5.127777e+01
5.310000e-06	1.109979e-06	8.435984e-10	7.706938e+00	5.049271e+01
5.320000e-06	1.064315e-06	8.338638e-10	7.389878e+00	4.969079e+01
5.330000e-06	1.018590e-06	8.232797e-10	7.072392e+00	4.887105e+01
5.340000e-06	9.727337e-07	8.118200e-10	6.753998e+00	4.803252e+01
5.350000e-06	9.268032e-07	7.995312e-10	6.435088e+00	4.717423e+01
5.360000e-06	8.808683e-07	7.849571e-10	6.116147e+00	4.629515e+01
5.370000e-06	8.347892e-07	7.700331e-10	5.796205e+00	4.539428e+01
5.380000e-06	7.886424e-07	7.538098e-10	5.475793e+00	4.447059e+01
5.390000e-06	7.424998e-07	7.401460e-10	5.155411e+00	4.352303e+01
5.400000e-06	6.962250e-07	7.270210e-10	4.834110e+00	4.255059e+01
5.410000e-06	6.498445e-07	7.117445e-10	4.512076e+00	4.155223e+01
5.420000e-06	6.035274e-07	6.939556e-10	4.190482e+00	4.052693e+01
5.430000e-06	5.572353e-07	6.750248e-10	3.869061e+00	3.947370e+01
5.440000e-06	5.108495e-07	6.565152e-10	3.546989e+00	3.839157e+01
5.450000e-06	4.644065e-07	6.369833e-10	3.224521e+00	3.727960e+01
5.460000e-06	4.179810e-07	6.195056e-10	2.902174e+00	3.613690e+01
5.470000e-06	3.715443e-07	6.004710e-10	2.579749e+00	3.496263e+01
5.480000e-06	3.250837e-07	5.797156e-10	2.257159e+00	3.375601e+01
5.490000e-06	2.785942e-07	5.568987e-10	1.934367e+00	3.251636e+01
5.500000e-06	2.320703e-07	5.344289e-10	1.611337e+00	3.124305e+01
5.510000e-06	1.855928e-07	5.136890e-10	1.288630e+00	2.993557e+01
5.520000e-06	1.391240e-07	4.951263e-10	9.659819e-01	2.859351e+01
5.530000e-06	9.254879e-08	4.768794e-10	6.425955e-01	2.721658e+01
5.540000e-06	4.597437e-08	4.552153e-10	3.192146e-01	2.580462e+01
5.550000e-06	-5.616096e-10	4.309565e-10	-3.899433e-03	2.435762e+01
5.560000e-06	-4.706930e-08	4.061308e-10	-3.268170e-01	2.287569e+01
5.570000e-06	-9.357175e-08	3.797400e-10	-6.496983e-01	2.135913e+01
5.580000e-06	-1.401036e-07	3.531696e-10	-9.727839e-01	1.980838e+01
5.590000e-06	-1.866199e-07	3.235340e-10	-1.295761e+00	1.822405e+01
5.600000e-06	-2.330908e-07	2.972752e-10	-1.618423e+00	1.660695e+01
5.610000e-06	-2.795738e-07	2.733395e-10	-1.941169e+00	1.495803e+01
5.620000e-06	-3.260579e-07	2.490139e-10	-2.263923e+00	1.327844e+01
5.630000e-06	-3.725469e-07	2.220376e-10	-2.586711e+00	1.156949e+01
5.640000e-06	-4.190357e-07	1.911182e-10	-2.909497e+00	9.832678e+00
5.650000e-06	-4.654259e-07	1.591669e-10	-3.231599e+00	8.069651e+00
5.660000e-06	-5.117382e-07	1.246227e-10	-3.553160e+00	6.282226e+00
5.670000e-06	-5.580663e-07	9.249144e-11	-3.874831e+00	4.472371e+00
5.680000e-06	-6.043808e-07	6.391717e-11	-4.196407e+00	2.642191e+00
5.690000e-06	-6.506498e-07	3.513046e-11	-4.517668e+00	7.939191e-01
5.700000e-06	-6.968470e-07	5.939524e-12	-4.838429e+00	-1.070098e+00
5.710000e-06	-7.430001e-07	-2.269080e-11	-5.158884e+00	-2.947415e+00
5.720000e-06	-7.891532e-07	-5.306947e-11	-5.479340e+00	-4.835507e+00
5.730000e-06	-8.351908e-07	-8.452836e-11	-5.798994e+00	-6.731782e+00
5.740000e-06	-8.810728e-07	-1.188127e-10	-6.117567e+00	-8.633608e+00
5.750000e-06	-9.269724e-07	-1.544797e-10	-6.436263e+00	-1.053832e+01
5.760000e-06	-9.729419e-07	-1.861108e-10	-6.755443e+00	-1.244325e+01
5.770000e-06	-1.018780e-06	-2.117669e-10	-7.073714e+00	-1.434575e+01
5.780000e-06	-1.064456e-06	-2.394060e-10	-7.390855e+00	-1.624318e+01
5.790000e-06	-1.109998e-06	-2.728906e-10	-7.707070e+00	-1.813296e+01
5.800000e-06	-1.155343e-06	-3.085213e-10	-8.021914e+00	-2.001260e+01
5.810000e-06	-1.200585e-06	-3.432235e-10	-8.336044e+00	-2.187965e+01
5.820000e-06	-1.245746e-06	-3.759886e-10	-8.649606e+00	-2.373178e+01
5.830000e-06	-1.290778e-06	-4.036408e-10	-8.962277e+00	-2.556678e+01
5.840000e-06	-1.335754e-06	-4.294366e-10	-9.274559e+00	-2.738255e+01
5.850000e-06	-1.380588e-06	-4.582720e-10	-9.585860e+00	-2.917712e+01
5.860000e-06	-1.425234e-06	-4.890789e-10	-9.895848e+00	-3.094868e+01
5.870000e-06	-1.469852e-06	-5.179568e-10	-1.020565e+01	-3.269554e+01
5.880000e-06	-1.514461e-06	-5.459044e-10	-1.051538e+01	-3.441620e+01
5.890000e-06	-1.558992e-06	-5.748284e-10	-1.082458e+01	-3.610929e+01
5.900000e-06	-1.603417e-06	-6.049881e-10	-1.113303e+01	-3.777361e+01
5.910000e-06	-1.647703e-06	-6.343482e-10	-1.144052e+01	-3.940810e+01
5.920000e-06	-1.691954e-06	-6.604558e-10	-1.174777e+01	-4.101189e+01
5.930000e-06	-1.736166e-06	-6.839630e-10	-1.205475e+01	-4.258422e+01
5.940000e-06	-1.780269e-06	-7.068969e-10	-1.236097e+01	-4.412450e+01
5.950000e-06	-1.824284e-06	-7.312225e-10	-1.266658e+01	-4.563228e+01
5.960000e-06	-1.868264e-06	-7.568947e-10	-1.297195e+01	-4.710723e+01
5.970000e-06	-1.912234e-06	-7.828485e-10	-1.327725e+01	-4.854914e+01
5.980000e-06	-1.956099e-06	-8.084907e-10	-1.358181e+01	-4.995794e+01
5.990000e-06	-1.999840e-06	-8.330457e-10	-1.388552e+01	-5.133364e+01
6.000000e-06	-2.043479e-06	-8.563055e-10	-1.418852e+01	-5.267635e+01
6.010000e-06	-2.087031e-06	-8.779835e-10	-1.449091e+01	-5.398627e+01
6.020000e-06	-2.130409e-06	-8.964448e-10	-1.479211e+01	-5.526367e+01
6.030000e-06	-2.173571e-06	-9.132275e-10	-1.509179e+01	-5.650891e+01
6.040000e-06	-2.216612e-06	-9.314628e-10	-1.539064e+01	-5.772237e+01
6.050000e-06	-2.259460e-06	-9.528822e-10	-1.568814e+01	-5.890452e+01
6.060000e-06	-2.302143e-06	-9.742594e-10	-1.598451e+01	-6.005583e+01
6.070000e-06	-2.344646e-06	-9.938560e-10	-1.627962e+01	-6.117683e+01
6.080000e-06	-2.386883e-06	-1.013579e-09	-1.657289e+01	-6.226809e+01
6.090000e-06	-2.428952e-06	-1.033008e-09	-1.686498e+01	-6.333018e+01
6.100000e-06	-2.470921e-06	-1.049008e-09	-1.715639e+01	-6.436370e+01
6.110000e-06	-2.512808e-06	-1.063505e-09	-1.744722e+01	-6.536925e+01
6.120000e-06	-2.554555e-06	-1.079891e-09	-1.773709e+01	-6.634747e+01
6.130000e-06	-2.596041e-06	-1.097976e-09	-1.802514e+01	-6.729898e+01
6.140000e-06	-2.637166e-06	-1.114509e-09	-1.831068e+01	-6.822443e+01
6.150000e-06	-2.678097e-06	-1.130078e-09	-1.859487e+01	-6.912446e+01
6.160000e-06	-2.718989e-06	-1.145163e-09	-1.887880e+01	-6.999971e+01
6.170000e-06	-2.759706e-06	-1.158075e-09	-1.916151e+01	-7.085085e+01
6.180000e-06	-2.800225e-06	-1.171044e-09	-1.944285e+01	-7.167852e+01
6.190000e-06	-2.840577e-06	-1.182904e-09	-1.972303e+01	-7.248338e+01
6.200000e-06	-2.880838e-06	-1.193523e-09	-2.000257e+01	-7.326609e+01
6.210000e-06	-2.921062e-06	-1.205751e-09	-2.028186e+01	-7.402731e+01
6.220000e-06	-2.961147e-06	-1.218386e-09	-2.056018e+01	-7.476770e+01
6.230000e-06	-3.001036e-06	-1.228328e-09	-2.083714e+01	-7.548791e+01
6.240000e-06	-3.040770e-06	-1.237504e-09	-2.111303e+01	-7.618859e+01
6.250000e-06	-3.080359e-06	-1.249414e-09	-2.138790e+01	-7.687041e+01
6.260000e-06	-3.119673e-06	-1.260510e-09	-2.166088e+01	-7.753401e+01
6.270000e-06	-3.158516e-06	-1.269636e-09	-2.193057e+01	-7.818002e+01
6.280000e-06	-3.197015e-06	-1.279903e-09	-2.219789e+01	-7.880906e+01
6.290000e-06	-3.235310e-06	-1.291059e-09	-2.246378e+01	-7.942176e+01
6.300000e-06	-3.273220e-06	-1.301533e-09	-2.272700e+01	-8.001871e+01
6.310000e-06	-3.310633e-06	-1.312260e-09	-2.298677e+01	-8.060049e+01
6.320000e-06	-3.347634e-06	-1.322134e-09	-2.324368e+01	-8.116766e+01
6.330000e-06	-3.384359e-06	-1.330852e-09	-2.349868e+01	-8.172074e+01
6.340000e-06	-3.420885e-06	-1.340013e-09	-2.375229e+01	-8.226025e+01
6.350000e-06	-3.457241e-06	-1.349060e-09	-2.400472e+01	-8.278667e+01
6.360000e-06	-3.493447e-06	-1.357482e-09	-2.425611e+01	-8.330043e+01
6.370000e-06	-3.529512e-06	-1.365155e-09	-2.450652e+01	-8.380195e+01
6.380000e-06	-3.565411e-06	-1.373147e-09	-2.475578e+01	-8.429161e+01
6.390000e-06	-3.601101e-06	-1.381184e-09	-2.500358e+01	-8.476975e+01
6.400000e-06	-3.636530e-06	-1.389891e-09	-2.524958e+01	-8.523669e+01
6.410000e-06	-3.671697e-06	-1.401558e-09	-2.549375e+01	-8.569268e+01
6.420000e-06	-3.706576e-06	-1.414526e-09	-2.573593e+01	-8.613799e+01
6.430000e-06	-3.741192e-06	-1.423590e-09	-2.597628e+01	-8.657282e+01
6.440000e-06	-3.775546e-06	-1.427148e-09	-2.621481e+01	-8.699735e+01
6.450000e-06	-3.809595e-06	-1.428648e-09	-2.645122e+01	-8.741174e+01
6.460000e-06	-3.843432e-06	-1.431575e-09	-2.668616e+01	-8.781613e+01
6.470000e-06	-3.876981e-06	-1.438068e-09	-2.691910e+01	-8.821064e+01
6.480000e-06	-3.910170e-06	-1.447829e-09	-2.714955e+01	-8.859538e+01
6.490000e-06	-3.943110e-06	-1.458267e-09	-2.737826e+01	-8.897044e+01
6.500000e-06	-3.975742e-06	-1.468943e-09	-2.760484e+01	-8.933593e+01
6.510000e-06	-4.008110e-06	-1.477169e-09	-2.782957e+01	-8.969193e+01
6.520000e-06	-4.040331e-06	-1.479528e-09	-2.805329e+01	-9.003856e+01
6.530000e-06	-4.072393e-06	-1.479956e-09	-2.827591e+01	-9.037593e+01
6.540000e-06	-4.104243e-06	-1.481886e-09	-2.849706e+01	-9.070417e+01
6.550000e-06	-4.135805e-06	-1.484766e-09	-2.871620e+01	-9.102343e+01
6.560000e-06	-4.167095e-06	-1.489998e-09	-2.893346e+01	-9.133388e+01
6.570000e-06	-4.198013e-06	-1.497297e-09	-2.914813e+01	-9.163570e+01
6.580000e-06	-4.228497e-06	-1.505159e-09	-2.935979e+01	-9.192913e+01
6.590000e-06	-4.258477e-06	-1.511019e-09	-2.956795e+01	-9.221439e+01
6.600000e-06	-4.287899e-06	-1.513653e-09	-2.977224e+01	-9.249178e+01
6.610000e-06	-4.316952e-06	-1.515531e-09	-2.997396e+01	-9.276157e+01
6.620000e-06	-4.345662e-06	-1.517438e-09	-3.017331e+01	-9.302408e+01
6.630000e-06	-4.374049e-06	-1.519694e-09	-3.037040e+01	-9.327966e+01
6.640000e-06	-4.402246e-06	-1.523065e-09	-3.056619e+01	-9.352866e+01
6.650000e-06	-4.430262e-06	-1.526404e-09	-3.076071e+01	-9.377144e+01
6.660000e-06	-4.458010e-06	-1.528964e-09	-3.095338e+01	-9.400837e+01
6.670000e-06	-4.485553e-06	-1.531819e-09	-3.114461e+01	-9.423982e+01
6.680000e-06	-4.512807e-06	-1.535349e-09	-3.133384e+01	-9.446618e+01
6.690000e-06	-4.539674e-06	-1.539853e-09	-3.152039e+01	-9.468779e+01
6.700000e-06	-4.566280e-06	-1.543040e-09	-3.170513e+01	-9.490500e+01
6.710000e-06	-4.592568e-06	-1.543587e-09	-3.188765e+01	-9.511813e+01
6.720000e-06	-4.618527e-06	-1.542081e-09	-3.206789e+01	-9.532747e+01
6.730000e-06	-4.644085e-06	-1.542309e-09	-3.224535e+01	-9.553328e+01
6.740000e-06	-4.669180e-06	-1.546971e-09	-3.241959e+01	-9.573579e+01
6.750000e-06	-4.694008e-06	-1.553190e-09	-3.259198e+01	-9.593517e+01
6.760000e-06	-4.718629e-06	-1.558577e-09	-3.276293e+01	-9.613156e+01
6.770000e-06	-4.742980e-06	-1.561334e-09	-3.293201e+01	-9.632505e+01
6.780000e-06	-4.767127e-06	-1.562170e-09	-3.309967e+01	-9.651566e+01
6.790000e-06	-4.791118e-06	-1.563109e-09	-3.326624e+01	-9.670340e+01
6.800000e-06	-4.814779e-06	-1.565777e-09	-3.343053e+01	-9.688819e+01
6.810000e-06	-4.838008e-06	-1.567449e-09	-3.359182e+01	-9.706995e+01
6.820000e-06	-4.860756e-06	-1.565841e-09	-3.374977e+01	-9.724851e+01
6.830000e-06	-4.883007e-06	-1.565201e-09	-3.390426e+01	-9.742369e+01
6.840000e-06	-4.904796e-06	-1.568104e-09	-3.405555e+01	-9.759527e+01
6.850000e-06	-4.926040e-06	-1.571437e-09	-3.420305e+01	-9.776300e+01
6.860000e-06	-4.946818e-06	-1.573300e-09	-3.434732e+01	-9.792661e+01
6.870000e-06	-4.967277e-06	-1.574999e-09	-3.448937e+01	-9.808582e+01
6.880000e-06	-4.987510e-06	-1.577461e-09	-3.462986e+01	-9.824033e+01
6.890000e-06	-5.007539e-06	-1.580857e-09	-3.476893e+01	-9.838987e+01
6.900000e-06	-5.027273e-06	-1.584248e-09	-3.490594e+01	-9.853414e+01
6.910000e-06	-5.046655e-06	-1.586411e-09	-3.504052e+01	-9.867289e+01
6.920000e-06	-5.065657e-06	-1.586106e-09	-3.517246e+01	-9.880588e+01
6.930000e-06	-5.084315e-06	-1.584887e-09	-3.530201e+01	-9.893291e+01
6.940000e-06	-5.102683e-06	-1.585125e-09	-3.542954e+01	-9.905381e+01
6.950000e-06	-5.120681e-06	-1.585205e-09	-3.555451e+01	-9.916846e+01
6.960000e-06	-5.138269e-06	-1.586080e-09	-3.567663e+01	-9.927679e+01
6.970000e-06	-5.155478e-06	-1.588907e-09	-3.579611e+01	-9.937876e+01
6.980000e-06	-5.172334e-06	-1.591086e-09	-3.591315e+01	-9.947442e+01
6.990000e-06	-5.188954e-06	-1.591760e-09	-3.602855e+01	-9.956384e+01
7.000000e-06	-5.205376e-06	-1.591693e-09	-3.614257e+01	-9.964717e+01
7.010000e-06	-5.221510e-06	-1.588992e-09	-3.625459e+01	-9.972460e+01
7.020000e-06	-5.237242e-06	-1.585339e-09	-3.636383e+01	-9.979637e+01
7.030000e-06	-5.252505e-06	-1.584249e-09	-3.646980e+01	-9.986278e+01
7.040000e-06	-5.267131e-06	-1.584834e-09	-3.657136e+01	-9.992414e+01
7.050000e-06	-5.281078e-06	-1.585477e-09	-3.666820e+01	-9.998083e+01
7.060000e-06	-5.294529e-06	-1.584412e-09	-3.676159e+01	-1.000332e+02
7.070000e-06	-5.307555e-06	-1.581115e-09	-3.685203e+01	-1.000818e+02
7.080000e-06	-5.320116e-06	-1.577748e-09	-3.693925e+01	-1.001269e+02
7.090000e-06	-5.332255e-06	-1.576875e-09	-3.702353e+01	-1.001689e+02
7.100000e-06	-5.344128e-06	-1.578154e-09	-3.710597e+01	-1.002084e+02
7.110000e-06	-5.355704e-06	-1.579437e-09	-3.718635e+01	-1.002457e+02
7.120000e-06	-5.366850e-06	-1.579171e-09	-3.726374e+01	-1.002812e+02
7.130000e-06	-5.377622e-06	-1.577388e-09	-3.733853e+01	-1.003153e+02
7.140000e-06	-5.388060e-06	-1.575336e-09	-3.741101e+01	-1.003482e+02
7.150000e-06	-5.398108e-06	-1.572163e-09	-3.748077e+01	-1.003804e+02
7.160000e-06	-5.407774e-06	-1.569929e-09	-3.754789e+01	-1.004120e+02
7.170000e-06	-5.417054e-06	-1.569239e-09	-3.761232e+01	-1.004432e+02
7.180000e-06	-5.425967e-06	-1.569629e-09	-3.767420e+01	-1.004741e+02
7.190000e-06	-5.434581e-06	-1.570633e-09	-3.773401e+01	-1.005049e+02
7.200000e-06	-5.442906e-06	-1.571114e-09	-3.779182e+01	-1.005356e+02
7.210000e-06	-5.450971e-06	-1.571676e-09	-3.784782e+01	-1.005661e+02
7.220000e-06	-5.458714e-06	-1.569524e-09	-3.790158e+01	-1.005965e+02
7.230000e-06	-5.466017e-06	-1.566412e-09	-3.795228e+01	-1.006265e+02
7.240000e-06	-5.472887e-06	-1.562449e-09	-3.799998e+01	-1.006560e+02
7.250000e-06	-5.479195e-06	-1.559162e-09	-3.804378e+01	-1.006849e+02
7.260000e-06	-5.484859e-06	-1.557769e-09	-3.808311e+01	-1.007128e+02
7.270000e-06	-5.489991e-06	-1.558274e-09	-3.811874e+01	-1.007397e+02
7.280000e-06	-5.494701e-06	-1.557906e-09	-3.815145e+01	-1.007652e+02
7.290000e-06	-5.499108e-06	-1.556867e-09	-3.818204e+01	-1.007891e+02
7.300000e-06	-5.503234e-06	-1.555634e-09	-3.821069e+01	-1.008111e+02
7.310000e-06	-5.507088e-06	-1.553398e-09	-3.823745e+01	-1.008309e+02
7.320000e-06	-5.510660e-06	-1.549679e-09	-3.826225e+01	-1.008484e+02
7.330000e-06	-5.513852e-06	-1.546033e-09	-3.828442e+01	-1.008634e+02
7.340000e-06	-5.516657e-06	-1.544587e-09	-3.830389e+01	-1.008755e+02
7.350000e-06	-5.519110e-06	-1.542734e-09	-3.832093e+01	-1.008848e+02
7.360000e-06	-5.521218e-06	-1.539957e-09	-3.833556e+01	-1.008911e+02
7.370000e-06	-5.522900e-06	-1.538631e-09	-3.834724e+01	-1.008944e+02
7.380000e-06	-5.524036e-06	-1.538127e-09	-3.835513e+01	-1.008945e+02
7.390000e-06	-5.524897e-06	-1.534016e-09	-3.836111e+01	-1.008915e+02
7.400000e-06	-5.525592e-06	-1.528578e-09	-3.836593e+01	-1.008855e+02
