# Temperatura_=_-9.74
# Concentracion g/m^3_=_1620.0
# C_Vs_to_Am_M_A/Vsm_=_65563218390.804596
# pendiente_HvsI_1/m_=_3716.3
# ordenada_HvsI_A/m_=_1297.0
# frecuencia_Hz_=_135109.70758856373

Tiempo_(s)	Campo_(V.s)	Magnetizacion_(V.s)	Campo_(kA/m)	Magnetizacion_(A/m)
0.000000e+00	-5.532560e-06	-9.588487e-10	-3.836447e+01	-6.470213e+01
1.000000e-08	-5.532682e-06	-9.575404e-10	-3.836531e+01	-6.469408e+01
2.000000e-08	-5.532587e-06	-9.550393e-10	-3.836465e+01	-6.468358e+01
3.000000e-08	-5.532287e-06	-9.519215e-10	-3.836257e+01	-6.467033e+01
4.000000e-08	-5.531591e-06	-9.511045e-10	-3.835774e+01	-6.465406e+01
5.000000e-08	-5.530272e-06	-9.480279e-10	-3.834860e+01	-6.463451e+01
6.000000e-08	-5.528358e-06	-9.428356e-10	-3.833533e+01	-6.461147e+01
7.000000e-08	-5.525856e-06	-9.428564e-10	-3.831798e+01	-6.458476e+01
8.000000e-08	-5.522807e-06	-9.364677e-10	-3.829683e+01	-6.455422e+01
9.000000e-08	-5.519339e-06	-9.289146e-10	-3.827279e+01	-6.451972e+01
1.000000e-07	-5.515405e-06	-9.600854e-10	-3.824551e+01	-6.448116e+01
1.100000e-07	-5.511039e-06	-1.003466e-09	-3.821524e+01	-6.443846e+01
1.200000e-07	-5.506438e-06	-9.469462e-10	-3.818333e+01	-6.439157e+01
1.300000e-07	-5.501680e-06	-8.845469e-10	-3.815033e+01	-6.434047e+01
1.400000e-07	-5.496600e-06	-9.116783e-10	-3.811511e+01	-6.428514e+01
1.500000e-07	-5.491113e-06	-9.917491e-10	-3.807706e+01	-6.422558e+01
1.600000e-07	-5.485217e-06	-9.841979e-10	-3.803618e+01	-6.416183e+01
1.700000e-07	-5.478917e-06	-9.113951e-10	-3.799249e+01	-6.409392e+01
1.800000e-07	-5.472114e-06	-9.258089e-10	-3.794532e+01	-6.402189e+01
1.900000e-07	-5.464763e-06	-9.903837e-10	-3.789434e+01	-6.394580e+01
2.000000e-07	-5.457120e-06	-9.744534e-10	-3.784134e+01	-6.386574e+01
2.100000e-07	-5.449366e-06	-9.064339e-10	-3.778758e+01	-6.378177e+01
2.200000e-07	-5.441415e-06	-9.133176e-10	-3.773244e+01	-6.369399e+01
2.300000e-07	-5.433107e-06	-9.751125e-10	-3.767483e+01	-6.360250e+01
2.400000e-07	-5.424364e-06	-9.864571e-10	-3.761420e+01	-6.350740e+01
2.500000e-07	-5.415092e-06	-9.458082e-10	-3.754991e+01	-6.340884e+01
2.600000e-07	-5.405170e-06	-9.234643e-10	-3.748110e+01	-6.330692e+01
2.700000e-07	-5.394567e-06	-9.273801e-10	-3.740758e+01	-6.320181e+01
2.800000e-07	-5.383443e-06	-9.410717e-10	-3.733044e+01	-6.309367e+01
2.900000e-07	-5.371915e-06	-9.408871e-10	-3.725050e+01	-6.298268e+01
3.000000e-07	-5.360031e-06	-9.367765e-10	-3.716810e+01	-6.286901e+01
3.100000e-07	-5.347807e-06	-9.381111e-10	-3.708333e+01	-6.275290e+01
3.200000e-07	-5.335169e-06	-9.570843e-10	-3.699570e+01	-6.263456e+01
3.300000e-07	-5.322094e-06	-9.453866e-10	-3.690503e+01	-6.251425e+01
3.400000e-07	-5.308620e-06	-9.253447e-10	-3.681160e+01	-6.239221e+01
3.500000e-07	-5.294822e-06	-9.334060e-10	-3.671592e+01	-6.226874e+01
3.600000e-07	-5.280566e-06	-9.493950e-10	-3.661706e+01	-6.214413e+01
3.700000e-07	-5.265774e-06	-9.289815e-10	-3.651449e+01	-6.201869e+01
3.800000e-07	-5.250489e-06	-9.336438e-10	-3.640850e+01	-6.189274e+01
3.900000e-07	-5.234621e-06	-9.472355e-10	-3.629847e+01	-6.176661e+01
4.000000e-07	-5.218252e-06	-9.111299e-10	-3.618496e+01	-6.164064e+01
4.100000e-07	-5.201509e-06	-8.987162e-10	-3.606886e+01	-6.151517e+01
4.200000e-07	-5.184473e-06	-9.525203e-10	-3.595073e+01	-6.139054e+01
4.300000e-07	-5.167087e-06	-9.450556e-10	-3.583017e+01	-6.126708e+01
4.400000e-07	-5.149397e-06	-8.854971e-10	-3.570750e+01	-6.114512e+01
4.500000e-07	-5.131460e-06	-9.204643e-10	-3.558312e+01	-6.102498e+01
4.600000e-07	-5.113060e-06	-9.591333e-10	-3.545552e+01	-6.090693e+01
4.700000e-07	-5.094129e-06	-8.858852e-10	-3.532425e+01	-6.079126e+01
4.800000e-07	-5.074886e-06	-8.654527e-10	-3.519082e+01	-6.067821e+01
4.900000e-07	-5.055452e-06	-9.431970e-10	-3.505606e+01	-6.056800e+01
5.000000e-07	-5.035756e-06	-9.250907e-10	-3.491948e+01	-6.046079e+01
5.100000e-07	-5.015802e-06	-8.758019e-10	-3.478111e+01	-6.035674e+01
5.200000e-07	-4.995620e-06	-9.298502e-10	-3.464116e+01	-6.025596e+01
5.300000e-07	-4.975154e-06	-9.472644e-10	-3.449924e+01	-6.015849e+01
5.400000e-07	-4.954296e-06	-8.742028e-10	-3.435461e+01	-6.006436e+01
5.500000e-07	-4.933020e-06	-8.873003e-10	-3.420707e+01	-5.997355e+01
5.600000e-07	-4.911355e-06	-9.296318e-10	-3.405684e+01	-5.988599e+01
5.700000e-07	-4.889347e-06	-8.809223e-10	-3.390423e+01	-5.980158e+01
5.800000e-07	-4.867040e-06	-8.675551e-10	-3.374955e+01	-5.972018e+01
5.900000e-07	-4.844367e-06	-9.270585e-10	-3.359233e+01	-5.964161e+01
6.000000e-07	-4.821318e-06	-9.128273e-10	-3.343249e+01	-5.956564e+01
6.100000e-07	-4.797897e-06	-8.760403e-10	-3.327009e+01	-5.949205e+01
6.200000e-07	-4.774182e-06	-9.053845e-10	-3.310564e+01	-5.942057e+01
6.300000e-07	-4.750332e-06	-9.094187e-10	-3.294026e+01	-5.935092e+01
6.400000e-07	-4.726325e-06	-8.700287e-10	-3.277378e+01	-5.928279e+01
6.500000e-07	-4.702115e-06	-8.811227e-10	-3.260591e+01	-5.921589e+01
6.600000e-07	-4.677543e-06	-9.007582e-10	-3.243551e+01	-5.914990e+01
6.700000e-07	-4.652374e-06	-8.805329e-10	-3.226099e+01	-5.908453e+01
6.800000e-07	-4.626525e-06	-8.814214e-10	-3.208174e+01	-5.901948e+01
6.900000e-07	-4.600149e-06	-9.046424e-10	-3.189884e+01	-5.895445e+01
7.000000e-07	-4.573343e-06	-8.930446e-10	-3.171297e+01	-5.888920e+01
7.100000e-07	-4.546054e-06	-8.745037e-10	-3.152373e+01	-5.882347e+01
7.200000e-07	-4.518393e-06	-8.806370e-10	-3.133192e+01	-5.875705e+01
7.300000e-07	-4.490559e-06	-8.793068e-10	-3.113891e+01	-5.868974e+01
7.400000e-07	-4.462621e-06	-8.678700e-10	-3.094518e+01	-5.862139e+01
7.500000e-07	-4.434520e-06	-8.698431e-10	-3.075032e+01	-5.855186e+01
7.600000e-07	-4.406064e-06	-8.753595e-10	-3.055300e+01	-5.848105e+01
7.700000e-07	-4.377228e-06	-8.703883e-10	-3.035304e+01	-5.840890e+01
7.800000e-07	-4.348180e-06	-8.693704e-10	-3.015161e+01	-5.833536e+01
7.900000e-07	-4.318837e-06	-8.699884e-10	-2.994814e+01	-5.826042e+01
8.000000e-07	-4.289224e-06	-8.647056e-10	-2.974279e+01	-5.818409e+01
8.100000e-07	-4.259383e-06	-8.601773e-10	-2.953587e+01	-5.810641e+01
8.200000e-07	-4.229211e-06	-8.616129e-10	-2.932665e+01	-5.802741e+01
8.300000e-07	-4.198712e-06	-8.611579e-10	-2.911515e+01	-5.794716e+01
8.400000e-07	-4.167877e-06	-8.621986e-10	-2.890134e+01	-5.786573e+01
8.500000e-07	-4.136712e-06	-8.652515e-10	-2.868523e+01	-5.778319e+01
8.600000e-07	-4.105303e-06	-8.629822e-10	-2.846743e+01	-5.769961e+01
8.700000e-07	-4.073711e-06	-8.537110e-10	-2.824836e+01	-5.761506e+01
8.800000e-07	-4.041939e-06	-8.502135e-10	-2.802805e+01	-5.752959e+01
8.900000e-07	-4.010048e-06	-8.474471e-10	-2.780690e+01	-5.744324e+01
9.000000e-07	-3.978017e-06	-8.423661e-10	-2.758479e+01	-5.735605e+01
9.100000e-07	-3.945706e-06	-8.439532e-10	-2.736074e+01	-5.726800e+01
9.200000e-07	-3.913036e-06	-8.511127e-10	-2.713419e+01	-5.717909e+01
9.300000e-07	-3.880004e-06	-8.480656e-10	-2.690514e+01	-5.708926e+01
9.400000e-07	-3.846458e-06	-8.425154e-10	-2.667252e+01	-5.699847e+01
9.500000e-07	-3.812358e-06	-8.414785e-10	-2.643606e+01	-5.690661e+01
9.600000e-07	-3.777820e-06	-8.328407e-10	-2.619656e+01	-5.681357e+01
9.700000e-07	-3.742883e-06	-8.192809e-10	-2.595430e+01	-5.671921e+01
9.800000e-07	-3.707647e-06	-8.156123e-10	-2.570996e+01	-5.662339e+01
9.900000e-07	-3.672139e-06	-8.179200e-10	-2.546374e+01	-5.652593e+01
1.000000e-06	-3.636410e-06	-8.184084e-10	-2.521598e+01	-5.642666e+01
1.010000e-06	-3.600595e-06	-8.223417e-10	-2.496763e+01	-5.632537e+01
1.020000e-06	-3.564690e-06	-8.286135e-10	-2.471865e+01	-5.622187e+01
1.030000e-06	-3.528643e-06	-8.257523e-10	-2.446869e+01	-5.611598e+01
1.040000e-06	-3.492368e-06	-8.185930e-10	-2.421715e+01	-5.600750e+01
1.050000e-06	-3.455839e-06	-8.149733e-10	-2.396384e+01	-5.589625e+01
1.060000e-06	-3.419013e-06	-8.081635e-10	-2.370849e+01	-5.578207e+01
1.070000e-06	-3.381799e-06	-8.021746e-10	-2.345043e+01	-5.566481e+01
1.080000e-06	-3.344330e-06	-8.055151e-10	-2.319061e+01	-5.554436e+01
1.090000e-06	-3.306680e-06	-8.115292e-10	-2.292953e+01	-5.542060e+01
1.100000e-06	-3.268830e-06	-8.108818e-10	-2.266707e+01	-5.529348e+01
1.110000e-06	-3.230814e-06	-8.085125e-10	-2.240345e+01	-5.516294e+01
1.120000e-06	-3.192574e-06	-8.068949e-10	-2.213828e+01	-5.502898e+01
1.130000e-06	-3.154049e-06	-8.029950e-10	-2.187115e+01	-5.489161e+01
1.140000e-06	-3.115309e-06	-7.971717e-10	-2.160250e+01	-5.475088e+01
1.150000e-06	-3.076348e-06	-7.965611e-10	-2.133234e+01	-5.460685e+01
1.160000e-06	-3.037111e-06	-7.959778e-10	-2.106026e+01	-5.445963e+01
1.170000e-06	-2.997695e-06	-7.918639e-10	-2.078694e+01	-5.430933e+01
1.180000e-06	-2.958136e-06	-7.885873e-10	-2.051262e+01	-5.415609e+01
1.190000e-06	-2.918458e-06	-7.874660e-10	-2.023748e+01	-5.400004e+01
1.200000e-06	-2.878669e-06	-7.839573e-10	-1.996158e+01	-5.384133e+01
1.210000e-06	-2.838797e-06	-7.793897e-10	-1.968509e+01	-5.368011e+01
1.220000e-06	-2.798813e-06	-7.753738e-10	-1.940783e+01	-5.351653e+01
1.230000e-06	-2.758636e-06	-7.710720e-10	-1.912923e+01	-5.335071e+01
1.240000e-06	-2.718263e-06	-7.668713e-10	-1.884927e+01	-5.318276e+01
1.250000e-06	-2.677724e-06	-7.674641e-10	-1.856816e+01	-5.301278e+01
1.260000e-06	-2.637064e-06	-7.701176e-10	-1.828621e+01	-5.284083e+01
1.270000e-06	-2.596089e-06	-7.673391e-10	-1.800208e+01	-5.266691e+01
1.280000e-06	-2.554675e-06	-7.624591e-10	-1.771490e+01	-5.249104e+01
1.290000e-06	-2.513020e-06	-7.593334e-10	-1.742605e+01	-5.231314e+01
1.300000e-06	-2.471124e-06	-7.537768e-10	-1.713553e+01	-5.213312e+01
1.310000e-06	-2.428897e-06	-7.471286e-10	-1.684272e+01	-5.195084e+01
1.320000e-06	-2.386407e-06	-7.446536e-10	-1.654808e+01	-5.176611e+01
1.330000e-06	-2.343673e-06	-7.424404e-10	-1.625175e+01	-5.157869e+01
1.340000e-06	-2.300617e-06	-7.399684e-10	-1.595318e+01	-5.138830e+01
1.350000e-06	-2.257237e-06	-7.398500e-10	-1.565238e+01	-5.119463e+01
1.360000e-06	-2.213745e-06	-7.384074e-10	-1.535078e+01	-5.099731e+01
1.370000e-06	-2.170186e-06	-7.326861e-10	-1.504874e+01	-5.079595e+01
1.380000e-06	-2.126492e-06	-7.245878e-10	-1.474575e+01	-5.059014e+01
1.390000e-06	-2.082697e-06	-7.174292e-10	-1.444206e+01	-5.037942e+01
1.400000e-06	-2.038830e-06	-7.132035e-10	-1.413787e+01	-5.016333e+01
1.410000e-06	-1.994896e-06	-7.122854e-10	-1.383322e+01	-4.994139e+01
1.420000e-06	-1.950835e-06	-7.137843e-10	-1.352769e+01	-4.971313e+01
1.430000e-06	-1.906675e-06	-7.129507e-10	-1.322147e+01	-4.947805e+01
1.440000e-06	-1.862443e-06	-7.086538e-10	-1.291475e+01	-4.923568e+01
1.450000e-06	-1.818112e-06	-7.010902e-10	-1.260735e+01	-4.898555e+01
1.460000e-06	-1.773675e-06	-6.919364e-10	-1.229921e+01	-4.872721e+01
1.470000e-06	-1.729054e-06	-6.809665e-10	-1.198979e+01	-4.846023e+01
1.480000e-06	-1.684281e-06	-6.735150e-10	-1.167932e+01	-4.818417e+01
1.490000e-06	-1.639430e-06	-6.717413e-10	-1.136831e+01	-4.789866e+01
1.500000e-06	-1.594450e-06	-6.723351e-10	-1.105641e+01	-4.760332e+01
1.510000e-06	-1.549311e-06	-6.721897e-10	-1.074340e+01	-4.729780e+01
1.520000e-06	-1.504076e-06	-6.705942e-10	-1.042973e+01	-4.698177e+01
1.530000e-06	-1.458769e-06	-6.669743e-10	-1.011555e+01	-4.665492e+01
1.540000e-06	-1.413351e-06	-6.579341e-10	-9.800609e+00	-4.631695e+01
1.550000e-06	-1.367893e-06	-6.452365e-10	-9.485391e+00	-4.596756e+01
1.560000e-06	-1.322382e-06	-6.318664e-10	-9.169802e+00	-4.560647e+01
1.570000e-06	-1.276728e-06	-6.214482e-10	-8.853223e+00	-4.523337e+01
1.580000e-06	-1.230982e-06	-6.153453e-10	-8.536009e+00	-4.484794e+01
1.590000e-06	-1.185101e-06	-6.148739e-10	-8.217853e+00	-4.444987e+01
1.600000e-06	-1.139092e-06	-6.158616e-10	-7.898814e+00	-4.403878e+01
1.610000e-06	-1.093048e-06	-6.137107e-10	-7.579531e+00	-4.361427e+01
1.620000e-06	-1.046966e-06	-6.081444e-10	-7.259981e+00	-4.317589e+01
1.630000e-06	-1.000821e-06	-5.992492e-10	-6.940000e+00	-4.272315e+01
1.640000e-06	-9.545835e-07	-5.884008e-10	-6.619375e+00	-4.225548e+01
1.650000e-06	-9.082305e-07	-5.778222e-10	-6.297949e+00	-4.177227e+01
1.660000e-06	-8.617880e-07	-5.682738e-10	-5.975902e+00	-4.127282e+01
1.670000e-06	-8.153236e-07	-5.616527e-10	-5.653704e+00	-4.075637e+01
1.680000e-06	-7.689340e-07	-5.565209e-10	-5.332024e+00	-4.022209e+01
1.690000e-06	-7.225270e-07	-5.510335e-10	-5.010224e+00	-3.966907e+01
1.700000e-06	-6.760223e-07	-5.428793e-10	-4.687746e+00	-3.909634e+01
1.710000e-06	-6.294888e-07	-5.321522e-10	-4.365069e+00	-3.850287e+01
1.720000e-06	-5.828358e-07	-5.218530e-10	-4.041562e+00	-3.788756e+01
1.730000e-06	-5.360787e-07	-5.120124e-10	-3.717334e+00	-3.724928e+01
1.740000e-06	-4.893124e-07	-5.019020e-10	-3.393042e+00	-3.658685e+01
1.750000e-06	-4.424674e-07	-4.896571e-10	-3.068205e+00	-3.589907e+01
1.760000e-06	-3.955887e-07	-4.772652e-10	-2.743133e+00	-3.518473e+01
1.770000e-06	-3.487202e-07	-4.663684e-10	-2.418133e+00	-3.444261e+01
1.780000e-06	-3.017997e-07	-4.560843e-10	-2.092771e+00	-3.367155e+01
1.790000e-06	-2.548260e-07	-4.463348e-10	-1.767041e+00	-3.287039e+01
1.800000e-06	-2.078115e-07	-4.368294e-10	-1.441029e+00	-3.203804e+01
1.810000e-06	-1.608243e-07	-4.253051e-10	-1.115205e+00	-3.117349e+01
1.820000e-06	-1.139443e-07	-4.116832e-10	-7.901249e-01	-3.027582e+01
1.830000e-06	-6.709963e-08	-3.976997e-10	-4.652894e-01	-2.934423e+01
1.840000e-06	-2.024312e-08	-3.846659e-10	-1.403720e-01	-2.837804e+01
1.850000e-06	2.661246e-08	-3.724300e-10	1.845390e-01	-2.737673e+01
1.860000e-06	7.345635e-08	-3.581803e-10	5.093688e-01	-2.633992e+01
1.870000e-06	1.203700e-07	-3.414829e-10	8.346824e-01	-2.526742e+01
1.880000e-06	1.673037e-07	-3.216762e-10	1.160135e+00	-2.415922e+01
1.890000e-06	2.141792e-07	-3.027369e-10	1.485184e+00	-2.301552e+01
1.900000e-06	2.610744e-07	-2.882678e-10	1.810370e+00	-2.183671e+01
1.910000e-06	3.078805e-07	-2.762053e-10	2.134938e+00	-2.062338e+01
1.920000e-06	3.546679e-07	-2.634649e-10	2.459376e+00	-1.937634e+01
1.930000e-06	4.015264e-07	-2.459512e-10	2.784307e+00	-1.809660e+01
1.940000e-06	4.483430e-07	-2.247966e-10	3.108948e+00	-1.678538e+01
1.950000e-06	4.951476e-07	-2.026897e-10	3.433505e+00	-1.544408e+01
1.960000e-06	5.419496e-07	-1.810716e-10	3.758045e+00	-1.407432e+01
1.970000e-06	5.886404e-07	-1.618306e-10	4.081813e+00	-1.267785e+01
1.980000e-06	6.352339e-07	-1.447820e-10	4.404906e+00	-1.125662e+01
1.990000e-06	6.818212e-07	-1.265827e-10	4.727957e+00	-9.812694e+00
2.000000e-06	7.283680e-07	-1.065917e-10	5.050727e+00	-8.348284e+00
2.010000e-06	7.748430e-07	-8.356036e-11	5.372999e+00	-6.865697e+00
2.020000e-06	8.212769e-07	-5.867778e-11	5.694985e+00	-5.367329e+00
2.030000e-06	8.676527e-07	-3.447098e-11	6.016570e+00	-3.855639e+00
2.040000e-06	9.139904e-07	-1.308252e-11	6.337889e+00	-2.333129e+00
2.050000e-06	9.602676e-07	6.938935e-12	6.658790e+00	-8.023191e-01
2.060000e-06	1.006420e-06	2.762216e-11	6.978824e+00	7.342712e-01
2.070000e-06	1.052484e-06	4.777447e-11	7.298250e+00	2.274147e+00
2.080000e-06	1.098462e-06	7.050798e-11	7.617075e+00	3.814856e+00
2.090000e-06	1.144368e-06	9.683976e-11	7.935397e+00	5.354011e+00
2.100000e-06	1.190198e-06	1.214805e-10	8.253200e+00	6.889302e+00
2.110000e-06	1.235952e-06	1.427319e-10	8.570468e+00	8.418517e+00
2.120000e-06	1.281630e-06	1.616584e-10	8.887218e+00	9.939552e+00
2.130000e-06	1.327254e-06	1.788441e-10	9.203587e+00	1.145042e+01
2.140000e-06	1.372810e-06	1.953005e-10	9.519488e+00	1.294928e+01
2.150000e-06	1.418207e-06	2.144028e-10	9.834286e+00	1.443440e+01
2.160000e-06	1.463451e-06	2.376572e-10	1.014802e+01	1.590422e+01
2.170000e-06	1.508575e-06	2.618520e-10	1.046092e+01	1.735729e+01
2.180000e-06	1.553632e-06	2.847569e-10	1.077336e+01	1.879232e+01
2.190000e-06	1.598568e-06	3.054213e-10	1.108496e+01	2.020817e+01
2.200000e-06	1.643259e-06	3.239466e-10	1.139486e+01	2.160381e+01
2.210000e-06	1.687789e-06	3.388620e-10	1.170365e+01	2.297836e+01
2.220000e-06	1.732312e-06	3.516603e-10	1.201238e+01	2.433104e+01
2.230000e-06	1.776762e-06	3.675315e-10	1.232061e+01	2.566120e+01
2.240000e-06	1.821048e-06	3.863070e-10	1.262771e+01	2.696828e+01
2.250000e-06	1.865186e-06	4.069919e-10	1.293377e+01	2.825183e+01
2.260000e-06	1.909264e-06	4.280242e-10	1.323942e+01	2.951145e+01
2.270000e-06	1.953295e-06	4.480974e-10	1.354474e+01	3.074682e+01
2.280000e-06	1.997233e-06	4.651297e-10	1.384942e+01	3.195769e+01
2.290000e-06	2.041124e-06	4.813593e-10	1.415378e+01	3.314384e+01
2.300000e-06	2.084947e-06	4.969460e-10	1.445766e+01	3.430510e+01
2.310000e-06	2.128690e-06	5.112873e-10	1.476099e+01	3.544130e+01
2.320000e-06	2.172370e-06	5.268546e-10	1.506388e+01	3.655233e+01
2.330000e-06	2.215926e-06	5.409146e-10	1.536591e+01	3.763806e+01
2.340000e-06	2.259320e-06	5.548143e-10	1.566682e+01	3.869837e+01
2.350000e-06	2.302556e-06	5.696802e-10	1.596663e+01	3.973315e+01
2.360000e-06	2.345617e-06	5.848641e-10	1.626523e+01	4.074231e+01
2.370000e-06	2.388462e-06	5.965903e-10	1.656233e+01	4.172571e+01
2.380000e-06	2.431014e-06	6.073980e-10	1.685740e+01	4.268326e+01
2.390000e-06	2.473214e-06	6.219691e-10	1.715003e+01	4.361485e+01
2.400000e-06	2.515038e-06	6.361867e-10	1.744004e+01	4.452036e+01
2.410000e-06	2.556541e-06	6.473626e-10	1.772784e+01	4.539972e+01
2.420000e-06	2.597742e-06	6.563319e-10	1.801354e+01	4.625282e+01
2.430000e-06	2.638638e-06	6.653775e-10	1.829712e+01	4.707962e+01
2.440000e-06	2.679287e-06	6.759479e-10	1.857899e+01	4.788007e+01
2.450000e-06	2.719755e-06	6.860807e-10	1.885961e+01	4.865418e+01
2.460000e-06	2.760065e-06	6.974673e-10	1.913913e+01	4.940196e+01
2.470000e-06	2.800184e-06	7.095531e-10	1.941733e+01	5.012351e+01
2.480000e-06	2.840137e-06	7.213277e-10	1.969438e+01	5.081895e+01
2.490000e-06	2.879970e-06	7.312577e-10	1.997059e+01	5.148846e+01
2.500000e-06	2.919723e-06	7.391394e-10	2.024626e+01	5.213229e+01
2.510000e-06	2.959317e-06	7.454657e-10	2.052081e+01	5.275075e+01
2.520000e-06	2.998670e-06	7.500955e-10	2.079369e+01	5.334419e+01
2.530000e-06	3.037874e-06	7.556580e-10	2.106555e+01	5.391307e+01
2.540000e-06	3.076992e-06	7.643872e-10	2.133680e+01	5.445788e+01
2.550000e-06	3.115878e-06	7.752057e-10	2.160646e+01	5.497919e+01
2.560000e-06	3.154477e-06	7.860845e-10	2.187411e+01	5.547762e+01
2.570000e-06	3.192849e-06	7.965075e-10	2.214020e+01	5.595387e+01
2.580000e-06	3.230944e-06	8.031491e-10	2.240435e+01	5.640868e+01
2.590000e-06	3.268798e-06	8.073248e-10	2.266685e+01	5.684281e+01
2.600000e-06	3.306463e-06	8.122037e-10	2.292803e+01	5.725710e+01
2.610000e-06	3.343908e-06	8.170659e-10	2.318769e+01	5.765239e+01
2.620000e-06	3.381164e-06	8.210944e-10	2.344603e+01	5.802956e+01
2.630000e-06	3.418241e-06	8.264913e-10	2.370313e+01	5.838948e+01
2.640000e-06	3.455104e-06	8.335675e-10	2.395875e+01	5.873304e+01
2.650000e-06	3.491694e-06	8.401301e-10	2.421247e+01	5.906113e+01
2.660000e-06	3.528009e-06	8.455853e-10	2.446430e+01	5.937460e+01
2.670000e-06	3.564147e-06	8.499147e-10	2.471489e+01	5.967429e+01
2.680000e-06	3.600113e-06	8.535953e-10	2.496429e+01	5.996101e+01
2.690000e-06	3.635905e-06	8.572347e-10	2.521248e+01	6.023552e+01
2.700000e-06	3.671530e-06	8.599946e-10	2.545951e+01	6.049854e+01
2.710000e-06	3.706962e-06	8.628555e-10	2.570521e+01	6.075074e+01
2.720000e-06	3.742180e-06	8.675746e-10	2.594943e+01	6.099273e+01
2.730000e-06	3.777068e-06	8.725032e-10	2.619135e+01	6.122506e+01
2.740000e-06	3.811408e-06	8.762177e-10	2.642947e+01	6.144822e+01
2.750000e-06	3.845351e-06	8.808654e-10	2.666485e+01	6.166266e+01
2.760000e-06	3.879004e-06	8.859365e-10	2.689820e+01	6.186874e+01
2.770000e-06	3.912171e-06	8.894595e-10	2.712819e+01	6.206679e+01
2.780000e-06	3.944912e-06	8.926562e-10	2.735523e+01	6.225708e+01
2.790000e-06	3.977307e-06	8.954678e-10	2.757986e+01	6.243982e+01
2.800000e-06	4.009401e-06	8.984237e-10	2.780242e+01	6.261520e+01
2.810000e-06	4.041268e-06	9.011937e-10	2.802339e+01	6.278335e+01
2.820000e-06	4.072996e-06	9.028818e-10	2.824340e+01	6.294439e+01
2.830000e-06	4.104601e-06	9.043872e-10	2.846256e+01	6.309842e+01
2.840000e-06	4.135958e-06	9.064801e-10	2.868000e+01	6.324552e+01
2.850000e-06	4.167045e-06	9.100817e-10	2.889556e+01	6.338575e+01
2.860000e-06	4.197909e-06	9.148167e-10	2.910959e+01	6.351920e+01
2.870000e-06	4.228507e-06	9.189787e-10	2.932177e+01	6.364594e+01
2.880000e-06	4.258762e-06	9.240674e-10	2.953156e+01	6.376607e+01
2.890000e-06	4.288636e-06	9.298800e-10	2.973872e+01	6.387970e+01
2.900000e-06	4.318167e-06	9.323317e-10	2.994349e+01	6.398698e+01
2.910000e-06	4.347438e-06	9.335896e-10	3.014647e+01	6.408806e+01
2.920000e-06	4.376483e-06	9.329284e-10	3.034787e+01	6.418315e+01
2.930000e-06	4.405277e-06	9.307990e-10	3.054754e+01	6.427246e+01
2.940000e-06	4.433702e-06	9.295366e-10	3.074465e+01	6.435625e+01
2.950000e-06	4.461780e-06	9.304415e-10	3.093935e+01	6.443482e+01
2.960000e-06	4.489696e-06	9.326679e-10	3.113293e+01	6.450847e+01
2.970000e-06	4.517474e-06	9.370438e-10	3.132555e+01	6.457753e+01
2.980000e-06	4.545096e-06	9.428756e-10	3.151709e+01	6.464236e+01
2.990000e-06	4.572454e-06	9.448040e-10	3.170680e+01	6.470334e+01
3.000000e-06	4.599414e-06	9.444744e-10	3.189374e+01	6.476084e+01
3.010000e-06	4.625841e-06	9.417441e-10	3.207700e+01	6.481524e+01
3.020000e-06	4.651742e-06	9.375584e-10	3.225661e+01	6.486691e+01
3.030000e-06	4.677198e-06	9.350689e-10	3.243313e+01	6.491622e+01
3.040000e-06	4.702093e-06	9.357496e-10	3.260576e+01	6.496352e+01
3.050000e-06	4.726475e-06	9.394399e-10	3.277483e+01	6.500911e+01
3.060000e-06	4.750520e-06	9.449544e-10	3.294156e+01	6.505330e+01
3.070000e-06	4.774321e-06	9.521440e-10	3.310661e+01	6.509633e+01
3.080000e-06	4.797871e-06	9.550125e-10	3.326991e+01	6.513840e+01
3.090000e-06	4.821097e-06	9.523887e-10	3.343096e+01	6.517969e+01
3.100000e-06	4.843937e-06	9.498538e-10	3.358935e+01	6.522030e+01
3.110000e-06	4.866421e-06	9.470214e-10	3.374525e+01	6.526029e+01
3.120000e-06	4.888567e-06	9.459587e-10	3.389882e+01	6.529967e+01
3.130000e-06	4.910417e-06	9.473146e-10	3.405034e+01	6.533841e+01
3.140000e-06	4.931993e-06	9.511078e-10	3.419995e+01	6.537640e+01
3.150000e-06	4.953317e-06	9.549216e-10	3.434782e+01	6.541352e+01
3.160000e-06	4.974317e-06	9.578832e-10	3.449344e+01	6.544957e+01
3.170000e-06	4.994842e-06	9.591188e-10	3.463577e+01	6.548434e+01
3.180000e-06	5.014987e-06	9.607511e-10	3.477546e+01	6.551757e+01
3.190000e-06	5.034936e-06	9.630484e-10	3.491379e+01	6.554900e+01
3.200000e-06	5.054702e-06	9.632432e-10	3.505085e+01	6.557833e+01
3.210000e-06	5.074175e-06	9.630586e-10	3.518588e+01	6.560525e+01
3.220000e-06	5.093426e-06	9.625266e-10	3.531938e+01	6.562946e+01
3.230000e-06	5.112373e-06	9.635875e-10	3.545076e+01	6.565067e+01
3.240000e-06	5.130809e-06	9.635499e-10	3.557860e+01	6.566859e+01
3.250000e-06	5.148794e-06	9.652172e-10	3.570332e+01	6.568296e+01
3.260000e-06	5.166378e-06	9.689529e-10	3.582525e+01	6.569356e+01
3.270000e-06	5.183655e-06	9.717577e-10	3.594505e+01	6.570020e+01
3.280000e-06	5.200649e-06	9.731259e-10	3.606289e+01	6.570274e+01
3.290000e-06	5.217341e-06	9.732519e-10	3.617864e+01	6.570107e+01
3.300000e-06	5.233675e-06	9.716346e-10	3.629191e+01	6.569516e+01
3.310000e-06	5.249509e-06	9.704273e-10	3.640170e+01	6.568501e+01
3.320000e-06	5.264836e-06	9.712500e-10	3.650799e+01	6.567070e+01
3.330000e-06	5.279721e-06	9.739798e-10	3.661121e+01	6.565235e+01
3.340000e-06	5.294218e-06	9.768076e-10	3.671173e+01	6.563015e+01
3.350000e-06	5.308307e-06	9.777271e-10	3.680943e+01	6.560434e+01
3.360000e-06	5.321993e-06	9.773498e-10	3.690433e+01	6.557520e+01
3.370000e-06	5.335320e-06	9.773139e-10	3.699675e+01	6.554307e+01
3.380000e-06	5.348257e-06	9.784906e-10	3.708645e+01	6.550834e+01
3.390000e-06	5.360832e-06	9.800821e-10	3.717365e+01	6.547140e+01
3.400000e-06	5.373051e-06	9.807904e-10	3.725838e+01	6.543270e+01
3.410000e-06	5.384918e-06	9.801973e-10	3.734067e+01	6.539270e+01
3.420000e-06	5.396449e-06	9.785965e-10	3.742063e+01	6.535187e+01
3.430000e-06	5.407561e-06	9.768976e-10	3.749769e+01	6.531067e+01
3.440000e-06	5.418123e-06	9.799136e-10	3.757093e+01	6.526958e+01
3.450000e-06	5.427986e-06	9.842136e-10	3.763932e+01	6.522905e+01
3.460000e-06	5.437228e-06	9.864705e-10	3.770341e+01	6.518950e+01
3.470000e-06	5.445927e-06	9.866621e-10	3.776373e+01	6.515133e+01
3.480000e-06	5.454176e-06	9.858617e-10	3.782093e+01	6.511492e+01
3.490000e-06	5.462159e-06	9.851963e-10	3.787629e+01	6.508057e+01
3.500000e-06	5.469886e-06	9.851134e-10	3.792986e+01	6.504857e+01
3.510000e-06	5.477376e-06	9.878725e-10	3.798180e+01	6.501912e+01
3.520000e-06	5.484530e-06	9.912985e-10	3.803141e+01	6.499241e+01
3.530000e-06	5.491240e-06	9.922925e-10	3.807794e+01	6.496852e+01
3.540000e-06	5.497566e-06	9.891804e-10	3.812180e+01	6.494751e+01
3.550000e-06	5.503541e-06	9.833797e-10	3.816324e+01	6.492938e+01
3.560000e-06	5.509092e-06	9.809538e-10	3.820173e+01	6.491404e+01
3.570000e-06	5.514195e-06	9.826043e-10	3.823712e+01	6.490137e+01
3.580000e-06	5.518904e-06	9.886516e-10	3.826977e+01	6.489121e+01
3.590000e-06	5.523237e-06	9.952838e-10	3.829982e+01	6.488333e+01
3.600000e-06	5.527313e-06	9.982921e-10	3.832808e+01	6.487745e+01
3.610000e-06	5.531164e-06	9.986239e-10	3.835479e+01	6.487328e+01
3.620000e-06	5.534711e-06	9.958457e-10	3.837938e+01	6.487048e+01
3.630000e-06	5.537884e-06	9.918539e-10	3.840139e+01	6.486868e+01
3.640000e-06	5.540639e-06	9.891594e-10	3.842049e+01	6.486750e+01
3.650000e-06	5.542918e-06	9.892284e-10	3.843629e+01	6.486655e+01
3.660000e-06	5.544575e-06	9.923852e-10	3.844779e+01	6.486542e+01
3.670000e-06	5.545581e-06	9.979444e-10	3.845476e+01	6.486372e+01
3.680000e-06	5.546112e-06	1.003752e-09	3.845844e+01	6.486104e+01
3.690000e-06	5.546337e-06	1.005652e-09	3.846000e+01	6.485699e+01
3.700000e-06	5.546323e-06	1.005986e-09	3.845990e+01	6.485120e+01
3.710000e-06	5.546026e-06	1.007128e-09	3.845784e+01	6.484333e+01
3.720000e-06	5.545412e-06	1.006455e-09	3.845359e+01	6.483303e+01
3.730000e-06	5.544424e-06	1.003680e-09	3.844674e+01	6.482001e+01
3.740000e-06	5.543018e-06	1.001022e-09	3.843699e+01	6.480398e+01
3.750000e-06	5.541232e-06	9.996871e-10	3.842460e+01	6.478470e+01
3.760000e-06	5.539102e-06	9.999672e-10	3.840983e+01	6.476194e+01
3.770000e-06	5.536662e-06	1.009810e-09	3.839291e+01	6.473553e+01
3.780000e-06	5.533772e-06	1.037053e-09	3.837287e+01	6.470530e+01
3.790000e-06	5.530345e-06	1.030279e-09	3.834911e+01	6.467111e+01
3.800000e-06	5.526444e-06	9.701220e-10	3.832206e+01	6.463288e+01
3.810000e-06	5.522182e-06	9.962743e-10	3.829250e+01	6.459051e+01
3.820000e-06	5.517730e-06	1.076334e-09	3.826163e+01	6.454396e+01
3.830000e-06	5.513133e-06	1.074969e-09	3.822975e+01	6.449320e+01
3.840000e-06	5.508168e-06	9.835428e-10	3.819532e+01	6.443820e+01
3.850000e-06	5.502494e-06	9.185566e-10	3.815598e+01	6.437898e+01
3.860000e-06	5.496215e-06	9.802731e-10	3.811244e+01	6.431556e+01
3.870000e-06	5.489709e-06	1.017427e-09	3.806732e+01	6.424798e+01
3.880000e-06	5.482886e-06	9.482504e-10	3.802001e+01	6.417628e+01
3.890000e-06	5.475515e-06	9.161644e-10	3.796890e+01	6.410051e+01
3.900000e-06	5.467650e-06	1.008846e-09	3.791436e+01	6.402076e+01
3.910000e-06	5.459454e-06	1.035169e-09	3.785753e+01	6.393710e+01
3.920000e-06	5.451015e-06	9.203520e-10	3.779901e+01	6.384962e+01
3.930000e-06	5.442146e-06	8.739959e-10	3.773751e+01	6.375841e+01
3.940000e-06	5.432912e-06	9.749437e-10	3.767348e+01	6.366360e+01
3.950000e-06	5.423497e-06	1.019911e-09	3.760819e+01	6.356530e+01
3.960000e-06	5.413650e-06	9.542707e-10	3.753991e+01	6.346365e+01
3.970000e-06	5.403214e-06	9.301387e-10	3.746754e+01	6.335879e+01
3.980000e-06	5.392381e-06	9.820888e-10	3.739242e+01	6.325088e+01
3.990000e-06	5.381318e-06	9.792521e-10	3.731571e+01	6.314009e+01
4.000000e-06	5.369807e-06	9.359829e-10	3.723589e+01	6.302663e+01
4.010000e-06	5.357796e-06	9.417528e-10	3.715260e+01	6.291070e+01
4.020000e-06	5.345371e-06	9.703490e-10	3.706644e+01	6.279252e+01
4.030000e-06	5.332421e-06	9.769490e-10	3.697664e+01	6.267235e+01
4.040000e-06	5.318901e-06	9.573045e-10	3.688289e+01	6.255043e+01
4.050000e-06	5.304906e-06	9.424016e-10	3.678584e+01	6.242705e+01
4.060000e-06	5.290556e-06	9.434633e-10	3.668633e+01	6.230251e+01
4.070000e-06	5.275668e-06	9.535476e-10	3.658310e+01	6.217711e+01
4.080000e-06	5.260147e-06	9.311472e-10	3.647547e+01	6.205118e+01
4.090000e-06	5.244244e-06	9.320192e-10	3.636520e+01	6.192503e+01
4.100000e-06	5.228124e-06	9.766110e-10	3.625342e+01	6.179902e+01
4.110000e-06	5.211698e-06	9.558004e-10	3.613951e+01	6.167348e+01
4.120000e-06	5.194936e-06	8.853961e-10	3.602328e+01	6.154875e+01
4.130000e-06	5.177907e-06	9.241121e-10	3.590519e+01	6.142517e+01
4.140000e-06	5.160482e-06	9.700393e-10	3.578436e+01	6.130306e+01
4.150000e-06	5.142580e-06	8.920832e-10	3.566023e+01	6.118273e+01
4.160000e-06	5.124329e-06	8.744575e-10	3.553367e+01	6.106449e+01
4.170000e-06	5.105803e-06	9.738036e-10	3.540520e+01	6.094860e+01
4.180000e-06	5.086942e-06	9.376000e-10	3.527441e+01	6.083530e+01
4.190000e-06	5.067766e-06	8.536209e-10	3.514144e+01	6.072483e+01
4.200000e-06	5.048282e-06	9.419768e-10	3.500633e+01	6.061735e+01
4.210000e-06	5.028493e-06	9.760310e-10	3.486912e+01	6.051302e+01
4.220000e-06	5.008470e-06	8.515589e-10	3.473026e+01	6.041194e+01
4.230000e-06	4.988202e-06	8.772132e-10	3.458972e+01	6.031418e+01
4.240000e-06	4.967571e-06	9.845721e-10	3.444666e+01	6.021976e+01
4.250000e-06	4.946465e-06	9.043051e-10	3.430031e+01	6.012866e+01
4.260000e-06	4.924905e-06	8.522000e-10	3.415080e+01	6.004082e+01
4.270000e-06	4.902852e-06	9.539886e-10	3.399788e+01	5.995614e+01
4.280000e-06	4.880117e-06	9.426980e-10	3.384023e+01	5.987448e+01
4.290000e-06	4.856821e-06	8.658433e-10	3.367868e+01	5.979566e+01
4.300000e-06	4.833239e-06	9.314984e-10	3.351516e+01	5.971947e+01
4.310000e-06	4.809410e-06	9.628216e-10	3.334992e+01	5.964568e+01
4.320000e-06	4.785331e-06	8.904055e-10	3.318296e+01	5.957402e+01
4.330000e-06	4.760986e-06	9.035407e-10	3.301413e+01	5.950421e+01
4.340000e-06	4.736381e-06	9.463276e-10	3.284352e+01	5.943595e+01
4.350000e-06	4.711572e-06	8.971675e-10	3.267149e+01	5.936894e+01
4.360000e-06	4.686450e-06	8.816500e-10	3.249728e+01	5.930288e+01
4.370000e-06	4.660905e-06	9.203215e-10	3.232015e+01	5.923745e+01
4.380000e-06	4.635006e-06	9.072317e-10	3.214055e+01	5.917236e+01
4.390000e-06	4.608793e-06	8.900706e-10	3.195879e+01	5.910734e+01
4.400000e-06	4.582269e-06	9.200068e-10	3.177486e+01	5.904210e+01
4.410000e-06	4.555327e-06	9.209865e-10	3.158804e+01	5.897640e+01
4.420000e-06	4.528012e-06	8.939174e-10	3.139862e+01	5.891003e+01
4.430000e-06	4.500461e-06	8.955564e-10	3.120758e+01	5.884279e+01
4.440000e-06	4.472673e-06	9.057772e-10	3.101489e+01	5.877451e+01
4.450000e-06	4.444711e-06	8.955627e-10	3.082099e+01	5.870507e+01
4.460000e-06	4.416588e-06	8.896481e-10	3.062598e+01	5.863436e+01
4.470000e-06	4.388246e-06	8.964490e-10	3.042944e+01	5.856230e+01
4.480000e-06	4.359640e-06	8.998126e-10	3.023108e+01	5.848887e+01
4.490000e-06	4.330673e-06	8.963862e-10	3.003022e+01	5.841403e+01
4.500000e-06	4.301167e-06	8.950117e-10	2.982561e+01	5.833780e+01
4.510000e-06	4.271122e-06	8.934829e-10	2.961727e+01	5.826021e+01
4.520000e-06	4.240530e-06	8.897977e-10	2.940514e+01	5.818130e+01
4.530000e-06	4.209443e-06	8.884496e-10	2.918957e+01	5.810114e+01
4.540000e-06	4.178012e-06	8.863376e-10	2.897161e+01	5.801979e+01
4.550000e-06	4.146253e-06	8.818433e-10	2.875139e+01	5.793732e+01
4.560000e-06	4.114319e-06	8.814448e-10	2.852995e+01	5.785381e+01
4.570000e-06	4.082290e-06	8.824295e-10	2.830785e+01	5.776932e+01
4.580000e-06	4.050053e-06	8.800993e-10	2.808431e+01	5.768391e+01
4.590000e-06	4.017551e-06	8.869270e-10	2.785893e+01	5.759763e+01
4.600000e-06	3.984717e-06	8.971308e-10	2.763125e+01	5.751048e+01
4.610000e-06	3.951543e-06	8.937622e-10	2.740121e+01	5.742249e+01
4.620000e-06	3.918130e-06	8.888797e-10	2.716952e+01	5.733364e+01
4.630000e-06	3.884462e-06	8.912164e-10	2.693605e+01	5.724388e+01
4.640000e-06	3.850571e-06	8.853714e-10	2.670104e+01	5.715315e+01
4.650000e-06	3.816461e-06	8.766624e-10	2.646451e+01	5.706137e+01
4.660000e-06	3.782056e-06	8.790956e-10	2.622593e+01	5.696842e+01
4.670000e-06	3.747367e-06	8.837866e-10	2.598539e+01	5.687416e+01
4.680000e-06	3.712390e-06	8.816889e-10	2.574285e+01	5.677846e+01
4.690000e-06	3.677108e-06	8.871830e-10	2.549820e+01	5.668113e+01
4.700000e-06	3.641596e-06	8.956347e-10	2.525194e+01	5.658199e+01
4.710000e-06	3.605909e-06	8.917735e-10	2.500448e+01	5.648086e+01
4.720000e-06	3.570101e-06	8.837971e-10	2.475617e+01	5.637754e+01
4.730000e-06	3.534174e-06	8.853347e-10	2.450705e+01	5.627184e+01
4.740000e-06	3.498116e-06	8.850293e-10	2.425701e+01	5.616357e+01
4.750000e-06	3.461953e-06	8.776177e-10	2.400624e+01	5.605254e+01
4.760000e-06	3.425591e-06	8.755909e-10	2.375410e+01	5.593860e+01
4.770000e-06	3.388806e-06	8.782356e-10	2.349902e+01	5.582159e+01
4.780000e-06	3.351613e-06	8.765973e-10	2.324111e+01	5.570139e+01
4.790000e-06	3.314124e-06	8.767978e-10	2.298115e+01	5.557790e+01
4.800000e-06	3.276277e-06	8.816055e-10	2.271871e+01	5.545104e+01
4.810000e-06	3.238004e-06	8.793431e-10	2.245332e+01	5.532077e+01
4.820000e-06	3.199294e-06	8.723541e-10	2.218489e+01	5.518708e+01
4.830000e-06	3.160228e-06	8.723176e-10	2.191399e+01	5.504998e+01
4.840000e-06	3.120910e-06	8.726156e-10	2.164135e+01	5.490951e+01
4.850000e-06	3.081353e-06	8.674681e-10	2.136705e+01	5.476574e+01
4.860000e-06	3.041573e-06	8.637668e-10	2.109120e+01	5.461877e+01
4.870000e-06	3.001661e-06	8.628639e-10	2.081444e+01	5.446870e+01
4.880000e-06	2.961661e-06	8.596196e-10	2.053706e+01	5.431568e+01
4.890000e-06	2.921580e-06	8.589988e-10	2.025913e+01	5.415984e+01
4.900000e-06	2.881350e-06	8.650950e-10	1.998016e+01	5.400134e+01
4.910000e-06	2.840995e-06	8.673281e-10	1.970033e+01	5.384031e+01
4.920000e-06	2.800490e-06	8.655496e-10	1.941946e+01	5.367690e+01
4.930000e-06	2.759676e-06	8.659513e-10	1.913644e+01	5.351125e+01
4.940000e-06	2.718641e-06	8.621322e-10	1.885189e+01	5.334346e+01
4.950000e-06	2.677438e-06	8.517089e-10	1.856618e+01	5.317363e+01
4.960000e-06	2.636019e-06	8.432816e-10	1.827897e+01	5.300182e+01
4.970000e-06	2.594470e-06	8.413757e-10	1.799085e+01	5.282806e+01
4.980000e-06	2.552773e-06	8.431122e-10	1.770171e+01	5.265233e+01
4.990000e-06	2.510876e-06	8.462491e-10	1.741118e+01	5.247459e+01
5.000000e-06	2.468821e-06	8.507084e-10	1.711956e+01	5.229474e+01
5.010000e-06	2.426698e-06	8.489906e-10	1.682747e+01	5.211264e+01
5.020000e-06	2.384430e-06	8.414462e-10	1.653437e+01	5.192810e+01
5.030000e-06	2.341877e-06	8.339476e-10	1.623929e+01	5.174090e+01
5.040000e-06	2.299106e-06	8.292725e-10	1.594271e+01	5.155076e+01
5.050000e-06	2.256199e-06	8.236665e-10	1.564518e+01	5.135736e+01
5.060000e-06	2.213133e-06	8.202889e-10	1.534654e+01	5.116034e+01
5.070000e-06	2.169923e-06	8.195973e-10	1.504691e+01	5.095932e+01
5.080000e-06	2.126597e-06	8.183364e-10	1.474648e+01	5.075388e+01
5.090000e-06	2.083062e-06	8.154272e-10	1.444459e+01	5.054357e+01
5.100000e-06	2.039326e-06	8.125352e-10	1.414131e+01	5.032793e+01
5.110000e-06	1.995514e-06	8.106267e-10	1.383751e+01	5.010649e+01
5.120000e-06	1.951686e-06	8.087352e-10	1.353359e+01	4.987875e+01
5.130000e-06	1.907776e-06	8.063387e-10	1.322910e+01	4.964425e+01
5.140000e-06	1.863769e-06	8.016955e-10	1.292395e+01	4.940249e+01
5.150000e-06	1.819738e-06	7.941279e-10	1.261862e+01	4.915301e+01
5.160000e-06	1.775699e-06	7.860595e-10	1.231324e+01	4.889536e+01
5.170000e-06	1.731573e-06	7.811530e-10	1.200726e+01	4.862909e+01
5.180000e-06	1.687350e-06	7.798446e-10	1.170060e+01	4.835379e+01
5.190000e-06	1.643019e-06	7.788075e-10	1.139320e+01	4.806907e+01
5.200000e-06	1.598562e-06	7.793957e-10	1.108492e+01	4.777454e+01
5.210000e-06	1.553952e-06	7.790963e-10	1.077558e+01	4.746987e+01
5.220000e-06	1.509208e-06	7.740731e-10	1.046531e+01	4.715472e+01
5.230000e-06	1.464458e-06	7.684171e-10	1.015500e+01	4.682876e+01
5.240000e-06	1.419637e-06	7.615711e-10	9.844201e+00	4.649172e+01
5.250000e-06	1.374645e-06	7.528030e-10	9.532211e+00	4.614328e+01
5.260000e-06	1.329430e-06	7.445763e-10	9.218673e+00	4.578315e+01
5.270000e-06	1.284044e-06	7.412064e-10	8.903955e+00	4.541105e+01
5.280000e-06	1.238622e-06	7.397076e-10	8.588984e+00	4.502665e+01
5.290000e-06	1.193092e-06	7.382407e-10	8.273264e+00	4.462963e+01
5.300000e-06	1.147421e-06	7.341621e-10	7.956571e+00	4.421962e+01
5.310000e-06	1.101767e-06	7.280946e-10	7.639987e+00	4.379623e+01
5.320000e-06	1.056088e-06	7.201067e-10	7.323238e+00	4.335901e+01
5.330000e-06	1.010283e-06	7.108774e-10	7.005611e+00	4.290747e+01
5.340000e-06	9.643423e-07	7.020625e-10	6.687045e+00	4.244106e+01
5.350000e-06	9.182443e-07	6.934030e-10	6.367388e+00	4.195915e+01
5.360000e-06	8.720285e-07	6.848752e-10	6.046913e+00	4.146107e+01
5.370000e-06	8.258387e-07	6.774358e-10	5.726619e+00	4.094605e+01
5.380000e-06	7.796410e-07	6.707626e-10	5.406270e+00	4.041327e+01
5.390000e-06	7.333782e-07	6.650780e-10	5.085469e+00	3.986184e+01
5.400000e-06	6.871104e-07	6.573928e-10	4.764634e+00	3.929077e+01
5.410000e-06	6.407522e-07	6.463862e-10	4.443172e+00	3.869906e+01
5.420000e-06	5.943226e-07	6.352196e-10	4.121215e+00	3.808560e+01
5.430000e-06	5.478779e-07	6.234221e-10	3.799153e+00	3.744926e+01
5.440000e-06	5.013951e-07	6.095101e-10	3.476827e+00	3.678887e+01
5.450000e-06	4.548704e-07	5.965133e-10	3.154211e+00	3.610323e+01
5.460000e-06	4.083334e-07	5.863805e-10	2.831509e+00	3.539114e+01
5.470000e-06	3.617954e-07	5.772000e-10	2.508800e+00	3.465137e+01
5.480000e-06	3.152474e-07	5.689858e-10	2.186022e+00	3.388275e+01
5.490000e-06	2.686846e-07	5.593476e-10	1.863141e+00	3.308412e+01
5.500000e-06	2.221372e-07	5.463705e-10	1.540367e+00	3.225439e+01
5.510000e-06	1.755765e-07	5.316871e-10	1.217501e+00	3.139255e+01
5.520000e-06	1.290172e-07	5.182887e-10	8.946447e-01	3.049766e+01
5.530000e-06	8.244885e-08	5.028562e-10	5.717256e-01	2.956891e+01
5.540000e-06	3.581987e-08	4.849426e-10	2.483859e-01	2.860561e+01
5.550000e-06	-1.073023e-08	4.689626e-10	-7.440667e-02	2.760722e+01
5.560000e-06	-5.722939e-08	4.535476e-10	-3.968462e-01	2.657337e+01
5.570000e-06	-1.038121e-07	4.360030e-10	-7.198647e-01	2.550383e+01
5.580000e-06	-1.503811e-07	4.184050e-10	-1.042789e+00	2.439859e+01
5.590000e-06	-1.969210e-07	4.016906e-10	-1.365511e+00	2.325782e+01
5.600000e-06	-2.435499e-07	3.859248e-10	-1.688849e+00	2.208190e+01
5.610000e-06	-2.901624e-07	3.685641e-10	-2.012075e+00	2.087140e+01
5.620000e-06	-3.366741e-07	3.486449e-10	-2.334602e+00	1.962712e+01
5.630000e-06	-3.831338e-07	3.250527e-10	-2.656767e+00	1.835004e+01
5.640000e-06	-4.295392e-07	3.006286e-10	-2.978556e+00	1.704138e+01
5.650000e-06	-4.759566e-07	2.765561e-10	-3.300429e+00	1.570252e+01
5.660000e-06	-5.223953e-07	2.519654e-10	-3.622449e+00	1.433505e+01
5.670000e-06	-5.687330e-07	2.297098e-10	-3.943769e+00	1.294072e+01
5.680000e-06	-6.149573e-07	2.088241e-10	-4.264303e+00	1.152145e+01
5.690000e-06	-6.611683e-07	1.861964e-10	-4.584744e+00	1.007932e+01
5.700000e-06	-7.073960e-07	1.618886e-10	-4.905301e+00	8.616518e+00
5.710000e-06	-7.536289e-07	1.362045e-10	-5.225894e+00	7.135341e+00
5.720000e-06	-7.998422e-07	1.102516e-10	-5.546351e+00	5.638179e+00
5.730000e-06	-8.459733e-07	8.478754e-11	-5.866238e+00	4.127489e+00
5.740000e-06	-8.920137e-07	5.882601e-11	-6.185496e+00	2.605770e+00
5.750000e-06	-9.379988e-07	3.361619e-11	-6.504372e+00	1.075540e+00
5.760000e-06	-9.839331e-07	1.046327e-11	-6.822894e+00	-4.606793e-01
5.770000e-06	-1.029805e-06	-1.139334e-11	-7.140985e+00	-2.000391e+00
5.780000e-06	-1.075572e-06	-3.693886e-11	-7.458345e+00	-3.541138e+00
5.790000e-06	-1.121189e-06	-6.556200e-11	-7.774665e+00	-5.080527e+00
5.800000e-06	-1.166670e-06	-9.243579e-11	-8.090044e+00	-6.616241e+00
5.810000e-06	-1.212022e-06	-1.175181e-10	-8.404535e+00	-8.146059e+00
5.820000e-06	-1.257298e-06	-1.415091e-10	-8.718490e+00	-9.667869e+00
5.830000e-06	-1.302417e-06	-1.639953e-10	-9.031360e+00	-1.117968e+01
5.840000e-06	-1.347368e-06	-1.877403e-10	-9.343060e+00	-1.267962e+01
5.850000e-06	-1.392268e-06	-2.153263e-10	-9.654414e+00	-1.416596e+01
5.860000e-06	-1.437118e-06	-2.447756e-10	-9.965414e+00	-1.563712e+01
5.870000e-06	-1.481895e-06	-2.721136e-10	-1.027591e+01	-1.709166e+01
5.880000e-06	-1.526601e-06	-2.978461e-10	-1.058592e+01	-1.852826e+01
5.890000e-06	-1.571159e-06	-3.215727e-10	-1.089490e+01	-1.994576e+01
5.900000e-06	-1.615581e-06	-3.427327e-10	-1.120293e+01	-2.134313e+01
5.910000e-06	-1.659912e-06	-3.626108e-10	-1.151034e+01	-2.271948e+01
5.920000e-06	-1.704125e-06	-3.842481e-10	-1.181692e+01	-2.407403e+01
5.930000e-06	-1.748288e-06	-4.071750e-10	-1.212317e+01	-2.540610e+01
5.940000e-06	-1.792405e-06	-4.320862e-10	-1.242909e+01	-2.671514e+01
5.950000e-06	-1.836454e-06	-4.588681e-10	-1.273454e+01	-2.800068e+01
5.960000e-06	-1.880442e-06	-4.841186e-10	-1.303956e+01	-2.926232e+01
5.970000e-06	-1.924363e-06	-5.055643e-10	-1.334412e+01	-3.049974e+01
5.980000e-06	-1.968186e-06	-5.229622e-10	-1.364800e+01	-3.171268e+01
5.990000e-06	-2.011900e-06	-5.393325e-10	-1.395113e+01	-3.290091e+01
6.000000e-06	-2.055531e-06	-5.549486e-10	-1.425368e+01	-3.406426e+01
6.010000e-06	-2.099011e-06	-5.701243e-10	-1.455519e+01	-3.520258e+01
6.020000e-06	-2.142310e-06	-5.874209e-10	-1.485543e+01	-3.631572e+01
6.030000e-06	-2.185455e-06	-6.083711e-10	-1.515462e+01	-3.740357e+01
6.040000e-06	-2.228460e-06	-6.307412e-10	-1.545283e+01	-3.846602e+01
6.050000e-06	-2.271299e-06	-6.516796e-10	-1.574988e+01	-3.950295e+01
6.060000e-06	-2.313928e-06	-6.692239e-10	-1.604548e+01	-4.051426e+01
6.070000e-06	-2.356385e-06	-6.839011e-10	-1.633990e+01	-4.149983e+01
6.080000e-06	-2.398717e-06	-6.967780e-10	-1.663344e+01	-4.245956e+01
6.090000e-06	-2.440856e-06	-7.094987e-10	-1.692565e+01	-4.339333e+01
6.100000e-06	-2.482784e-06	-7.220741e-10	-1.721638e+01	-4.430103e+01
6.110000e-06	-2.524556e-06	-7.343961e-10	-1.750605e+01	-4.518259e+01
6.120000e-06	-2.566195e-06	-7.486225e-10	-1.779478e+01	-4.603790e+01
6.130000e-06	-2.607716e-06	-7.656753e-10	-1.808271e+01	-4.686690e+01
6.140000e-06	-2.649068e-06	-7.835552e-10	-1.836945e+01	-4.766957e+01
6.150000e-06	-2.690208e-06	-7.987797e-10	-1.865473e+01	-4.844588e+01
6.160000e-06	-2.731055e-06	-8.104204e-10	-1.893797e+01	-4.919587e+01
6.170000e-06	-2.771625e-06	-8.213954e-10	-1.921930e+01	-4.991962e+01
6.180000e-06	-2.812027e-06	-8.335159e-10	-1.949946e+01	-5.061724e+01
6.190000e-06	-2.852338e-06	-8.453533e-10	-1.977899e+01	-5.128892e+01
6.200000e-06	-2.892604e-06	-8.566376e-10	-2.005820e+01	-5.193490e+01
6.210000e-06	-2.932754e-06	-8.675387e-10	-2.033661e+01	-5.255547e+01
6.220000e-06	-2.972726e-06	-8.767152e-10	-2.061379e+01	-5.315100e+01
6.230000e-06	-3.012524e-06	-8.830257e-10	-2.088976e+01	-5.372192e+01
6.240000e-06	-3.052151e-06	-8.894392e-10	-2.116455e+01	-5.426873e+01
6.250000e-06	-3.091637e-06	-8.975087e-10	-2.143836e+01	-5.479199e+01
6.260000e-06	-3.130982e-06	-9.060037e-10	-2.171119e+01	-5.529232e+01
6.270000e-06	-3.170041e-06	-9.154167e-10	-2.198204e+01	-5.577041e+01
6.280000e-06	-3.208760e-06	-9.241606e-10	-2.225053e+01	-5.622698e+01
6.290000e-06	-3.247189e-06	-9.313402e-10	-2.251700e+01	-5.666282e+01
6.300000e-06	-3.285173e-06	-9.362992e-10	-2.278040e+01	-5.707875e+01
6.310000e-06	-3.322640e-06	-9.390376e-10	-2.304020e+01	-5.747560e+01
6.320000e-06	-3.359701e-06	-9.431019e-10	-2.329720e+01	-5.785426e+01
6.330000e-06	-3.396404e-06	-9.497637e-10	-2.355170e+01	-5.821560e+01
6.340000e-06	-3.432848e-06	-9.569059e-10	-2.380442e+01	-5.856051e+01
6.350000e-06	-3.469114e-06	-9.642350e-10	-2.405590e+01	-5.888987e+01
6.360000e-06	-3.505197e-06	-9.718181e-10	-2.430611e+01	-5.920454e+01
6.370000e-06	-3.541142e-06	-9.781241e-10	-2.455537e+01	-5.950537e+01
6.380000e-06	-3.576917e-06	-9.823568e-10	-2.480344e+01	-5.979315e+01
6.390000e-06	-3.612446e-06	-9.859000e-10	-2.504981e+01	-6.006866e+01
6.400000e-06	-3.647779e-06	-9.907473e-10	-2.529482e+01	-6.033263e+01
6.410000e-06	-3.682945e-06	-9.963098e-10	-2.553867e+01	-6.058572e+01
6.420000e-06	-3.717847e-06	-1.000825e-09	-2.578069e+01	-6.082855e+01
6.430000e-06	-3.752477e-06	-1.003739e-09	-2.602082e+01	-6.106168e+01
6.440000e-06	-3.786852e-06	-1.006157e-09	-2.625919e+01	-6.128561e+01
6.450000e-06	-3.820947e-06	-1.008873e-09	-2.649562e+01	-6.150078e+01
6.460000e-06	-3.854852e-06	-1.012118e-09	-2.673073e+01	-6.170756e+01
6.470000e-06	-3.888472e-06	-1.014961e-09	-2.696385e+01	-6.190628e+01
6.480000e-06	-3.921702e-06	-1.018269e-09	-2.719428e+01	-6.209722e+01
6.490000e-06	-3.954624e-06	-1.022525e-09	-2.742258e+01	-6.228060e+01
6.500000e-06	-3.987338e-06	-1.025636e-09	-2.764942e+01	-6.245660e+01
6.510000e-06	-4.019802e-06	-1.027499e-09	-2.787454e+01	-6.262536e+01
6.520000e-06	-4.051990e-06	-1.028391e-09	-2.809774e+01	-6.278701e+01
6.530000e-06	-4.083969e-06	-1.029253e-09	-2.831949e+01	-6.294164e+01
6.540000e-06	-4.115719e-06	-1.030673e-09	-2.853965e+01	-6.308932e+01
6.550000e-06	-4.147228e-06	-1.033141e-09	-2.875815e+01	-6.323014e+01
6.560000e-06	-4.178422e-06	-1.038498e-09	-2.897446e+01	-6.336416e+01
6.570000e-06	-4.209328e-06	-1.043921e-09	-2.918877e+01	-6.349147e+01
6.580000e-06	-4.239846e-06	-1.046436e-09	-2.940039e+01	-6.361216e+01
6.590000e-06	-4.269834e-06	-1.046882e-09	-2.960834e+01	-6.372635e+01
6.600000e-06	-4.299317e-06	-1.046688e-09	-2.981278e+01	-6.383416e+01
6.610000e-06	-4.328300e-06	-1.047513e-09	-3.001376e+01	-6.393577e+01
6.620000e-06	-4.356856e-06	-1.048243e-09	-3.021178e+01	-6.403136e+01
6.630000e-06	-4.385146e-06	-1.048744e-09	-3.040795e+01	-6.412116e+01
6.640000e-06	-4.413274e-06	-1.047423e-09	-3.060299e+01	-6.420543e+01
6.650000e-06	-4.441237e-06	-1.047520e-09	-3.079690e+01	-6.428443e+01
6.660000e-06	-4.469042e-06	-1.046780e-09	-3.098971e+01	-6.435849e+01
6.670000e-06	-4.496582e-06	-1.045746e-09	-3.118068e+01	-6.442793e+01
6.680000e-06	-4.523721e-06	-1.048369e-09	-3.136887e+01	-6.449312e+01
6.690000e-06	-4.550535e-06	-1.050847e-09	-3.155480e+01	-6.455442e+01
6.700000e-06	-4.577051e-06	-1.052540e-09	-3.173867e+01	-6.461221e+01
6.710000e-06	-4.603198e-06	-1.050918e-09	-3.191998e+01	-6.466687e+01
6.720000e-06	-4.628982e-06	-1.048718e-09	-3.209878e+01	-6.471877e+01
6.730000e-06	-4.654481e-06	-1.046139e-09	-3.227560e+01	-6.476828e+01
6.740000e-06	-4.679696e-06	-1.045140e-09	-3.245045e+01	-6.481574e+01
6.750000e-06	-4.704605e-06	-1.046095e-09	-3.262317e+01	-6.486149e+01
6.760000e-06	-4.729228e-06	-1.048134e-09	-3.279392e+01	-6.490580e+01
6.770000e-06	-4.753559e-06	-1.050668e-09	-3.296263e+01	-6.494893e+01
6.780000e-06	-4.777670e-06	-1.051658e-09	-3.312983e+01	-6.499109e+01
6.790000e-06	-4.801574e-06	-1.050647e-09	-3.329558e+01	-6.503245e+01
6.800000e-06	-4.825214e-06	-1.049358e-09	-3.345952e+01	-6.507313e+01
6.810000e-06	-4.848477e-06	-1.044827e-09	-3.362083e+01	-6.511319e+01
6.820000e-06	-4.871261e-06	-1.039578e-09	-3.377882e+01	-6.515264e+01
6.830000e-06	-4.893435e-06	-1.038104e-09	-3.393258e+01	-6.519145e+01
6.840000e-06	-4.914897e-06	-1.038586e-09	-3.408140e+01	-6.522952e+01
6.850000e-06	-4.935936e-06	-1.041387e-09	-3.422729e+01	-6.526673e+01
6.860000e-06	-4.956629e-06	-1.045361e-09	-3.437079e+01	-6.530289e+01
6.870000e-06	-4.976925e-06	-1.049196e-09	-3.451152e+01	-6.533779e+01
6.880000e-06	-4.997040e-06	-1.050379e-09	-3.465101e+01	-6.537118e+01
6.890000e-06	-5.016983e-06	-1.049369e-09	-3.478930e+01	-6.540279e+01
6.900000e-06	-5.036688e-06	-1.046833e-09	-3.492594e+01	-6.543232e+01
6.910000e-06	-5.056065e-06	-1.043126e-09	-3.506030e+01	-6.545946e+01
6.920000e-06	-5.075057e-06	-1.039887e-09	-3.519200e+01	-6.548393e+01
6.930000e-06	-5.093695e-06	-1.038522e-09	-3.532124e+01	-6.550541e+01
6.940000e-06	-5.111997e-06	-1.038168e-09	-3.544815e+01	-6.552363e+01
6.950000e-06	-5.129961e-06	-1.037640e-09	-3.557272e+01	-6.553832e+01
6.960000e-06	-5.147625e-06	-1.038374e-09	-3.569521e+01	-6.554926e+01
6.970000e-06	-5.164975e-06	-1.038405e-09	-3.581552e+01	-6.555625e+01
6.980000e-06	-5.181952e-06	-1.036421e-09	-3.593324e+01	-6.555915e+01
6.990000e-06	-5.198496e-06	-1.035800e-09	-3.604797e+01	-6.555785e+01
7.000000e-06	-5.214700e-06	-1.035028e-09	-3.616033e+01	-6.555231e+01
7.010000e-06	-5.230699e-06	-1.031933e-09	-3.627127e+01	-6.554252e+01
7.020000e-06	-5.246377e-06	-1.027558e-09	-3.637998e+01	-6.552857e+01
7.030000e-06	-5.261764e-06	-1.025234e-09	-3.648669e+01	-6.551057e+01
7.040000e-06	-5.276702e-06	-1.021956e-09	-3.659027e+01	-6.548870e+01
7.050000e-06	-5.290915e-06	-1.020526e-09	-3.668882e+01	-6.546319e+01
7.060000e-06	-5.304417e-06	-1.022054e-09	-3.678246e+01	-6.543433e+01
7.070000e-06	-5.317361e-06	-1.023008e-09	-3.687221e+01	-6.540246e+01
7.080000e-06	-5.329934e-06	-1.022639e-09	-3.695940e+01	-6.536794e+01
7.090000e-06	-5.342177e-06	-1.020747e-09	-3.704430e+01	-6.533118e+01
7.100000e-06	-5.354073e-06	-1.018020e-09	-3.712678e+01	-6.529263e+01
7.110000e-06	-5.365573e-06	-1.014299e-09	-3.720653e+01	-6.525274e+01
7.120000e-06	-5.376594e-06	-1.010804e-09	-3.728295e+01	-6.521197e+01
7.130000e-06	-5.387126e-06	-1.009216e-09	-3.735598e+01	-6.517080e+01
7.140000e-06	-5.397365e-06	-1.008012e-09	-3.742698e+01	-6.512970e+01
7.150000e-06	-5.407369e-06	-1.005387e-09	-3.749635e+01	-6.508911e+01
7.160000e-06	-5.416970e-06	-1.005021e-09	-3.756293e+01	-6.504948e+01
7.170000e-06	-5.426165e-06	-1.005460e-09	-3.762669e+01	-6.501120e+01
7.180000e-06	-5.435026e-06	-1.004055e-09	-3.768814e+01	-6.497465e+01
7.190000e-06	-5.443609e-06	-1.003163e-09	-3.774765e+01	-6.494013e+01
7.200000e-06	-5.451895e-06	-9.998201e-10	-3.780511e+01	-6.490794e+01
7.210000e-06	-5.459850e-06	-9.962960e-10	-3.786027e+01	-6.487829e+01
7.220000e-06	-5.467507e-06	-9.940840e-10	-3.791337e+01	-6.485135e+01
7.230000e-06	-5.474796e-06	-9.903523e-10	-3.796392e+01	-6.482724e+01
7.240000e-06	-5.481588e-06	-9.870594e-10	-3.801101e+01	-6.480601e+01
7.250000e-06	-5.487815e-06	-9.850392e-10	-3.805419e+01	-6.478765e+01
7.260000e-06	-5.493455e-06	-9.845736e-10	-3.809330e+01	-6.477210e+01
7.270000e-06	-5.498427e-06	-9.825029e-10	-3.812778e+01	-6.475923e+01
7.280000e-06	-5.502856e-06	-9.804725e-10	-3.815849e+01	-6.474889e+01
7.290000e-06	-5.507022e-06	-9.791635e-10	-3.818738e+01	-6.474084e+01
7.300000e-06	-5.510986e-06	-9.784418e-10	-3.821487e+01	-6.473482e+01
7.310000e-06	-5.514717e-06	-9.773094e-10	-3.824074e+01	-6.473053e+01
7.320000e-06	-5.518156e-06	-9.758497e-10	-3.826459e+01	-6.472765e+01
7.330000e-06	-5.521234e-06	-9.751864e-10	-3.828593e+01	-6.472579e+01
7.340000e-06	-5.523921e-06	-9.746697e-10	-3.830456e+01	-6.472459e+01
7.350000e-06	-5.526239e-06	-9.725959e-10	-3.832064e+01	-6.472365e+01
7.360000e-06	-5.528275e-06	-9.692718e-10	-3.833476e+01	-6.472257e+01
7.370000e-06	-5.529952e-06	-9.672807e-10	-3.834638e+01	-6.472095e+01
7.380000e-06	-5.531065e-06	-9.668436e-10	-3.835410e+01	-6.471838e+01
7.390000e-06	-5.531788e-06	-9.642699e-10	-3.835911e+01	-6.471447e+01
7.400000e-06	-5.532270e-06	-9.603702e-10	-3.836246e+01	-6.470886e+01
