# Temperatura_=_11.23
# Concentracion g/m^3_=_1620.0
# C_Vs_to_Am_M_A/Vsm_=_65563218390.804596
# pendiente_HvsI_1/m_=_3716.3
# ordenada_HvsI_A/m_=_1297.0
# frecuencia_Hz_=_135102.30102276738

Tiempo_(s)	Campo_(V.s)	Magnetizacion_(V.s)	Campo_(kA/m)	Magnetizacion_(A/m)
0.000000e+00	-5.532763e-06	-1.420803e-09	-3.838262e+01	-9.559579e+01
1.000000e-08	-5.532923e-06	-1.418036e-09	-3.838372e+01	-9.558404e+01
2.000000e-08	-5.532836e-06	-1.415286e-09	-3.838312e+01	-9.557113e+01
3.000000e-08	-5.532447e-06	-1.414581e-09	-3.838042e+01	-9.555696e+01
4.000000e-08	-5.531642e-06	-1.413874e-09	-3.837483e+01	-9.554146e+01
5.000000e-08	-5.530251e-06	-1.410879e-09	-3.836519e+01	-9.552456e+01
6.000000e-08	-5.528203e-06	-1.411009e-09	-3.835098e+01	-9.550620e+01
7.000000e-08	-5.525541e-06	-1.418074e-09	-3.833251e+01	-9.548631e+01
8.000000e-08	-5.522335e-06	-1.427383e-09	-3.831027e+01	-9.546483e+01
9.000000e-08	-5.518637e-06	-1.419602e-09	-3.828462e+01	-9.544172e+01
1.000000e-07	-5.514525e-06	-1.383885e-09	-3.825609e+01	-9.541690e+01
1.100000e-07	-5.510146e-06	-1.358263e-09	-3.822571e+01	-9.539032e+01
1.200000e-07	-5.505630e-06	-1.390901e-09	-3.819438e+01	-9.536190e+01
1.300000e-07	-5.500791e-06	-1.425471e-09	-3.816081e+01	-9.533155e+01
1.400000e-07	-5.495456e-06	-1.410830e-09	-3.812380e+01	-9.529916e+01
1.500000e-07	-5.489774e-06	-1.377804e-09	-3.808439e+01	-9.526460e+01
1.600000e-07	-5.483810e-06	-1.398066e-09	-3.804301e+01	-9.522774e+01
1.700000e-07	-5.477427e-06	-1.422185e-09	-3.799873e+01	-9.518840e+01
1.800000e-07	-5.470575e-06	-1.398860e-09	-3.795119e+01	-9.514639e+01
1.900000e-07	-5.463367e-06	-1.382092e-09	-3.790119e+01	-9.510149e+01
2.000000e-07	-5.455844e-06	-1.411696e-09	-3.784900e+01	-9.505345e+01
2.100000e-07	-5.447975e-06	-1.447318e-09	-3.779441e+01	-9.500200e+01
2.200000e-07	-5.439871e-06	-1.442212e-09	-3.773819e+01	-9.494685e+01
2.300000e-07	-5.431623e-06	-1.420394e-09	-3.768097e+01	-9.488770e+01
2.400000e-07	-5.422941e-06	-1.411099e-09	-3.762074e+01	-9.482420e+01
2.500000e-07	-5.413543e-06	-1.420825e-09	-3.755555e+01	-9.475603e+01
2.600000e-07	-5.403519e-06	-1.417400e-09	-3.748600e+01	-9.468284e+01
2.700000e-07	-5.392971e-06	-1.403530e-09	-3.741283e+01	-9.460428e+01
2.800000e-07	-5.381868e-06	-1.398328e-09	-3.733580e+01	-9.452001e+01
2.900000e-07	-5.370285e-06	-1.412134e-09	-3.725545e+01	-9.442971e+01
3.000000e-07	-5.358370e-06	-1.412843e-09	-3.717279e+01	-9.433307e+01
3.100000e-07	-5.346022e-06	-1.398259e-09	-3.708713e+01	-9.422979e+01
3.200000e-07	-5.333166e-06	-1.402155e-09	-3.699795e+01	-9.411965e+01
3.300000e-07	-5.319964e-06	-1.422714e-09	-3.690636e+01	-9.400242e+01
3.400000e-07	-5.306456e-06	-1.412176e-09	-3.681265e+01	-9.387794e+01
3.500000e-07	-5.292461e-06	-1.386388e-09	-3.671556e+01	-9.374610e+01
3.600000e-07	-5.277958e-06	-1.394255e-09	-3.661495e+01	-9.360685e+01
3.700000e-07	-5.263073e-06	-1.413707e-09	-3.651168e+01	-9.346018e+01
3.800000e-07	-5.247673e-06	-1.391402e-09	-3.640485e+01	-9.330618e+01
3.900000e-07	-5.231663e-06	-1.380073e-09	-3.629378e+01	-9.314496e+01
4.000000e-07	-5.215166e-06	-1.404234e-09	-3.617934e+01	-9.297674e+01
4.100000e-07	-5.198359e-06	-1.395998e-09	-3.606274e+01	-9.280178e+01
4.200000e-07	-5.181252e-06	-1.359309e-09	-3.594406e+01	-9.262040e+01
4.300000e-07	-5.163822e-06	-1.377073e-09	-3.582315e+01	-9.243299e+01
4.400000e-07	-5.146125e-06	-1.401752e-09	-3.570038e+01	-9.224001e+01
4.500000e-07	-5.128082e-06	-1.357725e-09	-3.557520e+01	-9.204193e+01
4.600000e-07	-5.109553e-06	-1.339186e-09	-3.544667e+01	-9.183930e+01
4.700000e-07	-5.090634e-06	-1.379865e-09	-3.531542e+01	-9.163269e+01
4.800000e-07	-5.071423e-06	-1.371194e-09	-3.518215e+01	-9.142270e+01
4.900000e-07	-5.051871e-06	-1.329133e-09	-3.504650e+01	-9.120994e+01
5.000000e-07	-5.032082e-06	-1.354483e-09	-3.490922e+01	-9.099504e+01
5.100000e-07	-5.012085e-06	-1.372080e-09	-3.477050e+01	-9.077861e+01
5.200000e-07	-4.991744e-06	-1.333680e-09	-3.462938e+01	-9.056126e+01
5.300000e-07	-4.971029e-06	-1.336717e-09	-3.448568e+01	-9.034356e+01
5.400000e-07	-4.950022e-06	-1.365130e-09	-3.433995e+01	-9.012608e+01
5.500000e-07	-4.928688e-06	-1.326619e-09	-3.419194e+01	-8.990931e+01
5.600000e-07	-4.907019e-06	-1.303975e-09	-3.404162e+01	-8.969369e+01
5.700000e-07	-4.885081e-06	-1.340587e-09	-3.388943e+01	-8.947962e+01
5.800000e-07	-4.862789e-06	-1.334232e-09	-3.373478e+01	-8.926743e+01
5.900000e-07	-4.840020e-06	-1.296676e-09	-3.357683e+01	-8.905735e+01
6.000000e-07	-4.816898e-06	-1.312618e-09	-3.341642e+01	-8.884956e+01
6.100000e-07	-4.793542e-06	-1.320891e-09	-3.325439e+01	-8.864414e+01
6.200000e-07	-4.769925e-06	-1.289891e-09	-3.309055e+01	-8.844111e+01
6.300000e-07	-4.746099e-06	-1.290504e-09	-3.292527e+01	-8.824038e+01
6.400000e-07	-4.722095e-06	-1.309525e-09	-3.275874e+01	-8.804179e+01
6.500000e-07	-4.697650e-06	-1.291314e-09	-3.258916e+01	-8.784511e+01
6.600000e-07	-4.672650e-06	-1.281172e-09	-3.241572e+01	-8.765003e+01
6.700000e-07	-4.647255e-06	-1.294767e-09	-3.223955e+01	-8.745616e+01
6.800000e-07	-4.621429e-06	-1.286214e-09	-3.206039e+01	-8.726307e+01
6.900000e-07	-4.595050e-06	-1.273060e-09	-3.187739e+01	-8.707025e+01
7.000000e-07	-4.568096e-06	-1.280909e-09	-3.169040e+01	-8.687718e+01
7.100000e-07	-4.540795e-06	-1.278571e-09	-3.150101e+01	-8.668327e+01
7.200000e-07	-4.513314e-06	-1.266072e-09	-3.131036e+01	-8.648793e+01
7.300000e-07	-4.485611e-06	-1.268345e-09	-3.111817e+01	-8.629054e+01
7.400000e-07	-4.457700e-06	-1.267767e-09	-3.092454e+01	-8.609049e+01
7.500000e-07	-4.429569e-06	-1.257870e-09	-3.072939e+01	-8.588717e+01
7.600000e-07	-4.401173e-06	-1.257562e-09	-3.053240e+01	-8.567999e+01
7.700000e-07	-4.372401e-06	-1.260290e-09	-3.033280e+01	-8.546838e+01
7.800000e-07	-4.343310e-06	-1.252483e-09	-3.013098e+01	-8.525183e+01
7.900000e-07	-4.313957e-06	-1.247882e-09	-2.992735e+01	-8.502984e+01
8.000000e-07	-4.284306e-06	-1.245492e-09	-2.972165e+01	-8.480198e+01
8.100000e-07	-4.254345e-06	-1.236263e-09	-2.951380e+01	-8.456789e+01
8.200000e-07	-4.224065e-06	-1.232342e-09	-2.930374e+01	-8.432725e+01
8.300000e-07	-4.193534e-06	-1.238642e-09	-2.909193e+01	-8.407981e+01
8.400000e-07	-4.162634e-06	-1.235839e-09	-2.887758e+01	-8.382541e+01
8.500000e-07	-4.131406e-06	-1.228504e-09	-2.866093e+01	-8.356394e+01
8.600000e-07	-4.099960e-06	-1.228167e-09	-2.844279e+01	-8.329535e+01
8.700000e-07	-4.068336e-06	-1.224408e-09	-2.822339e+01	-8.301967e+01
8.800000e-07	-4.036619e-06	-1.212597e-09	-2.800337e+01	-8.273699e+01
8.900000e-07	-4.004745e-06	-1.207649e-09	-2.778225e+01	-8.244747e+01
9.000000e-07	-3.972553e-06	-1.205030e-09	-2.755892e+01	-8.215129e+01
9.100000e-07	-3.940062e-06	-1.196446e-09	-2.733352e+01	-8.184871e+01
9.200000e-07	-3.907327e-06	-1.192556e-09	-2.710642e+01	-8.154001e+01
9.300000e-07	-3.874213e-06	-1.193740e-09	-2.687670e+01	-8.122551e+01
9.400000e-07	-3.840539e-06	-1.187137e-09	-2.664310e+01	-8.090556e+01
9.500000e-07	-3.806374e-06	-1.178724e-09	-2.640608e+01	-8.058051e+01
9.600000e-07	-3.771867e-06	-1.174326e-09	-2.616669e+01	-8.025072e+01
9.700000e-07	-3.736990e-06	-1.166065e-09	-2.592474e+01	-7.991657e+01
9.800000e-07	-3.701735e-06	-1.153544e-09	-2.568017e+01	-7.957840e+01
9.900000e-07	-3.666212e-06	-1.147571e-09	-2.543373e+01	-7.923655e+01
1.000000e-06	-3.630494e-06	-1.144356e-09	-2.518594e+01	-7.889134e+01
1.010000e-06	-3.594631e-06	-1.136863e-09	-2.493715e+01	-7.854307e+01
1.020000e-06	-3.558652e-06	-1.132730e-09	-2.468755e+01	-7.819198e+01
1.030000e-06	-3.522519e-06	-1.132738e-09	-2.443688e+01	-7.783828e+01
1.040000e-06	-3.486202e-06	-1.128401e-09	-2.418494e+01	-7.748217e+01
1.050000e-06	-3.449612e-06	-1.119698e-09	-2.393110e+01	-7.712377e+01
1.060000e-06	-3.412725e-06	-1.112541e-09	-2.367521e+01	-7.676316e+01
1.070000e-06	-3.375598e-06	-1.104488e-09	-2.341764e+01	-7.640040e+01
1.080000e-06	-3.338199e-06	-1.095594e-09	-2.315820e+01	-7.603549e+01
1.090000e-06	-3.300529e-06	-1.092187e-09	-2.289686e+01	-7.566837e+01
1.100000e-06	-3.262651e-06	-1.090213e-09	-2.263409e+01	-7.529898e+01
1.110000e-06	-3.224552e-06	-1.083165e-09	-2.236979e+01	-7.492719e+01
1.120000e-06	-3.186286e-06	-1.078062e-09	-2.210432e+01	-7.455287e+01
1.130000e-06	-3.147865e-06	-1.073992e-09	-2.183778e+01	-7.417582e+01
1.140000e-06	-3.109124e-06	-1.068436e-09	-2.156903e+01	-7.379585e+01
1.150000e-06	-3.070141e-06	-1.063055e-09	-2.129858e+01	-7.341275e+01
1.160000e-06	-3.031012e-06	-1.058809e-09	-2.102714e+01	-7.302628e+01
1.170000e-06	-2.991687e-06	-1.052361e-09	-2.075433e+01	-7.263621e+01
1.180000e-06	-2.952241e-06	-1.043880e-09	-2.048068e+01	-7.224228e+01
1.190000e-06	-2.912644e-06	-1.036937e-09	-2.020598e+01	-7.184427e+01
1.200000e-06	-2.872865e-06	-1.030288e-09	-1.993002e+01	-7.144193e+01
1.210000e-06	-2.832949e-06	-1.023006e-09	-1.965311e+01	-7.103503e+01
1.220000e-06	-2.792912e-06	-1.017084e-09	-1.937536e+01	-7.062337e+01
1.230000e-06	-2.752693e-06	-1.010515e-09	-1.909635e+01	-7.020673e+01
1.240000e-06	-2.712309e-06	-1.002246e-09	-1.881619e+01	-6.978495e+01
1.250000e-06	-2.671741e-06	-9.973636e-10	-1.853475e+01	-6.935784e+01
1.260000e-06	-2.630958e-06	-9.957440e-10	-1.825183e+01	-6.892526e+01
1.270000e-06	-2.589911e-06	-9.908370e-10	-1.796707e+01	-6.848708e+01
1.280000e-06	-2.548461e-06	-9.828105e-10	-1.767952e+01	-6.804319e+01
1.290000e-06	-2.506698e-06	-9.750626e-10	-1.738979e+01	-6.759348e+01
1.300000e-06	-2.464694e-06	-9.665529e-10	-1.709840e+01	-6.713788e+01
1.310000e-06	-2.422414e-06	-9.560824e-10	-1.680509e+01	-6.667630e+01
1.320000e-06	-2.379804e-06	-9.477410e-10	-1.650949e+01	-6.620869e+01
1.330000e-06	-2.336861e-06	-9.430244e-10	-1.621158e+01	-6.573497e+01
1.340000e-06	-2.293722e-06	-9.382993e-10	-1.591231e+01	-6.525509e+01
1.350000e-06	-2.250429e-06	-9.324930e-10	-1.561197e+01	-6.476899e+01
1.360000e-06	-2.206923e-06	-9.242677e-10	-1.531016e+01	-6.427660e+01
1.370000e-06	-2.163300e-06	-9.146843e-10	-1.500753e+01	-6.377783e+01
1.380000e-06	-2.119568e-06	-9.042279e-10	-1.470415e+01	-6.327259e+01
1.390000e-06	-2.075696e-06	-8.941987e-10	-1.439979e+01	-6.276078e+01
1.400000e-06	-2.031744e-06	-8.876504e-10	-1.409489e+01	-6.224225e+01
1.410000e-06	-1.987754e-06	-8.820166e-10	-1.378971e+01	-6.171686e+01
1.420000e-06	-1.943760e-06	-8.763689e-10	-1.348451e+01	-6.118442e+01
1.430000e-06	-1.899679e-06	-8.671973e-10	-1.317870e+01	-6.064472e+01
1.440000e-06	-1.855472e-06	-8.547639e-10	-1.287203e+01	-6.009752e+01
1.450000e-06	-1.811196e-06	-8.399912e-10	-1.256487e+01	-5.954254e+01
1.460000e-06	-1.766872e-06	-8.240992e-10	-1.225738e+01	-5.897948e+01
1.470000e-06	-1.722390e-06	-8.134874e-10	-1.194879e+01	-5.840798e+01
1.480000e-06	-1.677680e-06	-8.097636e-10	-1.163862e+01	-5.782766e+01
1.490000e-06	-1.632819e-06	-8.069033e-10	-1.132741e+01	-5.723811e+01
1.500000e-06	-1.587834e-06	-7.995410e-10	-1.101533e+01	-5.663886e+01
1.510000e-06	-1.542727e-06	-7.886890e-10	-1.070241e+01	-5.602943e+01
1.520000e-06	-1.497433e-06	-7.756793e-10	-1.038819e+01	-5.540929e+01
1.530000e-06	-1.452032e-06	-7.627877e-10	-1.007323e+01	-5.477786e+01
1.540000e-06	-1.406664e-06	-7.523761e-10	-9.758495e+00	-5.413454e+01
1.550000e-06	-1.361280e-06	-7.453161e-10	-9.443652e+00	-5.347870e+01
1.560000e-06	-1.315799e-06	-7.387612e-10	-9.128136e+00	-5.280965e+01
1.570000e-06	-1.270199e-06	-7.286501e-10	-8.811789e+00	-5.212670e+01
1.580000e-06	-1.224523e-06	-7.141314e-10	-8.494923e+00	-5.142911e+01
1.590000e-06	-1.178756e-06	-7.009746e-10	-8.177421e+00	-5.071609e+01
1.600000e-06	-1.132862e-06	-6.894048e-10	-7.859041e+00	-4.998685e+01
1.610000e-06	-1.086872e-06	-6.795011e-10	-7.539990e+00	-4.924056e+01
1.620000e-06	-1.040783e-06	-6.711779e-10	-7.220259e+00	-4.847636e+01
1.630000e-06	-9.945624e-07	-6.631697e-10	-6.899609e+00	-4.769336e+01
1.640000e-06	-9.482986e-07	-6.539597e-10	-6.578662e+00	-4.689065e+01
1.650000e-06	-9.020628e-07	-6.411966e-10	-6.257909e+00	-4.606732e+01
1.660000e-06	-8.557471e-07	-6.256924e-10	-5.936602e+00	-4.522241e+01
1.670000e-06	-8.093487e-07	-6.080122e-10	-5.614720e+00	-4.435497e+01
1.680000e-06	-7.628951e-07	-5.899901e-10	-5.292456e+00	-4.346402e+01
1.690000e-06	-7.164192e-07	-5.738112e-10	-4.970038e+00	-4.254859e+01
1.700000e-06	-6.699340e-07	-5.581307e-10	-4.647555e+00	-4.160770e+01
1.710000e-06	-6.233489e-07	-5.444191e-10	-4.324378e+00	-4.064039e+01
1.720000e-06	-5.766871e-07	-5.325987e-10	-4.000670e+00	-3.964571e+01
1.730000e-06	-5.300206e-07	-5.187176e-10	-3.676929e+00	-3.862271e+01
1.740000e-06	-4.833246e-07	-5.015630e-10	-3.352983e+00	-3.757049e+01
1.750000e-06	-4.365661e-07	-4.815070e-10	-3.028604e+00	-3.648817e+01
1.760000e-06	-3.898049e-07	-4.609908e-10	-2.704206e+00	-3.537493e+01
1.770000e-06	-3.430265e-07	-4.425018e-10	-2.379689e+00	-3.422999e+01
1.780000e-06	-2.962362e-07	-4.269084e-10	-2.055089e+00	-3.305266e+01
1.790000e-06	-2.493749e-07	-4.120228e-10	-1.729997e+00	-3.184231e+01
1.800000e-06	-2.024664e-07	-3.959444e-10	-1.404576e+00	-3.059839e+01
1.810000e-06	-1.555678e-07	-3.784637e-10	-1.079226e+00	-2.932045e+01
1.820000e-06	-1.086598e-07	-3.593617e-10	-7.538089e-01	-2.800817e+01
1.830000e-06	-6.174911e-08	-3.403240e-10	-4.283741e-01	-2.666133e+01
1.840000e-06	-1.481820e-08	-3.209195e-10	-1.027988e-01	-2.527983e+01
1.850000e-06	3.207128e-08	-2.998359e-10	2.224891e-01	-2.386373e+01
1.860000e-06	7.891398e-08	-2.785892e-10	5.474525e-01	-2.241323e+01
1.870000e-06	1.257497e-07	-2.577832e-10	8.723672e-01	-2.092868e+01
1.880000e-06	1.726417e-07	-2.376369e-10	1.197673e+00	-1.941060e+01
1.890000e-06	2.196326e-07	-2.166767e-10	1.523664e+00	-1.785966e+01
1.900000e-06	2.665097e-07	-1.959540e-10	1.848866e+00	-1.627672e+01
1.910000e-06	3.133364e-07	-1.748269e-10	2.173718e+00	-1.466281e+01
1.920000e-06	3.602672e-07	-1.533533e-10	2.499293e+00	-1.301911e+01
1.930000e-06	4.071723e-07	-1.326448e-10	2.824689e+00	-1.134699e+01
1.940000e-06	4.540139e-07	-1.103902e-10	3.149645e+00	-9.648003e+00
1.950000e-06	5.007494e-07	-8.603214e-11	3.473865e+00	-7.923837e+00
1.960000e-06	5.473931e-07	-6.296469e-11	3.797447e+00	-6.176348e+00
1.970000e-06	5.940921e-07	-4.098496e-11	4.121414e+00	-4.407541e+00
1.980000e-06	6.407397e-07	-1.878914e-11	4.445024e+00	-2.619553e+00
1.990000e-06	6.871934e-07	5.555340e-12	4.767289e+00	-8.146473e-01
2.000000e-06	7.335627e-07	3.265668e-11	5.088968e+00	1.004805e+00
2.010000e-06	7.798866e-07	6.236875e-11	5.410332e+00	2.836339e+00
2.020000e-06	8.261707e-07	9.292486e-11	5.731421e+00	4.677411e+00
2.030000e-06	8.724484e-07	1.199134e-10	6.052464e+00	6.525419e+00
2.040000e-06	9.186698e-07	1.418119e-10	6.373117e+00	8.377722e+00
2.050000e-06	9.648298e-07	1.628242e-10	6.693345e+00	1.023166e+01
2.060000e-06	1.010994e-06	1.854403e-10	7.013604e+00	1.208456e+01
2.070000e-06	1.057039e-06	2.095250e-10	7.333029e+00	1.393377e+01
2.080000e-06	1.103010e-06	2.372980e-10	7.651948e+00	1.577670e+01
2.090000e-06	1.148966e-06	2.675471e-10	7.970758e+00	1.761078e+01
2.100000e-06	1.194741e-06	2.970751e-10	8.288312e+00	1.943354e+01
2.110000e-06	1.240371e-06	3.240303e-10	8.604868e+00	2.124259e+01
2.120000e-06	1.285941e-06	3.473731e-10	8.920996e+00	2.303564e+01
2.130000e-06	1.331506e-06	3.669558e-10	9.237102e+00	2.481054e+01
2.140000e-06	1.377083e-06	3.858750e-10	9.553279e+00	2.656527e+01
2.150000e-06	1.422512e-06	4.078409e-10	9.868440e+00	2.829794e+01
2.160000e-06	1.467795e-06	4.342781e-10	1.018258e+01	3.000683e+01
2.170000e-06	1.513010e-06	4.619394e-10	1.049625e+01	3.169037e+01
2.180000e-06	1.558068e-06	4.874589e-10	1.080883e+01	3.334717e+01
2.190000e-06	1.603033e-06	5.103536e-10	1.112077e+01	3.497600e+01
2.200000e-06	1.647945e-06	5.312273e-10	1.143234e+01	3.657579e+01
2.210000e-06	1.692654e-06	5.487988e-10	1.174250e+01	3.814566e+01
2.220000e-06	1.737161e-06	5.646364e-10	1.205127e+01	3.968487e+01
2.230000e-06	1.781543e-06	5.829880e-10	1.235916e+01	4.119285e+01
2.240000e-06	1.825846e-06	6.027157e-10	1.266650e+01	4.266920e+01
2.250000e-06	1.870084e-06	6.212007e-10	1.297340e+01	4.411363e+01
2.260000e-06	1.914183e-06	6.414677e-10	1.327932e+01	4.552602e+01
2.270000e-06	1.958187e-06	6.621797e-10	1.358459e+01	4.690635e+01
2.280000e-06	2.002160e-06	6.806771e-10	1.388965e+01	4.825472e+01
2.290000e-06	2.046057e-06	6.993072e-10	1.419418e+01	4.957133e+01
2.300000e-06	2.089884e-06	7.189863e-10	1.449822e+01	5.085647e+01
2.310000e-06	2.133643e-06	7.376649e-10	1.480179e+01	5.211051e+01
2.320000e-06	2.177348e-06	7.553972e-10	1.510499e+01	5.333386e+01
2.330000e-06	2.220933e-06	7.721609e-10	1.540735e+01	5.452702e+01
2.340000e-06	2.264304e-06	7.881517e-10	1.570823e+01	5.569050e+01
2.350000e-06	2.307521e-06	8.048490e-10	1.600804e+01	5.682484e+01
2.360000e-06	2.350478e-06	8.218700e-10	1.630604e+01	5.793060e+01
2.370000e-06	2.393151e-06	8.364301e-10	1.660208e+01	5.900837e+01
2.380000e-06	2.435599e-06	8.505649e-10	1.689656e+01	6.005872e+01
2.390000e-06	2.477767e-06	8.647453e-10	1.718909e+01	6.108220e+01
2.400000e-06	2.519643e-06	8.768950e-10	1.747960e+01	6.207940e+01
2.410000e-06	2.561176e-06	8.900133e-10	1.776773e+01	6.305083e+01
2.420000e-06	2.602386e-06	9.046612e-10	1.805362e+01	6.399704e+01
2.430000e-06	2.643365e-06	9.195341e-10	1.833790e+01	6.491852e+01
2.440000e-06	2.684144e-06	9.343568e-10	1.862080e+01	6.581577e+01
2.450000e-06	2.724651e-06	9.477611e-10	1.890181e+01	6.668923e+01
2.460000e-06	2.764840e-06	9.587388e-10	1.918061e+01	6.753936e+01
2.470000e-06	2.804839e-06	9.686999e-10	1.945810e+01	6.836659e+01
2.480000e-06	2.844774e-06	9.780427e-10	1.973514e+01	6.917132e+01
2.490000e-06	2.884597e-06	9.883921e-10	2.001141e+01	6.995396e+01
2.500000e-06	2.924257e-06	1.000482e-09	2.028654e+01	7.071489e+01
2.510000e-06	2.963824e-06	1.012755e-09	2.056103e+01	7.145452e+01
2.520000e-06	3.003257e-06	1.023227e-09	2.083459e+01	7.217322e+01
2.530000e-06	3.042450e-06	1.031880e-09	2.110649e+01	7.287139e+01
2.540000e-06	3.081404e-06	1.039299e-09	2.137672e+01	7.354943e+01
2.550000e-06	3.120145e-06	1.046215e-09	2.164548e+01	7.420774e+01
2.560000e-06	3.158645e-06	1.053308e-09	2.191257e+01	7.484675e+01
2.570000e-06	3.196931e-06	1.062271e-09	2.217817e+01	7.546688e+01
2.580000e-06	3.235051e-06	1.070757e-09	2.244262e+01	7.606858e+01
2.590000e-06	3.272900e-06	1.078284e-09	2.270519e+01	7.665231e+01
2.600000e-06	3.310578e-06	1.086930e-09	2.296658e+01	7.721857e+01
2.610000e-06	3.348112e-06	1.094302e-09	2.322696e+01	7.776783e+01
2.620000e-06	3.385331e-06	1.099913e-09	2.348517e+01	7.830060e+01
2.630000e-06	3.422248e-06	1.106364e-09	2.374127e+01	7.881741e+01
2.640000e-06	3.458902e-06	1.114156e-09	2.399555e+01	7.931878e+01
2.650000e-06	3.495278e-06	1.122256e-09	2.424791e+01	7.980524e+01
2.660000e-06	3.531480e-06	1.130902e-09	2.449905e+01	8.027733e+01
2.670000e-06	3.567563e-06	1.138538e-09	2.474937e+01	8.073558e+01
2.680000e-06	3.603494e-06	1.144751e-09	2.499863e+01	8.118052e+01
2.690000e-06	3.639297e-06	1.151170e-09	2.524701e+01	8.161268e+01
2.700000e-06	3.674947e-06	1.157399e-09	2.549433e+01	8.203256e+01
2.710000e-06	3.710391e-06	1.162418e-09	2.574021e+01	8.244065e+01
2.720000e-06	3.745575e-06	1.169074e-09	2.598430e+01	8.283742e+01
2.730000e-06	3.780346e-06	1.176265e-09	2.622552e+01	8.322334e+01
2.740000e-06	3.814647e-06	1.181719e-09	2.646347e+01	8.359882e+01
2.750000e-06	3.848626e-06	1.186659e-09	2.669920e+01	8.396426e+01
2.760000e-06	3.882276e-06	1.191589e-09	2.693264e+01	8.432005e+01
2.770000e-06	3.915440e-06	1.196960e-09	2.716271e+01	8.466653e+01
2.780000e-06	3.948159e-06	1.203090e-09	2.738969e+01	8.500402e+01
2.790000e-06	3.980545e-06	1.211332e-09	2.761437e+01	8.533282e+01
2.800000e-06	4.012674e-06	1.217647e-09	2.783725e+01	8.565319e+01
2.810000e-06	4.044587e-06	1.221413e-09	2.805864e+01	8.596538e+01
2.820000e-06	4.076321e-06	1.225070e-09	2.827879e+01	8.626962e+01
2.830000e-06	4.107883e-06	1.228628e-09	2.849775e+01	8.656612e+01
2.840000e-06	4.139201e-06	1.231987e-09	2.871501e+01	8.685507e+01
2.850000e-06	4.170229e-06	1.236129e-09	2.893026e+01	8.713666e+01
2.860000e-06	4.200971e-06	1.243089e-09	2.914353e+01	8.741106e+01
2.870000e-06	4.231353e-06	1.250800e-09	2.935430e+01	8.767846e+01
2.880000e-06	4.261405e-06	1.254396e-09	2.956278e+01	8.793902e+01
2.890000e-06	4.291216e-06	1.257429e-09	2.976959e+01	8.819293e+01
2.900000e-06	4.320759e-06	1.262991e-09	2.997454e+01	8.844037e+01
2.910000e-06	4.349967e-06	1.269077e-09	3.017716e+01	8.868153e+01
2.920000e-06	4.378867e-06	1.272751e-09	3.037766e+01	8.891663e+01
2.930000e-06	4.407556e-06	1.274054e-09	3.057668e+01	8.914588e+01
2.940000e-06	4.435942e-06	1.277182e-09	3.077360e+01	8.936951e+01
2.950000e-06	4.464071e-06	1.280420e-09	3.096874e+01	8.958777e+01
2.960000e-06	4.492007e-06	1.283832e-09	3.116254e+01	8.980091e+01
2.970000e-06	4.519770e-06	1.287915e-09	3.135514e+01	9.000922e+01
2.980000e-06	4.547383e-06	1.290650e-09	3.154670e+01	9.021296e+01
2.990000e-06	4.574637e-06	1.294503e-09	3.173577e+01	9.041243e+01
3.000000e-06	4.601483e-06	1.300130e-09	3.192202e+01	9.060791e+01
3.010000e-06	4.627872e-06	1.303365e-09	3.210509e+01	9.079969e+01
3.020000e-06	4.653638e-06	1.305591e-09	3.228383e+01	9.098806e+01
3.030000e-06	4.678906e-06	1.307001e-09	3.245912e+01	9.117330e+01
3.040000e-06	4.703753e-06	1.308594e-09	3.263150e+01	9.135566e+01
3.050000e-06	4.728180e-06	1.311916e-09	3.280095e+01	9.153538e+01
3.060000e-06	4.752240e-06	1.317097e-09	3.296787e+01	9.171270e+01
3.070000e-06	4.776040e-06	1.323311e-09	3.313298e+01	9.188779e+01
3.080000e-06	4.799627e-06	1.327684e-09	3.329660e+01	9.206082e+01
3.090000e-06	4.822883e-06	1.328410e-09	3.345794e+01	9.223192e+01
3.100000e-06	4.845805e-06	1.329203e-09	3.361695e+01	9.240116e+01
3.110000e-06	4.868372e-06	1.332731e-09	3.377351e+01	9.256859e+01
3.120000e-06	4.890579e-06	1.337090e-09	3.392757e+01	9.273423e+01
3.130000e-06	4.912471e-06	1.340699e-09	3.407944e+01	9.289801e+01
3.140000e-06	4.934056e-06	1.343773e-09	3.422919e+01	9.305985e+01
3.150000e-06	4.955348e-06	1.347287e-09	3.437689e+01	9.321964e+01
3.160000e-06	4.976291e-06	1.349459e-09	3.452218e+01	9.337719e+01
3.170000e-06	4.996865e-06	1.352178e-09	3.466491e+01	9.353230e+01
3.180000e-06	5.017134e-06	1.356688e-09	3.480553e+01	9.368473e+01
3.190000e-06	5.037176e-06	1.362558e-09	3.494456e+01	9.383420e+01
3.200000e-06	5.056971e-06	1.368787e-09	3.508189e+01	9.398042e+01
3.210000e-06	5.076453e-06	1.371429e-09	3.521704e+01	9.412308e+01
3.220000e-06	5.095582e-06	1.373344e-09	3.534975e+01	9.426184e+01
3.230000e-06	5.114320e-06	1.374246e-09	3.547974e+01	9.439637e+01
3.240000e-06	5.132661e-06	1.376530e-09	3.560697e+01	9.452634e+01
3.250000e-06	5.150642e-06	1.380604e-09	3.573171e+01	9.465143e+01
3.260000e-06	5.168231e-06	1.385475e-09	3.585373e+01	9.477132e+01
3.270000e-06	5.185408e-06	1.389904e-09	3.597289e+01	9.488572e+01
3.280000e-06	5.202238e-06	1.392920e-09	3.608965e+01	9.499437e+01
3.290000e-06	5.218815e-06	1.395443e-09	3.620465e+01	9.509705e+01
3.300000e-06	5.235116e-06	1.395255e-09	3.631773e+01	9.519356e+01
3.310000e-06	5.250953e-06	1.395473e-09	3.642760e+01	9.528375e+01
3.320000e-06	5.266226e-06	1.395499e-09	3.653355e+01	9.536753e+01
3.330000e-06	5.280988e-06	1.394092e-09	3.663597e+01	9.544484e+01
3.340000e-06	5.295364e-06	1.395823e-09	3.673569e+01	9.551568e+01
3.350000e-06	5.309398e-06	1.401505e-09	3.683305e+01	9.558011e+01
3.360000e-06	5.323020e-06	1.405101e-09	3.692755e+01	9.563821e+01
3.370000e-06	5.336271e-06	1.406823e-09	3.701948e+01	9.569014e+01
3.380000e-06	5.349119e-06	1.408202e-09	3.710861e+01	9.573610e+01
3.390000e-06	5.361559e-06	1.408892e-09	3.719491e+01	9.577632e+01
3.400000e-06	5.373641e-06	1.407920e-09	3.727873e+01	9.581108e+01
3.410000e-06	5.385368e-06	1.409872e-09	3.736009e+01	9.584070e+01
3.420000e-06	5.396768e-06	1.413909e-09	3.743917e+01	9.586551e+01
3.430000e-06	5.407670e-06	1.417308e-09	3.751480e+01	9.588589e+01
3.440000e-06	5.417875e-06	1.421379e-09	3.758559e+01	9.590220e+01
3.450000e-06	5.427458e-06	1.425954e-09	3.765208e+01	9.591484e+01
3.460000e-06	5.436537e-06	1.428307e-09	3.771506e+01	9.592420e+01
3.470000e-06	5.445121e-06	1.426880e-09	3.777461e+01	9.593068e+01
3.480000e-06	5.453366e-06	1.426159e-09	3.783181e+01	9.593466e+01
3.490000e-06	5.461356e-06	1.426043e-09	3.788724e+01	9.593650e+01
3.500000e-06	5.469010e-06	1.425570e-09	3.794034e+01	9.593654e+01
3.510000e-06	5.476328e-06	1.427465e-09	3.799110e+01	9.593512e+01
3.520000e-06	5.483317e-06	1.431587e-09	3.803959e+01	9.593251e+01
3.530000e-06	5.489987e-06	1.435756e-09	3.808586e+01	9.592898e+01
3.540000e-06	5.496297e-06	1.437977e-09	3.812964e+01	9.592476e+01
3.550000e-06	5.502146e-06	1.438296e-09	3.817021e+01	9.592003e+01
3.560000e-06	5.507580e-06	1.437518e-09	3.820791e+01	9.591495e+01
3.570000e-06	5.512640e-06	1.437574e-09	3.824301e+01	9.590962e+01
3.580000e-06	5.517275e-06	1.439816e-09	3.827517e+01	9.590413e+01
3.590000e-06	5.521546e-06	1.441045e-09	3.830480e+01	9.589853e+01
3.600000e-06	5.525601e-06	1.442811e-09	3.833293e+01	9.589281e+01
3.610000e-06	5.529445e-06	1.446981e-09	3.835960e+01	9.588697e+01
3.620000e-06	5.533012e-06	1.450798e-09	3.838434e+01	9.588097e+01
3.630000e-06	5.536167e-06	1.452621e-09	3.840623e+01	9.587474e+01
3.640000e-06	5.538804e-06	1.452284e-09	3.842452e+01	9.586820e+01
3.650000e-06	5.540883e-06	1.450291e-09	3.843894e+01	9.586125e+01
3.660000e-06	5.542344e-06	1.449498e-09	3.844908e+01	9.585380e+01
3.670000e-06	5.543249e-06	1.452291e-09	3.845536e+01	9.584572e+01
3.680000e-06	5.543736e-06	1.455862e-09	3.845874e+01	9.583690e+01
3.690000e-06	5.543918e-06	1.458462e-09	3.846000e+01	9.582724e+01
3.700000e-06	5.543828e-06	1.461718e-09	3.845938e+01	9.581662e+01
3.710000e-06	5.543416e-06	1.463094e-09	3.845652e+01	9.580493e+01
3.720000e-06	5.542627e-06	1.462558e-09	3.845104e+01	9.579210e+01
3.730000e-06	5.541462e-06	1.462396e-09	3.844296e+01	9.577801e+01
3.740000e-06	5.539966e-06	1.462962e-09	3.843258e+01	9.576260e+01
3.750000e-06	5.538148e-06	1.462483e-09	3.841997e+01	9.574580e+01
3.760000e-06	5.535957e-06	1.457687e-09	3.840477e+01	9.572753e+01
3.770000e-06	5.533448e-06	1.447367e-09	3.838737e+01	9.570775e+01
3.780000e-06	5.530511e-06	1.441289e-09	3.836699e+01	9.568638e+01
3.790000e-06	5.527004e-06	1.473293e-09	3.834266e+01	9.566338e+01
3.800000e-06	5.523026e-06	1.533252e-09	3.831506e+01	9.563868e+01
3.810000e-06	5.518791e-06	1.533307e-09	3.828568e+01	9.561223e+01
3.820000e-06	5.514489e-06	1.483839e-09	3.825584e+01	9.558394e+01
3.830000e-06	5.509932e-06	1.470659e-09	3.822423e+01	9.555372e+01
3.840000e-06	5.504726e-06	1.495323e-09	3.818811e+01	9.552148e+01
3.850000e-06	5.498862e-06	1.491316e-09	3.814743e+01	9.548709e+01
3.860000e-06	5.492799e-06	1.449481e-09	3.810537e+01	9.545040e+01
3.870000e-06	5.486547e-06	1.454610e-09	3.806200e+01	9.541125e+01
3.880000e-06	5.479668e-06	1.504753e-09	3.801427e+01	9.536944e+01
3.890000e-06	5.472164e-06	1.488588e-09	3.796222e+01	9.532477e+01
3.900000e-06	5.464346e-06	1.397815e-09	3.790798e+01	9.527697e+01
3.910000e-06	5.456213e-06	1.383898e-09	3.785156e+01	9.522579e+01
3.920000e-06	5.447530e-06	1.468241e-09	3.779132e+01	9.517094e+01
3.930000e-06	5.438514e-06	1.493935e-09	3.772878e+01	9.511211e+01
3.940000e-06	5.429333e-06	1.423524e-09	3.766508e+01	9.504896e+01
3.950000e-06	5.419724e-06	1.403508e-09	3.759842e+01	9.498117e+01
3.960000e-06	5.409627e-06	1.455077e-09	3.752838e+01	9.490838e+01
3.970000e-06	5.399251e-06	1.458124e-09	3.745639e+01	9.483026e+01
3.980000e-06	5.388616e-06	1.411705e-09	3.738262e+01	9.474646e+01
3.990000e-06	5.377468e-06	1.417501e-09	3.730528e+01	9.465664e+01
4.000000e-06	5.365738e-06	1.460034e-09	3.722391e+01	9.456051e+01
4.010000e-06	5.353714e-06	1.458194e-09	3.714049e+01	9.445778e+01
4.020000e-06	5.341367e-06	1.429020e-09	3.705483e+01	9.434819e+01
4.030000e-06	5.328267e-06	1.438151e-09	3.696396e+01	9.423153e+01
4.040000e-06	5.314648e-06	1.469409e-09	3.686948e+01	9.410764e+01
4.050000e-06	5.300842e-06	1.450800e-09	3.677370e+01	9.397639e+01
4.060000e-06	5.286493e-06	1.410362e-09	3.667416e+01	9.383773e+01
4.070000e-06	5.271456e-06	1.424696e-09	3.656984e+01	9.369166e+01
4.080000e-06	5.255997e-06	1.469710e-09	3.646260e+01	9.353823e+01
4.090000e-06	5.240228e-06	1.434360e-09	3.635320e+01	9.337759e+01
4.100000e-06	5.224019e-06	1.379655e-09	3.624075e+01	9.320992e+01
4.110000e-06	5.207438e-06	1.420379e-09	3.612573e+01	9.303548e+01
4.120000e-06	5.190622e-06	1.461953e-09	3.600907e+01	9.285460e+01
4.130000e-06	5.173483e-06	1.394587e-09	3.589017e+01	9.266765e+01
4.140000e-06	5.155929e-06	1.364420e-09	3.576839e+01	9.247509e+01
4.150000e-06	5.138045e-06	1.433728e-09	3.564433e+01	9.227739e+01
4.160000e-06	5.119886e-06	1.420196e-09	3.551835e+01	9.207509e+01
4.170000e-06	5.101356e-06	1.347507e-09	3.538980e+01	9.186877e+01
4.180000e-06	5.082478e-06	1.396306e-09	3.525884e+01	9.165901e+01
4.190000e-06	5.063273e-06	1.445579e-09	3.512561e+01	9.144643e+01
4.200000e-06	5.043708e-06	1.365708e-09	3.498987e+01	9.123166e+01
4.210000e-06	5.023837e-06	1.347272e-09	3.485202e+01	9.101531e+01
4.220000e-06	5.003771e-06	1.418642e-09	3.471282e+01	9.079798e+01
4.230000e-06	4.983481e-06	1.383120e-09	3.457206e+01	9.058027e+01
4.240000e-06	4.962882e-06	1.335356e-09	3.442916e+01	9.036273e+01
4.250000e-06	4.941996e-06	1.401787e-09	3.428427e+01	9.014585e+01
4.260000e-06	4.920634e-06	1.406302e-09	3.413607e+01	8.993010e+01
4.270000e-06	4.898488e-06	1.339568e-09	3.398244e+01	8.971587e+01
4.280000e-06	4.875674e-06	1.375446e-09	3.382417e+01	8.950348e+01
4.290000e-06	4.852440e-06	1.414551e-09	3.366299e+01	8.929319e+01
4.300000e-06	4.828870e-06	1.355255e-09	3.349947e+01	8.908518e+01
4.310000e-06	4.805098e-06	1.355866e-09	3.333456e+01	8.887954e+01
4.320000e-06	4.781114e-06	1.411998e-09	3.316818e+01	8.867628e+01
4.330000e-06	4.756842e-06	1.384055e-09	3.299979e+01	8.847534e+01
4.340000e-06	4.732250e-06	1.348615e-09	3.282919e+01	8.827656e+01
4.350000e-06	4.707357e-06	1.377331e-09	3.265650e+01	8.807971e+01
4.360000e-06	4.682141e-06	1.371791e-09	3.248157e+01	8.788448e+01
4.370000e-06	4.656544e-06	1.343651e-09	3.230399e+01	8.769050e+01
4.380000e-06	4.630595e-06	1.359032e-09	3.212398e+01	8.749734e+01
4.390000e-06	4.604264e-06	1.365120e-09	3.194130e+01	8.730449e+01
4.400000e-06	4.577583e-06	1.340419e-09	3.175621e+01	8.711144e+01
4.410000e-06	4.550597e-06	1.340410e-09	3.156900e+01	8.691760e+01
4.420000e-06	4.523259e-06	1.347031e-09	3.137935e+01	8.672237e+01
4.430000e-06	4.495610e-06	1.338093e-09	3.118754e+01	8.652515e+01
4.440000e-06	4.467785e-06	1.336345e-09	3.099451e+01	8.632532e+01
4.450000e-06	4.439848e-06	1.340145e-09	3.080070e+01	8.612227e+01
4.460000e-06	4.411688e-06	1.330396e-09	3.060535e+01	8.591541e+01
4.470000e-06	4.383219e-06	1.326409e-09	3.040785e+01	8.570417e+01
4.480000e-06	4.354503e-06	1.326853e-09	3.020863e+01	8.548802e+01
4.490000e-06	4.325435e-06	1.316325e-09	3.000698e+01	8.526647e+01
4.500000e-06	4.295885e-06	1.312671e-09	2.980198e+01	8.503910e+01
4.510000e-06	4.265734e-06	1.319164e-09	2.959282e+01	8.480551e+01
4.520000e-06	4.235036e-06	1.314971e-09	2.937985e+01	8.456540e+01
4.530000e-06	4.203939e-06	1.305396e-09	2.916412e+01	8.431852e+01
4.540000e-06	4.172504e-06	1.304686e-09	2.894604e+01	8.406468e+01
4.550000e-06	4.140808e-06	1.297716e-09	2.872616e+01	8.380377e+01
4.560000e-06	4.108870e-06	1.284170e-09	2.850460e+01	8.353575e+01
4.570000e-06	4.076714e-06	1.286929e-09	2.828152e+01	8.326063e+01
4.580000e-06	4.044439e-06	1.294993e-09	2.805761e+01	8.297851e+01
4.590000e-06	4.011981e-06	1.287400e-09	2.783245e+01	8.268952e+01
4.600000e-06	3.979154e-06	1.280567e-09	2.760471e+01	8.239386e+01
4.610000e-06	3.946071e-06	1.282521e-09	2.737520e+01	8.209178e+01
4.620000e-06	3.912734e-06	1.276010e-09	2.714394e+01	8.178356e+01
4.630000e-06	3.879083e-06	1.267713e-09	2.691048e+01	8.146950e+01
4.640000e-06	3.845196e-06	1.271782e-09	2.667540e+01	8.114997e+01
4.650000e-06	3.811082e-06	1.270419e-09	2.643874e+01	8.082530e+01
4.660000e-06	3.776703e-06	1.260197e-09	2.620024e+01	8.049587e+01
4.670000e-06	3.742060e-06	1.255459e-09	2.595991e+01	8.016204e+01
4.680000e-06	3.707064e-06	1.255853e-09	2.571714e+01	7.982417e+01
4.690000e-06	3.671703e-06	1.247494e-09	2.547182e+01	7.948259e+01
4.700000e-06	3.636139e-06	1.243551e-09	2.522510e+01	7.913763e+01
4.710000e-06	3.600447e-06	1.247669e-09	2.497750e+01	7.878957e+01
4.720000e-06	3.564635e-06	1.243902e-09	2.472906e+01	7.843868e+01
4.730000e-06	3.528662e-06	1.235126e-09	2.447950e+01	7.808517e+01
4.740000e-06	3.492558e-06	1.231902e-09	2.422903e+01	7.772923e+01
4.750000e-06	3.456335e-06	1.224075e-09	2.397774e+01	7.737099e+01
4.760000e-06	3.419962e-06	1.209624e-09	2.372541e+01	7.701054e+01
4.770000e-06	3.383319e-06	1.203347e-09	2.347121e+01	7.664794e+01
4.780000e-06	3.346341e-06	1.206305e-09	2.321468e+01	7.628317e+01
4.790000e-06	3.308996e-06	1.202888e-09	2.295560e+01	7.591622e+01
4.800000e-06	3.271198e-06	1.197390e-09	2.269339e+01	7.554700e+01
4.810000e-06	3.232941e-06	1.194418e-09	2.242799e+01	7.517539e+01
4.820000e-06	3.194232e-06	1.188576e-09	2.215945e+01	7.480126e+01
4.830000e-06	3.155117e-06	1.179857e-09	2.188809e+01	7.442442e+01
4.840000e-06	3.115737e-06	1.174344e-09	2.161490e+01	7.404468e+01
4.850000e-06	3.076190e-06	1.169357e-09	2.134055e+01	7.366182e+01
4.860000e-06	3.036418e-06	1.162309e-09	2.106464e+01	7.327562e+01
4.870000e-06	2.996502e-06	1.159064e-09	2.078773e+01	7.288583e+01
4.880000e-06	2.956451e-06	1.155838e-09	2.050988e+01	7.249221e+01
4.890000e-06	2.916251e-06	1.152140e-09	2.023100e+01	7.209452e+01
4.900000e-06	2.875967e-06	1.148573e-09	1.995154e+01	7.169252e+01
4.910000e-06	2.835549e-06	1.143641e-09	1.967114e+01	7.128599e+01
4.920000e-06	2.795002e-06	1.136519e-09	1.938986e+01	7.087471e+01
4.930000e-06	2.754236e-06	1.131149e-09	1.910705e+01	7.045847e+01
4.940000e-06	2.713205e-06	1.126368e-09	1.882240e+01	7.003709e+01
4.950000e-06	2.671966e-06	1.118906e-09	1.853631e+01	6.961041e+01
4.960000e-06	2.630597e-06	1.110807e-09	1.824932e+01	6.917826e+01
4.970000e-06	2.589060e-06	1.107617e-09	1.796117e+01	6.874053e+01
4.980000e-06	2.547276e-06	1.106420e-09	1.767130e+01	6.829709e+01
4.990000e-06	2.505378e-06	1.101990e-09	1.738064e+01	6.784785e+01
5.000000e-06	2.463436e-06	1.094444e-09	1.708968e+01	6.739272e+01
5.010000e-06	2.421293e-06	1.085805e-09	1.679731e+01	6.693162e+01
5.020000e-06	2.378949e-06	1.075266e-09	1.650356e+01	6.646448e+01
5.030000e-06	2.336496e-06	1.065601e-09	1.620905e+01	6.599125e+01
5.040000e-06	2.293886e-06	1.058464e-09	1.591345e+01	6.551187e+01
5.050000e-06	2.251109e-06	1.053536e-09	1.561669e+01	6.502626e+01
5.060000e-06	2.208076e-06	1.048619e-09	1.531816e+01	6.453437e+01
5.070000e-06	2.164764e-06	1.042919e-09	1.501769e+01	6.403611e+01
5.080000e-06	2.121249e-06	1.035391e-09	1.471581e+01	6.353139e+01
5.090000e-06	2.077640e-06	1.025878e-09	1.441328e+01	6.302010e+01
5.100000e-06	2.033961e-06	1.015421e-09	1.411027e+01	6.250212e+01
5.110000e-06	1.990155e-06	1.007091e-09	1.380636e+01	6.197728e+01
5.120000e-06	1.946253e-06	1.002893e-09	1.350180e+01	6.144541e+01
5.130000e-06	1.902291e-06	9.987338e-10	1.319683e+01	6.090630e+01
5.140000e-06	1.858265e-06	9.935768e-10	1.289140e+01	6.035971e+01
5.150000e-06	1.814217e-06	9.848334e-10	1.258582e+01	5.980537e+01
5.160000e-06	1.770101e-06	9.725739e-10	1.227978e+01	5.924296e+01
5.170000e-06	1.725882e-06	9.593758e-10	1.197301e+01	5.867215e+01
5.180000e-06	1.681618e-06	9.479762e-10	1.166594e+01	5.809256e+01
5.190000e-06	1.637316e-06	9.379040e-10	1.135860e+01	5.750377e+01
5.200000e-06	1.592907e-06	9.303509e-10	1.105053e+01	5.690533e+01
5.210000e-06	1.548318e-06	9.258374e-10	1.074120e+01	5.629674e+01
5.220000e-06	1.503599e-06	9.216990e-10	1.043097e+01	5.567748e+01
5.230000e-06	1.458824e-06	9.157983e-10	1.012035e+01	5.504699e+01
5.240000e-06	1.413978e-06	9.059722e-10	9.809233e+00	5.440466e+01
5.250000e-06	1.369003e-06	8.934633e-10	9.497225e+00	5.374986e+01
5.260000e-06	1.323962e-06	8.809030e-10	9.184762e+00	5.308192e+01
5.270000e-06	1.278937e-06	8.701169e-10	8.872411e+00	5.240014e+01
5.280000e-06	1.233764e-06	8.598163e-10	8.559030e+00	5.170376e+01
5.290000e-06	1.188376e-06	8.496539e-10	8.244160e+00	5.099204e+01
5.300000e-06	1.142814e-06	8.411908e-10	7.928077e+00	5.026416e+01
5.310000e-06	1.097129e-06	8.333140e-10	7.611145e+00	4.951929e+01
5.320000e-06	1.051338e-06	8.234191e-10	7.293478e+00	4.875659e+01
5.330000e-06	1.005460e-06	8.103313e-10	6.975212e+00	4.797517e+01
5.340000e-06	9.595856e-07	7.962264e-10	6.656964e+00	4.717412e+01
5.350000e-06	9.136410e-07	7.827873e-10	6.338231e+00	4.635251e+01
5.360000e-06	8.675839e-07	7.696679e-10	6.018717e+00	4.550941e+01
5.370000e-06	8.213741e-07	7.578990e-10	5.698145e+00	4.464386e+01
5.380000e-06	7.751440e-07	7.456953e-10	5.377431e+00	4.375488e+01
5.390000e-06	7.289189e-07	7.323303e-10	5.056753e+00	4.284150e+01
5.400000e-06	6.826398e-07	7.196078e-10	4.735699e+00	4.190275e+01
5.410000e-06	6.363062e-07	7.046624e-10	4.414267e+00	4.093766e+01
5.420000e-06	5.899118e-07	6.863791e-10	4.092414e+00	3.994526e+01
5.430000e-06	5.435108e-07	6.676321e-10	3.770515e+00	3.892463e+01
5.440000e-06	4.970971e-07	6.494764e-10	3.448528e+00	3.787485e+01
5.450000e-06	4.506331e-07	6.304374e-10	3.126191e+00	3.679505e+01
5.460000e-06	4.041606e-07	6.123686e-10	2.803796e+00	3.568439e+01
5.470000e-06	3.576755e-07	5.951049e-10	2.481314e+00	3.454210e+01
5.480000e-06	3.110925e-07	5.774862e-10	2.158152e+00	3.336747e+01
5.490000e-06	2.644615e-07	5.592882e-10	1.834658e+00	3.215987e+01
5.500000e-06	2.177914e-07	5.404035e-10	1.510891e+00	3.091874e+01
5.510000e-06	1.711723e-07	5.206136e-10	1.187479e+00	2.964363e+01
5.520000e-06	1.245956e-07	5.016830e-10	8.643607e-01	2.833419e+01
5.530000e-06	7.805012e-08	4.829097e-10	5.414596e-01	2.699021e+01
5.540000e-06	3.148593e-08	4.620628e-10	2.184284e-01	2.561157e+01
5.550000e-06	-1.520382e-08	4.403423e-10	-1.054739e-01	2.419833e+01
5.560000e-06	-6.185578e-08	4.187947e-10	-4.291141e-01	2.275066e+01
5.570000e-06	-1.083769e-07	3.963719e-10	-7.518467e-01	2.126891e+01
5.580000e-06	-1.549064e-07	3.688742e-10	-1.074637e+00	1.975357e+01
5.590000e-06	-2.014709e-07	3.398343e-10	-1.397671e+00	1.820531e+01
5.600000e-06	-2.480536e-07	3.155286e-10	-1.720830e+00	1.662498e+01
5.610000e-06	-2.946797e-07	2.925462e-10	-2.044291e+00	1.501357e+01
5.620000e-06	-3.412170e-07	2.672868e-10	-2.367136e+00	1.337228e+01
5.630000e-06	-3.876794e-07	2.385212e-10	-2.689461e+00	1.170246e+01
5.640000e-06	-4.341659e-07	2.073367e-10	-3.011953e+00	1.000562e+01
5.650000e-06	-4.806450e-07	1.734081e-10	-3.334394e+00	8.283455e+00
5.660000e-06	-5.271129e-07	1.398242e-10	-3.656757e+00	6.537811e+00
5.670000e-06	-5.735340e-07	1.100055e-10	-3.978796e+00	4.770676e+00
5.680000e-06	-6.198970e-07	8.305309e-11	-4.300431e+00	2.984176e+00
5.690000e-06	-6.662028e-07	5.622353e-11	-4.621670e+00	1.180566e+00
5.700000e-06	-7.124466e-07	2.717760e-11	-4.942479e+00	-6.377922e-01
5.710000e-06	-7.586941e-07	-4.598601e-12	-5.263313e+00	-2.468440e+00
5.720000e-06	-8.049161e-07	-3.829346e-11	-5.583970e+00	-4.308841e+00
5.730000e-06	-8.510446e-07	-7.206819e-11	-5.903979e+00	-6.156397e+00
5.740000e-06	-8.970464e-07	-1.058399e-10	-6.223108e+00	-8.008469e+00
5.750000e-06	-9.429134e-07	-1.366201e-10	-6.541303e+00	-9.862393e+00
5.760000e-06	-9.886800e-07	-1.653997e-10	-6.858801e+00	-1.171551e+01
5.770000e-06	-1.034388e-06	-1.930075e-10	-7.175889e+00	-1.356516e+01
5.780000e-06	-1.080062e-06	-2.215287e-10	-7.492746e+00	-1.540873e+01
5.790000e-06	-1.125652e-06	-2.535648e-10	-7.809022e+00	-1.724367e+01
5.800000e-06	-1.171071e-06	-2.874717e-10	-8.124111e+00	-1.906749e+01
5.810000e-06	-1.216299e-06	-3.219417e-10	-8.437870e+00	-2.087779e+01
5.820000e-06	-1.261455e-06	-3.562317e-10	-8.751130e+00	-2.267229e+01
5.830000e-06	-1.306589e-06	-3.882061e-10	-9.064239e+00	-2.444881e+01
5.840000e-06	-1.351616e-06	-4.160864e-10	-9.376608e+00	-2.620531e+01
5.850000e-06	-1.396540e-06	-4.420251e-10	-9.688265e+00	-2.793992e+01
5.860000e-06	-1.441345e-06	-4.694881e-10	-9.999092e+00	-2.965087e+01
5.870000e-06	-1.486000e-06	-4.965978e-10	-1.030888e+01	-3.133661e+01
5.880000e-06	-1.530585e-06	-5.237153e-10	-1.061818e+01	-3.299571e+01
5.890000e-06	-1.575129e-06	-5.535253e-10	-1.092719e+01	-3.462694e+01
5.900000e-06	-1.619581e-06	-5.841503e-10	-1.123557e+01	-3.622921e+01
5.910000e-06	-1.663927e-06	-6.129687e-10	-1.154322e+01	-3.780162e+01
5.920000e-06	-1.708172e-06	-6.391544e-10	-1.185016e+01	-3.934344e+01
5.930000e-06	-1.752345e-06	-6.626993e-10	-1.215660e+01	-4.085407e+01
5.940000e-06	-1.796438e-06	-6.859285e-10	-1.246249e+01	-4.233309e+01
5.950000e-06	-1.840435e-06	-7.096027e-10	-1.276771e+01	-4.378022e+01
5.960000e-06	-1.884378e-06	-7.345401e-10	-1.307256e+01	-4.519530e+01
5.970000e-06	-1.928269e-06	-7.594786e-10	-1.337704e+01	-4.657833e+01
5.980000e-06	-1.972051e-06	-7.819952e-10	-1.368077e+01	-4.792938e+01
5.990000e-06	-2.015745e-06	-8.029049e-10	-1.398389e+01	-4.924865e+01
6.000000e-06	-2.059347e-06	-8.239014e-10	-1.428637e+01	-5.053642e+01
6.010000e-06	-2.102773e-06	-8.432682e-10	-1.458764e+01	-5.179306e+01
6.020000e-06	-2.146010e-06	-8.622458e-10	-1.488758e+01	-5.301898e+01
6.030000e-06	-2.189075e-06	-8.841451e-10	-1.518634e+01	-5.421466e+01
6.040000e-06	-2.231995e-06	-9.048842e-10	-1.548409e+01	-5.538062e+01
6.050000e-06	-2.274768e-06	-9.249332e-10	-1.578082e+01	-5.651739e+01
6.060000e-06	-2.317394e-06	-9.457050e-10	-1.607653e+01	-5.762554e+01
6.070000e-06	-2.359819e-06	-9.644308e-10	-1.637084e+01	-5.870564e+01
6.080000e-06	-2.402039e-06	-9.807970e-10	-1.666374e+01	-5.975827e+01
6.090000e-06	-2.444137e-06	-9.962959e-10	-1.695579e+01	-6.078400e+01
6.100000e-06	-2.486147e-06	-1.011047e-09	-1.724722e+01	-6.178339e+01
6.110000e-06	-2.527990e-06	-1.025637e-09	-1.753750e+01	-6.275698e+01
6.120000e-06	-2.569608e-06	-1.042011e-09	-1.782622e+01	-6.370530e+01
6.130000e-06	-2.611041e-06	-1.059788e-09	-1.811366e+01	-6.462885e+01
6.140000e-06	-2.652286e-06	-1.076362e-09	-1.839979e+01	-6.552812e+01
6.150000e-06	-2.693299e-06	-1.090726e-09	-1.868431e+01	-6.640357e+01
6.160000e-06	-2.734135e-06	-1.102931e-09	-1.896760e+01	-6.725565e+01
6.170000e-06	-2.774873e-06	-1.113741e-09	-1.925021e+01	-6.808480e+01
6.180000e-06	-2.815415e-06	-1.124349e-09	-1.953147e+01	-6.889141e+01
6.190000e-06	-2.855711e-06	-1.135199e-09	-1.981101e+01	-6.967590e+01
6.200000e-06	-2.895881e-06	-1.148141e-09	-2.008969e+01	-7.043866e+01
6.210000e-06	-2.936029e-06	-1.160826e-09	-2.036821e+01	-7.118007e+01
6.220000e-06	-2.976097e-06	-1.171863e-09	-2.064617e+01	-7.190052e+01
6.230000e-06	-3.015994e-06	-1.181632e-09	-2.092295e+01	-7.260042e+01
6.240000e-06	-3.055670e-06	-1.191257e-09	-2.119819e+01	-7.328014e+01
6.250000e-06	-3.095034e-06	-1.202988e-09	-2.147128e+01	-7.394011e+01
6.260000e-06	-3.134224e-06	-1.215319e-09	-2.174315e+01	-7.458073e+01
6.270000e-06	-3.173212e-06	-1.224831e-09	-2.201362e+01	-7.520244e+01
6.280000e-06	-3.211864e-06	-1.231423e-09	-2.228177e+01	-7.580568e+01
6.290000e-06	-3.250137e-06	-1.239247e-09	-2.254728e+01	-7.639092e+01
6.300000e-06	-3.287927e-06	-1.249030e-09	-2.280944e+01	-7.695864e+01
6.310000e-06	-3.325240e-06	-1.258682e-09	-2.306830e+01	-7.750932e+01
6.320000e-06	-3.362204e-06	-1.270082e-09	-2.332472e+01	-7.804347e+01
6.330000e-06	-3.398979e-06	-1.283540e-09	-2.357984e+01	-7.856162e+01
6.340000e-06	-3.435485e-06	-1.292393e-09	-2.383310e+01	-7.906428e+01
6.350000e-06	-3.471751e-06	-1.297443e-09	-2.408469e+01	-7.955199e+01
6.360000e-06	-3.507885e-06	-1.303317e-09	-2.433536e+01	-8.002528e+01
6.370000e-06	-3.543844e-06	-1.308301e-09	-2.458482e+01	-8.048469e+01
6.380000e-06	-3.579640e-06	-1.313065e-09	-2.483315e+01	-8.093075e+01
6.390000e-06	-3.615286e-06	-1.321122e-09	-2.508044e+01	-8.136397e+01
6.400000e-06	-3.650684e-06	-1.331533e-09	-2.532600e+01	-8.178488e+01
6.410000e-06	-3.685844e-06	-1.342442e-09	-2.556992e+01	-8.219396e+01
6.420000e-06	-3.720779e-06	-1.351075e-09	-2.581228e+01	-8.259168e+01
6.430000e-06	-3.755374e-06	-1.355564e-09	-2.605228e+01	-8.297851e+01
6.440000e-06	-3.789635e-06	-1.357410e-09	-2.628996e+01	-8.335487e+01
6.450000e-06	-3.823677e-06	-1.360920e-09	-2.652611e+01	-8.372116e+01
6.460000e-06	-3.857517e-06	-1.367899e-09	-2.676088e+01	-8.407777e+01
6.470000e-06	-3.891036e-06	-1.373990e-09	-2.699341e+01	-8.442503e+01
6.480000e-06	-3.924218e-06	-1.379559e-09	-2.722360e+01	-8.476329e+01
6.490000e-06	-3.957099e-06	-1.385676e-09	-2.745171e+01	-8.509282e+01
6.500000e-06	-3.989692e-06	-1.390440e-09	-2.767782e+01	-8.541391e+01
6.510000e-06	-4.022122e-06	-1.392880e-09	-2.790280e+01	-8.572680e+01
6.520000e-06	-4.054394e-06	-1.394121e-09	-2.812667e+01	-8.603172e+01
6.530000e-06	-4.086481e-06	-1.398249e-09	-2.834928e+01	-8.632888e+01
6.540000e-06	-4.118380e-06	-1.405560e-09	-2.857057e+01	-8.661848e+01
6.550000e-06	-4.150019e-06	-1.413156e-09	-2.879006e+01	-8.690070e+01
6.560000e-06	-4.181281e-06	-1.419510e-09	-2.900694e+01	-8.717572e+01
6.570000e-06	-4.212163e-06	-1.424011e-09	-2.922117e+01	-8.744372e+01
6.580000e-06	-4.242754e-06	-1.426015e-09	-2.943339e+01	-8.770487e+01
6.590000e-06	-4.272822e-06	-1.426537e-09	-2.964198e+01	-8.795935e+01
6.600000e-06	-4.302259e-06	-1.428503e-09	-2.984620e+01	-8.820734e+01
6.610000e-06	-4.331199e-06	-1.434484e-09	-3.004696e+01	-8.844905e+01
6.620000e-06	-4.359777e-06	-1.442354e-09	-3.024522e+01	-8.868467e+01
6.630000e-06	-4.388104e-06	-1.447188e-09	-3.044174e+01	-8.891442e+01
6.640000e-06	-4.416235e-06	-1.449126e-09	-3.063689e+01	-8.913853e+01
6.650000e-06	-4.444206e-06	-1.448695e-09	-3.083093e+01	-8.935726e+01
6.660000e-06	-4.471962e-06	-1.447297e-09	-3.102349e+01	-8.957084e+01
6.670000e-06	-4.499449e-06	-1.446684e-09	-3.121417e+01	-8.977957e+01
6.680000e-06	-4.526626e-06	-1.448615e-09	-3.140271e+01	-8.998371e+01
6.690000e-06	-4.553487e-06	-1.452412e-09	-3.158905e+01	-9.018354e+01
6.700000e-06	-4.580050e-06	-1.456372e-09	-3.177333e+01	-9.037937e+01
6.710000e-06	-4.606295e-06	-1.461109e-09	-3.195540e+01	-9.057147e+01
6.720000e-06	-4.632196e-06	-1.464962e-09	-3.213508e+01	-9.076014e+01
6.730000e-06	-4.657713e-06	-1.466676e-09	-3.231210e+01	-9.094565e+01
6.740000e-06	-4.682812e-06	-1.466513e-09	-3.248622e+01	-9.112827e+01
6.750000e-06	-4.707573e-06	-1.467460e-09	-3.265799e+01	-9.130823e+01
6.760000e-06	-4.732074e-06	-1.467985e-09	-3.282797e+01	-9.148576e+01
6.770000e-06	-4.756307e-06	-1.468862e-09	-3.299608e+01	-9.166106e+01
6.780000e-06	-4.780333e-06	-1.470648e-09	-3.316276e+01	-9.183428e+01
6.790000e-06	-4.804122e-06	-1.471406e-09	-3.332779e+01	-9.200556e+01
6.800000e-06	-4.827611e-06	-1.472900e-09	-3.349074e+01	-9.217498e+01
6.810000e-06	-4.850757e-06	-1.473399e-09	-3.365131e+01	-9.234259e+01
6.820000e-06	-4.873352e-06	-1.471890e-09	-3.380806e+01	-9.250840e+01
6.830000e-06	-4.895435e-06	-1.471978e-09	-3.396126e+01	-9.267236e+01
6.840000e-06	-4.917100e-06	-1.474083e-09	-3.411156e+01	-9.283440e+01
6.850000e-06	-4.938229e-06	-1.475229e-09	-3.425814e+01	-9.299438e+01
6.860000e-06	-4.958901e-06	-1.475267e-09	-3.440154e+01	-9.315215e+01
6.870000e-06	-4.979293e-06	-1.477239e-09	-3.454301e+01	-9.330750e+01
6.880000e-06	-4.999397e-06	-1.480135e-09	-3.468247e+01	-9.346019e+01
6.890000e-06	-5.019247e-06	-1.481956e-09	-3.482019e+01	-9.360994e+01
6.900000e-06	-5.038905e-06	-1.483618e-09	-3.495656e+01	-9.375647e+01
6.910000e-06	-5.058164e-06	-1.484246e-09	-3.509017e+01	-9.389946e+01
6.920000e-06	-5.077011e-06	-1.483311e-09	-3.522091e+01	-9.403859e+01
6.930000e-06	-5.095566e-06	-1.483145e-09	-3.534963e+01	-9.417351e+01
6.940000e-06	-5.113796e-06	-1.483513e-09	-3.547610e+01	-9.430390e+01
6.950000e-06	-5.131688e-06	-1.482894e-09	-3.560023e+01	-9.442943e+01
6.960000e-06	-5.149253e-06	-1.483592e-09	-3.572208e+01	-9.454979e+01
6.970000e-06	-5.166503e-06	-1.486259e-09	-3.584174e+01	-9.466468e+01
6.980000e-06	-5.183406e-06	-1.488044e-09	-3.595901e+01	-9.477385e+01
6.990000e-06	-5.199936e-06	-1.488859e-09	-3.607368e+01	-9.487705e+01
7.000000e-06	-5.216220e-06	-1.488326e-09	-3.618665e+01	-9.497411e+01
7.010000e-06	-5.232315e-06	-1.484010e-09	-3.629831e+01	-9.506486e+01
7.020000e-06	-5.248053e-06	-1.479680e-09	-3.640749e+01	-9.514920e+01
7.030000e-06	-5.263279e-06	-1.480577e-09	-3.651312e+01	-9.522707e+01
7.040000e-06	-5.277868e-06	-1.483627e-09	-3.661432e+01	-9.529848e+01
7.050000e-06	-5.291878e-06	-1.484973e-09	-3.671151e+01	-9.536346e+01
7.060000e-06	-5.305465e-06	-1.484692e-09	-3.680577e+01	-9.542211e+01
7.070000e-06	-5.318534e-06	-1.482184e-09	-3.689644e+01	-9.547457e+01
7.080000e-06	-5.331106e-06	-1.480217e-09	-3.698365e+01	-9.552105e+01
7.090000e-06	-5.343344e-06	-1.478386e-09	-3.706855e+01	-9.556176e+01
7.100000e-06	-5.355216e-06	-1.476423e-09	-3.715091e+01	-9.559699e+01
7.110000e-06	-5.366700e-06	-1.472822e-09	-3.723058e+01	-9.562705e+01
7.120000e-06	-5.377832e-06	-1.470563e-09	-3.730781e+01	-9.565227e+01
7.130000e-06	-5.388564e-06	-1.473380e-09	-3.738226e+01	-9.567303e+01
7.140000e-06	-5.398909e-06	-1.476430e-09	-3.745402e+01	-9.568969e+01
7.150000e-06	-5.408876e-06	-1.476531e-09	-3.752317e+01	-9.570264e+01
7.160000e-06	-5.418383e-06	-1.475192e-09	-3.758912e+01	-9.571229e+01
7.170000e-06	-5.427496e-06	-1.473132e-09	-3.765234e+01	-9.571902e+01
7.180000e-06	-5.436216e-06	-1.468863e-09	-3.771283e+01	-9.572322e+01
7.190000e-06	-5.444580e-06	-1.465668e-09	-3.777086e+01	-9.572525e+01
7.200000e-06	-5.452763e-06	-1.464322e-09	-3.782763e+01	-9.572545e+01
7.210000e-06	-5.460720e-06	-1.463021e-09	-3.788282e+01	-9.572416e+01
7.220000e-06	-5.468362e-06	-1.462626e-09	-3.793584e+01	-9.572167e+01
7.230000e-06	-5.475650e-06	-1.462000e-09	-3.798640e+01	-9.571824e+01
7.240000e-06	-5.482405e-06	-1.459341e-09	-3.803326e+01	-9.571409e+01
7.250000e-06	-5.488458e-06	-1.456872e-09	-3.807526e+01	-9.570942e+01
7.260000e-06	-5.493906e-06	-1.454862e-09	-3.811305e+01	-9.570439e+01
7.270000e-06	-5.498824e-06	-1.451975e-09	-3.814717e+01	-9.569910e+01
7.280000e-06	-5.503340e-06	-1.449661e-09	-3.817850e+01	-9.569365e+01
7.290000e-06	-5.507641e-06	-1.449245e-09	-3.820833e+01	-9.568808e+01
7.300000e-06	-5.511693e-06	-1.448720e-09	-3.823644e+01	-9.568240e+01
7.310000e-06	-5.515422e-06	-1.445371e-09	-3.826231e+01	-9.567659e+01
7.320000e-06	-5.518754e-06	-1.442054e-09	-3.828543e+01	-9.567063e+01
7.330000e-06	-5.521688e-06	-1.442177e-09	-3.830578e+01	-9.566445e+01
7.340000e-06	-5.524264e-06	-1.442881e-09	-3.832365e+01	-9.565796e+01
7.350000e-06	-5.526521e-06	-1.441403e-09	-3.833931e+01	-9.565108e+01
7.360000e-06	-5.528479e-06	-1.438330e-09	-3.835289e+01	-9.564369e+01
7.370000e-06	-5.530104e-06	-1.435378e-09	-3.836417e+01	-9.563569e+01
7.380000e-06	-5.531277e-06	-1.431522e-09	-3.837230e+01	-9.562697e+01
7.390000e-06	-5.532008e-06	-1.426798e-09	-3.837738e+01	-9.561741e+01
7.400000e-06	-5.532464e-06	-1.423433e-09	-3.838054e+01	-9.560689e+01
